# step t/Te E_u E_b ratio H_c enstrophy j2 cosJB bmean bmax divb BnB Bshell dmass
0 0.000000 1.25000000e-03 1.25000000e-03 1.000000 0.000000 9.169953e-05 1.688788e-04 0.039834 1.191987e-16 1.284320e-01 3.803235e-16 0.507191 0.913241 0.000000e+00
16 0.010417 8.96903599e-04 1.17509614e-03 0.763260 0.005500 8.582435e-05 1.715264e-04 0.046515 3.641546e-05 1.240613e-01 1.307856e-01 0.069071 0.735209 -1.371865e-05
32 0.020833 8.02568421e-04 1.16818170e-03 0.687024 0.007951 8.272190e-05 1.910262e-04 0.049206 4.348564e-05 1.367341e-01 1.891075e-01 0.027899 0.735023 -1.280186e-05
48 0.031250 7.32724037e-04 1.16613966e-03 0.628333 0.008919 8.198560e-05 2.172598e-04 0.049937 4.628583e-05 1.531217e-01 2.087948e-01 0.016152 0.734472 -1.218316e-05
64 0.041667 6.79401981e-04 1.15945951e-03 0.585964 0.007337 8.328363e-05 2.450466e-04 0.049069 5.016532e-05 1.740548e-01 2.120711e-01 0.011106 0.733899 -1.163529e-05
80 0.052083 6.35541176e-04 1.14554002e-03 0.554796 0.003342 8.632287e-05 2.716187e-04 0.047754 5.750946e-05 1.940624e-01 2.089680e-01 0.008442 0.734273 -1.093909e-05
96 0.062500 5.96082417e-04 1.12386346e-03 0.530387 0.004062 9.033608e-05 2.949468e-04 0.045820 6.630500e-05 2.073031e-01 2.041224e-01 0.007064 0.736804 -1.006951e-05
112 0.072917 5.61854744e-04 1.09509626e-03 0.513064 0.005611 9.450597e-05 3.136638e-04 0.043355 7.528054e-05 2.214751e-01 1.993597e-01 0.006107 0.740969 -9.402629e-06
128 0.083333 5.33197237e-04 1.06093147e-03 0.502575 0.006750 9.808852e-05 3.262974e-04 0.040742 8.586167e-05 2.280466e-01 1.955028e-01 0.005332 0.747163 -8.824450e-06
144 0.093750 5.07530883e-04 1.02238785e-03 0.496417 0.007232 1.006377e-04 3.322326e-04 0.038270 9.561448e-05 2.330136e-01 1.929408e-01 0.004908 0.754871 -8.150246e-06
160 0.104167 4.82832669e-04 9.81876030e-04 0.491745 0.007407 1.019816e-04 3.320951e-04 0.036260 1.061279e-04 2.331834e-01 1.914914e-01 0.004638 0.762679 -7.635757e-06
176 0.114583 4.58783084e-04 9.40258637e-04 0.487933 0.007771 1.021227e-04 3.266726e-04 0.034458 1.152406e-04 2.303484e-01 1.911192e-01 0.004363 0.770869 -7.173986e-06
192 0.125000 4.35853053e-04 8.98710128e-04 0.484976 0.009124 1.011874e-04 3.172239e-04 0.032992 1.236113e-04 2.352948e-01 1.916490e-01 0.004147 0.779400 -6.743404e-06
208 0.135417 4.14475537e-04 8.58114100e-04 0.483007 0.010252 9.936383e-05 3.050989e-04 0.031955 1.327892e-04 2.425240e-01 1.928783e-01 0.003908 0.788202 -6.299447e-06
224 0.145833 3.94141184e-04 8.18942870e-04 0.481280 0.011764 9.687255e-05 2.915427e-04 0.031173 1.422665e-04 2.454359e-01 1.945643e-01 0.003760 0.796964 -5.841103e-06
240 0.156250 3.74499200e-04 7.81627371e-04 0.479128 0.013446 9.388739e-05 2.775748e-04 0.030401 1.519152e-04 2.520256e-01 1.964947e-01 0.003594 0.805596 -5.404066e-06
256 0.166667 3.55647306e-04 7.46349939e-04 0.476515 0.015087 9.058200e-05 2.637513e-04 0.029676 1.616869e-04 2.549709e-01 1.985911e-01 0.003437 0.813869 -5.013873e-06
272 0.177083 3.37818933e-04 7.13300088e-04 0.473600 0.017079 8.713685e-05 2.505654e-04 0.029006 1.706270e-04 2.520733e-01 2.007037e-01 0.003316 0.821189 -4.690750e-06
288 0.187500 3.20877760e-04 6.82420470e-04 0.470205 0.019062 8.360436e-05 2.380885e-04 0.028417 1.791181e-04 2.453315e-01 2.028043e-01 0.003184 0.828023 -4.415740e-06
304 0.197917 3.04852608e-04 6.53460289e-04 0.466520 0.020849 8.004052e-05 2.262708e-04 0.027966 1.872282e-04 2.366636e-01 2.048921e-01 0.003085 0.834567 -4.104302e-06
320 0.208333 2.89716778e-04 6.26262022e-04 0.462613 0.022524 7.652046e-05 2.151061e-04 0.027804 1.953823e-04 2.293817e-01 2.069470e-01 0.002959 0.840816 -3.766251e-06
336 0.218750 2.75521504e-04 6.00695716e-04 0.458671 0.023936 7.310831e-05 2.046189e-04 0.027986 2.035686e-04 2.190310e-01 2.089347e-01 0.002863 0.846714 -3.449041e-06
352 0.229167 2.62247730e-04 5.76640430e-04 0.454786 0.025110 6.985072e-05 1.948045e-04 0.028482 2.116646e-04 2.256041e-01 2.108346e-01 0.002731 0.852286 -3.166786e-06
368 0.239583 2.49883826e-04 5.53956936e-04 0.451089 0.026122 6.677757e-05 1.856279e-04 0.029234 2.196407e-04 2.336613e-01 2.126465e-01 0.002606 0.857567 -2.921418e-06
384 0.250000 2.38377469e-04 5.32542978e-04 0.447621 0.026880 6.390273e-05 1.770522e-04 0.030134 2.274915e-04 2.390450e-01 2.143798e-01 0.002514 0.862544 -2.698720e-06
400 0.260417 2.27653265e-04 5.12300996e-04 0.444374 0.027457 6.120830e-05 1.689966e-04 0.031042 2.353387e-04 2.418243e-01 2.160695e-01 0.002422 0.867411 -2.472074e-06
416 0.270833 2.17655991e-04 4.93096094e-04 0.441407 0.027884 5.866682e-05 1.613612e-04 0.031835 2.431990e-04 2.441488e-01 2.177604e-01 0.002316 0.872316 -2.225113e-06
432 0.281250 2.08325666e-04 4.74830851e-04 0.438737 0.028159 5.626555e-05 1.540882e-04 0.032409 2.509873e-04 2.547147e-01 2.194786e-01 0.002244 0.877150 -1.980395e-06
448 0.291667 1.99606673e-04 4.57449894e-04 0.436347 0.028372 5.399167e-05 1.471424e-04 0.032700 2.586843e-04 2.631152e-01 2.212427e-01 0.002198 0.881866 -1.763340e-06
464 0.302083 1.91438792e-04 4.40904186e-04 0.434196 0.028564 5.183011e-05 1.404939e-04 0.032656 2.663270e-04 2.693325e-01 2.230695e-01 0.002140 0.886488 -1.574961e-06
480 0.312500 1.83763865e-04 4.25137817e-04 0.432245 0.028757 4.976780e-05 1.341150e-04 0.032268 2.738855e-04 2.733298e-01 2.249747e-01 0.002084 0.891058 -1.399898e-06
496 0.322917 1.76534679e-04 4.10100749e-04 0.430467 0.029017 4.779404e-05 1.279899e-04 0.031568 2.813442e-04 2.751380e-01 2.269671e-01 0.002044 0.895617 -1.223646e-06
512 0.333333 1.69709780e-04 3.95750103e-04 0.428831 0.029372 4.589850e-05 1.221098e-04 0.030598 2.887890e-04 2.748741e-01 2.290494e-01 0.002017 0.900220 -1.042356e-06
528 0.343750 1.63247630e-04 3.82039587e-04 0.427306 0.029847 4.407531e-05 1.164677e-04 0.029396 2.962637e-04 2.726923e-01 2.312204e-01 0.001941 0.904877 -8.606669e-07
544 0.354167 1.57119972e-04 3.68938168e-04 0.425871 0.030451 4.232354e-05 1.110686e-04 0.027996 3.037015e-04 2.688093e-01 2.334699e-01 0.001891 0.909497 -6.934471e-07
560 0.364583 1.51304492e-04 3.56430540e-04 0.424499 0.031158 4.064146e-05 1.059208e-04 0.026439 3.110582e-04 2.635252e-01 2.357831e-01 0.001838 0.914038 -5.491166e-07
576 0.375000 1.45779184e-04 3.44493112e-04 0.423170 0.031965 3.902552e-05 1.010245e-04 0.024754 3.183311e-04 2.571823e-01 2.381485e-01 0.001797 0.918529 -4.175608e-07
592 0.385417 1.40523167e-04 3.33093678e-04 0.421873 0.032855 3.747221e-05 9.637393e-05 0.022955 3.255305e-04 2.501095e-01 2.405574e-01 0.001760 0.923002 -2.865393e-07
608 0.395833 1.35520161e-04 3.22201480e-04 0.420607 0.033795 3.597867e-05 9.196161e-05 0.021052 3.326843e-04 2.425779e-01 2.430019e-01 0.001702 0.927466 -1.528839e-07
624 0.406250 1.30754191e-04 3.11790665e-04 0.419365 0.034774 3.454309e-05 8.778027e-05 0.019056 3.398018e-04 2.347984e-01 2.454724e-01 0.001662 0.931909 -2.117969e-08
640 0.416667 1.26211572e-04 3.01838577e-04 0.418143 0.035778 3.316454e-05 8.382258e-05 0.016973 3.468686e-04 2.269314e-01 2.479578e-01 0.001629 0.936304 1.012613e-07
656 0.427083 1.21880114e-04 2.92325131e-04 0.416933 0.036782 3.184242e-05 8.008072e-05 0.014802 3.538594e-04 2.194588e-01 2.504473e-01 0.001579 0.940616 2.100673e-07
672 0.437500 1.17746677e-04 2.83232444e-04 0.415725 0.037780 3.057518e-05 7.654580e-05 0.012547 3.607668e-04 2.139777e-01 2.529323e-01 0.001541 0.944839 3.078204e-07
688 0.447917 1.13797849e-04 2.74540536e-04 0.414503 0.038764 2.936022e-05 7.320606e-05 0.010218 3.676086e-04 2.085643e-01 2.554085e-01 0.001506 0.949003 4.025083e-07
704 0.458333 1.10021676e-04 2.66227369e-04 0.413262 0.039724 2.819533e-05 7.004819e-05 0.007825 3.743967e-04 2.031876e-01 2.578753e-01 0.001473 0.953124 4.988052e-07
720 0.468750 1.06407336e-04 2.58272613e-04 0.411996 0.040654 2.707910e-05 6.706003e-05 0.005379 3.811272e-04 1.978148e-01 2.603321e-01 0.001441 0.957187 5.936848e-07
736 0.479167 1.02945308e-04 2.50659304e-04 0.410698 0.041548 2.601041e-05 6.423152e-05 0.002890 3.877934e-04 1.924229e-01 2.627766e-01 0.001412 0.961170 6.816900e-07
752 0.489583 9.96272435e-05 2.43372692e-04 0.409361 0.042400 2.498801e-05 6.155362e-05 0.000367 3.943922e-04 1.870055e-01 2.652063e-01 0.001384 0.965053 7.603904e-07
768 0.500000 9.64445215e-05 2.36398477e-04 0.407974 0.043206 2.401031e-05 5.901752e-05 -0.002176 4.009213e-04 1.815692e-01 2.676194e-01 0.001358 0.968831 8.313486e-07
784 0.510417 9.33889010e-05 2.29721800e-04 0.406530 0.043957 2.307531e-05 5.661456e-05 -0.004727 4.073808e-04 1.776208e-01 2.700153e-01 0.001338 0.972511 8.985644e-07
800 0.520833 9.04529671e-05 2.23326829e-04 0.405025 0.044651 2.218086e-05 5.433609e-05 -0.007274 4.137807e-04 1.761264e-01 2.723940e-01 0.001319 0.976109 9.654076e-07
816 0.531250 8.76297633e-05 2.17197943e-04 0.403456 0.045283 2.132508e-05 5.217399e-05 -0.009808 4.201314e-04 1.736889e-01 2.747555e-01 0.001306 0.979624 1.031400e-06
832 0.541667 8.49129840e-05 2.11321485e-04 0.401819 0.045846 2.050644e-05 5.012130e-05 -0.012323 4.264320e-04 1.704195e-01 2.770983e-01 0.001287 0.983044 1.093003e-06
848 0.552083 8.22970832e-05 2.05685638e-04 0.400111 0.046335 1.972332e-05 4.817207e-05 -0.014813 4.326758e-04 1.664557e-01 2.794204e-01 0.001269 0.986357 1.147909e-06
864 0.562500 7.97766392e-05 2.00278965e-04 0.398328 0.046743 1.897390e-05 4.632059e-05 -0.017274 4.388607e-04 1.619451e-01 2.817202e-01 0.001253 0.989566 1.197104e-06
880 0.572917 7.73463765e-05 1.95089596e-04 0.396466 0.047070 1.825630e-05 4.456105e-05 -0.019701 4.449904e-04 1.598051e-01 2.839972e-01 0.001228 0.992681 1.243326e-06
896 0.583333 7.50015644e-05 1.90105597e-04 0.394526 0.047312 1.756871e-05 4.288780e-05 -0.022092 4.510710e-04 1.574578e-01 2.862517e-01 0.001222 0.995712 1.288610e-06
912 0.593750 7.27379631e-05 1.85315632e-04 0.392509 0.047468 1.690948e-05 4.129553e-05 -0.024443 4.571070e-04 1.548276e-01 2.884841e-01 0.001188 0.998665 1.332968e-06
928 0.604167 7.05518688e-05 1.80709420e-04 0.390416 0.047539 1.627719e-05 3.977949e-05 -0.026754 4.630979e-04 1.519332e-01 2.906943e-01 0.001172 1.001537 1.374683e-06
944 0.614583 6.84401280e-05 1.76277869e-04 0.388251 0.047526 1.567064e-05 3.833557e-05 -0.029022 4.690396e-04 1.487940e-01 2.928813e-01 0.001160 1.004322 1.412056e-06
960 0.625000 6.63998281e-05 1.72012578e-04 0.386017 0.047432 1.508867e-05 3.695999e-05 -0.031248 4.749299e-04 1.454332e-01 2.950439e-01 0.001157 1.007021 1.445241e-06
976 0.635417 6.44282239e-05 1.67905250e-04 0.383718 0.047257 1.453014e-05 3.564907e-05 -0.033430 4.807701e-04 1.418789e-01 2.971814e-01 0.001138 1.009642 1.476033e-06
992 0.645833 6.25228831e-05 1.63947642e-04 0.381359 0.047006 1.399399e-05 3.439915e-05 -0.035567 4.865623e-04 1.384558e-01 2.992939e-01 0.001119 1.012193 1.505972e-06
1008 0.656250 6.06816673e-05 1.60131871e-04 0.378948 0.046680 1.347932e-05 3.320677e-05 -0.037657 4.923067e-04 1.362673e-01 3.013813e-01 0.001106 1.014678 1.535156e-06
1024 0.666667 5.89026814e-05 1.56450686e-04 0.376494 0.046280 1.298539e-05 3.206874e-05 -0.039701 4.980020e-04 1.338497e-01 3.034436e-01 0.001093 1.017099 1.562573e-06
1040 0.677083 5.71842355e-05 1.52897556e-04 0.374004 0.045810 1.251152e-05 3.098216e-05 -0.041699 5.036458e-04 1.312168e-01 3.054801e-01 0.001083 1.019453 1.587212e-06
1056 0.687500 5.55246889e-05 1.49466494e-04 0.371486 0.045270 1.205707e-05 2.994436e-05 -0.043653 5.092359e-04 1.283870e-01 3.074904e-01 0.001081 1.021741 1.608988e-06
1072 0.697917 5.39223755e-05 1.46151688e-04 0.368948 0.044665 1.162136e-05 2.895274e-05 -0.045564 5.147713e-04 1.253819e-01 3.094743e-01 0.001064 1.023973 1.628847e-06
1088 0.708333 5.23756621e-05 1.42947340e-04 0.366398 0.043996 1.120372e-05 2.800474e-05 -0.047432 5.202522e-04 1.222264e-01 3.114322e-01 0.001051 1.026154 1.647883e-06
1104 0.718750 5.08829500e-05 1.39847871e-04 0.363845 0.043267 1.080349e-05 2.709790e-05 -0.049259 5.256796e-04 1.189468e-01 3.133648e-01 0.001038 1.028289 1.666361e-06
1120 0.729167 4.94426666e-05 1.36848164e-04 0.361296 0.042483 1.042008e-05 2.622995e-05 -0.051046 5.310531e-04 1.155700e-01 3.152727e-01 0.001026 1.030380 1.683672e-06
1136 0.739583 4.80532764e-05 1.33943588e-04 0.358758 0.041647 1.005290e-05 2.539879e-05 -0.052797 5.363715e-04 1.121229e-01 3.171563e-01 0.001015 1.032428 1.699125e-06
1152 0.750000 4.67132403e-05 1.31129862e-04 0.356236 0.040763 9.701336e-06 2.460247e-05 -0.054512 5.416336e-04 1.086318e-01 3.190162e-01 0.001003 1.034435 1.712619e-06
1168 0.760417 4.54209803e-05 1.28402894e-04 0.353738 0.039839 9.364774e-06 2.383914e-05 -0.056192 5.468392e-04 1.051216e-01 3.208532e-01 0.000992 1.036404 1.724686e-06
1184 0.770833 4.41749123e-05 1.25758695e-04 0.351267 0.038878 9.042587e-06 2.310699e-05 -0.057839 5.519891e-04 1.027157e-01 3.226684e-01 0.000978 1.038341 1.736010e-06
1200 0.781250 4.29734776e-05 1.23193443e-04 0.348829 0.037887 8.734162e-06 2.240427e-05 -0.059453 5.570844e-04 1.008184e-01 3.244632e-01 0.000966 1.040249 1.746868e-06
1216 0.791667 4.18151507e-05 1.20703602e-04 0.346428 0.036872 8.438911e-06 2.172936e-05 -0.061034 5.621254e-04 9.894189e-02 3.262392e-01 0.000956 1.042129 1.756969e-06
1232 0.802083 4.06984427e-05 1.18285971e-04 0.344068 0.035838 8.156268e-06 2.108075e-05 -0.062583 5.671117e-04 9.696341e-02 3.279977e-01 0.000950 1.043981 1.765843e-06
1248 0.812500 3.96218854e-05 1.15937602e-04 0.341752 0.034791 7.885674e-06 2.045707e-05 -0.064100 5.720429e-04 9.489540e-02 3.297402e-01 0.000946 1.045807 1.773360e-06
1264 0.822917 3.85840162e-05 1.13655707e-04 0.339482 0.033736 7.626576e-06 1.985700e-05 -0.065584 5.769194e-04 9.275131e-02 3.314680e-01 0.000948 1.047609 1.779828e-06
1280 0.833333 3.75833894e-05 1.11437603e-04 0.337259 0.032679 7.378431e-06 1.927929e-05 -0.067035 5.817420e-04 9.054523e-02 3.331828e-01 0.000933 1.049391 1.785696e-06
1296 0.843750 3.66185945e-05 1.09280728e-04 0.335087 0.031625 7.140714e-06 1.872276e-05 -0.068452 5.865114e-04 8.829133e-02 3.348862e-01 0.000919 1.051156 1.791175e-06
1312 0.854167 3.56882628e-05 1.07182687e-04 0.332967 0.030577 6.912928e-06 1.818632e-05 -0.069834 5.912280e-04 8.630590e-02 3.365798e-01 0.000909 1.052902 1.796136e-06
1328 0.864583 3.47910680e-05 1.05141292e-04 0.330898 0.029541 6.694599e-06 1.766896e-05 -0.071180 5.958922e-04 8.448051e-02 3.382650e-01 0.000901 1.054631 1.800294e-06
1344 0.875000 3.39257184e-05 1.03154531e-04 0.328882 0.028518 6.485272e-06 1.716977e-05 -0.072490 6.005042e-04 8.297995e-02 3.399430e-01 0.000895 1.056342 1.803523e-06
1360 0.885417 3.30909484e-05 1.01220504e-04 0.326919 0.027514 6.284508e-06 1.668789e-05 -0.073763 6.050643e-04 8.165591e-02 3.416149e-01 0.000894 1.058036 1.805983e-06
1376 0.895833 3.22855245e-05 9.93373723e-05 0.325009 0.026532 6.091884e-06 1.622252e-05 -0.074999 6.095734e-04 8.028239e-02 3.432817e-01 0.000890 1.059716 1.807966e-06
1392 0.906250 3.15082530e-05 9.75033649e-05 0.323150 0.025574 5.906995e-06 1.577292e-05 -0.076196 6.140321e-04 7.886549e-02 3.449443e-01 0.000880 1.061383 1.809640e-06
1408 0.916667 3.07579832e-05 9.57168132e-05 0.321344 0.024643 5.729464e-06 1.533836e-05 -0.077354 6.184413e-04 7.741139e-02 3.466037e-01 0.000871 1.063038 1.810948e-06
1424 0.927083 3.00336097e-05 9.39761641e-05 0.319588 0.023742 5.558932e-06 1.491823e-05 -0.078474 6.228015e-04 7.606208e-02 3.482604e-01 0.000865 1.064680 1.811720e-06
1440 0.937500 2.93340683e-05 9.22799667e-05 0.317881 0.022872 5.395063e-06 1.451191e-05 -0.079554 6.271131e-04 7.488411e-02 3.499150e-01 0.000856 1.066307 1.811860e-06
1456 0.947917 2.86583294e-05 9.06268378e-05 0.316223 0.022037 5.237533e-06 1.411885e-05 -0.080596 6.313767e-04 7.368933e-02 3.515677e-01 0.000845 1.067921 1.811443e-06
1472 0.958333 2.80053987e-05 8.90154343e-05 0.314613 0.021236 5.086035e-06 1.373854e-05 -0.081599 6.355929e-04 7.248128e-02 3.532188e-01 0.000836 1.069522 1.810652e-06
1488 0.968750 2.73743204e-05 8.74444510e-05 0.313048 0.020471 4.940278e-06 1.337048e-05 -0.082563 6.397625e-04 7.126316e-02 3.548686e-01 0.000828 1.071110 1.809614e-06
1504 0.979167 2.67641802e-05 8.59126380e-05 0.311528 0.019744 4.799991e-06 1.301419e-05 -0.083490 6.438863e-04 7.003787e-02 3.565172e-01 0.000822 1.072686 1.808316e-06
1520 0.989583 2.61741040e-05 8.44188138e-05 0.310051 0.019055 4.664915e-06 1.266924e-05 -0.084379 6.479648e-04 6.880806e-02 3.581646e-01 0.000823 1.074249 1.806654e-06
1536 1.000000 2.56032547e-05 8.29618586e-05 0.308615 0.018404 4.534810e-06 1.233521e-05 -0.085232 6.519986e-04 6.757617e-02 3.598108e-01 0.000811 1.075800 1.804558e-06
1552 1.010417 2.50508285e-05 8.15406971e-05 0.307219 0.017790 4.409444e-06 1.201172e-05 -0.086050 6.559883e-04 6.634448e-02 3.614554e-01 0.000803 1.077338 1.802065e-06
1568 1.020833 2.45160531e-05 8.01542840e-05 0.305861 0.017215 4.288601e-06 1.169840e-05 -0.086833 6.599345e-04 6.511512e-02 3.630984e-01 0.000800 1.078864 1.799285e-06
1584 1.031250 2.39981885e-05 7.88015997e-05 0.304539 0.016677 4.172071e-06 1.139489e-05 -0.087582 6.638381e-04 6.389002e-02 3.647394e-01 0.000795 1.080380 1.796309e-06
1600 1.041667 2.34965283e-05 7.74816590e-05 0.303253 0.016175 4.059661e-06 1.110084e-05 -0.088299 6.676996e-04 6.293683e-02 3.663781e-01 0.000797 1.081884 1.793146e-06
1616 1.052083 2.30103984e-05 7.61935198e-05 0.301999 0.015710 3.951186e-06 1.081595e-05 -0.088986 6.715198e-04 6.242096e-02 3.680143e-01 0.000793 1.083379 1.789735e-06
1632 1.062500 2.25391548e-05 7.49362830e-05 0.300778 0.015279 3.846472e-06 1.053989e-05 -0.089643 6.752992e-04 6.187586e-02 3.696475e-01 0.000785 1.084863 1.786029e-06
1648 1.072917 2.20821808e-05 7.37090830e-05 0.299586 0.014883 3.745355e-06 1.027238e-05 -0.090273 6.790386e-04 6.130202e-02 3.712771e-01 0.000778 1.086337 1.782041e-06
1664 1.083333 2.16388853e-05 7.25110768e-05 0.298422 0.014519 3.647675e-06 1.001312e-05 -0.090876 6.827385e-04 6.071987e-02 3.729028e-01 0.000774 1.087800 1.777841e-06
1680 1.093750 2.12087034e-05 7.13414422e-05 0.297284 0.014187 3.553285e-06 9.761863e-06 -0.091455 6.863997e-04 6.034217e-02 3.745240e-01 0.000768 1.089252 1.773491e-06
1696 1.104167 2.07910957e-05 7.01993816e-05 0.296172 0.013885 3.462041e-06 9.518326e-06 -0.092010 6.900228e-04 5.992804e-02 3.761401e-01 0.000769 1.090693 1.769007e-06
1712 1.114583 2.03855483e-05 6.90841274e-05 0.295083 0.013612 3.373810e-06 9.282262e-06 -0.092544 6.936086e-04 5.947836e-02 3.777508e-01 0.000770 1.092124 1.764359e-06
1728 1.125000 1.99915710e-05 6.79949427e-05 0.294016 0.013367 3.288465e-06 9.053428e-06 -0.093059 6.971576e-04 5.899427e-02 3.793553e-01 0.000757 1.093544 1.759512e-06
1744 1.135417 1.96086957e-05 6.69311156e-05 0.292968 0.013148 3.205885e-06 8.831589e-06 -0.093555 7.006704e-04 5.847718e-02 3.809532e-01 0.000747 1.094955 1.754472e-06
1760 1.145833 1.92364747e-05 6.58919532e-05 0.291940 0.012953 3.125954e-06 8.616520e-06 -0.094035 7.041478e-04 5.792872e-02 3.825437e-01 0.000741 1.096356 1.749281e-06
1776 1.156250 1.88744808e-05 6.48767796e-05 0.290928 0.012782 3.048562e-06 8.408001e-06 -0.094500 7.075903e-04 5.735069e-02 3.841264e-01 0.000736 1.097746 1.743983e-06
1792 1.166667 1.85223071e-05 6.38849377e-05 0.289932 0.012632 2.973605e-06 8.205819e-06 -0.094952 7.109985e-04 5.674506e-02 3.857007e-01 0.000732 1.099125 1.738593e-06
1808 1.177083 1.81795663e-05 6.29157920e-05 0.288951 0.012501 2.900984e-06 8.009770e-06 -0.095393 7.143732e-04 5.611386e-02 3.872660e-01 0.000729 1.100493 1.733096e-06
1824 1.187500 1.78458898e-05 6.19687292e-05 0.287982 0.012389 2.830604e-06 7.819653e-06 -0.095824 7.177149e-04 5.545923e-02 3.888218e-01 0.000726 1.101851 1.727473e-06
1840 1.197917 1.75209264e-05 6.10431558e-05 0.287025 0.012294 2.762376e-06 7.635279e-06 -0.096246 7.210241e-04 5.480983e-02 3.903675e-01 0.000723 1.103200 1.721724e-06
1856 1.208333 1.72043413e-05 6.01384939e-05 0.286079 0.012214 2.696214e-06 7.456459e-06 -0.096661 7.243015e-04 5.443499e-02 3.919025e-01 0.000719 1.104540 1.715873e-06
1872 1.218750 1.68958157e-05 5.92541800e-05 0.285141 0.012147 2.632036e-06 7.283015e-06 -0.097070 7.275477e-04 5.403231e-02 3.934264e-01 0.000716 1.105871 1.709950e-06
1888 1.229167 1.65950464e-05 5.83896654e-05 0.284212 0.012093 2.569766e-06 7.114769e-06 -0.097475 7.307632e-04 5.360349e-02 3.949386e-01 0.000712 1.107191 1.703971e-06
1904 1.239583 1.63017453e-05 5.75444176e-05 0.283290 0.012049 2.509329e-06 6.951554e-06 -0.097877 7.339487e-04 5.315028e-02 3.964387e-01 0.000709 1.108501 1.697929e-06
1920 1.250000 1.60156386e-05 5.67179213e-05 0.282374 0.012015 2.450656e-06 6.793202e-06 -0.098277 7.371045e-04 5.267449e-02 3.979262e-01 0.000707 1.109798 1.691811e-06
1936 1.260417 1.57364663e-05 5.59096768e-05 0.281462 0.011989 2.393679e-06 6.639557e-06 -0.098676 7.402314e-04 5.217793e-02 3.994007e-01 0.000705 1.111083 1.685616e-06
1952 1.270833 1.54639807e-05 5.51191978e-05 0.280555 0.011969 2.338335e-06 6.490462e-06 -0.099076 7.433298e-04 5.166246e-02 4.008617e-01 0.000704 1.112355 1.679360e-06
1968 1.281250 1.51979465e-05 5.43460101e-05 0.279652 0.011955 2.284564e-06 6.345769e-06 -0.099477 7.464003e-04 5.112988e-02 4.023090e-01 0.000707 1.113615 1.673062e-06
1984 1.291667 1.49381398e-05 5.35896517e-05 0.278750 0.011946 2.232307e-06 6.205333e-06 -0.099880 7.494433e-04 5.058201e-02 4.037421e-01 0.000703 1.114863 1.666734e-06
2000 1.302083 1.46843484e-05 5.28496738e-05 0.277851 0.011940 2.181509e-06 6.069011e-06 -0.100286 7.524594e-04 5.002062e-02 4.051607e-01 0.000702 1.116099 1.660374e-06
2016 1.312500 1.44363706e-05 5.21256411e-05 0.276953 0.011936 2.132119e-06 5.936668e-06 -0.100696 7.554491e-04 4.944746e-02 4.065646e-01 0.000700 1.117324 1.653976e-06
2032 1.322917 1.41940148e-05 5.14171312e-05 0.276056 0.011933 2.084087e-06 5.808172e-06 -0.101111 7.584128e-04 4.886420e-02 4.079534e-01 0.000702 1.118536 1.647538e-06
2048 1.333333 1.39570986e-05 5.07237330e-05 0.275159 0.011930 2.037365e-06 5.683395e-06 -0.101530 7.613510e-04 4.827247e-02 4.093269e-01 0.000705 1.119737 1.641069e-06
2064 1.343750 1.37254485e-05 5.00450462e-05 0.274262 0.011927 1.991908e-06 5.562215e-06 -0.101955 7.642641e-04 4.767384e-02 4.106848e-01 0.000707 1.120926 1.634582e-06
2080 1.354167 1.34988997e-05 4.93806809e-05 0.273364 0.011923 1.947672e-06 5.444510e-06 -0.102387 7.671527e-04 4.706979e-02 4.120271e-01 0.000703 1.122104 1.628085e-06
2096 1.364583 1.32772953e-05 4.87302581e-05 0.272465 0.011916 1.904617e-06 5.330166e-06 -0.102824 7.700171e-04 4.646176e-02 4.133535e-01 0.000698 1.123271 1.621580e-06
2112 1.375000 1.30604860e-05 4.80934100e-05 0.271565 0.011907 1.862704e-06 5.219071e-06 -0.103269 7.728578e-04 4.585109e-02 4.146639e-01 0.000693 1.124426 1.615063e-06
2128 1.385417 1.28483298e-05 4.74697795e-05 0.270663 0.011893 1.821895e-06 5.111116e-06 -0.103721 7.756751e-04 4.523904e-02 4.159581e-01 0.000688 1.125570 1.608532e-06
2144 1.395833 1.26406911e-05 4.68590195e-05 0.269760 0.011876 1.782154e-06 5.006197e-06 -0.104181 7.784696e-04 4.462680e-02 4.172361e-01 0.000683 1.126702 1.601992e-06
2160 1.406250 1.24374407e-05 4.62607922e-05 0.268855 0.011854 1.743447e-06 4.904213e-06 -0.104648 7.812416e-04 4.401548e-02 4.184977e-01 0.000679 1.127823 1.595452e-06
2176 1.416667 1.22384552e-05 4.56747690e-05 0.267948 0.011827 1.705742e-06 4.805067e-06 -0.105123 7.839915e-04 4.340611e-02 4.197429e-01 0.000676 1.128933 1.588918e-06
2192 1.427083 1.20436169e-05 4.51006304e-05 0.267039 0.011794 1.669008e-06 4.708665e-06 -0.105605 7.867197e-04 4.292247e-02 4.209718e-01 0.000674 1.130032 1.582393e-06
2208 1.437500 1.18528132e-05 4.45380663e-05 0.266128 0.011756 1.633214e-06 4.614915e-06 -0.106096 7.894266e-04 4.247420e-02 4.221841e-01 0.000672 1.131122 1.575873e-06
2224 1.447917 1.16659366e-05 4.39867758e-05 0.265215 0.011711 1.598332e-06 4.523731e-06 -0.106595 7.921124e-04 4.202127e-02 4.233800e-01 0.000669 1.132201 1.569358e-06
2240 1.458333 1.14828839e-05 4.34464664e-05 0.264300 0.011659 1.564335e-06 4.435027e-06 -0.107101 7.947777e-04 4.156462e-02 4.245594e-01 0.000667 1.133271 1.562850e-06
2256 1.468750 1.13035563e-05 4.29168539e-05 0.263383 0.011601 1.531196e-06 4.348723e-06 -0.107615 7.974227e-04 4.110516e-02 4.257224e-01 0.000666 1.134331 1.556356e-06
2272 1.479167 1.11278591e-05 4.23976620e-05 0.262464 0.011536 1.498891e-06 4.264739e-06 -0.108137 8.000478e-04 4.064372e-02 4.268690e-01 0.000665 1.135382 1.549879e-06
2288 1.489583 1.09557012e-05 4.18886221e-05 0.261544 0.011463 1.467395e-06 4.183000e-06 -0.108667 8.026533e-04 4.018111e-02 4.279992e-01 0.000663 1.136425 1.543421e-06
2304 1.500000 1.07869951e-05 4.13894736e-05 0.260622 0.011383 1.436684e-06 4.103432e-06 -0.109203 8.052395e-04 3.971807e-02 4.291131e-01 0.000663 1.137458 1.536982e-06
2320 1.510417 1.06216568e-05 4.08999636e-05 0.259698 0.011296 1.406737e-06 4.025966e-06 -0.109747 8.078068e-04 3.925530e-02 4.302107e-01 0.000661 1.138485 1.530560e-06
2336 1.520833 1.04596051e-05 4.04198465e-05 0.258774 0.011201 1.377532e-06 3.950533e-06 -0.110298 8.103555e-04 3.879345e-02 4.312921e-01 0.000661 1.139503 1.524156e-06
2352 1.531250 1.03007619e-05 3.99488837e-05 0.257849 0.011098 1.349049e-06 3.877068e-06 -0.110856 8.128859e-04 3.833311e-02 4.323575e-01 0.000663 1.140515 1.517775e-06
2368 1.541667 1.01450518e-05 3.94868433e-05 0.256922 0.010988 1.321267e-06 3.805508e-06 -0.111420 8.153984e-04 3.787484e-02 4.334068e-01 0.000658 1.141519 1.511419e-06
2384 1.552083 9.99240179e-06 3.90335002e-05 0.255996 0.010870 1.294167e-06 3.735791e-06 -0.111990 8.178931e-04 3.741914e-02 4.344402e-01 0.000655 1.142517 1.505090e-06
2400 1.562500 9.84274154e-06 3.85886358e-05 0.255068 0.010745 1.267730e-06 3.667860e-06 -0.112566 8.203704e-04 3.696649e-02 4.354578e-01 0.000654 1.143508 1.498787e-06
2416 1.572917 9.69600283e-06 3.81520381e-05 0.254141 0.010612 1.241939e-06 3.601658e-06 -0.113148 8.228306e-04 3.651730e-02 4.364597e-01 0.000653 1.144493 1.492510e-06
2432 1.583333 9.55211962e-06 3.77235011e-05 0.253214 0.010471 1.216777e-06 3.537130e-06 -0.113735 8.252739e-04 3.607195e-02 4.374459e-01 0.000650 1.145472 1.486259e-06
2448 1.593750 9.41102785e-06 3.73028248e-05 0.252287 0.010324 1.192226e-06 3.474225e-06 -0.114327 8.277007e-04 3.563080e-02 4.384167e-01 0.000651 1.146446 1.480037e-06
2464 1.604167 9.27266536e-06 3.68898152e-05 0.251361 0.010169 1.168270e-06 3.412890e-06 -0.114923 8.301112e-04 3.519414e-02 4.393721e-01 0.000644 1.147415 1.473844e-06
2480 1.614583 9.13697178e-06 3.64842835e-05 0.250436 0.010007 1.144894e-06 3.353078e-06 -0.115524 8.325057e-04 3.476225e-02 4.403122e-01 0.000643 1.148379 1.467684e-06
2496 1.625000 9.00388845e-06 3.60860466e-05 0.249512 0.009838 1.122082e-06 3.294742e-06 -0.116128 8.348844e-04 3.433538e-02 4.412372e-01 0.000640 1.149339 1.461554e-06
2512 1.635417 8.87335832e-06 3.56949269e-05 0.248589 0.009662 1.099820e-06 3.237836e-06 -0.116736 8.372475e-04 3.391374e-02 4.421472e-01 0.000636 1.150295 1.455456e-06
2528 1.645833 8.74532586e-06 3.53107519e-05 0.247668 0.009479 1.078092e-06 3.182317e-06 -0.117347 8.395955e-04 3.349750e-02 4.430424e-01 0.000641 1.151247 1.449388e-06
2544 1.656250 8.61973699e-06 3.49333540e-05 0.246748 0.009290 1.056887e-06 3.128141e-06 -0.117961 8.419284e-04 3.310178e-02 4.439228e-01 0.000633 1.152196 1.443352e-06
2560 1.666667 8.49653900e-06 3.45625706e-05 0.245831 0.009095 1.036189e-06 3.075270e-06 -0.118577 8.442466e-04 3.277619e-02 4.447886e-01 0.000635 1.153141 1.437350e-06
2576 1.677083 8.37568049e-06 3.41982437e-05 0.244916 0.008894 1.015986e-06 3.023663e-06 -0.119196 8.465502e-04 3.245267e-02 4.456400e-01 0.000636 1.154083 1.431382e-06
2592 1.687500 8.25711132e-06 3.38402199e-05 0.244003 0.008686 9.962646e-07 2.973282e-06 -0.119816 8.488395e-04 3.213141e-02 4.464770e-01 0.000635 1.155022 1.425448e-06
2608 1.697917 8.14078258e-06 3.34883502e-05 0.243093 0.008473 9.770132e-07 2.924091e-06 -0.120437 8.511148e-04 3.181257e-02 4.472999e-01 0.000632 1.155958 1.419548e-06
2624 1.708333 8.02664648e-06 3.31424901e-05 0.242186 0.008254 9.582193e-07 2.876055e-06 -0.121059 8.533762e-04 3.149629e-02 4.481087e-01 0.000630 1.156892 1.413681e-06
2640 1.718750 7.91465636e-06 3.28024990e-05 0.241282 0.008030 9.398714e-07 2.829139e-06 -0.121682 8.556240e-04 3.118270e-02 4.489037e-01 0.000630 1.157824 1.407848e-06
2656 1.729167 7.80476660e-06 3.24682407e-05 0.240382 0.007800 9.219581e-07 2.783311e-06 -0.122305 8.578585e-04 3.087192e-02 4.496849e-01 0.000625 1.158754 1.402051e-06
2672 1.739583 7.69693261e-06 3.21395825e-05 0.239485 0.007566 9.044682e-07 2.738539e-06 -0.122928 8.600797e-04 3.056405e-02 4.504526e-01 0.000623 1.159682 1.396289e-06
2688 1.750000 7.59111080e-06 3.18163958e-05 0.238591 0.007326 8.873909e-07 2.694792e-06 -0.123551 8.622879e-04 3.025920e-02 4.512068e-01 0.000608 1.160610 1.390562e-06
2704 1.760417 7.48725853e-06 3.14985555e-05 0.237702 0.007082 8.707158e-07 2.652041e-06 -0.124173 8.644834e-04 2.995743e-02 4.519478e-01 0.000601 1.161536 1.384871e-06
2720 1.770833 7.38533409e-06 3.11859403e-05 0.236816 0.006834 8.544326e-07 2.610257e-06 -0.124793 8.666663e-04 2.965882e-02 4.526756e-01 0.000595 1.162461 1.379214e-06
2736 1.781250 7.28529664e-06 3.08784321e-05 0.235935 0.006581 8.385313e-07 2.569412e-06 -0.125413 8.688368e-04 2.936343e-02 4.533904e-01 0.000591 1.163385 1.373592e-06
2752 1.791667 7.18710624e-06 3.05759165e-05 0.235058 0.006325 8.230023e-07 2.529479e-06 -0.126030 8.709951e-04 2.907131e-02 4.540925e-01 0.000588 1.164309 1.368006e-06
2768 1.802083 7.09072377e-06 3.02782818e-05 0.234185 0.006064 8.078361e-07 2.490433e-06 -0.126645 8.731415e-04 2.878252e-02 4.547819e-01 0.000584 1.165232 1.362456e-06
2784 1.812500 6.99611094e-06 2.99854200e-05 0.233317 0.005800 7.930235e-07 2.452249e-06 -0.127258 8.752761e-04 2.849707e-02 4.554588e-01 0.000582 1.166154 1.356941e-06
2800 1.822917 6.90323027e-06 2.96972258e-05 0.232454 0.005532 7.785554e-07 2.414902e-06 -0.127868 8.773990e-04 2.821501e-02 4.561234e-01 0.000577 1.167075 1.351462e-06
2816 1.833333 6.81204504e-06 2.94135970e-05 0.231595 0.005261 7.644231e-07 2.378369e-06 -0.128476 8.795106e-04 2.793635e-02 4.567758e-01 0.000581 1.167996 1.346017e-06
2832 1.843750 6.72251931e-06 2.91344343e-05 0.230741 0.004987 7.506182e-07 2.342628e-06 -0.129079 8.816108e-04 2.766110e-02 4.574161e-01 0.000569 1.168916 1.340608e-06
2848 1.854167 6.63461786e-06 2.88596411e-05 0.229893 0.004710 7.371321e-07 2.307657e-06 -0.129680 8.837000e-04 2.741404e-02 4.580447e-01 0.000563 1.169837 1.335235e-06
2864 1.864583 6.54830622e-06 2.85891233e-05 0.229049 0.004430 7.239570e-07 2.273434e-06 -0.130276 8.857783e-04 2.721428e-02 4.586615e-01 0.000561 1.170757 1.329896e-06
2880 1.875000 6.46355060e-06 2.83227899e-05 0.228210 0.004147 7.110847e-07 2.239939e-06 -0.130868 8.878459e-04 2.701554e-02 4.592668e-01 0.000560 1.171676 1.324593e-06
2896 1.885417 6.38031794e-06 2.80605518e-05 0.227377 0.003862 6.985077e-07 2.207153e-06 -0.131456 8.899028e-04 2.681790e-02 4.598607e-01 0.000551 1.172597 1.319325e-06
2912 1.895833 6.29857584e-06 2.78023228e-05 0.226549 0.003575 6.862183e-07 2.175055e-06 -0.132039 8.919494e-04 2.662143e-02 4.604434e-01 0.000547 1.173517 1.314091e-06
2928 1.906250 6.21829258e-06 2.75480189e-05 0.225726 0.003285 6.742094e-07 2.143629e-06 -0.132617 8.939857e-04 2.642619e-02 4.610150e-01 0.000543 1.174437 1.308893e-06
2944 1.916667 6.13943707e-06 2.72975583e-05 0.224908 0.002993 6.624736e-07 2.112855e-06 -0.133190 8.960119e-04 2.623224e-02 4.615757e-01 0.000541 1.175356 1.303728e-06
2960 1.927083 6.06197889e-06 2.70508617e-05 0.224096 0.002700 6.510041e-07 2.082716e-06 -0.133758 8.980282e-04 2.603964e-02 4.621257e-01 0.000538 1.176276 1.298599e-06
2976 1.937500 5.98588825e-06 2.68078515e-05 0.223289 0.002404 6.397940e-07 2.053196e-06 -0.134320 9.000347e-04 2.584845e-02 4.626651e-01 0.000535 1.177196 1.293504e-06
2992 1.947917 5.91113595e-06 2.65684527e-05 0.222487 0.002107 6.288367e-07 2.024278e-06 -0.134876 9.020315e-04 2.565869e-02 4.631941e-01 0.000533 1.178115 1.288443e-06
3008 1.958333 5.83769344e-06 2.63325918e-05 0.221691 0.001808 6.181257e-07 1.995947e-06 -0.135426 9.040188e-04 2.547042e-02 4.637128e-01 0.000532 1.179035 1.283415e-06
3024 1.968750 5.76553273e-06 2.61001977e-05 0.220900 0.001508 6.076549e-07 1.968187e-06 -0.135970 9.059968e-04 2.528367e-02 4.642213e-01 0.000530 1.179954 1.278422e-06
3040 1.979167 5.69462645e-06 2.58712008e-05 0.220115 0.001207 5.974179e-07 1.940983e-06 -0.136507 9.079656e-04 2.509847e-02 4.647199e-01 0.000528 1.180874 1.273462e-06
3056 1.989583 5.62494777e-06 2.56455336e-05 0.219334 0.000904 5.874088e-07 1.914321e-06 -0.137038 9.099252e-04 2.491486e-02 4.652087e-01 0.000527 1.181794 1.268536e-06
3072 2.000000 5.55647047e-06 2.54231303e-05 0.218560 0.000601 5.776218e-07 1.888188e-06 -0.137561 9.118760e-04 2.473286e-02 4.656878e-01 0.000525 1.182715 1.263643e-06
