# Confined decaying MHD in a SPHERE, volume-penalised   CUDA twin
# precision FP32   D3Q27 fluid + D3Q7 magnetic   operator CM
# N 224   R 89.60 (rfac 0.40)   Re 500   Pm 1.00   u0 0.0500
# nu 1.792000e-02   eta 1.792000e-02   magnetic wall: INSULATING (B = 0)
# eps 2.00 / 2.00   smooth 1.00   IC kmax 6  k0 4.0  seed 99
# one turnover 2R/u0 = 3584 steps; running 7168 (2.0 turnovers)
#
# step   t/Te      E_u        E_b      E_u/E_b   H_c    enstr     <j^2>    cos(J,B)  |<b>|    max|b|   dv/cl    Bn/B   B_sh   dmass
0  0.000  1.250e-03  1.250e-03    1.000  0.0000 1.729e-05 3.170e-05   0.0402 1.61e-12 1.29e-01 4.01e-07  0.5061  0.913  0.00e+00
28  0.008  9.897e-04  1.146e-03    0.864  0.0048 1.840e-05 3.654e-05   0.0426 2.59e-04 1.20e-01 2.61e-01  0.4358  0.055 -5.75e-09
56  0.016  9.287e-04  1.123e-03    0.827  0.0077 1.900e-05 4.089e-05   0.0441 3.46e-04 1.22e-01 3.02e-01  0.3719  0.033 -6.92e-09
84  0.023  8.729e-04  1.108e-03    0.788  0.0083 1.914e-05 4.459e-05   0.0450 4.12e-04 1.28e-01 3.00e-01  0.3395  0.026 -2.80e-08
112  0.031  8.170e-04  1.095e-03    0.746  0.0088 1.901e-05 4.799e-05   0.0462 4.75e-04 1.33e-01 2.88e-01  0.3177  0.023 -7.49e-08
140  0.039  7.738e-04  1.080e-03    0.716  0.0071 1.912e-05 5.144e-05   0.0471 5.36e-04 1.37e-01 2.75e-01  0.3027  0.021 -1.30e-07
168  0.047  7.349e-04  1.063e-03    0.692  0.0026 1.953e-05 5.491e-05   0.0479 5.93e-04 1.44e-01 2.61e-01  0.2884  0.019 -1.83e-07
196  0.055  6.943e-04  1.042e-03    0.666 -0.0006 2.008e-05 5.826e-05   0.0481 6.44e-04 1.46e-01 2.48e-01  0.2791  0.018 -2.31e-07
224  0.062  6.583e-04  1.018e-03    0.647  0.0036 2.070e-05 6.130e-05   0.0478 6.93e-04 1.51e-01 2.37e-01  0.2717  0.017 -2.73e-07
252  0.070  6.255e-04  9.908e-04    0.631  0.0080 2.134e-05 6.397e-05   0.0469 7.41e-04 1.57e-01 2.28e-01  0.2652  0.017 -3.08e-07
280  0.078  5.977e-04  9.618e-04    0.621  0.0096 2.188e-05 6.609e-05   0.0460 7.89e-04 1.56e-01 2.20e-01  0.2594  0.016 -3.40e-07
308  0.086  5.726e-04  9.301e-04    0.616  0.0102 2.232e-05 6.746e-05   0.0446 8.35e-04 1.54e-01 2.14e-01  0.2507  0.016 -3.69e-07
336  0.094  5.480e-04  8.972e-04    0.611  0.0100 2.260e-05 6.802e-05   0.0435 8.80e-04 1.48e-01 2.09e-01  0.2446  0.016 -3.94e-07
364  0.102  5.234e-04  8.642e-04    0.606  0.0108 2.276e-05 6.794e-05   0.0425 9.24e-04 1.44e-01 2.05e-01  0.2431  0.015 -4.18e-07
392  0.109  4.988e-04  8.309e-04    0.600  0.0115 2.278e-05 6.722e-05   0.0414 9.65e-04 1.41e-01 2.02e-01  0.2413  0.015 -4.40e-07
420  0.117  4.764e-04  7.977e-04    0.597  0.0127 2.262e-05 6.590e-05   0.0405 1.00e-03 1.38e-01 2.01e-01  0.2400  0.015 -4.62e-07
448  0.125  4.552e-04  7.652e-04    0.595  0.0144 2.228e-05 6.408e-05   0.0397 1.04e-03 1.40e-01 2.00e-01  0.2385  0.014 -4.83e-07
476  0.133  4.358e-04  7.337e-04    0.594  0.0154 2.181e-05 6.191e-05   0.0393 1.08e-03 1.48e-01 2.00e-01  0.2376  0.014 -5.04e-07
504  0.141  4.166e-04  7.033e-04    0.592  0.0166 2.125e-05 5.949e-05   0.0391 1.11e-03 1.58e-01 2.01e-01  0.2373  0.014 -5.25e-07
532  0.148  3.973e-04  6.742e-04    0.589  0.0183 2.063e-05 5.699e-05   0.0390 1.14e-03 1.67e-01 2.02e-01  0.2368  0.014 -5.46e-07
560  0.156  3.789e-04  6.465e-04    0.586  0.0203 1.996e-05 5.447e-05   0.0388 1.17e-03 1.77e-01 2.03e-01  0.2360  0.013 -5.67e-07
588  0.164  3.617e-04  6.201e-04    0.583  0.0220 1.926e-05 5.198e-05   0.0389 1.20e-03 1.86e-01 2.04e-01  0.2346  0.013 -5.88e-07
616  0.172  3.459e-04  5.952e-04    0.581  0.0237 1.855e-05 4.959e-05   0.0389 1.23e-03 1.98e-01 2.06e-01  0.2349  0.013 -6.07e-07
644  0.180  3.308e-04  5.718e-04    0.578  0.0262 1.784e-05 4.733e-05   0.0390 1.25e-03 2.08e-01 2.07e-01  0.2368  0.013 -6.26e-07
672  0.188  3.161e-04  5.495e-04    0.575  0.0283 1.713e-05 4.517e-05   0.0391 1.27e-03 2.19e-01 2.08e-01  0.2369  0.012 -6.44e-07
700  0.195  3.021e-04  5.284e-04    0.572  0.0294 1.643e-05 4.312e-05   0.0391 1.30e-03 2.29e-01 2.10e-01  0.2369  0.012 -6.63e-07
728  0.203  2.887e-04  5.083e-04    0.568  0.0301 1.574e-05 4.115e-05   0.0393 1.32e-03 2.37e-01 2.11e-01  0.2367  0.012 -6.83e-07
756  0.211  2.762e-04  4.892e-04    0.565  0.0304 1.508e-05 3.929e-05   0.0396 1.33e-03 2.42e-01 2.13e-01  0.2367  0.012 -7.03e-07
784  0.219  2.645e-04  4.711e-04    0.561  0.0307 1.444e-05 3.754e-05   0.0400 1.35e-03 2.45e-01 2.14e-01  0.2369  0.012 -7.23e-07
812  0.227  2.533e-04  4.539e-04    0.558  0.0315 1.382e-05 3.589e-05   0.0406 1.37e-03 2.45e-01 2.16e-01  0.2373  0.012 -7.43e-07
840  0.234  2.427e-04  4.375e-04    0.555  0.0328 1.323e-05 3.432e-05   0.0412 1.38e-03 2.43e-01 2.17e-01  0.2380  0.011 -7.62e-07
868  0.242  2.325e-04  4.220e-04    0.551  0.0340 1.266e-05 3.284e-05   0.0421 1.40e-03 2.42e-01 2.18e-01  0.2388  0.011 -7.80e-07
896  0.250  2.229e-04  4.072e-04    0.547  0.0350 1.212e-05 3.144e-05   0.0430 1.41e-03 2.44e-01 2.20e-01  0.2401  0.011 -8.00e-07
924  0.258  2.138e-04  3.930e-04    0.544  0.0363 1.160e-05 3.010e-05   0.0439 1.42e-03 2.44e-01 2.21e-01  0.2411  0.011 -8.20e-07
952  0.266  2.053e-04  3.795e-04    0.541  0.0376 1.111e-05 2.881e-05   0.0449 1.43e-03 2.42e-01 2.22e-01  0.2408  0.011 -8.40e-07
980  0.273  1.972e-04  3.664e-04    0.538  0.0385 1.063e-05 2.757e-05   0.0458 1.45e-03 2.37e-01 2.24e-01  0.2406  0.011 -8.61e-07
1008  0.281  1.895e-04  3.539e-04    0.536  0.0391 1.018e-05 2.638e-05   0.0466 1.46e-03 2.31e-01 2.25e-01  0.2407  0.010 -8.83e-07
1036  0.289  1.823e-04  3.419e-04    0.533  0.0398 9.746e-06 2.523e-05   0.0473 1.47e-03 2.22e-01 2.27e-01  0.2410  0.010 -9.05e-07
1064  0.297  1.755e-04  3.304e-04    0.531  0.0403 9.333e-06 2.413e-05   0.0479 1.48e-03 2.12e-01 2.28e-01  0.2414  0.010 -9.27e-07
1092  0.305  1.691e-04  3.194e-04    0.529  0.0407 8.941e-06 2.307e-05   0.0482 1.49e-03 2.04e-01 2.30e-01  0.2419  0.010 -9.52e-07
1120  0.312  1.630e-04  3.088e-04    0.528  0.0413 8.569e-06 2.205e-05   0.0485 1.50e-03 1.97e-01 2.32e-01  0.2423  0.010 -9.79e-07
1148  0.320  1.573e-04  2.986e-04    0.527  0.0419 8.213e-06 2.108e-05   0.0486 1.51e-03 1.89e-01 2.34e-01  0.2426  0.010 -1.01e-06
1176  0.328  1.519e-04  2.888e-04    0.526  0.0427 7.873e-06 2.014e-05   0.0485 1.52e-03 1.80e-01 2.35e-01  0.2428  0.010 -1.04e-06
1204  0.336  1.467e-04  2.795e-04    0.525  0.0440 7.550e-06 1.924e-05   0.0483 1.53e-03 1.71e-01 2.37e-01  0.2425  0.010 -1.07e-06
1232  0.344  1.418e-04  2.704e-04    0.525  0.0454 7.243e-06 1.838e-05   0.0480 1.54e-03 1.67e-01 2.39e-01  0.2419  0.010 -1.11e-06
1260  0.352  1.372e-04  2.618e-04    0.524  0.0468 6.950e-06 1.756e-05   0.0475 1.54e-03 1.64e-01 2.41e-01  0.2418  0.009 -1.15e-06
1288  0.359  1.329e-04  2.535e-04    0.524  0.0479 6.672e-06 1.678e-05   0.0470 1.55e-03 1.60e-01 2.43e-01  0.2421  0.009 -1.19e-06
1316  0.367  1.287e-04  2.456e-04    0.524  0.0490 6.407e-06 1.605e-05   0.0463 1.56e-03 1.55e-01 2.45e-01  0.2423  0.009 -1.24e-06
1344  0.375  1.247e-04  2.380e-04    0.524  0.0500 6.155e-06 1.535e-05   0.0456 1.57e-03 1.50e-01 2.47e-01  0.2424  0.009 -1.28e-06
1372  0.383  1.209e-04  2.308e-04    0.524  0.0510 5.913e-06 1.469e-05   0.0448 1.58e-03 1.46e-01 2.49e-01  0.2422  0.009 -1.33e-06
1400  0.391  1.173e-04  2.238e-04    0.524  0.0517 5.683e-06 1.406e-05   0.0439 1.59e-03 1.42e-01 2.51e-01  0.2420  0.009 -1.39e-06
1428  0.398  1.139e-04  2.171e-04    0.525  0.0522 5.463e-06 1.347e-05   0.0429 1.60e-03 1.38e-01 2.53e-01  0.2416  0.009 -1.44e-06
1456  0.406  1.106e-04  2.107e-04    0.525  0.0528 5.254e-06 1.291e-05   0.0419 1.60e-03 1.34e-01 2.55e-01  0.2413  0.009 -1.50e-06
1484  0.414  1.075e-04  2.045e-04    0.525  0.0535 5.056e-06 1.238e-05   0.0408 1.61e-03 1.29e-01 2.57e-01  0.2410  0.009 -1.55e-06
1512  0.422  1.044e-04  1.986e-04    0.526  0.0542 4.868e-06 1.187e-05   0.0397 1.62e-03 1.25e-01 2.59e-01  0.2410  0.009 -1.61e-06
1540  0.430  1.015e-04  1.930e-04    0.526  0.0549 4.691e-06 1.140e-05   0.0385 1.63e-03 1.20e-01 2.61e-01  0.2414  0.009 -1.67e-06
1568  0.438  9.877e-05  1.875e-04    0.527  0.0556 4.522e-06 1.095e-05   0.0372 1.64e-03 1.16e-01 2.63e-01  0.2418  0.009 -1.73e-06
1596  0.445  9.610e-05  1.823e-04    0.527  0.0562 4.362e-06 1.053e-05   0.0359 1.65e-03 1.16e-01 2.64e-01  0.2418  0.009 -1.80e-06
1624  0.453  9.353e-05  1.773e-04    0.527  0.0568 4.209e-06 1.012e-05   0.0345 1.65e-03 1.16e-01 2.66e-01  0.2418  0.008 -1.86e-06
1652  0.461  9.106e-05  1.725e-04    0.528  0.0574 4.063e-06 9.741e-06   0.0331 1.66e-03 1.16e-01 2.68e-01  0.2417  0.008 -1.93e-06
1680  0.469  8.867e-05  1.679e-04    0.528  0.0578 3.924e-06 9.378e-06   0.0317 1.67e-03 1.16e-01 2.69e-01  0.2418  0.008 -1.99e-06
1708  0.477  8.636e-05  1.634e-04    0.528  0.0581 3.792e-06 9.033e-06   0.0302 1.68e-03 1.16e-01 2.71e-01  0.2420  0.008 -2.06e-06
1736  0.484  8.413e-05  1.591e-04    0.529  0.0583 3.665e-06 8.705e-06   0.0287 1.68e-03 1.16e-01 2.73e-01  0.2424  0.008 -2.13e-06
1764  0.492  8.198e-05  1.550e-04    0.529  0.0586 3.543e-06 8.393e-06   0.0272 1.69e-03 1.16e-01 2.74e-01  0.2429  0.008 -2.19e-06
1792  0.500  7.990e-05  1.511e-04    0.529  0.0587 3.427e-06 8.096e-06   0.0257 1.70e-03 1.15e-01 2.76e-01  0.2435  0.008 -2.26e-06
1820  0.508  7.787e-05  1.473e-04    0.529  0.0589 3.316e-06 7.812e-06   0.0242 1.71e-03 1.15e-01 2.77e-01  0.2441  0.008 -2.34e-06
1848  0.516  7.591e-05  1.436e-04    0.529  0.0589 3.209e-06 7.542e-06   0.0227 1.72e-03 1.14e-01 2.79e-01  0.2445  0.008 -2.41e-06
1876  0.523  7.401e-05  1.401e-04    0.528  0.0589 3.106e-06 7.283e-06   0.0213 1.72e-03 1.13e-01 2.80e-01  0.2449  0.008 -2.48e-06
1904  0.531  7.216e-05  1.366e-04    0.528  0.0588 3.006e-06 7.036e-06   0.0198 1.73e-03 1.13e-01 2.82e-01  0.2454  0.008 -2.56e-06
1932  0.539  7.036e-05  1.334e-04    0.528  0.0587 2.911e-06 6.798e-06   0.0184 1.74e-03 1.12e-01 2.83e-01  0.2461  0.008 -2.63e-06
1960  0.547  6.862e-05  1.302e-04    0.527  0.0583 2.818e-06 6.571e-06   0.0169 1.74e-03 1.11e-01 2.85e-01  0.2470  0.008 -2.71e-06
1988  0.555  6.692e-05  1.271e-04    0.526  0.0577 2.729e-06 6.353e-06   0.0156 1.75e-03 1.10e-01 2.86e-01  0.2479  0.008 -2.78e-06
2016  0.562  6.527e-05  1.242e-04    0.526  0.0570 2.642e-06 6.144e-06   0.0142 1.76e-03 1.08e-01 2.88e-01  0.2488  0.008 -2.86e-06
2044  0.570  6.366e-05  1.213e-04    0.525  0.0562 2.559e-06 5.943e-06   0.0129 1.77e-03 1.07e-01 2.89e-01  0.2498  0.007 -2.94e-06
2072  0.578  6.210e-05  1.186e-04    0.524  0.0553 2.477e-06 5.750e-06   0.0117 1.77e-03 1.06e-01 2.90e-01  0.2507  0.007 -3.02e-06
2100  0.586  6.059e-05  1.159e-04    0.523  0.0543 2.399e-06 5.565e-06   0.0104 1.78e-03 1.04e-01 2.92e-01  0.2516  0.007 -3.10e-06
2128  0.594  5.911e-05  1.133e-04    0.522  0.0532 2.322e-06 5.386e-06   0.0093 1.79e-03 1.03e-01 2.93e-01  0.2524  0.007 -3.18e-06
2156  0.602  5.768e-05  1.108e-04    0.520  0.0522 2.248e-06 5.215e-06   0.0081 1.79e-03 1.01e-01 2.95e-01  0.2534  0.007 -3.26e-06
2184  0.609  5.628e-05  1.084e-04    0.519  0.0511 2.177e-06 5.049e-06   0.0070 1.80e-03 9.93e-02 2.96e-01  0.2546  0.007 -3.34e-06
2212  0.617  5.493e-05  1.061e-04    0.518  0.0501 2.108e-06 4.890e-06   0.0060 1.80e-03 9.75e-02 2.98e-01  0.2558  0.007 -3.42e-06
2240  0.625  5.361e-05  1.038e-04    0.516  0.0490 2.041e-06 4.738e-06   0.0050 1.81e-03 9.56e-02 2.99e-01  0.2570  0.007 -3.50e-06
2268  0.633  5.233e-05  1.016e-04    0.515  0.0478 1.977e-06 4.590e-06   0.0040 1.82e-03 9.36e-02 3.01e-01  0.2581  0.007 -3.59e-06
2296  0.641  5.109e-05  9.952e-05    0.513  0.0467 1.914e-06 4.449e-06   0.0030 1.82e-03 9.15e-02 3.02e-01  0.2592  0.007 -3.67e-06
2324  0.648  4.988e-05  9.747e-05    0.512  0.0454 1.854e-06 4.312e-06   0.0021 1.83e-03 8.94e-02 3.03e-01  0.2602  0.007 -3.75e-06
2352  0.656  4.870e-05  9.548e-05    0.510  0.0442 1.795e-06 4.181e-06   0.0012 1.83e-03 8.75e-02 3.05e-01  0.2611  0.007 -3.84e-06
2380  0.664  4.756e-05  9.355e-05    0.508  0.0428 1.739e-06 4.054e-06   0.0003 1.84e-03 8.56e-02 3.06e-01  0.2621  0.007 -3.92e-06
2408  0.672  4.646e-05  9.169e-05    0.507  0.0414 1.685e-06 3.932e-06  -0.0005 1.84e-03 8.37e-02 3.08e-01  0.2632  0.007 -4.01e-06
2436  0.680  4.538e-05  8.988e-05    0.505  0.0399 1.632e-06 3.815e-06  -0.0014 1.85e-03 8.17e-02 3.09e-01  0.2643  0.007 -4.10e-06
2464  0.688  4.434e-05  8.812e-05    0.503  0.0384 1.582e-06 3.702e-06  -0.0022 1.85e-03 7.97e-02 3.11e-01  0.2654  0.007 -4.18e-06
2492  0.695  4.333e-05  8.642e-05    0.501  0.0369 1.533e-06 3.593e-06  -0.0030 1.86e-03 7.77e-02 3.12e-01  0.2664  0.006 -4.27e-06
2520  0.703  4.235e-05  8.477e-05    0.500  0.0354 1.486e-06 3.488e-06  -0.0038 1.86e-03 7.56e-02 3.13e-01  0.2672  0.006 -4.36e-06
2548  0.711  4.139e-05  8.316e-05    0.498  0.0338 1.441e-06 3.387e-06  -0.0046 1.87e-03 7.37e-02 3.15e-01  0.2680  0.006 -4.45e-06
2576  0.719  4.047e-05  8.160e-05    0.496  0.0322 1.397e-06 3.289e-06  -0.0054 1.87e-03 7.18e-02 3.16e-01  0.2688  0.006 -4.53e-06
2604  0.727  3.957e-05  8.008e-05    0.494  0.0306 1.355e-06 3.196e-06  -0.0062 1.88e-03 6.99e-02 3.17e-01  0.2696  0.006 -4.62e-06
2632  0.734  3.870e-05  7.861e-05    0.492  0.0290 1.315e-06 3.105e-06  -0.0069 1.88e-03 6.80e-02 3.19e-01  0.2705  0.006 -4.71e-06
2660  0.742  3.785e-05  7.718e-05    0.490  0.0274 1.276e-06 3.018e-06  -0.0077 1.88e-03 6.61e-02 3.20e-01  0.2713  0.006 -4.81e-06
2688  0.750  3.703e-05  7.579e-05    0.489  0.0258 1.238e-06 2.934e-06  -0.0085 1.89e-03 6.44e-02 3.21e-01  0.2721  0.006 -4.90e-06
2716  0.758  3.623e-05  7.444e-05    0.487  0.0242 1.202e-06 2.853e-06  -0.0093 1.89e-03 6.27e-02 3.23e-01  0.2729  0.006 -4.99e-06
2744  0.766  3.546e-05  7.312e-05    0.485  0.0227 1.168e-06 2.775e-06  -0.0101 1.89e-03 6.11e-02 3.24e-01  0.2737  0.006 -5.08e-06
2772  0.773  3.470e-05  7.183e-05    0.483  0.0212 1.134e-06 2.700e-06  -0.0108 1.90e-03 5.95e-02 3.25e-01  0.2743  0.006 -5.17e-06
2800  0.781  3.397e-05  7.058e-05    0.481  0.0198 1.102e-06 2.627e-06  -0.0116 1.90e-03 5.78e-02 3.27e-01  0.2750  0.006 -5.27e-06
2828  0.789  3.326e-05  6.937e-05    0.480  0.0184 1.071e-06 2.557e-06  -0.0124 1.90e-03 5.62e-02 3.28e-01  0.2756  0.006 -5.36e-06
2856  0.797  3.257e-05  6.818e-05    0.478  0.0170 1.042e-06 2.490e-06  -0.0131 1.91e-03 5.47e-02 3.29e-01  0.2763  0.006 -5.45e-06
2884  0.805  3.190e-05  6.703e-05    0.476  0.0157 1.013e-06 2.425e-06  -0.0139 1.91e-03 5.33e-02 3.30e-01  0.2771  0.006 -5.55e-06
2912  0.812  3.125e-05  6.591e-05    0.474  0.0143 9.856e-07 2.362e-06  -0.0147 1.91e-03 5.21e-02 3.32e-01  0.2778  0.006 -5.64e-06
2940  0.820  3.062e-05  6.481e-05    0.472  0.0130 9.591e-07 2.301e-06  -0.0155 1.91e-03 5.08e-02 3.33e-01  0.2785  0.006 -5.74e-06
2968  0.828  3.000e-05  6.374e-05    0.471  0.0117 9.336e-07 2.242e-06  -0.0162 1.92e-03 4.97e-02 3.34e-01  0.2791  0.006 -5.84e-06
2996  0.836  2.940e-05  6.270e-05    0.469  0.0104 9.089e-07 2.186e-06  -0.0170 1.92e-03 4.87e-02 3.35e-01  0.2797  0.006 -5.93e-06
3024  0.844  2.882e-05  6.168e-05    0.467  0.0091 8.852e-07 2.131e-06  -0.0177 1.92e-03 4.77e-02 3.36e-01  0.2804  0.006 -6.02e-06
3052  0.852  2.825e-05  6.068e-05    0.466  0.0078 8.623e-07 2.078e-06  -0.0184 1.92e-03 4.67e-02 3.37e-01  0.2810  0.006 -6.12e-06
3080  0.859  2.770e-05  5.971e-05    0.464  0.0065 8.402e-07 2.027e-06  -0.0192 1.92e-03 4.57e-02 3.38e-01  0.2817  0.006 -6.22e-06
3108  0.867  2.717e-05  5.877e-05    0.462  0.0053 8.189e-07 1.977e-06  -0.0199 1.93e-03 4.46e-02 3.40e-01  0.2824  0.005 -6.32e-06
3136  0.875  2.664e-05  5.784e-05    0.461  0.0041 7.983e-07 1.929e-06  -0.0206 1.93e-03 4.37e-02 3.41e-01  0.2832  0.005 -6.42e-06
3164  0.883  2.613e-05  5.694e-05    0.459  0.0029 7.784e-07 1.883e-06  -0.0214 1.93e-03 4.27e-02 3.42e-01  0.2839  0.005 -6.52e-06
3192  0.891  2.564e-05  5.606e-05    0.457  0.0018 7.592e-07 1.838e-06  -0.0221 1.93e-03 4.18e-02 3.43e-01  0.2846  0.005 -6.62e-06
3220  0.898  2.516e-05  5.519e-05    0.456  0.0007 7.406e-07 1.794e-06  -0.0228 1.93e-03 4.10e-02 3.44e-01  0.2854  0.005 -6.72e-06
3248  0.906  2.468e-05  5.435e-05    0.454 -0.0003 7.227e-07 1.752e-06  -0.0234 1.93e-03 4.02e-02 3.45e-01  0.2861  0.005 -6.82e-06
3276  0.914  2.423e-05  5.353e-05    0.453 -0.0013 7.053e-07 1.711e-06  -0.0241 1.93e-03 3.93e-02 3.46e-01  0.2868  0.005 -6.93e-06
3304  0.922  2.378e-05  5.272e-05    0.451 -0.0022 6.885e-07 1.671e-06  -0.0248 1.93e-03 3.85e-02 3.47e-01  0.2875  0.005 -7.03e-06
3332  0.930  2.334e-05  5.193e-05    0.450 -0.0031 6.722e-07 1.633e-06  -0.0255 1.93e-03 3.80e-02 3.48e-01  0.2882  0.005 -7.14e-06
3360  0.938  2.292e-05  5.116e-05    0.448 -0.0040 6.565e-07 1.596e-06  -0.0261 1.94e-03 3.77e-02 3.49e-01  0.2890  0.005 -7.24e-06
3388  0.945  2.250e-05  5.040e-05    0.446 -0.0048 6.412e-07 1.559e-06  -0.0268 1.94e-03 3.74e-02 3.50e-01  0.2897  0.005 -7.35e-06
3416  0.953  2.210e-05  4.967e-05    0.445 -0.0056 6.264e-07 1.524e-06  -0.0274 1.94e-03 3.71e-02 3.51e-01  0.2904  0.005 -7.45e-06
3444  0.961  2.170e-05  4.894e-05    0.443 -0.0064 6.121e-07 1.490e-06  -0.0281 1.94e-03 3.68e-02 3.52e-01  0.2910  0.005 -7.56e-06
3472  0.969  2.132e-05  4.823e-05    0.442 -0.0072 5.981e-07 1.457e-06  -0.0287 1.94e-03 3.65e-02 3.53e-01  0.2916  0.005 -7.66e-06
3500  0.977  2.094e-05  4.754e-05    0.441 -0.0079 5.846e-07 1.424e-06  -0.0293 1.94e-03 3.61e-02 3.54e-01  0.2923  0.005 -7.77e-06
3528  0.984  2.057e-05  4.686e-05    0.439 -0.0086 5.715e-07 1.393e-06  -0.0299 1.94e-03 3.58e-02 3.56e-01  0.2929  0.005 -7.89e-06
3556  0.992  2.022e-05  4.620e-05    0.438 -0.0093 5.588e-07 1.362e-06  -0.0305 1.94e-03 3.55e-02 3.57e-01  0.2936  0.005 -8.00e-06
3584  1.000  1.987e-05  4.554e-05    0.436 -0.0100 5.464e-07 1.333e-06  -0.0311 1.94e-03 3.52e-02 3.58e-01  0.2942  0.005 -8.11e-06
3612  1.008  1.952e-05  4.491e-05    0.435 -0.0106 5.344e-07 1.304e-06  -0.0317 1.94e-03 3.49e-02 3.59e-01  0.2948  0.005 -8.22e-06
3640  1.016  1.919e-05  4.428e-05    0.433 -0.0113 5.227e-07 1.276e-06  -0.0323 1.94e-03 3.47e-02 3.60e-01  0.2954  0.005 -8.33e-06
3668  1.023  1.886e-05  4.367e-05    0.432 -0.0119 5.114e-07 1.248e-06  -0.0329 1.94e-03 3.45e-02 3.61e-01  0.2960  0.005 -8.45e-06
3696  1.031  1.854e-05  4.307e-05    0.431 -0.0125 5.004e-07 1.222e-06  -0.0335 1.94e-03 3.44e-02 3.62e-01  0.2966  0.005 -8.56e-06
3724  1.039  1.823e-05  4.248e-05    0.429 -0.0130 4.896e-07 1.196e-06  -0.0341 1.94e-03 3.43e-02 3.63e-01  0.2971  0.005 -8.67e-06
3752  1.047  1.792e-05  4.190e-05    0.428 -0.0136 4.792e-07 1.170e-06  -0.0347 1.94e-03 3.41e-02 3.64e-01  0.2977  0.005 -8.79e-06
3780  1.055  1.763e-05  4.133e-05    0.426 -0.0141 4.690e-07 1.146e-06  -0.0353 1.94e-03 3.40e-02 3.65e-01  0.2982  0.005 -8.91e-06
3808  1.062  1.733e-05  4.078e-05    0.425 -0.0146 4.591e-07 1.122e-06  -0.0359 1.94e-03 3.38e-02 3.66e-01  0.2988  0.005 -9.03e-06
3836  1.070  1.705e-05  4.023e-05    0.424 -0.0150 4.495e-07 1.098e-06  -0.0364 1.94e-03 3.36e-02 3.67e-01  0.2993  0.005 -9.15e-06
3864  1.078  1.677e-05  3.970e-05    0.422 -0.0154 4.401e-07 1.075e-06  -0.0370 1.94e-03 3.34e-02 3.68e-01  0.2998  0.005 -9.26e-06
3892  1.086  1.650e-05  3.918e-05    0.421 -0.0158 4.309e-07 1.053e-06  -0.0376 1.94e-03 3.32e-02 3.69e-01  0.3003  0.005 -9.38e-06
3920  1.094  1.623e-05  3.866e-05    0.420 -0.0162 4.220e-07 1.031e-06  -0.0382 1.94e-03 3.31e-02 3.70e-01  0.3008  0.005 -9.50e-06
3948  1.102  1.597e-05  3.816e-05    0.418 -0.0165 4.134e-07 1.010e-06  -0.0388 1.94e-03 3.28e-02 3.71e-01  0.3012  0.005 -9.62e-06
3976  1.109  1.571e-05  3.766e-05    0.417 -0.0169 4.049e-07 9.897e-07  -0.0394 1.93e-03 3.26e-02 3.72e-01  0.3017  0.005 -9.75e-06
4004  1.117  1.546e-05  3.718e-05    0.416 -0.0172 3.966e-07 9.696e-07  -0.0400 1.93e-03 3.24e-02 3.73e-01  0.3021  0.005 -9.87e-06
4032  1.125  1.521e-05  3.670e-05    0.415 -0.0175 3.886e-07 9.500e-07  -0.0406 1.93e-03 3.22e-02 3.74e-01  0.3026  0.004 -1.00e-05
4060  1.133  1.497e-05  3.623e-05    0.413 -0.0178 3.808e-07 9.309e-07  -0.0412 1.93e-03 3.20e-02 3.75e-01  0.3030  0.004 -1.01e-05
4088  1.141  1.474e-05  3.578e-05    0.412 -0.0182 3.731e-07 9.122e-07  -0.0418 1.93e-03 3.17e-02 3.76e-01  0.3034  0.004 -1.02e-05
4116  1.148  1.451e-05  3.533e-05    0.411 -0.0185 3.656e-07 8.940e-07  -0.0425 1.93e-03 3.15e-02 3.77e-01  0.3038  0.004 -1.04e-05
4144  1.156  1.428e-05  3.488e-05    0.409 -0.0187 3.584e-07 8.762e-07  -0.0431 1.93e-03 3.12e-02 3.78e-01  0.3043  0.004 -1.05e-05
4172  1.164  1.406e-05  3.445e-05    0.408 -0.0190 3.512e-07 8.589e-07  -0.0437 1.93e-03 3.10e-02 3.80e-01  0.3047  0.004 -1.06e-05
4200  1.172  1.384e-05  3.402e-05    0.407 -0.0193 3.443e-07 8.420e-07  -0.0443 1.93e-03 3.07e-02 3.81e-01  0.3051  0.004 -1.08e-05
4228  1.180  1.363e-05  3.361e-05    0.406 -0.0195 3.375e-07 8.255e-07  -0.0450 1.93e-03 3.05e-02 3.82e-01  0.3055  0.004 -1.09e-05
4256  1.188  1.342e-05  3.319e-05    0.404 -0.0198 3.309e-07 8.093e-07  -0.0456 1.93e-03 3.02e-02 3.83e-01  0.3059  0.004 -1.10e-05
4284  1.195  1.322e-05  3.279e-05    0.403 -0.0200 3.245e-07 7.936e-07  -0.0463 1.93e-03 3.00e-02 3.84e-01  0.3063  0.004 -1.12e-05
4312  1.203  1.302e-05  3.239e-05    0.402 -0.0202 3.182e-07 7.783e-07  -0.0470 1.92e-03 2.97e-02 3.85e-01  0.3067  0.004 -1.13e-05
4340  1.211  1.282e-05  3.201e-05    0.401 -0.0204 3.120e-07 7.633e-07  -0.0476 1.92e-03 2.94e-02 3.86e-01  0.3071  0.004 -1.14e-05
4368  1.219  1.263e-05  3.162e-05    0.399 -0.0206 3.060e-07 7.486e-07  -0.0483 1.92e-03 2.91e-02 3.87e-01  0.3074  0.004 -1.15e-05
4396  1.227  1.244e-05  3.125e-05    0.398 -0.0208 3.001e-07 7.343e-07  -0.0490 1.92e-03 2.89e-02 3.88e-01  0.3078  0.004 -1.17e-05
4424  1.234  1.225e-05  3.088e-05    0.397 -0.0210 2.944e-07 7.204e-07  -0.0497 1.92e-03 2.86e-02 3.89e-01  0.3082  0.004 -1.18e-05
4452  1.242  1.207e-05  3.052e-05    0.396 -0.0212 2.888e-07 7.067e-07  -0.0504 1.92e-03 2.83e-02 3.90e-01  0.3086  0.004 -1.20e-05
4480  1.250  1.189e-05  3.016e-05    0.394 -0.0213 2.833e-07 6.934e-07  -0.0512 1.92e-03 2.80e-02 3.91e-01  0.3089  0.004 -1.21e-05
4508  1.258  1.172e-05  2.981e-05    0.393 -0.0215 2.779e-07 6.804e-07  -0.0519 1.92e-03 2.77e-02 3.92e-01  0.3093  0.004 -1.22e-05
4536  1.266  1.155e-05  2.947e-05    0.392 -0.0216 2.727e-07 6.677e-07  -0.0526 1.91e-03 2.74e-02 3.93e-01  0.3097  0.004 -1.24e-05
4564  1.273  1.138e-05  2.913e-05    0.391 -0.0218 2.676e-07 6.553e-07  -0.0534 1.91e-03 2.72e-02 3.94e-01  0.3101  0.004 -1.25e-05
4592  1.281  1.121e-05  2.880e-05    0.389 -0.0219 2.626e-07 6.432e-07  -0.0541 1.91e-03 2.69e-02 3.96e-01  0.3104  0.004 -1.26e-05
4620  1.289  1.105e-05  2.847e-05    0.388 -0.0221 2.577e-07 6.314e-07  -0.0549 1.91e-03 2.66e-02 3.97e-01  0.3108  0.004 -1.28e-05
4648  1.297  1.089e-05  2.815e-05    0.387 -0.0222 2.529e-07 6.198e-07  -0.0557 1.91e-03 2.63e-02 3.98e-01  0.3111  0.004 -1.29e-05
4676  1.305  1.074e-05  2.783e-05    0.386 -0.0224 2.482e-07 6.085e-07  -0.0565 1.91e-03 2.60e-02 3.99e-01  0.3115  0.004 -1.31e-05
4704  1.312  1.058e-05  2.752e-05    0.385 -0.0225 2.436e-07 5.974e-07  -0.0573 1.91e-03 2.57e-02 4.00e-01  0.3119  0.004 -1.32e-05
4732  1.320  1.043e-05  2.722e-05    0.383 -0.0226 2.392e-07 5.867e-07  -0.0581 1.90e-03 2.55e-02 4.01e-01  0.3122  0.004 -1.34e-05
4760  1.328  1.028e-05  2.692e-05    0.382 -0.0228 2.348e-07 5.761e-07  -0.0589 1.90e-03 2.52e-02 4.02e-01  0.3125  0.004 -1.35e-05
4788  1.336  1.014e-05  2.663e-05    0.381 -0.0229 2.305e-07 5.658e-07  -0.0597 1.90e-03 2.49e-02 4.03e-01  0.3129  0.004 -1.37e-05
4816  1.344  9.997e-06  2.634e-05    0.380 -0.0231 2.263e-07 5.557e-07  -0.0606 1.90e-03 2.47e-02 4.04e-01  0.3132  0.004 -1.38e-05
4844  1.352  9.857e-06  2.605e-05    0.378 -0.0232 2.222e-07 5.459e-07  -0.0614 1.90e-03 2.44e-02 4.05e-01  0.3135  0.004 -1.40e-05
4872  1.359  9.719e-06  2.577e-05    0.377 -0.0233 2.182e-07 5.363e-07  -0.0623 1.90e-03 2.41e-02 4.06e-01  0.3139  0.004 -1.41e-05
4900  1.367  9.584e-06  2.549e-05    0.376 -0.0234 2.143e-07 5.268e-07  -0.0632 1.89e-03 2.39e-02 4.07e-01  0.3142  0.004 -1.43e-05
4928  1.375  9.451e-06  2.522e-05    0.375 -0.0235 2.105e-07 5.176e-07  -0.0641 1.89e-03 2.36e-02 4.08e-01  0.3145  0.004 -1.44e-05
4956  1.383  9.320e-06  2.496e-05    0.373 -0.0237 2.067e-07 5.087e-07  -0.0650 1.89e-03 2.34e-02 4.09e-01  0.3148  0.004 -1.46e-05
4984  1.391  9.192e-06  2.469e-05    0.372 -0.0238 2.030e-07 4.999e-07  -0.0659 1.89e-03 2.31e-02 4.10e-01  0.3152  0.004 -1.47e-05
5012  1.398  9.066e-06  2.444e-05    0.371 -0.0239 1.994e-07 4.913e-07  -0.0668 1.89e-03 2.28e-02 4.11e-01  0.3155  0.004 -1.49e-05
5040  1.406  8.942e-06  2.418e-05    0.370 -0.0240 1.959e-07 4.829e-07  -0.0677 1.89e-03 2.26e-02 4.12e-01  0.3158  0.004 -1.50e-05
5068  1.414  8.821e-06  2.393e-05    0.369 -0.0241 1.925e-07 4.746e-07  -0.0686 1.88e-03 2.23e-02 4.13e-01  0.3161  0.004 -1.52e-05
5096  1.422  8.701e-06  2.369e-05    0.367 -0.0242 1.891e-07 4.666e-07  -0.0696 1.88e-03 2.21e-02 4.14e-01  0.3164  0.004 -1.53e-05
5124  1.430  8.584e-06  2.344e-05    0.366 -0.0243 1.858e-07 4.587e-07  -0.0705 1.88e-03 2.18e-02 4.15e-01  0.3167  0.004 -1.55e-05
5152  1.438  8.468e-06  2.320e-05    0.365 -0.0245 1.826e-07 4.510e-07  -0.0715 1.88e-03 2.16e-02 4.16e-01  0.3170  0.004 -1.56e-05
5180  1.445  8.355e-06  2.297e-05    0.364 -0.0246 1.794e-07 4.435e-07  -0.0725 1.88e-03 2.13e-02 4.17e-01  0.3173  0.004 -1.58e-05
5208  1.453  8.243e-06  2.274e-05    0.363 -0.0247 1.763e-07 4.362e-07  -0.0735 1.87e-03 2.11e-02 4.18e-01  0.3176  0.004 -1.59e-05
5236  1.461  8.133e-06  2.251e-05    0.361 -0.0248 1.733e-07 4.289e-07  -0.0744 1.87e-03 2.08e-02 4.19e-01  0.3179  0.004 -1.61e-05
5264  1.469  8.025e-06  2.229e-05    0.360 -0.0250 1.703e-07 4.219e-07  -0.0754 1.87e-03 2.05e-02 4.20e-01  0.3182  0.004 -1.63e-05
5292  1.477  7.919e-06  2.207e-05    0.359 -0.0251 1.674e-07 4.150e-07  -0.0765 1.87e-03 2.03e-02 4.21e-01  0.3184  0.004 -1.64e-05
5320  1.484  7.815e-06  2.185e-05    0.358 -0.0252 1.646e-07 4.083e-07  -0.0775 1.87e-03 2.01e-02 4.22e-01  0.3187  0.004 -1.66e-05
5348  1.492  7.713e-06  2.164e-05    0.356 -0.0253 1.618e-07 4.017e-07  -0.0785 1.87e-03 1.98e-02 4.23e-01  0.3190  0.004 -1.68e-05
5376  1.500  7.612e-06  2.143e-05    0.355 -0.0255 1.591e-07 3.952e-07  -0.0795 1.86e-03 1.96e-02 4.24e-01  0.3192  0.004 -1.69e-05
5404  1.508  7.513e-06  2.122e-05    0.354 -0.0256 1.564e-07 3.889e-07  -0.0806 1.86e-03 1.93e-02 4.25e-01  0.3195  0.003 -1.71e-05
5432  1.516  7.415e-06  2.101e-05    0.353 -0.0257 1.538e-07 3.827e-07  -0.0816 1.86e-03 1.91e-02 4.25e-01  0.3198  0.003 -1.72e-05
5460  1.523  7.319e-06  2.081e-05    0.352 -0.0259 1.512e-07 3.766e-07  -0.0827 1.86e-03 1.89e-02 4.26e-01  0.3200  0.003 -1.74e-05
5488  1.531  7.225e-06  2.061e-05    0.350 -0.0260 1.487e-07 3.707e-07  -0.0838 1.86e-03 1.87e-02 4.27e-01  0.3203  0.003 -1.76e-05
5516  1.539  7.132e-06  2.042e-05    0.349 -0.0261 1.462e-07 3.649e-07  -0.0848 1.85e-03 1.85e-02 4.28e-01  0.3206  0.003 -1.77e-05
5544  1.547  7.041e-06  2.023e-05    0.348 -0.0262 1.438e-07 3.592e-07  -0.0859 1.85e-03 1.84e-02 4.29e-01  0.3208  0.003 -1.79e-05
5572  1.555  6.951e-06  2.004e-05    0.347 -0.0264 1.414e-07 3.536e-07  -0.0870 1.85e-03 1.82e-02 4.30e-01  0.3211  0.003 -1.81e-05
5600  1.562  6.863e-06  1.985e-05    0.346 -0.0265 1.391e-07 3.481e-07  -0.0881 1.85e-03 1.81e-02 4.31e-01  0.3213  0.003 -1.82e-05
5628  1.570  6.776e-06  1.967e-05    0.345 -0.0266 1.369e-07 3.428e-07  -0.0892 1.85e-03 1.79e-02 4.32e-01  0.3215  0.003 -1.84e-05
5656  1.578  6.691e-06  1.948e-05    0.343 -0.0268 1.346e-07 3.376e-07  -0.0903 1.84e-03 1.78e-02 4.33e-01  0.3218  0.003 -1.86e-05
5684  1.586  6.607e-06  1.930e-05    0.342 -0.0269 1.325e-07 3.324e-07  -0.0914 1.84e-03 1.76e-02 4.34e-01  0.3220  0.003 -1.88e-05
5712  1.594  6.524e-06  1.913e-05    0.341 -0.0271 1.303e-07 3.274e-07  -0.0926 1.84e-03 1.75e-02 4.34e-01  0.3223  0.003 -1.89e-05
5740  1.602  6.443e-06  1.895e-05    0.340 -0.0272 1.282e-07 3.225e-07  -0.0937 1.84e-03 1.74e-02 4.35e-01  0.3225  0.003 -1.91e-05
5768  1.609  6.363e-06  1.878e-05    0.339 -0.0273 1.262e-07 3.176e-07  -0.0948 1.83e-03 1.72e-02 4.36e-01  0.3227  0.003 -1.93e-05
5796  1.617  6.284e-06  1.861e-05    0.338 -0.0275 1.242e-07 3.129e-07  -0.0959 1.83e-03 1.71e-02 4.37e-01  0.3230  0.003 -1.95e-05
5824  1.625  6.207e-06  1.845e-05    0.336 -0.0276 1.222e-07 3.083e-07  -0.0971 1.83e-03 1.69e-02 4.38e-01  0.3232  0.003 -1.96e-05
5852  1.633  6.130e-06  1.828e-05    0.335 -0.0278 1.203e-07 3.037e-07  -0.0982 1.83e-03 1.68e-02 4.39e-01  0.3234  0.003 -1.98e-05
5880  1.641  6.055e-06  1.812e-05    0.334 -0.0279 1.184e-07 2.993e-07  -0.0994 1.83e-03 1.67e-02 4.39e-01  0.3236  0.003 -2.00e-05
5908  1.648  5.981e-06  1.796e-05    0.333 -0.0281 1.165e-07 2.949e-07  -0.1006 1.82e-03 1.66e-02 4.40e-01  0.3238  0.003 -2.02e-05
5936  1.656  5.909e-06  1.780e-05    0.332 -0.0283 1.147e-07 2.906e-07  -0.1017 1.82e-03 1.64e-02 4.41e-01  0.3240  0.003 -2.03e-05
5964  1.664  5.837e-06  1.765e-05    0.331 -0.0284 1.129e-07 2.864e-07  -0.1029 1.82e-03 1.63e-02 4.42e-01  0.3242  0.003 -2.05e-05
5992  1.672  5.767e-06  1.749e-05    0.330 -0.0286 1.112e-07 2.823e-07  -0.1041 1.82e-03 1.62e-02 4.43e-01  0.3244  0.003 -2.07e-05
6020  1.680  5.698e-06  1.734e-05    0.329 -0.0287 1.094e-07 2.783e-07  -0.1052 1.82e-03 1.61e-02 4.43e-01  0.3246  0.003 -2.09e-05
6048  1.688  5.629e-06  1.719e-05    0.327 -0.0289 1.078e-07 2.743e-07  -0.1064 1.81e-03 1.60e-02 4.44e-01  0.3248  0.003 -2.11e-05
6076  1.695  5.562e-06  1.704e-05    0.326 -0.0290 1.061e-07 2.705e-07  -0.1076 1.81e-03 1.59e-02 4.45e-01  0.3250  0.003 -2.12e-05
6104  1.703  5.496e-06  1.690e-05    0.325 -0.0292 1.045e-07 2.666e-07  -0.1088 1.81e-03 1.57e-02 4.46e-01  0.3252  0.003 -2.14e-05
6132  1.711  5.431e-06  1.675e-05    0.324 -0.0294 1.029e-07 2.629e-07  -0.1100 1.81e-03 1.56e-02 4.46e-01  0.3254  0.003 -2.16e-05
6160  1.719  5.367e-06  1.661e-05    0.323 -0.0295 1.013e-07 2.592e-07  -0.1111 1.80e-03 1.55e-02 4.47e-01  0.3255  0.003 -2.18e-05
6188  1.727  5.304e-06  1.647e-05    0.322 -0.0297 9.981e-08 2.556e-07  -0.1123 1.80e-03 1.54e-02 4.48e-01  0.3257  0.003 -2.20e-05
6216  1.734  5.242e-06  1.633e-05    0.321 -0.0299 9.831e-08 2.521e-07  -0.1135 1.80e-03 1.53e-02 4.49e-01  0.3258  0.003 -2.22e-05
6244  1.742  5.181e-06  1.620e-05    0.320 -0.0300 9.684e-08 2.487e-07  -0.1147 1.80e-03 1.52e-02 4.49e-01  0.3260  0.003 -2.23e-05
6272  1.750  5.121e-06  1.606e-05    0.319 -0.0302 9.539e-08 2.453e-07  -0.1159 1.80e-03 1.51e-02 4.50e-01  0.3262  0.003 -2.25e-05
6300  1.758  5.061e-06  1.593e-05    0.318 -0.0304 9.398e-08 2.419e-07  -0.1171 1.79e-03 1.50e-02 4.51e-01  0.3263  0.003 -2.27e-05
6328  1.766  5.003e-06  1.580e-05    0.317 -0.0306 9.259e-08 2.386e-07  -0.1183 1.79e-03 1.48e-02 4.52e-01  0.3265  0.003 -2.29e-05
6356  1.773  4.945e-06  1.567e-05    0.316 -0.0307 9.122e-08 2.354e-07  -0.1195 1.79e-03 1.47e-02 4.52e-01  0.3266  0.003 -2.31e-05
6384  1.781  4.889e-06  1.554e-05    0.315 -0.0309 8.989e-08 2.323e-07  -0.1207 1.79e-03 1.46e-02 4.53e-01  0.3267  0.003 -2.33e-05
6412  1.789  4.833e-06  1.542e-05    0.314 -0.0311 8.857e-08 2.292e-07  -0.1219 1.78e-03 1.45e-02 4.54e-01  0.3269  0.003 -2.35e-05
6440  1.797  4.778e-06  1.529e-05    0.312 -0.0313 8.728e-08 2.261e-07  -0.1231 1.78e-03 1.44e-02 4.54e-01  0.3270  0.003 -2.37e-05
6468  1.805  4.724e-06  1.517e-05    0.311 -0.0315 8.602e-08 2.231e-07  -0.1243 1.78e-03 1.43e-02 4.55e-01  0.3271  0.003 -2.39e-05
6496  1.812  4.671e-06  1.505e-05    0.310 -0.0316 8.477e-08 2.202e-07  -0.1256 1.78e-03 1.43e-02 4.56e-01  0.3272  0.003 -2.40e-05
6524  1.820  4.618e-06  1.493e-05    0.309 -0.0318 8.355e-08 2.173e-07  -0.1268 1.78e-03 1.42e-02 4.56e-01  0.3274  0.003 -2.42e-05
6552  1.828  4.567e-06  1.481e-05    0.308 -0.0320 8.236e-08 2.145e-07  -0.1280 1.77e-03 1.41e-02 4.57e-01  0.3275  0.003 -2.44e-05
6580  1.836  4.516e-06  1.469e-05    0.307 -0.0322 8.118e-08 2.117e-07  -0.1292 1.77e-03 1.40e-02 4.58e-01  0.3276  0.003 -2.46e-05
6608  1.844  4.466e-06  1.457e-05    0.306 -0.0324 8.003e-08 2.090e-07  -0.1304 1.77e-03 1.39e-02 4.58e-01  0.3277  0.003 -2.48e-05
6636  1.852  4.416e-06  1.446e-05    0.305 -0.0326 7.889e-08 2.063e-07  -0.1316 1.77e-03 1.38e-02 4.59e-01  0.3278  0.003 -2.50e-05
6664  1.859  4.368e-06  1.435e-05    0.304 -0.0328 7.778e-08 2.036e-07  -0.1328 1.76e-03 1.37e-02 4.60e-01  0.3279  0.003 -2.52e-05
6692  1.867  4.320e-06  1.424e-05    0.303 -0.0330 7.669e-08 2.010e-07  -0.1340 1.76e-03 1.36e-02 4.60e-01  0.3280  0.003 -2.54e-05
6720  1.875  4.272e-06  1.412e-05    0.302 -0.0332 7.561e-08 1.985e-07  -0.1352 1.76e-03 1.35e-02 4.61e-01  0.3282  0.003 -2.56e-05
6748  1.883  4.226e-06  1.402e-05    0.302 -0.0334 7.456e-08 1.960e-07  -0.1364 1.76e-03 1.34e-02 4.61e-01  0.3283  0.003 -2.58e-05
6776  1.891  4.180e-06  1.391e-05    0.301 -0.0336 7.352e-08 1.935e-07  -0.1376 1.75e-03 1.33e-02 4.62e-01  0.3284  0.003 -2.60e-05
6804  1.898  4.135e-06  1.380e-05    0.300 -0.0338 7.251e-08 1.911e-07  -0.1388 1.75e-03 1.33e-02 4.63e-01  0.3285  0.003 -2.62e-05
6832  1.906  4.090e-06  1.370e-05    0.299 -0.0340 7.151e-08 1.887e-07  -0.1400 1.75e-03 1.32e-02 4.63e-01  0.3286  0.003 -2.64e-05
6860  1.914  4.046e-06  1.359e-05    0.298 -0.0342 7.053e-08 1.864e-07  -0.1412 1.75e-03 1.31e-02 4.64e-01  0.3287  0.003 -2.65e-05
6888  1.922  4.003e-06  1.349e-05    0.297 -0.0344 6.956e-08 1.841e-07  -0.1424 1.75e-03 1.30e-02 4.64e-01  0.3288  0.003 -2.67e-05
6916  1.930  3.960e-06  1.339e-05    0.296 -0.0346 6.861e-08 1.818e-07  -0.1436 1.74e-03 1.29e-02 4.65e-01  0.3289  0.003 -2.69e-05
6944  1.938  3.918e-06  1.329e-05    0.295 -0.0348 6.768e-08 1.796e-07  -0.1448 1.74e-03 1.29e-02 4.66e-01  0.3290  0.003 -2.71e-05
6972  1.945  3.877e-06  1.319e-05    0.294 -0.0350 6.677e-08 1.774e-07  -0.1460 1.74e-03 1.28e-02 4.66e-01  0.3291  0.003 -2.73e-05
7000  1.953  3.836e-06  1.309e-05    0.293 -0.0352 6.587e-08 1.752e-07  -0.1472 1.74e-03 1.27e-02 4.67e-01  0.3293  0.003 -2.75e-05
7028  1.961  3.795e-06  1.299e-05    0.292 -0.0354 6.499e-08 1.731e-07  -0.1484 1.73e-03 1.26e-02 4.67e-01  0.3294  0.003 -2.77e-05
7056  1.969  3.756e-06  1.290e-05    0.291 -0.0356 6.412e-08 1.710e-07  -0.1496 1.73e-03 1.26e-02 4.68e-01  0.3295  0.003 -2.79e-05
7084  1.977  3.716e-06  1.280e-05    0.290 -0.0359 6.326e-08 1.690e-07  -0.1508 1.73e-03 1.25e-02 4.69e-01  0.3296  0.003 -2.81e-05
7112  1.984  3.678e-06  1.271e-05    0.289 -0.0361 6.243e-08 1.669e-07  -0.1519 1.73e-03 1.24e-02 4.69e-01  0.3297  0.003 -2.83e-05
7140  1.992  3.640e-06  1.261e-05    0.289 -0.0363 6.160e-08 1.649e-07  -0.1531 1.72e-03 1.23e-02 4.70e-01  0.3299  0.003 -2.85e-05
7168  2.000  3.602e-06  1.252e-05    0.288 -0.0365 6.079e-08 1.630e-07  -0.1543 1.72e-03 1.23e-02 4.70e-01  0.3300  0.003 -2.87e-05
#
# wrote 129 frames to anim_frames/  (render with results/N_mhd_sphere/render_slices.py and render_volume.py)
