# tg_mhd (CUDA FP64)  hydro_noslip_nofield_n384_re1000_va1.41421  N=384 L=384 Re=1000 Pm=1 u0=0.05 nu_lat=6.095634e-03 eta_lat=6.095634e-03 tau_f=0.518287 tau_m=0.524383 dt=4.101296e-04 fw=profile
# t E_V E_M E_T H_C Omega_V Omega_M eps EM/EV OmM/OmV j_max w_max skew divb/j divb_wall/j mass_drift umax_lat fw1 fw2 fw4 tau_wall
0.000000 2.47395851e-01 0.00000000e+00 2.47395851e-01 0.00000000e+00 1.06897552e+02 0.00000000e+00 2.13795104e-01 0.000000e+00 0.000000e+00 0.000000e+00 2.586050e+02 -1.838940e-18 0.0000e+00 0.0000e+00 +0.0000e+00 0.07071 9.93267e-01 9.93550e-01 9.94118e-01 1.27040e-01
0.100072 2.38439789e-01 0.00000000e+00 2.38439789e-01 0.00000000e+00 2.45181569e+01 0.00000000e+00 4.90363138e-02 0.000000e+00 0.000000e+00 0.000000e+00 8.031273e+01 2.031380e-01 0.0000e+00 0.0000e+00 +1.5836e-05 0.07113 9.65584e-01 9.71932e-01 9.74401e-01 3.82680e-02
0.200143 2.34775688e-01 0.00000000e+00 2.34775688e-01 0.00000000e+00 1.78377885e+01 0.00000000e+00 3.56755769e-02 0.000000e+00 0.000000e+00 0.000000e+00 5.827366e+01 3.254361e-02 0.0000e+00 0.0000e+00 +1.0366e-05 0.07023 9.22675e-01 9.61125e-01 9.64522e-01 2.77156e-02
0.300215 2.31695623e-01 0.00000000e+00 2.31695623e-01 0.00000000e+00 1.47506370e+01 0.00000000e+00 2.95012741e-02 0.000000e+00 0.000000e+00 0.000000e+00 4.829695e+01 3.507830e-01 0.0000e+00 0.0000e+00 +1.6027e-06 0.07016 8.70726e-01 9.52062e-01 9.56540e-01 2.28958e-02
0.400286 2.28207293e-01 0.00000000e+00 2.28207293e-01 0.00000000e+00 1.30792648e+01 0.00000000e+00 2.61585297e-02 0.000000e+00 0.000000e+00 0.000000e+00 4.427678e+01 3.939583e-01 0.0000e+00 0.0000e+00 +1.8233e-05 0.06948 8.22616e-01 9.43523e-01 9.50316e-01 2.01443e-02
0.500358 2.26349411e-01 0.00000000e+00 2.26349411e-01 0.00000000e+00 1.21134967e+01 0.00000000e+00 2.42269933e-02 0.000000e+00 0.000000e+00 0.000000e+00 4.176312e+01 2.989226e-01 0.0000e+00 0.0000e+00 +4.3901e-06 0.06828 7.81356e-01 9.33912e-01 9.45109e-01 1.89127e-02
0.600430 2.24067433e-01 0.00000000e+00 2.24067433e-01 0.00000000e+00 1.10010061e+01 0.00000000e+00 2.20020121e-02 0.000000e+00 0.000000e+00 0.000000e+00 3.657081e+01 6.457012e-01 0.0000e+00 0.0000e+00 +6.0825e-06 0.06830 7.37329e-01 9.19537e-01 9.38007e-01 1.67358e-02
0.700501 2.21227200e-01 0.00000000e+00 2.21227200e-01 0.00000000e+00 1.08466230e+01 0.00000000e+00 2.16932459e-02 0.000000e+00 0.000000e+00 0.000000e+00 3.925750e+01 5.014118e-01 0.0000e+00 0.0000e+00 +1.6825e-05 0.06665 7.15718e-01 9.09108e-01 9.35359e-01 1.72839e-02
0.800573 2.19823651e-01 0.00000000e+00 2.19823651e-01 0.00000000e+00 1.02048741e+01 0.00000000e+00 2.04097481e-02 0.000000e+00 0.000000e+00 0.000000e+00 3.528474e+01 5.943115e-01 0.0000e+00 0.0000e+00 +5.4522e-07 0.06587 6.81209e-01 8.91438e-01 9.28731e-01 1.56348e-02
0.900645 2.17494432e-01 0.00000000e+00 2.17494432e-01 0.00000000e+00 9.91664434e+00 0.00000000e+00 1.98332887e-02 0.000000e+00 0.000000e+00 0.000000e+00 3.513945e+01 7.696149e-01 0.0000e+00 0.0000e+00 +1.1232e-05 0.06552 6.59039e-01 8.75536e-01 9.23859e-01 1.55646e-02
1.000716 2.15444075e-01 0.00000000e+00 2.15444075e-01 0.00000000e+00 9.95771736e+00 0.00000000e+00 1.99154347e-02 0.000000e+00 0.000000e+00 0.000000e+00 3.687141e+01 6.377642e-01 0.0000e+00 0.0000e+00 +1.2719e-05 0.06390 6.47592e-01 8.62320e-01 9.20764e-01 1.57830e-02
1.100788 2.13797146e-01 0.00000000e+00 2.13797146e-01 0.00000000e+00 9.72360053e+00 0.00000000e+00 1.94472011e-02 0.000000e+00 0.000000e+00 0.000000e+00 3.475027e+01 7.631438e-01 0.0000e+00 0.0000e+00 -5.4526e-07 0.06341 6.27029e-01 8.43957e-01 9.14628e-01 1.51611e-02
1.200859 2.11384856e-01 0.00000000e+00 2.11384856e-01 0.00000000e+00 9.56931362e+00 0.00000000e+00 1.91386272e-02 0.000000e+00 0.000000e+00 0.000000e+00 3.443079e+01 8.592640e-01 0.0000e+00 0.0000e+00 +1.5275e-05 0.06312 6.09995e-01 8.26135e-01 9.08521e-01 1.48440e-02
1.300931 2.09795190e-01 0.00000000e+00 2.09795190e-01 0.00000000e+00 1.00970532e+01 0.00000000e+00 2.01941064e-02 0.000000e+00 0.000000e+00 0.000000e+00 3.810551e+01 6.918849e-01 0.0000e+00 0.0000e+00 +7.2196e-06 0.06155 6.18663e-01 8.19865e-01 9.07959e-01 1.60826e-02
1.401003 2.07908042e-01 0.00000000e+00 2.07908042e-01 0.00000000e+00 9.59419936e+00 0.00000000e+00 1.91883987e-02 0.000000e+00 0.000000e+00 0.000000e+00 3.346062e+01 9.085142e-01 0.0000e+00 0.0000e+00 +2.3862e-06 0.06183 5.86626e-01 7.93747e-01 8.96747e-01 1.42823e-02
1.501074 2.05392825e-01 0.00000000e+00 2.05392825e-01 0.00000000e+00 1.01898159e+01 0.00000000e+00 2.03796319e-02 0.000000e+00 0.000000e+00 0.000000e+00 3.760224e+01 8.073389e-01 0.0000e+00 0.0000e+00 +1.6108e-05 0.06075 5.99305e-01 7.89990e-01 8.96244e-01 1.58534e-02
1.601146 2.03848829e-01 0.00000000e+00 2.03848829e-01 0.00000000e+00 1.02281859e+01 0.00000000e+00 2.04563718e-02 0.000000e+00 0.000000e+00 0.000000e+00 3.617895e+01 7.618394e-01 0.0000e+00 0.0000e+00 +2.5775e-06 0.06008 5.87889e-01 7.74363e-01 8.89102e-01 1.51909e-02
1.701218 2.01743716e-01 0.00000000e+00 2.01743716e-01 0.00000000e+00 1.02759367e+01 0.00000000e+00 2.05518735e-02 0.000000e+00 0.000000e+00 0.000000e+00 3.502800e+01 8.821006e-01 0.0000e+00 0.0000e+00 +6.8315e-06 0.05996 5.77255e-01 7.58822e-01 8.81465e-01 1.49389e-02
1.801289 1.99304086e-01 0.00000000e+00 1.99304086e-01 0.00000000e+00 1.07161856e+01 0.00000000e+00 2.14323713e-02 0.000000e+00 0.000000e+00 0.000000e+00 3.778495e+01 7.349844e-01 0.0000e+00 0.0000e+00 +1.3932e-05 0.05924 5.82025e-01 7.52632e-01 8.77738e-01 1.57695e-02
1.901361 1.97496971e-01 0.00000000e+00 1.97496971e-01 0.00000000e+00 1.08737626e+01 0.00000000e+00 2.17475253e-02 0.000000e+00 0.000000e+00 0.000000e+00 3.807345e+01 7.206596e-01 0.0000e+00 0.0000e+00 -4.1697e-07 0.05870 5.75013e-01 7.39964e-01 8.69839e-01 1.52759e-02
2.001432 1.95099000e-01 0.00000000e+00 1.95099000e-01 0.00000000e+00 1.08000751e+01 0.00000000e+00 2.16001503e-02 0.000000e+00 0.000000e+00 0.000000e+00 3.811294e+01 7.772039e-01 0.0000e+00 0.0000e+00 +1.1394e-05 0.05872 5.59392e-01 7.21561e-01 8.58419e-01 1.49617e-02
2.101504 1.92939234e-01 0.00000000e+00 1.92939234e-01 0.00000000e+00 1.14574176e+01 0.00000000e+00 2.29148351e-02 0.000000e+00 0.000000e+00 0.000000e+00 4.129132e+01 5.812647e-01 0.0000e+00 0.0000e+00 +9.4970e-06 0.05784 5.72397e-01 7.21601e-01 8.55255e-01 1.60785e-02
2.201576 1.90770811e-01 0.00000000e+00 1.90770811e-01 0.00000000e+00 1.11172860e+01 0.00000000e+00 2.22345719e-02 0.000000e+00 0.000000e+00 0.000000e+00 4.048130e+01 6.352826e-01 0.0000e+00 0.0000e+00 -2.1819e-07 0.05741 5.46576e-01 6.96364e-01 8.37688e-01 1.47857e-02
2.301647 1.88198374e-01 0.00000000e+00 1.88198374e-01 0.00000000e+00 1.14143887e+01 0.00000000e+00 2.28287774e-02 0.000000e+00 0.000000e+00 0.000000e+00 4.358732e+01 5.707337e-01 0.0000e+00 0.0000e+00 +1.3889e-05 0.05671 5.46277e-01 6.87423e-01 8.27751e-01 1.53669e-02
2.401719 1.86173985e-01 0.00000000e+00 1.86173985e-01 0.00000000e+00 1.15741585e+01 0.00000000e+00 2.31483170e-02 0.000000e+00 0.000000e+00 0.000000e+00 4.534238e+01 4.287050e-01 0.0000e+00 0.0000e+00 +4.5861e-06 0.05580 5.40470e-01 6.75142e-01 8.14271e-01 1.54167e-02
2.501790 1.83884929e-01 0.00000000e+00 1.83884929e-01 0.00000000e+00 1.13235147e+01 0.00000000e+00 2.26470294e-02 0.000000e+00 0.000000e+00 0.000000e+00 4.582111e+01 4.902484e-01 0.0000e+00 0.0000e+00 +2.6820e-06 0.05502 5.17700e-01 6.50530e-01 7.92255e-01 1.45280e-02
2.601862 1.81276938e-01 0.00000000e+00 1.81276938e-01 0.00000000e+00 1.15345991e+01 0.00000000e+00 2.30691981e-02 0.000000e+00 0.000000e+00 0.000000e+00 4.814546e+01 3.695938e-01 0.0000e+00 0.0000e+00 +1.3551e-05 0.05385 5.14166e-01 6.39490e-01 7.77215e-01 1.51164e-02
2.701934 1.79230024e-01 0.00000000e+00 1.79230024e-01 0.00000000e+00 1.14653727e+01 0.00000000e+00 2.29307454e-02 0.000000e+00 0.000000e+00 0.000000e+00 4.786823e+01 3.021948e-01 0.0000e+00 0.0000e+00 +6.0188e-07 0.05304 4.98515e-01 6.20221e-01 7.55686e-01 1.44259e-02
2.802005 1.76920661e-01 0.00000000e+00 1.76920661e-01 0.00000000e+00 1.12440239e+01 0.00000000e+00 2.24880479e-02 0.000000e+00 0.000000e+00 0.000000e+00 4.790856e+01 3.554444e-01 0.0000e+00 0.0000e+00 +6.8558e-06 0.05378 4.75539e-01 5.95061e-01 7.30155e-01 1.40368e-02
2.902077 1.74516331e-01 0.00000000e+00 1.74516331e-01 0.00000000e+00 1.14021465e+01 0.00000000e+00 2.28042931e-02 0.000000e+00 0.000000e+00 0.000000e+00 4.838082e+01 2.313669e-01 0.0000e+00 0.0000e+00 +1.0699e-05 0.05299 4.70380e-01 5.83965e-01 7.13886e-01 1.41873e-02
3.002149 1.72356829e-01 0.00000000e+00 1.72356829e-01 0.00000000e+00 1.11504286e+01 0.00000000e+00 2.23008572e-02 0.000000e+00 0.000000e+00 0.000000e+00 4.774694e+01 2.473853e-01 0.0000e+00 0.0000e+00 -1.3498e-06 0.05444 4.46818e-01 5.59103e-01 6.88299e-01 1.35000e-02
3.102220 1.70021964e-01 0.00000000e+00 1.70021964e-01 0.00000000e+00 1.09934480e+01 0.00000000e+00 2.19868960e-02 0.000000e+00 0.000000e+00 0.000000e+00 4.914766e+01 2.615869e-01 0.0000e+00 0.0000e+00 +1.0565e-05 0.05607 4.28353e-01 5.38152e-01 6.66485e-01 1.31369e-02
3.202292 1.67915306e-01 0.00000000e+00 1.67915306e-01 0.00000000e+00 1.10466491e+01 0.00000000e+00 2.20932983e-02 0.000000e+00 0.000000e+00 0.000000e+00 5.045974e+01 1.780091e-01 0.0000e+00 0.0000e+00 +6.3923e-06 0.05734 4.22877e-01 5.28313e-01 6.53090e-01 1.32911e-02
3.302363 1.65715986e-01 0.00000000e+00 1.65715986e-01 0.00000000e+00 1.06634909e+01 0.00000000e+00 2.13269817e-02 0.000000e+00 0.000000e+00 0.000000e+00 5.161737e+01 2.439354e-01 0.0000e+00 0.0000e+00 -2.9063e-07 0.05908 3.95543e-01 5.01186e-01 6.27284e-01 1.23865e-02
3.402435 1.63411489e-01 0.00000000e+00 1.63411489e-01 0.00000000e+00 1.06230006e+01 0.00000000e+00 2.12460012e-02 0.000000e+00 0.000000e+00 0.000000e+00 5.319165e+01 2.331322e-01 0.0000e+00 0.0000e+00 +1.2001e-05 0.06016 3.88331e-01 4.90617e-01 6.14507e-01 1.24974e-02
3.502507 1.61458385e-01 0.00000000e+00 1.61458385e-01 0.00000000e+00 1.04310970e+01 0.00000000e+00 2.08621940e-02 0.000000e+00 0.000000e+00 0.000000e+00 5.398839e+01 1.997908e-01 0.0000e+00 0.0000e+00 +2.1887e-06 0.06070 3.74565e-01 4.75408e-01 5.97755e-01 1.18923e-02
3.602578 1.59393589e-01 0.00000000e+00 1.59393589e-01 0.00000000e+00 1.01744830e+01 0.00000000e+00 2.03489660e-02 0.000000e+00 0.000000e+00 0.000000e+00 5.488219e+01 2.848229e-01 0.0000e+00 0.0000e+00 +2.8784e-06 0.06128 3.57617e-01 4.57706e-01 5.79462e-01 1.16897e-02
3.702650 1.57191725e-01 0.00000000e+00 1.57191725e-01 0.00000000e+00 1.00564254e+01 0.00000000e+00 2.01128508e-02 0.000000e+00 0.000000e+00 0.000000e+00 5.500168e+01 2.349458e-01 0.0000e+00 0.0000e+00 +1.0980e-05 0.06073 3.50292e-01 4.48275e-01 5.67838e-01 1.13771e-02
3.802722 1.55287713e-01 0.00000000e+00 1.55287713e-01 0.00000000e+00 9.88105617e+00 0.00000000e+00 1.97621123e-02 0.000000e+00 0.000000e+00 0.000000e+00 5.456384e+01 2.425671e-01 0.0000e+00 0.0000e+00 -9.6499e-07 0.06030 3.40480e-01 4.37109e-01 5.54758e-01 1.11277e-02
3.902793 1.53324477e-01 0.00000000e+00 1.53324477e-01 0.00000000e+00 9.63569894e+00 0.00000000e+00 1.92713979e-02 0.000000e+00 0.000000e+00 0.000000e+00 5.387000e+01 2.980997e-01 0.0000e+00 0.0000e+00 +6.8982e-06 0.05948 3.25425e-01 4.21335e-01 5.38634e-01 1.07655e-02
4.002865 1.51363382e-01 0.00000000e+00 1.51363382e-01 0.00000000e+00 9.62335009e+00 0.00000000e+00 1.92467002e-02 0.000000e+00 0.000000e+00 0.000000e+00 5.263999e+01 2.344596e-01 0.0000e+00 0.0000e+00 +7.8235e-06 0.05854 3.26822e-01 4.19565e-01 5.33781e-01 1.07951e-02
4.102936 1.49444376e-01 0.00000000e+00 1.49444376e-01 0.00000000e+00 9.36434233e+00 0.00000000e+00 1.87286847e-02 0.000000e+00 0.000000e+00 0.000000e+00 5.067504e+01 2.750153e-01 0.0000e+00 0.0000e+00 -1.7216e-06 0.05730 3.10659e-01 4.02728e-01 5.16745e-01 1.02872e-02
4.203008 1.47512810e-01 0.00000000e+00 1.47512810e-01 0.00000000e+00 9.29554108e+00 0.00000000e+00 1.85910822e-02 0.000000e+00 0.000000e+00 0.000000e+00 4.897239e+01 2.844191e-01 0.0000e+00 0.0000e+00 +9.6745e-06 0.05638 3.07175e-01 3.96481e-01 5.08953e-01 1.02372e-02
4.303080 1.45745463e-01 0.00000000e+00 1.45745463e-01 0.00000000e+00 9.20235044e+00 0.00000000e+00 1.84047009e-02 0.000000e+00 0.000000e+00 0.000000e+00 4.683517e+01 2.403413e-01 0.0000e+00 0.0000e+00 +3.9458e-06 0.05713 3.01810e-01 3.88623e-01 4.99614e-01 9.92951e-03
4.403151 1.43885233e-01 0.00000000e+00 1.43885233e-01 0.00000000e+00 9.07822770e+00 0.00000000e+00 1.81564554e-02 0.000000e+00 0.000000e+00 0.000000e+00 4.404595e+01 2.978496e-01 0.0000e+00 0.0000e+00 -5.7819e-08 0.05613 2.92890e-01 3.77563e-01 4.87832e-01 9.86317e-03
4.503223 1.41944355e-01 0.00000000e+00 1.41944355e-01 0.00000000e+00 9.01377798e+00 0.00000000e+00 1.80275560e-02 0.000000e+00 0.000000e+00 0.000000e+00 4.266326e+01 2.822553e-01 0.0000e+00 0.0000e+00 +1.0294e-05 0.05697 2.87084e-01 3.69155e-01 4.78639e-01 9.61126e-03
4.603295 1.40241194e-01 0.00000000e+00 1.40241194e-01 0.00000000e+00 8.99230913e+00 0.00000000e+00 1.79846183e-02 0.000000e+00 0.000000e+00 0.000000e+00 4.310865e+01 2.680039e-01 0.0000e+00 0.0000e+00 +3.3548e-07 0.05753 2.84057e-01 3.63309e-01 4.71032e-01 9.52943e-03
4.703366 1.38458305e-01 0.00000000e+00 1.38458305e-01 0.00000000e+00 8.86062889e+00 0.00000000e+00 1.77212578e-02 0.000000e+00 0.000000e+00 0.000000e+00 4.360357e+01 3.213661e-01 0.0000e+00 0.0000e+00 +3.3534e-06 0.05670 2.70727e-01 3.48427e-01 4.56299e-01 9.33631e-03
4.803438 1.36582922e-01 0.00000000e+00 1.36582922e-01 0.00000000e+00 8.90111463e+00 0.00000000e+00 1.78022293e-02 0.000000e+00 0.000000e+00 0.000000e+00 4.249042e+01 2.874482e-01 0.0000e+00 0.0000e+00 +8.5846e-06 0.05777 2.71019e-01 3.45716e-01 4.51749e-01 9.30949e-03
4.903509 1.34835483e-01 0.00000000e+00 1.34835483e-01 0.00000000e+00 8.78983651e+00 0.00000000e+00 1.75796730e-02 0.000000e+00 0.000000e+00 0.000000e+00 4.196891e+01 3.186716e-01 0.0000e+00 0.0000e+00 -1.7807e-06 0.05840 2.58608e-01 3.31872e-01 4.37330e-01 8.97051e-03
5.003581 1.33074158e-01 0.00000000e+00 1.33074158e-01 0.00000000e+00 8.75238595e+00 0.00000000e+00 1.75047719e-02 0.000000e+00 0.000000e+00 0.000000e+00 4.137127e+01 3.518159e-01 0.0000e+00 0.0000e+00 +6.7947e-06 0.05900 2.51556e-01 3.22854e-01 4.27343e-01 8.88445e-03
5.103653 1.31328838e-01 0.00000000e+00 1.31328838e-01 0.00000000e+00 8.75615393e+00 0.00000000e+00 1.75123079e-02 0.000000e+00 0.000000e+00 0.000000e+00 3.946699e+01 3.286002e-01 0.0000e+00 0.0000e+00 +5.4687e-06 0.06180 2.47899e-01 3.16922e-01 4.19443e-01 8.79417e-03
5.203724 1.29555850e-01 0.00000000e+00 1.29555850e-01 0.00000000e+00 8.67314575e+00 0.00000000e+00 1.73462915e-02 0.000000e+00 0.000000e+00 0.000000e+00 3.849829e+01 3.630932e-01 0.0000e+00 0.0000e+00 -1.7144e-06 0.06144 2.36530e-01 3.04064e-01 4.05260e-01 8.52564e-03
5.303796 1.27745902e-01 0.00000000e+00 1.27745902e-01 0.00000000e+00 8.64206826e+00 0.00000000e+00 1.72841365e-02 0.000000e+00 0.000000e+00 0.000000e+00 3.690601e+01 3.723688e-01 0.0000e+00 0.0000e+00 +8.7454e-06 0.06182 2.29497e-01 2.95163e-01 3.94859e-01 8.38428e-03
5.403867 1.26102592e-01 0.00000000e+00 1.26102592e-01 0.00000000e+00 8.64653330e+00 0.00000000e+00 1.72930666e-02 0.000000e+00 0.000000e+00 0.000000e+00 3.734961e+01 3.471031e-01 0.0000e+00 0.0000e+00 +1.9654e-06 0.06162 2.26311e-01 2.89865e-01 3.87000e-01 8.27091e-03
5.503939 1.24361672e-01 0.00000000e+00 1.24361672e-01 0.00000000e+00 8.54761804e+00 0.00000000e+00 1.70952361e-02 0.000000e+00 0.000000e+00 0.000000e+00 3.744343e+01 3.723270e-01 0.0000e+00 0.0000e+00 +4.6649e-07 0.05964 2.13536e-01 2.76014e-01 3.71966e-01 8.02256e-03
5.604011 1.22534717e-01 0.00000000e+00 1.22534717e-01 0.00000000e+00 8.56089692e+00 0.00000000e+00 1.71217938e-02 0.000000e+00 0.000000e+00 0.000000e+00 3.855934e+01 3.383368e-01 0.0000e+00 0.0000e+00 +8.5529e-06 0.06049 2.11192e-01 2.71868e-01 3.65646e-01 7.98638e-03
5.704082 1.20893111e-01 0.00000000e+00 1.20893111e-01 0.00000000e+00 8.53480884e+00 0.00000000e+00 1.70696177e-02 0.000000e+00 0.000000e+00 0.000000e+00 3.883500e+01 3.197992e-01 0.0000e+00 0.0000e+00 -9.1697e-07 0.06109 2.04845e-01 2.64266e-01 3.55798e-01 7.80081e-03
5.804154 1.19186065e-01 0.00000000e+00 1.19186065e-01 0.00000000e+00 8.47815142e+00 0.00000000e+00 1.69563028e-02 0.000000e+00 0.000000e+00 0.000000e+00 3.852909e+01 3.190209e-01 0.0000e+00 0.0000e+00 +3.7448e-06 0.06199 1.94779e-01 2.53471e-01 3.43396e-01 7.55609e-03
5.904226 1.17422734e-01 0.00000000e+00 1.17422734e-01 0.00000000e+00 8.55262497e+00 0.00000000e+00 1.71052499e-02 0.000000e+00 0.000000e+00 0.000000e+00 3.954437e+01 2.877331e-01 0.0000e+00 0.0000e+00 +6.4698e-06 0.06318 1.95920e-01 2.53037e-01 3.39773e-01 7.85075e-03
6.004297 1.15712753e-01 0.00000000e+00 1.15712753e-01 0.00000000e+00 8.51826508e+00 0.00000000e+00 1.70365302e-02 0.000000e+00 0.000000e+00 0.000000e+00 4.133642e+01 3.182744e-01 0.0000e+00 0.0000e+00 -2.2040e-06 0.06464 1.85233e-01 2.41741e-01 3.26030e-01 7.31100e-03
6.104369 1.13971445e-01 0.00000000e+00 1.13971445e-01 0.00000000e+00 8.56619509e+00 0.00000000e+00 1.71323902e-02 0.000000e+00 0.000000e+00 0.000000e+00 4.375223e+01 3.725960e-01 0.0000e+00 0.0000e+00 +6.4872e-06 0.06626 1.80482e-01 2.35889e-01 3.17255e-01 7.36808e-03
6.204440 1.12274497e-01 0.00000000e+00 1.12274497e-01 0.00000000e+00 8.66450032e+00 0.00000000e+00 1.73290006e-02 0.000000e+00 0.000000e+00 0.000000e+00 4.598373e+01 4.118639e-01 0.0000e+00 0.0000e+00 +3.4440e-06 0.06751 1.77948e-01 2.31863e-01 3.09604e-01 7.45243e-03
6.304512 1.10509068e-01 0.00000000e+00 1.10509068e-01 0.00000000e+00 8.72348915e+00 0.00000000e+00 1.74469783e-02 0.000000e+00 0.000000e+00 0.000000e+00 4.778517e+01 4.636969e-01 0.0000e+00 0.0000e+00 -1.5236e-06 0.06901 1.69013e-01 2.21773e-01 2.96368e-01 7.09825e-03
6.404584 1.08655758e-01 0.00000000e+00 1.08655758e-01 0.00000000e+00 8.82959066e+00 0.00000000e+00 1.76591813e-02 0.000000e+00 0.000000e+00 0.000000e+00 4.925922e+01 4.686660e-01 0.0000e+00 0.0000e+00 +7.6057e-06 0.06999 1.64056e-01 2.15374e-01 2.86732e-01 7.17376e-03
6.504655 1.06946103e-01 0.00000000e+00 1.06946103e-01 0.00000000e+00 9.00360848e+00 0.00000000e+00 1.80072170e-02 0.000000e+00 0.000000e+00 0.000000e+00 5.054633e+01 4.487839e-01 0.0000e+00 0.0000e+00 +3.1215e-07 0.07069 1.62791e-01 2.12225e-01 2.79796e-01 7.33162e-03
6.604727 1.05110651e-01 0.00000000e+00 1.05110651e-01 0.00000000e+00 9.10085979e+00 0.00000000e+00 1.82017196e-02 0.000000e+00 0.000000e+00 0.000000e+00 5.136487e+01 4.535530e-01 0.0000e+00 0.0000e+00 +9.0173e-07 0.07107 1.51921e-01 2.00114e-01 2.64848e-01 6.78431e-03
6.704799 1.03174955e-01 0.00000000e+00 1.03174955e-01 0.00000000e+00 9.32307096e+00 0.00000000e+00 1.86461419e-02 0.000000e+00 0.000000e+00 0.000000e+00 5.300524e+01 4.392258e-01 0.0000e+00 0.0000e+00 +6.7113e-06 0.07488 1.53345e-01 1.99564e-01 2.60919e-01 7.38625e-03
6.804870 1.01318433e-01 0.00000000e+00 1.01318433e-01 0.00000000e+00 9.44049573e+00 0.00000000e+00 1.88809915e-02 0.000000e+00 0.000000e+00 0.000000e+00 5.392203e+01 4.705776e-01 0.0000e+00 0.0000e+00 -1.9012e-06 0.07970 1.46182e-01 1.91077e-01 2.50000e-01 6.87251e-03
6.904942 9.93983651e-02 0.00000000e+00 9.93983651e-02 0.00000000e+00 9.60524123e+00 0.00000000e+00 1.92104825e-02 0.000000e+00 0.000000e+00 0.000000e+00 5.502576e+01 5.007109e-01 0.0000e+00 0.0000e+00 +3.7802e-06 0.08338 1.42581e-01 1.86022e-01 2.42754e-01 6.81438e-03
7.005013 9.74164299e-02 0.00000000e+00 9.74164299e-02 0.00000000e+00 9.81223603e+00 0.00000000e+00 1.96244721e-02 0.000000e+00 0.000000e+00 0.000000e+00 5.580587e+01 5.206467e-01 0.0000e+00 0.0000e+00 +4.4347e-06 0.08923 1.41387e-01 1.83195e-01 2.38096e-01 7.17961e-03
7.105085 9.54172487e-02 0.00000000e+00 9.54172487e-02 0.00000000e+00 9.89835615e+00 0.00000000e+00 1.97967123e-02 0.000000e+00 0.000000e+00 0.000000e+00 5.686953e+01 5.064222e-01 0.0000e+00 0.0000e+00 -2.5683e-06 0.09136 1.37951e-01 1.78814e-01 2.33617e-01 6.70564e-03
7.205157 9.33817399e-02 0.00000000e+00 9.33817399e-02 0.00000000e+00 9.87125512e+00 0.00000000e+00 1.97425102e-02 0.000000e+00 0.000000e+00 0.000000e+00 5.837756e+01 5.165006e-01 0.0000e+00 0.0000e+00 +5.8178e-06 0.08413 1.36565e-01 1.77090e-01 2.33864e-01 6.76913e-03
7.305228 9.14306644e-02 0.00000000e+00 9.14306644e-02 0.00000000e+00 1.00057106e+01 0.00000000e+00 2.00114211e-02 0.000000e+00 0.000000e+00 0.000000e+00 5.960891e+01 5.057788e-01 0.0000e+00 0.0000e+00 +1.4943e-06 0.07903 1.40037e-01 1.79688e-01 2.38232e-01 7.13483e-03
7.405300 8.93862972e-02 0.00000000e+00 8.93862972e-02 0.00000000e+00 1.00769559e+01 0.00000000e+00 2.01539119e-02 0.000000e+00 0.000000e+00 0.000000e+00 6.279414e+01 5.352335e-01 0.0000e+00 0.0000e+00 -1.3777e-06 0.08214 1.33605e-01 1.73316e-01 2.34114e-01 6.49573e-03
7.505371 8.72684118e-02 0.00000000e+00 8.72684118e-02 0.00000000e+00 1.02353470e+01 0.00000000e+00 2.04706940e-02 0.000000e+00 0.000000e+00 0.000000e+00 6.693726e+01 5.515944e-01 0.0000e+00 0.0000e+00 +6.1184e-06 0.08333 1.36065e-01 1.75965e-01 2.38183e-01 6.97502e-03
7.605443 8.52443740e-02 0.00000000e+00 8.52443740e-02 0.00000000e+00 1.03048926e+01 0.00000000e+00 2.06097852e-02 0.000000e+00 0.000000e+00 0.000000e+00 7.104929e+01 5.571404e-01 0.0000e+00 0.0000e+00 -1.1628e-06 0.09036 1.35476e-01 1.76156e-01 2.39501e-01 6.81074e-03
7.705515 8.31544222e-02 0.00000000e+00 8.31544222e-02 0.00000000e+00 1.03967980e+01 0.00000000e+00 2.07935960e-02 0.000000e+00 0.000000e+00 0.000000e+00 7.535424e+01 5.753686e-01 0.0000e+00 0.0000e+00 +1.0221e-06 0.08190 1.32271e-01 1.73621e-01 2.37531e-01 6.45014e-03
7.805586 8.09826404e-02 0.00000000e+00 8.09826404e-02 0.00000000e+00 1.05550321e+01 0.00000000e+00 2.11100642e-02 0.000000e+00 0.000000e+00 0.000000e+00 7.810172e+01 5.758088e-01 0.0000e+00 0.0000e+00 +4.7905e-06 0.08193 1.32610e-01 1.73916e-01 2.36933e-01 6.93169e-03
7.905658 7.88471270e-02 0.00000000e+00 7.88471270e-02 0.00000000e+00 1.05316233e+01 0.00000000e+00 2.10632465e-02 0.000000e+00 0.000000e+00 0.000000e+00 7.631636e+01 6.925753e-01 0.0000e+00 0.0000e+00 -2.8035e-06 0.08700 1.29249e-01 1.70798e-01 2.32260e-01 6.42981e-03
8.005730 7.67308517e-02 0.00000000e+00 7.67308517e-02 0.00000000e+00 1.02962173e+01 0.00000000e+00 2.05924346e-02 0.000000e+00 0.000000e+00 0.000000e+00 6.972586e+01 8.019684e-01 0.0000e+00 0.0000e+00 +3.4589e-06 0.08512 1.26047e-01 1.68087e-01 2.29017e-01 6.28163e-03
8.105801 7.46728261e-02 0.00000000e+00 7.46728261e-02 0.00000000e+00 9.97842779e+00 0.00000000e+00 1.99568556e-02 0.000000e+00 0.000000e+00 0.000000e+00 6.465897e+01 8.422360e-01 0.0000e+00 0.0000e+00 +2.4045e-06 0.08188 1.27897e-01 1.69306e-01 2.32229e-01 6.57713e-03
8.205873 7.26685838e-02 0.00000000e+00 7.26685838e-02 0.00000000e+00 9.52181531e+00 0.00000000e+00 1.90436306e-02 0.000000e+00 0.000000e+00 0.000000e+00 5.970256e+01 7.703931e-01 0.0000e+00 0.0000e+00 -2.8524e-06 0.07798 1.20792e-01 1.60780e-01 2.26782e-01 5.89050e-03
8.305944 7.07485155e-02 0.00000000e+00 7.07485155e-02 0.00000000e+00 9.09723289e+00 0.00000000e+00 1.81944658e-02 0.000000e+00 0.000000e+00 0.000000e+00 5.253532e+01 7.061478e-01 0.0000e+00 0.0000e+00 +4.7869e-06 0.07442 1.18729e-01 1.56979e-01 2.24806e-01 5.93336e-03
8.406016 6.89795863e-02 0.00000000e+00 6.89795863e-02 0.00000000e+00 8.72994601e+00 0.00000000e+00 1.74598920e-02 0.000000e+00 0.000000e+00 0.000000e+00 4.580901e+01 6.837918e-01 0.0000e+00 0.0000e+00 -2.3962e-07 0.07045 1.21757e-01 1.58496e-01 2.26481e-01 6.05720e-03
8.506088 6.72399820e-02 0.00000000e+00 6.72399820e-02 0.00000000e+00 8.33017610e+00 0.00000000e+00 1.66603522e-02 0.000000e+00 0.000000e+00 0.000000e+00 3.992138e+01 6.378359e-01 0.0000e+00 0.0000e+00 -1.3081e-06 0.06502 1.20062e-01 1.56617e-01 2.24655e-01 5.51320e-03
8.606159 6.55367204e-02 0.00000000e+00 6.55367204e-02 0.00000000e+00 8.03284560e+00 0.00000000e+00 1.60656912e-02 0.000000e+00 0.000000e+00 0.000000e+00 3.522905e+01 5.854227e-01 0.0000e+00 0.0000e+00 +4.5512e-06 0.06202 1.27451e-01 1.64003e-01 2.31407e-01 5.96386e-03
8.706231 6.39645732e-02 0.00000000e+00 6.39645732e-02 0.00000000e+00 7.72640536e+00 0.00000000e+00 1.54528107e-02 0.000000e+00 0.000000e+00 0.000000e+00 3.184562e+01 5.525771e-01 0.0000e+00 0.0000e+00 -2.3546e-06 0.06163 1.31333e-01 1.68440e-01 2.34887e-01 5.66655e-03
8.806303 6.24424608e-02 0.00000000e+00 6.24424608e-02 0.00000000e+00 7.43522927e+00 0.00000000e+00 1.48704585e-02 0.000000e+00 0.000000e+00 0.000000e+00 3.189365e+01 5.381620e-01 0.0000e+00 0.0000e+00 +1.0314e-06 0.06109 1.33582e-01 1.71537e-01 2.36955e-01 5.49346e-03
8.906374 6.09355237e-02 0.00000000e+00 6.09355237e-02 0.00000000e+00 7.21852531e+00 0.00000000e+00 1.44370506e-02 0.000000e+00 0.000000e+00 0.000000e+00 3.406752e+01 5.264673e-01 0.0000e+00 0.0000e+00 +3.0341e-06 0.05998 1.41270e-01 1.79440e-01 2.43391e-01 5.83385e-03
9.006446 5.94935483e-02 0.00000000e+00 5.94935483e-02 0.00000000e+00 6.96723742e+00 0.00000000e+00 1.39344748e-02 0.000000e+00 0.000000e+00 0.000000e+00 3.551073e+01 5.214443e-01 0.0000e+00 0.0000e+00 -3.3411e-06 0.05844 1.41530e-01 1.80040e-01 2.43290e-01 5.44532e-03
9.106517 5.81089892e-02 0.00000000e+00 5.81089892e-02 0.00000000e+00 6.73107180e+00 0.00000000e+00 1.34621436e-02 0.000000e+00 0.000000e+00 0.000000e+00 3.495262e+01 5.087511e-01 0.0000e+00 0.0000e+00 +3.0569e-06 0.05592 1.41069e-01 1.79923e-01 2.43153e-01 5.33883e-03
9.206589 5.67843346e-02 0.00000000e+00 5.67843346e-02 0.00000000e+00 6.56183482e+00 0.00000000e+00 1.31236696e-02 0.000000e+00 0.000000e+00 0.000000e+00 3.309277e+01 4.785503e-01 0.0000e+00 0.0000e+00 +7.8245e-07 0.05191 1.47554e-01 1.86370e-01 2.48849e-01 5.68364e-03
9.306661 5.54659849e-02 0.00000000e+00 5.54659849e-02 0.00000000e+00 6.32392505e+00 0.00000000e+00 1.26478501e-02 0.000000e+00 0.000000e+00 0.000000e+00 3.222387e+01 4.656948e-01 0.0000e+00 0.0000e+00 -2.7977e-06 0.04834 1.43102e-01 1.82624e-01 2.44773e-01 5.09024e-03
9.406732 5.41768142e-02 0.00000000e+00 5.41768142e-02 0.00000000e+00 6.17019535e+00 0.00000000e+00 1.23403907e-02 0.000000e+00 0.000000e+00 0.000000e+00 3.106394e+01 4.538001e-01 0.0000e+00 0.0000e+00 +3.8364e-06 0.04719 1.48279e-01 1.88001e-01 2.49671e-01 5.35954e-03
9.506804 5.29781611e-02 0.00000000e+00 5.29781611e-02 0.00000000e+00 6.01196675e+00 0.00000000e+00 1.20239335e-02 0.000000e+00 0.000000e+00 0.000000e+00 3.329381e+01 4.604375e-01 0.0000e+00 0.0000e+00 -1.4427e-06 0.04516 1.51741e-01 1.91885e-01 2.53978e-01 5.26753e-03
9.606875 5.17837734e-02 0.00000000e+00 5.17837734e-02 0.00000000e+00 5.83657870e+00 0.00000000e+00 1.16731574e-02 0.000000e+00 0.000000e+00 0.000000e+00 3.545376e+01 4.872214e-01 0.0000e+00 0.0000e+00 -1.0442e-06 0.04365 1.51822e-01 1.92890e-01 2.56560e-01 5.02328e-03
9.706947 5.05834690e-02 0.00000000e+00 5.05834690e-02 0.00000000e+00 5.70342189e+00 0.00000000e+00 1.14068438e-02 0.000000e+00 0.000000e+00 0.000000e+00 3.697677e+01 4.967630e-01 0.0000e+00 0.0000e+00 +3.2630e-06 0.04088 1.57963e-01 1.99872e-01 2.65075e-01 5.29111e-03
9.807019 4.94595744e-02 0.00000000e+00 4.94595744e-02 0.00000000e+00 5.54604960e+00 0.00000000e+00 1.10920992e-02 0.000000e+00 0.000000e+00 0.000000e+00 3.744992e+01 5.081768e-01 0.0000e+00 0.0000e+00 -3.0537e-06 0.03988 1.60834e-01 2.03918e-01 2.71377e-01 5.09688e-03
9.907090 4.83682588e-02 0.00000000e+00 4.83682588e-02 0.00000000e+00 5.36642244e+00 0.00000000e+00 1.07328449e-02 0.000000e+00 0.000000e+00 0.000000e+00 3.707189e+01 5.245454e-01 0.0000e+00 0.0000e+00 +1.1320e-06 0.03884 1.59957e-01 2.04254e-01 2.75473e-01 4.93160e-03
10.000190 4.73592469e-02 0.00000000e+00 4.73592469e-02 0.00000000e+00 5.25293317e+00 0.00000000e+00 1.05058663e-02 0.000000e+00 0.000000e+00 0.000000e+00 3.676375e+01 5.208676e-01 0.0000e+00 0.0000e+00 +2.0628e-06 0.03788 1.67371e-01 2.12093e-01 2.86013e-01 5.28980e-03
