# tg_mhd (CUDA FP64)  hydro_noslip_nofield_n192_re125  N=192 L=192 Re=125 Pm=1 u0=0.05 nu_lat=2.431888e-02 eta_lat=2.431888e-02 tau_f=0.572957 tau_m=0.597276 dt=8.224065e-04 fw=profile
# t E_V E_M E_T H_C Omega_V Omega_M eps EM/EV OmM/OmV j_max w_max skew divb/j divb_wall/j mass_drift umax_lat fw1 fw2 fw4 tau_wall
0.000000 1.22395905e-01 0.00000000e+00 1.22395905e-01 0.00000000e+00 2.66941250e+01 0.00000000e+00 4.27106000e-01 0.000000e+00 0.000000e+00 0.000000e+00 9.118036e+01 3.924654e-18 0.0000e+00 0.0000e+00 +0.0000e+00 0.04998 9.87556e-01 9.89171e-01 9.92383e-01 3.54905e-01
0.050167 1.14110873e-01 0.00000000e+00 1.14110873e-01 0.00000000e+00 6.17456994e+00 0.00000000e+00 9.87931191e-02 0.000000e+00 0.000000e+00 0.000000e+00 2.811370e+01 1.484298e-01 0.0000e+00 0.0000e+00 +5.3623e-06 0.04980 9.46356e-01 9.53320e-01 9.67164e-01 1.06116e-01
0.100334 1.09852704e-01 0.00000000e+00 1.09852704e-01 0.00000000e+00 4.44486086e+00 0.00000000e+00 7.11177737e-02 0.000000e+00 0.000000e+00 0.000000e+00 2.059021e+01 1.398509e-01 0.0000e+00 0.0000e+00 +1.5002e-05 0.04984 9.24025e-01 9.35319e-01 9.54500e-01 7.52974e-02
0.150500 1.06599070e-01 0.00000000e+00 1.06599070e-01 0.00000000e+00 3.65267880e+00 0.00000000e+00 5.84428608e-02 0.000000e+00 0.000000e+00 0.000000e+00 1.666989e+01 5.182835e-02 0.0000e+00 0.0000e+00 +1.7323e-05 0.04890 9.00588e-01 9.21378e-01 9.44672e-01 6.14028e-02
0.200667 1.03993494e-01 0.00000000e+00 1.03993494e-01 0.00000000e+00 3.17155835e+00 0.00000000e+00 5.07449336e-02 0.000000e+00 0.000000e+00 0.000000e+00 1.432223e+01 2.484125e-02 0.0000e+00 0.0000e+00 +9.8118e-06 0.04849 8.74116e-01 9.09465e-01 9.36206e-01 5.27605e-02
0.250834 1.01619550e-01 0.00000000e+00 1.01619550e-01 0.00000000e+00 2.84575697e+00 0.00000000e+00 4.55321115e-02 0.000000e+00 0.000000e+00 0.000000e+00 1.306818e+01 1.274905e-01 0.0000e+00 0.0000e+00 +1.0786e-06 0.04846 8.46589e-01 8.99134e-01 9.28772e-01 4.67793e-02
0.301001 9.94254507e-02 0.00000000e+00 9.94254507e-02 0.00000000e+00 2.59445079e+00 0.00000000e+00 4.15112126e-02 0.000000e+00 0.000000e+00 0.000000e+00 1.169275e+01 2.394777e-01 0.0000e+00 0.0000e+00 +7.5595e-07 0.04803 8.18682e-01 8.89443e-01 9.21756e-01 4.27341e-02
0.351168 9.73773846e-02 0.00000000e+00 9.73773846e-02 0.00000000e+00 2.40069532e+00 0.00000000e+00 3.84111251e-02 0.000000e+00 0.000000e+00 0.000000e+00 1.075326e+01 3.187165e-01 0.0000e+00 0.0000e+00 +9.9308e-06 0.04739 7.91876e-01 8.80554e-01 9.15338e-01 3.95571e-02
0.401334 9.53976580e-02 0.00000000e+00 9.53976580e-02 0.00000000e+00 2.25505283e+00 0.00000000e+00 3.60808453e-02 0.000000e+00 0.000000e+00 0.000000e+00 1.048932e+01 2.797584e-01 0.0000e+00 0.0000e+00 +1.6132e-05 0.04716 7.67391e-01 8.72647e-01 9.09690e-01 3.67224e-02
0.451501 9.36847668e-02 0.00000000e+00 9.36847668e-02 0.00000000e+00 2.13552757e+00 0.00000000e+00 3.41684411e-02 0.000000e+00 0.000000e+00 0.000000e+00 1.006675e+01 2.171353e-01 0.0000e+00 0.0000e+00 +1.2701e-05 0.04682 7.44409e-01 8.64937e-01 9.04289e-01 3.49194e-02
0.501668 9.20954461e-02 0.00000000e+00 9.20954461e-02 0.00000000e+00 2.02451485e+00 0.00000000e+00 3.23922376e-02 0.000000e+00 0.000000e+00 0.000000e+00 9.318596e+00 2.247324e-01 0.0000e+00 0.0000e+00 +3.8949e-06 0.04596 7.21557e-01 8.56536e-01 8.98548e-01 3.33716e-02
0.551835 9.05222056e-02 0.00000000e+00 9.05222056e-02 0.00000000e+00 1.92000084e+00 0.00000000e+00 3.07200134e-02 0.000000e+00 0.000000e+00 0.000000e+00 8.838154e+00 3.444209e-01 0.0000e+00 0.0000e+00 -1.0758e-06 0.04576 6.98964e-01 8.47447e-01 8.92508e-01 3.13676e-02
0.602002 8.90028171e-02 0.00000000e+00 8.90028171e-02 0.00000000e+00 1.83464742e+00 0.00000000e+00 2.93543587e-02 0.000000e+00 0.000000e+00 0.000000e+00 8.522179e+00 4.480117e-01 0.0000e+00 0.0000e+00 +4.4816e-06 0.04570 6.79045e-01 8.38928e-01 8.87049e-01 2.95719e-02
0.652168 8.74631965e-02 0.00000000e+00 8.74631965e-02 0.00000000e+00 1.76203626e+00 0.00000000e+00 2.81925801e-02 0.000000e+00 0.000000e+00 0.000000e+00 8.220750e+00 4.673078e-01 0.0000e+00 0.0000e+00 +1.3061e-05 0.04514 6.60920e-01 8.30663e-01 8.81925e-01 2.87099e-02
0.702335 8.60374732e-02 0.00000000e+00 8.60374732e-02 0.00000000e+00 1.71592335e+00 0.00000000e+00 2.74547736e-02 0.000000e+00 0.000000e+00 0.000000e+00 8.338099e+00 3.841877e-01 0.0000e+00 0.0000e+00 +1.4240e-05 0.04436 6.47430e-01 8.24127e-01 8.78138e-01 2.86091e-02
0.752502 8.47757424e-02 0.00000000e+00 8.47757424e-02 0.00000000e+00 1.66440231e+00 0.00000000e+00 2.66304370e-02 0.000000e+00 0.000000e+00 0.000000e+00 8.158323e+00 3.469885e-01 0.0000e+00 0.0000e+00 +7.3585e-06 0.04406 6.32675e-01 8.16320e-01 8.73586e-01 2.75320e-02
0.802669 8.34921074e-02 0.00000000e+00 8.34921074e-02 0.00000000e+00 1.59625024e+00 0.00000000e+00 2.55400038e-02 0.000000e+00 0.000000e+00 0.000000e+00 7.509575e+00 4.352222e-01 0.0000e+00 0.0000e+00 +9.3886e-08 0.04364 6.14047e-01 8.05909e-01 8.67356e-01 2.58844e-02
0.852835 8.22249574e-02 0.00000000e+00 8.22249574e-02 0.00000000e+00 1.53730447e+00 0.00000000e+00 2.45968715e-02 0.000000e+00 0.000000e+00 0.000000e+00 7.134688e+00 5.531274e-01 0.0000e+00 0.0000e+00 +9.3402e-07 0.04334 5.97340e-01 7.95891e-01 8.61510e-01 2.50058e-02
0.903002 8.09626800e-02 0.00000000e+00 8.09626800e-02 0.00000000e+00 1.50334306e+00 0.00000000e+00 2.40534890e-02 0.000000e+00 0.000000e+00 0.000000e+00 7.289234e+00 5.710737e-01 0.0000e+00 0.0000e+00 +8.3962e-06 0.04304 5.87007e-01 7.88727e-01 8.57685e-01 2.48360e-02
0.953169 7.97054123e-02 0.00000000e+00 7.97054123e-02 0.00000000e+00 1.47137822e+00 0.00000000e+00 2.35420515e-02 0.000000e+00 0.000000e+00 0.000000e+00 7.276200e+00 5.308389e-01 0.0000e+00 0.0000e+00 +1.3583e-05 0.04252 5.77023e-01 7.81469e-01 8.53837e-01 2.43986e-02
1.003336 7.85793705e-02 0.00000000e+00 7.85793705e-02 0.00000000e+00 1.43713855e+00 0.00000000e+00 2.29942169e-02 0.000000e+00 0.000000e+00 0.000000e+00 7.195079e+00 4.965294e-01 0.0000e+00 0.0000e+00 +1.0458e-05 0.04177 5.66107e-01 7.73387e-01 8.49467e-01 2.38652e-02
1.053503 7.74866145e-02 0.00000000e+00 7.74866145e-02 0.00000000e+00 1.40310432e+00 0.00000000e+00 2.24496691e-02 0.000000e+00 0.000000e+00 0.000000e+00 6.949179e+00 5.079632e-01 0.0000e+00 0.0000e+00 +2.8330e-06 0.04142 5.55127e-01 7.64878e-01 8.44842e-01 2.33475e-02
1.103669 7.63785027e-02 0.00000000e+00 7.63785027e-02 0.00000000e+00 1.36727009e+00 0.00000000e+00 2.18763215e-02 0.000000e+00 0.000000e+00 0.000000e+00 6.758046e+00 5.786696e-01 0.0000e+00 0.0000e+00 -1.2022e-06 0.04122 5.43600e-01 7.55747e-01 8.39842e-01 2.26987e-02
1.153836 7.52917981e-02 0.00000000e+00 7.52917981e-02 0.00000000e+00 1.32722838e+00 0.00000000e+00 2.12356542e-02 0.000000e+00 0.000000e+00 0.000000e+00 6.435580e+00 6.605742e-01 0.0000e+00 0.0000e+00 +4.2613e-06 0.04085 5.30563e-01 7.45578e-01 8.34190e-01 2.16769e-02
1.204003 7.41703559e-02 0.00000000e+00 7.41703559e-02 0.00000000e+00 1.30123082e+00 0.00000000e+00 2.08196930e-02 0.000000e+00 0.000000e+00 0.000000e+00 6.442500e+00 6.673068e-01 0.0000e+00 0.0000e+00 +1.1226e-05 0.04047 5.22221e-01 7.37787e-01 8.30101e-01 2.14869e-02
1.254170 7.31126716e-02 0.00000000e+00 7.31126716e-02 0.00000000e+00 1.29215809e+00 0.00000000e+00 2.06745295e-02 0.000000e+00 0.000000e+00 0.000000e+00 6.802808e+00 5.923548e-01 0.0000e+00 0.0000e+00 +1.1736e-05 0.03989 5.19835e-01 7.33194e-01 8.28049e-01 2.20283e-02
1.304337 7.21470814e-02 0.00000000e+00 7.21470814e-02 0.00000000e+00 1.27426887e+00 0.00000000e+00 2.03883020e-02 0.000000e+00 0.000000e+00 0.000000e+00 6.730290e+00 5.629900e-01 0.0000e+00 0.0000e+00 +5.7470e-06 0.03923 5.14047e-01 7.26608e-01 8.24675e-01 2.18572e-02
1.354503 7.11540432e-02 0.00000000e+00 7.11540432e-02 0.00000000e+00 1.23717323e+00 0.00000000e+00 1.97947716e-02 0.000000e+00 0.000000e+00 0.000000e+00 6.238128e+00 6.282306e-01 0.0000e+00 0.0000e+00 -2.1038e-07 0.03891 5.00805e-01 7.15592e-01 8.18455e-01 2.05215e-02
1.404670 7.01701056e-02 0.00000000e+00 7.01701056e-02 0.00000000e+00 1.20592391e+00 0.00000000e+00 1.92947826e-02 0.000000e+00 0.000000e+00 0.000000e+00 6.085297e+00 7.049434e-01 0.0000e+00 0.0000e+00 +8.0681e-07 0.03886 4.89790e-01 7.05625e-01 8.12916e-01 1.97903e-02
1.454837 6.91751994e-02 0.00000000e+00 6.91751994e-02 0.00000000e+00 1.18925258e+00 0.00000000e+00 1.90280412e-02 0.000000e+00 0.000000e+00 0.000000e+00 6.173068e+00 7.167202e-01 0.0000e+00 0.0000e+00 +7.4214e-06 0.03850 4.84843e-01 6.99138e-01 8.09570e-01 1.99554e-02
1.505004 6.81814410e-02 0.00000000e+00 6.81814410e-02 0.00000000e+00 1.17882537e+00 0.00000000e+00 1.88612060e-02 0.000000e+00 0.000000e+00 0.000000e+00 6.318396e+00 6.805690e-01 0.0000e+00 0.0000e+00 +1.1515e-05 0.03779 4.82410e-01 6.94180e-01 8.07151e-01 2.02644e-02
1.555171 6.72748139e-02 0.00000000e+00 6.72748139e-02 0.00000000e+00 1.16644963e+00 0.00000000e+00 1.86631941e-02 0.000000e+00 0.000000e+00 0.000000e+00 6.407330e+00 6.327228e-01 0.0000e+00 0.0000e+00 +8.3602e-06 0.03724 4.78953e-01 6.88613e-01 8.04284e-01 2.00958e-02
1.605337 6.63805236e-02 0.00000000e+00 6.63805236e-02 0.00000000e+00 1.14390228e+00 0.00000000e+00 1.83024364e-02 0.000000e+00 0.000000e+00 0.000000e+00 6.183086e+00 6.444704e-01 0.0000e+00 0.0000e+00 +1.8872e-06 0.03694 4.70918e-01 6.80207e-01 7.99575e-01 1.93680e-02
1.655504 6.54672733e-02 0.00000000e+00 6.54672733e-02 0.00000000e+00 1.11906674e+00 0.00000000e+00 1.79050679e-02 0.000000e+00 0.000000e+00 0.000000e+00 5.931901e+00 7.049881e-01 0.0000e+00 0.0000e+00 -9.2197e-07 0.03667 4.61795e-01 6.71024e-01 7.94363e-01 1.88294e-02
1.705671 6.45736050e-02 0.00000000e+00 6.45736050e-02 0.00000000e+00 1.09952346e+00 0.00000000e+00 1.75923754e-02 0.000000e+00 0.000000e+00 0.000000e+00 5.844526e+00 7.518211e-01 0.0000e+00 0.0000e+00 +3.7686e-06 0.03641 4.55192e-01 6.63356e-01 7.90097e-01 1.85493e-02
1.755838 6.36515264e-02 0.00000000e+00 6.36515264e-02 0.00000000e+00 1.08784232e+00 0.00000000e+00 1.74054771e-02 0.000000e+00 0.000000e+00 0.000000e+00 6.021943e+00 7.266782e-01 0.0000e+00 0.0000e+00 +9.4847e-06 0.03603 4.52403e-01 6.58110e-01 7.87300e-01 1.85483e-02
1.806005 6.27757602e-02 0.00000000e+00 6.27757602e-02 0.00000000e+00 1.07884149e+00 0.00000000e+00 1.72614639e-02 0.000000e+00 0.000000e+00 0.000000e+00 6.159362e+00 6.836248e-01 0.0000e+00 0.0000e+00 +9.7456e-06 0.03540 4.50815e-01 6.53701e-01 7.84931e-01 1.86899e-02
1.856171 6.19525674e-02 0.00000000e+00 6.19525674e-02 0.00000000e+00 1.06869274e+00 0.00000000e+00 1.70990839e-02 0.000000e+00 0.000000e+00 0.000000e+00 6.180214e+00 6.576233e-01 0.0000e+00 0.0000e+00 +4.4426e-06 0.03486 4.48579e-01 6.48906e-01 7.82242e-01 1.87370e-02
1.906338 6.11109986e-02 0.00000000e+00 6.11109986e-02 0.00000000e+00 1.04948432e+00 0.00000000e+00 1.67917492e-02 0.000000e+00 0.000000e+00 0.000000e+00 5.928310e+00 6.861126e-01 0.0000e+00 0.0000e+00 -5.8125e-07 0.03462 4.41710e-01 6.41113e-01 7.77651e-01 1.80586e-02
1.956505 6.02774295e-02 0.00000000e+00 6.02774295e-02 0.00000000e+00 1.02621924e+00 0.00000000e+00 1.64195079e-02 0.000000e+00 0.000000e+00 0.000000e+00 5.711691e+00 7.398646e-01 0.0000e+00 0.0000e+00 +7.0010e-07 0.03450 4.32671e-01 6.31880e-01 7.72153e-01 1.72930e-02
2.006672 5.94361922e-02 0.00000000e+00 5.94361922e-02 0.00000000e+00 1.01019593e+00 0.00000000e+00 1.61631349e-02 0.000000e+00 0.000000e+00 0.000000e+00 5.711750e+00 7.568536e-01 0.0000e+00 0.0000e+00 +6.5683e-06 0.03419 4.27525e-01 6.25205e-01 7.68207e-01 1.71554e-02
2.056839 5.85943069e-02 0.00000000e+00 5.85943069e-02 0.00000000e+00 1.00807009e+00 0.00000000e+00 1.61291215e-02 0.000000e+00 0.000000e+00 0.000000e+00 6.036730e+00 7.047238e-01 0.0000e+00 0.0000e+00 +9.5548e-06 0.03361 4.30131e-01 6.23720e-01 7.67394e-01 1.78639e-02
2.107005 5.78160517e-02 0.00000000e+00 5.78160517e-02 0.00000000e+00 1.00264021e+00 0.00000000e+00 1.60422434e-02 0.000000e+00 0.000000e+00 0.000000e+00 6.138829e+00 6.553548e-01 0.0000e+00 0.0000e+00 +6.5849e-06 0.03305 4.30780e-01 6.21065e-01 7.65751e-01 1.78867e-02
2.157172 5.70389023e-02 0.00000000e+00 5.70389023e-02 0.00000000e+00 9.82030879e-01 0.00000000e+00 1.57124941e-02 0.000000e+00 0.000000e+00 0.000000e+00 5.871139e+00 6.684951e-01 0.0000e+00 0.0000e+00 +1.1535e-06 0.03272 4.22738e-01 6.12620e-01 7.60448e-01 1.69680e-02
2.207339 5.62544909e-02 0.00000000e+00 5.62544909e-02 0.00000000e+00 9.61939570e-01 0.00000000e+00 1.53910331e-02 0.000000e+00 0.000000e+00 0.000000e+00 5.637027e+00 7.135526e-01 0.0000e+00 0.0000e+00 -8.1881e-07 0.03259 4.14932e-01 6.04265e-01 7.55168e-01 1.64711e-02
2.257506 5.54820606e-02 0.00000000e+00 5.54820606e-02 0.00000000e+00 9.50871747e-01 0.00000000e+00 1.52139479e-02 0.000000e+00 0.000000e+00 0.000000e+00 5.676417e+00 7.299837e-01 0.0000e+00 0.0000e+00 +3.2099e-06 0.03235 4.12646e-01 5.99668e-01 7.52200e-01 1.65750e-02
2.307673 5.46935417e-02 0.00000000e+00 5.46935417e-02 0.00000000e+00 9.41610304e-01 0.00000000e+00 1.50657649e-02 0.000000e+00 0.000000e+00 0.000000e+00 5.790658e+00 7.066064e-01 0.0000e+00 0.0000e+00 +8.0029e-06 0.03191 4.11453e-01 5.95937e-01 7.49711e-01 1.65544e-02
2.357839 5.39398578e-02 0.00000000e+00 5.39398578e-02 0.00000000e+00 9.32521722e-01 0.00000000e+00 1.49203475e-02 0.000000e+00 0.000000e+00 0.000000e+00 5.903335e+00 6.653520e-01 0.0000e+00 0.0000e+00 +7.9574e-06 0.03137 4.10286e-01 5.92329e-01 7.47187e-01 1.65318e-02
2.408006 5.32204574e-02 0.00000000e+00 5.32204574e-02 0.00000000e+00 9.23596631e-01 0.00000000e+00 1.47775461e-02 0.000000e+00 0.000000e+00 0.000000e+00 5.896275e+00 6.355803e-01 0.0000e+00 0.0000e+00 +3.2383e-06 0.03098 4.09219e-01 5.88828e-01 7.44619e-01 1.65091e-02
2.458173 5.24867792e-02 0.00000000e+00 5.24867792e-02 0.00000000e+00 9.08449014e-01 0.00000000e+00 1.45351842e-02 0.000000e+00 0.000000e+00 0.000000e+00 5.680501e+00 6.565929e-01 0.0000e+00 0.0000e+00 -8.3391e-07 0.03074 4.04223e-01 5.82587e-01 7.40296e-01 1.60442e-02
2.508340 5.17658749e-02 0.00000000e+00 5.17658749e-02 0.00000000e+00 8.90280839e-01 0.00000000e+00 1.42444934e-02 0.000000e+00 0.000000e+00 0.000000e+00 5.496427e+00 6.949926e-01 0.0000e+00 0.0000e+00 +6.0405e-07 0.03056 3.97216e-01 5.74941e-01 7.35092e-01 1.54837e-02
2.558506 5.10391837e-02 0.00000000e+00 5.10391837e-02 0.00000000e+00 8.77826033e-01 0.00000000e+00 1.40452165e-02 0.000000e+00 0.000000e+00 0.000000e+00 5.526572e+00 6.935245e-01 0.0000e+00 0.0000e+00 +5.5652e-06 0.03031 3.94014e-01 5.70018e-01 7.31550e-01 1.53910e-02
2.608673 5.03160012e-02 0.00000000e+00 5.03160012e-02 0.00000000e+00 8.72920551e-01 0.00000000e+00 1.39667288e-02 0.000000e+00 0.000000e+00 0.000000e+00 5.732671e+00 6.451082e-01 0.0000e+00 0.0000e+00 +7.8693e-06 0.02983 3.95965e-01 5.68852e-01 7.30256e-01 1.57585e-02
2.658840 4.96376831e-02 0.00000000e+00 4.96376831e-02 0.00000000e+00 8.66084700e-01 0.00000000e+00 1.38573552e-02 0.000000e+00 0.000000e+00 0.000000e+00 5.781285e+00 6.065818e-01 0.0000e+00 0.0000e+00 +5.1405e-06 0.02931 3.96540e-01 5.66807e-01 7.28303e-01 1.58105e-02
2.709007 4.89595937e-02 0.00000000e+00 4.89595937e-02 0.00000000e+00 8.51215163e-01 0.00000000e+00 1.36194426e-02 0.000000e+00 0.000000e+00 0.000000e+00 5.595167e+00 6.065788e-01 0.0000e+00 0.0000e+00 +4.8117e-07 0.02902 3.91499e-01 5.60749e-01 7.23759e-01 1.52421e-02
2.759174 4.82802939e-02 0.00000000e+00 4.82802939e-02 0.00000000e+00 8.34250930e-01 0.00000000e+00 1.33480149e-02 0.000000e+00 0.000000e+00 0.000000e+00 5.367300e+00 6.363469e-01 0.0000e+00 0.0000e+00 -8.7757e-07 0.02892 3.84904e-01 5.53536e-01 7.18457e-01 1.47229e-02
2.809340 4.76120948e-02 0.00000000e+00 4.76120948e-02 0.00000000e+00 8.21509069e-01 0.00000000e+00 1.31441451e-02 0.000000e+00 0.000000e+00 0.000000e+00 5.326427e+00 6.512006e-01 0.0000e+00 0.0000e+00 +2.7497e-06 0.02873 3.81364e-01 5.48560e-01 7.14553e-01 1.46155e-02
2.859507 4.69348415e-02 0.00000000e+00 4.69348415e-02 0.00000000e+00 8.13744358e-01 0.00000000e+00 1.30199097e-02 0.000000e+00 0.000000e+00 0.000000e+00 5.446756e+00 6.241253e-01 0.0000e+00 0.0000e+00 +6.6819e-06 0.02830 3.81530e-01 5.46377e-01 7.12365e-01 1.47811e-02
2.909674 4.62854922e-02 0.00000000e+00 4.62854922e-02 0.00000000e+00 8.07200337e-01 0.00000000e+00 1.29152054e-02 0.000000e+00 0.000000e+00 0.000000e+00 5.552783e+00 5.754265e-01 0.0000e+00 0.0000e+00 +6.2990e-06 0.02785 3.82581e-01 5.44939e-01 7.10548e-01 1.48635e-02
2.959841 4.56597430e-02 0.00000000e+00 4.56597430e-02 0.00000000e+00 7.95139911e-01 0.00000000e+00 1.27222386e-02 0.000000e+00 0.000000e+00 0.000000e+00 5.441041e+00 5.547535e-01 0.0000e+00 0.0000e+00 +2.2521e-06 0.02752 3.79362e-01 5.40396e-01 7.06651e-01 1.44773e-02
3.010008 4.50255921e-02 0.00000000e+00 4.50255921e-02 0.00000000e+00 7.80341060e-01 0.00000000e+00 1.24854570e-02 0.000000e+00 0.000000e+00 0.000000e+00 5.239813e+00 5.732629e-01 0.0000e+00 0.0000e+00 -9.9603e-07 0.02732 3.73940e-01 5.34207e-01 7.01658e-01 1.40931e-02
3.060174 4.44048124e-02 0.00000000e+00 4.44048124e-02 0.00000000e+00 7.67917729e-01 0.00000000e+00 1.22866837e-02 0.000000e+00 0.000000e+00 0.000000e+00 5.122292e+00 5.948589e-01 0.0000e+00 0.0000e+00 +4.0769e-07 0.02717 3.70387e-01 5.29409e-01 6.97564e-01 1.39296e-02
3.110341 4.37811760e-02 0.00000000e+00 4.37811760e-02 0.00000000e+00 7.57115284e-01 0.00000000e+00 1.21138445e-02 0.000000e+00 0.000000e+00 0.000000e+00 5.135161e+00 5.849439e-01 0.0000e+00 0.0000e+00 +4.6159e-06 0.02692 3.68113e-01 5.25619e-01 6.94101e-01 1.37777e-02
3.160508 4.31642613e-02 0.00000000e+00 4.31642613e-02 0.00000000e+00 7.48115488e-01 0.00000000e+00 1.19698478e-02 0.000000e+00 0.000000e+00 0.000000e+00 5.222088e+00 5.470621e-01 0.0000e+00 0.0000e+00 +6.4399e-06 0.02651 3.67242e-01 5.22965e-01 6.91282e-01 1.37718e-02
3.210675 4.25795841e-02 0.00000000e+00 4.25795841e-02 0.00000000e+00 7.40801384e-01 0.00000000e+00 1.18528221e-02 0.000000e+00 0.000000e+00 0.000000e+00 5.250060e+00 5.097698e-01 0.0000e+00 0.0000e+00 +3.8969e-06 0.02611 3.67746e-01 5.21409e-01 6.89073e-01 1.38860e-02
3.260842 4.19954599e-02 0.00000000e+00 4.19954599e-02 0.00000000e+00 7.29568244e-01 0.00000000e+00 1.16730919e-02 0.000000e+00 0.000000e+00 0.000000e+00 5.098277e+00 5.048437e-01 0.0000e+00 0.0000e+00 -8.6239e-08 0.02588 3.64889e-01 5.17322e-01 6.85167e-01 1.35689e-02
3.311008 4.14140298e-02 0.00000000e+00 4.14140298e-02 0.00000000e+00 7.14227492e-01 0.00000000e+00 1.14276399e-02 0.000000e+00 0.000000e+00 0.000000e+00 4.881047e+00 5.307714e-01 0.0000e+00 0.0000e+00 -9.3370e-07 0.02575 3.58334e-01 5.10422e-01 6.79421e-01 1.30303e-02
3.361175 4.08431791e-02 0.00000000e+00 4.08431791e-02 0.00000000e+00 7.01946556e-01 0.00000000e+00 1.12311449e-02 0.000000e+00 0.000000e+00 0.000000e+00 4.818065e+00 5.398402e-01 0.0000e+00 0.0000e+00 +2.3039e-06 0.02557 3.54364e-01 5.05507e-01 6.74975e-01 1.28742e-02
3.411342 4.02672917e-02 0.00000000e+00 4.02672917e-02 0.00000000e+00 6.94872197e-01 0.00000000e+00 1.11179552e-02 0.000000e+00 0.000000e+00 0.000000e+00 4.920328e+00 5.089630e-01 0.0000e+00 0.0000e+00 +5.4739e-06 0.02526 3.55099e-01 5.04251e-01 6.72891e-01 1.30595e-02
3.461509 3.97149998e-02 0.00000000e+00 3.97149998e-02 0.00000000e+00 6.87809685e-01 0.00000000e+00 1.10049550e-02 0.000000e+00 0.000000e+00 0.000000e+00 4.980899e+00 4.668333e-01 0.0000e+00 0.0000e+00 +4.9317e-06 0.02488 3.55781e-01 5.03036e-01 6.70756e-01 1.30850e-02
3.511676 3.91784010e-02 0.00000000e+00 3.91784010e-02 0.00000000e+00 6.76077496e-01 0.00000000e+00 1.08172399e-02 0.000000e+00 0.000000e+00 0.000000e+00 4.858209e+00 4.501162e-01 0.0000e+00 0.0000e+00 +1.4348e-06 0.02460 3.51981e-01 4.98404e-01 6.66280e-01 1.26930e-02
3.561842 3.86384362e-02 0.00000000e+00 3.86384362e-02 0.00000000e+00 6.63429339e-01 0.00000000e+00 1.06148694e-02 0.000000e+00 0.000000e+00 0.000000e+00 4.678211e+00 4.623931e-01 0.0000e+00 0.0000e+00 -1.1625e-06 0.02446 3.47168e-01 4.92970e-01 6.61242e-01 1.23832e-02
3.612009 3.81106600e-02 0.00000000e+00 3.81106600e-02 0.00000000e+00 6.52627088e-01 0.00000000e+00 1.04420334e-02 0.000000e+00 0.000000e+00 0.000000e+00 4.573767e+00 4.784769e-01 0.0000e+00 0.0000e+00 +2.3265e-07 0.02432 3.44065e-01 4.88861e-01 6.57111e-01 1.22544e-02
3.662176 3.75825825e-02 0.00000000e+00 3.75825825e-02 0.00000000e+00 6.42859730e-01 0.00000000e+00 1.02857557e-02 0.000000e+00 0.000000e+00 0.000000e+00 4.574968e+00 4.682672e-01 0.0000e+00 0.0000e+00 +3.8042e-06 0.02408 3.41893e-01 4.85527e-01 6.53504e-01 1.21364e-02
3.712343 3.70615139e-02 0.00000000e+00 3.70615139e-02 0.00000000e+00 6.34534187e-01 0.00000000e+00 1.01525470e-02 0.000000e+00 0.000000e+00 0.000000e+00 4.638766e+00 4.309636e-01 0.0000e+00 0.0000e+00 +5.1653e-06 0.02377 3.41068e-01 4.83312e-01 6.50585e-01 1.21027e-02
3.762510 3.65649091e-02 0.00000000e+00 3.65649091e-02 0.00000000e+00 6.26498086e-01 0.00000000e+00 1.00239694e-02 0.000000e+00 0.000000e+00 0.000000e+00 4.632333e+00 3.974935e-01 0.0000e+00 0.0000e+00 +2.8472e-06 0.02352 3.40442e-01 4.81295e-01 6.47716e-01 1.20624e-02
3.812676 3.60686769e-02 0.00000000e+00 3.60686769e-02 0.00000000e+00 6.15861208e-01 0.00000000e+00 9.85377932e-03 0.000000e+00 0.000000e+00 0.000000e+00 4.477905e+00 3.967633e-01 0.0000e+00 0.0000e+00 -4.7551e-07 0.02332 3.36979e-01 4.77054e-01 6.43303e-01 1.17891e-02
3.862843 3.55776469e-02 0.00000000e+00 3.55776469e-02 0.00000000e+00 6.04179825e-01 0.00000000e+00 9.66687720e-03 0.000000e+00 0.000000e+00 0.000000e+00 4.313439e+00 4.158624e-01 0.0000e+00 0.0000e+00 -9.9523e-07 0.02316 3.32241e-01 4.71806e-01 6.38223e-01 1.14947e-02
3.913010 3.50949107e-02 0.00000000e+00 3.50949107e-02 0.00000000e+00 5.94100207e-01 0.00000000e+00 9.50560331e-03 0.000000e+00 0.000000e+00 0.000000e+00 4.264478e+00 4.184071e-01 0.0000e+00 0.0000e+00 +1.8485e-06 0.02302 3.29107e-01 4.67841e-01 6.34041e-01 1.13340e-02
3.963177 3.46108841e-02 0.00000000e+00 3.46108841e-02 0.00000000e+00 5.85988015e-01 0.00000000e+00 9.37580824e-03 0.000000e+00 0.000000e+00 0.000000e+00 4.315606e+00 3.913473e-01 0.0000e+00 0.0000e+00 +4.4587e-06 0.02278 3.28042e-01 4.65563e-01 6.30988e-01 1.13135e-02
4.013343 3.41456230e-02 0.00000000e+00 3.41456230e-02 0.00000000e+00 5.78881473e-01 0.00000000e+00 9.26210357e-03 0.000000e+00 0.000000e+00 0.000000e+00 4.349528e+00 3.553307e-01 0.0000e+00 0.0000e+00 +3.8126e-06 0.02250 3.28009e-01 4.64164e-01 6.28478e-01 1.13591e-02
4.063510 3.36914062e-02 0.00000000e+00 3.36914062e-02 0.00000000e+00 5.69852314e-01 0.00000000e+00 9.11763702e-03 0.000000e+00 0.000000e+00 0.000000e+00 4.261400e+00 3.383969e-01 0.0000e+00 0.0000e+00 +7.4595e-07 0.02230 3.25633e-01 4.60923e-01 6.24644e-01 1.11333e-02
4.113677 3.32362424e-02 0.00000000e+00 3.32362424e-02 0.00000000e+00 5.58869526e-01 0.00000000e+00 8.94191242e-03 0.000000e+00 0.000000e+00 0.000000e+00 4.091099e+00 3.491818e-01 0.0000e+00 0.0000e+00 -1.2841e-06 0.02219 3.20770e-01 4.55682e-01 6.19414e-01 1.07910e-02
4.163844 3.27920871e-02 0.00000000e+00 3.27920871e-02 0.00000000e+00 5.48894446e-01 0.00000000e+00 8.78231113e-03 0.000000e+00 0.000000e+00 0.000000e+00 3.982682e+00 3.632845e-01 0.0000e+00 0.0000e+00 +9.9103e-08 0.02212 3.16928e-01 4.51259e-01 6.14785e-01 1.06334e-02
4.214011 3.23484061e-02 0.00000000e+00 3.23484061e-02 0.00000000e+00 5.41076652e-01 0.00000000e+00 8.65722643e-03 0.000000e+00 0.000000e+00 0.000000e+00 4.002712e+00 3.500998e-01 0.0000e+00 0.0000e+00 +3.0906e-06 0.02197 3.15613e-01 4.48897e-01 6.11614e-01 1.06135e-02
4.264177 3.19118622e-02 0.00000000e+00 3.19118622e-02 0.00000000e+00 5.34040149e-01 0.00000000e+00 8.54464239e-03 0.000000e+00 0.000000e+00 0.000000e+00 4.055629e+00 3.152077e-01 0.0000e+00 0.0000e+00 +4.0689e-06 0.02175 3.15144e-01 4.47270e-01 6.08922e-01 1.05792e-02
4.314344 3.14932455e-02 0.00000000e+00 3.14932455e-02 0.00000000e+00 5.25749443e-01 0.00000000e+00 8.41199109e-03 0.000000e+00 0.000000e+00 0.000000e+00 4.012455e+00 2.886695e-01 0.0000e+00 0.0000e+00 +2.0041e-06 0.02159 3.12903e-01 4.44249e-01 6.05181e-01 1.03987e-02
4.364511 3.10754945e-02 0.00000000e+00 3.10754945e-02 0.00000000e+00 5.16579523e-01 0.00000000e+00 8.26527237e-03 0.000000e+00 0.000000e+00 0.000000e+00 3.880172e+00 2.882351e-01 0.0000e+00 0.0000e+00 -7.6210e-07 0.02149 3.09338e-01 4.40153e-01 6.00654e-01 1.01923e-02
4.414678 3.06634313e-02 0.00000000e+00 3.06634313e-02 0.00000000e+00 5.07833639e-01 0.00000000e+00 8.12533823e-03 0.000000e+00 0.000000e+00 0.000000e+00 3.759526e+00 3.021849e-01 0.0000e+00 0.0000e+00 -1.0455e-06 0.02140 3.06177e-01 4.36373e-01 5.96388e-01 1.00512e-02
4.464845 3.02579217e-02 0.00000000e+00 3.02579217e-02 0.00000000e+00 4.99344533e-01 0.00000000e+00 7.98951252e-03 0.000000e+00 0.000000e+00 0.000000e+00 3.707164e+00 3.031806e-01 0.0000e+00 0.0000e+00 +1.4541e-06 0.02129 3.03185e-01 4.32750e-01 5.92268e-01 9.88140e-03
4.515011 2.98528236e-02 0.00000000e+00 2.98528236e-02 0.00000000e+00 4.91758876e-01 0.00000000e+00 7.86814202e-03 0.000000e+00 0.000000e+00 0.000000e+00 3.739355e+00 2.786449e-01 0.0000e+00 0.0000e+00 +3.5895e-06 0.02114 3.01244e-01 4.30023e-01 5.88772e-01 9.78673e-03
4.565178 2.94626797e-02 0.00000000e+00 2.94626797e-02 0.00000000e+00 4.85380082e-01 0.00000000e+00 7.76608132e-03 0.000000e+00 0.000000e+00 0.000000e+00 3.768384e+00 2.459610e-01 0.0000e+00 0.0000e+00 +2.8772e-06 0.02097 3.00849e-01 4.28592e-01 5.86160e-01 9.80828e-03
4.615345 2.90803547e-02 0.00000000e+00 2.90803547e-02 0.00000000e+00 4.77908112e-01 0.00000000e+00 7.64652979e-03 0.000000e+00 0.000000e+00 0.000000e+00 3.683442e+00 2.323113e-01 0.0000e+00 0.0000e+00 +2.1961e-07 0.02084 2.98738e-01 4.25769e-01 5.82512e-01 9.65446e-03
4.665512 2.86984431e-02 0.00000000e+00 2.86984431e-02 0.00000000e+00 4.68937176e-01 0.00000000e+00 7.50299482e-03 0.000000e+00 0.000000e+00 0.000000e+00 3.533439e+00 2.428153e-01 0.0000e+00 0.0000e+00 -1.3572e-06 0.02076 2.94226e-01 4.20975e-01 5.77446e-01 9.37361e-03
4.715679 2.83256728e-02 0.00000000e+00 2.83256728e-02 0.00000000e+00 4.60875686e-01 0.00000000e+00 7.37401098e-03 0.000000e+00 0.000000e+00 0.000000e+00 3.452743e+00 2.523153e-01 0.0000e+00 0.0000e+00 -3.5907e-08 0.02067 2.90852e-01 4.17112e-01 5.73095e-01 9.24264e-03
4.765845 2.79537715e-02 0.00000000e+00 2.79537715e-02 0.00000000e+00 4.54178963e-01 0.00000000e+00 7.26686341e-03 0.000000e+00 0.000000e+00 0.000000e+00 3.465464e+00 2.387257e-01 0.0000e+00 0.0000e+00 +2.4806e-06 0.02053 2.89386e-01 4.14838e-01 5.69922e-01 9.19587e-03
4.816012 2.75886517e-02 0.00000000e+00 2.75886517e-02 0.00000000e+00 4.47957338e-01 0.00000000e+00 7.16731741e-03 0.000000e+00 0.000000e+00 0.000000e+00 3.498200e+00 2.090064e-01 0.0000e+00 0.0000e+00 +3.1684e-06 0.02039 2.88485e-01 4.13071e-01 5.67095e-01 9.16156e-03
4.866179 2.72364982e-02 0.00000000e+00 2.72364982e-02 0.00000000e+00 4.41076627e-01 0.00000000e+00 7.05722603e-03 0.000000e+00 0.000000e+00 0.000000e+00 3.462716e+00 1.863883e-01 0.0000e+00 0.0000e+00 +1.3101e-06 0.02026 2.86352e-01 4.10313e-01 5.63498e-01 9.01105e-03
4.916346 2.68853446e-02 0.00000000e+00 2.68853446e-02 0.00000000e+00 4.33537549e-01 0.00000000e+00 6.93660078e-03 0.000000e+00 0.000000e+00 0.000000e+00 3.348363e+00 1.858597e-01 0.0000e+00 0.0000e+00 -9.7909e-07 0.02015 2.82954e-01 4.06499e-01 5.59110e-01 8.81866e-03
4.966513 2.65396782e-02 0.00000000e+00 2.65396782e-02 0.00000000e+00 4.26255943e-01 0.00000000e+00 6.82009508e-03 0.000000e+00 0.000000e+00 0.000000e+00 3.236397e+00 1.981663e-01 0.0000e+00 0.0000e+00 -1.0574e-06 0.02006 2.79781e-01 4.02858e-01 5.54887e-01 8.69866e-03
5.016679 2.61992070e-02 0.00000000e+00 2.61992070e-02 0.00000000e+00 4.19518608e-01 0.00000000e+00 6.71229772e-03 0.000000e+00 0.000000e+00 0.000000e+00 3.203862e+00 1.976527e-01 0.0000e+00 0.0000e+00 +1.1148e-06 0.01995 2.77328e-01 3.99830e-01 5.51160e-01 8.59022e-03
5.066846 2.58597284e-02 0.00000000e+00 2.58597284e-02 0.00000000e+00 4.13399214e-01 0.00000000e+00 6.61438742e-03 0.000000e+00 0.000000e+00 0.000000e+00 3.235563e+00 1.743714e-01 0.0000e+00 0.0000e+00 +2.8324e-06 0.01982 2.75730e-01 3.97545e-01 5.47982e-01 8.50610e-03
5.117013 2.55321037e-02 0.00000000e+00 2.55321037e-02 0.00000000e+00 4.07552893e-01 0.00000000e+00 6.52084629e-03 0.000000e+00 0.000000e+00 0.000000e+00 3.240412e+00 1.468094e-01 0.0000e+00 0.0000e+00 +2.1099e-06 0.01968 2.74409e-01 3.95515e-01 5.44956e-01 8.44823e-03
5.167180 2.52100495e-02 0.00000000e+00 2.52100495e-02 0.00000000e+00 4.01177508e-01 0.00000000e+00 6.41884013e-03 0.000000e+00 0.000000e+00 0.000000e+00 3.162804e+00 1.368499e-01 0.0000e+00 0.0000e+00 -1.7050e-07 0.01958 2.71961e-01 3.92549e-01 5.41206e-01 8.31986e-03
5.217347 2.48892553e-02 0.00000000e+00 2.48892553e-02 0.00000000e+00 3.94452079e-01 0.00000000e+00 6.31123327e-03 0.000000e+00 0.000000e+00 0.000000e+00 3.051077e+00 1.453387e-01 0.0000e+00 0.0000e+00 -1.4029e-06 0.01948 2.68686e-01 3.88879e-01 5.36952e-01 8.16125e-03
5.267513 2.45755051e-02 0.00000000e+00 2.45755051e-02 0.00000000e+00 3.88045982e-01 0.00000000e+00 6.20873570e-03 0.000000e+00 0.000000e+00 0.000000e+00 2.980495e+00 1.522405e-01 0.0000e+00 0.0000e+00 -1.6278e-07 0.01938 2.65793e-01 3.85529e-01 5.32982e-01 8.04038e-03
5.317680 2.42629266e-02 0.00000000e+00 2.42629266e-02 0.00000000e+00 3.82145357e-01 0.00000000e+00 6.11432571e-03 0.000000e+00 0.000000e+00 0.000000e+00 2.983580e+00 1.401505e-01 0.0000e+00 0.0000e+00 +1.9645e-06 0.01926 2.63634e-01 3.82813e-01 5.29508e-01 7.93998e-03
5.367847 2.39563710e-02 0.00000000e+00 2.39563710e-02 0.00000000e+00 3.76960792e-01 0.00000000e+00 6.03137267e-03 0.000000e+00 0.000000e+00 0.000000e+00 3.015617e+00 1.140947e-01 0.0000e+00 0.0000e+00 +2.4199e-06 0.01915 2.62650e-01 3.81112e-01 5.26788e-01 7.92495e-03
5.418014 2.36592786e-02 0.00000000e+00 2.36592786e-02 0.00000000e+00 3.71544635e-01 0.00000000e+00 5.94471416e-03 0.000000e+00 0.000000e+00 0.000000e+00 2.982944e+00 9.505818e-02 0.0000e+00 0.0000e+00 +7.4701e-07 0.01903 2.61034e-01 3.78892e-01 5.23648e-01 7.83310e-03
5.468181 2.33630553e-02 0.00000000e+00 2.33630553e-02 0.00000000e+00 3.65313691e-01 0.00000000e+00 5.84501905e-03 0.000000e+00 0.000000e+00 0.000000e+00 2.878472e+00 9.609286e-02 0.0000e+00 0.0000e+00 -1.1314e-06 0.01893 2.57595e-01 3.75130e-01 5.19330e-01 7.63983e-03
5.518347 2.30718804e-02 0.00000000e+00 2.30718804e-02 0.00000000e+00 3.59368290e-01 0.00000000e+00 5.74989263e-03 0.000000e+00 0.000000e+00 0.000000e+00 2.790547e+00 1.065462e-01 0.0000e+00 0.0000e+00 -1.0577e-06 0.01883 2.54517e-01 3.71661e-01 5.15273e-01 7.53414e-03
5.568514 2.27846142e-02 0.00000000e+00 2.27846142e-02 0.00000000e+00 3.54105115e-01 0.00000000e+00 5.66568184e-03 0.000000e+00 0.000000e+00 0.000000e+00 2.771104e+00 1.042513e-01 0.0000e+00 0.0000e+00 +8.1924e-07 0.01872 2.52657e-01 3.69227e-01 5.12052e-01 7.47272e-03
5.618681 2.24988029e-02 0.00000000e+00 2.24988029e-02 0.00000000e+00 3.49110199e-01 0.00000000e+00 5.58576319e-03 0.000000e+00 0.000000e+00 0.000000e+00 2.791761e+00 8.401465e-02 0.0000e+00 0.0000e+00 +2.1905e-06 0.01861 2.51162e-01 3.67130e-01 5.09092e-01 7.39894e-03
5.668848 2.22221138e-02 0.00000000e+00 2.22221138e-02 0.00000000e+00 3.44073241e-01 0.00000000e+00 5.50517186e-03 0.000000e+00 0.000000e+00 0.000000e+00 2.790401e+00 6.150220e-02 0.0000e+00 0.0000e+00 +1.4774e-06 0.01850 2.49365e-01 3.64799e-01 5.05925e-01 7.30876e-03
5.719014 2.19495028e-02 0.00000000e+00 2.19495028e-02 0.00000000e+00 3.38860954e-01 0.00000000e+00 5.42177526e-03 0.000000e+00 0.000000e+00 0.000000e+00 2.725866e+00 5.362659e-02 0.0000e+00 0.0000e+00 -4.7140e-07 0.01840 2.46989e-01 3.61971e-01 5.02362e-01 7.20123e-03
5.769181 2.16785001e-02 0.00000000e+00 2.16785001e-02 0.00000000e+00 3.33616768e-01 0.00000000e+00 5.33786829e-03 0.000000e+00 0.000000e+00 0.000000e+00 2.635177e+00 6.115479e-02 0.0000e+00 0.0000e+00 -1.4191e-06 0.01830 2.44361e-01 3.58913e-01 4.98648e-01 7.10253e-03
5.819348 2.14130069e-02 0.00000000e+00 2.14130069e-02 0.00000000e+00 3.28484206e-01 0.00000000e+00 5.25574729e-03 0.000000e+00 0.000000e+00 0.000000e+00 2.580296e+00 6.695522e-02 0.0000e+00 0.0000e+00 -2.7270e-07 0.01821 2.41791e-01 3.55909e-01 4.95019e-01 6.99781e-03
5.869515 2.11485936e-02 0.00000000e+00 2.11485936e-02 0.00000000e+00 3.23665635e-01 0.00000000e+00 5.17865015e-03 0.000000e+00 0.000000e+00 0.000000e+00 2.584042e+00 5.566227e-02 0.0000e+00 0.0000e+00 +1.5113e-06 0.01810 2.39729e-01 3.53356e-01 4.91761e-01 6.90293e-03
5.919682 2.08894307e-02 0.00000000e+00 2.08894307e-02 0.00000000e+00 3.19322496e-01 0.00000000e+00 5.10915994e-03 0.000000e+00 0.000000e+00 0.000000e+00 2.605512e+00 3.321066e-02 0.0000e+00 0.0000e+00 +1.7939e-06 0.01799 2.38577e-01 3.51598e-01 4.89112e-01 6.87494e-03
5.969848 2.06372384e-02 0.00000000e+00 2.06372384e-02 0.00000000e+00 3.14847479e-01 0.00000000e+00 5.03755966e-03 0.000000e+00 0.000000e+00 0.000000e+00 2.575026e+00 1.840874e-02 0.0000e+00 0.0000e+00 +3.0374e-07 0.01789 2.36929e-01 3.49422e-01 4.86122e-01 6.80264e-03
6.020015 2.03859048e-02 0.00000000e+00 2.03859048e-02 0.00000000e+00 3.09925232e-01 0.00000000e+00 4.95880371e-03 0.000000e+00 0.000000e+00 0.000000e+00 2.493034e+00 2.034839e-02 0.0000e+00 0.0000e+00 -1.2394e-06 0.01780 2.34011e-01 3.46153e-01 4.82281e-01 6.65736e-03
6.070182 2.01388264e-02 0.00000000e+00 2.01388264e-02 0.00000000e+00 3.05214700e-01 0.00000000e+00 4.88343520e-03 0.000000e+00 0.000000e+00 0.000000e+00 2.422910e+00 2.878725e-02 0.0000e+00 0.0000e+00 -1.0630e-06 0.01770 2.31419e-01 3.43154e-01 4.78690e-01 6.57305e-03
6.120349 1.98947910e-02 0.00000000e+00 1.98947910e-02 0.00000000e+00 3.00857731e-01 0.00000000e+00 4.81372370e-03 0.000000e+00 0.000000e+00 0.000000e+00 2.406703e+00 2.632410e-02 0.0000e+00 0.0000e+00 +5.6444e-07 0.01760 2.29524e-01 3.40760e-01 4.75611e-01 6.50189e-03
6.170516 1.96524496e-02 0.00000000e+00 1.96524496e-02 0.00000000e+00 2.96753551e-01 0.00000000e+00 4.74805681e-03 0.000000e+00 0.000000e+00 0.000000e+00 2.425286e+00 9.100807e-03 0.0000e+00 0.0000e+00 +1.6500e-06 0.01750 2.28079e-01 3.38775e-01 4.72861e-01 6.44635e-03
6.220682 1.94170911e-02 0.00000000e+00 1.94170911e-02 0.00000000e+00 2.92710555e-01 0.00000000e+00 4.68336889e-03 0.000000e+00 0.000000e+00 0.000000e+00 2.421776e+00 -9.633797e-03 0.0000e+00 0.0000e+00 +9.4946e-07 0.01741 2.26601e-01 3.36775e-01 4.70085e-01 6.38436e-03
6.270849 1.91846983e-02 0.00000000e+00 1.91846983e-02 0.00000000e+00 2.88409010e-01 0.00000000e+00 4.61454416e-03 0.000000e+00 0.000000e+00 0.000000e+00 2.364645e+00 -1.515190e-02 0.0000e+00 0.0000e+00 -7.0490e-07 0.01731 2.24253e-01 3.34021e-01 4.66705e-01 6.27148e-03
6.321016 1.89541035e-02 0.00000000e+00 1.89541035e-02 0.00000000e+00 2.84118883e-01 0.00000000e+00 4.54590213e-03 0.000000e+00 0.000000e+00 0.000000e+00 2.292845e+00 -7.910851e-03 0.0000e+00 0.0000e+00 -1.4142e-06 0.01722 2.21756e-01 3.31126e-01 4.63239e-01 6.18651e-03
6.371183 1.87278142e-02 0.00000000e+00 1.87278142e-02 0.00000000e+00 2.80082525e-01 0.00000000e+00 4.48132041e-03 0.000000e+00 0.000000e+00 0.000000e+00 2.255307e+00 -3.570716e-03 0.0000e+00 0.0000e+00 -3.7260e-07 0.01712 2.19779e-01 3.28682e-01 4.60174e-01 6.12367e-03
6.421350 1.85025021e-02 0.00000000e+00 1.85025021e-02 0.00000000e+00 2.76212160e-01 0.00000000e+00 4.41939455e-03 0.000000e+00 0.000000e+00 0.000000e+00 2.257923e+00 -1.381952e-02 0.0000e+00 0.0000e+00 +1.1123e-06 0.01703 2.18074e-01 3.26491e-01 4.57331e-01 6.04563e-03
6.471516 1.82816638e-02 0.00000000e+00 1.82816638e-02 0.00000000e+00 2.72496743e-01 0.00000000e+00 4.35994789e-03 0.000000e+00 0.000000e+00 0.000000e+00 2.269295e+00 -3.219672e-02 0.0000e+00 0.0000e+00 +1.2688e-06 0.01694 2.16606e-01 3.24522e-01 4.54658e-01 5.98998e-03
6.521683 1.80660162e-02 0.00000000e+00 1.80660162e-02 0.00000000e+00 2.68783507e-01 0.00000000e+00 4.30053611e-03 0.000000e+00 0.000000e+00 0.000000e+00 2.243586e+00 -4.367614e-02 0.0000e+00 0.0000e+00 -4.8179e-08 0.01685 2.14965e-01 3.22404e-01 4.51856e-01 5.93134e-03
6.571850 1.78512691e-02 0.00000000e+00 1.78512691e-02 0.00000000e+00 2.64929296e-01 0.00000000e+00 4.23886874e-03 0.000000e+00 0.000000e+00 0.000000e+00 2.179639e+00 -4.143004e-02 0.0000e+00 0.0000e+00 -1.3150e-06 0.01676 2.12750e-01 3.19778e-01 4.48660e-01 5.84019e-03
6.622017 1.76400305e-02 0.00000000e+00 1.76400305e-02 0.00000000e+00 2.61122609e-01 0.00000000e+00 4.17796174e-03 0.000000e+00 0.000000e+00 0.000000e+00 2.124230e+00 -3.402237e-02 0.0000e+00 0.0000e+00 -1.0711e-06 0.01667 2.10507e-01 3.17124e-01 4.45476e-01 5.76181e-03
6.672184 1.74311802e-02 0.00000000e+00 1.74311802e-02 0.00000000e+00 2.57491900e-01 0.00000000e+00 4.11987041e-03 0.000000e+00 0.000000e+00 0.000000e+00 2.109961e+00 -3.630325e-02 0.0000e+00 0.0000e+00 +3.3781e-07 0.01658 2.08611e-01 3.14782e-01 4.42573e-01 5.68741e-03
6.722350 1.72240938e-02 0.00000000e+00 1.72240938e-02 0.00000000e+00 2.54131714e-01 0.00000000e+00 4.06610743e-03 0.000000e+00 0.000000e+00 0.000000e+00 2.126012e+00 -5.120583e-02 0.0000e+00 0.0000e+00 +1.1894e-06 0.01649 2.07359e-01 3.13018e-01 4.40142e-01 5.64915e-03
6.772517 1.70224216e-02 0.00000000e+00 1.70224216e-02 0.00000000e+00 2.50832542e-01 0.00000000e+00 4.01332067e-03 0.000000e+00 0.000000e+00 0.000000e+00 2.122263e+00 -6.639071e-02 0.0000e+00 0.0000e+00 +5.1390e-07 0.01640 2.06124e-01 3.11276e-01 4.37724e-01 5.60498e-03
6.822684 1.68229260e-02 0.00000000e+00 1.68229260e-02 0.00000000e+00 2.47279520e-01 0.00000000e+00 3.95647232e-03 0.000000e+00 0.000000e+00 0.000000e+00 2.073086e+00 -6.972670e-02 0.0000e+00 0.0000e+00 -8.8638e-07 0.01632 2.03915e-01 3.08684e-01 4.34615e-01 5.49948e-03
6.872851 1.66252486e-02 0.00000000e+00 1.66252486e-02 0.00000000e+00 2.43785513e-01 0.00000000e+00 3.90056822e-03 0.000000e+00 0.000000e+00 0.000000e+00 2.014440e+00 -6.307935e-02 0.0000e+00 0.0000e+00 -1.4053e-06 0.01623 2.01731e-01 3.06102e-01 4.31539e-01 5.43098e-03
6.923018 1.64309451e-02 0.00000000e+00 1.64309451e-02 0.00000000e+00 2.40517441e-01 0.00000000e+00 3.84827906e-03 0.000000e+00 0.000000e+00 0.000000e+00 1.987567e+00 -5.981178e-02 0.0000e+00 0.0000e+00 -4.6417e-07 0.01614 2.00128e-01 3.04029e-01 4.28913e-01 5.38391e-03
6.973184 1.62376223e-02 0.00000000e+00 1.62376223e-02 0.00000000e+00 2.37331414e-01 0.00000000e+00 3.79730262e-03 0.000000e+00 0.000000e+00 0.000000e+00 1.990882e+00 -6.862216e-02 0.0000e+00 0.0000e+00 +7.6567e-07 0.01606 1.98626e-01 3.02063e-01 4.26391e-01 5.31837e-03
7.023351 1.60480163e-02 0.00000000e+00 1.60480163e-02 0.00000000e+00 2.34237845e-01 0.00000000e+00 3.74780552e-03 0.000000e+00 0.000000e+00 0.000000e+00 1.997727e+00 -8.372833e-02 0.0000e+00 0.0000e+00 +8.2303e-07 0.01598 1.97252e-01 3.00224e-01 4.23969e-01 5.26793e-03
7.073518 1.58623223e-02 0.00000000e+00 1.58623223e-02 0.00000000e+00 2.31145723e-01 0.00000000e+00 3.69833157e-03 0.000000e+00 0.000000e+00 0.000000e+00 1.973801e+00 -9.257342e-02 0.0000e+00 0.0000e+00 -3.3299e-07 0.01590 1.95713e-01 2.98240e-01 4.21423e-01 5.21005e-03
7.123685 1.56775725e-02 0.00000000e+00 1.56775725e-02 0.00000000e+00 2.27989982e-01 0.00000000e+00 3.64783971e-03 0.000000e+00 0.000000e+00 0.000000e+00 1.923053e+00 -8.977291e-02 0.0000e+00 0.0000e+00 -1.3638e-06 0.01582 1.93805e-01 2.95921e-01 4.18617e-01 5.13958e-03
7.173851 1.54957530e-02 0.00000000e+00 1.54957530e-02 0.00000000e+00 2.24899501e-01 0.00000000e+00 3.59839202e-03 0.000000e+00 0.000000e+00 0.000000e+00 1.879794e+00 -8.331640e-02 0.0000e+00 0.0000e+00 -1.0818e-06 0.01573 1.91978e-01 2.93674e-01 4.15902e-01 5.08232e-03
7.224018 1.53157894e-02 0.00000000e+00 1.53157894e-02 0.00000000e+00 2.21919532e-01 0.00000000e+00 3.55071252e-03 0.000000e+00 0.000000e+00 0.000000e+00 1.868938e+00 -8.564109e-02 0.0000e+00 0.0000e+00 +1.2939e-07 0.01565 1.90385e-01 2.91643e-01 4.13388e-01 5.01902e-03
7.274185 1.51375774e-02 0.00000000e+00 1.51375774e-02 0.00000000e+00 2.19085392e-01 0.00000000e+00 3.50536628e-03 0.000000e+00 0.000000e+00 0.000000e+00 1.880680e+00 -9.816231e-02 0.0000e+00 0.0000e+00 +7.9493e-07 0.01557 1.89147e-01 2.89941e-01 4.11150e-01 4.97489e-03
7.324352 1.49635990e-02 0.00000000e+00 1.49635990e-02 0.00000000e+00 2.16317231e-01 0.00000000e+00 3.46107570e-03 0.000000e+00 0.000000e+00 0.000000e+00 1.876047e+00 -1.102246e-01 0.0000e+00 0.0000e+00 +1.5664e-07 0.01550 1.87989e-01 2.88316e-01 4.08970e-01 4.94058e-03
7.374519 1.47913097e-02 0.00000000e+00 1.47913097e-02 0.00000000e+00 2.13426221e-01 0.00000000e+00 3.41481953e-03 0.000000e+00 0.000000e+00 0.000000e+00 1.835768e+00 -1.122337e-01 0.0000e+00 0.0000e+00 -1.0292e-06 0.01542 1.86222e-01 2.86148e-01 4.06347e-01 4.86409e-03
7.424685 1.46207152e-02 0.00000000e+00 1.46207152e-02 0.00000000e+00 2.10552172e-01 0.00000000e+00 3.36883475e-03 0.000000e+00 0.000000e+00 0.000000e+00 1.787590e+00 -1.061473e-01 0.0000e+00 0.0000e+00 -1.3983e-06 0.01534 1.84373e-01 2.83902e-01 4.03681e-01 4.80265e-03
7.474852 1.44528111e-02 0.00000000e+00 1.44528111e-02 0.00000000e+00 2.07806638e-01 0.00000000e+00 3.32490620e-03 0.000000e+00 0.000000e+00 0.000000e+00 1.765255e+00 -1.033191e-01 0.0000e+00 0.0000e+00 -5.4967e-07 0.01526 1.82872e-01 2.81968e-01 4.01302e-01 4.75522e-03
7.525019 1.42859011e-02 0.00000000e+00 1.42859011e-02 0.00000000e+00 2.05164927e-01 0.00000000e+00 3.28263884e-03 0.000000e+00 0.000000e+00 0.000000e+00 1.769955e+00 -1.110297e-01 0.0000e+00 0.0000e+00 +4.6373e-07 0.01519 1.81621e-01 2.80271e-01 3.99133e-01 4.70729e-03
7.575186 1.41220826e-02 0.00000000e+00 1.41220826e-02 0.00000000e+00 2.02606625e-01 0.00000000e+00 3.24170599e-03 0.000000e+00 0.000000e+00 0.000000e+00 1.775406e+00 -1.236761e-01 0.0000e+00 0.0000e+00 +4.4366e-07 0.01512 1.80538e-01 2.78735e-01 3.97096e-01 4.67024e-03
7.625353 1.39612189e-02 0.00000000e+00 1.39612189e-02 0.00000000e+00 1.99987293e-01 0.00000000e+00 3.19979669e-03 0.000000e+00 0.000000e+00 0.000000e+00 1.752070e+00 -1.301634e-01 0.0000e+00 0.0000e+00 -5.6480e-07 0.01506 1.79052e-01 2.76843e-01 3.94760e-01 4.60799e-03
7.675519 1.38013456e-02 0.00000000e+00 1.38013456e-02 0.00000000e+00 1.97349443e-01 0.00000000e+00 3.15759108e-03 0.000000e+00 0.000000e+00 0.000000e+00 1.709253e+00 -1.269214e-01 0.0000e+00 0.0000e+00 -1.3959e-06 0.01498 1.77349e-01 2.74749e-01 3.92270e-01 4.54987e-03
7.725686 1.36439251e-02 0.00000000e+00 1.36439251e-02 0.00000000e+00 1.94817534e-01 0.00000000e+00 3.11708055e-03 0.000000e+00 0.000000e+00 0.000000e+00 1.677282e+00 -1.215420e-01 0.0000e+00 0.0000e+00 -1.0961e-06 0.01490 1.75955e-01 2.72929e-01 3.90034e-01 4.51172e-03
7.775853 1.34879938e-02 0.00000000e+00 1.34879938e-02 0.00000000e+00 1.92336617e-01 0.00000000e+00 3.07738587e-03 0.000000e+00 0.000000e+00 0.000000e+00 1.669355e+00 -1.238124e-01 0.0000e+00 0.0000e+00 -6.0717e-08 0.01483 1.74631e-01 2.71184e-01 3.87881e-01 4.45698e-03
7.826020 1.33337199e-02 0.00000000e+00 1.33337199e-02 0.00000000e+00 1.89923258e-01 0.00000000e+00 3.03877213e-03 0.000000e+00 0.000000e+00 0.000000e+00 1.676140e+00 -1.341829e-01 0.0000e+00 0.0000e+00 +4.5458e-07 0.01476 1.73431e-01 2.69566e-01 3.85836e-01 4.41192e-03
7.876187 1.31827910e-02 0.00000000e+00 1.31827910e-02 0.00000000e+00 1.87580630e-01 0.00000000e+00 3.00129008e-03 0.000000e+00 0.000000e+00 0.000000e+00 1.671126e+00 -1.438486e-01 0.0000e+00 0.0000e+00 -1.3928e-07 0.01470 1.72383e-01 2.68087e-01 3.83905e-01 4.38120e-03
7.926353 1.30332359e-02 0.00000000e+00 1.30332359e-02 0.00000000e+00 1.85186097e-01 0.00000000e+00 2.96297755e-03 0.000000e+00 0.000000e+00 0.000000e+00 1.638592e+00 -1.449394e-01 0.0000e+00 0.0000e+00 -1.1403e-06 0.01463 1.70973e-01 2.66278e-01 3.81704e-01 4.32528e-03
7.976520 1.28852356e-02 0.00000000e+00 1.28852356e-02 0.00000000e+00 1.82788540e-01 0.00000000e+00 2.92461663e-03 0.000000e+00 0.000000e+00 0.000000e+00 1.598163e+00 -1.393079e-01 0.0000e+00 0.0000e+00 -1.3938e-06 0.01455 1.69418e-01 2.64339e-01 3.79412e-01 4.27338e-03
8.026687 1.27393913e-02 0.00000000e+00 1.27393913e-02 0.00000000e+00 1.80473764e-01 0.00000000e+00 2.88758022e-03 0.000000e+00 0.000000e+00 0.000000e+00 1.579495e+00 -1.369408e-01 0.0000e+00 0.0000e+00 -6.3373e-07 0.01448 1.68100e-01 2.62618e-01 3.77325e-01 4.22968e-03
8.076854 1.25945379e-02 0.00000000e+00 1.25945379e-02 0.00000000e+00 1.78246043e-01 0.00000000e+00 2.85193669e-03 0.000000e+00 0.000000e+00 0.000000e+00 1.584675e+00 -1.437499e-01 0.0000e+00 0.0000e+00 +1.9908e-07 0.01442 1.67033e-01 2.61135e-01 3.75449e-01 4.18882e-03
8.127021 1.24522746e-02 0.00000000e+00 1.24522746e-02 0.00000000e+00 1.76084281e-01 0.00000000e+00 2.81734850e-03 0.000000e+00 0.000000e+00 0.000000e+00 1.588442e+00 -1.542687e-01 0.0000e+00 0.0000e+00 +1.2324e-07 0.01436 1.66123e-01 2.59803e-01 3.73698e-01 4.16088e-03
8.177187 1.23122812e-02 0.00000000e+00 1.23122812e-02 0.00000000e+00 1.73872111e-01 0.00000000e+00 2.78195377e-03 0.000000e+00 0.000000e+00 0.000000e+00 1.567012e+00 -1.590695e-01 0.0000e+00 0.0000e+00 -7.5477e-07 0.01430 1.64832e-01 2.58130e-01 3.71661e-01 4.10699e-03
8.227354 1.21732726e-02 0.00000000e+00 1.21732726e-02 0.00000000e+00 1.71652241e-01 0.00000000e+00 2.74643586e-03 0.000000e+00 0.000000e+00 0.000000e+00 1.530794e+00 -1.557127e-01 0.0000e+00 0.0000e+00 -1.4199e-06 0.01423 1.63373e-01 2.56300e-01 3.69502e-01 4.05591e-03
8.277521 1.20363248e-02 0.00000000e+00 1.20363248e-02 0.00000000e+00 1.69517615e-01 0.00000000e+00 2.71228185e-03 0.000000e+00 0.000000e+00 0.000000e+00 1.505227e+00 -1.510595e-01 0.0000e+00 0.0000e+00 -1.1132e-06 0.01416 1.62204e-01 2.54730e-01 3.67584e-01 4.02415e-03
8.327688 1.19006334e-02 0.00000000e+00 1.19006334e-02 0.00000000e+00 1.67424488e-01 0.00000000e+00 2.67879181e-03 0.000000e+00 0.000000e+00 0.000000e+00 1.499868e+00 -1.532655e-01 0.0000e+00 0.0000e+00 -2.3248e-07 0.01409 1.61104e-01 2.53237e-01 3.65746e-01 3.97998e-03
8.377855 1.17664624e-02 0.00000000e+00 1.17664624e-02 0.00000000e+00 1.65381362e-01 0.00000000e+00 2.64610179e-03 0.000000e+00 0.000000e+00 0.000000e+00 1.505091e+00 -1.621752e-01 0.0000e+00 0.0000e+00 +1.5879e-07 0.01404 1.60103e-01 2.51846e-01 3.63997e-01 3.94219e-03
8.428021 1.16349445e-02 0.00000000e+00 1.16349445e-02 0.00000000e+00 1.63372398e-01 0.00000000e+00 2.61395837e-03 0.000000e+00 0.000000e+00 0.000000e+00 1.498267e+00 -1.698865e-01 0.0000e+00 0.0000e+00 -3.8622e-07 0.01398 1.59128e-01 2.50482e-01 3.62268e-01 3.90888e-03
8.478188 1.15045983e-02 0.00000000e+00 1.15045983e-02 0.00000000e+00 1.61338825e-01 0.00000000e+00 2.58142120e-03 0.000000e+00 0.000000e+00 0.000000e+00 1.470103e+00 -1.701158e-01 0.0000e+00 0.0000e+00 -1.2261e-06 0.01392 1.57899e-01 2.48883e-01 3.60347e-01 3.86322e-03
8.528355 1.13756749e-02 0.00000000e+00 1.13756749e-02 0.00000000e+00 1.59330148e-01 0.00000000e+00 2.54928237e-03 0.000000e+00 0.000000e+00 0.000000e+00 1.438735e+00 -1.651615e-01 0.0000e+00 0.0000e+00 -1.3919e-06 0.01385 1.56679e-01 2.47293e-01 3.58448e-01 3.82520e-03
8.578522 1.12484816e-02 0.00000000e+00 1.12484816e-02 0.00000000e+00 1.57370723e-01 0.00000000e+00 2.51793156e-03 0.000000e+00 0.000000e+00 0.000000e+00 1.423491e+00 -1.633691e-01 0.0000e+00 0.0000e+00 -7.1703e-07 0.01378 1.55593e-01 2.45830e-01 3.56675e-01 3.78639e-03
8.628689 1.11222605e-02 0.00000000e+00 1.11222605e-02 0.00000000e+00 1.55456560e-01 0.00000000e+00 2.48730496e-03 0.000000e+00 0.000000e+00 0.000000e+00 1.426276e+00 -1.692161e-01 0.0000e+00 0.0000e+00 -3.3843e-08 0.01373 1.54605e-01 2.44470e-01 3.54997e-01 3.74684e-03
8.678855 1.09982195e-02 0.00000000e+00 1.09982195e-02 0.00000000e+00 1.53604816e-01 0.00000000e+00 2.45767706e-03 0.000000e+00 0.000000e+00 0.000000e+00 1.428804e+00 -1.780267e-01 0.0000e+00 0.0000e+00 -1.4737e-07 0.01368 1.53811e-01 2.43293e-01 3.53473e-01 3.72400e-03
8.729022 1.08759628e-02 0.00000000e+00 1.08759628e-02 0.00000000e+00 1.51734523e-01 0.00000000e+00 2.42775236e-03 0.000000e+00 0.000000e+00 0.000000e+00 1.410777e+00 -1.817801e-01 0.0000e+00 0.0000e+00 -9.1056e-07 0.01362 1.52785e-01 2.41905e-01 3.51771e-01 3.68277e-03
8.779189 1.07546503e-02 0.00000000e+00 1.07546503e-02 0.00000000e+00 1.49847543e-01 0.00000000e+00 2.39756069e-03 0.000000e+00 0.000000e+00 0.000000e+00 1.379103e+00 -1.784158e-01 0.0000e+00 0.0000e+00 -1.4392e-06 0.01356 1.51543e-01 2.40319e-01 3.49911e-01 3.63739e-03
8.829356 1.06350795e-02 0.00000000e+00 1.06350795e-02 0.00000000e+00 1.48018735e-01 0.00000000e+00 2.36829976e-03 0.000000e+00 0.000000e+00 0.000000e+00 1.356999e+00 -1.742856e-01 0.0000e+00 0.0000e+00 -1.1341e-06 0.01349 1.50508e-01 2.38923e-01 3.48228e-01 3.60736e-03
8.879522 1.05165957e-02 0.00000000e+00 1.05165957e-02 0.00000000e+00 1.46236326e-01 0.00000000e+00 2.33978121e-03 0.000000e+00 0.000000e+00 0.000000e+00 1.354186e+00 -1.765423e-01 0.0000e+00 0.0000e+00 -3.8769e-07 0.01343 1.49610e-01 2.37662e-01 3.46673e-01 3.57179e-03
8.929689 1.03994949e-02 0.00000000e+00 1.03994949e-02 0.00000000e+00 1.44494744e-01 0.00000000e+00 2.31191590e-03 0.000000e+00 0.000000e+00 0.000000e+00 1.358403e+00 -1.843601e-01 0.0000e+00 0.0000e+00 -9.7387e-08 0.01338 1.48808e-01 2.36500e-01 3.45205e-01 3.54246e-03
8.979856 1.02845096e-02 0.00000000e+00 1.02845096e-02 0.00000000e+00 1.42760417e-01 0.00000000e+00 2.28416668e-03 0.000000e+00 0.000000e+00 0.000000e+00 1.350215e+00 -1.905206e-01 0.0000e+00 0.0000e+00 -5.9315e-07 0.01333 1.47910e-01 2.35254e-01 3.43664e-01 3.50856e-03
9.030023 1.01705509e-02 0.00000000e+00 1.01705509e-02 0.00000000e+00 1.41016799e-01 0.00000000e+00 2.25626878e-03 0.000000e+00 0.000000e+00 0.000000e+00 1.325681e+00 -1.901650e-01 0.0000e+00 0.0000e+00 -1.2939e-06 0.01327 1.46831e-01 2.33842e-01 3.41984e-01 3.46834e-03
9.080190 1.00578796e-02 0.00000000e+00 1.00578796e-02 0.00000000e+00 1.39312086e-01 0.00000000e+00 2.22899338e-03 0.000000e+00 0.000000e+00 0.000000e+00 1.300644e+00 -1.858383e-01 0.0000e+00 0.0000e+00 -1.3925e-06 0.01321 1.45874e-01 2.32537e-01 3.40410e-01 3.44030e-03
9.130356 9.94662602e-03 0.00000000e+00 9.94662602e-03 0.00000000e+00 1.37636886e-01 0.00000000e+00 2.20219018e-03 0.000000e+00 0.000000e+00 0.000000e+00 1.288497e+00 -1.845502e-01 0.0000e+00 0.0000e+00 -7.9763e-07 0.01315 1.44977e-01 2.31296e-01 3.38905e-01 3.40659e-03
9.180523 9.83629871e-03 0.00000000e+00 9.83629871e-03 0.00000000e+00 1.35987409e-01 0.00000000e+00 2.17579854e-03 0.000000e+00 0.000000e+00 0.000000e+00 1.290111e+00 -1.897304e-01 0.0000e+00 0.0000e+00 -2.4016e-07 0.01310 1.44101e-01 2.30089e-01 3.37434e-01 3.37048e-03
9.230690 9.72780674e-03 0.00000000e+00 9.72780674e-03 0.00000000e+00 1.34387423e-01 0.00000000e+00 2.15019876e-03 0.000000e+00 0.000000e+00 0.000000e+00 1.290756e+00 -1.971637e-01 0.0000e+00 0.0000e+00 -3.7705e-07 0.01305 1.43397e-01 2.29043e-01 3.36101e-01 3.34894e-03
9.280857 9.62075384e-03 0.00000000e+00 9.62075384e-03 0.00000000e+00 1.32783740e-01 0.00000000e+00 2.12453984e-03 0.000000e+00 0.000000e+00 0.000000e+00 1.275070e+00 -2.000407e-01 0.0000e+00 0.0000e+00 -1.0374e-06 0.01299 1.42544e-01 2.27860e-01 3.34651e-01 3.31614e-03
9.331024 9.51459786e-03 0.00000000e+00 9.51459786e-03 0.00000000e+00 1.31171854e-01 0.00000000e+00 2.09874966e-03 0.000000e+00 0.000000e+00 0.000000e+00 1.248706e+00 -1.968714e-01 0.0000e+00 0.0000e+00 -1.4552e-06 0.01293 1.41522e-01 2.26522e-01 3.33077e-01 3.27857e-03
9.381190 9.40990565e-03 0.00000000e+00 9.40990565e-03 0.00000000e+00 1.29600537e-01 0.00000000e+00 2.07360859e-03 0.000000e+00 0.000000e+00 0.000000e+00 1.230465e+00 -1.933366e-01 0.0000e+00 0.0000e+00 -1.1595e-06 0.01287 1.40648e-01 2.25322e-01 3.31636e-01 3.25111e-03
9.431357 9.30617300e-03 0.00000000e+00 9.30617300e-03 0.00000000e+00 1.28062799e-01 0.00000000e+00 2.04900478e-03 0.000000e+00 0.000000e+00 0.000000e+00 1.227853e+00 -1.955067e-01 0.0000e+00 0.0000e+00 -5.2807e-07 0.01282 1.39869e-01 2.24220e-01 3.30287e-01 3.21937e-03
9.481524 9.20369316e-03 0.00000000e+00 9.20369316e-03 0.00000000e+00 1.26560649e-01 0.00000000e+00 2.02497039e-03 0.000000e+00 0.000000e+00 0.000000e+00 1.231107e+00 -2.023994e-01 0.0000e+00 0.0000e+00 -3.1821e-07 0.01277 1.39194e-01 2.23222e-01 3.29029e-01 3.19571e-03
9.531691 9.10291464e-03 0.00000000e+00 9.10291464e-03 0.00000000e+00 1.25066445e-01 0.00000000e+00 2.00106312e-03 0.000000e+00 0.000000e+00 0.000000e+00 1.223208e+00 -2.075405e-01 0.0000e+00 0.0000e+00 -7.6696e-07 0.01272 1.38441e-01 2.22157e-01 3.27713e-01 3.16678e-03
9.581858 9.00304275e-03 0.00000000e+00 9.00304275e-03 0.00000000e+00 1.23563762e-01 0.00000000e+00 1.97702020e-03 0.000000e+00 0.000000e+00 0.000000e+00 1.201411e+00 -2.067924e-01 0.0000e+00 0.0000e+00 -1.3490e-06 0.01266 1.37508e-01 2.20925e-01 3.26257e-01 3.13034e-03
9.632024 8.90432900e-03 0.00000000e+00 8.90432900e-03 0.00000000e+00 1.22094116e-01 0.00000000e+00 1.95350585e-03 0.000000e+00 0.000000e+00 0.000000e+00 1.180169e+00 -2.028789e-01 0.0000e+00 0.0000e+00 -1.3955e-06 0.01260 1.36694e-01 2.19799e-01 3.24904e-01 3.10592e-03
9.682191 8.80679818e-03 0.00000000e+00 8.80679818e-03 0.00000000e+00 1.20652888e-01 0.00000000e+00 1.93044622e-03 0.000000e+00 0.000000e+00 0.000000e+00 1.170948e+00 -2.020898e-01 0.0000e+00 0.0000e+00 -8.7440e-07 0.01255 1.35963e-01 2.18758e-01 3.23636e-01 3.07801e-03
9.732358 8.71013488e-03 0.00000000e+00 8.71013488e-03 0.00000000e+00 1.19231646e-01 0.00000000e+00 1.90770634e-03 0.000000e+00 0.000000e+00 0.000000e+00 1.172092e+00 -2.068716e-01 0.0000e+00 0.0000e+00 -4.2303e-07 0.01250 1.35242e-01 2.17740e-01 3.22391e-01 3.04801e-03
9.782525 8.61501538e-03 0.00000000e+00 8.61501538e-03 0.00000000e+00 1.17838706e-01 0.00000000e+00 1.88541929e-03 0.000000e+00 0.000000e+00 0.000000e+00 1.170911e+00 -2.131347e-01 0.0000e+00 0.0000e+00 -5.7263e-07 0.01245 1.34591e-01 2.16791e-01 3.21205e-01 3.02558e-03
9.832692 8.52108232e-03 0.00000000e+00 8.52108232e-03 0.00000000e+00 1.16448604e-01 0.00000000e+00 1.86317767e-03 0.000000e+00 0.000000e+00 0.000000e+00 1.156676e+00 -2.152616e-01 0.0000e+00 0.0000e+00 -1.1409e-06 0.01240 1.33838e-01 2.15746e-01 3.19938e-01 2.99672e-03
9.882858 8.42799241e-03 0.00000000e+00 8.42799241e-03 0.00000000e+00 1.15066879e-01 0.00000000e+00 1.84107006e-03 0.000000e+00 0.000000e+00 0.000000e+00 1.134789e+00 -2.123957e-01 0.0000e+00 0.0000e+00 -1.4687e-06 0.01234 1.33035e-01 2.14654e-01 3.18638e-01 2.96815e-03
9.933025 8.33613477e-03 0.00000000e+00 8.33613477e-03 0.00000000e+00 1.13711211e-01 0.00000000e+00 1.81937937e-03 0.000000e+00 0.000000e+00 0.000000e+00 1.119452e+00 -2.094542e-01 0.0000e+00 0.0000e+00 -1.1884e-06 0.01229 1.32315e-01 2.13642e-01 3.17419e-01 2.94336e-03
9.983192 8.24513093e-03 0.00000000e+00 8.24513093e-03 0.00000000e+00 1.12374100e-01 0.00000000e+00 1.79798559e-03 0.000000e+00 0.000000e+00 0.000000e+00 1.116705e+00 -2.115053e-01 0.0000e+00 0.0000e+00 -6.5545e-07 0.01223 1.31610e-01 2.12655e-01 3.16228e-01 2.91344e-03
9.999640 8.21549898e-03 0.00000000e+00 8.21549898e-03 0.00000000e+00 1.11942555e-01 0.00000000e+00 1.79108089e-03 0.000000e+00 0.000000e+00 0.000000e+00 1.117677e+00 -2.132987e-01 0.0000e+00 0.0000e+00 -5.4180e-07 0.01222 1.31402e-01 2.12355e-01 3.15859e-01 2.90555e-03
