# tg_mhd (CUDA FP64)  tgc_slip_cond_n512_re1000  N=512 L=512 Re=1000 Pm=1 u0=0.025 nu_lat=4.066409e-03 eta_lat=4.066409e-03 tau_f=0.512199 tau_m=0.516266 dt=1.536983e-04 fw=profile
# t E_V E_M E_T H_C Omega_V Omega_M eps EM/EV OmM/OmV j_max w_max skew divb/j divb_wall/j mass_drift umax_lat fw1 fw2 fw4 tau_wall
0.000000 1.25000000e-01 1.25000000e-01 2.50000000e-01 2.70603530e-20 3.74995275e-01 1.49992441e+00 3.74983937e-03 1.000000e+00 3.999849e+00 3.463982e+00 1.999969e+00 6.930795e-19 7.5585e-15 2.0633e-14 +0.0000e+00 0.02500 4.03059e-02 8.08327e-02 1.63019e-01 0.00000e+00
0.100058 1.24904920e-01 1.24601025e-01 2.49505945e-01 6.18048050e-08 3.83988741e-01 1.50155846e+00 3.77109439e-03 9.975670e-01 3.910423e+00 3.540735e+00 2.011893e+00 1.346703e-02 1.6847e-06 2.5578e-06 -1.6789e-06 0.02522 4.02019e-02 8.06382e-02 1.62728e-01 0.00000e+00
0.200115 1.24773470e-01 1.24397922e-01 2.49171392e-01 3.52241963e-07 4.10747947e-01 1.51916404e+00 3.85982397e-03 9.969902e-01 3.698531e+00 3.651813e+00 2.055331e+00 1.342850e-01 4.8469e-06 7.7938e-06 +1.6731e-06 0.02577 3.99621e-02 8.02050e-02 1.62184e-01 0.00000e+00
0.300173 1.24681980e-01 1.24071891e-01 2.48753871e-01 1.42276719e-06 4.53424603e-01 1.55119671e+00 4.00924263e-03 9.951068e-01 3.421069e+00 3.807579e+00 2.125279e+00 2.116142e-01 9.7986e-06 1.6273e-05 -1.7713e-06 0.02624 3.94909e-02 7.93476e-02 1.61053e-01 0.00000e+00
0.400230 1.24472935e-01 1.23934154e-01 2.48407089e-01 4.09504572e-06 5.09646963e-01 1.60443166e+00 4.22815725e-03 9.956715e-01 3.148124e+00 4.000903e+00 2.220649e+00 2.157817e-01 1.6559e-05 2.8221e-05 -3.2210e-07 0.02649 3.89373e-02 7.83844e-02 1.60070e-01 0.00000e+00
0.500288 1.24149454e-01 1.23756532e-01 2.47905986e-01 9.37197891e-06 5.77912582e-01 1.67992363e+00 4.51567243e-03 9.968351e-01 2.906882e+00 4.234050e+00 2.329768e+00 2.403828e-01 2.5303e-05 4.4434e-05 -8.0136e-07 0.02673 3.82696e-02 7.72784e-02 1.59264e-01 0.00000e+00
0.600345 1.23768373e-01 1.23687458e-01 2.47455831e-01 1.83152037e-05 6.58422210e-01 1.78295850e+00 4.88276143e-03 9.993462e-01 2.707926e+00 4.485452e+00 2.453302e+00 3.305718e-01 3.6535e-05 6.7189e-05 +9.1072e-07 0.02705 3.75267e-02 7.61668e-02 1.59070e-01 0.00000e+00
0.700403 1.23425971e-01 1.23538465e-01 2.46964436e-01 3.19579863e-05 7.52711869e-01 1.91494912e+00 5.33532197e-03 1.000911e+00 2.544067e+00 4.730680e+00 2.766247e+00 3.618657e-01 5.1133e-05 1.0157e-04 -1.3133e-06 0.02771 3.66902e-02 7.51163e-02 1.59691e-01 0.00000e+00
0.800461 1.23078470e-01 1.23337466e-01 2.46415936e-01 5.12021772e-05 8.63732806e-01 2.08093636e+00 5.88933833e-03 1.002104e+00 2.409236e+00 4.967342e+00 3.154415e+00 4.023258e-01 7.0563e-05 1.5784e-04 -9.3621e-07 0.02808 3.59322e-02 7.46555e-02 1.62033e-01 0.00000e+00
0.900518 1.22801372e-01 1.22969112e-01 2.45770484e-01 7.67398035e-05 9.95992534e-01 2.28481565e+00 6.56161637e-03 1.001366e+00 2.294009e+00 5.416164e+00 3.629028e+00 4.117543e-01 9.6798e-05 2.5029e-04 +2.1983e-07 0.02888 3.54423e-02 7.53540e-02 1.66529e-01 0.00000e+00
1.000576 1.22731216e-01 1.22344039e-01 2.45075255e-01 1.09027739e-04 1.15520150e+00 2.53153202e+00 7.37346705e-03 9.968453e-01 2.191420e+00 6.854792e+00 4.294468e+00 4.966356e-01 1.3223e-04 3.8997e-04 -1.3996e-07 0.02954 3.55371e-02 7.78352e-02 1.73273e-01 0.00000e+00
1.100633 1.22897114e-01 1.21415938e-01 2.44313052e-01 1.48387328e-04 1.34727763e+00 2.82940853e+00 8.35337232e-03 9.879478e-01 2.100093e+00 8.971017e+00 5.596990e+00 4.740359e-01 1.8025e-04 5.7390e-04 -7.4925e-07 0.03038 3.66161e-02 8.25436e-02 1.82082e-01 0.00000e+00
1.200691 1.23270397e-01 1.20136561e-01 2.43406959e-01 1.95284847e-04 1.57714345e+00 3.19022598e+00 9.53473885e-03 9.745775e-01 2.022787e+00 1.174958e+01 7.037523e+00 5.059033e-01 2.4863e-04 7.8814e-04 -1.3992e-06 0.03074 3.88665e-02 8.93572e-02 1.92134e-01 0.00000e+00
1.300748 1.23820469e-01 1.18548928e-01 2.42369397e-01 2.50820158e-04 1.84881886e+00 3.63118902e+00 1.09600158e-02 9.574259e-01 1.964059e+00 1.521976e+01 8.508016e+00 4.867245e-01 3.5563e-04 1.0296e-03 +1.0665e-06 0.03152 4.21446e-02 9.76850e-02 2.02245e-01 0.00000e+00
1.400806 1.24596057e-01 1.16592358e-01 2.41188415e-01 3.17216902e-04 2.16281786e+00 4.16525350e+00 1.26561427e-02 9.357628e-01 1.925846e+00 1.914752e+01 1.016379e+01 5.451136e-01 5.2579e-04 1.3246e-03 -9.0575e-07 0.03213 4.59293e-02 1.06269e-01 2.10498e-01 0.00000e+00
1.500864 1.25436249e-01 1.14403044e-01 2.39839294e-01 3.97850186e-04 2.51692795e+00 4.81530268e+00 1.46644613e-02 9.120413e-01 1.913167e+00 2.314510e+01 1.252921e+01 5.330136e-01 7.6766e-04 1.7061e-03 -2.7167e-07 0.03236 4.99050e-02 1.14132e-01 2.16095e-01 0.00000e+00
1.600921 1.26252981e-01 1.11986044e-01 2.38239025e-01 4.96674267e-04 2.90055458e+00 5.58788698e+00 1.69768831e-02 8.869972e-01 1.926489e+00 2.663215e+01 1.498204e+01 5.625365e-01 1.0587e-03 2.1465e-03 -1.2926e-06 0.03223 5.35751e-02 1.19938e-01 2.18131e-01 0.00000e+00
1.700979 1.26939173e-01 1.09454616e-01 2.36393789e-01 6.17274809e-04 3.29719272e+00 6.48562451e+00 1.95656345e-02 8.622603e-01 1.967014e+00 2.926136e+01 1.723311e+01 5.650243e-01 1.3757e-03 2.5741e-03 +1.5368e-06 0.03204 5.64791e-02 1.22922e-01 2.16759e-01 0.00000e+00
1.801036 1.27552916e-01 1.06746086e-01 2.34299002e-01 7.62056197e-04 3.67952141e+00 7.45980831e+00 2.22786594e-02 8.368769e-01 2.027385e+00 3.070861e+01 1.878065e+01 5.567866e-01 1.7139e-03 2.9338e-03 -1.0898e-06 0.03158 5.78815e-02 1.22414e-01 2.12048e-01 0.00000e+00
1.901094 1.27975091e-01 1.03955599e-01 2.31930691e-01 9.32156224e-04 4.02378675e+00 8.44540691e+00 2.49383873e-02 8.123112e-01 2.098870e+00 3.114675e+01 1.920119e+01 5.336691e-01 2.0837e-03 3.2368e-03 -4.6272e-08 0.03056 5.76247e-02 1.19047e-01 2.05684e-01 0.00000e+00
2.001151 1.28256451e-01 1.01020684e-01 2.29277135e-01 1.12824503e-03 4.31880580e+00 9.30074862e+00 2.72391088e-02 7.876460e-01 2.153546e+00 3.339718e+01 1.840404e+01 4.883805e-01 2.4673e-03 3.4934e-03 -6.2629e-07 0.02934 5.55437e-02 1.13506e-01 1.99209e-01 0.00000e+00
2.101209 1.28427444e-01 9.79939968e-02 2.26421440e-01 1.35085397e-03 4.58322682e+00 9.90470556e+00 2.89758648e-02 7.630300e-01 2.161077e+00 3.597447e+01 1.745991e+01 4.836529e-01 2.8218e-03 3.6984e-03 +1.4852e-06 0.02827 5.20077e-02 1.06956e-01 1.95103e-01 0.00000e+00
2.201267 1.28605517e-01 9.48483538e-02 2.23453871e-01 1.59956451e-03 4.84411618e+00 1.01736610e+01 3.00355544e-02 7.375139e-01 2.100210e+00 3.773905e+01 1.698053e+01 4.711048e-01 3.0703e-03 3.8761e-03 -8.1728e-07 0.02753 4.75804e-02 1.00300e-01 1.96404e-01 0.00000e+00
2.301324 1.28705023e-01 9.16881656e-02 2.20393188e-01 1.87217153e-03 5.11852233e+00 1.01696231e+01 3.05762909e-02 7.123900e-01 1.986828e+00 3.864770e+01 1.702191e+01 5.226798e-01 3.1400e-03 4.1224e-03 -1.4469e-07 0.02718 4.32409e-02 9.48550e-02 2.06028e-01 0.00000e+00
2.401382 1.28739324e-01 8.85260570e-02 2.17265381e-01 2.16486225e-03 5.40012214e+00 1.00062974e+01 3.08128391e-02 6.876380e-01 1.852976e+00 3.869121e+01 1.744827e+01 5.333017e-01 3.0171e-03 4.3211e-03 +2.7808e-07 0.02815 3.95910e-02 9.18205e-02 2.20085e-01 0.00000e+00
2.501439 1.28728722e-01 8.54088362e-02 2.14137558e-01 2.47162555e-03 5.67297222e+00 9.82021300e+00 3.09863704e-02 6.634793e-01 1.731053e+00 3.787582e+01 1.774911e+01 5.579992e-01 2.7940e-03 4.5503e-03 +9.6429e-07 0.02889 3.73987e-02 9.29378e-02 2.32426e-01 0.00000e+00
2.601497 1.28694984e-01 8.23290271e-02 2.11024011e-01 2.78468651e-03 5.92189622e+00 9.67002209e+00 3.11838366e-02 6.397221e-01 1.632927e+00 3.632197e+01 1.812264e+01 5.259893e-01 2.5742e-03 4.3264e-03 -4.0338e-07 0.02975 3.65571e-02 9.88729e-02 2.39467e-01 0.00000e+00
2.701555 1.28561792e-01 7.92995661e-02 2.07861358e-01 3.09752988e-03 6.14247484e+00 9.56272795e+00 3.14104056e-02 6.168206e-01 1.556820e+00 3.452369e+01 1.971009e+01 5.268756e-01 2.4059e-03 4.4197e-03 -4.3769e-07 0.03010 3.75616e-02 1.07241e-01 2.41307e-01 0.00000e+00
2.801612 1.28313896e-01 7.63338706e-02 2.04647766e-01 3.40585263e-03 6.33951117e+00 9.47400813e+00 3.16270386e-02 5.948995e-01 1.494438e+00 3.296399e+01 2.078513e+01 5.086317e-01 2.2858e-03 4.7808e-03 +1.0470e-06 0.03076 4.09464e-02 1.14295e-01 2.39168e-01 0.00000e+00
2.901670 1.27997094e-01 7.34513782e-02 2.01448472e-01 3.70518876e-03 6.51980639e+00 9.38322725e+00 3.18060673e-02 5.738519e-01 1.439188e+00 3.180711e+01 2.114399e+01 5.167470e-01 2.2286e-03 5.2435e-03 +2.8545e-07 0.03117 4.53909e-02 1.17886e-01 2.33818e-01 0.00000e+00
3.001727 1.27542308e-01 7.07087335e-02 1.98251041e-01 3.98971799e-03 6.68804430e+00 9.29321802e+00 3.19625247e-02 5.543943e-01 1.389527e+00 3.160343e+01 2.155350e+01 5.165912e-01 2.2508e-03 5.5728e-03 -1.0846e-08 0.03169 4.83899e-02 1.17383e-01 2.25985e-01 0.00000e+00
3.101785 1.26880322e-01 6.81237652e-02 1.95004088e-01 4.25401430e-03 6.83964002e+00 9.22051951e+00 3.21203191e-02 5.369136e-01 1.348100e+00 3.048723e+01 2.233543e+01 5.229025e-01 2.3311e-03 5.6309e-03 -4.9737e-07 0.03194 4.83200e-02 1.12880e-01 2.16037e-01 0.00000e+00
3.201842 1.25961794e-01 6.57553963e-02 1.91717190e-01 4.49535708e-03 6.96365704e+00 9.22398744e+00 3.23752890e-02 5.220265e-01 1.324590e+00 3.027043e+01 2.329548e+01 5.143071e-01 2.4447e-03 5.5080e-03 +1.6088e-06 0.03262 4.54642e-02 1.05543e-01 2.04931e-01 0.00000e+00
3.301900 1.24850762e-01 6.35943577e-02 1.88445119e-01 4.71353065e-03 7.04772405e+00 9.36661255e+00 3.28286732e-02 5.093630e-01 1.329027e+00 3.226453e+01 2.366870e+01 5.029055e-01 2.6254e-03 5.3535e-03 -1.2312e-07 0.03320 4.10510e-02 9.66971e-02 1.93333e-01 0.00000e+00
3.401958 1.23450789e-01 6.16571403e-02 1.85107929e-01 4.91029484e-03 7.08810061e+00 9.69646931e+00 3.35691398e-02 4.994471e-01 1.367993e+00 3.614075e+01 2.265946e+01 4.887646e-01 2.9594e-03 5.1747e-03 +2.4415e-07 0.03354 3.66340e-02 8.82250e-02 1.83223e-01 0.00000e+00
3.502015 1.21780642e-01 5.98766595e-02 1.81657302e-01 5.08924096e-03 7.09295239e+00 1.01612555e+01 3.45084158e-02 4.916763e-01 1.432585e+00 3.894988e+01 2.088677e+01 4.748729e-01 3.3988e-03 4.8260e-03 -2.2232e-07 0.03352 3.30243e-02 8.14487e-02 1.76395e-01 0.00000e+00
3.602073 1.19860821e-01 5.82329432e-02 1.78093764e-01 5.25381400e-03 7.07785693e+00 1.06473828e+01 3.54504795e-02 4.858380e-01 1.504323e+00 3.890201e+01 2.143428e+01 4.616916e-01 3.6903e-03 4.4413e-03 +1.7117e-06 0.03335 3.06360e-02 7.76055e-02 1.74733e-01 0.00000e+00
3.702130 1.17830168e-01 5.66644520e-02 1.74494620e-01 5.40505533e-03 7.04956454e+00 1.10329014e+01 3.61649319e-02 4.808994e-01 1.565047e+00 3.791808e+01 2.042117e+01 4.484928e-01 3.8044e-03 4.2426e-03 -3.1124e-07 0.03274 2.95268e-02 7.72203e-02 1.77759e-01 0.00000e+00
3.802188 1.15649131e-01 5.51626028e-02 1.70811734e-01 5.54317071e-03 7.00366344e+00 1.13006561e+01 3.66086390e-02 4.769824e-01 1.613535e+00 3.446440e+01 1.934692e+01 4.379814e-01 3.8587e-03 4.2447e-03 +1.3869e-07 0.03147 2.97406e-02 8.08985e-02 1.84314e-01 0.00000e+00
3.902245 1.13396290e-01 5.36815652e-02 1.67077855e-01 5.67018619e-03 6.93349246e+00 1.14800935e+01 3.68271720e-02 4.733979e-01 1.655745e+00 3.043393e+01 1.857798e+01 4.192887e-01 3.8023e-03 4.3485e-03 +2.0645e-07 0.02989 3.11935e-02 8.86131e-02 1.92908e-01 0.00000e+00
4.002303 1.11119263e-01 5.22084350e-02 1.63327698e-01 5.78966546e-03 6.83870105e+00 1.16217953e+01 3.69209927e-02 4.698414e-01 1.699416e+00 2.842341e+01 1.740600e+01 4.028561e-01 3.6427e-03 4.5215e-03 +1.3499e-06 0.02819 3.41142e-02 9.95228e-02 2.02381e-01 0.00000e+00
4.102361 1.08909279e-01 5.07038970e-02 1.59613176e-01 5.90417070e-03 6.72384345e+00 1.17297637e+01 3.69072142e-02 4.655609e-01 1.744503e+00 2.745830e+01 1.702591e+01 3.810481e-01 3.4510e-03 4.7899e-03 -2.6400e-07 0.02607 3.89322e-02 1.11301e-01 2.12961e-01 0.00000e+00
4.202418 1.06723637e-01 4.91543433e-02 1.55877981e-01 6.01342211e-03 6.59886799e+00 1.17888949e+01 3.67755259e-02 4.605760e-01 1.786503e+00 2.855341e+01 1.639567e+01 3.697642e-01 3.3336e-03 5.1423e-03 -7.7668e-08 0.02566 4.59175e-02 1.21681e-01 2.25021e-01 0.00000e+00
4.302476 1.04594253e-01 4.75515152e-02 1.52145768e-01 6.11474785e-03 6.47537621e+00 1.17500433e+01 3.64508391e-02 4.546284e-01 1.814573e+00 2.974023e+01 1.561521e+01 3.495321e-01 3.3187e-03 5.5074e-03 +7.8629e-07 0.02548 5.38308e-02 1.28076e-01 2.34309e-01 0.00000e+00
4.402533 1.02555557e-01 4.59189765e-02 1.48474533e-01 6.20490521e-03 6.36148398e+00 1.15560659e+01 3.58350997e-02 4.477473e-01 1.816568e+00 2.992904e+01 1.493183e+01 3.401764e-01 3.3740e-03 5.7727e-03 +8.6033e-07 0.02529 5.91177e-02 1.28816e-01 2.37905e-01 0.00000e+00
4.502591 1.00605303e-01 4.42941717e-02 1.44899475e-01 6.28224172e-03 6.25910510e+00 1.11691171e+01 3.48564444e-02 4.402767e-01 1.784459e+00 2.927826e+01 1.558931e+01 3.211935e-01 3.4464e-03 5.8323e-03 -9.6186e-10 0.02518 5.73433e-02 1.24236e-01 2.34784e-01 0.00000e+00
4.602648 9.86987252e-02 4.27215662e-02 1.41420291e-01 6.34963292e-03 6.16431078e+00 1.06407070e+01 3.36100356e-02 4.328482e-01 1.726180e+00 2.792788e+01 1.637104e+01 3.125938e-01 3.4752e-03 5.8346e-03 -1.3603e-07 0.02487 4.88471e-02 1.16443e-01 2.27587e-01 0.00000e+00
4.702706 9.68108199e-02 4.12404574e-02 1.38051277e-01 6.41410541e-03 6.07177878e+00 1.01168196e+01 3.23771967e-02 4.259902e-01 1.666204e+00 2.626613e+01 1.655556e+01 2.957139e-01 3.4387e-03 6.1943e-03 +1.3328e-06 0.02474 4.12310e-02 1.10305e-01 2.22167e-01 0.00000e+00
4.802764 9.49800392e-02 3.98514593e-02 1.34831499e-01 6.48042151e-03 5.98284975e+00 9.70553936e+00 3.13767782e-02 4.195772e-01 1.622227e+00 2.466139e+01 1.620389e+01 2.910766e-01 3.3477e-03 6.4701e-03 +3.9138e-07 0.02456 4.13337e-02 1.09277e-01 2.20385e-01 0.00000e+00
4.902821 9.31557516e-02 3.85411538e-02 1.31696905e-01 6.54834909e-03 5.90544893e+00 9.39346214e+00 3.05978221e-02 4.137281e-01 1.590643e+00 2.454631e+01 1.533011e+01 2.806432e-01 3.2444e-03 6.5092e-03 +1.5487e-07 0.02517 4.68326e-02 1.12463e-01 2.20477e-01 0.00000e+00
5.002879 9.13396007e-02 3.72923752e-02 1.28631976e-01 6.61683545e-03 5.84344056e+00 9.08590540e+00 2.98586919e-02 4.082827e-01 1.554890e+00 2.482679e+01 1.481656e+01 2.812116e-01 3.1682e-03 6.2747e-03 -9.9489e-08 0.02757 5.05635e-02 1.15289e-01 2.18317e-01 0.00000e+00
5.102936 8.95038420e-02 3.61194646e-02 1.25623307e-01 6.68755062e-03 5.79225628e+00 8.74958184e+00 2.90836763e-02 4.035521e-01 1.510565e+00 2.980938e+01 1.459282e+01 2.831225e-01 3.1543e-03 5.8155e-03 +1.5340e-06 0.02912 5.03505e-02 1.14885e-01 2.12947e-01 0.00000e+00
5.202994 8.77055003e-02 3.50267428e-02 1.22732243e-01 6.76256628e-03 5.73499717e+00 8.41403289e+00 2.82980601e-02 3.993677e-01 1.467138e+00 3.435982e+01 1.427610e+01 2.936004e-01 3.2399e-03 5.3303e-03 +4.4400e-08 0.02918 4.90859e-02 1.12487e-01 2.06958e-01 0.00000e+00
5.303051 8.58813272e-02 3.40188898e-02 1.19900217e-01 6.84045422e-03 5.65636552e+00 8.11987293e+00 2.75524769e-02 3.961151e-01 1.435528e+00 3.563510e+01 1.538101e+01 3.081366e-01 3.3441e-03 5.1186e-03 +1.4413e-07 0.02769 4.92271e-02 1.11084e-01 2.03803e-01 0.00000e+00
5.403109 8.40668103e-02 3.30781020e-02 1.17144912e-01 6.91713795e-03 5.54900964e+00 7.87194711e+00 2.68419135e-02 3.934740e-01 1.418622e+00 3.425666e+01 1.710648e+01 3.266002e-01 3.3289e-03 5.0602e-03 +1.0143e-07 0.02565 5.00315e-02 1.11142e-01 2.03939e-01 0.00000e+00
5.503167 8.22533923e-02 3.21913365e-02 1.14444729e-01 6.98942172e-03 5.41728122e+00 7.67459233e+00 2.61837471e-02 3.913679e-01 1.416687e+00 3.197393e+01 1.834306e+01 3.534566e-01 3.2076e-03 4.9593e-03 +1.3233e-06 0.02415 5.05197e-02 1.12090e-01 2.06843e-01 0.00000e+00
5.603224 8.05050425e-02 3.13338741e-02 1.11838917e-01 7.05625106e-03 5.27051807e+00 7.51554781e+00 2.55721318e-02 3.892163e-01 1.425960e+00 2.968962e+01 1.869991e+01 3.712374e-01 3.0821e-03 4.8612e-03 -2.3683e-07 0.02296 5.07558e-02 1.13480e-01 2.11874e-01 0.00000e+00
5.703282 7.87769858e-02 3.04971924e-02 1.09274178e-01 7.11806665e-03 5.12139811e+00 7.37270898e+00 2.49882142e-02 3.871333e-01 1.439589e+00 2.807731e+01 1.843210e+01 3.945353e-01 3.0115e-03 4.8407e-03 -1.3938e-07 0.02214 5.12166e-02 1.15303e-01 2.18306e-01 0.00000e+00
5.803339 7.70988589e-02 2.96721887e-02 1.06771048e-01 7.17598744e-03 4.97930908e+00 7.21407063e+00 2.43867594e-02 3.848590e-01 1.448810e+00 2.965525e+01 1.793359e+01 4.038660e-01 2.9918e-03 4.9526e-03 +3.0826e-07 0.02122 5.16534e-02 1.17035e-01 2.24283e-01 0.00000e+00
5.903397 7.54668491e-02 2.88613510e-02 1.04328200e-01 7.23017192e-03 4.84923459e+00 7.01378176e+00 2.37260327e-02 3.824375e-01 1.446369e+00 3.027674e+01 1.758666e+01 4.203077e-01 3.0052e-03 5.2516e-03 +7.9917e-07 0.02071 5.13108e-02 1.17861e-01 2.28113e-01 0.00000e+00
6.003454 7.39007748e-02 2.80716339e-02 1.01972409e-01 7.27686419e-03 4.73108214e+00 6.74685665e+00 2.29558776e-02 3.798557e-01 1.426070e+00 2.713469e+01 1.764041e+01 4.094291e-01 3.0333e-03 5.7935e-03 -3.7992e-07 0.02053 4.96883e-02 1.16979e-01 2.28230e-01 0.00000e+00
6.103512 7.23675262e-02 2.73221351e-02 9.96896613e-02 7.30823575e-03 4.62754983e+00 6.42872030e+00 2.21125402e-02 3.775469e-01 1.389228e+00 2.193394e+01 1.807033e+01 3.988673e-01 3.0305e-03 6.3819e-03 -4.0000e-07 0.02072 4.79233e-02 1.15765e-01 2.25946e-01 0.00000e+00
6.203570 7.08646965e-02 2.66204018e-02 9.74850983e-02 7.31846278e-03 4.54204258e+00 6.12914122e+00 2.13423676e-02 3.756511e-01 1.349424e+00 2.049467e+01 1.873362e+01 3.817698e-01 2.9545e-03 6.5972e-03 +5.8804e-07 0.02091 4.78183e-02 1.16719e-01 2.25883e-01 0.00000e+00
6.303627 6.94038890e-02 2.59581123e-02 9.53620013e-02 7.30591432e-03 4.47135402e+00 5.88136498e+00 2.07054380e-02 3.740152e-01 1.315343e+00 2.301390e+01 1.937997e+01 3.836864e-01 2.8911e-03 6.5961e-03 +2.7901e-07 0.02120 4.91584e-02 1.19335e-01 2.28594e-01 0.00000e+00
6.403685 6.79683534e-02 2.53297459e-02 9.32980994e-02 7.26971680e-03 4.40822720e+00 5.66992504e+00 2.01563045e-02 3.726697e-01 1.286214e+00 2.499825e+01 1.977722e+01 3.794171e-01 2.8504e-03 6.3515e-03 -3.6771e-07 0.02114 5.08793e-02 1.22133e-01 2.31989e-01 0.00000e+00
6.503742 6.65557796e-02 2.47328696e-02 9.12886492e-02 7.20952301e-03 4.34577309e+00 5.47933442e+00 1.96502150e-02 3.716111e-01 1.260842e+00 2.576545e+01 1.980838e+01 3.810501e-01 2.8134e-03 6.0318e-03 -4.5377e-07 0.02107 5.22247e-02 1.24220e-01 2.34920e-01 0.00000e+00
6.603800 6.51493006e-02 2.41668287e-02 8.93161293e-02 7.12660881e-03 4.27986280e+00 5.31042120e+00 1.91805680e-02 3.709453e-01 1.240792e+00 2.557754e+01 1.948504e+01 3.783532e-01 2.7639e-03 5.7336e-03 +8.4112e-07 0.02105 5.28433e-02 1.25169e-01 2.37023e-01 0.00000e+00
6.703857 6.37863316e-02 2.36220306e-02 8.74083622e-02 7.02411014e-03 4.20919031e+00 5.16800960e+00 1.87543998e-02 3.703306e-01 1.227792e+00 2.478455e+01 1.893711e+01 3.787167e-01 2.7158e-03 5.4646e-03 -8.4407e-08 0.02118 5.26573e-02 1.24748e-01 2.37968e-01 0.00000e+00
6.803915 6.24315667e-02 2.30984085e-02 8.55299752e-02 6.90665370e-03 4.13496919e+00 5.05373970e+00 1.83774178e-02 3.699796e-01 1.222195e+00 2.382729e+01 1.819147e+01 3.714399e-01 2.7072e-03 5.2304e-03 -3.0165e-07 0.02101 5.20185e-02 1.23446e-01 2.38035e-01 0.00000e+00
6.903973 6.11055698e-02 2.25897671e-02 8.36953369e-02 6.77946719e-03 4.05990933e+00 4.95671392e+00 1.80332465e-02 3.696843e-01 1.220893e+00 2.516483e+01 1.743541e+01 3.663825e-01 2.7389e-03 5.0228e-03 -2.7460e-07 0.02135 5.12571e-02 1.21733e-01 2.37390e-01 0.00000e+00
7.004030 5.97852847e-02 2.20949180e-02 8.18802028e-02 6.64721587e-03 3.98736440e+00 4.86305281e+00 1.77008344e-02 3.695712e-01 1.219616e+00 2.579304e+01 1.673613e+01 3.686585e-01 2.7950e-03 4.8444e-03 +9.3707e-07 0.02181 5.06755e-02 1.20046e-01 2.36428e-01 0.00000e+00
7.104088 5.85126259e-02 2.16076926e-02 8.01203186e-02 6.51332074e-03 3.91892520e+00 4.75889181e+00 1.73556340e-02 3.692826e-01 1.214336e+00 2.541295e+01 1.606981e+01 3.749711e-01 2.8638e-03 4.6981e-03 -2.7496e-07 0.02205 5.03719e-02 1.18523e-01 2.35257e-01 0.00000e+00
7.204145 5.72449657e-02 2.11364996e-02 7.83814653e-02 6.38020007e-03 3.85422366e+00 4.64310783e+00 1.69946630e-02 3.692290e-01 1.204680e+00 2.442043e+01 1.532974e+01 3.828066e-01 2.9255e-03 4.5603e-03 -2.8951e-07 0.02227 5.03573e-02 1.17426e-01 2.34313e-01 0.00000e+00
7.304203 5.60044935e-02 2.06817675e-02 7.66862610e-02 6.25012382e-03 3.79201981e+00 4.52041128e+00 1.66248622e-02 3.692876e-01 1.192085e+00 2.332912e+01 1.455952e+01 3.920501e-01 2.9375e-03 4.4081e-03 +3.4904e-08 0.02227 5.03624e-02 1.16576e-01 2.33404e-01 0.00000e+00
7.404260 5.47740824e-02 2.02446033e-02 7.50186856e-02 6.12577520e-03 3.73158136e+00 4.40110371e+00 1.62653701e-02 3.696019e-01 1.179421e+00 2.254045e+01 1.381960e+01 4.111570e-01 2.8927e-03 4.2564e-03 +8.0507e-07 0.02207 5.01916e-02 1.15773e-01 2.32266e-01 0.00000e+00
7.504318 5.35824976e-02 1.98193042e-02 7.34018018e-02 6.00993557e-03 3.67256055e+00 4.29086670e+00 1.59268545e-02 3.698839e-01 1.168358e+00 2.270132e+01 1.360845e+01 4.273510e-01 2.8090e-03 4.1015e-03 -3.4511e-07 0.02180 4.98082e-02 1.14912e-01 2.30642e-01 0.00000e+00
7.604376 5.23992434e-02 1.94080036e-02 7.18072469e-02 5.90473552e-03 3.61442876e+00 4.19207465e+00 1.56130068e-02 3.703871e-01 1.159817e+00 2.295938e+01 1.361226e+01 4.474259e-01 2.7144e-03 3.9520e-03 -3.3359e-07 0.02169 4.94431e-02 1.14301e-01 2.28923e-01 0.00000e+00
7.704433 5.12370991e-02 1.90071922e-02 7.02442913e-02 5.81123898e-03 3.55578383e+00 4.10209710e+00 1.53157619e-02 3.709654e-01 1.153641e+00 2.147713e+01 1.386340e+01 4.635711e-01 2.6292e-03 3.8250e-03 +3.6989e-07 0.02140 4.92845e-02 1.14100e-01 2.27419e-01 0.00000e+00
7.804491 5.00970910e-02 1.86139167e-02 6.87110077e-02 5.72961715e-03 3.49479808e+00 4.01976202e+00 1.50291202e-02 3.715568e-01 1.150213e+00 1.877757e+01 1.422672e+01 4.826311e-01 2.5615e-03 3.7433e-03 +5.1123e-07 0.02112 4.94218e-02 1.14266e-01 2.26362e-01 0.00000e+00
7.904548 4.89850373e-02 1.82262193e-02 6.72112566e-02 5.65956723e-03 3.42991726e+00 3.94480521e+00 1.47494449e-02 3.720773e-01 1.150117e+00 1.949856e+01 1.466217e+01 4.925984e-01 2.5211e-03 3.7335e-03 -3.4441e-07 0.02086 4.98219e-02 1.14606e-01 2.25807e-01 0.00000e+00
8.004606 4.78913311e-02 1.78451976e-02 6.57365287e-02 5.60054110e-03 3.36034574e+00 3.87584277e+00 1.44723770e-02 3.726185e-01 1.153406e+00 2.275660e+01 1.481501e+01 5.028947e-01 2.5161e-03 3.8012e-03 -3.5071e-07 0.02072 5.03594e-02 1.14939e-01 2.25670e-01 0.00000e+00
8.104664 4.68137437e-02 1.74696686e-02 6.42834123e-02 5.55190114e-03 3.28611870e+00 3.80866494e+00 1.41895673e-02 3.731739e-01 1.159016e+00 2.491667e+01 1.469289e+01 5.079567e-01 2.5317e-03 3.9274e-03 +6.4555e-07 0.02041 5.08053e-02 1.15035e-01 2.25609e-01 0.00000e+00
8.204721 4.57734401e-02 1.70958085e-02 6.28692486e-02 5.51302277e-03 3.20787762e+00 3.73737940e+00 1.38905140e-02 3.734875e-01 1.165063e+00 2.717515e+01 1.429608e+01 5.149333e-01 2.5423e-03 4.0682e-03 +1.8560e-07 0.02008 5.09231e-02 1.14663e-01 2.25217e-01 0.00000e+00
8.304779 4.47548994e-02 1.67265672e-02 6.14814667e-02 5.48329025e-03 3.12659539e+00 3.65826055e+00 1.35697119e-02 3.737371e-01 1.170046e+00 2.768352e+01 1.385653e+01 5.196885e-01 2.5372e-03 4.1578e-03 -3.1840e-07 0.02043 5.06605e-02 1.13852e-01 2.24535e-01 0.00000e+00
8.404836 4.37668508e-02 1.63642589e-02 6.01311096e-02 5.46191776e-03 3.04349364e+00 3.57042805e+00 1.32278434e-02 3.738962e-01 1.173135e+00 2.756211e+01 1.340645e+01 5.252066e-01 2.5244e-03 4.1602e-03 -2.6600e-07 0.02051 5.00805e-02 1.12708e-01 2.23712e-01 0.00000e+00
8.504894 4.27933308e-02 1.60116747e-02 5.88050055e-02 5.44785986e-03 2.95995926e+00 3.47733703e+00 1.28745926e-02 3.741629e-01 1.174792e+00 2.661616e+01 1.375509e+01 5.236560e-01 2.5155e-03 4.0939e-03 +7.8914e-07 0.02065 4.93006e-02 1.11356e-01 2.22877e-01 0.00000e+00
8.604951 4.18639530e-02 1.56664730e-02 5.75304259e-02 5.43984947e-03 2.87693164e+00 3.38196771e+00 1.25177987e-02 3.742235e-01 1.175547e+00 2.503340e+01 1.396000e+01 5.172908e-01 2.5129e-03 3.9964e-03 -7.8710e-08 0.02062 4.83773e-02 1.09813e-01 2.21874e-01 0.00000e+00
8.705009 4.09485964e-02 1.53327397e-02 5.62813361e-02 5.43656049e-03 2.79447069e+00 3.28693799e+00 1.21628173e-02 3.744387e-01 1.176229e+00 2.338343e+01 1.402837e+01 5.094053e-01 2.5115e-03 3.9001e-03 -3.1376e-07 0.02044 4.74356e-02 1.08315e-01 2.20854e-01 0.00000e+00
8.805067 4.00641911e-02 1.50103863e-02 5.50745775e-02 5.43679636e-03 2.71219893e+00 3.19226856e+00 1.18089350e-02 3.746584e-01 1.177004e+00 2.148309e+01 1.397553e+01 5.048610e-01 2.5013e-03 3.8263e-03 -7.5349e-08 0.02012 4.65759e-02 1.07039e-01 2.19864e-01 0.00000e+00
8.905124 3.91931204e-02 1.46999686e-02 5.38930889e-02 5.43962650e-03 2.62990657e+00 3.09862607e+00 1.14570653e-02 3.750650e-01 1.178227e+00 1.953843e+01 1.381317e+01 5.047086e-01 2.4708e-03 3.7751e-03 +7.6220e-07 0.01967 4.59085e-02 1.06096e-01 2.18920e-01 0.00000e+00
9.005182 3.83633646e-02 1.43988808e-02 5.27622454e-02 5.44432169e-03 2.54721243e+00 3.00596319e+00 1.11063513e-02 3.753289e-01 1.180099e+00 1.796274e+01 1.354625e+01 5.095132e-01 2.4156e-03 3.7296e-03 -2.4125e-07 0.01916 4.54597e-02 1.05373e-01 2.17771e-01 0.00000e+00
9.105239 3.75462360e-02 1.41099013e-02 5.16561373e-02 5.45014369e-03 2.46332163e+00 2.91557700e+00 1.07577973e-02 3.758007e-01 1.183596e+00 1.740186e+01 1.313420e+01 5.176795e-01 2.3448e-03 3.6711e-03 -3.2741e-07 0.01857 4.52251e-02 1.04800e-01 2.16413e-01 0.00000e+00
9.205297 3.67571801e-02 1.38318673e-02 5.05890474e-02 5.45624175e-03 2.37777444e+00 2.82752083e+00 1.04105905e-02 3.763038e-01 1.189146e+00 1.685713e+01 1.254685e+01 5.234627e-01 2.2731e-03 3.5978e-03 +1.8769e-07 0.01799 4.50581e-02 1.04116e-01 2.14653e-01 0.00000e+00
9.305354 3.59890937e-02 1.35631760e-02 4.95522697e-02 5.46178057e-03 2.29102267e+00 2.74135701e+00 1.00647594e-02 3.768691e-01 1.196565e+00 1.744827e+01 1.198682e+01 5.245907e-01 2.2108e-03 3.5273e-03 +5.9806e-07 0.01738 4.47511e-02 1.03015e-01 2.12262e-01 0.00000e+00
9.405412 3.52573806e-02 1.33020449e-02 4.85594254e-02 5.46620332e-03 2.20416351e+00 2.65529273e+00 9.71891247e-03 3.772840e-01 1.204671e+00 1.817646e+01 1.169054e+01 5.196751e-01 2.1590e-03 3.4839e-03 -3.0177e-07 0.01696 4.41064e-02 1.01244e-01 2.09014e-01 0.00000e+00
9.505470 3.45451747e-02 1.30502953e-02 4.75954700e-02 5.46932686e-03 2.11839323e+00 2.56789339e+00 9.37257324e-03 3.777748e-01 1.212189e+00 1.818025e+01 1.134274e+01 5.110101e-01 2.1154e-03 3.4845e-03 -3.1563e-07 0.01702 4.30456e-02 9.87728e-02 2.04938e-01 0.00000e+00
9.605527 3.38564621e-02 1.28082147e-02 4.66646768e-02 5.47117514e-03 2.03468234e+00 2.47761152e+00 9.02458773e-03 3.783093e-01 1.217690e+00 1.732295e+01 1.096085e+01 4.980227e-01 2.0798e-03 3.5337e-03 +4.5737e-07 0.01706 4.15506e-02 9.56239e-02 2.00003e-01 0.00000e+00
9.705585 3.31974587e-02 1.25753280e-02 4.57727867e-02 5.47168033e-03 1.95356897e+00 2.38407422e+00 8.67528638e-03 3.788039e-01 1.220369e+00 1.801334e+01 1.056588e+01 4.870144e-01 2.0530e-03 3.6229e-03 +3.6380e-07 0.01707 3.96860e-02 9.19221e-02 1.94284e-01 0.00000e+00
9.805642 3.25636813e-02 1.23529102e-02 4.49165914e-02 5.47055920e-03 1.87522962e+00 2.28917642e+00 8.32881209e-03 3.793462e-01 1.220745e+00 1.843909e+01 1.014989e+01 4.745299e-01 2.0307e-03 3.7190e-03 -3.0430e-07 0.01704 3.76373e-02 8.79985e-02 1.88257e-01 0.00000e+00
9.905700 3.19527520e-02 1.21424902e-02 4.40952422e-02 5.46741099e-03 1.79985355e+00 2.19639747e+00 7.99250203e-03 3.800139e-01 1.220320e+00 1.840162e+01 9.873634e+00 4.654879e-01 2.0023e-03 3.7702e-03 -2.4608e-07 0.01692 3.56418e-02 8.42769e-02 1.82632e-01 0.00000e+00
10.000071 3.13880224e-02 1.19548731e-02 4.33428955e-02 5.46232225e-03 1.73180210e+00 2.11379936e+00 7.69120290e-03 3.808737e-01 1.220578e+00 1.791091e+01 9.909639e+00 4.587765e-01 1.9605e-03 3.7401e-03 +7.2155e-07 0.01683 3.39666e-02 8.12305e-02 1.78197e-01 0.00000e+00
