# tg_mhd (CUDA FP64)  tgc_noslip_cond_n512_re1000  N=512 L=512 Re=1000 Pm=0.5 u0=0.05 nu_lat=8.132818e-03 eta_lat=1.626564e-02 tau_f=0.524398 tau_m=0.565063 dt=3.073965e-04 fw=profile
# t E_V E_M E_T H_C Omega_V Omega_M eps EM/EV OmM/OmV j_max w_max skew divb/j divb_wall/j mass_drift umax_lat fw1 fw2 fw4 tau_wall
0.000000 1.24023441e-01 1.25000000e-01 2.49023441e-01 1.11119718e-20 7.12827690e+01 1.49992441e+00 1.48565236e-01 1.007874e+00 2.104189e-02 3.463982e+00 2.439788e+02 -4.118742e-19 7.5643e-15 2.0714e-14 +0.0000e+00 0.05000 9.56399e-01 9.58241e-01 9.61981e-01 1.20144e-01
0.099904 1.19626723e-01 1.24183871e-01 2.43810594e-01 -4.07848110e-05 1.24826521e+01 1.52267719e+00 3.10560130e-02 1.038095e+00 1.219835e-01 4.029339e+00 6.146438e+01 1.306791e-01 1.7794e-04 1.2096e-03 -5.2811e-07 0.05101 7.88263e-01 8.00147e-01 8.18061e-01 2.76594e-02
0.199808 1.17548284e-01 1.23429818e-01 2.40978102e-01 -1.03557796e-04 9.00402260e+00 1.57809876e+00 2.43204402e-02 1.050035e+00 1.752660e-01 4.627728e+00 4.395949e+01 3.531345e-02 2.1954e-04 1.4931e-03 -7.4564e-06 0.05105 7.04098e-01 7.40941e-01 7.64165e-01 1.98534e-02
0.299712 1.15980405e-01 1.23039673e-01 2.39020078e-01 -1.90439830e-04 7.52085656e+00 1.66223562e+00 2.16906556e-02 1.060866e+00 2.210168e-01 5.342674e+00 3.655030e+01 2.133314e-01 2.4214e-04 1.6350e-03 -4.6192e-06 0.05167 6.32116e-01 6.99794e-01 7.27468e-01 1.66672e-02
0.399616 1.14249609e-01 1.22531367e-01 2.36780976e-01 -2.86333574e-04 6.69529032e+00 1.76864362e+00 2.04651551e-02 1.072488e+00 2.641623e-01 5.943758e+00 3.611620e+01 2.247621e-01 2.5731e-04 1.7253e-03 +4.2062e-06 0.05177 5.71709e-01 6.65710e-01 6.98842e-01 1.47177e-02
0.499519 1.13028160e-01 1.21749885e-01 2.34778046e-01 -3.91204301e-04 6.16042128e+00 1.89214995e+00 1.98894424e-02 1.077164e+00 3.071462e-01 6.355516e+00 3.518438e+01 2.141018e-01 2.6725e-04 1.7894e-03 -8.2468e-06 0.05137 5.19019e-01 6.32946e-01 6.72840e-01 1.35544e-02
0.599423 1.11638585e-01 1.21100148e-01 2.32738732e-01 -5.04156834e-04 5.77678992e+00 2.04276907e+00 1.97246561e-02 1.084752e+00 3.536166e-01 6.840089e+00 3.275873e+01 3.287986e-01 2.7482e-04 1.8437e-03 -9.6201e-06 0.05217 4.71780e-01 5.99379e-01 6.47419e-01 1.25438e-02
0.699327 1.10219758e-01 1.20586679e-01 2.30806437e-01 -6.11677497e-04 5.67371976e+00 2.22421571e+00 2.02443024e-02 1.094057e+00 3.920207e-01 7.337742e+00 3.235655e+01 3.028006e-01 2.8269e-04 1.9001e-03 +9.9091e-07 0.05221 4.38309e-01 5.72509e-01 6.28664e-01 1.26570e-02
0.799231 1.09196292e-01 1.19698253e-01 2.28894545e-01 -7.10078728e-04 5.43252578e+00 2.42247282e+00 2.05549429e-02 1.096175e+00 4.459202e-01 7.697264e+00 3.201411e+01 3.781142e-01 2.9046e-04 1.9462e-03 -5.4733e-06 0.05239 3.95923e-01 5.35641e-01 6.01517e-01 1.15716e-02
0.899135 1.08094966e-01 1.18529879e-01 2.26624845e-01 -8.02353713e-04 5.35355777e+00 2.64805342e+00 2.12993292e-02 1.096535e+00 4.946343e-01 7.975332e+00 3.238623e+01 4.445307e-01 2.9869e-04 2.0053e-03 -8.6119e-06 0.05313 3.62173e-01 5.02653e-01 5.77994e-01 1.12753e-02
0.999039 1.07295316e-01 1.17187562e-01 2.24482878e-01 -8.73951611e-04 5.43514641e+00 2.90034864e+00 2.24716874e-02 1.092196e+00 5.336284e-01 8.125298e+00 3.205790e+01 3.852820e-01 3.0996e-04 2.0648e-03 -6.8271e-06 0.05347 3.36826e-01 4.74394e-01 5.58407e-01 1.13655e-02
1.098943 1.06775577e-01 1.15513403e-01 2.22288981e-01 -9.11954155e-04 5.48240243e+00 3.17856489e+00 2.36790644e-02 1.081834e+00 5.797759e-01 8.151651e+00 3.404780e+01 4.234553e-01 3.2587e-04 2.1319e-03 -6.2389e-06 0.05404 3.08597e-01 4.42106e-01 5.34934e-01 1.11504e-02
1.198847 1.06388818e-01 1.13412374e-01 2.19801192e-01 -9.35287271e-04 5.48692230e+00 3.48935132e+00 2.49312499e-02 1.066018e+00 6.359396e-01 8.500332e+00 3.448131e+01 4.895220e-01 3.4938e-04 2.2195e-03 -3.0166e-06 0.05401 2.77374e-01 4.06023e-01 5.07460e-01 1.05617e-02
1.298750 1.06329564e-01 1.10844745e-01 2.17174309e-01 -9.00831082e-04 5.66755883e+00 3.82193072e+00 2.66228405e-02 1.042464e+00 6.743522e-01 1.040036e+01 3.385850e+01 4.243621e-01 3.8682e-04 2.3003e-03 -1.1556e-05 0.05310 2.55677e-01 3.76620e-01 4.83924e-01 1.04435e-02
1.398654 1.06467327e-01 1.08042970e-01 2.14510296e-01 -8.58405164e-04 5.82084119e+00 4.20220986e+00 2.84505218e-02 1.014799e+00 7.219248e-01 1.252322e+01 3.893165e+01 4.138054e-01 4.4920e-04 2.3887e-03 -1.0274e-05 0.05413 2.32024e-01 3.45197e-01 4.57129e-01 1.04367e-02
1.498558 1.06482973e-01 1.05017817e-01 2.11500790e-01 -7.52599661e-04 6.00046563e+00 4.63438693e+00 3.05384790e-02 9.862405e-01 7.723379e-01 1.465930e+01 3.765951e+01 4.569194e-01 5.4318e-04 2.4835e-03 -8.3860e-07 0.05228 2.09907e-01 3.15260e-01 4.29759e-01 1.04222e-02
1.598462 1.06834749e-01 1.01579421e-01 2.08414170e-01 -6.07349887e-04 6.10777485e+00 5.08283251e+00 3.25468798e-02 9.508088e-01 8.321905e-01 1.647881e+01 3.705229e+01 5.274398e-01 6.6266e-04 2.5342e-03 -1.0553e-05 0.05072 1.85280e-01 2.83044e-01 3.98014e-01 9.72523e-03
1.698366 1.06942153e-01 9.80255371e-02 2.04967690e-01 -4.36997823e-04 6.26305101e+00 5.56659561e+00 3.47924845e-02 9.166221e-01 8.887993e-01 1.783213e+01 3.750900e+01 5.021930e-01 8.0025e-04 2.5806e-03 -1.2485e-05 0.04972 1.65334e-01 2.55644e-01 3.69051e-01 9.56265e-03
1.798270 1.06967398e-01 9.44117453e-02 2.01379143e-01 -2.25428690e-04 6.45006060e+00 6.06217803e+00 3.71488333e-02 8.826217e-01 9.398637e-01 2.005745e+01 3.594912e+01 4.801260e-01 9.5264e-04 2.6198e-03 -5.0535e-06 0.05204 1.49827e-01 2.33395e-01 3.44099e-01 9.73796e-03
1.898174 1.06996748e-01 9.06126414e-02 1.97609389e-01 5.27724250e-05 6.47829569e+00 6.49189534e+00 3.89241727e-02 8.468729e-01 1.002099e+00 2.220405e+01 3.413409e+01 5.106924e-01 1.1147e-03 2.6238e-03 -8.6096e-06 0.05399 1.31403e-01 2.09394e-01 3.17611e-01 9.04483e-03
1.998078 1.06844526e-01 8.67482837e-02 1.93592810e-01 3.17318553e-04 6.48778642e+00 6.81261830e+00 4.02260461e-02 8.119114e-01 1.050068e+00 2.405086e+01 3.159759e+01 5.031702e-01 1.2766e-03 2.6391e-03 -9.4089e-06 0.05534 1.16968e-01 1.90355e-01 2.96818e-01 8.53699e-03
2.097981 1.06635483e-01 8.28548418e-02 1.89490324e-01 6.77686801e-04 6.57690625e+00 6.97373900e+00 4.10487685e-02 7.769913e-01 1.060337e+00 2.545943e+01 2.736421e+01 4.300987e-01 1.4097e-03 2.6218e-03 -1.1044e-05 0.05600 1.09453e-01 1.78999e-01 2.84300e-01 8.65195e-03
2.197885 1.06408632e-01 7.90286684e-02 1.85437300e-01 1.03619325e-03 6.56760360e+00 6.98599128e+00 4.10791723e-02 7.426904e-01 1.063705e+00 2.638330e+01 2.776915e+01 4.279393e-01 1.4753e-03 2.6244e-03 -1.0034e-05 0.05503 9.96379e-02 1.66538e-01 2.72452e-01 8.06878e-03
2.297789 1.05984268e-01 7.52685759e-02 1.81252843e-01 1.44608382e-03 6.59699680e+00 6.88784637e+00 4.07453791e-02 7.101863e-01 1.044088e+00 2.676886e+01 2.405962e+01 4.665048e-01 1.4503e-03 2.6268e-03 -4.8007e-06 0.05378 9.25291e-02 1.57320e-01 2.64991e-01 7.73088e-03
2.397693 1.05654721e-01 7.15720749e-02 1.77226796e-01 1.89924237e-03 6.66506852e+00 6.71040444e+00 4.01717548e-02 6.774148e-01 1.006802e+00 2.654414e+01 2.277376e+01 4.752871e-01 1.3629e-03 2.6017e-03 -1.3324e-05 0.05506 8.75398e-02 1.50061e-01 2.59274e-01 7.57394e-03
2.497597 1.05207159e-01 6.80416776e-02 1.73248837e-01 2.36313660e-03 6.68484559e+00 6.53146609e+00 3.94955555e-02 6.467400e-01 9.770556e-01 2.604261e+01 2.428531e+01 4.494086e-01 1.2744e-03 2.6006e-03 -1.3091e-05 0.05749 8.09645e-02 1.41501e-01 2.53146e-01 7.06650e-03
2.597501 1.04558898e-01 6.46701350e-02 1.69229033e-01 2.83271100e-03 6.76106923e+00 6.36327387e+00 3.89752339e-02 6.185044e-01 9.411638e-01 2.529729e+01 2.158639e+01 4.497475e-01 1.2299e-03 2.6280e-03 -4.6512e-06 0.05844 7.77817e-02 1.36337e-01 2.50675e-01 7.15329e-03
2.697405 1.04081077e-01 6.13692361e-02 1.65450313e-01 3.33152545e-03 6.80529044e+00 6.16698003e+00 3.82785010e-02 5.896291e-01 9.062038e-01 2.424176e+01 1.965773e+01 4.430701e-01 1.2315e-03 2.6159e-03 -1.1650e-05 0.05889 7.40755e-02 1.30480e-01 2.46819e-01 6.79265e-03
2.797309 1.03372306e-01 5.82061991e-02 1.61578505e-01 3.76259023e-03 6.81539598e+00 5.97978320e+00 3.75499248e-02 5.630734e-01 8.773934e-01 2.305741e+01 1.897444e+01 4.244460e-01 1.2668e-03 2.6422e-03 -1.3284e-05 0.05999 6.93914e-02 1.23934e-01 2.42632e-01 6.49316e-03
2.897212 1.02599562e-01 5.52223623e-02 1.57821924e-01 4.21270165e-03 6.93244899e+00 5.80135153e+00 3.70703041e-02 5.382320e-01 8.368401e-01 2.180541e+01 1.908077e+01 4.100079e-01 1.3119e-03 2.6779e-03 -8.9562e-06 0.05973 7.06180e-02 1.23280e-01 2.43572e-01 6.87813e-03
2.997116 1.01789036e-01 5.24126061e-02 1.54201642e-01 4.61557885e-03 6.94330990e+00 5.63050135e+00 3.64086252e-02 5.149141e-01 8.109247e-01 2.048320e+01 2.009090e+01 4.042261e-01 1.3542e-03 2.7304e-03 -1.0658e-05 0.05875 6.71070e-02 1.18224e-01 2.39610e-01 6.39042e-03
3.097020 1.00772105e-01 4.97405324e-02 1.50512638e-01 4.97657769e-03 6.97201701e+00 5.48524512e+00 3.58850145e-02 4.935943e-01 7.867515e-01 1.915727e+01 1.973156e+01 3.954796e-01 1.4004e-03 2.7965e-03 -9.5016e-06 0.05710 6.55294e-02 1.15381e-01 2.37215e-01 6.29216e-03
3.196924 9.96687802e-02 4.72651700e-02 1.46933950e-01 5.33821803e-03 7.06160073e+00 5.35966740e+00 3.55618711e-02 4.742224e-01 7.589876e-01 1.785372e+01 1.988452e+01 3.836174e-01 1.4513e-03 2.8698e-03 -1.3146e-05 0.05510 6.84793e-02 1.17090e-01 2.37397e-01 6.76316e-03
3.296828 9.84542837e-02 4.49923090e-02 1.43446593e-01 5.66324348e-03 6.99526960e+00 5.26254308e+00 3.50407115e-02 4.569868e-01 7.523003e-01 1.668467e+01 2.321099e+01 3.786058e-01 1.4949e-03 2.9678e-03 -1.2393e-05 0.05330 6.48670e-02 1.13134e-01 2.32094e-01 6.15945e-03
3.396732 9.69801716e-02 4.28720885e-02 1.39852260e-01 5.96874823e-03 6.99825324e+00 5.18988494e+00 3.47560462e-02 4.420707e-01 7.415972e-01 1.570294e+01 2.135627e+01 3.740630e-01 1.5263e-03 3.0940e-03 -6.3070e-06 0.05122 6.65318e-02 1.14835e-01 2.31377e-01 6.58018e-03
3.496636 9.55725400e-02 4.08799919e-02 1.36452532e-01 6.28016333e-03 6.97330835e+00 5.11465765e+00 3.44052473e-02 4.277378e-01 7.334621e-01 1.722493e+01 2.061995e+01 3.682623e-01 1.5365e-03 3.1928e-03 -1.3753e-05 0.04979 6.79623e-02 1.16477e-01 2.29264e-01 6.43270e-03
3.596540 9.39802640e-02 3.90308929e-02 1.33011157e-01 6.55093533e-03 6.86232556e+00 5.05247097e+00 3.39345350e-02 4.153095e-01 7.362622e-01 1.834064e+01 2.210312e+01 3.630594e-01 1.5344e-03 3.3399e-03 -1.4246e-05 0.04919 6.54678e-02 1.14859e-01 2.24455e-01 6.12340e-03
3.696443 9.22519984e-02 3.73042167e-02 1.29556215e-01 6.81653260e-03 6.85620799e+00 4.99280329e+00 3.36836291e-02 4.043730e-01 7.282164e-01 1.857758e+01 2.143821e+01 3.630578e-01 1.5319e-03 3.5081e-03 -7.3293e-06 0.04928 6.94087e-02 1.19656e-01 2.25735e-01 6.73169e-03
3.796347 9.05967058e-02 3.56720863e-02 1.26268792e-01 7.07480060e-03 6.77760926e+00 4.91195206e+00 3.32030268e-02 3.937460e-01 7.247323e-01 1.812286e+01 2.035582e+01 3.705210e-01 1.5255e-03 3.6608e-03 -1.2142e-05 0.04952 6.97888e-02 1.20817e-01 2.23544e-01 6.37637e-03
3.896251 8.88090800e-02 3.41158836e-02 1.22924964e-01 7.28568253e-03 6.65078178e+00 4.81818267e+00 3.25742943e-02 3.841486e-01 7.244536e-01 1.787592e+01 2.095278e+01 3.873984e-01 1.5110e-03 3.8003e-03 -1.2901e-05 0.04943 6.79083e-02 1.20001e-01 2.20453e-01 6.02153e-03
3.996155 8.70006506e-02 3.26649573e-02 1.19665608e-01 7.50387530e-03 6.66932764e+00 4.70933153e+00 3.21759814e-02 3.754565e-01 7.061179e-01 1.733801e+01 1.915785e+01 3.972803e-01 1.4931e-03 3.8910e-03 -1.1172e-05 0.04915 7.47929e-02 1.27353e-01 2.25228e-01 6.91414e-03
4.096059 8.51903709e-02 3.13108709e-02 1.16501242e-01 7.69165910e-03 6.52253999e+00 4.58282515e+00 3.13763806e-02 3.675400e-01 7.026136e-01 1.668077e+01 2.000746e+01 4.337865e-01 1.4785e-03 3.9297e-03 -1.2008e-05 0.04881 7.24612e-02 1.25893e-01 2.22764e-01 6.15765e-03
4.195963 8.33195442e-02 3.00282492e-02 1.13347793e-01 7.85958998e-03 6.44522884e+00 4.44005823e+00 3.06506906e-02 3.603986e-01 6.888907e-01 1.574745e+01 1.786776e+01 4.682616e-01 1.4673e-03 3.9475e-03 -9.3383e-06 0.04956 7.46802e-02 1.28736e-01 2.25213e-01 6.39509e-03
4.295867 8.14812705e-02 2.88394680e-02 1.10320739e-01 8.02742654e-03 6.40040922e+00 4.27746763e+00 2.99106890e-02 3.539398e-01 6.683116e-01 1.466859e+01 1.893701e+01 4.934485e-01 1.4442e-03 3.9591e-03 -1.4007e-05 0.05037 7.94279e-02 1.33654e-01 2.30460e-01 6.51548e-03
4.395771 7.96215430e-02 2.77606485e-02 1.07382192e-01 8.18347464e-03 6.27079665e+00 4.12080202e+00 2.90248014e-02 3.486575e-01 6.571417e-01 1.446804e+01 1.931041e+01 5.118776e-01 1.4029e-03 4.0321e-03 -1.3859e-05 0.05041 7.94275e-02 1.34238e-01 2.33872e-01 6.29369e-03
4.495674 7.76653856e-02 2.67717650e-02 1.04437151e-01 8.33155603e-03 6.20118107e+00 3.98296427e+00 2.83342192e-02 3.447065e-01 6.422912e-01 1.396344e+01 2.060949e+01 5.276526e-01 1.3643e-03 4.1628e-03 -7.7387e-06 0.04952 8.37517e-02 1.38946e-01 2.42320e-01 6.53301e-03
4.595578 7.58260268e-02 2.58545321e-02 1.01680559e-01 8.49425467e-03 6.15532386e+00 3.84953254e+00 2.77087779e-02 3.409717e-01 6.253989e-01 1.305221e+01 2.232383e+01 5.276688e-01 1.3404e-03 4.2722e-03 -1.4031e-05 0.04820 8.97629e-02 1.45342e-01 2.51658e-01 6.52639e-03
4.695482 7.39081969e-02 2.50096898e-02 9.89178868e-02 8.62971420e-03 6.01863325e+00 3.72447524e+00 2.69351675e-02 3.383886e-01 6.188241e-01 1.208539e+01 2.202958e+01 5.310460e-01 1.3295e-03 4.3495e-03 -1.4760e-05 0.04659 8.94846e-02 1.47204e-01 2.56556e-01 6.19732e-03
4.795386 7.19770025e-02 2.42344468e-02 9.62114492e-02 8.77203124e-03 6.03331625e+00 3.60419896e+00 2.64834283e-02 3.366971e-01 5.973827e-01 1.172724e+01 2.329109e+01 5.129616e-01 1.3234e-03 4.4328e-03 -9.7996e-06 0.04469 9.96164e-02 1.59837e-01 2.70229e-01 6.81414e-03
4.895290 7.00996234e-02 2.35068661e-02 9.36064894e-02 8.89914160e-03 5.96418245e+00 3.48219997e+00 2.58571648e-02 3.353351e-01 5.838520e-01 1.168490e+01 2.799831e+01 5.157533e-01 1.3139e-03 4.4936e-03 -1.3125e-05 0.04291 1.04551e-01 1.67531e-01 2.78849e-01 6.38652e-03
4.995194 6.82053211e-02 2.28235880e-02 9.10289091e-02 9.00030043e-03 5.90551966e+00 3.36538155e+00 2.52725655e-02 3.346306e-01 5.698705e-01 1.252048e+01 3.336400e+01 5.121558e-01 1.3002e-03 4.4525e-03 -1.2907e-05 0.04121 1.10912e-01 1.75966e-01 2.88759e-01 6.35374e-03
5.095098 6.63258516e-02 2.21839070e-02 8.85097586e-02 9.09176960e-03 5.89154623e+00 3.25449391e+00 2.48010681e-02 3.344685e-01 5.524006e-01 1.312345e+01 3.560796e+01 4.887182e-01 1.2882e-03 4.2680e-03 -1.3287e-05 0.03917 1.20849e-01 1.87071e-01 3.01905e-01 6.74376e-03
5.195002 6.44805890e-02 2.15791647e-02 8.60597537e-02 9.15641065e-03 5.78093990e+00 3.15313176e+00 2.41744069e-02 3.346614e-01 5.454358e-01 1.316038e+01 3.720310e+01 4.834663e-01 1.2815e-03 4.0135e-03 -1.3878e-05 0.03853 1.23925e-01 1.91909e-01 3.10936e-01 6.48122e-03
5.294905 6.26374878e-02 2.09971968e-02 8.36346846e-02 9.19062788e-03 5.68157604e+00 3.06601250e+00 2.36272021e-02 3.352177e-01 5.396412e-01 1.339414e+01 3.540006e+01 4.880178e-01 1.2762e-03 3.7488e-03 -1.0275e-05 0.03798 1.27921e-01 1.98069e-01 3.22293e-01 6.45081e-03
5.394809 6.08887009e-02 2.04187792e-02 8.13074800e-02 9.22661903e-03 5.61361935e+00 2.98503564e+00 2.31673812e-02 3.353459e-01 5.317489e-01 1.390736e+01 3.073175e+01 4.645999e-01 1.2677e-03 3.4502e-03 -1.5280e-05 0.03756 1.34309e-01 2.06699e-01 3.35590e-01 6.54938e-03
5.494713 5.91692135e-02 1.98482055e-02 7.90174190e-02 9.22807198e-03 5.41087492e+00 2.91630374e+00 2.24869648e-02 3.354482e-01 5.389708e-01 1.450943e+01 2.600581e+01 4.494408e-01 1.2605e-03 3.1839e-03 -1.5522e-05 0.03671 1.30587e-01 2.06437e-01 3.41432e-01 6.26801e-03
5.594617 5.74684179e-02 1.92791769e-02 7.67475947e-02 9.22000269e-03 5.30938610e+00 2.85412611e+00 2.20352766e-02 3.354743e-01 5.375624e-01 1.462107e+01 2.814308e+01 4.331509e-01 1.2558e-03 2.9710e-03 -1.0046e-05 0.03603 1.35056e-01 2.13388e-01 3.53008e-01 6.47815e-03
5.694521 5.59032071e-02 1.86917162e-02 7.45949234e-02 9.21011142e-03 5.16662610e+00 2.78278176e+00 2.14643792e-02 3.343586e-01 5.386071e-01 1.450912e+01 2.778572e+01 4.250807e-01 1.2491e-03 2.7957e-03 -1.5000e-05 0.03578 1.36393e-01 2.16584e-01 3.59885e-01 6.22344e-03
5.794425 5.43650541e-02 1.81046889e-02 7.24697431e-02 9.16863462e-03 4.95287053e+00 2.70763372e+00 2.07362759e-02 3.330207e-01 5.466797e-01 1.431577e+01 2.668031e+01 4.078777e-01 1.2372e-03 2.6600e-03 -1.5482e-05 0.03668 1.31844e-01 2.14041e-01 3.61225e-01 5.83137e-03
5.894329 5.28817195e-02 1.75205259e-02 7.04022454e-02 9.12964904e-03 4.84723986e+00 2.62654472e+00 2.02006586e-02 3.313154e-01 5.418640e-01 1.399881e+01 2.774204e+01 3.733010e-01 1.2217e-03 2.5496e-03 -1.2315e-05 0.03873 1.36173e-01 2.19069e-01 3.67535e-01 6.29761e-03
5.994233 5.14782939e-02 1.69366998e-02 6.84149937e-02 9.08028348e-03 4.66191539e+00 2.53526301e+00 1.94648828e-02 3.290066e-01 5.438243e-01 1.353742e+01 2.553823e+01 3.718067e-01 1.2038e-03 2.4480e-03 -1.4481e-05 0.03992 1.33146e-01 2.17097e-01 3.66559e-01 5.76596e-03
6.094136 5.01314969e-02 1.63661031e-02 6.64976000e-02 9.00551160e-03 4.49221777e+00 2.44129077e+00 1.87495986e-02 3.264635e-01 5.434489e-01 1.305261e+01 2.457285e+01 3.716312e-01 1.1859e-03 2.3666e-03 -1.3183e-05 0.04093 1.31015e-01 2.15930e-01 3.65388e-01 5.62431e-03
6.194040 4.88380024e-02 1.58085549e-02 6.46465573e-02 8.94522785e-03 4.38084130e+00 2.34125628e+00 1.81267077e-02 3.236937e-01 5.344307e-01 1.253788e+01 2.481110e+01 3.497986e-01 1.1716e-03 2.3061e-03 -1.4837e-05 0.04263 1.33910e-01 2.19175e-01 3.66796e-01 5.74427e-03
6.293944 4.75942164e-02 1.52731468e-02 6.28673632e-02 8.86409760e-03 4.20141070e+00 2.23994878e+00 1.73626165e-02 3.209034e-01 5.331421e-01 1.202593e+01 2.347485e+01 3.493398e-01 1.1632e-03 2.2745e-03 -1.5229e-05 0.04263 1.29815e-01 2.16394e-01 3.62831e-01 5.49051e-03
6.393848 4.63734744e-02 1.47650912e-02 6.11385656e-02 8.77235190e-03 4.06662735e+00 2.14087220e+00 1.66967435e-02 3.183952e-01 5.264491e-01 1.152289e+01 2.360728e+01 3.627080e-01 1.1558e-03 2.2654e-03 -1.1092e-05 0.04253 1.30161e-01 2.17958e-01 3.62347e-01 5.38423e-03
6.493752 4.52402913e-02 1.42745106e-02 5.95148018e-02 8.69172187e-03 3.96057709e+00 2.03944159e+00 1.60789205e-02 3.155265e-01 5.149355e-01 1.098141e+01 2.384152e+01 3.626156e-01 1.1482e-03 2.2737e-03 -1.5674e-05 0.04198 1.33651e-01 2.22134e-01 3.63178e-01 5.41265e-03
6.593656 4.41213429e-02 1.38154470e-02 5.79367899e-02 8.58441711e-03 3.77283002e+00 1.94310292e+00 1.53180717e-02 3.131239e-01 5.150253e-01 1.042645e+01 2.210489e+01 3.660480e-01 1.1408e-03 2.3037e-03 -1.5997e-05 0.04020 1.28264e-01 2.18633e-01 3.57869e-01 5.04666e-03
6.693560 4.30190520e-02 1.33877532e-02 5.64068052e-02 8.47762604e-03 3.68003462e+00 1.85231437e+00 1.47693267e-02 3.112052e-01 5.033416e-01 9.872624e+00 2.327131e+01 3.650256e-01 1.1353e-03 2.3471e-03 -1.1394e-05 0.03869 1.33837e-01 2.24949e-01 3.60912e-01 5.37983e-03
6.793464 4.19934240e-02 1.29796205e-02 5.49730445e-02 8.37155443e-03 3.53535789e+00 1.76172502e+00 1.41176159e-02 3.090870e-01 4.983159e-01 9.273420e+00 2.181616e+01 3.859267e-01 1.1287e-03 2.3864e-03 -1.5069e-05 0.03797 1.33168e-01 2.25146e-01 3.58726e-01 4.97347e-03
6.893367 4.09856053e-02 1.26017581e-02 5.35873634e-02 8.24248020e-03 3.39055124e+00 1.67653481e+00 1.34872417e-02 3.074679e-01 4.944726e-01 9.341752e+00 2.092081e+01 3.938030e-01 1.1169e-03 2.4217e-03 -1.5057e-05 0.03853 1.32132e-01 2.24799e-01 3.56571e-01 4.89232e-03
6.993271 4.00017900e-02 1.22520589e-02 5.22538489e-02 8.12394313e-03 3.28621587e+00 1.59636058e+00 1.29578740e-02 3.062878e-01 4.857747e-01 9.389330e+00 2.117025e+01 3.905163e-01 1.0978e-03 2.4599e-03 -1.3409e-05 0.03892 1.35924e-01 2.28227e-01 3.57843e-01 5.01290e-03
7.093175 3.90552933e-02 1.19262067e-02 5.09815000e-02 7.99826495e-03 3.15390081e+00 1.52113695e+00 1.23923494e-02 3.053672e-01 4.823034e-01 9.304009e+00 1.979473e+01 3.977488e-01 1.0732e-03 2.4953e-03 -1.4893e-05 0.03931 1.35262e-01 2.27064e-01 3.55243e-01 4.81294e-03
7.193079 3.81365401e-02 1.16277774e-02 4.97643174e-02 7.86112656e-03 3.02116784e+00 1.45420448e+00 1.18591536e-02 3.048986e-01 4.813385e-01 9.085953e+00 1.899116e+01 4.131423e-01 1.0461e-03 2.5245e-03 -1.2765e-05 0.03917 1.33836e-01 2.25025e-01 3.51988e-01 4.65056e-03
7.292983 3.72526105e-02 1.13476038e-02 4.86002143e-02 7.73902576e-03 2.93126000e+00 1.39316548e+00 1.14351819e-02 3.046123e-01 4.752787e-01 8.685727e+00 1.957187e+01 3.943870e-01 1.0244e-03 2.5470e-03 -1.5177e-05 0.03937 1.37983e-01 2.27532e-01 3.52043e-01 4.71370e-03
7.392887 3.63892330e-02 1.10889336e-02 4.74781666e-02 7.60498927e-03 2.78429846e+00 1.33950125e+00 1.09266019e-02 3.047312e-01 4.810911e-01 8.234025e+00 1.743872e+01 3.975506e-01 1.0151e-03 2.5599e-03 -1.5581e-05 0.03904 1.32640e-01 2.21575e-01 3.44822e-01 4.50283e-03
7.492791 3.55353519e-02 1.08505761e-02 4.63859280e-02 7.47256532e-03 2.68744134e+00 1.29200705e+00 1.05429109e-02 3.053460e-01 4.807573e-01 8.171566e+00 1.850918e+01 3.916387e-01 1.0224e-03 2.5611e-03 -1.1462e-05 0.03860 1.34717e-01 2.22172e-01 3.43175e-01 4.52628e-03
7.592695 3.47479756e-02 1.06175074e-02 4.53654829e-02 7.35085738e-03 2.57455955e+00 1.24498264e+00 1.01290497e-02 3.055576e-01 4.835711e-01 8.769266e+00 1.869312e+01 3.918356e-01 1.0468e-03 2.5429e-03 -1.5452e-05 0.03781 1.33520e-01 2.19293e-01 3.38241e-01 4.27451e-03
7.692598 3.39684224e-02 1.03992300e-02 4.43676523e-02 7.21818088e-03 2.45443545e+00 1.19954313e+00 9.70704342e-03 3.061440e-01 4.887247e-01 9.250270e+00 1.774746e+01 3.810049e-01 1.0835e-03 2.5053e-03 -1.5781e-05 0.03742 1.30271e-01 2.14497e-01 3.31956e-01 4.19886e-03
7.792502 3.32068196e-02 1.01941809e-02 4.34010005e-02 7.09529322e-03 2.35930629e+00 1.15415047e+00 9.33521447e-03 3.069906e-01 4.891906e-01 9.448011e+00 1.813441e+01 3.720686e-01 1.1259e-03 2.4525e-03 -1.2241e-05 0.03662 1.30650e-01 2.12918e-01 3.28735e-01 4.21393e-03
7.892406 3.24979873e-02 9.99191911e-03 4.24899064e-02 6.97805259e-03 2.25915294e+00 1.10617001e+00 8.94298592e-03 3.074627e-01 4.896393e-01 9.240949e+00 1.787928e+01 3.741801e-01 1.1650e-03 2.3859e-03 -1.5027e-05 0.03598 1.29082e-01 2.09337e-01 3.23779e-01 3.98221e-03
7.992310 3.18146022e-02 9.80133722e-03 4.16159394e-02 6.85386904e-03 2.15132731e+00 1.05812218e+00 8.53514335e-03 3.080767e-01 4.918462e-01 8.659921e+00 1.739739e+01 3.877735e-01 1.1913e-03 2.3184e-03 -1.4436e-05 0.03520 1.24881e-01 2.03465e-01 3.17302e-01 3.84112e-03
8.092214 3.11549649e-02 9.61891310e-03 4.07738780e-02 6.74398466e-03 2.07362584e+00 1.01003032e+00 8.18737297e-03 3.087441e-01 4.870842e-01 7.908181e+00 1.732977e+01 3.772507e-01 1.1998e-03 2.2565e-03 -1.4086e-05 0.03469 1.25779e-01 2.02174e-01 3.15013e-01 3.82166e-03
8.192118 3.05265126e-02 9.44325896e-03 3.99697715e-02 6.63280927e-03 1.97591875e+00 9.63034722e-01 7.80397638e-03 3.093461e-01 4.873858e-01 7.527361e+00 1.574705e+01 3.975363e-01 1.1927e-03 2.1999e-03 -1.5206e-05 0.03391 1.21145e-01 1.95870e-01 3.08609e-01 3.67875e-03
8.292022 2.99232049e-02 9.27906333e-03 3.92022683e-02 6.52078247e-03 1.89230626e+00 9.18705353e-01 7.45943393e-03 3.100959e-01 4.854951e-01 7.652387e+00 1.599599e+01 4.206417e-01 1.1725e-03 2.1482e-03 -1.2587e-05 0.03360 1.18560e-01 1.91551e-01 3.04337e-01 3.49346e-03
8.391926 2.93604735e-02 9.11657711e-03 3.84770506e-02 6.42092494e-03 1.81843422e+00 8.76139638e-01 7.14142700e-03 3.105051e-01 4.818099e-01 7.756307e+00 1.574991e+01 4.314805e-01 1.1452e-03 2.1029e-03 -1.5349e-05 0.03380 1.17118e-01 1.88218e-01 3.00803e-01 3.39240e-03
8.491829 2.88123141e-02 8.96312458e-03 3.77754387e-02 6.31559100e-03 1.73654498e+00 8.36830751e-01 6.82041296e-03 3.110866e-01 4.818941e-01 7.869701e+00 1.379471e+01 4.382310e-01 1.1139e-03 2.0631e-03 -1.5815e-05 0.03277 1.12479e-01 1.82143e-01 2.95099e-01 3.31739e-03
8.591733 2.82746734e-02 8.82001105e-03 3.70946844e-02 6.21434124e-03 1.66883688e+00 8.00971105e-01 6.54155818e-03 3.119403e-01 4.799577e-01 7.998053e+00 1.378458e+01 4.496743e-01 1.0796e-03 2.0294e-03 -1.2070e-05 0.03224 1.10244e-01 1.78486e-01 2.91673e-01 3.21382e-03
8.691637 2.77886026e-02 8.67481633e-03 3.64634189e-02 6.12147773e-03 1.60427805e+00 7.67061692e-01 6.27680288e-03 3.121717e-01 4.781351e-01 8.134181e+00 1.345469e+01 4.585394e-01 1.0416e-03 1.9936e-03 -1.5467e-05 0.03162 1.07478e-01 1.74305e-01 2.87351e-01 3.00923e-03
8.791541 2.73088090e-02 8.53777615e-03 3.58465852e-02 6.02110959e-03 1.53933669e+00 7.36462364e-01 6.02452283e-03 3.126382e-01 4.784284e-01 8.280374e+00 1.217453e+01 4.562284e-01 1.0024e-03 1.9612e-03 -1.5616e-05 0.03047 1.03115e-01 1.68830e-01 2.81887e-01 2.96055e-03
8.891445 2.68390043e-02 8.40759095e-03 3.52465953e-02 5.92925881e-03 1.48913348e+00 7.08822331e-01 5.81355629e-03 3.132602e-01 4.759965e-01 8.438723e+00 1.148465e+01 4.482149e-01 9.6471e-04 1.9298e-03 -1.3214e-05 0.03024 1.01699e-01 1.66222e-01 2.78749e-01 2.89512e-03
8.991349 2.63991997e-02 8.27647369e-03 3.46756734e-02 5.83898574e-03 1.43770429e+00 6.83154698e-01 5.60802738e-03 3.135123e-01 4.751705e-01 8.577622e+00 1.079299e+01 4.571747e-01 9.3119e-04 1.8944e-03 -1.5354e-05 0.02980 9.84139e-02 1.61880e-01 2.73623e-01 2.78648e-03
9.091253 2.59747409e-02 8.15194851e-03 3.41266894e-02 5.74319588e-03 1.38849688e+00 6.59794147e-01 5.41617035e-03 3.138414e-01 4.751859e-01 8.684320e+00 1.029811e+01 4.677805e-01 9.0241e-04 1.8577e-03 -1.4235e-05 0.02931 9.45832e-02 1.57179e-01 2.68184e-01 2.63221e-03
9.191157 2.55624648e-02 8.02883703e-03 3.35913018e-02 5.65615869e-03 1.35435552e+00 6.38063602e-01 5.26096546e-03 3.140870e-01 4.711197e-01 8.751530e+00 9.785975e+00 4.560526e-01 8.7818e-04 1.8216e-03 -1.4853e-05 0.02935 9.44774e-02 1.55973e-01 2.65585e-01 2.64675e-03
9.291060 2.51615646e-02 7.90825042e-03 3.30698151e-02 5.56531856e-03 1.31343142e+00 6.17979067e-01 5.09877911e-03 3.142988e-01 4.705073e-01 8.780688e+00 8.717525e+00 4.613884e-01 8.5723e-04 1.7831e-03 -1.5766e-05 0.02882 9.08306e-02 1.51556e-01 2.60202e-01 2.57965e-03
9.390964 2.47684715e-02 7.79442647e-03 3.25628980e-02 5.47233632e-03 1.28053664e+00 5.99584277e-01 4.95941039e-03 3.146915e-01 4.682289e-01 8.765024e+00 8.399633e+00 4.747530e-01 8.3874e-04 1.7457e-03 -1.2957e-05 0.02853 8.90311e-02 1.48978e-01 2.56737e-01 2.45211e-03
9.490868 2.44025693e-02 7.67729347e-03 3.20798628e-02 5.38661843e-03 1.25113325e+00 5.81959266e-01 4.83010357e-03 3.146100e-01 4.651457e-01 8.705717e+00 8.697361e+00 4.859012e-01 8.2221e-04 1.7060e-03 -1.5748e-05 0.02861 8.75309e-02 1.46645e-01 2.53389e-01 2.35082e-03
9.590772 2.40352003e-02 7.56534108e-03 3.16005414e-02 5.29422366e-03 1.22371432e+00 5.65724543e-01 4.71032680e-03 3.147609e-01 4.623012e-01 8.620722e+00 8.946719e+00 4.814086e-01 8.0783e-04 1.6681e-03 -1.6195e-05 0.02783 8.60126e-02 1.44381e-01 2.50382e-01 2.39614e-03
9.690676 2.36662757e-02 7.45962866e-03 3.11259044e-02 5.20484008e-03 1.19947933e+00 5.50862562e-01 4.60240891e-03 3.152008e-01 4.592514e-01 8.522524e+00 9.140003e+00 4.984845e-01 7.9404e-04 1.6274e-03 -1.3034e-05 0.02786 8.51701e-02 1.42890e-01 2.48376e-01 2.32693e-03
9.790580 2.33267879e-02 7.35025041e-03 3.06770383e-02 5.11986423e-03 1.17582072e+00 5.36647860e-01 4.49823288e-03 3.150991e-01 4.564028e-01 8.406757e+00 9.270555e+00 5.195816e-01 7.8001e-04 1.5800e-03 -1.5843e-05 0.02769 8.40052e-02 1.41076e-01 2.45931e-01 2.24014e-03
9.890484 2.29863554e-02 7.24631959e-03 3.02326750e-02 5.02903491e-03 1.15204675e+00 5.23713984e-01 4.39894943e-03 3.152444e-01 4.545944e-01 8.292198e+00 9.291764e+00 5.327824e-01 7.6677e-04 1.5314e-03 -1.5683e-05 0.02723 8.25256e-02 1.39121e-01 2.43605e-01 2.22414e-03
9.990388 2.26463974e-02 7.14585326e-03 2.97922506e-02 4.94541596e-03 1.13605638e+00 5.11906152e-01 4.31973737e-03 3.155404e-01 4.505993e-01 8.190280e+00 9.252132e+00 5.374566e-01 7.5638e-04 1.4809e-03 -1.4301e-05 0.02727 8.39973e-02 1.40074e-01 2.43932e-01 2.26906e-03
9.999917 2.26166708e-02 7.13573603e-03 2.97524069e-02 4.93777150e-03 1.13395815e+00 5.10775653e-01 4.31101890e-03 3.155078e-01 4.504361e-01 8.180085e+00 9.242936e+00 5.410526e-01 7.5552e-04 1.4757e-03 -1.4771e-05 0.02728 8.38851e-02 1.39926e-01 2.43731e-01 2.24619e-03
