# tg_mhd (CUDA FP32)  tgc_slip_cond_n640_re2000  N=640 L=640 Re=2000 Pm=1 u0=0.04 nu_lat=4.068000e-03 eta_lat=4.068000e-03 tau_f=0.512204 tau_m=0.516272 dt=1.966568e-04 fw=profile
# t E_V E_M E_T H_C Omega_V Omega_M eps EM/EV OmM/OmV j_max w_max skew divb/j divb_wall/j mass_drift umax_lat fw1 fw2 fw4 tau_wall
0.000000 1.25000007e-01 1.25000000e-01 2.50000007e-01 -9.46387535e-21 3.74997002e-01 1.49995166e+00 1.87494866e-03 9.999999e-01 3.999903e+00 3.464025e+00 1.999975e+00 2.813660e-19 2.0622e-06 3.0828e-06 +0.0000e+00 0.04000 2.84856e-02 5.70557e-02 1.14676e-01 0.00000e+00
0.100098 1.24828288e-01 1.24780427e-01 2.49608715e-01 3.53555126e-08 3.83724353e-01 1.50377991e+00 1.88750426e-03 9.996166e-01 3.918907e+00 3.550931e+00 2.011056e+00 7.075173e-02 1.7577e-05 2.5768e-05 +3.2957e-06 0.04039 2.84617e-02 5.70132e-02 1.14630e-01 0.00000e+00
0.200197 1.24937397e-01 1.24607592e-01 2.49544989e-01 1.92185878e-07 4.11210502e-01 1.52185641e+00 1.93306691e-03 9.973602e-01 3.700918e+00 3.660148e+00 2.057885e+00 9.856870e-02 1.9888e-05 2.9281e-05 -1.1148e-06 0.04157 2.82079e-02 5.65221e-02 1.13770e-01 0.00000e+00
0.300295 1.24749505e-01 1.24506191e-01 2.49255696e-01 7.39234330e-07 4.53942793e-01 1.55686499e+00 2.01080778e-03 9.980496e-01 3.429650e+00 3.819389e+00 2.125601e+00 2.142266e-01 2.1002e-05 3.2739e-05 +6.2735e-07 0.04198 2.79289e-02 5.59962e-02 1.12950e-01 0.00000e+00
0.400393 1.24668811e-01 1.24402084e-01 2.49070895e-01 2.11014184e-06 5.11284656e-01 1.61121746e+00 2.12250212e-03 9.978605e-01 3.151312e+00 4.020625e+00 2.220368e+00 1.811294e-01 2.1259e-05 3.4713e-05 -2.9764e-06 0.04222 2.74738e-02 5.51396e-02 1.11616e-01 0.00000e+00
0.500492 1.24352275e-01 1.24398474e-01 2.48750749e-01 4.80989741e-06 5.80988739e-01 1.69021563e+00 2.27120437e-03 1.000372e+00 2.909205e+00 4.259696e+00 2.330678e+00 3.180586e-01 2.3547e-05 4.0910e-05 -2.4082e-06 0.04281 2.69916e-02 5.42637e-02 1.10463e-01 0.00000e+00
0.600590 1.24079360e-01 1.24466810e-01 2.48546171e-01 9.39691338e-06 6.63714721e-01 1.79671753e+00 2.46043225e-03 1.003123e+00 2.707063e+00 4.513905e+00 2.459348e+00 2.771075e-01 2.9065e-05 5.2519e-05 -3.5887e-06 0.04332 2.64009e-02 5.32310e-02 1.09328e-01 0.00000e+00
0.700688 1.23768884e-01 1.24534600e-01 2.48303483e-01 1.63960464e-05 7.61174057e-01 1.93539495e+00 2.69656901e-03 1.006187e+00 2.542644e+00 4.773295e+00 2.791028e+00 3.725302e-01 3.7066e-05 7.3058e-05 -3.6818e-06 0.04437 2.57699e-02 5.22388e-02 1.08779e-01 0.00000e+00
0.800787 1.23492299e-01 1.24539854e-01 2.48032153e-01 2.63201502e-05 8.76902312e-01 2.11050920e+00 2.98741152e-03 1.008483e+00 2.406778e+00 5.033568e+00 3.192396e+00 3.665268e-01 4.8826e-05 1.1077e-04 -1.8500e-06 0.04522 2.51569e-02 5.15381e-02 1.09470e-01 0.00000e+00
0.900885 1.23422153e-01 1.24387104e-01 2.47809258e-01 3.94927483e-05 1.01668069e+00 2.32628302e+00 3.34296371e-03 1.007818e+00 2.288116e+00 5.520581e+00 3.690704e+00 4.231719e-01 6.6066e-05 1.8088e-04 -2.6367e-06 0.04673 2.46336e-02 5.15071e-02 1.11969e-01 0.00000e+00
1.000983 1.23354941e-01 1.24048770e-01 2.47403711e-01 5.61512209e-05 1.18730732e+00 2.59445021e+00 3.78175753e-03 1.005625e+00 2.185155e+00 7.135552e+00 4.620488e+00 4.265646e-01 9.1186e-05 3.0160e-04 +1.1259e-06 0.04767 2.45718e-02 5.31559e-02 1.17484e-01 0.00000e+00
1.101082 1.23716337e-01 1.23347494e-01 2.47063831e-01 7.63024317e-05 1.39771508e+00 2.92178506e+00 4.31950014e-03 9.970186e-01 2.090401e+00 9.527124e+00 6.254486e+00 4.816486e-01 1.2760e-04 4.7979e-04 -9.1073e-07 0.04917 2.53025e-02 5.70740e-02 1.25863e-01 0.00000e+00
1.201180 1.24114654e-01 1.22401157e-01 2.46515810e-01 9.99388314e-05 1.65663745e+00 3.33535509e+00 4.99199254e-03 9.861942e-01 2.013328e+00 1.282572e+01 8.238667e+00 4.843429e-01 1.8314e-04 7.0820e-04 +3.1506e-06 0.05006 2.74171e-02 6.39801e-02 1.37478e-01 0.00000e+00
1.301278 1.24985422e-01 1.21049231e-01 2.46034652e-01 1.27277712e-04 1.97369279e+00 3.85176001e+00 5.82545280e-03 9.685068e-01 1.951550e+00 1.719613e+01 1.036213e+01 5.288461e-01 2.7591e-04 9.6630e-04 -3.8329e-07 0.05131 3.07975e-02 7.30304e-02 1.50400e-01 0.00000e+00
1.401376 1.25854466e-01 1.19498768e-01 2.45353234e-01 1.59227073e-04 2.35610038e+00 4.52060991e+00 6.87671029e-03 9.494996e-01 1.918683e+00 2.267275e+01 1.252625e+01 5.782331e-01 4.4006e-04 1.2791e-03 +2.6922e-06 0.05241 3.53271e-02 8.37753e-02 1.63644e-01 0.00000e+00
1.501475 1.26999203e-01 1.17663264e-01 2.44662468e-01 1.97829994e-04 2.81123427e+00 5.37397741e+00 8.18521168e-03 9.264882e-01 1.911608e+00 2.868766e+01 1.487374e+01 6.000129e-01 6.9742e-04 1.6988e-03 -1.3815e-06 0.05274 4.02452e-02 9.44140e-02 1.74306e-01 0.00000e+00
1.601573 1.27954175e-01 1.15765084e-01 2.43719259e-01 2.46210044e-04 3.33903170e+00 6.47756833e+00 9.81660003e-03 9.047386e-01 1.939954e+00 3.459624e+01 1.855211e+01 6.312972e-01 1.0358e-03 2.2261e-03 +1.8908e-07 0.05380 4.54002e-02 1.03990e-01 1.81544e-01 0.00000e+00
1.701671 1.28911704e-01 1.13736619e-01 2.42648323e-01 3.08072742e-04 3.93022205e+00 7.85111396e+00 1.17813360e-02 8.822831e-01 1.997626e+00 3.947646e+01 2.238392e+01 6.291452e-01 1.4266e-03 2.7565e-03 -2.7286e-06 0.05321 4.99583e-02 1.10539e-01 1.83799e-01 0.00000e+00
1.801770 1.29609834e-01 1.11705609e-01 2.41315443e-01 3.86680313e-04 4.55849905e+00 9.52023730e+00 1.40787364e-02 8.618606e-01 2.088459e+00 4.292076e+01 2.578010e+01 5.870997e-01 1.8759e-03 3.1967e-03 -2.1899e-06 0.05303 5.34906e-02 1.13393e-01 1.81531e-01 0.00000e+00
1.901868 1.30168839e-01 1.09600529e-01 2.39769367e-01 4.83927991e-04 5.17876960e+00 1.13977846e+01 1.65765542e-02 8.419875e-01 2.200867e+00 4.467916e+01 2.797222e+01 5.167385e-01 2.3953e-03 3.5582e-03 -2.5170e-06 0.05143 5.51537e-02 1.11968e-01 1.75272e-01 0.00000e+00
2.001966 1.30592488e-01 1.07386759e-01 2.37979247e-01 6.00888141e-04 5.74676385e+00 1.32899256e+01 1.90366895e-02 8.223043e-01 2.312593e+00 4.986368e+01 2.828082e+01 4.501237e-01 2.9430e-03 3.8938e-03 -2.5747e-06 0.05040 5.44031e-02 1.06805e-01 1.66576e-01 0.00000e+00
2.102065 1.30881966e-01 1.05046466e-01 2.35928432e-01 7.39068764e-04 6.25865291e+00 1.49160320e+01 2.11746849e-02 8.026046e-01 2.383266e+00 5.553202e+01 2.698241e+01 4.122756e-01 3.4522e-03 4.1930e-03 -2.6294e-07 0.04908 5.10196e-02 9.90218e-02 1.57193e-01 0.00000e+00
2.202163 1.31234353e-01 1.02513437e-01 2.33747790e-01 9.00141165e-04 6.75517301e+00 1.60016104e+01 2.27567834e-02 7.811479e-01 2.368794e+00 5.975902e+01 2.579506e+01 4.115287e-01 3.8782e-03 4.5129e-03 -1.2817e-06 0.04769 4.55590e-02 8.99009e-02 1.48788e-01 0.00000e+00
2.302261 1.31441707e-01 9.98572315e-02 2.31298939e-01 1.08322794e-03 7.28200613e+00 1.64963020e+01 2.37783081e-02 7.597074e-01 2.265351e+00 6.237301e+01 2.516640e+01 4.575532e-01 4.1537e-03 5.0248e-03 +2.5431e-06 0.04515 3.98085e-02 8.15459e-02 1.44978e-01 0.00000e+00
2.402360 1.31843175e-01 9.70851527e-02 2.28928328e-01 1.28501169e-03 7.86381623e+00 1.65164365e+01 2.43802528e-02 7.363684e-01 2.100308e+00 6.319321e+01 2.527676e+01 5.017342e-01 4.1902e-03 5.6232e-03 +1.7623e-07 0.04627 3.49530e-02 7.51777e-02 1.50079e-01 0.00000e+00
2.502458 1.32052650e-01 9.42701574e-02 2.26322807e-01 1.50213300e-03 8.46462036e+00 1.63324374e+01 2.47970578e-02 7.138831e-01 1.929494e+00 6.230542e+01 3.005455e+01 5.312437e-01 4.0125e-03 5.5376e-03 +3.9409e-06 0.04780 3.20599e-02 7.18702e-02 1.63961e-01 0.00000e+00
2.602556 1.32474833e-01 9.14044162e-02 2.23879249e-01 1.73109967e-03 9.04673673e+00 1.61293097e+01 2.51760465e-02 6.899757e-01 1.782887e+00 5.972752e+01 3.741082e+01 5.254243e-01 3.7559e-03 6.1064e-03 +3.4234e-07 0.04900 3.04867e-02 7.24229e-02 1.76144e-01 0.00000e+00
2.702655 1.32678758e-01 8.85549577e-02 2.21233715e-01 1.96780105e-03 9.57710613e+00 1.60196052e+01 2.55967113e-02 6.674389e-01 1.672698e+00 5.663041e+01 3.929571e+01 5.093215e-01 3.5203e-03 6.6928e-03 +2.9261e-06 0.05012 2.98254e-02 7.88122e-02 1.83512e-01 0.00000e+00
2.802753 1.33014023e-01 8.56904204e-02 2.18704444e-01 2.20863495e-03 1.00714274e+01 1.59244864e+01 2.59959138e-02 6.442209e-01 1.581155e+00 5.392552e+01 3.853541e+01 4.971949e-01 3.3408e-03 7.4337e-03 -9.4167e-07 0.05111 3.11101e-02 8.73801e-02 1.85494e-01 0.00000e+00
2.902851 1.33067037e-01 8.28921467e-02 2.15959184e-01 2.45170703e-03 1.05434540e+01 1.58492290e+01 2.63926830e-02 6.229352e-01 1.503229e+00 5.201633e+01 3.733749e+01 4.766182e-01 3.2350e-03 7.8267e-03 +4.2745e-07 0.05251 3.55465e-02 9.44267e-02 1.84668e-01 0.00000e+00
3.002950 1.33077678e-01 8.02318939e-02 2.13309572e-01 2.69469294e-03 1.10167568e+01 1.57937832e+01 2.68105399e-02 6.028952e-01 1.433615e+00 5.111311e+01 4.144013e+01 4.926276e-01 3.2440e-03 7.8013e-03 -1.9263e-06 0.05321 4.03367e-02 9.71470e-02 1.80228e-01 0.00000e+00
3.103048 1.32777606e-01 7.77478733e-02 2.10525479e-01 2.93268900e-03 1.14882794e+01 1.57901011e+01 2.72783805e-02 5.855496e-01 1.374453e+00 5.029363e+01 4.475229e+01 4.983574e-01 3.3746e-03 7.5370e-03 -1.4926e-06 0.05496 4.19475e-02 9.47432e-02 1.72312e-01 0.00000e+00
3.203146 1.32207890e-01 7.55172623e-02 2.07725152e-01 3.16203358e-03 1.19341821e+01 1.59101618e+01 2.78443439e-02 5.712009e-01 1.333159e+00 5.043040e+01 4.590597e+01 5.003407e-01 3.6312e-03 7.4375e-03 -1.2189e-06 0.05649 3.94735e-02 8.79065e-02 1.61382e-01 0.00000e+00
3.303245 1.31316723e-01 7.35923976e-02 2.04909121e-01 3.38005290e-03 1.23009614e+01 1.63034097e+01 2.86043710e-02 5.604191e-01 1.325377e+00 5.311637e+01 4.462836e+01 4.930012e-01 3.9692e-03 7.6102e-03 -1.5507e-06 0.05920 3.48938e-02 7.92008e-02 1.49547e-01 0.00000e+00
3.403343 1.29939765e-01 7.19654031e-02 2.01905168e-01 3.58490663e-03 1.25543999e+01 1.71461403e+01 2.97005401e-02 5.538366e-01 1.365747e+00 5.707635e+01 4.103699e+01 4.915805e-01 4.2657e-03 7.8460e-03 +1.0449e-06 0.06054 3.04446e-02 7.09103e-02 1.38778e-01 0.00000e+00
3.503441 1.28276248e-01 7.06064376e-02 1.98882686e-01 3.77816830e-03 1.27238292e+01 1.83845409e+01 3.11083701e-02 5.504249e-01 1.444891e+00 6.168334e+01 3.628851e+01 4.601702e-01 4.3971e-03 7.5550e-03 -4.1453e-07 0.06189 2.70502e-02 6.41078e-02 1.30031e-01 0.00000e+00
3.603540 1.26138217e-01 6.94098414e-02 1.95548058e-01 3.96777372e-03 1.28359171e+01 1.97752221e+01 3.26111392e-02 5.502681e-01 1.540616e+00 6.498012e+01 3.583090e+01 4.423449e-01 4.6100e-03 7.1372e-03 +3.2536e-06 0.06096 2.47563e-02 5.96858e-02 1.25151e-01 0.00000e+00
3.703638 1.23931597e-01 6.82957009e-02 1.92227298e-01 4.16322408e-03 1.29423915e+01 2.11242349e+01 3.40666264e-02 5.510758e-01 1.632174e+00 7.021021e+01 3.184747e+01 4.124152e-01 4.9428e-03 6.8071e-03 +5.9602e-07 0.06028 2.30158e-02 5.71728e-02 1.23763e-01 0.00000e+00
3.803736 1.21402706e-01 6.71966946e-02 1.88599400e-01 4.36813897e-03 1.30557282e+01 2.23112838e+01 3.53670120e-02 5.535024e-01 1.708927e+00 7.070237e+01 3.186890e+01 3.778154e-01 5.2586e-03 6.4963e-03 +3.8577e-06 0.05945 2.21559e-02 5.72759e-02 1.27772e-01 0.00000e+00
3.903834 1.18956753e-01 6.60843649e-02 1.85041118e-01 4.57769104e-03 1.31592246e+01 2.31692756e+01 3.63285001e-02 5.555327e-01 1.760687e+00 6.793776e+01 3.181394e+01 3.512410e-01 5.4347e-03 6.5106e-03 +2.8163e-07 0.05783 2.22590e-02 6.01950e-02 1.36346e-01 0.00000e+00
4.003933 1.16318107e-01 6.49168011e-02 1.81234908e-01 4.78742676e-03 1.32103344e+01 2.38199868e+01 3.70303213e-02 5.580971e-01 1.803133e+00 6.279755e+01 3.197639e+01 3.253949e-01 5.2210e-03 6.8083e-03 +2.5408e-06 0.05607 2.35827e-02 6.71832e-02 1.48235e-01 0.00000e+00
4.104031 1.13809584e-01 6.36983114e-02 1.77507896e-01 4.99759212e-03 1.32151778e+01 2.44154995e+01 3.76306773e-02 5.596920e-01 1.847535e+00 5.755768e+01 3.206479e+01 3.129931e-01 4.8881e-03 7.1245e-03 -1.0355e-06 0.05272 2.61634e-02 7.82575e-02 1.60856e-01 0.00000e+00
4.204129 1.11215536e-01 6.23751763e-02 1.73590713e-01 5.20872630e-03 1.31869007e+01 2.50935568e+01 3.82804575e-02 5.608495e-01 1.902915e+00 5.196849e+01 3.307725e+01 3.045599e-01 4.5851e-03 7.4959e-03 +2.1926e-07 0.05159 3.10444e-02 9.29537e-02 1.74459e-01 0.00000e+00
4.304228 1.08749034e-01 6.09234911e-02 1.69672525e-01 5.42024205e-03 1.31452245e+01 2.57773489e+01 3.89225733e-02 5.602210e-01 1.960967e+00 5.547133e+01 3.539290e+01 2.943819e-01 4.4468e-03 7.7764e-03 -1.5839e-06 0.04951 3.94044e-02 1.07314e-01 1.89261e-01 0.00000e+00
4.404326 1.06339992e-01 5.93255924e-02 1.65665584e-01 5.63004528e-03 1.30980554e+01 2.63026960e+01 3.94007514e-02 5.578860e-01 2.008137e+00 6.134070e+01 3.701488e+01 2.772693e-01 4.5547e-03 7.8761e-03 -1.3698e-06 0.04804 5.08840e-02 1.18276e-01 2.03241e-01 0.00000e+00
4.504424 1.04047797e-01 5.75787264e-02 1.61626523e-01 5.83328159e-03 1.30444499e+01 2.62517309e+01 3.92961808e-02 5.533873e-01 2.012483e+00 6.423753e+01 3.656313e+01 2.551726e-01 4.9760e-03 7.5983e-03 -3.9850e-07 0.04488 6.02074e-02 1.22957e-01 2.10741e-01 0.00000e+00
4.604523 1.01911070e-01 5.57591248e-02 1.57670194e-01 6.01784881e-03 1.29791690e+01 2.53080282e+01 3.82871972e-02 5.471351e-01 1.949896e+00 6.375641e+01 3.485446e+01 2.256667e-01 5.4572e-03 7.3705e-03 -1.0357e-06 0.04254 5.99676e-02 1.20352e-01 2.09097e-01 0.00000e+00
4.704621 9.98185274e-02 5.39738851e-02 1.53792413e-01 6.17218568e-03 1.28803692e+01 2.37443612e+01 3.66247304e-02 5.407201e-01 1.843453e+00 5.972197e+01 3.855668e+01 2.014043e-01 5.4442e-03 7.6818e-03 +1.7974e-06 0.04146 4.99989e-02 1.11544e-01 2.00268e-01 0.00000e+00
4.804719 9.78688020e-02 5.22979653e-02 1.50166767e-01 6.29309598e-03 1.27203128e+01 2.22585969e+01 3.49789097e-02 5.343681e-01 1.749847e+00 5.394674e+01 3.822116e+01 1.880151e-01 5.0103e-03 8.7925e-03 +1.0868e-07 0.04120 4.13791e-02 1.02855e-01 1.92513e-01 0.00000e+00
4.904818 9.58527696e-02 5.07391470e-02 1.46591917e-01 6.38545192e-03 1.25271855e+01 2.12422951e+01 3.37694806e-02 5.293446e-01 1.695696e+00 4.781556e+01 3.657363e+01 1.855879e-01 4.6199e-03 9.1372e-03 +3.4850e-06 0.04281 4.25020e-02 1.01319e-01 1.90555e-01 0.00000e+00
5.004916 9.39623204e-02 4.92792574e-02 1.43241578e-01 6.45637637e-03 1.23396894e+01 2.04596166e+01 3.27993060e-02 5.244576e-01 1.658033e+00 4.133002e+01 3.640530e+01 1.929296e-01 4.4022e-03 8.4498e-03 +6.9451e-07 0.04658 4.68648e-02 1.02722e-01 1.88978e-01 0.00000e+00
5.105014 9.19899403e-02 4.79078494e-02 1.39897790e-01 6.51243902e-03 1.21728566e+01 1.96437570e+01 3.18166136e-02 5.207944e-01 1.613734e+00 4.416496e+01 3.670698e+01 1.966416e-01 4.3350e-03 7.4148e-03 +3.7221e-06 0.05084 4.79309e-02 1.02684e-01 1.84622e-01 0.00000e+00
5.205113 9.01037483e-02 4.66536087e-02 1.36757357e-01 6.56269410e-03 1.20176406e+01 1.87929881e+01 3.08106287e-02 5.177766e-01 1.563784e+00 4.514524e+01 3.667606e+01 2.000280e-01 4.3631e-03 6.7640e-03 +1.5849e-07 0.05219 4.55537e-02 9.94320e-02 1.77443e-01 0.00000e+00
5.305211 8.81019185e-02 4.55331746e-02 1.33635093e-01 6.61342710e-03 1.18344815e+01 1.81251085e+01 2.99595900e-02 5.168239e-01 1.531551e+00 5.212732e+01 3.576620e+01 2.167205e-01 4.4339e-03 6.8087e-03 +2.1939e-06 0.04927 4.44510e-02 9.72575e-02 1.73717e-01 0.00000e+00
5.405309 8.61347156e-02 4.45136283e-02 1.30648344e-01 6.66535103e-03 1.15991371e+01 1.76937838e+01 2.92929209e-02 5.167908e-01 1.525440e+00 4.943813e+01 3.418260e+01 2.427296e-01 4.5074e-03 7.1132e-03 -9.9452e-07 0.04617 4.53277e-02 9.75912e-02 1.75020e-01 0.00000e+00
5.505408 8.41039945e-02 4.35670815e-02 1.27671076e-01 6.71821820e-03 1.13182126e+01 1.74528734e+01 2.87710860e-02 5.180144e-01 1.542017e+00 4.636833e+01 3.157826e+01 2.636169e-01 4.4740e-03 7.5217e-03 -1.3304e-07 0.04273 4.62450e-02 1.00070e-01 1.80482e-01 0.00000e+00
5.605506 8.21262192e-02 4.26369247e-02 1.24763144e-01 6.77020415e-03 1.10172022e+01 1.73305012e+01 2.83477034e-02 5.191634e-01 1.573040e+00 4.765772e+01 2.961289e+01 2.906167e-01 4.3615e-03 7.6483e-03 -1.3360e-06 0.03983 4.59771e-02 1.03048e-01 1.86885e-01 0.00000e+00
5.705604 8.02050804e-02 4.16858801e-02 1.21890960e-01 6.81921793e-03 1.07294973e+01 1.72679243e+01 2.79974216e-02 5.197411e-01 1.609388e+00 5.231194e+01 2.645715e+01 3.076401e-01 4.1938e-03 7.4965e-03 -1.5650e-06 0.03670 4.56643e-02 1.06165e-01 1.92793e-01 0.00000e+00
5.805703 7.83647172e-02 4.06869683e-02 1.19051686e-01 6.86515446e-03 1.04735351e+01 1.72064174e+01 2.76799525e-02 5.192001e-01 1.642847e+00 5.971731e+01 2.290085e+01 3.150465e-01 3.9626e-03 7.5141e-03 -3.9356e-07 0.03652 4.59450e-02 1.08816e-01 1.96791e-01 0.00000e+00
5.905801 7.66395346e-02 3.96184707e-02 1.16258005e-01 6.90869062e-03 1.02475125e+01 1.70665837e+01 2.73140962e-02 5.169456e-01 1.665437e+00 6.873697e+01 2.179541e+01 3.180476e-01 3.7829e-03 7.4905e-03 -1.4704e-06 0.03641 4.63009e-02 1.09961e-01 1.98333e-01 0.00000e+00
6.005899 7.49723817e-02 3.85023312e-02 1.13474713e-01 6.94954170e-03 1.00351534e+01 1.67828706e+01 2.68180240e-02 5.135535e-01 1.672408e+00 7.703484e+01 2.459804e+01 3.255591e-01 3.6695e-03 7.2983e-03 +1.2607e-06 0.03608 4.59951e-02 1.08932e-01 1.98052e-01 0.00000e+00
6.105998 7.34460750e-02 3.73402092e-02 1.10786284e-01 6.98454003e-03 9.80817370e+00 1.63039369e+01 2.61121106e-02 5.084031e-01 1.662281e+00 7.549379e+01 2.462115e+01 3.316809e-01 3.6415e-03 7.5989e-03 -7.4801e-07 0.03620 4.40026e-02 1.04527e-01 1.93919e-01 0.00000e+00
6.206096 7.19519030e-02 3.61866287e-02 1.08138532e-01 7.00647518e-03 9.54037911e+00 1.56801517e+01 2.52205308e-02 5.029280e-01 1.643556e+00 5.903378e+01 2.157677e+01 3.277413e-01 3.7051e-03 8.0253e-03 +2.4827e-06 0.03583 4.12851e-02 9.95482e-02 1.88548e-01 0.00000e+00
6.306194 7.06013021e-02 3.50321294e-02 1.05633431e-01 7.01008621e-03 9.25755004e+00 1.50418191e+01 2.42993691e-02 4.961966e-01 1.624816e+00 4.680216e+01 1.966052e+01 3.221137e-01 3.7685e-03 7.7226e-03 -4.8870e-07 0.03567 3.94114e-02 9.69077e-02 1.85481e-01 0.00000e+00
6.406292 6.92729653e-02 3.39201747e-02 1.03193140e-01 6.99606122e-03 8.99410709e+00 1.44829644e+01 2.34770715e-02 4.896596e-01 1.610273e+00 4.868386e+01 1.904086e+01 3.250083e-01 3.8454e-03 7.4118e-03 +2.2886e-06 0.03552 3.90794e-02 9.75768e-02 1.86807e-01 0.00000e+00
6.506391 6.80484175e-02 3.28215414e-02 1.00869959e-01 6.96753133e-03 8.75726476e+00 1.39574578e+01 2.27147225e-02 4.823263e-01 1.593815e+00 5.279565e+01 1.841895e+01 3.310175e-01 3.9082e-03 7.2112e-03 -1.0719e-06 0.03493 3.92930e-02 9.86863e-02 1.88784e-01 0.00000e+00
6.606489 6.68105569e-02 3.17790238e-02 9.85895807e-02 6.92750138e-03 8.54213670e+00 1.34442837e+01 2.19864204e-02 4.756587e-01 1.573878e+00 5.214391e+01 1.777114e+01 3.363195e-01 3.9384e-03 7.0340e-03 +7.9104e-07 0.03441 4.01200e-02 9.96963e-02 1.90787e-01 0.00000e+00
6.706587 6.56272341e-02 3.07751600e-02 9.64023941e-02 6.87795427e-03 8.34240107e+00 1.29199690e+01 2.12623701e-02 4.689389e-01 1.548711e+00 4.826030e+01 1.868610e+01 3.405800e-01 3.9947e-03 7.3097e-03 -1.6467e-06 0.03424 4.05583e-02 9.90825e-02 1.90698e-01 0.00000e+00
6.806686 6.44354035e-02 2.98342210e-02 9.42696245e-02 6.82111737e-03 8.14645485e+00 1.24064228e+01 2.05528777e-02 4.630098e-01 1.522923e+00 4.344272e+01 2.034907e+01 3.379223e-01 4.0670e-03 7.6825e-03 -8.5543e-07 0.03558 3.94674e-02 9.68305e-02 1.88586e-01 0.00000e+00
6.906784 6.32705954e-02 2.89448053e-02 9.22154007e-02 6.76151910e-03 7.94921729e+00 1.19197030e+01 1.98689203e-02 4.574764e-01 1.499481e+00 3.884413e+01 2.131841e+01 3.259848e-01 4.0072e-03 7.2684e-03 -1.2248e-06 0.03730 3.71965e-02 9.36474e-02 1.84997e-01 0.00000e+00
7.006882 6.21222493e-02 2.81059703e-02 9.02282196e-02 6.70580891e-03 7.75519401e+00 1.15016758e+01 1.92568699e-02 4.524300e-01 1.483093e+00 3.686784e+01 2.161856e+01 3.134138e-01 3.7733e-03 6.6283e-03 -1.4649e-06 0.03714 3.56256e-02 9.17000e-02 1.82558e-01 0.00000e+00
7.106981 6.09835243e-02 2.73119366e-02 8.82954610e-02 6.65874471e-03 7.57189833e+00 1.11577609e+01 1.87296593e-02 4.478576e-01 1.473575e+00 4.018337e+01 2.148726e+01 3.036928e-01 3.6455e-03 6.1823e-03 +2.3645e-07 0.03565 3.50408e-02 9.14473e-02 1.82636e-01 0.00000e+00
7.207079 5.98785752e-02 2.65440721e-02 8.64226474e-02 6.62183629e-03 7.40591693e+00 1.08344996e+01 1.82404165e-02 4.432983e-01 1.462952e+00 4.304348e+01 2.308722e+01 3.016416e-01 3.7195e-03 6.0516e-03 -9.6631e-07 0.03540 3.51497e-02 9.23536e-02 1.83786e-01 0.00000e+00
7.307177 5.87514603e-02 2.58173326e-02 8.45687930e-02 6.59428577e-03 7.26120114e+00 1.05072944e+01 1.77684955e-02 4.394330e-01 1.447046e+00 4.369858e+01 2.407170e+01 3.051680e-01 3.8430e-03 6.1336e-03 +1.9148e-06 0.03552 3.60390e-02 9.42755e-02 1.85494e-01 0.00000e+00
7.407276 5.76778769e-02 2.51163749e-02 8.27942518e-02 6.57325468e-03 7.13503458e+00 1.01763219e+01 1.73113565e-02 4.354594e-01 1.426247e+00 4.205778e+01 2.489363e+01 3.179455e-01 3.8720e-03 6.2867e-03 -2.7886e-07 0.03573 3.70132e-02 9.62109e-02 1.86037e-01 0.00000e+00
7.507374 5.65706166e-02 2.44655791e-02 8.10361958e-02 6.55565230e-03 7.02077307e+00 9.87718483e+00 1.68979579e-02 4.324786e-01 1.406851e+00 3.860992e+01 2.523857e+01 3.281562e-01 3.7781e-03 6.5028e-03 +2.8038e-06 0.03591 3.76281e-02 9.76008e-02 1.85849e-01 0.00000e+00
7.607472 5.55111000e-02 2.38437871e-02 7.93548871e-02 6.54085324e-03 6.91066497e+00 9.61597735e+00 1.65266423e-02 4.295319e-01 1.391469e+00 3.513158e+01 2.380828e+01 3.363841e-01 3.6602e-03 6.4493e-03 -2.1834e-07 0.03563 3.74722e-02 9.75562e-02 1.84337e-01 0.00000e+00
7.707571 5.44138094e-02 2.32743394e-02 7.76881488e-02 6.53002855e-03 6.80212435e+00 9.41533461e+00 1.62174590e-02 4.277285e-01 1.384176e+00 3.212388e+01 2.147124e+01 3.420825e-01 3.5957e-03 6.4353e-03 +2.2960e-06 0.03528 3.72312e-02 9.74454e-02 1.83127e-01 0.00000e+00
7.807669 5.33425924e-02 2.27358000e-02 7.60783924e-02 6.52387291e-03 6.69485141e+00 9.27034883e+00 1.59652002e-02 4.262223e-01 1.384698e+00 3.035083e+01 1.943326e+01 3.443269e-01 3.5780e-03 6.2932e-03 -8.3149e-07 0.03482 3.69446e-02 9.69465e-02 1.81206e-01 0.00000e+00
7.907767 5.22187281e-02 2.22415117e-02 7.44602397e-02 6.52259649e-03 6.58604186e+00 9.18472653e+00 1.57707684e-02 4.259298e-01 1.394575e+00 3.107654e+01 1.959454e+01 3.435311e-01 3.6188e-03 6.0905e-03 +7.2156e-07 0.03390 3.70126e-02 9.67833e-02 1.79449e-01 0.00000e+00
8.007866 5.11045146e-02 2.17725387e-02 7.28770533e-02 6.52565628e-03 6.47022257e+00 9.14970668e+00 1.56199292e-02 4.260394e-01 1.414125e+00 3.747699e+01 2.004116e+01 3.463453e-01 3.6913e-03 5.8675e-03 -1.2017e-06 0.03365 3.71736e-02 9.62635e-02 1.77254e-01 0.00000e+00
8.107964 4.99639261e-02 2.13294475e-02 7.12933737e-02 6.53152324e-03 6.34449882e+00 9.14888828e+00 1.54933871e-02 4.268969e-01 1.442019e+00 4.028296e+01 2.018764e+01 3.489904e-01 3.7783e-03 5.8218e-03 -7.3822e-07 0.03381 3.72824e-02 9.51743e-02 1.74829e-01 0.00000e+00
8.208062 4.88249373e-02 2.09008431e-02 6.97257804e-02 6.53774527e-03 6.20913844e+00 9.13053491e+00 1.53396734e-02 4.280772e-01 1.470499e+00 4.046669e+01 1.942327e+01 3.624679e-01 3.9397e-03 5.9512e-03 -6.0044e-07 0.03585 3.68628e-02 9.29691e-02 1.71313e-01 0.00000e+00
8.308161 4.76985668e-02 2.04836098e-02 6.81821766e-02 6.54310661e-03 6.06507564e+00 9.06091281e+00 1.51259885e-02 4.294387e-01 1.493949e+00 4.082173e+01 1.827963e+01 3.737987e-01 4.0160e-03 6.0042e-03 -1.1431e-06 0.03805 3.58588e-02 8.98751e-02 1.66723e-01 0.00000e+00
8.408259 4.65705770e-02 2.00782204e-02 6.66487975e-02 6.54724811e-03 5.91257407e+00 8.93916413e+00 1.48517382e-02 4.311353e-01 1.511890e+00 3.992126e+01 1.997773e+01 3.915560e-01 3.9720e-03 5.9474e-03 +7.8463e-07 0.03904 3.45749e-02 8.65609e-02 1.62010e-01 0.00000e+00
8.508357 4.54859608e-02 1.96741131e-02 6.51600739e-02 6.55030681e-03 5.75420171e+00 8.76773466e+00 1.45219364e-02 4.325315e-01 1.523710e+00 3.817702e+01 2.074619e+01 4.060405e-01 3.8684e-03 5.8615e-03 -6.8953e-07 0.03845 3.31891e-02 8.32071e-02 1.57410e-01 0.00000e+00
8.608456 4.44051619e-02 1.92776235e-02 6.36827854e-02 6.55166985e-03 5.59193564e+00 8.54887305e+00 1.41408087e-02 4.341302e-01 1.528786e+00 3.573031e+01 2.024336e+01 4.196055e-01 3.7660e-03 5.9532e-03 +2.1524e-06 0.03929 3.19588e-02 8.01883e-02 1.53696e-01 0.00000e+00
8.708554 4.33998789e-02 1.88733831e-02 6.22732620e-02 6.55031539e-03 5.42842706e+00 8.29016483e+00 1.37185919e-02 4.348718e-01 1.527176e+00 3.396717e+01 1.907597e+01 4.298184e-01 3.6931e-03 6.4016e-03 -2.4728e-07 0.03922 3.06566e-02 7.69730e-02 1.49964e-01 0.00000e+00
8.808652 4.24176806e-02 1.84711770e-02 6.08888576e-02 6.54512578e-03 5.26406533e+00 8.00149040e+00 1.32655557e-02 4.354594e-01 1.520021e+00 3.523360e+01 1.913569e+01 4.368913e-01 3.5852e-03 6.2036e-03 +2.6412e-06 0.03842 2.95377e-02 7.42540e-02 1.47058e-01 0.00000e+00
8.908750 4.15241579e-02 1.80602047e-02 5.95843627e-02 6.53543748e-03 5.10014783e+00 7.70012993e+00 1.28002778e-02 4.349325e-01 1.509786e+00 3.722259e+01 1.916507e+01 4.395391e-01 3.4956e-03 5.8637e-03 -4.0671e-07 0.03804 2.85883e-02 7.18252e-02 1.44223e-01 0.00000e+00
9.008849 4.06495023e-02 1.76532014e-02 5.83027038e-02 6.52101077e-03 4.93679933e+00 7.40164787e+00 1.23384472e-02 4.342784e-01 1.499281e+00 3.919911e+01 1.914188e+01 4.432158e-01 3.4409e-03 5.6347e-03 +1.8516e-06 0.03731 2.80572e-02 7.01478e-02 1.42273e-01 0.00000e+00
9.108947 3.98500222e-02 1.72427421e-02 5.70927642e-02 6.50169445e-03 4.77481912e+00 7.11561276e+00 1.18904319e-02 4.326909e-01 1.490237e+00 4.106940e+01 1.899445e+01 4.465346e-01 3.3908e-03 5.3746e-03 -9.2166e-07 0.03635 2.76914e-02 6.86005e-02 1.40271e-01 0.00000e+00
9.209045 3.90650236e-02 1.68391652e-02 5.59041888e-02 6.47779294e-03 4.61421635e+00 6.84790201e+00 1.14621184e-02 4.310548e-01 1.484088e+00 4.204458e+01 1.879355e+01 4.465887e-01 3.3526e-03 5.1260e-03 +3.4106e-07 0.03572 2.74321e-02 6.73522e-02 1.38703e-01 0.00000e+00
9.309144 3.83285326e-02 1.64376644e-02 5.47661970e-02 6.44980120e-03 4.45538630e+00 6.59458022e+00 1.10499665e-02 4.288623e-01 1.480137e+00 4.203660e+01 1.848444e+01 4.510364e-01 3.3394e-03 4.9298e-03 -9.8814e-07 0.03468 2.70290e-02 6.60772e-02 1.37030e-01 0.00000e+00
9.409242 3.76229666e-02 1.60426561e-02 5.36656227e-02 6.41853374e-03 4.29951912e+00 6.35125148e+00 1.06507706e-02 4.264059e-01 1.477200e+00 4.056283e+01 1.806612e+01 4.601885e-01 3.3271e-03 4.7915e-03 -7.9122e-07 0.03357 2.65756e-02 6.50333e-02 1.35737e-01 0.00000e+00
9.509340 3.69481534e-02 1.56554715e-02 5.26036249e-02 6.38422595e-03 4.14855182e+00 6.11569150e+00 1.02642433e-02 4.237146e-01 1.474175e+00 3.787761e+01 1.870128e+01 4.689954e-01 3.2929e-03 4.7249e-03 -1.9038e-07 0.03277 2.61401e-02 6.42632e-02 1.34868e-01 0.00000e+00
9.609439 3.63065813e-02 1.52768695e-02 5.15834508e-02 6.34715030e-03 4.00328662e+00 5.88460593e+00 9.88789255e-03 4.207741e-01 1.469944e+00 3.409639e+01 2.061787e+01 4.795681e-01 3.2386e-03 4.7615e-03 -9.5397e-07 0.03164 2.57886e-02 6.37885e-02 1.34459e-01 0.00000e+00
9.709537 3.56756966e-02 1.49129808e-02 5.05886774e-02 6.30736154e-03 3.86291559e+00 5.65535779e+00 9.51827339e-03 4.180151e-01 1.464013e+00 2.939208e+01 2.252663e+01 4.899689e-01 3.1849e-03 4.9412e-03 +1.1616e-06 0.03069 2.56177e-02 6.37381e-02 1.34814e-01 0.00000e+00
9.809635 3.50824097e-02 1.45623803e-02 4.96447900e-02 6.26534574e-03 3.72649137e+00 5.42719797e+00 9.15368933e-03 4.150907e-01 1.456383e+00 2.426309e+01 2.424687e+01 4.982263e-01 3.1469e-03 5.2155e-03 -5.4602e-07 0.03018 2.55029e-02 6.37369e-02 1.35221e-01 0.00000e+00
9.909734 3.44823799e-02 1.42336233e-02 4.87160033e-02 6.22151179e-03 3.59337613e+00 5.20331452e+00 8.79669066e-03 4.127796e-01 1.448029e+00 2.559787e+01 2.568730e+01 5.043473e-01 3.1128e-03 5.4735e-03 +2.2656e-06 0.02973 2.54850e-02 6.39181e-02 1.36008e-01 0.00000e+00
9.999999 3.39844009e-02 1.39515224e-02 4.79359233e-02 6.18091309e-03 3.47670595e+00 5.00742631e+00 8.48413227e-03 4.105272e-01 1.440279e+00 2.727742e+01 2.678878e+01 5.103019e-01 3.0758e-03 5.6179e-03 -3.7046e-07 0.02961 2.53460e-02 6.38053e-02 1.36242e-01 0.00000e+00
