# tg_mhd (CUDA FP64)  tgc_slip_cond_n256_re1000_drive0.2_bdrive0.2  N=256 L=256 Re=1000 Pm=1 u0=0.05 nu_lat=4.058451e-03 eta_lat=4.058451e-03 tau_f=0.512175 tau_m=0.516234 dt=6.159986e-04 fw=profile
# t E_V E_M E_T H_C Omega_V Omega_M eps EM/EV OmM/OmV j_max w_max skew divb/j divb_wall/j mass_drift umax_lat fw1 fw2 fw4 tau_wall
0.000000 1.25007255e-01 1.25000000e-01 2.50007255e-01 3.51146527e-20 3.75002796e-01 1.49969646e+00 3.74939851e-03 9.999420e-01 3.999161e+00 3.463620e+00 1.999874e+00 1.480447e-18 3.3640e-15 5.0715e-15 +0.0000e+00 0.05000 4.03044e-02 8.08348e-02 1.63019e-01 0.00000e+00
0.250095 1.30842543e-01 1.39061642e-01 2.69904184e-01 3.45574884e-05 4.63513584e-01 1.75454122e+00 4.43610962e-03 1.062817e+00 3.785307e+00 3.801308e+00 2.111472e+00 1.148326e-01 3.0137e-04 4.8389e-05 -3.6220e-06 0.05275 3.51619e-02 7.06089e-02 1.42563e-01 0.00000e+00
0.500191 1.36732004e-01 1.53286202e-01 2.90018207e-01 1.20738727e-04 7.06454134e-01 2.16904718e+00 5.75100263e-03 1.121070e+00 3.070330e+00 4.718079e+00 2.931950e+00 2.039765e-01 4.9634e-04 1.8400e-04 -9.5582e-06 0.05366 3.02296e-02 6.09917e-02 1.23406e-01 0.00000e+00
0.750286 1.42620096e-01 1.66253947e-01 3.08874043e-01 3.14258785e-04 1.09922535e+00 2.81834384e+00 7.83513837e-03 1.165712e+00 2.563936e+00 6.129439e+00 4.228146e+00 3.325873e-01 6.0621e-04 4.9054e-04 -1.0766e-05 0.05669 2.64358e-02 5.40097e-02 1.11783e-01 0.00000e+00
1.000382 1.49501110e-01 1.76048891e-01 3.25550000e-01 8.49889139e-04 1.72990589e+00 3.88414965e+00 1.12281111e-02 1.177576e+00 2.245295e+00 8.264151e+00 6.053486e+00 4.478350e-01 8.8034e-04 1.4067e-03 -3.8715e-06 0.06109 2.39041e-02 5.10940e-02 1.14575e-01 0.00000e+00
1.250477 1.58490998e-01 1.80791615e-01 3.39282613e-01 1.99034273e-03 2.82922325e+00 5.75769919e+00 1.71738449e-02 1.140706e+00 2.035081e+00 1.883477e+01 1.110634e+01 4.913791e-01 2.1398e-03 4.9489e-03 +6.9413e-06 0.06724 2.47619e-02 5.84559e-02 1.36111e-01 0.00000e+00
1.500572 1.68390426e-01 1.80921480e-01 3.49311905e-01 3.87070072e-03 4.63502624e+00 9.33686447e+00 2.79437814e-02 1.074417e+00 2.014415e+00 3.560948e+01 2.193420e+01 5.681359e-01 6.2511e-03 1.1206e-02 +1.4044e-05 0.07274 3.08888e-02 7.48537e-02 1.48267e-01 0.00000e+00
1.750668 1.76690315e-01 1.78369788e-01 3.55060103e-01 6.61886285e-03 6.93577121e+00 1.50120693e+01 4.38956811e-02 1.009505e+00 2.164441e+00 4.632096e+01 2.878962e+01 4.773974e-01 1.1317e-02 1.4965e-02 +1.2286e-05 0.07134 3.35178e-02 7.65622e-02 1.40633e-01 0.00000e+00
2.000763 1.84052218e-01 1.72433256e-01 3.56485473e-01 1.03584623e-02 8.92900091e+00 1.92081132e+01 5.62742283e-02 9.368714e-01 2.151205e+00 5.681264e+01 2.767160e+01 3.846924e-01 1.4047e-02 1.7943e-02 +3.5538e-06 0.07254 3.35488e-02 7.42065e-02 1.55130e-01 0.00000e+00
2.250859 1.92501563e-01 1.62869907e-01 3.55371470e-01 1.47002169e-02 1.04836976e+01 2.00352437e+01 6.10378826e-02 8.460706e-01 1.911086e+00 5.478488e+01 3.047411e+01 3.964527e-01 1.3070e-02 2.1560e-02 -4.7419e-06 0.06529 3.11842e-02 7.22378e-02 2.22695e-01 0.00000e+00
2.500954 2.00859830e-01 1.52431501e-01 3.53291332e-01 1.87553612e-02 1.17916768e+01 2.00893510e+01 6.37620556e-02 7.588949e-01 1.703689e+00 5.261320e+01 2.789399e+01 3.355596e-01 1.1412e-02 2.3049e-02 -6.3040e-06 0.06659 2.54845e-02 8.89854e-02 2.37555e-01 0.00000e+00
2.751050 2.06035630e-01 1.44123637e-01 3.50159268e-01 2.20621648e-02 1.27047427e+01 2.17403527e+01 6.88901907e-02 6.995083e-01 1.711200e+00 4.930183e+01 2.645535e+01 2.886024e-01 1.1665e-02 2.2310e-02 -3.2498e-06 0.07009 2.76248e-02 1.11083e-01 2.27174e-01 0.00000e+00
3.001145 2.07770497e-01 1.37087091e-01 3.44857588e-01 2.45864082e-02 1.31584332e+01 2.43842388e+01 7.50853440e-02 6.598006e-01 1.853126e+00 4.743013e+01 2.930421e+01 2.216486e-01 1.4935e-02 2.0604e-02 +9.8191e-07 0.07393 3.89195e-02 1.14816e-01 2.17267e-01 0.00000e+00
3.251240 2.08588014e-01 1.28746916e-01 3.37334929e-01 2.64224299e-02 1.38280919e+01 2.51597787e+01 7.79757412e-02 6.172307e-01 1.819469e+00 4.564245e+01 3.721526e+01 2.362952e-01 1.7618e-02 2.0587e-02 +2.6066e-06 0.07465 4.25031e-02 1.11382e-01 2.12080e-01 0.00000e+00
3.501336 2.08629513e-01 1.20005070e-01 3.28634584e-01 2.79097375e-02 1.45439932e+01 2.42482930e+01 7.75845725e-02 5.752066e-01 1.667238e+00 5.622864e+01 5.871342e+01 3.037939e-01 1.7332e-02 1.7143e-02 +1.4711e-07 0.07237 4.51813e-02 1.15287e-01 2.27111e-01 0.00000e+00
3.751431 2.06641299e-01 1.12269069e-01 3.18910368e-01 3.00748656e-02 1.47889043e+01 2.33200280e+01 7.62178645e-02 5.433041e-01 1.576860e+00 6.064870e+01 6.117172e+01 3.312329e-01 1.5320e-02 1.6162e-02 -1.2477e-06 0.07093 5.61499e-02 1.31860e-01 2.45455e-01 0.00000e+00
4.001527 2.01746976e-01 1.07047150e-01 3.08794126e-01 3.34021447e-02 1.47124363e+01 2.20573891e+01 7.35396508e-02 5.306010e-01 1.499234e+00 6.179554e+01 2.615627e+01 2.765705e-01 1.4987e-02 1.7164e-02 -2.5144e-07 0.07136 6.62140e-02 1.42338e-01 2.42238e-01 0.00000e+00
4.251622 1.94423289e-01 1.03962593e-01 2.98385883e-01 3.69827051e-02 1.47066502e+01 2.26205738e+01 7.46544478e-02 5.347229e-01 1.538119e+00 6.395323e+01 2.358369e+01 3.038999e-01 1.3786e-02 1.7866e-02 +4.0898e-06 0.07373 8.58490e-02 1.67612e-01 2.73560e-01 0.00000e+00
4.501717 1.85563194e-01 1.01259826e-01 2.86823020e-01 4.03190944e-02 1.52088516e+01 2.40944078e+01 7.86065188e-02 5.456892e-01 1.584236e+00 6.624594e+01 2.591022e+01 3.159755e-01 1.4580e-02 1.8684e-02 +7.9477e-06 0.07773 7.13758e-02 1.59026e-01 2.78876e-01 0.00000e+00
4.751813 1.76189989e-01 9.82489720e-02 2.74438961e-01 4.31451417e-02 1.60443034e+01 2.44814198e+01 8.10514462e-02 5.576308e-01 1.525864e+00 5.726237e+01 3.862891e+01 3.603678e-01 1.7254e-02 2.2857e-02 +8.1508e-06 0.06791 5.91282e-02 1.28404e-01 2.59822e-01 0.00000e+00
5.001908 1.66871468e-01 9.48175538e-02 2.61689022e-01 4.47842161e-02 1.64096656e+01 2.44773605e+01 8.17740523e-02 5.682071e-01 1.491643e+00 6.800551e+01 4.906053e+01 4.786697e-01 1.8368e-02 2.7895e-02 +4.3779e-06 0.06602 5.21344e-02 1.21335e-01 2.59514e-01 0.00000e+00
5.252004 1.59052219e-01 9.00456844e-02 2.49097904e-01 4.54164123e-02 1.58334238e+01 2.51170132e+01 8.19008739e-02 5.661391e-01 1.586329e+00 5.817878e+01 2.897377e+01 3.773022e-01 1.6727e-02 1.9821e-02 -4.6802e-07 0.06776 4.74895e-02 1.21616e-01 2.70781e-01 0.00000e+00
5.502099 1.53546702e-01 8.42753035e-02 2.37822006e-01 4.53484445e-02 1.46644254e+01 2.19196930e+01 7.31682369e-02 5.488578e-01 1.494753e+00 5.097519e+01 3.825486e+01 4.269053e-01 1.5900e-02 2.0273e-02 -3.2862e-06 0.06903 4.88550e-02 1.21263e-01 2.66290e-01 0.00000e+00
5.752195 1.48699385e-01 8.07119214e-02 2.29411306e-01 4.49239335e-02 1.33458686e+01 1.91008131e+01 6.48933634e-02 5.427858e-01 1.431215e+00 4.618120e+01 3.592921e+01 4.132698e-01 1.4530e-02 3.0139e-02 -2.6292e-06 0.06440 4.71268e-02 1.15142e-01 2.47051e-01 0.00000e+00
6.002290 1.43937344e-01 7.89190692e-02 2.22856413e-01 4.46817317e-02 1.22444272e+01 1.78876375e+01 6.02641294e-02 5.482877e-01 1.460880e+00 3.074735e+01 2.859823e+01 3.766597e-01 1.2837e-02 2.1723e-02 -3.2413e-07 0.06355 4.06993e-02 9.93881e-02 2.22412e-01 0.00000e+00
6.252385 1.39446738e-01 7.81566853e-02 2.17603423e-01 4.45905998e-02 1.11032425e+01 1.72416532e+01 5.66897914e-02 5.604770e-01 1.552848e+00 3.038069e+01 2.524939e+01 3.873738e-01 1.2722e-02 2.1377e-02 +1.3171e-06 0.05857 3.46847e-02 8.65523e-02 2.04802e-01 0.00000e+00
6.502481 1.35615956e-01 7.76555489e-02 2.13271505e-01 4.44612640e-02 1.02361195e+01 1.71980389e+01 5.48683170e-02 5.726137e-01 1.680133e+00 4.043301e+01 1.892956e+01 3.621515e-01 1.3049e-02 1.9565e-02 +1.1783e-06 0.06173 3.08745e-02 7.94333e-02 1.90846e-01 0.00000e+00
6.752576 1.32664327e-01 7.69420375e-02 2.09606365e-01 4.43895412e-02 9.96431688e+00 1.62186237e+01 5.23658811e-02 5.799753e-01 1.627670e+00 3.567297e+01 2.086555e+01 3.706691e-01 1.2958e-02 1.8909e-02 +2.6333e-07 0.06232 2.90455e-02 8.10380e-02 1.86432e-01 0.00000e+00
7.002672 1.30315391e-01 7.65017786e-02 2.06817169e-01 4.46365053e-02 9.69086361e+00 1.52363996e+01 4.98545264e-02 5.870510e-01 1.572244e+00 4.025221e+01 2.101101e+01 3.796098e-01 1.2026e-02 1.9026e-02 +7.5004e-07 0.06454 3.26086e-02 8.75519e-02 1.85251e-01 0.00000e+00
7.252767 1.28790340e-01 7.61754578e-02 2.04965798e-01 4.52947576e-02 9.26798890e+00 1.45349864e+01 4.76059507e-02 5.914687e-01 1.568300e+00 4.193281e+01 1.873048e+01 3.483353e-01 1.1625e-02 1.9203e-02 +3.9166e-06 0.05773 3.36311e-02 8.75335e-02 1.74994e-01 0.00000e+00
7.502862 1.28101859e-01 7.60729248e-02 2.04174784e-01 4.63121720e-02 8.88675708e+00 1.37424339e+01 4.52583819e-02 5.938472e-01 1.546395e+00 4.417581e+01 1.891437e+01 2.903847e-01 1.1148e-02 1.5865e-02 +8.2025e-06 0.05768 3.11534e-02 8.12899e-02 1.62796e-01 0.00000e+00
7.752958 1.28339985e-01 7.60390578e-02 2.04379043e-01 4.77425125e-02 8.57815320e+00 1.32989630e+01 4.37542324e-02 5.924814e-01 1.550329e+00 3.804645e+01 1.958522e+01 2.480706e-01 1.0505e-02 1.5347e-02 +1.1123e-05 0.05639 2.82646e-02 7.31705e-02 1.49258e-01 0.00000e+00
8.003053 1.29389709e-01 7.58384130e-02 2.05228122e-01 4.93788739e-02 8.51359827e+00 1.31877634e+01 4.34027233e-02 5.861240e-01 1.549023e+00 3.099043e+01 2.179447e+01 2.109559e-01 9.5124e-03 1.4053e-02 +1.1284e-05 0.05850 2.62747e-02 6.80569e-02 1.41485e-01 0.00000e+00
8.253149 1.30176040e-01 7.61333025e-02 2.06309343e-01 5.07792585e-02 8.55564647e+00 1.34421011e+01 4.39954951e-02 5.848488e-01 1.571138e+00 3.383245e+01 2.065832e+01 2.230222e-01 9.1623e-03 1.4963e-02 +9.2275e-06 0.05915 2.57550e-02 6.51256e-02 1.37462e-01 0.00000e+00
8.503244 1.30323341e-01 7.69840448e-02 2.07307386e-01 5.18637971e-02 8.57220783e+00 1.36785990e+01 4.45016136e-02 5.907157e-01 1.595691e+00 3.349703e+01 2.082356e+01 1.962390e-01 9.6251e-03 1.8031e-02 +6.5615e-06 0.05881 2.46096e-02 5.92031e-02 1.28964e-01 0.00000e+00
8.753340 1.30364085e-01 7.78031822e-02 2.08167267e-01 5.28667074e-02 8.55786977e+00 1.32823304e+01 4.36804004e-02 5.968145e-01 1.552060e+00 3.419448e+01 2.224989e+01 1.551518e-01 1.0829e-02 2.2432e-02 +4.7623e-06 0.05919 2.10406e-02 5.41292e-02 1.22015e-01 0.00000e+00
9.003435 1.31326821e-01 7.75587500e-02 2.08885571e-01 5.39631708e-02 8.57386029e+00 1.23309368e+01 4.18095941e-02 5.905781e-01 1.438201e+00 3.150709e+01 2.228403e+01 1.607544e-01 1.1573e-02 2.7723e-02 +4.1431e-06 0.05770 2.05463e-02 5.40652e-02 1.23599e-01 0.00000e+00
9.253530 1.33103932e-01 7.62435379e-02 2.09347470e-01 5.52275914e-02 8.41873052e+00 1.15959422e+01 4.00293455e-02 5.728121e-01 1.377398e+00 3.509287e+01 2.316129e+01 1.524409e-01 1.0534e-02 2.0564e-02 +4.0902e-06 0.05555 2.36497e-02 6.36839e-02 1.35423e-01 0.00000e+00
9.503626 1.34777294e-01 7.46134034e-02 2.09390697e-01 5.66815493e-02 8.19158375e+00 1.13828316e+01 3.91488306e-02 5.536051e-01 1.389576e+00 4.695673e+01 2.188339e+01 1.879204e-01 1.0231e-02 1.7104e-02 +3.9039e-06 0.05923 3.16680e-02 8.42750e-02 1.59046e-01 0.00000e+00
9.753721 1.36216285e-01 7.27993017e-02 2.09015587e-01 5.81968659e-02 7.82782772e+00 1.12133634e+01 3.80823822e-02 5.344390e-01 1.432500e+00 5.599987e+01 2.454006e+01 2.472301e-01 1.1047e-02 1.6528e-02 +3.7498e-06 0.05955 4.52068e-02 1.00611e-01 1.77234e-01 0.00000e+00
10.003817 1.37866468e-01 7.09896172e-02 2.08856086e-01 5.95874308e-02 7.38576888e+00 1.03258394e+01 3.54232166e-02 5.149158e-01 1.398072e+00 4.472088e+01 2.012314e+01 2.836891e-01 1.0899e-02 1.5129e-02 +4.3822e-06 0.05880 3.99197e-02 9.34664e-02 1.71470e-01 0.00000e+00
10.253912 1.39603369e-01 6.98112678e-02 2.09414637e-01 6.08455572e-02 7.15893589e+00 9.66509002e+00 3.36480518e-02 5.000686e-01 1.350074e+00 3.399003e+01 1.747595e+01 2.535749e-01 9.9732e-03 1.5038e-02 +5.7800e-06 0.06100 3.53961e-02 8.68248e-02 1.73188e-01 0.00000e+00
10.504007 1.40997704e-01 6.95564752e-02 2.10554179e-01 6.20240582e-02 7.16722105e+00 9.47100512e+00 3.32764523e-02 4.933164e-01 1.321433e+00 2.938763e+01 1.582289e+01 1.749123e-01 9.2986e-03 1.6223e-02 +8.0075e-06 0.06501 3.44191e-02 8.62184e-02 1.73652e-01 0.00000e+00
10.754103 1.41367306e-01 7.06482551e-02 2.12015561e-01 6.32799895e-02 7.30579743e+00 9.78047418e+00 3.41725432e-02 4.997496e-01 1.338728e+00 3.000554e+01 1.805516e+01 2.154107e-01 8.8108e-03 1.5545e-02 +9.8291e-06 0.06981 3.64160e-02 8.79676e-02 1.65128e-01 0.00000e+00
11.004198 1.40814822e-01 7.26867210e-02 2.13501543e-01 6.47881037e-02 7.44920824e+00 1.06678402e+01 3.62340969e-02 5.161866e-01 1.432077e+00 2.814904e+01 1.849244e+01 2.541994e-01 8.9222e-03 1.5919e-02 +1.0084e-05 0.07468 3.71595e-02 8.23277e-02 1.52552e-01 0.00000e+00
11.254294 1.40252960e-01 7.46380128e-02 2.14890973e-01 6.65606305e-02 7.62812376e+00 1.14863160e+01 3.82288795e-02 5.321671e-01 1.505785e+00 2.781515e+01 1.567978e+01 2.814454e-01 9.1617e-03 1.8098e-02 +8.7516e-06 0.07945 3.12455e-02 7.24589e-02 1.39509e-01 0.00000e+00
11.504389 1.40201356e-01 7.62301890e-02 2.16431546e-01 6.84690025e-02 7.88107933e+00 1.18182974e+01 3.93987535e-02 5.437193e-01 1.499579e+00 3.517159e+01 1.775878e+01 3.035294e-01 1.0986e-02 1.7540e-02 +6.7480e-06 0.08169 2.64555e-02 6.59924e-02 1.31806e-01 0.00000e+00
11.754485 1.40440590e-01 7.78221803e-02 2.18262770e-01 7.03865227e-02 8.31999143e+00 1.19820724e+01 4.06041276e-02 5.541288e-01 1.440154e+00 3.045814e+01 1.864616e+01 2.894285e-01 1.1024e-02 1.5147e-02 +5.0633e-06 0.08094 2.45329e-02 6.16713e-02 1.26039e-01 0.00000e+00
12.004580 1.40693168e-01 7.94387675e-02 2.20131936e-01 7.23735474e-02 8.73161084e+00 1.21825242e+01 4.18282701e-02 5.646242e-01 1.395221e+00 2.760718e+01 2.037808e+01 2.507907e-01 1.0793e-02 1.6093e-02 +4.2613e-06 0.07846 2.31452e-02 5.80715e-02 1.21764e-01 0.00000e+00
12.254675 1.40734757e-01 8.11921004e-02 2.21926857e-01 7.43424473e-02 8.84634314e+00 1.21901298e+01 4.20729460e-02 5.769158e-01 1.377985e+00 2.424858e+01 1.735923e+01 2.168170e-01 1.1194e-02 1.7051e-02 +4.1979e-06 0.07241 2.31012e-02 5.73330e-02 1.20292e-01 0.00000e+00
12.504771 1.40519606e-01 8.31068315e-02 2.23626438e-01 7.61786528e-02 8.72672784e+00 1.20959182e+01 4.16452921e-02 5.914252e-01 1.386077e+00 2.159408e+01 1.671167e+01 1.845917e-01 1.0365e-02 1.5727e-02 +4.5788e-06 0.06268 2.33859e-02 5.75268e-02 1.22081e-01 0.00000e+00
12.754866 1.40721689e-01 8.43739693e-02 2.25095658e-01 7.76024245e-02 8.59837326e+00 1.20302171e+01 4.12571808e-02 5.995804e-01 1.399127e+00 2.235863e+01 1.782904e+01 1.688816e-01 9.6554e-03 1.6874e-02 +5.0348e-06 0.06180 2.36485e-02 6.04293e-02 1.34740e-01 0.00000e+00
13.004962 1.41508788e-01 8.46274342e-02 2.26136222e-01 7.84794232e-02 8.65761703e+00 1.19593646e+01 4.12339633e-02 5.980366e-01 1.381369e+00 2.438037e+01 1.806991e+01 1.528483e-01 9.4019e-03 1.6592e-02 +5.4752e-06 0.06452 2.62772e-02 6.93202e-02 1.70618e-01 0.00000e+00
13.255057 1.42308939e-01 8.41799149e-02 2.26488854e-01 7.88679198e-02 8.78164536e+00 1.19432177e+01 4.14497260e-02 5.915294e-01 1.360020e+00 2.683216e+01 1.638008e+01 1.797824e-01 9.1226e-03 1.4044e-02 +5.6440e-06 0.06607 2.93783e-02 8.89942e-02 1.88330e-01 0.00000e+00
13.505152 1.42541965e-01 8.34764099e-02 2.26018375e-01 7.87021821e-02 8.94183098e+00 1.23909053e+01 4.26654725e-02 5.856269e-01 1.385723e+00 2.884174e+01 1.580550e+01 2.934521e-01 9.4589e-03 1.4055e-02 +5.7100e-06 0.06655 3.78180e-02 1.09437e-01 1.97178e-01 0.00000e+00
13.755248 1.42353981e-01 8.21370449e-02 2.24491026e-01 7.78144488e-02 9.19376155e+00 1.32769308e+01 4.49413846e-02 5.769916e-01 1.444124e+00 2.988263e+01 1.936556e+01 3.950986e-01 1.0053e-02 1.3186e-02 +6.4442e-06 0.06568 5.14323e-02 1.27588e-01 2.11839e-01 0.00000e+00
14.005343 1.42063425e-01 7.99119555e-02 2.21975380e-01 7.62071493e-02 9.57396364e+00 1.34002765e+01 4.59484804e-02 5.625090e-01 1.399658e+00 3.788110e+01 2.342186e+01 4.347386e-01 1.2300e-02 1.7983e-02 +7.5972e-06 0.06338 5.59053e-02 1.29044e-01 2.12723e-01 0.00000e+00
14.255439 1.41293838e-01 7.79669001e-02 2.19260738e-01 7.39867641e-02 9.77315285e+00 1.28430805e+01 4.52324667e-02 5.518068e-01 1.314118e+00 3.532787e+01 2.363150e+01 3.977705e-01 1.2873e-02 2.0241e-02 +7.7596e-06 0.06264 5.08118e-02 1.17880e-01 1.99028e-01 0.00000e+00
14.505534 1.39674023e-01 7.72671094e-02 2.16941132e-01 7.12793173e-02 9.75610865e+00 1.26338475e+01 4.47799124e-02 5.531960e-01 1.294968e+00 3.245844e+01 2.021747e+01 3.925484e-01 1.2131e-02 1.8887e-02 +6.9398e-06 0.06111 4.77126e-02 1.09133e-01 1.94379e-01 0.00000e+00
14.755629 1.36979058e-01 7.81278925e-02 2.15106950e-01 6.83775290e-02 9.65558305e+00 1.28510640e+01 4.50132942e-02 5.703638e-01 1.330946e+00 3.078252e+01 2.219751e+01 3.981987e-01 1.1516e-02 1.8557e-02 +5.5180e-06 0.05917 4.32594e-02 9.99484e-02 1.89010e-01 0.00000e+00
15.005725 1.33524272e-01 8.03707320e-02 2.13895004e-01 6.56394731e-02 9.48765949e+00 1.31771817e+01 4.53296823e-02 6.019185e-01 1.388876e+00 3.315434e+01 2.084271e+01 3.750802e-01 1.0909e-02 1.7295e-02 +3.8297e-06 0.05725 3.97546e-02 9.65400e-02 1.86560e-01 0.00000e+00
15.255820 1.29950556e-01 8.34870543e-02 2.13437610e-01 6.32758340e-02 9.40570269e+00 1.34041233e+01 4.56196519e-02 6.424525e-01 1.425106e+00 3.642812e+01 1.982569e+01 3.300499e-01 1.0082e-02 1.6413e-02 +2.4872e-06 0.05557 3.87326e-02 9.82947e-02 1.86514e-01 0.00000e+00
15.505916 1.26812514e-01 8.68759299e-02 2.13688444e-01 6.13357973e-02 9.30949278e+00 1.36274286e+01 4.58738427e-02 6.850738e-01 1.463821e+00 3.953555e+01 1.951700e+01 2.775775e-01 9.8412e-03 1.5187e-02 +2.1249e-06 0.05353 3.75856e-02 9.76129e-02 1.80394e-01 0.00000e+00
15.756011 1.24380110e-01 9.01655244e-02 2.14545635e-01 5.97492432e-02 9.32449046e+00 1.36287354e+01 4.59064518e-02 7.249192e-01 1.461606e+00 3.438819e+01 2.186859e+01 2.146570e-01 9.5894e-03 1.3903e-02 +2.6879e-06 0.05574 3.47112e-02 8.89063e-02 1.66345e-01 0.00000e+00
16.006107 1.22191459e-01 9.36525263e-02 2.15843985e-01 5.83801204e-02 9.48120437e+00 1.35652267e+01 4.60928622e-02 7.664409e-01 1.430749e+00 4.066501e+01 2.087774e+01 1.983665e-01 9.5725e-03 1.4565e-02 +3.4980e-06 0.05655 3.13823e-02 7.89646e-02 1.47877e-01 0.00000e+00
16.256202 1.19778916e-01 9.73741514e-02 2.17153067e-01 5.72564952e-02 9.50229813e+00 1.37671393e+01 4.65388748e-02 8.129490e-01 1.448822e+00 5.027770e+01 2.292189e+01 1.962544e-01 9.9885e-03 1.6730e-02 +4.3028e-06 0.06053 2.75333e-02 6.91654e-02 1.31264e-01 0.00000e+00
16.506297 1.17694461e-01 1.00336399e-01 2.18030860e-01 5.65605534e-02 9.42293923e+00 1.39260665e+01 4.66980114e-02 8.525159e-01 1.477890e+00 5.419793e+01 2.235015e+01 2.281191e-01 1.0265e-02 1.7043e-02 +5.0563e-06 0.06157 2.57274e-02 6.52018e-02 1.28713e-01 0.00000e+00
16.756393 1.16676036e-01 1.01592665e-01 2.18268701e-01 5.64289142e-02 9.42997470e+00 1.36807045e+01 4.62213584e-02 8.707243e-01 1.450768e+00 4.713207e+01 2.174139e+01 2.935539e-01 1.0781e-02 1.7132e-02 +5.6949e-06 0.05751 2.86763e-02 7.08715e-02 1.40451e-01 0.00000e+00
17.006488 1.16455057e-01 1.01450677e-01 2.17905734e-01 5.69220691e-02 9.46909436e+00 1.33110580e+01 4.55603047e-02 8.711573e-01 1.405737e+00 3.776873e+01 2.292447e+01 3.377710e-01 1.0873e-02 1.8666e-02 +5.6866e-06 0.05624 3.22118e-02 7.87745e-02 1.60170e-01 0.00000e+00
17.256584 1.16087030e-01 1.00780071e-01 2.16867101e-01 5.79525856e-02 9.58949128e+00 1.36637776e+01 4.65065378e-02 8.681424e-01 1.424870e+00 3.825631e+01 2.481623e+01 2.342236e-01 9.7079e-03 1.7429e-02 +4.3763e-06 0.05876 3.91999e-02 9.72080e-02 1.90709e-01 0.00000e+00
17.506679 1.15046681e-01 9.98710994e-02 2.14917780e-01 5.92621039e-02 9.61925593e+00 1.47036491e+01 4.86458100e-02 8.680920e-01 1.528564e+00 4.172695e+01 2.360584e+01 1.150334e-01 9.0973e-03 1.6237e-02 +2.5557e-06 0.06054 4.81124e-02 1.17526e-01 2.16674e-01 0.00000e+00
17.756774 1.13390784e-01 9.87414497e-02 2.12132234e-01 6.03775506e-02 9.60968549e+00 1.56509261e+01 5.05212232e-02 8.708067e-01 1.628662e+00 4.099821e+01 2.316533e+01 1.017625e-01 1.0190e-02 1.5613e-02 +1.3365e-06 0.05740 5.01892e-02 1.28354e-01 2.33608e-01 0.00000e+00
18.006870 1.11376359e-01 9.75462946e-02 2.08922654e-01 6.08664189e-02 9.55559392e+00 1.57968917e+01 5.07049712e-02 8.758258e-01 1.653156e+00 4.388992e+01 2.934714e+01 1.891912e-01 1.2276e-02 1.6573e-02 +8.2295e-07 0.05682 5.09793e-02 1.30695e-01 2.47878e-01 0.00000e+00
18.256965 1.09396474e-01 9.65083616e-02 2.05904836e-01 6.06667711e-02 9.43572497e+00 1.53446570e+01 4.95607640e-02 8.821890e-01 1.626230e+00 4.335201e+01 2.239738e+01 3.088837e-01 1.1514e-02 1.4968e-02 +8.4533e-07 0.06087 5.02939e-02 1.23540e-01 2.46841e-01 0.00000e+00
18.507061 1.07550129e-01 9.57892413e-02 2.03339371e-01 5.99949161e-02 9.38272924e+00 1.53786764e+01 4.95228113e-02 8.906474e-01 1.639041e+00 4.618190e+01 2.415982e+01 2.663944e-01 1.1046e-02 1.5901e-02 +9.9154e-07 0.06257 4.56185e-02 1.13209e-01 2.21143e-01 0.00000e+00
18.757156 1.05566052e-01 9.57504084e-02 2.01316460e-01 5.90136405e-02 9.47869459e+00 1.47097264e+01 4.83768419e-02 9.070189e-01 1.551873e+00 3.459222e+01 2.530932e+01 1.611978e-01 1.3260e-02 1.7880e-02 +1.2038e-06 0.06221 3.77586e-02 9.97546e-02 1.86942e-01 0.00000e+00
19.007252 1.03470236e-01 9.67886905e-02 2.00258926e-01 5.77237817e-02 9.31898872e+00 1.42758818e+01 4.71897410e-02 9.354254e-01 1.531913e+00 3.746753e+01 2.567755e+01 1.994747e-01 1.0881e-02 1.6858e-02 +1.6507e-06 0.06234 3.33078e-02 9.12219e-02 1.70601e-01 0.00000e+00
19.257347 1.01777476e-01 9.81459174e-02 1.99923393e-01 5.62347668e-02 9.12992373e+00 1.43762192e+01 4.70122859e-02 9.643186e-01 1.574626e+00 3.712027e+01 2.339202e+01 2.416263e-01 1.0863e-02 1.7572e-02 +2.4292e-06 0.05990 3.06575e-02 8.66162e-02 1.60200e-01 0.00000e+00
19.507442 1.00866094e-01 9.91262563e-02 1.99992350e-01 5.46556282e-02 9.04392170e+00 1.42958137e+01 4.66794708e-02 9.827510e-01 1.580710e+00 4.491646e+01 1.964017e+01 1.438508e-01 1.0884e-02 1.6326e-02 +3.6464e-06 0.06021 3.02542e-02 8.30973e-02 1.51907e-01 0.00000e+00
19.757538 1.00383894e-01 1.00133757e-01 2.00517651e-01 5.31793322e-02 8.86053911e+00 1.37491361e+01 4.52193505e-02 9.975082e-01 1.551727e+00 4.153129e+01 2.213582e+01 5.832499e-02 1.0928e-02 1.5440e-02 +5.1408e-06 0.06029 2.93895e-02 8.06492e-02 1.48350e-01 0.00000e+00
20.007633 9.96817449e-02 1.01846696e-01 2.01528441e-01 5.19780172e-02 8.46938224e+00 1.32466128e+01 4.34319900e-02 1.021719e+00 1.564059e+00 3.022870e+01 2.214197e+01 4.457388e-02 1.0202e-02 1.5268e-02 +6.1670e-06 0.05938 2.99073e-02 8.08598e-02 1.50231e-01 0.00000e+00
20.257729 9.88920708e-02 1.04055007e-01 2.02947078e-01 5.10654659e-02 8.10632245e+00 1.25598052e+01 4.13322553e-02 1.052208e+00 1.549384e+00 2.818063e+01 1.912521e+01 1.091399e-01 9.8338e-03 1.5943e-02 +6.4296e-06 0.05758 3.22601e-02 8.53228e-02 1.55811e-01 0.00000e+00
20.507824 9.86115340e-02 1.06281660e-01 2.04893194e-01 5.04480758e-02 7.85703602e+00 1.15637216e+01 3.88415153e-02 1.077781e+00 1.471766e+00 2.658993e+01 1.786569e+01 1.511866e-01 1.0234e-02 1.5128e-02 +6.1275e-06 0.05795 3.29055e-02 8.66944e-02 1.57246e-01 0.00000e+00
20.757919 9.90171900e-02 1.08292698e-01 2.07309888e-01 5.01090144e-02 7.83867656e+00 1.06732970e+01 3.70239471e-02 1.093676e+00 1.361620e+00 2.540364e+01 2.707931e+01 1.665840e-01 9.7295e-03 1.4459e-02 +5.4597e-06 0.05910 3.02996e-02 8.13625e-02 1.50040e-01 0.00000e+00
21.008015 9.95446042e-02 1.10243142e-01 2.09787746e-01 4.99514721e-02 7.68654668e+00 1.05765673e+01 3.65262279e-02 1.107475e+00 1.375984e+00 3.572203e+01 2.325772e+01 1.499007e-01 8.3514e-03 1.3980e-02 +4.6160e-06 0.05813 2.75603e-02 7.34116e-02 1.39244e-01 0.00000e+00
21.258110 9.95974520e-02 1.12231122e-01 2.11828573e-01 4.97104465e-02 7.54399353e+00 1.09252241e+01 3.69384354e-02 1.126847e+00 1.448202e+00 4.502973e+01 1.942211e+01 1.739401e-01 1.1009e-02 1.3160e-02 +3.8759e-06 0.05937 2.47117e-02 6.50068e-02 1.28194e-01 0.00000e+00
21.508206 9.89104418e-02 1.14287837e-01 2.13198279e-01 4.91239274e-02 7.69610061e+00 1.13788371e+01 3.81498754e-02 1.155468e+00 1.478520e+00 3.936544e+01 2.305819e+01 3.059653e-01 9.0102e-03 1.2335e-02 +3.4584e-06 0.05978 2.10586e-02 5.63056e-02 1.18548e-01 0.00000e+00
21.758301 9.85250194e-02 1.15011399e-01 2.13536418e-01 4.83240428e-02 8.16736188e+00 1.19898972e+01 4.03145182e-02 1.167332e+00 1.468026e+00 4.138127e+01 3.554228e+01 3.013352e-01 8.1956e-03 1.1533e-02 +3.4538e-06 0.05577 1.80731e-02 4.98711e-02 1.10207e-01 0.00000e+00
22.008397 9.94735082e-02 1.13618479e-01 2.13091987e-01 4.75132837e-02 8.47692729e+00 1.17698304e+01 4.04935153e-02 1.142198e+00 1.388455e+00 3.495775e+01 3.059217e+01 2.099957e-01 9.3024e-03 1.1529e-02 +3.9264e-06 0.05682 1.77663e-02 5.02443e-02 1.11951e-01 0.00000e+00
22.258492 1.01439458e-01 1.11102260e-01 2.12541719e-01 4.65718460e-02 8.49936273e+00 1.08931863e+01 3.87850980e-02 1.095257e+00 1.281647e+00 3.328302e+01 2.542775e+01 2.877063e-01 9.1144e-03 1.1581e-02 +4.7923e-06 0.05872 1.86194e-02 5.34630e-02 1.23441e-01 0.00000e+00
22.508587 1.03363472e-01 1.09081500e-01 2.12444972e-01 4.54560546e-02 8.22629680e+00 1.00758043e+01 3.66042022e-02 1.055320e+00 1.224829e+00 2.843952e+01 2.646358e+01 2.999993e-01 8.3577e-03 1.2505e-02 +5.8461e-06 0.05960 1.83302e-02 5.46919e-02 1.32125e-01 0.00000e+00
22.758683 1.04670662e-01 1.08310934e-01 2.12981596e-01 4.42062267e-02 7.84359781e+00 9.72097121e+00 3.51291380e-02 1.034778e+00 1.239351e+00 2.293650e+01 2.300324e+01 2.707276e-01 7.8217e-03 1.4595e-02 +6.8199e-06 0.05869 1.68663e-02 5.23675e-02 1.33096e-01 0.00000e+00
23.008778 1.05248103e-01 1.08937415e-01 2.14185518e-01 4.29092571e-02 7.41577668e+00 9.86199911e+00 3.45555516e-02 1.035053e+00 1.329867e+00 2.972100e+01 1.981318e+01 2.609756e-01 7.9703e-03 1.7391e-02 +7.4402e-06 0.05787 1.54574e-02 4.84603e-02 1.32547e-01 0.00000e+00
23.258874 1.05144444e-01 1.11076802e-01 2.16221247e-01 4.17134083e-02 7.01984892e+00 9.99807442e+00 3.40358467e-02 1.056421e+00 1.424258e+00 2.548199e+01 1.746340e+01 2.534465e-01 7.8015e-03 1.9472e-02 +7.4755e-06 0.05668 1.66064e-02 4.93286e-02 1.37276e-01 0.00000e+00
23.508969 1.04635505e-01 1.14603634e-01 2.19239140e-01 4.08060179e-02 6.65785651e+00 1.04097241e+01 3.41351612e-02 1.095265e+00 1.563525e+00 2.023706e+01 1.521537e+01 3.264477e-01 7.6886e-03 2.0243e-02 +6.9566e-06 0.05433 1.98313e-02 5.67287e-02 1.48499e-01 0.00000e+00
23.759064 1.03995924e-01 1.19016041e-01 2.23011965e-01 4.02074017e-02 6.42396265e+00 1.10978870e+01 3.50436993e-02 1.144430e+00 1.727577e+00 2.215220e+01 1.610797e+01 3.244336e-01 7.4652e-03 2.1388e-02 +5.9886e-06 0.05628 2.33159e-02 6.25966e-02 1.55795e-01 0.00000e+00
24.009160 1.03694485e-01 1.23566665e-01 2.27261149e-01 3.98702631e-02 6.39083342e+00 1.18482880e+01 3.64782429e-02 1.191642e+00 1.853950e+00 2.533705e+01 1.650656e+01 3.215469e-01 7.0832e-03 2.0068e-02 +5.0115e-06 0.05886 2.22720e-02 6.27683e-02 1.50613e-01 0.00000e+00
24.259255 1.03677466e-01 1.28092509e-01 2.31769975e-01 3.97282129e-02 6.49756648e+00 1.26372904e+01 3.82697138e-02 1.235490e+00 1.944927e+00 2.519584e+01 1.796827e+01 3.610811e-01 8.1248e-03 1.7614e-02 +4.3772e-06 0.05687 2.20918e-02 6.17498e-02 1.46149e-01 0.00000e+00
24.509351 1.04176190e-01 1.32300833e-01 2.36477023e-01 3.96580526e-02 6.69202911e+00 1.30773510e+01 3.95387602e-02 1.269972e+00 1.954168e+00 2.686137e+01 1.906137e+01 3.666044e-01 9.8895e-03 1.6585e-02 +3.9902e-06 0.05534 2.37402e-02 6.20623e-02 1.43976e-01 0.00000e+00
24.759446 1.05085557e-01 1.36337596e-01 2.41423153e-01 3.96229308e-02 6.89888057e+00 1.31801827e+01 4.01581266e-02 1.297396e+00 1.910481e+00 2.997221e+01 2.258963e+01 3.082611e-01 1.0218e-02 1.6607e-02 +3.8865e-06 0.05214 2.42708e-02 6.18484e-02 1.42993e-01 0.00000e+00
25.009542 1.05882911e-01 1.40542936e-01 2.46425847e-01 3.98059417e-02 6.90674638e+00 1.34002426e+01 4.06139779e-02 1.327343e+00 1.940167e+00 3.349415e+01 2.174582e+01 2.445376e-01 9.9248e-03 1.7060e-02 +4.1932e-06 0.05773 2.26794e-02 5.99652e-02 1.44237e-01 0.00000e+00
25.259637 1.06565367e-01 1.44631906e-01 2.51197273e-01 4.03947037e-02 6.92439038e+00 1.33330815e+01 4.05149438e-02 1.357213e+00 1.925524e+00 4.043564e+01 2.213147e+01 2.215272e-01 1.0059e-02 1.7471e-02 +4.9290e-06 0.06192 2.23813e-02 6.13774e-02 1.47450e-01 0.00000e+00
25.509732 1.07290092e-01 1.48248065e-01 2.55538157e-01 4.13857568e-02 6.97220944e+00 1.31134270e+01 4.01712728e-02 1.381750e+00 1.880814e+00 4.215216e+01 2.431738e+01 2.162704e-01 9.3759e-03 1.6318e-02 +6.0579e-06 0.06113 2.33939e-02 6.22630e-02 1.46726e-01 0.00000e+00
25.759828 1.08307844e-01 1.50911497e-01 2.59219341e-01 4.27132101e-02 6.91987666e+00 1.28354785e+01 3.95107103e-02 1.393357e+00 1.854871e+00 3.685767e+01 2.292237e+01 2.250110e-01 8.9406e-03 1.4103e-02 +7.4496e-06 0.05675 2.34779e-02 6.04887e-02 1.42670e-01 0.00000e+00
26.009923 1.09488825e-01 1.52542604e-01 2.62031429e-01 4.42739903e-02 6.73479241e+00 1.25271927e+01 3.85239702e-02 1.393225e+00 1.860071e+00 3.262730e+01 1.936808e+01 2.577172e-01 9.6223e-03 1.3012e-02 +8.6808e-06 0.05507 2.29448e-02 5.96236e-02 1.39675e-01 0.00000e+00
26.260019 1.10634632e-01 1.53091047e-01 2.63725679e-01 4.58644707e-02 6.54067989e+00 1.22153824e+01 3.75121245e-02 1.383753e+00 1.867601e+00 3.783882e+01 1.882610e+01 2.979991e-01 9.5232e-03 1.7260e-02 +9.5469e-06 0.05355 2.23261e-02 5.89010e-02 1.38840e-01 0.00000e+00
26.510114 1.11372598e-01 1.53008918e-01 2.64381516e-01 4.73545562e-02 6.36073807e+00 1.20158862e+01 3.67532485e-02 1.373847e+00 1.889071e+00 4.409128e+01 1.716900e+01 3.247004e-01 9.0679e-03 1.7490e-02 +9.9692e-06 0.05342 2.31566e-02 6.19936e-02 1.40239e-01 0.00000e+00
26.760209 1.11426422e-01 1.53012251e-01 2.64438673e-01 4.86929269e-02 6.25570136e+00 1.17425242e+01 3.59964511e-02 1.373213e+00 1.877092e+00 4.296143e+01 1.730560e+01 3.718843e-01 8.2702e-03 1.5331e-02 +9.5358e-06 0.05264 2.64570e-02 6.38382e-02 1.42311e-01 0.00000e+00
27.010305 1.10496036e-01 1.53976589e-01 2.64472625e-01 4.98966973e-02 6.08674242e+00 1.18559951e+01 3.58854751e-02 1.393503e+00 1.947839e+00 3.975893e+01 1.440922e+01 3.748650e-01 7.1463e-03 1.5602e-02 +6.7513e-06 0.05152 2.47713e-02 6.72382e-02 1.48482e-01 0.00000e+00
27.260400 1.09019834e-01 1.55657630e-01 2.64677464e-01 5.09811792e-02 5.83516242e+00 1.26900024e+01 3.70503296e-02 1.427792e+00 2.174747e+00 3.657554e+01 1.430881e+01 3.590240e-01 7.3758e-03 1.4831e-02 +3.2948e-06 0.05159 3.41096e-02 8.47326e-02 1.69055e-01 0.00000e+00
27.510496 1.08076780e-01 1.57262942e-01 2.65339722e-01 5.18869795e-02 5.76477714e+00 1.30390570e+01 3.76076682e-02 1.455104e+00 2.261849e+00 3.552621e+01 1.543040e+01 3.589985e-01 8.2970e-03 1.4181e-02 +1.4472e-06 0.05215 3.57031e-02 9.17646e-02 1.78494e-01 0.00000e+00
27.760591 1.08067993e-01 1.58851388e-01 2.66919381e-01 5.25725261e-02 5.80654854e+00 1.29639876e+01 3.75410723e-02 1.469921e+00 2.232649e+00 3.475211e+01 1.571890e+01 3.215782e-01 7.6338e-03 1.3186e-02 +1.2342e-06 0.05331 3.29722e-02 8.73673e-02 1.76491e-01 0.00000e+00
28.010686 1.08994583e-01 1.60486723e-01 2.69481306e-01 5.31275707e-02 5.93311486e+00 1.30240140e+01 3.79142577e-02 1.472428e+00 2.195139e+00 3.087134e+01 1.580487e+01 2.970091e-01 7.2730e-03 1.2532e-02 +1.9945e-06 0.05366 3.02488e-02 8.23490e-02 1.66701e-01 0.00000e+00
28.260782 1.10707931e-01 1.62108734e-01 2.72816665e-01 5.36995969e-02 6.09039185e+00 1.32607438e+01 3.87022713e-02 1.464292e+00 2.177322e+00 2.759704e+01 1.662956e+01 3.119733e-01 7.3438e-03 1.3331e-02 +3.2025e-06 0.05366 2.99597e-02 7.68148e-02 1.57764e-01 0.00000e+00
28.510877 1.12765608e-01 1.64073663e-01 2.76839270e-01 5.43858348e-02 6.32213108e+00 1.33909860e+01 3.94262342e-02 1.454997e+00 2.118113e+00 2.844467e+01 1.759145e+01 3.446100e-01 7.6893e-03 1.5031e-02 +4.5340e-06 0.05384 2.78052e-02 7.00725e-02 1.48515e-01 0.00000e+00
28.760973 1.14256229e-01 1.67314933e-01 2.81571161e-01 5.52771517e-02 6.59217111e+00 1.31285201e+01 3.94413824e-02 1.464383e+00 1.991532e+00 2.485518e+01 1.787556e+01 3.681034e-01 8.6384e-03 1.6505e-02 +5.7865e-06 0.05399 2.50374e-02 6.40928e-02 1.35543e-01 0.00000e+00
29.011068 1.14585731e-01 1.72323586e-01 2.86909317e-01 5.64171664e-02 6.87467902e+00 1.30004300e+01 3.97502181e-02 1.503883e+00 1.891060e+00 2.178824e+01 2.294460e+01 4.091062e-01 8.2250e-03 1.4948e-02 +6.9945e-06 0.05563 2.26390e-02 5.70979e-02 1.21384e-01 0.00000e+00
29.261164 1.14219323e-01 1.78156289e-01 2.92375612e-01 5.76637567e-02 7.28018926e+00 1.31462919e+01 4.08529624e-02 1.559774e+00 1.805762e+00 2.139529e+01 2.839149e+01 4.774192e-01 8.0712e-03 1.4094e-02 +8.0254e-06 0.05642 1.98482e-02 5.20719e-02 1.11851e-01 0.00000e+00
29.511259 1.13983425e-01 1.83442354e-01 2.97425779e-01 5.89247023e-02 7.61101113e+00 1.34113948e+01 4.20448118e-02 1.609377e+00 1.762104e+00 2.263920e+01 3.403744e+01 5.101063e-01 7.8762e-03 1.4511e-02 +8.7486e-06 0.05526 2.07935e-02 5.36312e-02 1.16095e-01 0.00000e+00
29.761354 1.14086794e-01 1.87632747e-01 3.01719541e-01 6.00766804e-02 7.63848532e+00 1.36069176e+01 4.24908059e-02 1.644649e+00 1.781363e+00 2.660169e+01 3.659103e+01 5.142182e-01 7.9059e-03 1.4783e-02 +9.1771e-06 0.05668 2.33597e-02 6.05365e-02 1.25560e-01 0.00000e+00
30.011450 1.14323875e-01 1.90574339e-01 3.04898214e-01 6.10802219e-02 7.54612894e+00 1.37145975e+01 4.25214528e-02 1.666969e+00 1.817435e+00 3.116828e+01 3.684784e+01 4.968038e-01 8.1843e-03 1.6824e-02 +9.2703e-06 0.05771 2.66307e-02 6.60998e-02 1.35918e-01 0.00000e+00
30.261545 1.14545502e-01 1.92027008e-01 3.06572509e-01 6.19681225e-02 7.41106437e+00 1.38987401e+01 4.26196089e-02 1.676426e+00 1.875404e+00 3.511360e+01 3.421868e+01 4.371831e-01 8.6846e-03 1.9969e-02 +8.9640e-06 0.05751 3.06612e-02 7.94960e-02 1.55966e-01 0.00000e+00
30.511641 1.14416922e-01 1.92152287e-01 3.06569208e-01 6.27942743e-02 7.39909236e+00 1.38825260e+01 4.25632368e-02 1.679404e+00 1.876247e+00 3.924269e+01 2.938026e+01 3.662276e-01 9.2027e-03 1.9866e-02 +7.9309e-06 0.05796 4.47138e-02 9.57237e-02 1.73825e-01 0.00000e+00
30.761736 1.13122901e-01 1.92191124e-01 3.05314025e-01 6.37651434e-02 7.50918079e+00 1.33687051e+01 4.17557718e-02 1.698959e+00 1.780315e+00 3.441456e+01 2.328532e+01 3.229449e-01 8.5822e-03 1.9958e-02 +4.9405e-06 0.07033 3.71014e-02 8.43725e-02 1.65776e-01 0.00000e+00
31.011831 1.10354363e-01 1.92690358e-01 3.03044721e-01 6.51085814e-02 7.39754603e+00 1.35638686e+01 4.19228293e-02 1.746105e+00 1.833563e+00 2.697923e+01 2.018749e+01 2.783430e-01 8.5864e-03 1.8673e-02 +1.8470e-06 0.07044 3.50934e-02 8.38859e-02 1.69424e-01 0.00000e+00
31.261927 1.06795027e-01 1.93124362e-01 2.99919389e-01 6.66806697e-02 7.29258255e+00 1.36627625e+01 4.19106901e-02 1.808365e+00 1.873515e+00 2.942132e+01 2.036994e+01 2.869991e-01 8.5877e-03 1.9572e-02 +4.6673e-07 0.06652 3.32734e-02 8.43365e-02 1.75962e-01 0.00000e+00
31.512022 1.03052687e-01 1.93213140e-01 2.96265827e-01 6.82655766e-02 7.09340600e+00 1.36133311e+01 4.14134742e-02 1.874897e+00 1.919153e+00 2.901781e+01 2.697464e+01 3.063130e-01 8.1681e-03 1.8342e-02 +5.0687e-07 0.06041 3.07376e-02 8.18345e-02 1.76311e-01 0.00000e+00
31.762118 1.00466199e-01 1.91843497e-01 2.92309696e-01 6.99483464e-02 6.82812766e+00 1.35980464e+01 4.08523480e-02 1.909533e+00 1.991475e+00 2.898403e+01 3.578366e+01 3.294087e-01 7.2493e-03 1.5991e-02 +1.1613e-06 0.05689 2.92447e-02 8.08033e-02 1.70482e-01 0.00000e+00
32.012213 1.00081177e-01 1.87959576e-01 2.88040753e-01 7.18636455e-02 6.70446651e+00 1.36621895e+01 4.07333120e-02 1.878071e+00 2.037774e+00 3.169832e+01 3.675175e+01 3.214457e-01 6.9569e-03 1.3789e-02 +1.8357e-06 0.05486 3.37417e-02 8.51713e-02 1.68635e-01 0.00000e+00
32.262309 1.01572773e-01 1.81984822e-01 2.83557595e-01 7.39397695e-02 6.61077383e+00 1.34831497e+01 4.01878470e-02 1.791669e+00 2.039572e+00 3.017809e+01 2.619271e+01 3.042530e-01 7.3314e-03 1.3488e-02 +2.5213e-06 0.05641 3.66980e-02 8.63110e-02 1.68259e-01 0.00000e+00
32.512404 1.03853637e-01 1.75382850e-01 2.79236488e-01 7.59932848e-02 6.52437645e+00 1.31649381e+01 3.93786291e-02 1.688750e+00 2.017808e+00 2.844248e+01 2.132274e+01 2.932453e-01 7.0247e-03 1.2865e-02 +3.0073e-06 0.05719 3.26153e-02 8.21075e-02 1.66904e-01 0.00000e+00
32.762499 1.05997188e-01 1.69399511e-01 2.75396699e-01 7.78679895e-02 6.44309040e+00 1.31397723e+01 3.91657255e-02 1.598151e+00 2.039359e+00 2.837679e+01 1.760806e+01 2.887027e-01 6.4616e-03 1.3391e-02 +3.1567e-06 0.05733 3.08775e-02 8.13764e-02 1.71731e-01 0.00000e+00
33.012595 1.07374842e-01 1.64963465e-01 2.72338307e-01 7.94715496e-02 6.45424106e+00 1.33220734e+01 3.95526290e-02 1.536333e+00 2.064081e+00 2.809762e+01 1.711288e+01 2.951761e-01 6.5636e-03 1.3909e-02 +3.2666e-06 0.05952 3.00158e-02 8.12395e-02 1.75538e-01 0.00000e+00
33.262690 1.07385829e-01 1.63000880e-01 2.70386709e-01 8.07876750e-02 6.43657809e+00 1.39593566e+01 4.07918693e-02 1.517899e+00 2.168754e+00 2.967514e+01 1.966627e+01 2.645946e-01 7.3081e-03 1.7982e-02 +3.5408e-06 0.06139 3.04778e-02 8.07649e-02 1.73000e-01 0.00000e+00
33.512786 1.06095783e-01 1.63475885e-01 2.69571668e-01 8.17152703e-02 6.36790176e+00 1.50744047e+01 4.28846129e-02 1.540833e+00 2.367248e+00 2.844288e+01 1.941086e+01 2.323708e-01 8.0999e-03 2.0520e-02 +3.9372e-06 0.05336 2.96323e-02 7.50521e-02 1.60076e-01 0.00000e+00
33.762881 1.04561851e-01 1.65223035e-01 2.69784886e-01 8.21308479e-02 6.41453685e+00 1.59954846e+01 4.48200429e-02 1.580146e+00 2.493630e+00 3.540185e+01 1.711059e+01 2.230871e-01 9.5616e-03 2.0208e-02 +4.1550e-06 0.05032 2.58731e-02 6.72320e-02 1.44816e-01 0.00000e+00
34.012976 1.03326196e-01 1.67513879e-01 2.70840075e-01 8.21523165e-02 6.57736013e+00 1.63243387e+01 4.58033977e-02 1.621214e+00 2.481898e+00 4.264220e+01 1.579782e+01 1.987798e-01 1.1294e-02 2.0221e-02 +4.2105e-06 0.05100 2.34946e-02 6.38770e-02 1.39644e-01 0.00000e+00
34.263072 1.01933395e-01 1.70676353e-01 2.72609748e-01 8.19574615e-02 6.69594678e+00 1.59035185e+01 4.51989306e-02 1.674391e+00 2.375096e+00 4.169666e+01 1.611950e+01 1.933742e-01 1.0494e-02 1.8622e-02 +4.2997e-06 0.05114 2.55762e-02 6.90276e-02 1.46204e-01 0.00000e+00
34.513167 9.99815919e-02 1.74981483e-01 2.74963075e-01 8.17208636e-02 6.66055282e+00 1.52626244e+01 4.38463544e-02 1.750137e+00 2.291495e+00 3.675637e+01 1.962325e+01 2.256102e-01 9.0824e-03 1.7805e-02 +4.5542e-06 0.05163 2.75010e-02 7.33531e-02 1.49165e-01 0.00000e+00
34.763263 9.76714035e-02 1.79964047e-01 2.77635450e-01 8.17268199e-02 6.58092379e+00 1.47510904e+01 4.26640283e-02 1.842546e+00 2.241492e+00 3.238188e+01 1.822983e+01 2.450058e-01 8.0184e-03 1.8299e-02 +4.9999e-06 0.05194 2.71363e-02 7.18667e-02 1.48245e-01 0.00000e+00
35.013358 9.55684844e-02 1.84716329e-01 2.80284814e-01 8.20069372e-02 6.57455342e+00 1.45793823e+01 4.23078713e-02 1.932816e+00 2.217547e+00 3.152118e+01 1.803352e+01 2.793505e-01 7.3894e-03 1.9279e-02 +5.3341e-06 0.05106 2.53609e-02 7.25615e-02 1.50846e-01 0.00000e+00
35.263454 9.42024446e-02 1.88173534e-01 2.82375979e-01 8.24827761e-02 6.88771993e+00 1.47094785e+01 4.31943968e-02 1.997544e+00 2.135609e+00 4.151927e+01 1.977720e+01 3.213278e-01 7.6966e-03 1.7453e-02 +5.2402e-06 0.04932 3.44431e-02 8.63330e-02 1.64656e-01 0.00000e+00
35.513549 9.32680031e-02 1.90410504e-01 2.83678507e-01 8.32274332e-02 7.21213815e+00 1.43556310e+01 4.31355384e-02 2.041542e+00 1.990482e+00 5.182195e+01 1.638658e+01 3.086099e-01 8.0404e-03 1.6990e-02 +5.0723e-06 0.05083 3.71301e-02 8.73809e-02 1.64806e-01 0.00000e+00
35.763644 9.21153272e-02 1.92408293e-01 2.84523620e-01 8.43849253e-02 7.29364653e+00 1.38067043e+01 4.22007016e-02 2.088776e+00 1.892977e+00 5.426910e+01 1.594486e+01 2.818074e-01 7.9447e-03 1.6006e-02 +4.3901e-06 0.05293 3.32262e-02 8.14403e-02 1.60943e-01 0.00000e+00
36.013740 9.02544001e-02 1.94631726e-01 2.84886126e-01 8.59404478e-02 7.13575345e+00 1.38143435e+01 4.19001940e-02 2.156479e+00 1.935933e+00 5.114333e+01 1.658718e+01 1.935474e-01 8.1264e-03 1.5933e-02 +3.3445e-06 0.05341 3.19541e-02 8.09081e-02 1.65814e-01 0.00000e+00
36.263835 8.81285679e-02 1.96459130e-01 2.84587698e-01 8.77430966e-02 6.86748041e+00 1.40036167e+01 4.17421942e-02 2.229233e+00 2.039120e+00 5.510026e+01 1.708005e+01 1.563481e-01 8.2980e-03 1.5423e-02 +2.5663e-06 0.05339 3.13483e-02 8.36703e-02 1.74862e-01 0.00000e+00
36.513931 8.64329413e-02 1.97203367e-01 2.83636308e-01 8.96928850e-02 6.60433369e+00 1.40431729e+01 4.12950133e-02 2.281576e+00 2.126357e+00 6.392773e+01 1.727919e+01 1.797990e-01 7.7723e-03 1.4929e-02 +2.2547e-06 0.05080 3.10102e-02 8.75084e-02 1.81265e-01 0.00000e+00
36.764026 8.52118142e-02 1.96944824e-01 2.82156638e-01 9.17429166e-02 6.32294903e+00 1.39491897e+01 4.05442774e-02 2.311238e+00 2.206121e+00 6.098728e+01 1.916700e+01 1.992047e-01 7.5668e-03 1.4507e-02 +2.3271e-06 0.04870 3.19447e-02 8.84844e-02 1.80900e-01 0.00000e+00
37.014121 8.44973482e-02 1.95806259e-01 2.80303607e-01 9.36656293e-02 6.03864338e+00 1.39091239e+01 3.98955346e-02 2.317307e+00 2.303352e+00 5.683050e+01 2.076891e+01 1.697042e-01 7.4532e-03 1.4156e-02 +2.6339e-06 0.05266 3.14259e-02 8.52124e-02 1.73164e-01 0.00000e+00
37.264217 8.45141973e-02 1.93661232e-01 2.78175429e-01 9.51401760e-02 5.87986585e+00 1.39760683e+01 3.97118683e-02 2.291464e+00 2.376937e+00 5.629740e+01 2.038094e+01 1.186662e-01 7.6337e-03 1.3570e-02 +3.0104e-06 0.05484 2.97005e-02 8.11534e-02 1.62215e-01 0.00000e+00
37.514312 8.53126828e-02 1.90523447e-01 2.75836129e-01 9.59409148e-02 5.83966571e+00 1.39970458e+01 3.96734230e-02 2.233237e+00 2.396892e+00 5.598880e+01 2.233682e+01 5.930203e-02 7.5423e-03 1.2977e-02 +3.4857e-06 0.05332 2.81782e-02 7.67932e-02 1.49651e-01 0.00000e+00
37.764408 8.67422865e-02 1.86704840e-01 2.73447126e-01 9.59985991e-02 5.88754210e+00 1.38917194e+01 3.95585230e-02 2.152409e+00 2.359511e+00 5.016612e+01 2.475274e+01 3.993014e-02 7.4665e-03 1.3114e-02 +4.0676e-06 0.05103 2.63532e-02 7.10841e-02 1.37645e-01 0.00000e+00
38.014503 8.80730691e-02 1.83248608e-01 2.71321677e-01 9.53622841e-02 5.88838376e+00 1.36133758e+01 3.90035191e-02 2.080643e+00 2.311904e+00 4.050091e+01 2.458175e+01 1.797753e-02 7.6568e-03 1.3498e-02 +4.6348e-06 0.04916 2.45376e-02 6.60211e-02 1.30112e-01 0.00000e+00
38.264599 8.87921747e-02 1.81082534e-01 2.69874709e-01 9.40501325e-02 5.75131718e+00 1.34584788e+01 3.84195920e-02 2.039397e+00 2.340069e+00 4.259603e+01 2.746610e+01 -1.972052e-02 7.9293e-03 1.3758e-02 +5.0875e-06 0.05132 2.37552e-02 6.33614e-02 1.26267e-01 0.00000e+00
38.514694 8.87719348e-02 1.80678367e-01 2.69450302e-01 9.22426451e-02 5.59504654e+00 1.32623920e+01 3.77148770e-02 2.035310e+00 2.370381e+00 3.248693e+01 2.019559e+01 6.350377e-02 7.5550e-03 1.3960e-02 +5.3737e-06 0.05358 2.37641e-02 6.11738e-02 1.24538e-01 0.00000e+00
38.764789 8.79221370e-02 1.82415624e-01 2.70337761e-01 9.01604283e-02 5.46495777e+00 1.31332823e+01 3.71964802e-02 2.074741e+00 2.403181e+00 2.926270e+01 1.730255e+01 1.499861e-01 7.1095e-03 1.3681e-02 +5.5292e-06 0.05810 2.31719e-02 5.90225e-02 1.23423e-01 0.00000e+00
39.014885 8.64561763e-02 1.86171479e-01 2.72627655e-01 8.79933329e-02 5.36274324e+00 1.32688837e+01 3.72632539e-02 2.153362e+00 2.474272e+00 2.311569e+01 1.608673e+01 2.058441e-01 6.6519e-03 1.3409e-02 +5.5585e-06 0.06206 2.25544e-02 5.88973e-02 1.22461e-01 0.00000e+00
39.264980 8.49516713e-02 1.91277222e-01 2.76228894e-01 8.58370549e-02 5.33601439e+00 1.35099005e+01 3.76918298e-02 2.251600e+00 2.531834e+00 2.449560e+01 1.415654e+01 2.142288e-01 6.6811e-03 1.3590e-02 +5.4633e-06 0.06274 2.28822e-02 6.07373e-02 1.23817e-01 0.00000e+00
39.515076 8.38833349e-02 1.97214243e-01 2.81097577e-01 8.38375163e-02 5.26668337e+00 1.34604235e+01 3.74542138e-02 2.351054e+00 2.555769e+00 2.823115e+01 1.427751e+01 1.747642e-01 7.6209e-03 1.3538e-02 +5.3055e-06 0.06098 2.39664e-02 6.46102e-02 1.27631e-01 0.00000e+00
39.765171 8.31460302e-02 2.04167562e-01 2.87313592e-01 8.22349889e-02 5.09980517e+00 1.30060376e+01 3.62116855e-02 2.455530e+00 2.550301e+00 3.130142e+01 1.444762e+01 1.838651e-01 7.9052e-03 1.2879e-02 +5.1927e-06 0.05895 2.64017e-02 6.90397e-02 1.32360e-01 0.00000e+00
40.015266 8.28492349e-02 2.11990721e-01 2.94839956e-01 8.11631283e-02 4.85400134e+00 1.23448009e+01 3.43976044e-02 2.558753e+00 2.543222e+00 2.937279e+01 1.431630e+01 2.044603e-01 7.4425e-03 1.2668e-02 +5.2329e-06 0.05823 2.71126e-02 6.73865e-02 1.30985e-01 0.00000e+00
40.265362 8.33735470e-02 2.20031128e-01 3.03404675e-01 8.05934134e-02 4.65826392e+00 1.17372558e+01 3.27910393e-02 2.639100e+00 2.519663e+00 2.441085e+01 1.401658e+01 2.157357e-01 7.1205e-03 1.3413e-02 +5.2806e-06 0.05841 2.30703e-02 6.07864e-02 1.24794e-01 0.00000e+00
40.515457 8.48720262e-02 2.27674306e-01 3.12546333e-01 8.04193706e-02 4.58973590e+00 1.14205861e+01 3.20206441e-02 2.682560e+00 2.488288e+00 2.309577e+01 1.268245e+01 2.189025e-01 7.0075e-03 1.6323e-02 +5.3493e-06 0.05123 2.18746e-02 5.86189e-02 1.24284e-01 0.00000e+00
40.765553 8.70242648e-02 2.34752230e-01 3.21776495e-01 8.04778002e-02 4.59293111e+00 1.13714124e+01 3.19286871e-02 2.697549e+00 2.475851e+00 2.445459e+01 1.120192e+01 2.072233e-01 6.9896e-03 1.7991e-02 +5.5834e-06 0.04549 2.24974e-02 6.00534e-02 1.28302e-01 0.00000e+00
41.015648 8.92085525e-02 2.41545733e-01 3.30754285e-01 8.06866232e-02 4.60096581e+00 1.13190968e+01 3.18401253e-02 2.707652e+00 2.460157e+00 2.419738e+01 1.197219e+01 1.987422e-01 6.8513e-03 1.6643e-02 +5.9190e-06 0.04680 2.40957e-02 6.39493e-02 1.34423e-01 0.00000e+00
41.265744 9.10411959e-02 2.48197251e-01 3.39238446e-01 8.10344260e-02 4.58135383e+00 1.13288070e+01 3.18203217e-02 2.726208e+00 2.472808e+00 2.077336e+01 1.228722e+01 2.032124e-01 6.5698e-03 1.6219e-02 +6.2888e-06 0.04651 2.56476e-02 6.77860e-02 1.39323e-01 0.00000e+00
41.515839 9.24269298e-02 2.54517698e-01 3.46944628e-01 8.14912776e-02 4.59903914e+00 1.15258121e+01 3.22497024e-02 2.753718e+00 2.506135e+00 2.070910e+01 1.307130e+01 2.529363e-01 6.2445e-03 1.6119e-02 +6.7445e-06 0.04531 2.57475e-02 6.79165e-02 1.39688e-01 0.00000e+00
41.765934 9.35391373e-02 2.60099860e-01 3.53638997e-01 8.19007371e-02 4.70270279e+00 1.18703915e+01 3.31461886e-02 2.780653e+00 2.524164e+00 1.955627e+01 1.611365e+01 3.114478e-01 6.0766e-03 1.4896e-02 +7.2696e-06 0.04434 2.37118e-02 6.44183e-02 1.35492e-01 0.00000e+00
42.016030 9.46201610e-02 2.64709901e-01 3.59330062e-01 8.20813253e-02 4.81434227e+00 1.22675300e+01 3.41637446e-02 2.797606e+00 2.548122e+00 2.075726e+01 1.850808e+01 3.080776e-01 5.9195e-03 1.4003e-02 +7.7617e-06 0.04555 2.17497e-02 6.13341e-02 1.31664e-01 0.00000e+00
42.266125 9.58270552e-02 2.68410081e-01 3.64237136e-01 8.19808763e-02 4.91330780e+00 1.26574413e+01 3.51414983e-02 2.800984e+00 2.576155e+00 2.256479e+01 2.439094e+01 2.634889e-01 5.6958e-03 1.4044e-02 +8.0653e-06 0.04614 2.06615e-02 5.97574e-02 1.30153e-01 0.00000e+00
42.516221 9.69469968e-02 2.71683139e-01 3.68630136e-01 8.16649496e-02 5.00432876e+00 1.30813372e+01 3.61713318e-02 2.802388e+00 2.614004e+00 2.232097e+01 2.358007e+01 2.116229e-01 5.5911e-03 1.3297e-02 +7.8134e-06 0.04683 2.01570e-02 6.00502e-02 1.29242e-01 0.00000e+00
42.766316 9.75930990e-02 2.75106645e-01 3.72699744e-01 8.12182971e-02 5.07570288e+00 1.36216845e+01 3.73947747e-02 2.818915e+00 2.683704e+00 2.364872e+01 2.626767e+01 1.806059e-01 5.9161e-03 1.3150e-02 +6.9182e-06 0.04999 2.24284e-02 6.34237e-02 1.30334e-01 0.00000e+00
43.016411 9.78017365e-02 2.78789538e-01 3.76591274e-01 8.06424514e-02 5.12774908e+00 1.42276731e+01 3.87108444e-02 2.850558e+00 2.774643e+00 2.793241e+01 2.089508e+01 2.132232e-01 6.5263e-03 1.2075e-02 +6.0016e-06 0.05055 2.50265e-02 6.64824e-02 1.31728e-01 0.00000e+00
43.266507 9.77477119e-02 2.82709221e-01 3.80456933e-01 7.98778322e-02 5.19413606e+00 1.48319083e+01 4.00520887e-02 2.892234e+00 2.855510e+00 2.930731e+01 1.717269e+01 2.993866e-01 6.5154e-03 1.0863e-02 +5.4964e-06 0.05151 2.55024e-02 6.71103e-02 1.30970e-01 0.00000e+00
43.516602 9.72976869e-02 2.87162581e-01 3.84460268e-01 7.88135037e-02 5.26119258e+00 1.51348552e+01 4.07920957e-02 2.951381e+00 2.876697e+00 3.343568e+01 1.431781e+01 3.538318e-01 6.9376e-03 1.1038e-02 +5.2829e-06 0.05362 2.59886e-02 6.85618e-02 1.29572e-01 0.00000e+00
43.766698 9.63415186e-02 2.92698897e-01 3.89040415e-01 7.73434328e-02 5.40628803e+00 1.49567757e+01 4.07261275e-02 3.038139e+00 2.766552e+00 2.746567e+01 1.646437e+01 4.444018e-01 7.0131e-03 1.1145e-02 +5.2614e-06 0.05603 2.80168e-02 7.14484e-02 1.27447e-01 0.00000e+00
44.016793 9.49634492e-02 2.99442905e-01 3.94406354e-01 7.55509349e-02 5.56998775e+00 1.52132428e+01 4.15664610e-02 3.153244e+00 2.731288e+00 2.548644e+01 1.746329e+01 4.198595e-01 6.5415e-03 1.1633e-02 +5.3755e-06 0.05602 2.85671e-02 6.96444e-02 1.21071e-01 0.00000e+00
44.266888 9.36825155e-02 3.06893605e-01 4.00576120e-01 7.35299548e-02 5.71802132e+00 1.54614741e+01 4.23589908e-02 3.275890e+00 2.703990e+00 2.362452e+01 1.598667e+01 4.170052e-01 6.8445e-03 1.3111e-02 +5.5040e-06 0.05325 2.66746e-02 6.37682e-02 1.13376e-01 0.00000e+00
44.516984 9.28573549e-02 3.14830498e-01 4.07687853e-01 7.15181460e-02 5.72518429e+00 1.55018340e+01 4.24540366e-02 3.390475e+00 2.707657e+00 3.095076e+01 1.666509e+01 3.964642e-01 7.1033e-03 1.2076e-02 +5.6778e-06 0.05192 2.50301e-02 5.96613e-02 1.10693e-01 0.00000e+00
44.767079 9.25753581e-02 3.23180123e-01 4.15755482e-01 6.97503620e-02 5.64387297e+00 1.54366187e+01 4.21609833e-02 3.490995e+00 2.735111e+00 3.234875e+01 1.496423e+01 3.651912e-01 7.5770e-03 1.2661e-02 +6.1524e-06 0.05451 2.42965e-02 5.98267e-02 1.13064e-01 0.00000e+00
45.017175 9.26234243e-02 3.31861416e-01 4.24484840e-01 6.82703386e-02 5.67071463e+00 1.55998105e+01 4.25410502e-02 3.582910e+00 2.750943e+00 3.104474e+01 1.594631e+01 3.391316e-01 7.2613e-03 1.3858e-02 +7.0845e-06 0.05597 2.46287e-02 6.09982e-02 1.16659e-01 0.00000e+00
45.267270 9.28468315e-02 3.40512731e-01 4.33359563e-01 6.69526667e-02 5.80165401e+00 1.60402148e+01 4.36837376e-02 3.667467e+00 2.764766e+00 2.885716e+01 1.622373e+01 3.041397e-01 6.6922e-03 1.3826e-02 +8.3343e-06 0.05606 2.33897e-02 5.99128e-02 1.20176e-01 0.00000e+00
45.517366 9.30865764e-02 3.48750430e-01 4.41837006e-01 6.55634572e-02 5.93312593e+00 1.67020874e+01 4.52704267e-02 3.746517e+00 2.815057e+00 2.621764e+01 1.667793e+01 2.934152e-01 6.6160e-03 1.3693e-02 +9.5647e-06 0.05484 2.19837e-02 5.81036e-02 1.23621e-01 0.00000e+00
45.767461 9.34747962e-02 3.56133560e-01 4.49608357e-01 6.40201782e-02 5.99955691e+00 1.69624152e+01 4.59239443e-02 3.809942e+00 2.827278e+00 2.493106e+01 1.677996e+01 2.107750e-01 6.8524e-03 1.5215e-02 +1.0461e-05 0.05260 2.08193e-02 5.68905e-02 1.27224e-01 0.00000e+00
46.017556 9.38715991e-02 3.62749869e-01 4.56621468e-01 6.24809315e-02 5.89971688e+00 1.68444275e+01 4.54882887e-02 3.864320e+00 2.855125e+00 2.485277e+01 1.650220e+01 1.399185e-01 7.0017e-03 1.9612e-02 +1.0811e-05 0.04914 2.01220e-02 5.45282e-02 1.27460e-01 0.00000e+00
46.267652 9.42589522e-02 3.68694503e-01 4.62953455e-01 6.10466367e-02 5.67187392e+00 1.65117775e+01 4.43673029e-02 3.911506e+00 2.911168e+00 2.986265e+01 1.702837e+01 9.257729e-02 6.7121e-03 2.0058e-02 +1.0666e-05 0.04883 1.78380e-02 4.94856e-02 1.25567e-01 0.00000e+00
46.517747 9.43491880e-02 3.74317147e-01 4.68666335e-01 5.96464753e-02 5.39609642e+00 1.64610371e+01 4.37142670e-02 3.967359e+00 3.050545e+00 3.367453e+01 1.589216e+01 8.389669e-02 6.2675e-03 1.6252e-02 +1.0137e-05 0.04715 1.62257e-02 4.79108e-02 1.27637e-01 0.00000e+00
46.767843 9.43132574e-02 3.79389575e-01 4.73702833e-01 5.81634810e-02 5.23220196e+00 1.66484927e+01 4.37613892e-02 4.022654e+00 3.181929e+00 2.940602e+01 1.655978e+01 9.249319e-02 5.8046e-03 1.4335e-02 +9.3503e-06 0.04621 1.65474e-02 5.28978e-02 1.31517e-01 0.00000e+00
47.017938 9.42309729e-02 3.83776062e-01 4.78007035e-01 5.66205147e-02 5.19752591e+00 1.70784537e+01 4.45519593e-02 4.072717e+00 3.285881e+00 3.014725e+01 1.575940e+01 1.267738e-01 6.0744e-03 1.3500e-02 +8.4810e-06 0.04627 1.86941e-02 6.20394e-02 1.35661e-01 0.00000e+00
47.268033 9.40212745e-02 3.87575725e-01 4.81596999e-01 5.51624324e-02 5.25523179e+00 1.77102236e+01 4.59309107e-02 4.122213e+00 3.370018e+00 3.386993e+01 1.867152e+01 1.893085e-01 6.4775e-03 1.2561e-02 +7.7949e-06 0.04694 2.24564e-02 7.09038e-02 1.41668e-01 0.00000e+00
47.518129 9.34726644e-02 3.91022778e-01 4.84495442e-01 5.38814496e-02 5.38821673e+00 1.86412174e+01 4.80588682e-02 4.183285e+00 3.459627e+00 3.765349e+01 1.856677e+01 2.284120e-01 6.6652e-03 1.1584e-02 +7.3872e-06 0.04760 2.69194e-02 8.03420e-02 1.48273e-01 0.00000e+00
47.768224 9.25826884e-02 3.94094231e-01 4.86676919e-01 5.26766159e-02 5.52933709e+00 1.96967055e+01 5.04520851e-02 4.256673e+00 3.562218e+00 4.122152e+01 1.957255e+01 2.279400e-01 7.2978e-03 1.1320e-02 +7.2881e-06 0.05189 3.17680e-02 8.96662e-02 1.50207e-01 0.00000e+00
48.018320 9.15731649e-02 3.96809681e-01 4.88382846e-01 5.15134816e-02 5.68385410e+00 2.01841712e+01 5.17360506e-02 4.333253e+00 3.551142e+00 4.059402e+01 1.906138e+01 2.266153e-01 8.0422e-03 1.1273e-02 +7.5391e-06 0.05644 3.43211e-02 8.87751e-02 1.41166e-01 0.00000e+00
48.268415 9.03900865e-02 3.99789151e-01 4.90179238e-01 5.04368437e-02 5.75348931e+00 2.02456272e+01 5.19982329e-02 4.422931e+00 3.518843e+00 3.951013e+01 1.693580e+01 3.114349e-01 7.9229e-03 1.1400e-02 +7.8801e-06 0.05688 3.01379e-02 7.32053e-02 1.20285e-01 0.00000e+00
48.518511 8.94897288e-02 4.03008872e-01 4.92498601e-01 4.92451905e-02 5.74930150e+00 2.01662683e+01 5.18311395e-02 4.503409e+00 3.507603e+00 4.168713e+01 1.628609e+01 3.378588e-01 7.7287e-03 1.0570e-02 +8.0397e-06 0.05542 2.33140e-02 5.72523e-02 1.01867e-01 0.00000e+00
48.768606 8.96457031e-02 4.06182379e-01 4.95828082e-01 4.77359217e-02 5.75504986e+00 1.94317852e+01 5.03736701e-02 4.530974e+00 3.376476e+00 4.696224e+01 2.088161e+01 2.565419e-01 8.6849e-03 1.0299e-02 +8.1601e-06 0.05857 2.09105e-02 5.16649e-02 9.65329e-02 0.00000e+00
49.018701 9.07424208e-02 4.09858814e-01 5.00601235e-01 4.60989214e-02 5.78485294e+00 1.84672774e+01 4.85042606e-02 4.516728e+00 3.192350e+00 3.786057e+01 1.730830e+01 2.273285e-01 2.3335e-02 1.1062e-02 +8.5748e-06 0.05271 2.14891e-02 5.26412e-02 9.93525e-02 0.00000e+00
49.268797 9.19872387e-02 4.14824279e-01 5.06811518e-01 4.46577691e-02 5.67569401e+00 1.81059771e+01 4.75633422e-02 4.509585e+00 3.190090e+00 5.793993e+01 3.745901e+01 3.608567e-01 8.1383e-02 1.2318e-02 +9.3326e-06 0.05593 2.19499e-02 5.30514e-02 1.00782e-01 0.00000e+00
# DIVERGED at t = 49.518892
