# tg_mhd (CUDA FP64)  tgc_noslip_cond_n192_re250_drive0.4_bdrive0.1  N=192 L=192 Re=250 Pm=1 u0=0.05 nu_lat=1.215944e-02 eta_lat=1.215944e-02 tau_f=0.536478 tau_m=0.548638 dt=8.224065e-04 fw=profile
# t E_V E_M E_T H_C Omega_V Omega_M eps EM/EV OmM/OmV j_max w_max skew divb/j divb_wall/j mass_drift umax_lat fw1 fw2 fw4 tau_wall
0.000000 1.22415278e-01 1.25000000e-01 2.47415278e-01 6.47177664e-21 2.66941831e+01 1.49945900e+00 2.25549137e-01 1.021114e+00 5.617175e-02 3.463243e+00 9.118036e+01 4.948466e-19 2.8424e-15 6.1549e-15 +0.0000e+00 0.04998 9.38888e-01 9.44352e-01 9.55502e-01 1.77452e-01
0.250012 1.20428772e-01 1.28997838e-01 2.49426610e-01 -3.25767307e-04 4.14127726e+00 1.67756765e+00 4.65507592e-02 1.071155e+00 4.050846e-01 4.148310e+00 2.185512e+01 1.050377e-01 9.0868e-04 3.8838e-03 -8.3961e-06 0.05129 6.33150e-01 6.96764e-01 7.50291e-01 3.47158e-02
0.500023 1.25729575e-01 1.32711831e-01 2.58441406e-01 -9.36185308e-04 3.26097615e+00 2.00503308e+00 4.21280738e-02 1.055534e+00 6.148567e-01 4.957203e+00 1.738456e+01 2.174070e-01 1.0364e-03 4.6663e-03 -1.7779e-05 0.05107 4.72746e-01 5.84423e-01 6.60341e-01 2.59444e-02
0.750035 1.32222738e-01 1.35011686e-01 2.67234425e-01 -1.62820291e-03 3.13572964e+00 2.48533979e+00 4.49685554e-02 1.021093e+00 7.925874e-01 5.594577e+00 1.630706e+01 3.470708e-01 1.1060e-03 5.0912e-03 -1.8594e-05 0.05240 3.64997e-01 4.90950e-01 5.93270e-01 2.27202e-02
1.000046 1.39967739e-01 1.34218897e-01 2.74186636e-01 -1.99955590e-03 3.30053368e+00 3.15301678e+00 5.16284037e-02 9.589274e-01 9.553051e-01 6.993752e+00 1.591578e+01 4.201632e-01 1.3197e-03 5.4542e-03 -1.0008e-05 0.05259 2.83195e-01 4.08835e-01 5.36105e-01 2.12051e-02
1.250058 1.49220044e-01 1.28956766e-01 2.78176810e-01 -1.56066122e-03 3.66797563e+00 4.02287552e+00 6.15268093e-02 8.642054e-01 1.096756e+00 9.917521e+00 1.684425e+01 3.953122e-01 1.8887e-03 5.8320e-03 -1.5715e-06 0.05457 2.21232e-01 3.38924e-01 4.89857e-01 2.01533e-02
1.500069 1.59376712e-01 1.19468081e-01 2.78844793e-01 2.76222060e-05 4.07334003e+00 5.06115457e+00 7.30759568e-02 7.495956e-01 1.242507e+00 1.417708e+01 1.533923e+01 3.588608e-01 3.0046e-03 6.0732e-03 -3.0983e-07 0.05944 1.69711e-01 2.75090e-01 4.59000e-01 1.86252e-02
1.750081 1.69295729e-01 1.07333007e-01 2.76628737e-01 2.79030609e-03 4.43745514e+00 5.91184832e+00 8.27944277e-02 6.339971e-01 1.332261e+00 1.764932e+01 1.323270e+01 2.730073e-01 4.9152e-03 6.0200e-03 -7.8237e-06 0.06407 1.34852e-01 2.30081e-01 4.52975e-01 1.72454e-02
2.000092 1.78504329e-01 9.48142509e-02 2.73318580e-01 6.48169267e-03 4.76256838e+00 5.75260380e+00 8.41213774e-02 5.311594e-01 1.207878e+00 1.750326e+01 1.179047e+01 2.598271e-01 6.0707e-03 5.9649e-03 -1.6758e-05 0.06544 1.19771e-01 2.15809e-01 4.63664e-01 1.62704e-02
2.250104 1.86807928e-01 8.41972486e-02 2.71005176e-01 1.05166621e-02 5.07465262e+00 5.01801363e+00 8.07413300e-02 4.507156e-01 9.888388e-01 1.523970e+01 1.195502e+01 2.654617e-01 5.1734e-03 6.2230e-03 -2.2086e-05 0.06471 1.18261e-01 2.21037e-01 4.61281e-01 1.61712e-02
2.500116 1.93948417e-01 7.60916921e-02 2.70040109e-01 1.43137191e-02 5.31629059e+00 4.39069969e+00 7.76559223e-02 3.923295e-01 8.258954e-01 1.238668e+01 1.190285e+01 2.586958e-01 4.4039e-03 6.8975e-03 -2.1996e-05 0.06350 1.22741e-01 2.29953e-01 4.43084e-01 1.64000e-02
2.750127 1.99478331e-01 7.02818239e-02 2.69760155e-01 1.75440325e-02 5.48888933e+00 4.05189591e+00 7.63262819e-02 3.523281e-01 7.381996e-01 9.915332e+00 1.224898e+01 2.510918e-01 4.0879e-03 7.9156e-03 -2.0480e-05 0.06107 1.33111e-01 2.40016e-01 4.24933e-01 1.74514e-02
3.000139 2.03064206e-01 6.62116360e-02 2.69275842e-01 2.00255623e-02 5.67910626e+00 3.97451101e+00 7.72289381e-02 3.260626e-01 6.998480e-01 9.147981e+00 1.458551e+01 2.717094e-01 4.0199e-03 8.6592e-03 -2.0250e-05 0.05927 1.50661e-01 2.54605e-01 4.20564e-01 1.93260e-02
3.250150 2.04606116e-01 6.28877640e-02 2.67493881e-01 2.18075992e-02 5.96954415e+00 4.13348340e+00 8.08242203e-02 3.073601e-01 6.924287e-01 1.152748e+01 1.805594e+01 3.476242e-01 4.0573e-03 8.9223e-03 -2.1841e-05 0.06113 1.76973e-01 2.79337e-01 4.69629e-01 2.18502e-02
3.500162 2.04287972e-01 5.92686608e-02 2.63556633e-01 2.30648016e-02 6.39994167e+00 4.23444234e+00 8.50750721e-02 2.901231e-01 6.616376e-01 1.525952e+01 2.209742e+01 4.445613e-01 4.7263e-03 1.0049e-02 -2.2755e-05 0.06238 2.17540e-01 3.42343e-01 5.32186e-01 2.42431e-02
3.750173 2.02034579e-01 5.55968049e-02 2.57631384e-01 2.40904958e-02 7.05035594e+00 3.98684476e+00 8.82976056e-02 2.751846e-01 5.654813e-01 1.817830e+01 2.672326e+01 4.328009e-01 4.8715e-03 1.1936e-02 -2.2159e-05 0.06155 2.81725e-01 4.07328e-01 5.82500e-01 2.71133e-02
4.000185 1.97812029e-01 5.29622084e-02 2.50774237e-01 2.52356973e-02 7.26254647e+00 3.63249482e+00 8.71603303e-02 2.677401e-01 5.001682e-01 1.792588e+01 2.786219e+01 3.092916e-01 4.3368e-03 9.2424e-03 -1.9917e-05 0.06169 3.11885e-01 4.32996e-01 6.07079e-01 2.88655e-02
4.250197 1.92831658e-01 5.16353172e-02 2.44466975e-01 2.63889894e-02 6.89946369e+00 3.50108293e+00 8.32043730e-02 2.677741e-01 5.074428e-01 1.793842e+01 2.643736e+01 2.065113e-01 4.0698e-03 7.2560e-03 -1.9568e-05 0.06144 3.00145e-01 4.38584e-01 6.13726e-01 2.82771e-02
4.500208 1.88669021e-01 5.05811475e-02 2.39250168e-01 2.74555157e-02 6.33930474e+00 3.60432132e+00 7.95490085e-02 2.680946e-01 5.685673e-01 1.873567e+01 2.166399e+01 1.972615e-01 3.9678e-03 8.0957e-03 -2.2031e-05 0.06028 2.89276e-01 4.39751e-01 6.11999e-01 2.64700e-02
4.750220 1.86209836e-01 4.90357254e-02 2.35245561e-01 2.82840173e-02 5.85568556e+00 3.59041677e+00 7.55688186e-02 2.633359e-01 6.131505e-01 1.452549e+01 1.976602e+01 2.431399e-01 3.8933e-03 8.2776e-03 -2.6078e-05 0.05792 2.84124e-01 4.23810e-01 5.96600e-01 2.51050e-02
5.000231 1.85451256e-01 4.72637650e-02 2.32715021e-01 2.86829495e-02 5.49049383e+00 3.43678090e+00 7.14181978e-02 2.548582e-01 6.259511e-01 1.212431e+01 1.880013e+01 2.936044e-01 3.8094e-03 7.6302e-03 -3.0091e-05 0.05527 2.66919e-01 3.98121e-01 5.75254e-01 2.38055e-02
5.250243 1.85965609e-01 4.54932892e-02 2.31458898e-01 2.86942800e-02 5.27420393e+00 3.34883589e+00 6.89843185e-02 2.446328e-01 6.349462e-01 1.261950e+01 2.012242e+01 3.215579e-01 3.8217e-03 8.4659e-03 -3.3110e-05 0.05495 2.56217e-01 3.87268e-01 5.66155e-01 2.26371e-02
5.500254 1.87327165e-01 4.36462784e-02 2.30973443e-01 2.85336946e-02 5.18652253e+00 3.28212498e+00 6.77491801e-02 2.329949e-01 6.328180e-01 1.196300e+01 2.181180e+01 3.136322e-01 3.9353e-03 9.8525e-03 -3.4562e-05 0.05532 2.56535e-01 3.92084e-01 5.68513e-01 2.19268e-02
5.750266 1.89163854e-01 4.17441294e-02 2.30907983e-01 2.83944369e-02 5.17932264e+00 3.16043334e+00 6.67180479e-02 2.206771e-01 6.102021e-01 1.038949e+01 2.122559e+01 2.837364e-01 3.9950e-03 1.0690e-02 -3.4984e-05 0.05543 2.62116e-01 4.03714e-01 5.75783e-01 2.18062e-02
6.000277 1.91143368e-01 3.98775925e-02 2.31020961e-01 2.84412007e-02 5.19970243e+00 2.98244168e+00 6.54571529e-02 2.086266e-01 5.735793e-01 8.889492e+00 1.936701e+01 2.586678e-01 4.0111e-03 1.0846e-02 -3.4720e-05 0.05437 2.68373e-01 4.16692e-01 5.84733e-01 2.22141e-02
6.250289 1.92996327e-01 3.80908069e-02 2.31087134e-01 2.88428277e-02 5.25283243e+00 2.76573687e+00 6.41485544e-02 1.973654e-01 5.265230e-01 8.818746e+00 1.750095e+01 2.625289e-01 4.0321e-03 1.0314e-02 -3.3970e-05 0.05387 2.77645e-01 4.29948e-01 5.93625e-01 2.29443e-02
6.500301 1.94467939e-01 3.64442717e-02 2.30912210e-01 2.96754862e-02 5.39074526e+00 2.52394465e+00 6.33175193e-02 1.874050e-01 4.681996e-01 9.555667e+00 2.041392e+01 2.958976e-01 4.0037e-03 9.7013e-03 -3.2564e-05 0.05425 2.93883e-01 4.45191e-01 6.04477e-01 2.37144e-02
6.750312 1.95308075e-01 3.51422770e-02 2.30450352e-01 3.06370560e-02 5.59554463e+00 2.22720364e+00 6.25819862e-02 1.799325e-01 3.980316e-01 8.260927e+00 2.360756e+01 3.180757e-01 4.0552e-03 1.0351e-02 -3.0834e-05 0.05491 3.13079e-01 4.53700e-01 6.09846e-01 2.42325e-02
7.000324 1.95495999e-01 3.44752885e-02 2.29971287e-01 3.11410695e-02 5.69547010e+00 1.94245839e+00 6.11034279e-02 1.763478e-01 3.410532e-01 7.421068e+00 2.321616e+01 3.178350e-01 3.8368e-03 9.5495e-03 -2.9521e-05 0.05467 3.14732e-01 4.45032e-01 6.01317e-01 2.40887e-02
7.250335 1.95305180e-01 3.44060338e-02 2.29711213e-01 3.09421202e-02 5.68755457e+00 1.78653230e+00 5.97926950e-02 1.761655e-01 3.141126e-01 8.615571e+00 1.999212e+01 3.299280e-01 3.7227e-03 8.6504e-03 -2.9476e-05 0.05354 3.06230e-01 4.27841e-01 5.88740e-01 2.37393e-02
7.500347 1.95033014e-01 3.46066191e-02 2.29639633e-01 3.01182879e-02 5.67009880e+00 1.73461787e+00 5.92377334e-02 1.774398e-01 3.059237e-01 8.805447e+00 1.664639e+01 3.342146e-01 3.8245e-03 8.3218e-03 -3.0654e-05 0.05295 2.98055e-01 4.16150e-01 5.78882e-01 2.35601e-02
7.750358 1.94872374e-01 3.47933275e-02 2.29665702e-01 2.88286150e-02 5.67912276e+00 1.71410594e+00 5.91458296e-02 1.785442e-01 3.018258e-01 7.923020e+00 1.792484e+01 3.100040e-01 4.0079e-03 9.5485e-03 -3.2485e-05 0.05299 2.96019e-01 4.12678e-01 5.75013e-01 2.34180e-02
8.000370 1.94904984e-01 3.49005347e-02 2.29805519e-01 2.72487155e-02 5.70277644e+00 1.65762506e+00 5.88832120e-02 1.790644e-01 2.906698e-01 6.772618e+00 1.833789e+01 2.804589e-01 4.2725e-03 1.0961e-02 -3.4109e-05 0.05298 2.97320e-01 4.12134e-01 5.73745e-01 2.33013e-02
8.250382 1.95054708e-01 3.50577588e-02 2.30112467e-01 2.54992650e-02 5.74882750e+00 1.56533555e+00 5.85133044e-02 1.797330e-01 2.722878e-01 7.250919e+00 1.841888e+01 2.693147e-01 4.4306e-03 1.0712e-02 -3.5131e-05 0.05306 2.97392e-01 4.09619e-01 5.71305e-01 2.33847e-02
8.500393 1.95101230e-01 3.54038988e-02 2.30505129e-01 2.36450789e-02 5.81958367e+00 1.48842228e+00 5.84640476e-02 1.814643e-01 2.557610e-01 8.211518e+00 1.846713e+01 2.784817e-01 4.3435e-03 9.2276e-03 -3.5577e-05 0.05298 2.95332e-01 4.04863e-01 5.66616e-01 2.36349e-02
8.750405 1.94768863e-01 3.59677831e-02 2.30736646e-01 2.16990925e-02 5.92558749e+00 1.47099683e+00 5.91726746e-02 1.846691e-01 2.482449e-01 7.976805e+00 1.928492e+01 3.014460e-01 4.0772e-03 8.3241e-03 -3.5715e-05 0.05369 2.93879e-01 4.00465e-01 5.60083e-01 2.40544e-02
9.000416 1.93829906e-01 3.66960948e-02 2.30526001e-01 1.96146949e-02 6.06441401e+00 1.50839106e+00 6.05824406e-02 1.893211e-01 2.487282e-01 7.622725e+00 2.021747e+01 3.310945e-01 4.0077e-03 7.7290e-03 -3.5693e-05 0.05542 2.93555e-01 3.96344e-01 5.51487e-01 2.46355e-02
9.250428 1.92153763e-01 3.75665924e-02 2.29720356e-01 1.73087553e-02 6.22110022e+00 1.55546488e+00 6.22125208e-02 1.955028e-01 2.500305e-01 8.396268e+00 2.054677e+01 3.690166e-01 4.2534e-03 7.1310e-03 -3.5619e-05 0.05678 2.93658e-01 3.91869e-01 5.43745e-01 2.52730e-02
9.500439 1.89659107e-01 3.86565457e-02 2.28315653e-01 1.46959805e-02 6.37407528e+00 1.60142611e+00 6.38040111e-02 2.038212e-01 2.512405e-01 8.896215e+00 2.014701e+01 4.016080e-01 4.4496e-03 7.0393e-03 -3.5626e-05 0.05740 2.93435e-01 3.88702e-01 5.38844e-01 2.58404e-02
9.750451 1.86363679e-01 3.99758515e-02 2.26339531e-01 1.17329646e-02 6.48669980e+00 1.67097577e+00 6.52614046e-02 2.145045e-01 2.576003e-01 9.063858e+00 2.253998e+01 4.020385e-01 4.5780e-03 7.4559e-03 -3.5993e-05 0.05790 2.94716e-01 3.89601e-01 5.37930e-01 2.62616e-02
10.000462 1.82495575e-01 4.13958011e-02 2.23891376e-01 8.44769341e-03 6.51018426e+00 1.73683829e+00 6.59761804e-02 2.268318e-01 2.667879e-01 9.099046e+00 2.440761e+01 3.607268e-01 4.7897e-03 1.0532e-02 -3.6823e-05 0.05842 2.97844e-01 3.91773e-01 5.38559e-01 2.64566e-02
10.250474 1.78405084e-01 4.28507052e-02 2.21255790e-01 4.97032936e-03 6.41918057e+00 1.75787030e+00 6.54164070e-02 2.401877e-01 2.738465e-01 9.158338e+00 2.458926e+01 2.982011e-01 4.7474e-03 1.0441e-02 -3.8048e-05 0.05767 2.98485e-01 3.91191e-01 5.38059e-01 2.63661e-02
10.500486 1.74384638e-01 4.43884639e-02 2.18773102e-01 1.48306093e-03 6.24413499e+00 1.76167452e+00 6.40464761e-02 2.545434e-01 2.821327e-01 9.303662e+00 2.366032e+01 2.412049e-01 4.5806e-03 9.0224e-03 -3.9643e-05 0.05519 2.95727e-01 3.88712e-01 5.36912e-01 2.59939e-02
10.750497 1.70605560e-01 4.60210117e-02 2.16626572e-01 -1.88813496e-03 6.04849676e+00 1.78672770e+00 6.26817957e-02 2.697509e-01 2.954003e-01 9.392042e+00 2.256408e+01 2.005865e-01 4.4734e-03 8.3448e-03 -4.1533e-05 0.05176 2.91410e-01 3.86765e-01 5.36481e-01 2.55075e-02
11.000509 1.67150904e-01 4.76857805e-02 2.14836684e-01 -5.12520314e-03 5.87765034e+00 1.83768958e+00 6.17227194e-02 2.852858e-01 3.126572e-01 9.338969e+00 2.163573e+01 1.743603e-01 4.4145e-03 8.3180e-03 -4.3549e-05 0.05025 2.87069e-01 3.86926e-01 5.38276e-01 2.50515e-02
11.250520 1.64059074e-01 4.92802090e-02 2.13339283e-01 -8.28167187e-03 5.74600101e+00 1.90913397e+00 6.12410798e-02 3.003809e-01 3.322544e-01 9.343264e+00 2.079812e+01 1.578023e-01 4.3903e-03 8.2586e-03 -4.5558e-05 0.05010 2.83857e-01 3.89646e-01 5.42969e-01 2.46711e-02
11.500532 1.61348113e-01 5.06934366e-02 2.12041550e-01 -1.14190930e-02 5.64873984e+00 1.99156156e+00 6.11224112e-02 3.141867e-01 3.525674e-01 9.776835e+00 1.998275e+01 1.443012e-01 4.4688e-03 8.0767e-03 -4.7470e-05 0.05023 2.82057e-01 3.93739e-01 5.49645e-01 2.43296e-02
11.750543 1.59032835e-01 5.18446316e-02 2.10877466e-01 -1.45809657e-02 5.57295508e+00 2.05320027e+00 6.10092428e-02 3.259995e-01 3.684222e-01 1.055871e+01 1.922494e+01 1.274256e-01 4.6260e-03 7.7884e-03 -4.9231e-05 0.05059 2.81345e-01 3.98041e-01 5.57725e-01 2.39693e-02
12.000555 1.57131703e-01 5.27414018e-02 2.09873104e-01 -1.77899887e-02 5.50534937e+00 2.04752337e+00 6.04229819e-02 3.356509e-01 3.719152e-01 9.515273e+00 1.870444e+01 1.100660e-01 4.6111e-03 7.2990e-03 -5.0814e-05 0.05088 2.81816e-01 4.02242e-01 5.66853e-01 2.35899e-02
12.250567 1.55629496e-01 5.34834108e-02 2.09112907e-01 -2.10067861e-02 5.43941294e+00 1.97841609e+00 5.93426322e-02 3.436586e-01 3.637187e-01 8.292202e+00 1.847189e+01 1.067344e-01 4.2463e-03 6.7640e-03 -5.2268e-05 0.05081 2.82495e-01 4.04836e-01 5.74953e-01 2.32461e-02
12.500578 1.54444146e-01 5.41434343e-02 2.08587580e-01 -2.40992385e-02 5.37877616e+00 1.90899243e+00 5.83021487e-02 3.505697e-01 3.549120e-01 8.330598e+00 1.827902e+01 1.309095e-01 3.6924e-03 6.3491e-03 -5.3716e-05 0.05143 2.81481e-01 4.03642e-01 5.79570e-01 2.29499e-02
12.750590 1.53431128e-01 5.47068063e-02 2.08137934e-01 -2.68846398e-02 5.33672678e+00 1.88093218e+00 5.77412717e-02 3.565561e-01 3.524505e-01 8.633668e+00 1.830151e+01 1.775043e-01 3.3162e-03 6.1416e-03 -5.5306e-05 0.05248 2.78336e-01 3.98986e-01 5.80629e-01 2.26993e-02
13.000601 1.52419860e-01 5.51431075e-02 2.07562967e-01 -2.92006287e-02 5.32236017e+00 1.88734466e+00 5.76776386e-02 3.617843e-01 3.546067e-01 8.752674e+00 1.870076e+01 2.262291e-01 3.2628e-03 6.1511e-03 -5.7143e-05 0.05304 2.75063e-01 3.94561e-01 5.80824e-01 2.25306e-02
13.250613 1.51288255e-01 5.54515895e-02 2.06739845e-01 -3.09702437e-02 5.32858886e+00 1.90354889e+00 5.78571020e-02 3.665294e-01 3.572332e-01 8.615558e+00 1.958648e+01 2.612562e-01 3.4365e-03 6.3303e-03 -5.9244e-05 0.05299 2.74249e-01 3.93788e-01 5.82501e-01 2.24673e-02
13.500624 1.50010816e-01 5.56611269e-02 2.05671943e-01 -3.22353400e-02 5.33368803e+00 1.91236229e+00 5.79684025e-02 3.710474e-01 3.585441e-01 8.350041e+00 2.056984e+01 2.713484e-01 3.6580e-03 6.4893e-03 -6.1510e-05 0.05246 2.76316e-01 3.96806e-01 5.85637e-01 2.24440e-02
13.750636 1.48653231e-01 5.58129773e-02 2.04466209e-01 -3.31330175e-02 5.31495361e+00 1.90761180e+00 5.77805233e-02 3.754575e-01 3.589141e-01 7.920598e+00 2.077989e+01 2.550961e-01 3.8167e-03 6.3552e-03 -6.3801e-05 0.05220 2.79439e-01 4.00524e-01 5.88330e-01 2.23625e-02
14.000647 1.47326292e-01 5.59530826e-02 2.03279374e-01 -3.38237675e-02 5.26717164e+00 1.88405875e+00 5.72098431e-02 3.797902e-01 3.576984e-01 9.478210e+00 2.035191e+01 2.234669e-01 3.9286e-03 5.8317e-03 -6.6048e-05 0.05165 2.81455e-01 4.02094e-01 5.89502e-01 2.22079e-02
14.250659 1.46117018e-01 5.61328059e-02 2.02249824e-01 -3.44105182e-02 5.19790200e+00 1.84635589e+00 5.63540631e-02 3.841634e-01 3.552118e-01 1.062386e+01 1.988787e+01 1.883195e-01 4.0132e-03 5.4668e-03 -6.8270e-05 0.05090 2.82124e-01 4.02046e-01 5.89956e-01 2.20180e-02
14.500671 1.45065979e-01 5.63964531e-02 2.01462432e-01 -3.49177548e-02 5.11483850e+00 1.80091198e+00 5.53260038e-02 3.887642e-01 3.520956e-01 1.094697e+01 1.935940e+01 1.623507e-01 3.9747e-03 5.3135e-03 -7.0487e-05 0.05007 2.82239e-01 4.01722e-01 5.90427e-01 2.18245e-02
14.750682 1.44174452e-01 5.67759412e-02 2.00950394e-01 -3.53321188e-02 5.02723814e+00 1.75589359e+00 5.42650538e-02 3.938003e-01 3.492760e-01 1.076904e+01 1.865142e+01 1.520206e-01 3.7451e-03 5.2119e-03 -7.2702e-05 0.04955 2.81960e-01 4.01056e-01 5.90675e-01 2.16630e-02
15.000694 1.43410633e-01 5.72776071e-02 2.00688240e-01 -3.56375158e-02 4.94614051e+00 1.72178680e+00 5.33434185e-02 3.993958e-01 3.481071e-01 1.025180e+01 1.781589e+01 1.537577e-01 3.5364e-03 5.2643e-03 -7.4931e-05 0.04955 2.80845e-01 3.99270e-01 5.90624e-01 2.15569e-02
15.250705 1.42709215e-01 5.78943726e-02 2.00603588e-01 -3.58386563e-02 4.88116268e+00 1.70025736e+00 5.26513603e-02 4.056807e-01 3.483304e-01 9.530343e+00 1.697291e+01 1.682152e-01 3.4546e-03 5.4312e-03 -7.7214e-05 0.04972 2.79019e-01 3.96896e-01 5.91085e-01 2.15031e-02
15.500717 1.41976335e-01 5.86164419e-02 2.00592777e-01 -3.59804210e-02 4.83960702e+00 1.69629665e+00 5.22872294e-02 4.128606e-01 3.505030e-01 8.670681e+00 1.636096e+01 1.964041e-01 3.3566e-03 5.4947e-03 -7.9608e-05 0.04977 2.76990e-01 3.95378e-01 5.92536e-01 2.14961e-02
15.750728 1.41120819e-01 5.93984213e-02 2.00519241e-01 -3.61389420e-02 4.82648051e+00 1.71877101e+00 5.23620122e-02 4.209047e-01 3.561127e-01 8.076451e+00 1.617503e+01 2.277170e-01 3.2303e-03 5.4344e-03 -8.2144e-05 0.04963 2.75177e-01 3.95629e-01 5.93999e-01 2.15238e-02
16.000740 1.40084375e-01 6.01594562e-02 2.00243831e-01 -3.63915550e-02 4.83882918e+00 1.76395912e+00 5.28223064e-02 4.294516e-01 3.645425e-01 7.973561e+00 1.638711e+01 2.520091e-01 3.1727e-03 5.6456e-03 -8.4795e-05 0.04937 2.73794e-01 3.96473e-01 5.93404e-01 2.15513e-02
16.250752 1.38843445e-01 6.08451111e-02 1.99688556e-01 -3.67856871e-02 4.86128152e+00 1.81267966e+00 5.33916895e-02 4.382282e-01 3.728810e-01 7.760390e+00 1.668070e+01 2.696589e-01 3.1723e-03 6.2856e-03 -8.7479e-05 0.04908 2.72251e-01 3.95294e-01 5.89317e-01 2.15353e-02
16.500763 1.37404312e-01 6.14684140e-02 1.98872726e-01 -3.73254642e-02 4.87322696e+00 1.84804504e+00 5.37701759e-02 4.473543e-01 3.792241e-01 7.579591e+00 1.673124e+01 2.821055e-01 3.1440e-03 6.6970e-03 -9.0131e-05 0.04883 2.69536e-01 3.91036e-01 5.82417e-01 2.14505e-02
16.750775 1.35809839e-01 6.20766145e-02 1.97886454e-01 -3.79878532e-02 4.86069987e+00 1.86858997e+00 5.38343187e-02 4.570848e-01 3.844282e-01 7.330374e+00 1.641495e+01 2.862138e-01 3.0953e-03 6.6459e-03 -9.2744e-05 0.04860 2.65752e-01 3.85072e-01 5.75314e-01 2.13025e-02
17.000786 1.34138847e-01 6.26995524e-02 1.96838400e-01 -3.87562242e-02 4.82198982e+00 1.88106032e+00 5.36244011e-02 4.674228e-01 3.901004e-01 6.946444e+00 1.586711e+01 2.789338e-01 3.0657e-03 6.3948e-03 -9.5338e-05 0.04845 2.61949e-01 3.79552e-01 5.70671e-01 2.11244e-02
17.250798 1.32485610e-01 6.33344971e-02 1.95820107e-01 -3.96437124e-02 4.76583894e+00 1.89047491e+00 5.32505108e-02 4.780481e-01 3.966720e-01 6.736352e+00 1.561408e+01 2.623101e-01 3.0523e-03 6.1409e-03 -9.7925e-05 0.04849 2.58986e-01 3.75887e-01 5.69689e-01 2.09602e-02
17.500809 1.30932830e-01 6.39581336e-02 1.94890963e-01 -4.06886998e-02 4.70512595e+00 1.89849767e+00 5.28289890e-02 4.884805e-01 4.034956e-01 6.819572e+00 1.584643e+01 2.428483e-01 3.0388e-03 5.9534e-03 -1.0052e-04 0.04901 2.57157e-01 3.74534e-01 5.72155e-01 2.08374e-02
17.750821 1.29535639e-01 6.45441226e-02 1.94079761e-01 -4.19307307e-02 4.64794696e+00 1.90546768e+00 5.24273172e-02 4.982731e-01 4.099590e-01 7.021519e+00 1.610458e+01 2.246761e-01 3.0172e-03 5.8298e-03 -1.0314e-04 0.04988 2.56259e-01 3.75256e-01 5.77082e-01 2.07458e-02
18.000832 1.28326147e-01 6.50735535e-02 1.93399701e-01 -4.33933462e-02 4.59500645e+00 1.91032100e+00 5.20426196e-02 5.070950e-01 4.157385e-01 7.337314e+00 1.620216e+01 2.080491e-01 2.9843e-03 5.7157e-03 -1.0580e-04 0.05087 2.55726e-01 3.77254e-01 5.83281e-01 2.06523e-02
18.250844 1.27324060e-01 6.55359898e-02 1.92860050e-01 -4.50840198e-02 4.54711218e+00 1.91127913e+00 5.16671305e-02 5.147180e-01 4.203281e-01 7.682231e+00 1.604410e+01 1.942650e-01 2.9348e-03 5.6003e-03 -1.0850e-04 0.05188 2.55048e-01 3.79649e-01 5.89812e-01 2.05421e-02
18.500856 1.26535205e-01 6.59245128e-02 1.92459718e-01 -4.69994888e-02 4.50943569e+00 1.90881256e+00 5.13459860e-02 5.209974e-01 4.232930e-01 7.756314e+00 1.564442e+01 1.860566e-01 2.8664e-03 5.5115e-03 -1.1126e-04 0.05283 2.54138e-01 3.81907e-01 5.95976e-01 2.04355e-02
18.750867 1.25946213e-01 6.62301008e-02 1.92176314e-01 -4.91267258e-02 4.48728001e+00 1.90623060e+00 5.11480848e-02 5.258602e-01 4.248076e-01 8.011843e+00 1.512004e+01 1.847162e-01 2.7996e-03 5.4671e-03 -1.1408e-04 0.05368 2.53164e-01 3.83576e-01 6.01050e-01 2.03580e-02
19.000879 1.25525191e-01 6.64412231e-02 1.91966414e-01 -5.14378031e-02 4.48275456e+00 1.90683656e+00 5.11167290e-02 5.293059e-01 4.253716e-01 8.272227e+00 1.505666e+01 1.908554e-01 2.7749e-03 5.4802e-03 -1.1694e-04 0.05442 2.52270e-01 3.84292e-01 6.04594e-01 2.03212e-02
19.250890 1.25226565e-01 6.65542200e-02 1.91780785e-01 -5.38862725e-02 4.49469240e+00 1.90704256e+00 5.12138796e-02 5.314705e-01 4.242877e-01 8.472360e+00 1.562804e+01 2.051081e-01 2.8044e-03 5.5252e-03 -1.1980e-04 0.05498 2.51822e-01 3.84577e-01 6.07365e-01 2.03239e-02
19.500902 1.24997795e-01 6.65913040e-02 1.91589099e-01 -5.64129536e-02 4.51908509e+00 1.89821524e+00 5.13384027e-02 5.327398e-01 4.200441e-01 8.689662e+00 1.633820e+01 2.257494e-01 2.8364e-03 5.5566e-03 -1.2264e-04 0.05539 2.52455e-01 3.85702e-01 6.10982e-01 2.03672e-02
19.750913 1.24786177e-01 6.65990794e-02 1.91385256e-01 -5.89491513e-02 4.54976889e+00 1.87945124e+00 5.14337611e-02 5.337056e-01 4.130872e-01 9.180146e+00 1.719772e+01 2.484262e-01 2.8295e-03 5.5582e-03 -1.2542e-04 0.05560 2.54427e-01 3.88396e-01 6.16248e-01 2.04471e-02
20.000925 1.24547906e-01 6.66239125e-02 1.91171818e-01 -6.14135228e-02 4.57913439e+00 1.85873814e+00 5.15029803e-02 5.349260e-01 4.059147e-01 9.651542e+00 1.816897e+01 2.679233e-01 2.7915e-03 5.5574e-03 -1.2812e-04 0.05565 2.57398e-01 3.92504e-01 6.22724e-01 2.05525e-02
20.250937 1.24256806e-01 6.66923973e-02 1.90949203e-01 -6.37142681e-02 4.59979745e+00 1.84514775e+00 5.15595615e-02 5.367303e-01 4.011367e-01 1.020795e+01 1.915887e+01 2.816737e-01 2.7463e-03 5.6048e-03 -1.3075e-04 0.05555 2.60766e-01 3.97558e-01 6.29541e-01 2.06657e-02
20.500948 1.23907220e-01 6.68057956e-02 1.90713016e-01 -6.57606326e-02 4.60715045e+00 1.84461471e+00 5.16141213e-02 5.391598e-01 4.003808e-01 1.091074e+01 1.997570e+01 2.917168e-01 2.7122e-03 5.7417e-03 -1.3333e-04 0.05539 2.64015e-01 4.03238e-01 6.36059e-01 2.07675e-02
20.750960 1.23512239e-01 6.69413843e-02 1.90453623e-01 -6.74793253e-02 4.60098272e+00 1.85826289e+00 5.16739649e-02 5.419818e-01 4.038839e-01 1.181123e+01 2.049134e+01 3.026570e-01 2.7099e-03 5.9925e-03 -1.3589e-04 0.05514 2.66927e-01 4.09567e-01 6.41972e-01 2.08448e-02
21.000971 1.23099502e-01 6.70605785e-02 1.90160081e-01 -6.88287388e-02 4.58430539e+00 1.88162173e+00 5.17274170e-02 5.447673e-01 4.104486e-01 1.268536e+01 2.067753e+01 3.181025e-01 2.7507e-03 6.3616e-03 -1.3847e-04 0.05483 2.69563e-01 4.16873e-01 6.47183e-01 2.08926e-02
21.250983 1.22703928e-01 6.71243760e-02 1.89828304e-01 -6.98069117e-02 4.56019374e+00 1.90724007e+00 5.17394704e-02 5.470434e-01 4.182366e-01 1.309521e+01 2.052980e+01 3.387275e-01 2.8206e-03 6.8421e-03 -1.4112e-04 0.05446 2.72096e-01 4.25351e-01 6.51694e-01 2.09101e-02
21.500994 1.22358668e-01 6.71081999e-02 1.89466868e-01 -7.04508440e-02 4.53022523e+00 1.92878188e+00 5.16720568e-02 5.484548e-01 4.257585e-01 1.305150e+01 2.013879e+01 3.625465e-01 2.8926e-03 7.4365e-03 -1.4383e-04 0.05406 2.74755e-01 4.34305e-01 6.55520e-01 2.08965e-02
21.751006 1.22087584e-01 6.70076950e-02 1.89095279e-01 -7.08258779e-02 4.49657674e+00 1.94196791e+00 5.15083572e-02 5.488494e-01 4.318770e-01 1.255406e+01 1.971375e+01 3.860404e-01 2.9339e-03 8.1110e-03 -1.4657e-04 0.05368 2.77792e-01 4.42255e-01 6.58699e-01 2.08601e-02
22.001017 1.21899109e-01 6.68366712e-02 1.88735781e-01 -7.10072184e-02 4.46450974e+00 1.94326594e+00 5.12622055e-02 5.482950e-01 4.352697e-01 1.191387e+01 1.965254e+01 4.051144e-01 2.9232e-03 8.6555e-03 -1.4929e-04 0.05335 2.81195e-01 4.48213e-01 6.61356e-01 2.08301e-02
22.251029 1.21781505e-01 6.66226494e-02 1.88404155e-01 -7.10612912e-02 4.44035684e+00 1.93098719e+00 5.09707522e-02 5.470671e-01 4.348721e-01 1.114961e+01 1.979647e+01 4.166777e-01 2.8670e-03 8.8082e-03 -1.5196e-04 0.05297 2.84694e-01 4.52289e-01 6.63722e-01 2.08492e-02
22.501041 1.21704128e-01 6.63996155e-02 1.88103744e-01 -7.10379593e-02 4.42751390e+00 1.90745998e+00 5.06797911e-02 5.455823e-01 4.308196e-01 1.035875e+01 1.992503e+01 4.202849e-01 2.7923e-03 8.5851e-03 -1.5455e-04 0.05255 2.88139e-01 4.55191e-01 6.66023e-01 2.09389e-02
22.751052 1.21625472e-01 6.61983230e-02 1.87823795e-01 -7.09753592e-02 4.42584551e+00 1.87783859e+00 5.04294728e-02 5.442801e-01 4.242892e-01 9.703212e+00 1.996961e+01 4.182734e-01 2.7183e-03 8.1896e-03 -1.5710e-04 0.05213 2.91501e-01 4.57492e-01 6.68301e-01 2.10863e-02
23.001064 1.21502577e-01 6.60396475e-02 1.87542224e-01 -7.09077115e-02 4.43339070e+00 1.84704814e+00 5.02435108e-02 5.435247e-01 4.166220e-01 9.204126e+00 1.989759e+01 4.141029e-01 2.6450e-03 7.7706e-03 -1.5963e-04 0.05173 2.94618e-01 4.59238e-01 6.70327e-01 2.12542e-02
23.251075 1.21298480e-01 6.59340475e-02 1.87232527e-01 -7.08676742e-02 4.44719632e+00 1.81788596e+00 5.01206582e-02 5.435686e-01 4.087712e-01 8.800811e+00 1.974155e+01 4.099950e-01 2.5709e-03 7.3739e-03 -1.6214e-04 0.05132 2.97173e-01 4.60077e-01 6.71731e-01 2.14105e-02
23.501087 1.20987910e-01 6.58852303e-02 1.86873140e-01 -7.08828104e-02 4.46319784e+00 1.79098561e+00 5.00334676e-02 5.445604e-01 4.012786e-01 8.498460e+00 1.949472e+01 4.059572e-01 2.5032e-03 7.0000e-03 -1.6465e-04 0.05091 2.98870e-01 4.59628e-01 6.72183e-01 2.15343e-02
23.751098 1.20561067e-01 6.58943008e-02 1.86455367e-01 -7.09704476e-02 4.47629090e+00 1.76601514e+00 4.99384483e-02 5.465637e-01 3.945264e-01 8.264028e+00 1.918175e+01 4.007241e-01 2.4479e-03 6.6523e-03 -1.6717e-04 0.05045 2.99539e-01 4.57723e-01 6.71465e-01 2.16136e-02
24.001110 1.20024436e-01 6.59622178e-02 1.85986654e-01 -7.11353832e-02 4.48119741e+00 1.74279378e+00 4.97919295e-02 5.495732e-01 3.889125e-01 8.034201e+00 1.883970e+01 3.933541e-01 2.4013e-03 6.3397e-03 -1.6971e-04 0.04998 2.99136e-01 4.54431e-01 6.69466e-01 2.16393e-02
24.251122 1.19398343e-01 6.60898371e-02 1.85488180e-01 -7.13716891e-02 4.47397647e+00 1.72202034e+00 4.95679745e-02 5.535239e-01 3.848970e-01 7.787696e+00 1.849399e+01 3.843038e-01 2.3525e-03 6.0631e-03 -1.7228e-04 0.04959 2.97700e-01 4.49980e-01 6.66193e-01 2.16083e-02
24.501133 1.18712963e-01 6.62755909e-02 1.84988554e-01 -7.16674148e-02 4.45304900e+00 1.70486284e+00 4.92632947e-02 5.582844e-01 3.828529e-01 7.566953e+00 1.816550e+01 3.745641e-01 2.3032e-03 5.8168e-03 -1.7489e-04 0.04932 2.95363e-01 4.44719e-01 6.61848e-01 2.15249e-02
24.751145 1.18004975e-01 6.65139015e-02 1.84518877e-01 -7.20112669e-02 4.41915297e+00 1.69136174e+00 4.88841177e-02 5.636534e-01 3.827344e-01 7.353110e+00 1.785784e+01 3.642629e-01 2.2711e-03 5.5963e-03 -1.7754e-04 0.04919 2.92400e-01 4.39145e-01 6.56913e-01 2.13988e-02
25.001156 1.17314433e-01 6.67964427e-02 1.84110875e-01 -7.23983545e-02 4.37472398e+00 1.68015301e+00 4.84390159e-02 5.693796e-01 3.840592e-01 7.120424e+00 1.757602e+01 3.527367e-01 2.2638e-03 5.3976e-03 -1.8021e-04 0.04921 2.89172e-01 4.33816e-01 6.52037e-01 2.12430e-02
25.251168 1.16680780e-01 6.71148196e-02 1.83795600e-01 -7.28320942e-02 4.32299878e+00 1.66951173e+00 4.79400841e-02 5.752003e-01 3.861930e-01 6.952464e+00 1.732329e+01 3.390388e-01 2.2715e-03 5.2141e-03 -1.8290e-04 0.04934 2.85991e-01 4.29173e-01 6.47793e-01 2.10633e-02
25.501179 1.16138742e-01 6.74632500e-02 1.83601992e-01 -7.33226234e-02 4.26709336e+00 1.65832566e+00 4.74033522e-02 5.808850e-01 3.886312e-01 6.940369e+00 1.710131e+01 3.223389e-01 2.2785e-03 5.0387e-03 -1.8560e-04 0.04955 2.83008e-01 4.25414e-01 6.44487e-01 2.08640e-02
25.751191 1.15716131e-01 6.78393230e-02 1.83555454e-01 -7.38833177e-02 4.20947362e+00 1.64677990e+00 4.68500281e-02 5.862564e-01 3.912080e-01 7.283616e+00 1.692267e+01 3.024581e-01 2.2730e-03 4.8675e-03 -1.8829e-04 0.04979 2.80180e-01 4.22465e-01 6.42110e-01 2.06499e-02
26.001202 1.15435149e-01 6.82405114e-02 1.83675661e-01 -7.45267217e-02 4.15208661e+00 1.63657336e+00 4.63092798e-02 5.911589e-01 3.941568e-01 7.664267e+00 1.674215e+01 2.803714e-01 2.2505e-03 4.7047e-03 -1.9098e-04 0.05004 2.77310e-01 4.20065e-01 6.40447e-01 2.04209e-02
26.251214 1.15316402e-01 6.86569214e-02 1.83973324e-01 -7.52609111e-02 4.09702067e+00 1.63035243e+00 4.58189848e-02 5.953786e-01 3.979361e-01 8.087332e+00 1.654318e+01 2.582613e-01 2.2180e-03 4.5648e-03 -1.9365e-04 0.05031 2.74172e-01 4.17944e-01 6.39264e-01 2.01795e-02
26.501226 1.15382089e-01 6.90647877e-02 1.84446877e-01 -7.60871706e-02 4.04716431e+00 1.63061324e+00 4.54222204e-02 5.985746e-01 4.029027e-01 8.586000e+00 1.631394e+01 2.388318e-01 2.1967e-03 4.4724e-03 -1.9632e-04 0.05060 2.70623e-01 4.16029e-01 6.38452e-01 1.99339e-02
26.751237 1.15654280e-01 6.94264337e-02 1.85080714e-01 -7.69996744e-02 4.00618293e+00 1.63868229e+00 4.51589218e-02 6.002928e-01 4.090383e-01 9.135566e+00 1.603501e+01 2.243123e-01 2.2193e-03 4.4622e-03 -1.9897e-04 0.05095 2.66682e-01 4.14563e-01 6.38001e-01 1.96980e-02
27.001249 1.16147279e-01 6.96996005e-02 1.85846879e-01 -7.79869714e-02 3.97751066e+00 1.65386157e+00 4.50509779e-02 6.000967e-01 4.158032e-01 9.505965e+00 1.572154e+01 2.161214e-01 2.3099e-03 4.5800e-03 -2.0161e-04 0.05138 2.62566e-01 4.14021e-01 6.37862e-01 1.94814e-02
27.251260 1.16857871e-01 6.98538024e-02 1.86711673e-01 -7.90338864e-02 3.96289516e+00 1.67285962e+00 4.50860382e-02 5.977672e-01 4.221307e-01 9.814442e+00 1.550214e+01 2.148848e-01 2.4611e-03 4.8706e-03 -2.0420e-04 0.05185 2.58680e-01 4.14755e-01 6.37850e-01 1.92872e-02
27.501272 1.17759453e-01 6.98858021e-02 1.87645255e-01 -8.01229271e-02 3.96171657e+00 1.69041889e+00 4.52170837e-02 5.934624e-01 4.266885e-01 9.761139e+00 1.555242e+01 2.199403e-01 2.6366e-03 5.3387e-03 -2.0673e-04 0.05234 2.55499e-01 4.16589e-01 6.37682e-01 1.91150e-02
27.751283 1.18803124e-01 6.98252853e-02 1.88628410e-01 -8.12361008e-02 3.97187633e+00 1.70129263e+00 4.53853516e-02 5.877395e-01 4.283347e-01 9.606661e+00 1.572496e+01 2.294439e-01 2.7869e-03 5.8990e-03 -2.0915e-04 0.05286 2.53346e-01 4.18732e-01 6.37089e-01 1.89663e-02
28.001295 1.19923760e-01 6.97282585e-02 1.89652019e-01 -8.23576556e-02 3.99141055e+00 1.70234413e+00 4.55500375e-02 5.814382e-01 4.265019e-01 9.317369e+00 1.578582e+01 2.418452e-01 2.8729e-03 6.3884e-03 -2.1146e-04 0.05338 2.52215e-01 4.20131e-01 6.35859e-01 1.88502e-02
28.251307 1.21048530e-01 6.96624255e-02 1.90710955e-01 -8.34758910e-02 4.01913703e+00 1.69348807e+00 4.57010008e-02 5.754917e-01 4.213561e-01 8.850113e+00 1.605892e+01 2.569622e-01 2.8871e-03 6.7047e-03 -2.1365e-04 0.05383 2.51832e-01 4.19923e-01 6.33847e-01 1.87747e-02
28.501318 1.22108225e-01 6.96899961e-02 1.91798221e-01 -8.45825361e-02 4.05404344e+00 1.67709386e+00 4.58490985e-02 5.707232e-01 4.136842e-01 8.409082e+00 1.672258e+01 2.758598e-01 2.8537e-03 6.9177e-03 -2.1573e-04 0.05419 2.51870e-01 4.17743e-01 6.31012e-01 1.87391e-02
28.751330 1.23050359e-01 6.98529062e-02 1.92903266e-01 -8.56709059e-02 4.09444389e+00 1.65655499e+00 4.60079910e-02 5.676774e-01 4.045861e-01 8.033668e+00 1.695508e+01 3.002264e-01 2.8076e-03 7.1561e-03 -2.1773e-04 0.05443 2.52084e-01 4.13776e-01 6.27473e-01 1.87391e-02
29.001341 1.23848199e-01 7.01656539e-02 1.94013853e-01 -8.67351690e-02 4.13761635e+00 1.63519401e+00 4.61824829e-02 5.665456e-01 3.952019e-01 7.675085e+00 1.684957e+01 3.312194e-01 2.7720e-03 7.4045e-03 -2.1967e-04 0.05453 2.52333e-01 4.08623e-01 6.23520e-01 1.87671e-02
29.251353 1.24500109e-01 7.06179802e-02 1.95118090e-01 -8.77717767e-02 4.18018881e+00 1.61609240e+00 4.63702497e-02 5.672122e-01 3.866075e-01 7.398322e+00 1.659686e+01 3.678876e-01 2.7538e-03 7.5320e-03 -2.2158e-04 0.05450 2.52591e-01 4.03055e-01 6.19561e-01 1.88146e-02
29.501364 1.25020112e-01 7.11835340e-02 1.96203646e-01 -8.87816387e-02 4.21922766e+00 1.60241618e+00 4.65731507e-02 5.693767e-01 3.797890e-01 7.213963e+00 1.669077e+01 4.064548e-01 2.7482e-03 7.4741e-03 -2.2351e-04 0.05440 2.52910e-01 3.97776e-01 6.15966e-01 1.88743e-02
29.751376 1.25426542e-01 7.18279925e-02 1.97254534e-01 -8.97702886e-02 4.25327380e+00 1.59711619e+00 4.68031199e-02 5.726698e-01 3.755028e-01 7.085822e+00 1.670278e+01 4.416803e-01 2.7564e-03 7.2901e-03 -2.2547e-04 0.05418 2.53343e-01 3.93247e-01 6.12907e-01 1.89405e-02
30.001387 1.25735244e-01 7.25149402e-02 1.98250184e-01 -9.07451718e-02 4.28263886e+00 1.60079582e+00 4.70674774e-02 5.767272e-01 3.737873e-01 6.999337e+00 1.664916e+01 4.698184e-01 2.8092e-03 7.0957e-03 -2.2747e-04 0.05386 2.53926e-01 3.89713e-01 6.10412e-01 1.90097e-02
30.251399 1.25958073e-01 7.32125425e-02 1.99170615e-01 -9.17127104e-02 4.30885915e+00 1.61025005e+00 4.73528736e-02 5.812453e-01 3.737068e-01 6.926766e+00 1.660191e+01 4.901938e-01 2.9255e-03 6.9851e-03 -2.2953e-04 0.05351 2.54719e-01 3.87284e-01 6.08463e-01 1.90806e-02
30.501411 1.26103987e-01 7.38989834e-02 2.00002970e-01 -9.26782382e-02 4.33363032e+00 1.62072728e+00 4.76348608e-02 5.860162e-01 3.739884e-01 6.854134e+00 1.680335e+01 5.040635e-01 3.0754e-03 6.9907e-03 -2.3165e-04 0.05313 2.55753e-01 3.85884e-01 6.06936e-01 1.91540e-02
30.751422 1.26180826e-01 7.45630206e-02 2.00743846e-01 -9.36490505e-02 4.35784798e+00 1.62858732e+00 4.78914823e-02 5.909220e-01 3.737137e-01 6.778273e+00 1.687920e+01 5.130703e-01 3.2200e-03 7.0693e-03 -2.3382e-04 0.05271 2.56968e-01 3.85211e-01 6.05586e-01 1.92322e-02
31.001434 1.26196938e-01 7.52021509e-02 2.01399089e-01 -9.46379397e-02 4.38112615e+00 1.63185081e+00 4.81038157e-02 5.959111e-01 3.724729e-01 6.678419e+00 1.675907e+01 5.184788e-01 3.3384e-03 7.1370e-03 -2.3603e-04 0.05229 2.58224e-01 3.84875e-01 6.04205e-01 1.93163e-02
31.251445 1.26162317e-01 7.58210466e-02 2.01983363e-01 -9.56638475e-02 4.40178807e+00 1.62998445e+00 4.82541801e-02 6.009801e-01 3.703005e-01 6.547116e+00 1.653570e+01 5.206588e-01 3.4224e-03 7.1445e-03 -2.3827e-04 0.05192 2.59368e-01 3.84601e-01 6.02740e-01 1.94011e-02
31.501457 1.26089009e-01 7.64300667e-02 2.02519076e-01 -9.67490709e-02 4.41731281e+00 1.62376098e+00 4.83285903e-02 6.061596e-01 3.675902e-01 6.377432e+00 1.642423e+01 5.189355e-01 3.4678e-03 7.0908e-03 -2.4056e-04 0.05163 2.60279e-01 3.84292e-01 6.01268e-01 1.94776e-02
31.751468 1.25990447e-01 7.70433732e-02 2.03033820e-01 -9.79152913e-02 4.42514291e+00 1.61512858e+00 4.83221720e-02 6.115017e-01 3.649890e-01 6.196502e+00 1.639258e+01 5.121359e-01 3.4712e-03 6.9892e-03 -2.4288e-04 0.05141 2.60884e-01 3.83972e-01 5.99867e-01 1.95377e-02
32.001480 1.25880210e-01 7.76762773e-02 2.03556488e-01 -9.91800713e-02 4.42351497e+00 1.60683346e+00 4.82427874e-02 6.170650e-01 3.632481e-01 6.076082e+00 1.634937e+01 4.994708e-01 3.4323e-03 6.8565e-03 -2.4524e-04 0.05126 2.61138e-01 3.83705e-01 5.98538e-01 1.95742e-02
32.251491 1.25771733e-01 7.83416965e-02 2.04113430e-01 -1.00553754e-01 4.41204677e+00 1.60148057e+00 4.81082187e-02 6.228879e-01 3.629791e-01 5.996506e+00 1.631177e+01 4.812014e-01 3.3565e-03 6.7118e-03 -2.4763e-04 0.05117 2.61030e-01 3.83562e-01 5.97225e-01 1.95813e-02
32.501503 1.25679381e-01 7.90468015e-02 2.04726182e-01 -1.02036826e-01 4.39195025e+00 1.60041711e+00 4.79389389e-02 6.289560e-01 3.643978e-01 6.171356e+00 1.629463e+01 4.586877e-01 3.2552e-03 6.5625e-03 -2.5007e-04 0.05114 2.60597e-01 3.83583e-01 5.95891e-01 1.95581e-02
32.751515 1.25619166e-01 7.97915935e-02 2.05410760e-01 -1.03618784e-01 4.36580088e+00 1.60343994e+00 4.77539265e-02 6.351865e-01 3.672728e-01 6.581639e+00 1.630389e+01 4.337816e-01 3.1407e-03 6.3978e-03 -2.5254e-04 0.05116 2.59914e-01 3.83695e-01 5.94559e-01 1.95068e-02
33.001526 1.25606977e-01 8.05701508e-02 2.06177128e-01 -1.05279192e-01 4.33689816e+00 1.60960656e+00 4.75720378e-02 6.414465e-01 3.711423e-01 6.859758e+00 1.634590e+01 4.081890e-01 3.0233e-03 6.2056e-03 -2.5504e-04 0.05122 2.59056e-01 3.83723e-01 5.93335e-01 1.94313e-02
33.251538 1.25654624e-01 8.13733525e-02 2.07027977e-01 -1.06990271e-01 4.30843455e+00 1.61838580e+00 4.74145628e-02 6.475954e-01 3.756320e-01 7.078590e+00 1.640231e+01 3.835041e-01 2.9104e-03 5.9912e-03 -2.5758e-04 0.05130 2.58054e-01 3.83536e-01 5.92377e-01 1.93392e-02
33.501549 1.25766574e-01 8.21905854e-02 2.07957160e-01 -1.08719972e-01 4.28289856e+00 1.63030623e+00 4.73056383e-02 6.535169e-01 3.806549e-01 7.332291e+00 1.646035e+01 3.616343e-01 2.8062e-03 5.7750e-03 -2.6013e-04 0.05140 2.56903e-01 3.83157e-01 5.91844e-01 1.92443e-02
33.751561 1.25939718e-01 8.30089295e-02 2.08948648e-01 -1.10434875e-01 4.26203399e+00 1.64676317e+00 4.72703773e-02 6.591164e-01 3.863796e-01 7.655448e+00 1.649521e+01 3.447347e-01 2.7135e-03 5.5775e-03 -2.6270e-04 0.05150 2.55586e-01 3.82755e-01 5.91862e-01 1.91591e-02
34.001572 1.26165596e-01 8.38111191e-02 2.09976715e-01 -1.12102535e-01 4.24719781e+00 1.66924785e+00 4.73315653e-02 6.642946e-01 3.930233e-01 8.169969e+00 1.649130e+01 3.344903e-01 2.6357e-03 5.4139e-03 -2.6526e-04 0.05159 2.54108e-01 3.82601e-01 5.92516e-01 1.90951e-02
34.251584 1.26432626e-01 8.45750828e-02 2.11007709e-01 -1.13692809e-01 4.23961544e+00 1.69858253e+00 4.75055838e-02 6.689340e-01 4.006454e-01 8.656471e+00 1.642040e+01 3.314029e-01 2.5790e-03 5.2993e-03 -2.6781e-04 0.05167 2.52525e-01 3.83031e-01 5.93851e-01 1.90584e-02
34.501596 1.26726722e-01 8.52766352e-02 2.12003357e-01 -1.15177880e-01 4.24025161e+00 1.73452459e+00 4.77982096e-02 6.729176e-01 4.090617e-01 9.002683e+00 1.626471e+01 3.348080e-01 2.5484e-03 5.2630e-03 -2.7035e-04 0.05175 2.50985e-01 3.84360e-01 5.95867e-01 1.90486e-02
34.751607 1.27030513e-01 8.58945832e-02 2.12925096e-01 -1.16531346e-01 4.24948013e+00 1.77576442e+00 4.82019563e-02 6.761728e-01 4.178780e-01 9.285324e+00 1.605291e+01 3.435655e-01 2.5422e-03 5.3554e-03 -2.7288e-04 0.05183 2.49731e-01 3.86729e-01 5.98515e-01 1.90640e-02
35.001619 1.27322305e-01 8.64160951e-02 2.13738400e-01 -1.17727921e-01 4.26680163e+00 1.82020353e+00 4.86960413e-02 6.787192e-01 4.265967e-01 9.274421e+00 1.589749e+01 3.564266e-01 2.5530e-03 5.6135e-03 -2.7538e-04 0.05189 2.49020e-01 3.89964e-01 6.01697e-01 1.91048e-02
35.251630 1.27575988e-01 8.68402421e-02 2.14416230e-01 -1.18745714e-01 4.29063885e+00 1.86537660e+00 4.92481236e-02 6.806943e-01 4.347550e-01 9.259398e+00 1.602223e+01 3.717850e-01 2.5705e-03 5.9867e-03 -2.7786e-04 0.05193 2.48961e-01 3.93600e-01 6.05252e-01 1.91728e-02
35.501642 1.27762663e-01 8.71785512e-02 2.14941214e-01 -1.19571329e-01 4.31830981e+00 1.90899065e+00 4.98184037e-02 6.823476e-01 4.420689e-01 9.041891e+00 1.638267e+01 3.877237e-01 2.5838e-03 6.3319e-03 -2.8032e-04 0.05196 2.49395e-01 3.97050e-01 6.08946e-01 1.92675e-02
35.751653 1.27853699e-01 8.74524183e-02 2.15306117e-01 -1.20204830e-01 4.34643202e+00 1.94951452e+00 5.03675723e-02 6.840038e-01 4.485322e-01 8.730613e+00 1.670689e+01 4.025755e-01 2.5862e-03 6.5384e-03 -2.8274e-04 0.05202 2.49997e-01 3.99830e-01 6.12527e-01 1.93795e-02
36.001665 1.27824094e-01 8.76881992e-02 2.15512293e-01 -1.20660907e-01 4.37173703e+00 1.98642912e+00 5.08653292e-02 6.860068e-01 4.543798e-01 8.483577e+00 1.691717e+01 4.153760e-01 2.5787e-03 6.6144e-03 -2.8513e-04 0.05207 2.50468e-01 4.01673e-01 6.15782e-01 1.94932e-02
36.251676 1.27655434e-01 8.79114151e-02 2.15566850e-01 -1.20965568e-01 4.39184454e+00 2.01995022e+00 5.12943581e-02 6.886618e-01 4.599321e-01 8.255140e+00 1.706483e+01 4.258684e-01 2.5665e-03 6.6273e-03 -2.8750e-04 0.05210 2.50646e-01 4.02505e-01 6.18563e-01 1.95934e-02
36.501688 1.27338480e-01 8.81413252e-02 2.15479805e-01 -1.21150529e-01 4.40557164e+00 2.05063964e+00 5.16496903e-02 6.921814e-01 4.654651e-01 8.035420e+00 1.717564e+01 4.342329e-01 2.5528e-03 6.6170e-03 -2.8986e-04 0.05209 2.50481e-01 4.02366e-01 6.20752e-01 1.96681e-02
36.751700 1.26875086e-01 8.83868316e-02 2.15261918e-01 -1.21247771e-01 4.41276829e+00 2.07930195e+00 5.19365619e-02 6.966445e-01 4.712013e-01 7.826273e+00 1.724394e+01 4.409373e-01 2.5388e-03 6.5788e-03 -2.9220e-04 0.05206 2.49973e-01 4.01337e-01 6.22227e-01 1.97113e-02
37.001711 1.26278418e-01 8.86448532e-02 2.14923271e-01 -1.21285574e-01 4.41394809e+00 2.10693445e+00 5.21670603e-02 7.019794e-01 4.773356e-01 7.655129e+00 1.725912e+01 4.467762e-01 2.5274e-03 6.4923e-03 -2.9453e-04 0.05200 2.49130e-01 3.99508e-01 6.22874e-01 1.97233e-02
37.251723 1.25570822e-01 8.89023207e-02 2.14473143e-01 -1.21286616e-01 4.40991746e+00 2.13404505e+00 5.23517001e-02 7.079855e-01 4.839195e-01 7.515541e+00 1.722681e+01 4.526387e-01 2.5279e-03 6.3470e-03 -2.9685e-04 0.05190 2.47983e-01 3.96979e-01 6.22646e-01 1.97092e-02
37.501734 1.24780237e-01 8.91421970e-02 2.13922434e-01 -1.21268725e-01 4.40141206e+00 2.15940098e+00 5.24865044e-02 7.143936e-01 4.906155e-01 7.408991e+00 1.715095e+01 4.588097e-01 2.5515e-03 6.1506e-03 -2.9918e-04 0.05178 2.46629e-01 3.93932e-01 6.21631e-01 1.96766e-02
37.751746 1.23936676e-01 8.93516850e-02 2.13288361e-01 -1.21248059e-01 4.38881067e+00 2.17968543e+00 5.25479688e-02 7.209463e-01 4.966460e-01 8.213371e+00 1.705864e+01 4.645890e-01 2.5991e-03 5.9231e-03 -3.0150e-04 0.05166 2.45251e-01 3.90685e-01 6.20069e-01 1.96335e-02
38.001757 1.23069684e-01 8.95282041e-02 2.12597888e-01 -1.21242563e-01 4.37213343e+00 2.19105284e+00 5.25054902e-02 7.274594e-01 5.011404e-01 8.892233e+00 1.696174e+01 4.688732e-01 2.6569e-03 5.6865e-03 -3.0384e-04 0.05157 2.44058e-01 3.87627e-01 6.18303e-01 1.95861e-02
38.251769 1.22206936e-01 8.96794644e-02 2.11886400e-01 -1.21273154e-01 4.35129999e+00 2.19136481e+00 5.23413184e-02 7.338329e-01 5.036115e-01 9.375769e+00 1.687348e+01 4.709706e-01 2.7067e-03 5.4578e-03 -3.0618e-04 0.05154 2.43194e-01 3.85065e-01 6.16645e-01 1.95374e-02
38.501781 1.21373822e-01 8.98184603e-02 2.11192282e-01 -1.21362078e-01 4.32637239e+00 2.18112117e+00 5.20599485e-02 7.400151e-01 5.041455e-01 9.656961e+00 1.679714e+01 4.707666e-01 2.7376e-03 5.2492e-03 -3.0853e-04 0.05158 2.42680e-01 3.83115e-01 6.15264e-01 1.94883e-02
38.751792 1.20593573e-01 8.99577321e-02 2.10551305e-01 -1.21529778e-01 4.29762406e+00 2.16265684e+00 5.16822472e-02 7.459579e-01 5.032215e-01 9.762781e+00 1.674463e+01 4.683722e-01 2.7488e-03 5.0692e-03 -3.1090e-04 0.05169 2.42435e-01 3.81721e-01 6.14177e-01 1.94372e-02
39.001804 1.19887313e-01 9.01064435e-02 2.09993757e-01 -1.21791981e-01 4.26550226e+00 2.13872059e+00 5.12337828e-02 7.515928e-01 5.013995e-01 9.727977e+00 1.669962e+01 4.637817e-01 2.7446e-03 4.9212e-03 -3.1327e-04 0.05187 2.42335e-01 3.80736e-01 6.13320e-01 1.93819e-02
39.251815 1.19273708e-01 9.02706337e-02 2.09544342e-01 -1.22158027e-01 4.23058936e+00 2.11154646e+00 5.07370865e-02 7.568360e-01 4.991140e-01 9.583070e+00 1.666090e+01 4.567666e-01 2.7294e-03 4.8032e-03 -3.1565e-04 0.05210 2.42278e-01 3.80026e-01 6.12630e-01 1.93203e-02
39.501827 1.18768353e-01 9.04548193e-02 2.09223173e-01 -1.22630536e-01 4.19358901e+00 2.08269725e+00 5.02102901e-02 7.616071e-01 4.966384e-01 9.381393e+00 1.662842e+01 4.469383e-01 2.7050e-03 4.7096e-03 -3.1803e-04 0.05237 2.42203e-01 3.79515e-01 6.12076e-01 1.92507e-02
39.751838 1.18383293e-01 9.06630718e-02 2.09046365e-01 -1.23206010e-01 4.15532948e+00 2.05335529e+00 4.96694782e-02 7.658435e-01 4.941498e-01 9.118401e+00 1.660111e+01 4.338714e-01 2.6712e-03 4.6342e-03 -3.2041e-04 0.05266 2.42087e-01 3.79186e-01 6.11655e-01 1.91728e-02
40.001850 1.18126886e-01 9.08988184e-02 2.09025704e-01 -1.23875820e-01 4.11679526e+00 2.02464991e+00 4.91315614e-02 7.695015e-01 4.918024e-01 8.799334e+00 1.657183e+01 4.172651e-01 2.6269e-03 4.5727e-03 -3.2279e-04 0.05298 2.41912e-01 3.79036e-01 6.11363e-01 1.90873e-02
40.251861 1.18003980e-01 9.11636207e-02 2.09167600e-01 -1.24627266e-01 4.07919309e+00 1.99780882e+00 4.86160153e-02 7.725470e-01 4.897559e-01 8.461635e+00 1.652419e+01 3.971641e-01 2.5721e-03 4.5224e-03 -3.2516e-04 0.05331 2.41652e-01 3.79050e-01 6.11194e-01 1.89970e-02
40.501873 1.18016295e-01 9.14555554e-02 2.09471850e-01 -1.25444613e-01 4.04401363e+00 1.97411759e+00 4.81450497e-02 7.749401e-01 4.881580e-01 8.096515e+00 1.644172e+01 3.742057e-01 2.5089e-03 4.4828e-03 -3.2753e-04 0.05364 2.41267e-01 3.79191e-01 6.11156e-01 1.89039e-02
40.751885 1.18162960e-01 9.17677543e-02 2.09930714e-01 -1.26310172e-01 4.01302369e+00 1.95477620e+00 4.77423991e-02 7.766203e-01 4.871081e-01 7.694887e+00 1.632569e+01 3.497824e-01 2.4418e-03 4.4551e-03 -3.2989e-04 0.05397 2.40716e-01 3.79430e-01 6.11301e-01 1.88120e-02
41.001896 1.18441120e-01 9.20875176e-02 2.10528638e-01 -1.27205504e-01 3.98815926e+00 1.94075514e+00 4.74313152e-02 7.774962e-01 4.866293e-01 7.306172e+00 1.612826e+01 3.259991e-01 2.3775e-03 4.4431e-03 -3.3225e-04 0.05428 2.39974e-01 3.79783e-01 6.11736e-01 1.87272e-02
41.251908 1.18846276e-01 9.23963978e-02 2.11242674e-01 -1.28112641e-01 3.97134024e+00 1.93267796e+00 4.72321456e-02 7.774446e-01 4.866564e-01 7.400142e+00 1.586683e+01 3.053634e-01 2.3247e-03 4.4541e-03 -3.3459e-04 0.05462 2.39051e-01 3.80348e-01 6.12596e-01 1.86561e-02
41.501919 1.19371898e-01 9.26717577e-02 2.12043655e-01 -1.29015023e-01 3.96422570e+00 1.93066181e+00 4.71591001e-02 7.763281e-01 4.870212e-01 7.601222e+00 1.552522e+01 2.902481e-01 2.2917e-03 4.5030e-03 -3.3693e-04 0.05493 2.38005e-01 3.81301e-01 6.13972e-01 1.86049e-02
41.751931 1.20008076e-01 9.28902562e-02 2.12898332e-01 -1.29897825e-01 3.96789890e+00 1.93406924e+00 4.72157451e-02 7.740334e-01 4.874291e-01 7.939771e+00 1.515700e+01 2.823022e-01 2.2797e-03 4.6216e-03 -3.3925e-04 0.05521 2.36957e-01 3.82844e-01 6.15832e-01 1.85772e-02
42.001942 1.20739708e-01 9.30330614e-02 2.13772769e-01 -1.30747713e-01 3.98250689e+00 1.94130703e+00 4.73905114e-02 7.705258e-01 4.874585e-01 8.232536e+00 1.486066e+01 2.820076e-01 2.2809e-03 4.8567e-03 -3.4156e-04 0.05549 2.36084e-01 3.85083e-01 6.17990e-01 1.85743e-02
42.251954 1.21545314e-01 9.30913891e-02 2.14636703e-01 -1.31552706e-01 4.00699634e+00 1.94993726e+00 4.76554688e-02 7.658986e-01 4.866332e-01 8.411467e+00 1.486178e+01 2.884845e-01 2.2875e-03 5.2308e-03 -3.4385e-04 0.05576 2.35562e-01 3.87887e-01 6.20155e-01 1.85954e-02
42.501966 1.22397371e-01 9.30702565e-02 2.15467627e-01 -1.32303111e-01 4.03918873e+00 1.95719825e+00 4.79710959e-02 7.603942e-01 4.845523e-01 8.394730e+00 1.511343e+01 2.997181e-01 2.2951e-03 5.6826e-03 -3.4610e-04 0.05600 2.35473e-01 3.90847e-01 6.22022e-01 1.86372e-02
42.751977 1.23263913e-01 9.29890251e-02 2.16252939e-01 -1.32993455e-01 4.07634611e+00 1.96076368e+00 4.82968783e-02 7.543897e-01 4.810101e-01 8.395232e+00 1.534022e+01 3.133260e-01 2.3002e-03 6.0820e-03 -3.4831e-04 0.05621 2.35753e-01 3.93409e-01 6.23338e-01 1.86955e-02
43.001989 1.24110389e-01 9.28785096e-02 2.16988899e-01 -1.33623608e-01 4.11600376e+00 1.95948038e+00 4.86038731e-02 7.483540e-01 4.760638e-01 8.231749e+00 1.547725e+01 3.274255e-01 2.3006e-03 6.3278e-03 -3.5048e-04 0.05636 2.36247e-01 3.95114e-01 6.23971e-01 1.87668e-02
43.252000 1.24901576e-01 9.27749573e-02 2.17676533e-01 -1.34197422e-01 4.15654475e+00 1.95383091e+00 4.88830053e-02 7.427845e-01 4.700613e-01 7.943681e+00 1.556797e+01 3.410355e-01 2.2979e-03 6.4063e-03 -3.5260e-04 0.05645 2.36790e-01 3.95769e-01 6.23926e-01 1.88473e-02
43.502012 1.25604409e-01 9.27116004e-02 2.18316010e-01 -1.34719331e-01 4.19718514e+00 1.94597493e+00 4.91452806e-02 7.381238e-01 4.636381e-01 7.594348e+00 1.567794e+01 3.539971e-01 2.2950e-03 6.3588e-03 -3.5470e-04 0.05645 2.37258e-01 3.95414e-01 6.23306e-01 1.89318e-02
43.752023 1.26191988e-01 9.27096507e-02 2.18901639e-01 -1.35190826e-01 4.23749093e+00 1.93936681e+00 4.94148619e-02 7.346714e-01 4.576687e-01 7.299947e+00 1.576607e+01 3.667153e-01 2.2973e-03 6.2374e-03 -3.5679e-04 0.05636 2.37563e-01 3.94183e-01 6.22202e-01 1.90127e-02
44.002035 1.26647492e-01 9.27718889e-02 2.19419381e-01 -1.35608779e-01 4.27685033e+00 1.93779357e+00 4.97171512e-02 7.325205e-01 4.530889e-01 6.982399e+00 1.579224e+01 3.799086e-01 2.3205e-03 6.0891e-03 -3.5888e-04 0.05618 2.37639e-01 3.92199e-01 6.20646e-01 1.90830e-02
44.252046 1.26966253e-01 9.28820108e-02 2.19848263e-01 -1.35966869e-01 4.31434150e+00 1.94365545e+00 5.00639756e-02 7.315488e-01 4.505103e-01 6.671385e+00 1.574736e+01 3.943950e-01 2.3928e-03 5.9488e-03 -3.6098e-04 0.05595 2.37457e-01 3.89579e-01 6.18654e-01 1.91391e-02
44.502058 1.27155241e-01 9.30108018e-02 2.20166042e-01 -1.36259759e-01 4.34892121e+00 1.95628538e+00 5.04416527e-02 7.314744e-01 4.498323e-01 6.856285e+00 1.561681e+01 4.105142e-01 2.5348e-03 5.8318e-03 -3.6309e-04 0.05566 2.37061e-01 3.86499e-01 6.16300e-01 1.91811e-02
44.752070 1.27230618e-01 9.31267557e-02 2.20357374e-01 -1.36487815e-01 4.37953734e+00 1.97174087e+00 5.08102257e-02 7.319524e-01 4.502167e-01 7.431409e+00 1.541912e+01 4.273352e-01 2.7357e-03 5.7360e-03 -3.6522e-04 0.05534 2.36591e-01 3.83262e-01 6.13764e-01 1.92109e-02
45.002081 1.27214254e-01 9.32066008e-02 2.20420855e-01 -1.36659802e-01 4.40524592e+00 1.98442478e+00 5.11173656e-02 7.326742e-01 4.504686e-01 8.065547e+00 1.518281e+01 4.429781e-01 2.9569e-03 5.6528e-03 -3.6736e-04 0.05500 2.36253e-01 3.80255e-01 6.11302e-01 1.92321e-02
45.252093 1.27129934e-01 9.32415319e-02 2.20371466e-01 -1.36792570e-01 4.42540024e+00 1.98954958e+00 5.13195985e-02 7.334349e-01 4.495751e-01 8.624439e+00 1.492824e+01 4.557443e-01 3.1549e-03 5.5732e-03 -3.6952e-04 0.05467 2.36230e-01 3.77813e-01 6.09151e-01 1.92495e-02
45.502104 1.27000566e-01 9.32372334e-02 2.20237799e-01 -1.36908713e-01 4.43965288e+00 1.98483719e+00 5.13959206e-02 7.341482e-01 4.470704e-01 8.915950e+00 1.477069e+01 4.646811e-01 3.3014e-03 5.4884e-03 -3.7170e-04 0.05437 2.36596e-01 3.76105e-01 6.07437e-01 1.92672e-02
45.752116 1.26847592e-01 9.32090798e-02 2.20056672e-01 -1.37033545e-01 4.44776698e+00 1.97063353e+00 5.13472040e-02 7.348116e-01 4.430613e-01 8.965740e+00 1.482800e+01 4.695138e-01 3.3866e-03 5.3937e-03 -3.7389e-04 0.05411 2.37303e-01 3.75124e-01 6.06169e-01 1.92855e-02
46.002127 1.26692374e-01 9.31754216e-02 2.19867795e-01 -1.37192067e-01 4.44954380e+00 1.94908322e+00 5.11890162e-02 7.354462e-01 4.380411e-01 8.821844e+00 1.487011e+01 4.704847e-01 3.4133e-03 5.2944e-03 -3.7611e-04 0.05389 2.38215e-01 3.74751e-01 6.05270e-01 1.93023e-02
46.252139 1.26557967e-01 9.31514466e-02 2.19709414e-01 -1.37406439e-01 4.44500019e+00 1.92312262e+00 5.09449825e-02 7.360378e-01 4.326485e-01 8.553506e+00 1.489377e+01 4.682192e-01 3.3910e-03 5.2049e-03 -3.7834e-04 0.05374 2.39169e-01 3.74810e-01 6.04612e-01 1.93145e-02
46.502151 1.26469503e-01 9.31457957e-02 2.19615299e-01 -1.37694545e-01 4.43459049e+00 1.89547938e+00 5.06405590e-02 7.365080e-01 4.274305e-01 8.227735e+00 1.488553e+01 4.635149e-01 3.3346e-03 5.1402e-03 -3.8059e-04 0.05365 2.40020e-01 3.75123e-01 6.04038e-01 1.93166e-02
46.752162 1.26452365e-01 9.31612842e-02 2.19613649e-01 -1.38069995e-01 4.41922860e+00 1.86795196e+00 5.02974444e-02 7.367303e-01 4.226873e-01 7.847421e+00 1.486592e+01 4.570737e-01 3.2592e-03 5.1080e-03 -3.8285e-04 0.05363 2.40679e-01 3.75528e-01 6.03389e-01 1.93039e-02
47.002174 1.26528898e-01 9.31987391e-02 2.19727637e-01 -1.38543033e-01 4.40009616e+00 1.84135276e+00 4.99315913e-02 7.365807e-01 4.184801e-01 7.455869e+00 1.481789e+01 4.493489e-01 3.1764e-03 5.1054e-03 -3.8512e-04 0.05368 2.41101e-01 3.75890e-01 6.02531e-01 1.92739e-02
47.252185 1.26715393e-01 9.32609650e-02 2.19976358e-01 -1.39121312e-01 4.37841461e+00 1.81600474e+00 4.95553547e-02 7.359877e-01 4.147631e-01 7.069262e+00 1.474577e+01 4.406043e-01 3.0918e-03 5.1197e-03 -3.8738e-04 0.05379 2.41265e-01 3.76082e-01 6.01365e-01 1.92261e-02
47.502197 1.27020795e-01 9.33542654e-02 2.20375061e-01 -1.39809869e-01 4.35535535e+00 1.79227467e+00 4.91810402e-02 7.349526e-01 4.115105e-01 6.664050e+00 1.467248e+01 4.310830e-01 3.0080e-03 5.1314e-03 -3.8964e-04 0.05394 2.41155e-01 3.75977e-01 5.99832e-01 1.91614e-02
47.752208 1.27447308e-01 9.34870749e-02 2.20934383e-01 -1.40610435e-01 4.33213049e+00 1.77077362e+00 4.88232329e-02 7.335351e-01 4.087535e-01 6.743374e+00 1.458575e+01 4.211404e-01 2.9268e-03 5.1222e-03 -3.9190e-04 0.05412 2.40762e-01 3.75467e-01 5.97934e-01 1.90823e-02
48.002220 1.27991959e-01 9.36670931e-02 2.21659053e-01 -1.41520666e-01 4.31014713e+00 1.75223819e+00 4.84990826e-02 7.318201e-01 4.065379e-01 6.975675e+00 1.449715e+01 4.113057e-01 2.8502e-03 5.0809e-03 -3.9414e-04 0.05433 2.40099e-01 3.74517e-01 5.95748e-01 1.89931e-02
48.252231 1.28648006e-01 9.38987383e-02 2.22546744e-01 -1.42533933e-01 4.29103233e+00 1.73733247e+00 4.82269184e-02 7.298888e-01 4.048752e-01 7.207462e+00 1.442494e+01 4.022839e-01 2.7802e-03 5.0063e-03 -3.9638e-04 0.05454 2.39217e-01 3.73206e-01 5.93435e-01 1.89005e-02
48.502243 1.29405637e-01 9.41820257e-02 2.23587663e-01 -1.43639838e-01 4.27643339e+00 1.72656016e+00 4.80239485e-02 7.278047e-01 4.037384e-01 7.401170e+00 1.437981e+01 3.948707e-01 2.7178e-03 4.9066e-03 -3.9861e-04 0.05474 2.38205e-01 3.71718e-01 5.91216e-01 1.88133e-02
48.752255 1.30252141e-01 9.45129716e-02 2.24765113e-01 -1.44825271e-01 4.26769015e+00 1.72029688e+00 4.79038962e-02 7.256155e-01 4.030979e-01 7.585208e+00 1.436550e+01 3.897591e-01 2.6631e-03 4.7959e-03 -4.0084e-04 0.05491 2.37173e-01 3.70297e-01 5.89320e-01 1.87412e-02
49.002266 1.31171932e-01 9.48849624e-02 2.26056894e-01 -1.46075534e-01 4.26557442e+00 1.71885327e+00 4.78754215e-02 7.233633e-01 4.029594e-01 7.758732e+00 1.438689e+01 3.872883e-01 2.6157e-03 4.6909e-03 -4.0305e-04 0.05506 2.36232e-01 3.69184e-01 5.87933e-01 1.86924e-02
49.252278 1.32146751e-01 9.52903377e-02 2.27437089e-01 -1.47375118e-01 4.27023499e+00 1.72249259e+00 4.79418206e-02 7.210948e-01 4.033719e-01 7.901466e+00 1.443961e+01 3.872872e-01 2.5757e-03 4.6073e-03 -4.0524e-04 0.05518 2.35478e-01 3.68573e-01 5.87169e-01 1.86719e-02
49.502289 1.33156132e-01 9.57216342e-02 2.28877766e-01 -1.48707931e-01 4.28135517e+00 1.73136933e+00 4.81017960e-02 7.188676e-01 4.043975e-01 8.018916e+00 1.451937e+01 3.891757e-01 2.5439e-03 4.5594e-03 -4.0743e-04 0.05527 2.34985e-01 3.68596e-01 5.87060e-01 1.86814e-02
49.752301 1.34178032e-01 9.61722938e-02 2.30350326e-01 -1.50057019e-01 4.29841284e+00 1.74541121e+00 4.83505924e-02 7.167514e-01 4.060595e-01 8.103303e+00 1.462456e+01 3.923125e-01 2.5215e-03 4.5611e-03 -4.0961e-04 0.05534 2.34808e-01 3.69312e-01 5.87578e-01 1.87198e-02
49.999845 1.35179697e-01 9.66322752e-02 2.31811972e-01 -1.51390849e-01 4.32064333e+00 1.76401718e+00 4.86772841e-02 7.148431e-01 4.082765e-01 8.149246e+00 1.473925e+01 3.962824e-01 2.5087e-03 4.6241e-03 -4.1176e-04 0.05540 2.34983e-01 3.70696e-01 5.88648e-01 1.87841e-02
