# tg_mhd (CUDA FP64)  tgc_noslip_cond_n384_re500_ramp1  N=384 L=384 Re=500 Pm=1 u0=0.05 nu_lat=1.219127e-02 eta_lat=1.219127e-02 tau_f=0.536574 tau_m=0.548765 dt=4.101296e-04 fw=profile
# t E_V E_M E_T H_C Omega_V Omega_M eps EM/EV OmM/OmV j_max w_max skew divb/j divb_wall/j mass_drift umax_lat fw1 fw2 fw4 tau_wall
0.000000 1.25000000e-01 1.25000000e-01 2.50000000e-01 -1.57300808e-20 3.74991590e-01 1.49986544e+00 7.49942812e-03 1.000000e+00 3.999731e+00 3.463888e+00 1.999944e+00 1.456232e-18 5.4336e-15 1.1048e-14 +0.0000e+00 0.05000 5.70547e-02 1.14678e-01 2.32241e-01 1.36768e-10
0.100072 1.24595290e-01 1.24190261e-01 2.48785552e-01 7.19751702e-05 4.42276934e-01 1.49666497e+00 7.75576761e-03 9.967492e-01 3.384000e+00 3.540551e+00 6.545971e+00 1.375630e-01 3.0351e-05 1.7989e-04 -4.8445e-07 0.05083 8.59478e-02 1.41761e-01 2.55819e-01 4.70769e-03
0.200143 1.23838217e-01 1.23488067e-01 2.47326283e-01 1.85201064e-04 5.95928360e-01 1.50878532e+00 8.41885470e-03 9.971725e-01 2.531823e+00 3.643635e+00 9.960350e+00 2.992909e-02 6.0647e-05 3.9381e-04 -9.6205e-06 0.05112 1.40791e-01 1.92960e-01 3.00027e-01 7.65461e-03
0.300215 1.22540640e-01 1.23185554e-01 2.45726194e-01 2.67323945e-04 9.96224638e-01 1.54240290e+00 1.01545102e-02 1.005263e+00 1.548248e+00 3.769940e+00 1.378702e+01 2.006021e-01 1.0247e-04 6.6189e-04 -6.1525e-06 0.05186 2.59988e-01 3.05098e-01 3.97526e-01 1.24120e-02
0.400286 1.20331950e-01 1.22818182e-01 2.43150133e-01 2.96062736e-04 1.62902685e+00 1.59684590e+00 1.29034910e-02 1.020661e+00 9.802453e-01 3.962961e+00 2.028755e+01 2.245979e-01 1.5486e-04 9.8092e-04 +5.5173e-06 0.05227 3.85683e-01 4.24810e-01 5.02060e-01 1.67396e-02
0.500358 1.18146926e-01 1.22208915e-01 2.40355841e-01 2.36342515e-04 2.48920917e+00 1.67439480e+00 1.66544159e-02 1.034381e+00 6.726613e-01 4.195129e+00 2.512197e+01 2.103119e-01 2.1253e-04 1.3373e-03 -1.0782e-05 0.05202 4.89306e-01 5.25537e-01 5.89784e-01 2.08614e-02
0.600430 1.15505762e-01 1.21754171e-01 2.37259934e-01 7.33469209e-05 3.46221352e+00 1.78622816e+00 2.09937667e-02 1.054096e+00 5.159209e-01 4.511730e+00 2.815880e+01 3.274784e-01 2.7187e-04 1.7069e-03 -1.2650e-05 0.05276 5.57062e-01 5.94640e-01 6.50651e-01 2.38915e-02
0.700501 1.12732681e-01 1.21439433e-01 2.34172114e-01 -1.72514589e-04 4.38602912e+00 1.93910230e+00 2.53005257e-02 1.077234e+00 4.421089e-01 4.917589e+00 3.016991e+01 3.007917e-01 3.3115e-04 2.0475e-03 +7.9387e-07 0.05285 5.90824e-01 6.33946e-01 6.86241e-01 2.57329e-02
0.800573 1.10401888e-01 1.20764748e-01 2.31166636e-01 -4.68822587e-04 4.93948187e+00 2.12652191e+00 2.82640151e-02 1.093865e+00 4.305152e-01 5.264548e+00 3.078992e+01 3.738643e-01 3.8141e-04 2.3231e-03 -7.5713e-06 0.05277 5.87454e-01 6.40742e-01 6.93950e-01 2.54860e-02
0.900645 1.08094826e-01 1.19832098e-01 2.27926924e-01 -7.88963421e-04 5.14027683e+00 2.35567242e+00 2.99837970e-02 1.108583e+00 4.582773e-01 5.644194e+00 2.981459e+01 4.393202e-01 4.2462e-04 2.5584e-03 -1.1216e-05 0.05321 5.59270e-01 6.26202e-01 6.83992e-01 2.39694e-02
1.000716 1.06203200e-01 1.18697480e-01 2.24900680e-01 -1.05787024e-03 4.99082505e+00 2.62277598e+00 3.04544041e-02 1.117645e+00 5.255195e-01 5.925838e+00 2.771472e+01 3.791994e-01 4.6161e-04 2.7154e-03 -9.2851e-06 0.05321 5.07940e-01 5.91444e-01 6.57487e-01 2.09241e-02
1.100788 1.04736574e-01 1.17214845e-01 2.21951419e-01 -1.23741934e-03 4.74044644e+00 2.92153171e+00 3.06479126e-02 1.119140e+00 6.162989e-01 7.099658e+00 2.736890e+01 4.143585e-01 4.9695e-04 2.8159e-03 -8.7845e-06 0.05313 4.48595e-01 5.47369e-01 6.23550e-01 1.88331e-02
1.200859 1.03497226e-01 1.15299963e-01 2.18797189e-01 -1.38251936e-03 4.58226455e+00 3.25326691e+00 3.13421258e-02 1.114039e+00 7.099692e-01 8.799547e+00 2.650550e+01 4.690247e-01 5.4131e-04 2.9149e-03 -4.4875e-06 0.05256 3.96040e-01 5.05118e-01 5.91264e-01 1.72326e-02
1.300931 1.02664875e-01 1.12877837e-01 2.15542712e-01 -1.43682651e-03 4.55833332e+00 3.60570759e+00 3.26561636e-02 1.099479e+00 7.910145e-01 1.074539e+01 2.524888e+01 4.054267e-01 6.0775e-04 2.9919e-03 -1.5114e-05 0.05096 3.54462e-01 4.68542e-01 5.63006e-01 1.64333e-02
1.401003 1.02081491e-01 1.10180275e-01 2.12261766e-01 -1.47049149e-03 4.56666908e+00 3.99696766e+00 3.42545470e-02 1.079336e+00 8.752479e-01 1.288909e+01 2.807523e+01 3.963052e-01 7.1551e-04 3.0771e-03 -1.4016e-05 0.05120 3.16817e-01 4.32529e-01 5.34639e-01 1.58706e-02
1.501074 1.01463036e-01 1.07228254e-01 2.08691290e-01 -1.41572506e-03 4.60566145e+00 4.43035089e+00 3.61440494e-02 1.056821e+00 9.619359e-01 1.502165e+01 2.668926e+01 4.224054e-01 8.7578e-04 3.1721e-03 -2.4092e-06 0.04883 2.83255e-01 3.98212e-01 5.06950e-01 1.54573e-02
1.601146 1.01184893e-01 1.03842808e-01 2.05027702e-01 -1.29762115e-03 4.61534808e+00 4.87390224e+00 3.79570013e-02 1.026268e+00 1.056021e+00 1.682298e+01 2.586079e+01 4.769367e-01 1.0776e-03 3.2194e-03 -1.4070e-05 0.04676 2.49769e-01 3.62244e-01 4.76579e-01 1.44559e-02
1.701218 1.00734169e-01 1.00315186e-01 2.01049355e-01 -1.14190441e-03 4.64668018e+00 5.34360827e+00 3.99611538e-02 9.958407e-01 1.149984e+00 1.817707e+01 2.587258e+01 4.510372e-01 1.3107e-03 3.2663e-03 -1.6379e-05 0.04649 2.21833e-01 3.30206e-01 4.48974e-01 1.40364e-02
1.801289 1.00237859e-01 9.67065783e-02 1.96944437e-01 -9.24725228e-04 4.69451785e+00 5.81980026e+00 4.20572725e-02 9.647710e-01 1.239701e+00 1.904375e+01 2.448753e+01 4.165076e-01 1.5733e-03 3.3023e-03 -7.7801e-06 0.04896 1.99565e-01 3.03155e-01 4.25564e-01 1.39749e-02
1.901361 9.97745147e-02 9.29008508e-02 1.92675365e-01 -6.20824624e-04 4.65943948e+00 6.23444369e+00 4.35755327e-02 9.311080e-01 1.338024e+00 2.022652e+01 2.331565e+01 4.316743e-01 1.8611e-03 3.2941e-03 -1.2174e-05 0.05010 1.76117e-01 2.75206e-01 4.01662e-01 1.30372e-02
2.001432 9.91691512e-02 8.90244920e-02 1.88193643e-01 -3.31957638e-04 4.62605753e+00 6.54774867e+00 4.46952248e-02 8.977035e-01 1.415406e+00 2.185028e+01 2.163501e+01 4.271562e-01 2.1548e-03 3.2972e-03 -1.2505e-05 0.05060 1.57954e-01 2.52875e-01 3.84198e-01 1.23180e-02
2.101504 9.85402027e-02 8.50979744e-02 1.83638177e-01 6.83625703e-05 4.62306549e+00 6.70911317e+00 4.53287146e-02 8.635864e-01 1.451226e+00 2.315959e+01 1.884063e+01 3.715121e-01 2.4002e-03 3.2628e-03 -1.4733e-05 0.05079 1.45522e-01 2.36782e-01 3.74055e-01 1.22251e-02
2.201576 9.79149817e-02 8.12182000e-02 1.79133182e-01 4.63287766e-04 4.58540598e+00 6.72513176e+00 4.52421509e-02 8.294767e-01 1.466638e+00 2.415944e+01 1.905635e+01 3.794779e-01 2.5217e-03 3.2391e-03 -1.4149e-05 0.05011 1.32672e-01 2.21231e-01 3.67047e-01 1.14380e-02
2.301647 9.71301624e-02 7.74046563e-02 1.74534819e-01 9.06425875e-04 4.57204273e+00 6.63125535e+00 4.48131923e-02 7.969168e-01 1.450392e+00 2.475043e+01 1.658324e+01 4.157234e-01 2.4698e-03 3.2170e-03 -7.5186e-06 0.05068 1.23098e-01 2.09456e-01 3.65922e-01 1.09070e-02
2.401719 9.64399868e-02 7.36413669e-02 1.70081354e-01 1.39324685e-03 4.57539728e+00 6.45610155e+00 4.41259953e-02 7.635979e-01 1.411047e+00 2.481902e+01 1.538763e+01 4.243987e-01 2.2856e-03 3.1654e-03 -1.7280e-05 0.05161 1.15344e-01 1.99223e-01 3.65608e-01 1.05699e-02
2.501790 9.56464315e-02 7.00392261e-02 1.65685658e-01 1.88008317e-03 4.55365642e+00 6.27024720e+00 4.32956145e-02 7.322722e-01 1.376970e+00 2.456590e+01 1.608963e+01 4.039154e-01 2.0699e-03 3.1338e-03 -1.7513e-05 0.05354 1.06352e-01 1.88012e-01 3.63943e-01 9.86943e-03
2.601862 9.47008011e-02 6.66020610e-02 1.61302862e-01 2.36839715e-03 4.56962180e+00 6.08890342e+00 4.26341009e-02 7.032893e-01 1.332474e+00 2.400230e+01 1.407387e+01 4.072087e-01 1.9112e-03 3.1256e-03 -7.8817e-06 0.05424 1.01128e-01 1.80507e-01 3.63473e-01 9.83080e-03
2.701934 9.38742806e-02 6.32446321e-02 1.57118913e-01 2.89084321e-03 4.56953353e+00 5.88131394e+00 4.18033899e-02 6.737163e-01 1.287071e+00 2.310478e+01 1.403131e+01 4.101414e-01 1.8417e-03 3.0745e-03 -1.5817e-05 0.05457 9.52937e-02 1.72145e-01 3.58102e-01 9.25227e-03
2.802005 9.28594907e-02 6.00408227e-02 1.52900313e-01 3.33646732e-03 4.55275440e+00 5.68101553e+00 4.09350797e-02 6.465771e-01 1.247819e+00 2.205328e+01 1.372133e+01 4.052555e-01 1.8607e-03 3.0560e-03 -1.7295e-05 0.05553 8.90089e-02 1.63677e-01 3.50595e-01 8.82947e-03
2.902077 9.17758142e-02 5.70186254e-02 1.48794440e-01 3.81297191e-03 4.58227356e+00 5.48784526e+00 4.02804753e-02 6.212816e-01 1.197625e+00 2.089144e+01 1.420155e+01 3.997971e-01 1.9355e-03 3.0392e-03 -1.2946e-05 0.05532 8.81385e-02 1.60620e-01 3.45605e-01 9.14482e-03
3.002149 9.06630433e-02 5.41752823e-02 1.44838326e-01 4.24957070e-03 4.55121949e+00 5.30233700e+00 3.94142259e-02 5.975454e-01 1.165037e+00 1.967407e+01 1.358597e+01 3.964905e-01 2.0358e-03 3.0290e-03 -1.5309e-05 0.05450 8.33228e-02 1.54027e-01 3.35832e-01 8.50858e-03
3.102220 8.93691799e-02 5.14836594e-02 1.40852839e-01 4.64736908e-03 4.52089959e+00 5.14053895e+00 3.86457541e-02 5.760785e-01 1.137061e+00 1.841320e+01 1.424552e+01 3.862364e-01 2.1466e-03 3.0353e-03 -1.3158e-05 0.05301 8.07153e-02 1.50027e-01 3.27807e-01 8.30433e-03
3.202292 8.80199843e-02 4.89756350e-02 1.36995619e-01 5.06031586e-03 4.51415280e+00 4.99484788e+00 3.80360027e-02 5.564149e-01 1.106486e+00 1.714734e+01 1.430921e+01 3.687487e-01 2.2509e-03 3.0463e-03 -1.7501e-05 0.05079 8.25620e-02 1.50423e-01 3.22423e-01 8.76868e-03
3.302363 8.65880025e-02 4.66600402e-02 1.33248043e-01 5.43772476e-03 4.42261064e+00 4.87410829e+00 3.71868757e-02 5.388742e-01 1.102088e+00 1.598585e+01 1.331008e+01 3.543698e-01 2.3263e-03 3.0820e-03 -1.7406e-05 0.04880 7.84816e-02 1.45916e-01 3.13587e-01 8.09624e-03
3.402435 8.49711329e-02 4.44966115e-02 1.29467744e-01 5.79719003e-03 4.36623333e+00 4.77899016e+00 3.65808940e-02 5.236674e-01 1.094534e+00 1.607686e+01 1.345299e+01 3.348983e-01 2.3656e-03 3.1455e-03 -1.0298e-05 0.04655 7.97917e-02 1.47179e-01 3.10188e-01 8.48279e-03
3.502507 8.34140773e-02 4.24518210e-02 1.25865898e-01 6.17041801e-03 4.29622175e+00 4.68784917e+00 3.59362837e-02 5.089287e-01 1.091156e+00 1.623264e+01 1.344535e+01 3.130865e-01 2.3721e-03 3.1826e-03 -1.8286e-05 0.04490 8.11648e-02 1.48681e-01 3.06634e-01 8.27498e-03
3.602578 8.17323461e-02 4.05420866e-02 1.22274433e-01 6.49450795e-03 4.17931770e+00 4.61502803e+00 3.51773829e-02 4.960348e-01 1.104254e+00 1.624017e+01 1.247272e+01 2.948218e-01 2.3600e-03 3.2500e-03 -1.9043e-05 0.04416 7.85808e-02 1.47313e-01 3.01473e-01 7.89737e-03
3.702650 7.99671911e-02 3.87482540e-02 1.18715445e-01 6.81752047e-03 4.12244586e+00 4.55214344e+00 3.46983572e-02 4.845519e-01 1.104234e+00 1.624701e+01 1.240918e+01 2.761350e-01 2.3377e-03 3.3238e-03 -1.1896e-05 0.04391 8.28974e-02 1.53215e-01 3.02880e-01 8.61172e-03
3.802722 7.82639452e-02 3.70419338e-02 1.15305879e-01 7.13324423e-03 4.02735154e+00 4.47783364e+00 3.40207407e-02 4.732950e-01 1.111856e+00 1.603499e+01 1.163094e+01 2.689731e-01 2.3057e-03 3.3910e-03 -1.7157e-05 0.04390 8.34233e-02 1.55878e-01 3.01196e-01 8.15367e-03
3.902793 7.64772281e-02 3.54096012e-02 1.11886829e-01 7.39140135e-03 3.91318213e+00 4.39738573e+00 3.32422714e-02 4.630084e-01 1.123737e+00 1.555866e+01 1.128325e+01 2.767753e-01 2.2643e-03 3.4971e-03 -1.7264e-05 0.04376 8.20739e-02 1.57630e-01 2.99338e-01 7.73835e-03
4.002865 7.46841664e-02 3.38714622e-02 1.08555629e-01 7.65772161e-03 3.87906770e+00 4.30275896e+00 3.27273066e-02 4.535294e-01 1.109225e+00 1.493551e+01 1.275797e+01 2.743183e-01 2.2214e-03 3.6369e-03 -1.6022e-05 0.04354 8.97341e-02 1.67897e-01 3.05120e-01 8.74071e-03
4.102936 7.29071641e-02 3.24232846e-02 1.05330449e-01 7.88313613e-03 3.76472248e+00 4.19028086e+00 3.18200134e-02 4.447201e-01 1.113038e+00 1.436651e+01 1.157841e+01 3.024863e-01 2.1848e-03 3.8151e-03 -1.7454e-05 0.04315 8.85696e-02 1.69874e-01 3.04852e-01 7.88748e-03
4.203008 7.10832153e-02 3.10483684e-02 1.02131584e-01 8.07651347e-03 3.68970059e+00 4.06379236e+00 3.10139718e-02 4.367890e-01 1.101388e+00 1.376708e+01 1.215484e+01 3.344034e-01 2.1580e-03 4.0349e-03 -1.3804e-05 0.04259 9.22295e-02 1.75845e-01 3.09464e-01 8.08860e-03
4.303080 6.93029465e-02 2.97563659e-02 9.90593124e-02 8.25842737e-03 3.63825312e+00 3.91454999e+00 3.02112125e-02 4.293665e-01 1.075942e+00 1.310490e+01 1.265602e+01 3.561649e-01 2.1392e-03 4.2523e-03 -1.8758e-05 0.04187 9.91164e-02 1.83424e-01 3.16363e-01 8.24755e-03
4.403151 6.75149782e-02 2.85626661e-02 9.60776444e-02 8.40725145e-03 3.53996173e+00 3.75458142e+00 2.91781726e-02 4.230567e-01 1.060628e+00 1.246623e+01 1.238052e+01 3.869442e-01 2.1159e-03 4.4750e-03 -1.9177e-05 0.04269 1.00807e-01 1.85516e-01 3.20039e-01 7.89943e-03
4.503223 6.56823144e-02 2.74571230e-02 9.31394373e-02 8.53085570e-03 3.48455061e+00 3.59167922e+00 2.83049193e-02 4.180292e-01 1.030744e+00 1.185869e+01 1.313863e+01 4.117953e-01 2.0716e-03 4.7299e-03 -1.2635e-05 0.04296 1.08194e-01 1.92436e-01 3.28768e-01 8.25225e-03
4.603295 6.39420068e-02 2.64249295e-02 9.03669363e-02 8.65682423e-03 3.43889392e+00 3.42143897e+00 2.74413316e-02 4.132640e-01 9.949243e-01 1.128772e+01 1.385199e+01 4.235149e-01 2.0159e-03 5.0281e-03 -1.8893e-05 0.04285 1.16652e-01 1.99986e-01 3.37447e-01 8.20209e-03
4.703366 6.21683315e-02 2.54718338e-02 8.76401653e-02 8.73853227e-03 3.35366277e+00 3.25591324e+00 2.64383040e-02 4.097236e-01 9.708529e-01 1.094171e+01 1.384717e+01 4.413734e-01 1.9677e-03 5.3201e-03 -1.9481e-05 0.04246 1.19246e-01 2.02638e-01 3.42098e-01 7.86685e-03
4.803438 6.03963283e-02 2.45962314e-02 8.49925596e-02 8.82361424e-03 3.34533752e+00 3.09353490e+00 2.57554897e-02 4.072471e-01 9.247303e-01 1.070330e+01 1.518068e+01 4.250236e-01 1.9263e-03 5.4703e-03 -1.4876e-05 0.04163 1.31377e-01 2.14102e-01 3.54002e-01 8.60110e-03
4.903509 5.86747753e-02 2.37830474e-02 8.24578227e-02 8.88746703e-03 3.29634046e+00 2.93107410e+00 2.49096583e-02 4.053368e-01 8.891903e-01 1.052560e+01 1.544741e+01 4.315318e-01 1.8842e-03 5.4813e-03 -1.8438e-05 0.04056 1.37606e-01 2.20114e-01 3.60888e-01 8.17103e-03
5.003581 5.69463332e-02 2.30328416e-02 7.99791747e-02 8.92459966e-03 3.25122893e+00 2.77863550e+00 2.41194577e-02 4.044658e-01 8.546416e-01 1.037657e+01 1.608713e+01 4.312977e-01 1.8414e-03 5.4380e-03 -1.7362e-05 0.03941 1.44723e-01 2.27046e-01 3.68842e-01 8.19137e-03
5.103653 5.52379027e-02 2.23425976e-02 7.75805003e-02 8.95324294e-03 3.22500976e+00 2.63715096e+00 2.34486429e-02 4.044795e-01 8.177188e-01 1.012495e+01 1.660342e+01 3.930659e-01 1.7971e-03 5.3259e-03 -1.8177e-05 0.03814 1.55302e-01 2.37097e-01 3.79370e-01 8.61626e-03
5.203724 5.35603738e-02 2.17073417e-02 7.52677156e-02 8.95827383e-03 3.14398665e+00 2.51062552e+00 2.26184487e-02 4.052873e-01 7.985484e-01 9.786572e+00 1.639613e+01 3.802096e-01 1.7540e-03 5.1283e-03 -1.9394e-05 0.03699 1.58763e-01 2.41105e-01 3.85369e-01 8.32605e-03
5.303796 5.18887738e-02 2.11192576e-02 7.30080314e-02 8.93223095e-03 3.07180772e+00 2.40277885e+00 2.18983463e-02 4.070101e-01 7.822035e-01 9.503044e+00 1.622420e+01 3.698822e-01 1.7121e-03 4.8710e-03 -1.5167e-05 0.03589 1.64460e-01 2.47610e-01 3.94232e-01 8.38735e-03
5.403867 5.02942106e-02 2.05588266e-02 7.08530372e-02 8.90720227e-03 3.00362022e+00 2.30690926e+00 2.12421179e-02 4.087712e-01 7.680429e-01 9.264359e+00 1.557170e+01 3.305966e-01 1.6680e-03 4.5700e-03 -2.0051e-05 0.03475 1.71562e-01 2.55709e-01 4.04531e-01 8.42866e-03
5.503939 4.87285564e-02 2.00286728e-02 6.87572293e-02 8.84415742e-03 2.87217998e+00 2.22684767e+00 2.03961106e-02 4.110254e-01 7.753162e-01 9.146765e+00 1.476946e+01 3.100876e-01 1.6248e-03 4.2884e-03 -2.0741e-05 0.03367 1.68832e-01 2.55751e-01 4.08939e-01 8.15782e-03
5.604011 4.71943788e-02 1.95209683e-02 6.67153471e-02 8.77027745e-03 2.78795427e+00 2.16095357e+00 1.97956314e-02 4.136291e-01 7.751037e-01 9.144846e+00 1.550168e+01 2.749298e-01 1.5837e-03 4.0400e-03 -1.5481e-05 0.03256 1.73586e-01 2.63214e-01 4.19604e-01 8.38704e-03
5.704082 4.57611947e-02 1.90124879e-02 6.47736826e-02 8.69091113e-03 2.68907247e+00 2.10062372e+00 1.91587847e-02 4.154718e-01 7.811704e-01 9.202932e+00 1.525004e+01 2.522845e-01 1.5426e-03 3.8096e-03 -2.0281e-05 0.03157 1.75204e-01 2.68195e-01 4.27502e-01 8.10383e-03
5.804154 4.43676937e-02 1.85123629e-02 6.28800565e-02 8.58098487e-03 2.56470164e+00 2.04826929e+00 1.84518837e-02 4.172487e-01 7.986384e-01 9.319051e+00 1.458272e+01 2.385292e-01 1.5025e-03 3.6303e-03 -2.0421e-05 0.03079 1.71287e-01 2.68789e-01 4.31649e-01 7.77789e-03
5.904226 4.30263485e-02 1.80143803e-02 6.10407288e-02 8.47454948e-03 2.49067723e+00 1.99875177e+00 1.79577160e-02 4.186825e-01 8.024933e-01 9.450081e+00 1.512137e+01 1.916272e-01 1.4665e-03 3.4959e-03 -1.7954e-05 0.02999 1.75313e-01 2.76428e-01 4.40523e-01 8.13506e-03
6.004297 4.17587077e-02 1.75107493e-02 5.92694570e-02 8.35919008e-03 2.38790293e+00 1.94662808e+00 1.73381240e-02 4.193317e-01 8.152040e-01 9.709288e+00 1.415021e+01 1.921704e-01 1.4369e-03 3.3890e-03 -2.0492e-05 0.02942 1.72838e-01 2.78071e-01 4.43641e-01 7.66418e-03
6.104369 4.05416269e-02 1.70116882e-02 5.75533151e-02 8.22152588e-03 2.29760030e+00 1.89482760e+00 1.67697116e-02 4.196104e-01 8.246985e-01 9.893580e+00 1.379598e+01 2.045021e-01 1.4147e-03 3.3172e-03 -1.8481e-05 0.02970 1.71550e-01 2.80487e-01 4.46641e-01 7.54544e-03
6.204440 3.93812325e-02 1.65112072e-02 5.58924397e-02 8.10112595e-03 2.23353921e+00 1.83874029e+00 1.62891180e-02 4.192659e-01 8.232407e-01 9.890919e+00 1.377690e+01 1.834033e-01 1.3978e-03 3.2526e-03 -2.0368e-05 0.03069 1.74477e-01 2.85830e-01 4.50905e-01 7.56473e-03
6.304512 3.82666219e-02 1.60176163e-02 5.42842382e-02 7.96280912e-03 2.14252970e+00 1.78093736e+00 1.56938682e-02 4.185793e-01 8.312311e-01 9.759773e+00 1.331218e+01 2.016159e-01 1.3849e-03 3.2026e-03 -2.1392e-05 0.03075 1.70820e-01 2.84970e-01 4.49769e-01 7.32538e-03
6.404584 3.71814763e-02 1.55388241e-02 5.27203004e-02 7.81857218e-03 2.07482516e+00 1.72466928e+00 1.51979778e-02 4.179184e-01 8.312360e-01 9.556083e+00 1.336836e+01 2.216217e-01 1.3730e-03 3.1589e-03 -1.7098e-05 0.03109 1.71289e-01 2.87327e-01 4.50913e-01 7.22447e-03
6.504655 3.61626515e-02 1.50641372e-02 5.12267887e-02 7.69068038e-03 2.01847720e+00 1.66575854e+00 1.47369429e-02 4.165662e-01 8.252551e-01 9.338283e+00 1.340334e+01 2.271827e-01 1.3579e-03 3.1036e-03 -2.1297e-05 0.03144 1.73612e-01 2.90464e-01 4.52046e-01 7.14787e-03
6.604727 3.51626274e-02 1.46089296e-02 4.97715569e-02 7.54158538e-03 1.93198270e+00 1.60990312e+00 1.41675433e-02 4.154675e-01 8.332906e-01 9.072648e+00 1.359432e+01 2.565038e-01 1.3385e-03 3.0489e-03 -2.1768e-05 0.03112 1.68556e-01 2.87131e-01 4.48235e-01 6.82052e-03
6.704799 3.41820327e-02 1.41750094e-02 4.83570421e-02 7.40012745e-03 1.88173220e+00 1.55782282e+00 1.37582201e-02 4.146918e-01 8.278664e-01 8.905610e+00 1.278785e+01 2.589689e-01 1.3178e-03 2.9913e-03 -1.7753e-05 0.03115 1.71769e-01 2.90733e-01 4.49906e-01 7.02579e-03
6.804870 3.32524089e-02 1.37524272e-02 4.70048362e-02 7.26482003e-03 1.81233260e+00 1.50595536e+00 1.32731518e-02 4.135769e-01 8.309487e-01 8.794455e+00 1.287915e+01 2.854169e-01 1.3014e-03 2.9236e-03 -2.1232e-05 0.03098 1.70171e-01 2.89788e-01 4.47799e-01 6.63545e-03
6.904942 3.23415014e-02 1.33534933e-02 4.56949947e-02 7.11138301e-03 1.74019791e+00 1.45830071e+00 1.27939945e-02 4.128903e-01 8.380085e-01 8.756887e+00 1.270966e+01 3.084725e-01 1.2954e-03 2.8635e-03 -2.0642e-05 0.03016 1.67788e-01 2.88232e-01 4.45404e-01 6.47630e-03
7.005013 3.14507323e-02 1.29736941e-02 4.44244264e-02 6.97380139e-03 1.68404284e+00 1.41268261e+00 1.23869018e-02 4.125085e-01 8.388638e-01 8.780037e+00 1.173016e+01 2.999039e-01 1.2988e-03 2.8145e-03 -1.9619e-05 0.03003 1.69605e-01 2.90134e-01 4.45711e-01 6.52363e-03
7.105085 3.05913540e-02 1.26100363e-02 4.32013903e-02 6.83262640e-03 1.61363829e+00 1.36798130e+00 1.19264784e-02 4.122092e-01 8.477620e-01 8.743371e+00 1.149434e+01 3.111735e-01 1.3075e-03 2.7790e-03 -2.1456e-05 0.02917 1.67450e-01 2.88476e-01 4.43112e-01 6.27073e-03
7.205157 2.97540475e-02 1.22691081e-02 4.20231556e-02 6.68251035e-03 1.54445228e+00 1.32640578e+00 1.14834322e-02 4.123509e-01 8.588195e-01 8.662598e+00 1.135434e+01 3.283677e-01 1.3177e-03 2.7606e-03 -1.8814e-05 0.02853 1.65474e-01 2.87104e-01 4.40874e-01 6.06771e-03
7.305228 2.89507244e-02 1.19404719e-02 4.08911963e-02 6.55281545e-03 1.48974886e+00 1.28483492e+00 1.10983351e-02 4.124412e-01 8.624507e-01 8.507912e+00 1.048084e+01 3.044342e-01 1.3258e-03 2.7573e-03 -2.1117e-05 0.02811 1.67420e-01 2.88749e-01 4.40770e-01 6.04023e-03
7.405300 2.81677060e-02 1.16288052e-02 3.97965112e-02 6.41266902e-03 1.41428537e+00 1.24507712e+00 1.06374500e-02 4.128418e-01 8.803578e-01 8.389685e+00 1.031074e+01 3.094579e-01 1.3331e-03 2.7622e-03 -2.1949e-05 0.02760 1.62543e-01 2.84551e-01 4.36070e-01 5.78156e-03
7.505371 2.74029198e-02 1.13356232e-02 3.87385430e-02 6.27844439e-03 1.35765006e+00 1.20792650e+00 1.02623062e-02 4.136648e-01 8.897186e-01 8.214892e+00 9.551351e+00 2.965693e-01 1.3409e-03 2.7694e-03 -1.8084e-05 0.02776 1.63014e-01 2.84918e-01 4.35075e-01 5.74225e-03
7.605443 2.66856623e-02 1.10482994e-02 3.77339617e-02 6.15972877e-03 1.29765534e+00 1.17011293e+00 9.87107307e-03 4.140163e-01 9.017132e-01 7.953543e+00 9.344140e+00 2.879709e-01 1.3490e-03 2.7729e-03 -2.1544e-05 0.02775 1.61551e-01 2.83152e-01 4.32099e-01 5.47716e-03
7.705515 2.59855838e-02 1.07752094e-02 3.67607931e-02 6.03180878e-03 1.23396788e+00 1.13403735e+00 9.47202093e-03 4.146610e-01 9.190169e-01 7.665304e+00 9.013279e+00 2.824726e-01 1.3597e-03 2.7677e-03 -2.1723e-05 0.02792 1.57863e-01 2.79392e-01 4.27639e-01 5.30834e-03
7.805586 2.53058606e-02 1.05138364e-02 3.58196970e-02 5.91760034e-03 1.18274701e+00 1.09904299e+00 9.12716000e-03 4.154704e-01 9.292291e-01 7.367882e+00 9.321301e+00 2.610666e-01 1.3722e-03 2.7537e-03 -1.8957e-05 0.02790 1.57572e-01 2.78378e-01 4.25439e-01 5.29140e-03
7.905658 2.46659419e-02 1.02561607e-02 3.49221026e-02 5.81232868e-03 1.12945936e+00 1.06305789e+00 8.77006899e-03 4.158025e-01 9.412095e-01 7.088629e+00 9.175100e+00 2.558065e-01 1.3842e-03 2.7278e-03 -2.1590e-05 0.02787 1.55304e-01 2.75234e-01 4.21396e-01 5.02981e-03
8.005730 2.40503664e-02 1.00098386e-02 3.40602049e-02 5.69935402e-03 1.07610019e+00 1.02795812e+00 8.41623327e-03 4.162032e-01 9.552625e-01 6.892051e+00 9.112572e+00 2.618339e-01 1.3948e-03 2.6950e-03 -2.0416e-05 0.02772 1.51784e-01 2.70930e-01 4.16627e-01 4.84192e-03
8.105801 2.34589543e-02 9.76906547e-03 3.32280198e-02 5.60470186e-03 1.03449584e+00 9.92327967e-01 8.10729523e-03 4.164323e-01 9.592382e-01 6.967394e+00 9.227233e+00 2.346513e-01 1.4015e-03 2.6569e-03 -2.0464e-05 0.02770 1.51749e-01 2.69355e-01 4.14076e-01 4.79073e-03
8.205873 2.28947952e-02 9.53358104e-03 3.24283762e-02 5.50793676e-03 9.86381352e-01 9.56238031e-01 7.77047753e-03 4.164082e-01 9.694405e-01 7.048707e+00 8.516351e+00 2.379148e-01 1.4040e-03 2.6138e-03 -2.1894e-05 0.02748 1.47645e-01 2.64069e-01 4.08591e-01 4.59933e-03
8.305944 2.23528422e-02 9.30809972e-03 3.16609419e-02 5.41075303e-03 9.45950037e-01 9.20777444e-01 7.46690992e-03 4.164168e-01 9.733891e-01 7.130579e+00 8.670030e+00 2.391780e-01 1.4021e-03 2.5686e-03 -1.9090e-05 0.02721 1.45728e-01 2.60678e-01 4.04908e-01 4.43058e-03
8.406016 2.18446062e-02 9.08476567e-03 3.09293719e-02 5.32756788e-03 9.09629506e-01 8.84372886e-01 7.17600957e-03 4.158814e-01 9.722342e-01 7.206884e+00 8.648255e+00 2.259831e-01 1.3956e-03 2.5222e-03 -2.1451e-05 0.02690 1.44419e-01 2.57541e-01 4.01336e-01 4.29896e-03
8.506088 2.13525911e-02 8.86890899e-03 3.02215001e-02 5.23721501e-03 8.70370990e-01 8.48452148e-01 6.87529255e-03 4.153552e-01 9.748167e-01 7.280849e+00 7.837473e+00 2.249092e-01 1.3865e-03 2.4753e-03 -2.2104e-05 0.02664 1.40558e-01 2.52175e-01 3.96125e-01 4.17135e-03
8.606159 2.08766958e-02 8.66224895e-03 2.95389447e-02 5.15104299e-03 8.38263871e-01 8.13533736e-01 6.60719043e-03 4.149243e-01 9.704984e-01 7.345942e+00 7.855218e+00 2.159556e-01 1.3753e-03 2.4300e-03 -1.8906e-05 0.02622 1.39189e-01 2.49056e-01 3.92937e-01 4.07941e-03
8.706231 2.04355554e-02 8.45736932e-03 2.88929248e-02 5.07390173e-03 8.06830789e-01 7.78423278e-01 6.34101627e-03 4.138556e-01 9.647912e-01 7.389822e+00 7.651057e+00 2.099423e-01 1.3607e-03 2.3833e-03 -2.1724e-05 0.02578 1.37045e-01 2.45045e-01 3.88853e-01 3.87745e-03
8.806303 2.00081578e-02 8.26139887e-03 2.82695566e-02 4.98661197e-03 7.75474909e-01 7.44737893e-01 6.08085121e-03 4.129015e-01 9.603636e-01 7.414196e+00 7.174692e+00 2.083037e-01 1.3428e-03 2.3396e-03 -2.1518e-05 0.02537 1.33973e-01 2.40284e-01 3.84306e-01 3.78301e-03
8.906374 1.95938641e-02 8.07259178e-03 2.76664559e-02 4.90886336e-03 7.49218212e-01 7.12357392e-01 5.84630242e-03 4.119959e-01 9.508010e-01 7.415525e+00 6.958754e+00 1.883610e-01 1.3201e-03 2.2971e-03 -1.9837e-05 0.02493 1.32841e-01 2.37273e-01 3.81228e-01 3.70674e-03
9.006446 1.92036429e-02 7.88771100e-03 2.70913539e-02 4.83177715e-03 7.22358416e-01 6.80862659e-01 5.61288430e-03 4.107403e-01 9.425552e-01 7.390029e+00 6.537376e+00 1.849733e-01 1.2922e-03 2.2537e-03 -2.1867e-05 0.02446 1.30333e-01 2.32926e-01 3.76896e-01 3.57265e-03
9.106517 1.88279064e-02 7.71188512e-03 2.65397916e-02 4.74795618e-03 6.97114555e-01 6.51174395e-01 5.39315580e-03 4.095987e-01 9.340996e-01 7.337279e+00 6.350535e+00 1.874077e-01 1.2590e-03 2.2123e-03 -2.0286e-05 0.02393 1.28021e-01 2.28869e-01 3.72957e-01 3.43298e-03
9.206589 1.84675424e-02 7.54098877e-03 2.60085312e-02 4.67420136e-03 6.75852062e-01 6.22636165e-01 5.19395291e-03 4.083374e-01 9.212610e-01 7.256717e+00 6.177879e+00 1.690600e-01 1.2212e-03 2.1705e-03 -2.0985e-05 0.02366 1.27349e-01 2.26231e-01 3.70052e-01 3.39150e-03
9.306661 1.81192873e-02 7.37611276e-03 2.54954001e-02 4.59539508e-03 6.52580258e-01 5.95484933e-01 4.99226076e-03 4.070863e-01 9.125083e-01 7.159346e+00 5.568885e+00 1.706493e-01 1.1803e-03 2.1277e-03 -2.2109e-05 0.02315 1.24507e-01 2.21683e-01 3.65568e-01 3.28790e-03
9.406732 1.77809605e-02 7.22018699e-03 2.50011475e-02 4.51469733e-03 6.32728110e-01 5.70070793e-01 4.81119561e-03 4.060628e-01 9.009728e-01 7.038086e+00 5.511398e+00 1.705939e-01 1.1371e-03 2.0856e-03 -1.9423e-05 0.02282 1.23365e-01 2.18813e-01 3.62635e-01 3.18225e-03
9.506804 1.74633483e-02 7.06739947e-03 2.45307478e-02 4.44228480e-03 6.13593534e-01 5.45557228e-01 4.63660305e-03 4.046990e-01 8.891183e-01 6.904554e+00 5.466212e+00 1.660842e-01 1.0921e-03 2.0404e-03 -2.1630e-05 0.02264 1.21958e-01 2.15677e-01 3.59300e-01 3.06240e-03
9.606875 1.71508982e-02 6.92198274e-03 2.40728809e-02 4.36182135e-03 5.94868352e-01 5.22562423e-01 4.46972310e-03 4.035930e-01 8.784505e-01 6.755867e+00 5.106137e+00 1.644997e-01 1.0466e-03 1.9963e-03 -2.2037e-05 0.02197 1.20278e-01 2.12409e-01 3.55963e-01 3.03883e-03
9.706947 1.68437009e-02 6.78414570e-03 2.36278466e-02 4.28497806e-03 5.77768185e-01 5.01097632e-01 4.31546327e-03 4.027705e-01 8.672988e-01 6.607783e+00 5.361737e+00 1.590670e-01 1.0014e-03 1.9523e-03 -1.9575e-05 0.02172 1.19328e-01 2.10006e-01 3.53486e-01 2.94155e-03
9.807019 1.65556979e-02 6.64937169e-03 2.32050696e-02 4.21248549e-03 5.61203002e-01 4.80583408e-01 4.16714564e-03 4.016364e-01 8.563450e-01 6.451000e+00 5.299855e+00 1.593734e-01 9.5732e-04 1.9064e-03 -2.1863e-05 0.02138 1.18171e-01 2.07423e-01 3.50685e-01 2.85449e-03
9.907090 1.62730178e-02 6.52184211e-03 2.27948599e-02 4.13260949e-03 5.44737285e-01 4.61552416e-01 4.02515880e-03 4.007764e-01 8.472936e-01 6.295425e+00 5.195589e+00 1.654032e-01 9.1576e-04 1.8641e-03 -2.1284e-05 0.02088 1.16695e-01 2.04744e-01 3.47979e-01 2.80338e-03
10.000190 1.60136656e-02 6.40824758e-03 2.24219132e-02 4.06528157e-03 5.31673994e-01 4.44982562e-01 3.90662623e-03 4.001737e-01 8.369463e-01 6.153945e+00 5.367400e+00 1.505992e-01 8.8040e-04 1.8265e-03 -2.0230e-05 0.02066 1.16821e-01 2.03763e-01 3.46741e-01 2.77385e-03
