# tg_mhd (CUDA FP64)  tgi_noslip_pv_n512_re1000  N=512 L=512 Re=1000 Pm=1 u0=0.05 nu_lat=8.132818e-03 eta_lat=8.132818e-03 tau_f=0.524398 tau_m=0.532531 dt=3.073965e-04 fw=profile
# t E_V E_M E_T H_C Omega_V Omega_M eps EM/EV OmM/OmV j_max w_max skew divb/j divb_wall/j mass_drift umax_lat fw1 fw2 fw4 tau_wall
0.000000 1.24023441e-01 1.25000000e-01 2.49023441e-01 1.73212746e-21 7.12827690e+01 3.74995275e-01 1.43315528e-01 1.007874e+00 5.260672e-03 1.732032e+00 2.439788e+02 2.446756e-18 1.0300e-14 5.0590e-15 +0.0000e+00 0.05000 9.90157e-01 9.90764e-01 9.91925e-01 1.20144e-01
0.099904 1.14524341e-01 1.26434118e-01 2.40958459e-01 7.79967241e-03 2.07833108e+01 8.99428466e+00 5.95551910e-02 1.103993e+00 4.327648e-01 9.025431e+01 1.494983e+02 3.054365e-01 1.2551e-03 1.3118e-03 +1.4764e-05 0.05030 9.24650e-01 9.62823e-01 9.80561e-01 5.64199e-02
0.199808 1.06902185e-01 1.28916193e-01 2.35818378e-01 1.93478282e-02 1.89600585e+01 9.11856591e+00 5.61572488e-02 1.205927e+00 4.809355e-01 8.945238e+01 1.479589e+02 3.628675e-02 1.2695e-03 1.3157e-03 +9.2595e-06 0.04970 9.14072e-01 9.40731e-01 9.69067e-01 5.45210e-02
0.299712 9.90881336e-02 1.31318648e-01 2.30406782e-01 2.41882109e-02 1.80881346e+01 9.09305224e+00 5.43623736e-02 1.325271e+00 5.027081e-01 8.858215e+01 1.463341e+02 5.383336e-01 1.3259e-03 1.3636e-03 +1.2263e-06 0.04983 9.15069e-01 9.33337e-01 9.58462e-01 5.35978e-02
0.399616 9.11355298e-02 1.33148953e-01 2.24284483e-01 3.06321119e-02 1.76275847e+01 9.07021518e+00 5.33955997e-02 1.460999e+00 5.145467e-01 8.789050e+01 1.446676e+02 5.592372e-01 1.4390e-03 1.4735e-03 +1.6400e-05 0.04920 9.17842e-01 9.31387e-01 9.51682e-01 5.33037e-02
0.499519 8.41521524e-02 1.35542742e-01 2.19694895e-01 3.87722766e-02 1.71324757e+01 8.93531622e+00 5.21355839e-02 1.610687e+00 5.215426e-01 8.578966e+01 1.408298e+02 4.343560e-01 1.4819e-03 1.5209e-03 +3.4641e-06 0.04748 9.18821e-01 9.30277e-01 9.47220e-01 5.33197e-02
0.599423 7.70192322e-02 1.37584797e-01 2.14604029e-01 3.87057666e-02 1.68101864e+01 8.92855704e+00 5.14774869e-02 1.786369e+00 5.311397e-01 8.556672e+01 1.401739e+02 8.619978e-01 1.6955e-03 1.7226e-03 +5.0814e-06 0.04796 9.19980e-01 9.29668e-01 9.44605e-01 5.25159e-02
0.699327 6.96930789e-02 1.39197283e-01 2.08890362e-01 4.56021021e-02 1.63355555e+01 8.79258197e+00 5.02562750e-02 1.997290e+00 5.382481e-01 8.306291e+01 1.349451e+02 6.620163e-01 1.7169e-03 1.7536e-03 +1.4590e-05 0.04498 9.19968e-01 9.28505e-01 9.41835e-01 5.28379e-02
0.799231 6.31780117e-02 1.41427161e-01 2.04605173e-01 4.66392620e-02 1.59163153e+01 8.69058226e+00 4.92137951e-02 2.238550e+00 5.460172e-01 8.098056e+01 1.318434e+02 7.279683e-01 1.8630e-03 1.9035e-03 -3.1151e-07 0.04226 9.18845e-01 9.27237e-01 9.39837e-01 5.20859e-02
0.899135 5.66301435e-02 1.42856086e-01 1.99486229e-01 4.71043976e-02 1.57028968e+01 8.75791244e+00 4.89216185e-02 2.522616e+00 5.577259e-01 8.118942e+01 1.311958e+02 9.569067e-01 1.9997e-03 2.0447e-03 +9.4839e-06 0.03945 9.19022e-01 9.26655e-01 9.38666e-01 5.20160e-02
0.999039 5.04229595e-02 1.44271756e-01 1.94694716e-01 4.93495402e-02 1.51935763e+01 8.61684768e+00 4.76208479e-02 2.861231e+00 5.671376e-01 7.782004e+01 1.251476e+02 7.160474e-01 2.0496e-03 2.1101e-03 +1.0232e-05 0.03390 9.17192e-01 9.24812e-01 9.36677e-01 5.18029e-02
1.098943 4.47753540e-02 1.45427577e-01 1.90202931e-01 4.87270961e-02 1.49697519e+01 8.55883264e+00 4.70571690e-02 3.247938e+00 5.717418e-01 7.758997e+01 1.250090e+02 8.573057e-01 2.1511e-03 2.2226e-03 -1.2498e-06 0.03068 9.16132e-01 9.23989e-01 9.36096e-01 5.12573e-02
1.198847 3.98598936e-02 1.45377811e-01 1.85237705e-01 4.63786795e-02 1.48864606e+01 8.55824844e+00 4.68894180e-02 3.647220e+00 5.749015e-01 7.855977e+01 1.254587e+02 8.439645e-01 2.3247e-03 2.3912e-03 +1.2526e-05 0.02786 9.15932e-01 9.23694e-01 9.36350e-01 5.11254e-02
1.298750 3.59466194e-02 1.45061883e-01 1.81008502e-01 4.81528877e-02 1.43806637e+01 8.19180046e+00 4.51449284e-02 4.035481e+00 5.696399e-01 7.523141e+01 1.197335e+02 5.936535e-01 2.2920e-03 2.3697e-03 +4.9700e-06 0.02708 9.12643e-01 9.21317e-01 9.34947e-01 5.05384e-02
1.398654 3.23714416e-02 1.44193009e-01 1.76564451e-01 4.30011414e-02 1.45878172e+01 8.24915979e+00 4.56739540e-02 4.454328e+00 5.654828e-01 7.891928e+01 1.260636e+02 7.554108e-01 2.5383e-03 2.6139e-03 +1.0549e-06 0.02472 9.13435e-01 9.22609e-01 9.37184e-01 5.01424e-02
1.498558 2.90817720e-02 1.42650120e-01 1.71731891e-01 4.26306763e-02 1.42169548e+01 8.06750650e+00 4.45689227e-02 4.905139e+00 5.674567e-01 7.863443e+01 1.240628e+02 6.393837e-01 2.5648e-03 2.6471e-03 +1.2807e-05 0.02633 9.11725e-01 9.21682e-01 9.37230e-01 4.97692e-02
1.598462 2.64309245e-02 1.41323040e-01 1.67753964e-01 3.99399991e-02 1.38858832e+01 7.79133238e+00 4.33544311e-02 5.346882e+00 5.610974e-01 7.841312e+01 1.247217e+02 5.535211e-01 2.6749e-03 2.7664e-03 +7.2088e-07 0.02678 9.09559e-01 9.20768e-01 9.37405e-01 4.88807e-02
1.698366 2.39081725e-02 1.39544689e-01 1.63452862e-01 3.56230248e-02 1.39663716e+01 7.79539423e+00 4.35235317e-02 5.836694e+00 5.581546e-01 8.247593e+01 1.321468e+02 7.382872e-01 2.8730e-03 2.9716e-03 +4.8871e-06 0.02706 9.10871e-01 9.22485e-01 9.39658e-01 4.83758e-02
1.798270 2.14346550e-02 1.37593783e-01 1.59028438e-01 3.36864987e-02 1.31600355e+01 7.36437247e+00 4.10488160e-02 6.419221e+00 5.596013e-01 8.104244e+01 1.294216e+02 5.605419e-01 2.9471e-03 3.0568e-03 +1.0499e-05 0.02786 9.07006e-01 9.19750e-01 9.38194e-01 4.72045e-02
1.898174 1.93049293e-02 1.35975706e-01 1.55280636e-01 3.02391065e-02 1.25844022e+01 6.92188479e+00 3.90125740e-02 7.043574e+00 5.500368e-01 8.212755e+01 1.339386e+02 6.512527e-01 3.1495e-03 3.2803e-03 -1.5401e-06 0.02847 9.03546e-01 9.17647e-01 9.37195e-01 4.54242e-02
1.998078 1.74607824e-02 1.33893776e-01 1.51354559e-01 2.53991929e-02 1.18386729e+01 6.55986381e+00 3.67970735e-02 7.668258e+00 5.541047e-01 8.292336e+01 1.358149e+02 6.794751e-01 3.3889e-03 3.5382e-03 +8.7588e-06 0.02747 8.99890e-01 9.14864e-01 9.35604e-01 4.38564e-02
2.097981 1.58781048e-02 1.32123995e-01 1.48002100e-01 2.39574320e-02 1.02673817e+01 5.67321076e+00 3.18811850e-02 8.321144e+00 5.525470e-01 7.864073e+01 1.303616e+02 6.099936e-01 3.5905e-03 3.7924e-03 +6.6744e-06 0.02875 8.87004e-01 9.04439e-01 9.27749e-01 4.04881e-02
2.197885 1.44829737e-02 1.30522359e-01 1.45005333e-01 1.89821453e-02 9.11972690e+00 5.08388964e+00 2.84072331e-02 9.012124e+00 5.574607e-01 7.612051e+01 1.284573e+02 6.573587e-01 3.9336e-03 4.2065e-03 -8.1856e-07 0.02753 8.75360e-01 8.94734e-01 9.20904e-01 3.73979e-02
2.297789 1.33933437e-02 1.28708191e-01 1.42101535e-01 1.60409770e-02 7.77679511e+00 4.45453932e+00 2.44626688e-02 9.609862e+00 5.727989e-01 7.264528e+01 1.222470e+02 6.697389e-01 4.2741e-03 4.6484e-03 +1.1039e-05 0.02738 8.57905e-01 8.80086e-01 9.10115e-01 3.38214e-02
2.397693 1.27161725e-02 1.27333442e-01 1.40049614e-01 1.38500938e-02 6.51257116e+00 3.80763745e+00 2.06404172e-02 1.001350e+01 5.846596e-01 6.852667e+01 1.111573e+02 6.244488e-01 4.5754e-03 5.1205e-03 +3.0005e-06 0.02733 8.33118e-01 8.59657e-01 8.95091e-01 2.98798e-02
2.497597 1.21216648e-02 1.25983268e-01 1.38104933e-01 9.45833718e-03 5.67265351e+00 3.46571242e+00 1.82767319e-02 1.039323e+01 6.109508e-01 7.091561e+01 1.108021e+02 6.935970e-01 4.8490e-03 5.5423e-03 +2.3125e-06 0.02608 8.12345e-01 8.42577e-01 8.83069e-01 2.71797e-02
2.597501 1.16016144e-02 1.24475844e-01 1.36077458e-01 7.82828919e-03 4.88589025e+00 3.09942359e+00 1.59706277e-02 1.072918e+01 6.343621e-01 7.345869e+01 1.157478e+02 6.670329e-01 5.0050e-03 5.9036e-03 +1.0967e-05 0.02577 7.86377e-01 8.21116e-01 8.67472e-01 2.48549e-02
2.697405 1.13376858e-02 1.23476344e-01 1.34814030e-01 5.46292482e-03 4.29910188e+00 2.84385422e+00 1.42859122e-02 1.089079e+01 6.614996e-01 7.621543e+01 1.195936e+02 7.017001e-01 5.1257e-03 6.2488e-03 +4.0330e-07 0.02509 7.59735e-01 8.00185e-01 8.52240e-01 2.27947e-02
2.797309 1.11912036e-02 1.22162712e-01 1.33353915e-01 2.12633429e-03 3.86553415e+00 2.71492197e+00 1.31609122e-02 1.091596e+01 7.023407e-01 7.617460e+01 1.200907e+02 7.048448e-01 5.1351e-03 6.4014e-03 +6.2674e-06 0.02363 7.38645e-01 7.82775e-01 8.39918e-01 2.18169e-02
2.897212 1.09926824e-02 1.21003305e-01 1.31995988e-01 1.45663783e-03 3.60132105e+00 2.56896149e+00 1.23405651e-02 1.100762e+01 7.133386e-01 7.794371e+01 1.226658e+02 7.201253e-01 5.1736e-03 6.6680e-03 +8.7511e-06 0.02548 7.20194e-01 7.68373e-01 8.28674e-01 2.10509e-02
2.997116 1.08224560e-02 1.20069020e-01 1.30891476e-01 -1.04141012e-03 3.31133701e+00 2.50649374e+00 1.16356615e-02 1.109443e+01 7.569431e-01 7.670726e+01 1.215818e+02 7.282570e-01 5.1293e-03 6.7567e-03 -3.9426e-07 0.02494 7.00429e-01 7.52310e-01 8.16893e-01 2.01258e-02
3.097020 1.07657348e-02 1.18847667e-01 1.29613402e-01 -2.87301499e-03 3.16101398e+00 2.47625317e+00 1.12745343e-02 1.103944e+01 7.833731e-01 7.477755e+01 1.179572e+02 6.674035e-01 5.0998e-03 6.8310e-03 +9.3782e-06 0.02503 6.89072e-01 7.42705e-01 8.09483e-01 1.99567e-02
3.196924 1.07224727e-02 1.17864775e-01 1.28587248e-01 -3.25817302e-03 3.12086289e+00 2.45253902e+00 1.11468038e-02 1.099231e+01 7.858529e-01 7.306019e+01 1.161912e+02 7.194956e-01 5.0898e-03 6.9481e-03 +5.4859e-06 0.02656 6.82786e-01 7.37398e-01 8.04588e-01 1.98248e-02
3.296828 1.05751600e-02 1.16962636e-01 1.27537796e-01 -5.53126858e-03 2.97092605e+00 2.46012116e+00 1.08620944e-02 1.106013e+01 8.280654e-01 6.845928e+01 1.085740e+02 6.069458e-01 5.0192e-03 6.9232e-03 +9.8791e-07 0.02582 6.70289e-01 7.26360e-01 7.96297e-01 1.93027e-02
3.396732 1.04302400e-02 1.15783473e-01 1.26213713e-01 -5.95185321e-03 2.95660798e+00 2.46917063e+00 1.08515572e-02 1.110075e+01 8.351363e-01 6.468450e+01 1.029169e+02 5.986619e-01 5.0105e-03 6.9663e-03 +1.0477e-05 0.02624 6.67999e-01 7.23079e-01 7.92895e-01 1.95719e-02
3.496636 1.03629293e-02 1.14981059e-01 1.25343989e-01 -6.54523064e-03 2.97312385e+00 2.49389959e+00 1.09340469e-02 1.109542e+01 8.388146e-01 5.983650e+01 9.851346e+01 5.395060e-01 4.9490e-03 6.9270e-03 +2.4476e-06 0.02764 6.66203e-01 7.21269e-01 7.90285e-01 1.94651e-02
3.596540 1.02369433e-02 1.14000524e-01 1.24237467e-01 -8.06746336e-03 2.87966132e+00 2.50838592e+00 1.07760945e-02 1.113619e+01 8.710698e-01 5.710150e+01 9.435695e+01 4.481023e-01 4.9597e-03 6.9580e-03 +3.8602e-06 0.02601 6.58713e-01 7.13291e-01 7.83618e-01 1.92839e-02
3.696443 1.00078165e-02 1.12978830e-01 1.22986646e-01 -7.74697532e-03 2.95390366e+00 2.53340398e+00 1.09746153e-02 1.128906e+01 8.576461e-01 5.953086e+01 9.831268e+01 3.781571e-01 4.9312e-03 6.9160e-03 +9.5089e-06 0.02776 6.63575e-01 7.16326e-01 7.84160e-01 1.97263e-02
3.796347 9.80506012e-03 1.12238934e-01 1.22043994e-01 -8.36076193e-03 2.91277412e+00 2.53836640e+00 1.09022810e-02 1.144704e+01 8.714601e-01 5.894208e+01 9.523450e+01 3.316010e-01 4.9362e-03 6.9412e-03 +5.2938e-07 0.02724 6.59056e-01 7.11828e-01 7.79265e-01 1.94552e-02
3.896251 9.63944481e-03 1.11251882e-01 1.20891326e-01 -9.13316622e-03 2.88980659e+00 2.55585579e+00 1.08913248e-02 1.154132e+01 8.844384e-01 5.861840e+01 9.358824e+01 1.700257e-01 4.9771e-03 6.9450e-03 +7.0263e-06 0.02666 6.59003e-01 7.10296e-01 7.76906e-01 1.94823e-02
3.996155 9.39006716e-03 1.10390562e-01 1.19780629e-01 -8.39159347e-03 2.94015155e+00 2.54645025e+00 1.09732036e-02 1.175610e+01 8.660949e-01 5.920970e+01 9.380183e+01 1.809050e-01 4.9712e-03 6.9506e-03 +7.0644e-06 0.02757 6.62812e-01 7.12760e-01 7.76615e-01 1.98268e-02
4.096059 9.07183515e-03 1.09689241e-01 1.18761076e-01 -9.18331087e-03 2.86557372e+00 2.54035016e+00 1.08118478e-02 1.209119e+01 8.865066e-01 5.880717e+01 9.222676e+01 3.099560e-02 4.9659e-03 6.9210e-03 +4.2224e-07 0.02688 6.58524e-01 7.08386e-01 7.71939e-01 1.93458e-02
4.195963 8.79709293e-03 1.08741170e-01 1.17538263e-01 -8.87323088e-03 2.84778629e+00 2.51984997e+00 1.07352725e-02 1.236103e+01 8.848452e-01 5.741544e+01 9.005590e+01 -1.725035e-02 5.0384e-03 7.0017e-03 +9.0582e-06 0.02617 6.59980e-01 7.08350e-01 7.70295e-01 1.94692e-02
4.295867 8.53611655e-03 1.08051104e-01 1.16587220e-01 -8.48693573e-03 2.85135886e+00 2.50170873e+00 1.07061352e-02 1.265811e+01 8.773742e-01 5.850036e+01 9.272614e+01 -5.518797e-02 4.8974e-03 6.8171e-03 +4.2286e-06 0.02735 6.62009e-01 7.09956e-01 7.69625e-01 1.95099e-02
4.395771 8.19438476e-03 1.07356483e-01 1.15550868e-01 -8.87405703e-03 2.75782829e+00 2.46529056e+00 1.04462377e-02 1.310123e+01 8.939246e-01 5.579653e+01 8.842963e+01 -1.318438e-01 4.9629e-03 6.9147e-03 +2.0749e-06 0.02538 6.57370e-01 7.05187e-01 7.64776e-01 1.89969e-02
4.495674 7.82281262e-03 1.06506744e-01 1.14329557e-01 -8.20072251e-03 2.73517793e+00 2.43577403e+00 1.03419039e-02 1.361489e+01 8.905359e-01 5.569333e+01 8.959702e+01 -1.602510e-01 4.8706e-03 6.7792e-03 +9.3413e-06 0.02577 6.59495e-01 7.06235e-01 7.64156e-01 1.91266e-02
4.595578 7.50880130e-03 1.05965077e-01 1.13473878e-01 -7.86022685e-03 2.68362501e+00 2.39536760e+00 1.01579852e-02 1.411212e+01 8.925866e-01 5.403976e+01 8.730008e+01 -1.316351e-01 4.7504e-03 6.6642e-03 +1.8635e-06 0.02532 6.57210e-01 7.04564e-01 7.61337e-01 1.87991e-02
4.695482 7.19073697e-03 1.05247671e-01 1.12438408e-01 -8.11448509e-03 2.58328901e+00 2.35412011e+00 9.87481823e-03 1.463656e+01 9.112879e-01 5.169579e+01 8.382509e+01 -2.276763e-01 4.7606e-03 6.6711e-03 +4.7820e-06 0.02365 6.53118e-01 7.00057e-01 7.57115e-01 1.83907e-02
4.795386 6.80664177e-03 1.04568748e-01 1.11375389e-01 -7.05536064e-03 2.55225112e+00 2.30735304e+00 9.71920832e-03 1.536275e+01 9.040462e-01 5.026512e+01 8.219925e+01 -1.594910e-01 4.5993e-03 6.4983e-03 +7.9679e-06 0.02359 6.53865e-01 7.00478e-01 7.55983e-01 1.84311e-02
4.895290 6.43318938e-03 1.04081996e-01 1.10515185e-01 -7.11039596e-03 2.44431544e+00 2.25911385e+00 9.40685857e-03 1.617891e+01 9.242317e-01 4.837507e+01 7.884618e+01 -1.996142e-01 4.4701e-03 6.3583e-03 +7.4129e-07 0.02231 6.47627e-01 6.95138e-01 7.50927e-01 1.78707e-02
4.995194 6.11672463e-03 1.03402105e-01 1.09518830e-01 -6.77439458e-03 2.35905791e+00 2.21001287e+00 9.13814156e-03 1.690482e+01 9.368201e-01 4.710584e+01 7.406424e+01 -2.418174e-01 4.4683e-03 6.3740e-03 +7.2641e-06 0.02045 6.44749e-01 6.91918e-01 7.47759e-01 1.75451e-02
5.095098 5.78399958e-03 1.02854387e-01 1.08638387e-01 -5.99474817e-03 2.30353196e+00 2.16051995e+00 8.92810383e-03 1.778257e+01 9.379162e-01 4.452757e+01 7.237665e+01 -2.011222e-01 4.1981e-03 6.0499e-03 +5.6958e-06 0.02036 6.43774e-01 6.91179e-01 7.46137e-01 1.75672e-02
5.195002 5.40992177e-03 1.02412638e-01 1.07822559e-01 -6.03745865e-03 2.18781925e+00 2.10773616e+00 8.59111082e-03 1.893052e+01 9.633959e-01 4.439534e+01 6.817897e+01 -2.674061e-01 4.1688e-03 6.0517e-03 +1.1979e-06 0.01812 6.36757e-01 6.85273e-01 7.41176e-01 1.68509e-02
5.294905 5.07160010e-03 1.01754903e-01 1.06826503e-01 -5.39153315e-03 2.10720933e+00 2.05643471e+00 8.32728807e-03 2.006367e+01 9.759043e-01 4.294639e+01 6.556521e+01 -2.901556e-01 4.0520e-03 5.9038e-03 +8.5255e-06 0.01696 6.34980e-01 6.83050e-01 7.39180e-01 1.67557e-02
5.394809 4.78532131e-03 1.01359274e-01 1.06144595e-01 -4.83999067e-03 2.03527553e+00 2.00536512e+00 8.08128130e-03 2.118129e+01 9.853040e-01 4.058035e+01 6.521929e+01 -2.513815e-01 3.8137e-03 5.6300e-03 +3.3370e-06 0.01650 6.32081e-01 6.81502e-01 7.37334e-01 1.65509e-02
5.494713 4.47693673e-03 1.00866687e-01 1.05343624e-01 -4.87563885e-03 1.92467205e+00 1.95086659e+00 7.75107728e-03 2.253029e+01 1.013610e+00 4.009901e+01 6.196997e+01 -3.380300e-01 3.8162e-03 5.6538e-03 +3.0454e-06 0.01538 6.26399e-01 6.76189e-01 7.33568e-01 1.59522e-02
5.594617 4.15123889e-03 1.00318310e-01 1.04469549e-01 -4.01553843e-03 1.85243053e+00 1.89796170e+00 7.50078447e-03 2.416587e+01 1.024579e+00 3.812452e+01 6.272731e+01 -2.858176e-01 3.6317e-03 5.4213e-03 +8.2239e-06 0.01489 6.25206e-01 6.75308e-01 7.32707e-01 1.59177e-02
5.694521 3.88316001e-03 9.99624483e-02 1.03845608e-01 -3.72853329e-03 1.77037332e+00 1.84372671e+00 7.22820006e-03 2.574255e+01 1.041434e+00 3.674527e+01 6.233366e+01 -2.507050e-01 3.4711e-03 5.2409e-03 +1.6429e-06 0.01456 6.21454e-01 6.72991e-01 7.31038e-01 1.55525e-02
5.794425 3.65169610e-03 9.94605744e-02 1.03112271e-01 -3.61733454e-03 1.67095180e+00 1.79094595e+00 6.92379550e-03 2.723682e+01 1.071812e+00 3.566526e+01 5.912541e+01 -3.144156e-01 3.4796e-03 5.2582e-03 +5.4330e-06 0.01387 6.16978e-01 6.69077e-01 7.28797e-01 1.50251e-02
5.894329 3.39832838e-03 9.89836523e-02 1.02381981e-01 -2.72707944e-03 1.61768301e+00 1.73562969e+00 6.70662539e-03 2.912716e+01 1.072911e+00 3.568564e+01 6.104883e+01 -1.804487e-01 3.2597e-03 4.9785e-03 +6.7113e-06 0.01404 6.17660e-01 6.70136e-01 7.29842e-01 1.51016e-02
5.994233 3.15353637e-03 9.86585770e-02 1.01812113e-01 -2.74218475e-03 1.52006084e+00 1.68050559e+00 6.40113287e-03 3.128506e+01 1.105552e+00 3.433828e+01 5.826791e+01 -1.959634e-01 3.1902e-03 4.9093e-03 +1.1505e-06 0.01328 6.11028e-01 6.65726e-01 7.27205e-01 1.44564e-02
6.094136 2.96628794e-03 9.81200963e-02 1.01086384e-01 -2.23613873e-03 1.45069912e+00 1.62770726e+00 6.15681276e-03 3.307841e+01 1.122016e+00 3.326351e+01 5.705952e+01 -1.827184e-01 3.1742e-03 4.8890e-03 +7.2758e-06 0.01248 6.10173e-01 6.64704e-01 7.27516e-01 1.42070e-02
6.194040 2.80143143e-03 9.77502193e-02 1.00551651e-01 -1.72807519e-03 1.39127857e+00 1.57323430e+00 5.92902573e-03 3.489295e+01 1.130783e+00 3.380742e+01 5.774168e+01 -6.001373e-02 2.9437e-03 4.5835e-03 +4.6843e-06 0.01313 6.08412e-01 6.64689e-01 7.27876e-01 1.40826e-02
6.293944 2.61636744e-03 9.73774918e-02 9.99938592e-02 -1.67967366e-03 1.31539185e+00 1.51978227e+00 5.67034825e-03 3.721858e+01 1.155384e+00 3.218169e+01 5.496149e+01 -1.115580e-01 2.9771e-03 4.6603e-03 +2.0090e-06 0.01162 6.04081e-01 6.61615e-01 7.26832e-01 1.35160e-02
6.393848 2.45147674e-03 9.68763095e-02 9.93277863e-02 -1.11649859e-03 1.25047212e+00 1.46929862e+00 5.43954149e-03 3.951753e+01 1.174995e+00 3.135297e+01 5.389289e+01 -5.863026e-02 2.8675e-03 4.4929e-03 +7.9019e-06 0.01167 6.02305e-01 6.60439e-01 7.26909e-01 1.33396e-02
6.493752 2.33904490e-03 9.65597233e-02 9.88987682e-02 -7.52173082e-04 1.20629589e+00 1.41824732e+00 5.24908642e-03 4.128169e+01 1.175704e+00 3.200001e+01 5.469603e+01 4.175398e-02 2.7220e-03 4.3248e-03 +2.8082e-06 0.01161 6.01173e-01 6.61182e-01 7.28149e-01 1.31274e-02
6.593656 2.22851392e-03 9.61525012e-02 9.83810152e-02 -8.14064959e-04 1.13182279e+00 1.37232599e+00 5.00829755e-03 4.314647e+01 1.212492e+00 2.940615e+01 5.037989e+01 -7.550355e-02 2.7642e-03 4.3862e-03 +3.8737e-06 0.01091 5.95857e-01 6.57175e-01 7.26718e-01 1.26073e-02
6.693560 2.10029832e-03 9.57063897e-02 9.78066880e-02 -6.75491174e-05 1.09349938e+00 1.32452540e+00 4.83604955e-03 4.556800e+01 1.211272e+00 3.003036e+01 5.170578e+01 6.648120e-02 2.6189e-03 4.1955e-03 +7.2277e-06 0.01151 5.96502e-01 6.58274e-01 7.28290e-01 1.25586e-02
6.793464 2.00266661e-03 9.54245168e-02 9.74271834e-02 -1.23644900e-04 1.03331780e+00 1.28035529e+00 4.62734618e-03 4.764873e+01 1.239072e+00 2.887755e+01 4.931166e+01 5.281412e-02 2.5436e-03 4.1122e-03 +1.6997e-06 0.01133 5.90742e-01 6.55386e-01 7.27126e-01 1.21326e-02
6.893367 1.93986634e-03 9.49858476e-02 9.69257139e-02 1.48797958e-04 9.84724249e-01 1.24039135e+00 4.45023121e-03 4.896515e+01 1.259633e+00 2.742464e+01 4.709158e+01 -6.835163e-03 2.5852e-03 4.1858e-03 +5.8523e-06 0.01119 5.89088e-01 6.54061e-01 7.27665e-01 1.18114e-02
6.993271 1.86665761e-03 9.46198684e-02 9.64865260e-02 5.38344037e-04 9.45501023e-01 1.19948878e+00 4.28997961e-03 5.068946e+01 1.268628e+00 2.749785e+01 4.721780e+01 1.229338e-01 2.4242e-03 3.9657e-03 +5.7345e-06 0.01146 5.87689e-01 6.54244e-01 7.28479e-01 1.17244e-02
7.093175 1.78303195e-03 9.43377895e-02 9.61208214e-02 5.04586132e-04 8.98534666e-01 1.16112308e+00 4.11931550e-03 5.290864e+01 1.292241e+00 2.621520e+01 4.468519e+01 6.249239e-02 2.4456e-03 4.0438e-03 +1.6810e-06 0.01139 5.83021e-01 6.51960e-01 7.28176e-01 1.12897e-02
7.193079 1.72929873e-03 9.38977012e-02 9.56269999e-02 8.00849194e-04 8.53964119e-01 1.12864846e+00 3.96522515e-03 5.429814e+01 1.321658e+00 2.458720e+01 4.225512e+01 4.541831e-02 2.4387e-03 4.0222e-03 +7.1272e-06 0.01114 5.81316e-01 6.50706e-01 7.28838e-01 1.10940e-02
7.292983 1.69694376e-03 9.36143831e-02 9.53113269e-02 1.02951566e-03 8.27138470e-01 1.09204381e+00 3.83836457e-03 5.516646e+01 1.320267e+00 2.516679e+01 4.291573e+01 1.782401e-01 2.3276e-03 3.9125e-03 +3.9796e-06 0.01168 5.80065e-01 6.51722e-01 7.30333e-01 1.09427e-02
7.392887 1.64502404e-03 9.33008788e-02 9.49459029e-02 8.72308863e-04 7.81237161e-01 1.06282700e+00 3.68812831e-03 5.671703e+01 1.360441e+00 2.267091e+01 3.864117e+01 4.404874e-02 2.4008e-03 4.0352e-03 +2.7921e-06 0.01120 5.75141e-01 6.48619e-01 7.30067e-01 1.05723e-02
7.492791 1.58891198e-03 9.29103145e-02 9.44992264e-02 1.32010456e-03 7.49920921e-01 1.03155007e+00 3.56294198e-03 5.847417e+01 1.375545e+00 2.239005e+01 3.827903e+01 1.407618e-01 2.3397e-03 3.9644e-03 +7.2510e-06 0.01149 5.73993e-01 6.48142e-01 7.30913e-01 1.04223e-02
7.592695 1.56271523e-03 9.26713440e-02 9.42340593e-02 1.21073727e-03 7.18384398e-01 1.00281827e+00 3.44240534e-03 5.930149e+01 1.395935e+00 2.166039e+01 3.674616e+01 1.743686e-01 2.2966e-03 3.9424e-03 +2.5691e-06 0.01166 5.69957e-01 6.47030e-01 7.31299e-01 1.01907e-02
7.692598 1.54060139e-03 9.23434575e-02 9.38840589e-02 1.22301384e-03 6.85589606e-01 9.78514116e-01 3.32820745e-03 5.993988e+01 1.427259e+00 2.098554e+01 3.538832e+01 9.361820e-02 2.3626e-03 4.0553e-03 +4.5108e-06 0.01191 5.66807e-01 6.44932e-01 7.31768e-01 9.89731e-03
7.792502 1.49686621e-03 9.20097011e-02 9.35065674e-02 1.48477618e-03 6.59198789e-01 9.52590778e-01 3.22357914e-03 6.146822e+01 1.445074e+00 2.086252e+01 3.382268e+01 2.078842e-01 2.2792e-03 3.9519e-03 +6.3914e-06 0.01225 5.64690e-01 6.43897e-01 7.32072e-01 9.79483e-03
7.892406 1.45752788e-03 9.18072078e-02 9.32647357e-02 1.28975951e-03 6.30413589e-01 9.28343048e-01 3.11751327e-03 6.298830e+01 1.472594e+00 2.087528e+01 3.387154e+01 2.013267e-01 2.2768e-03 4.0033e-03 +1.9166e-06 0.01258 5.58411e-01 6.40895e-01 7.31259e-01 9.47298e-03
7.992310 1.43987678e-03 9.14585420e-02 9.28984188e-02 1.40029495e-03 6.03344603e-01 9.10785490e-01 3.02826018e-03 6.351831e+01 1.509561e+00 2.022067e+01 3.449017e+01 1.751334e-01 2.3116e-03 4.0377e-03 +6.0773e-06 0.01267 5.55875e-01 6.38423e-01 7.31333e-01 9.29323e-03
8.092214 1.41671952e-03 9.12130611e-02 9.26297806e-02 1.44814982e-03 5.82164015e-01 8.87369981e-01 2.93906799e-03 6.438329e+01 1.524261e+00 2.041097e+01 3.270374e+01 2.913405e-01 2.2162e-03 3.9558e-03 +4.9752e-06 0.01305 5.51079e-01 6.35906e-01 7.29985e-01 9.12374e-03
8.192118 1.37460960e-03 9.09947027e-02 9.23693123e-02 1.23863718e-03 5.56874108e-01 8.70367289e-01 2.85448279e-03 6.619676e+01 1.562952e+00 1.985667e+01 3.365550e+01 2.606156e-01 2.2477e-03 4.0229e-03 +2.2626e-06 0.01313 5.44668e-01 6.31508e-01 7.28391e-01 8.85376e-03
8.292022 1.34155134e-03 9.06766774e-02 9.20182287e-02 1.41314933e-03 5.33027880e-01 8.54462650e-01 2.77498106e-03 6.759091e+01 1.603036e+00 1.953632e+01 3.323931e+01 2.997571e-01 2.2185e-03 3.9796e-03 +6.8430e-06 0.01323 5.39997e-01 6.27225e-01 7.26270e-01 8.66535e-03
8.391926 1.32549123e-03 9.04817944e-02 9.18072856e-02 1.26571700e-03 5.15656025e-01 8.36365824e-01 2.70404370e-03 6.826284e+01 1.621945e+00 1.940789e+01 3.192584e+01 3.820417e-01 2.1444e-03 3.9277e-03 +3.5270e-06 0.01350 5.33799e-01 6.23423e-01 7.23812e-01 8.48062e-03
8.491829 1.29577376e-03 9.02540570e-02 9.15498308e-02 1.10274617e-03 4.95634514e-01 8.24897555e-01 2.64106414e-03 6.965264e+01 1.664326e+00 1.883173e+01 3.298153e+01 3.564967e-01 2.1820e-03 3.9885e-03 +3.4603e-06 0.01341 5.27635e-01 6.18465e-01 7.21557e-01 8.26530e-03
8.591733 1.25301311e-03 8.99686993e-02 9.12217124e-02 1.27501022e-03 4.76361082e-01 8.10628167e-01 2.57397850e-03 7.180188e+01 1.701709e+00 1.850608e+01 3.166271e+01 4.325419e-01 2.1033e-03 3.8824e-03 +6.6303e-06 0.01356 5.21893e-01 6.12931e-01 7.17815e-01 8.08684e-03
8.691637 1.22522123e-03 8.98184156e-02 9.10436369e-02 9.70111498e-04 4.59651708e-01 7.97413628e-01 2.51413067e-03 7.330792e+01 1.734821e+00 1.825409e+01 3.102747e+01 4.520198e-01 2.0631e-03 3.8820e-03 +2.5077e-06 0.01359 5.13274e-01 6.07343e-01 7.13911e-01 7.86172e-03
8.791541 1.20537932e-03 8.95600258e-02 9.07654051e-02 9.81844576e-04 4.45416844e-01 7.89776104e-01 2.47038590e-03 7.430028e+01 1.773117e+00 1.762280e+01 3.157884e+01 4.733178e-01 2.0826e-03 3.8908e-03 +4.9649e-06 0.01354 5.09108e-01 6.02647e-01 7.11438e-01 7.72206e-03
8.891445 1.17047464e-03 8.93378348e-02 9.05083094e-02 9.47461818e-04 4.29484004e-01 7.77571232e-01 2.41411047e-03 7.632616e+01 1.810478e+00 1.737131e+01 2.982569e+01 4.859824e-01 1.9931e-03 3.8002e-03 +5.6837e-06 0.01356 5.01699e-01 5.96495e-01 7.06496e-01 7.53942e-03
8.991349 1.13075502e-03 8.91848063e-02 9.03155614e-02 7.12609441e-04 4.17497060e-01 7.67987735e-01 2.37096959e-03 7.887191e+01 1.839505e+00 1.697882e+01 2.971812e+01 5.275601e-01 1.9764e-03 3.8141e-03 +2.2325e-06 0.01357 4.94379e-01 5.90983e-01 7.02742e-01 7.35604e-03
9.091253 1.10572087e-03 8.89238872e-02 9.00296080e-02 7.63045635e-04 4.03919116e-01 7.63353661e-01 2.33454555e-03 8.042164e+01 1.889868e+00 1.637200e+01 2.964261e+01 5.011215e-01 1.9771e-03 3.7896e-03 +6.1205e-06 0.01335 4.90020e-01 5.85969e-01 6.99479e-01 7.24071e-03
9.191157 1.08371554e-03 8.87479043e-02 8.98316199e-02 6.29304071e-04 3.94070484e-01 7.52014933e-01 2.29217083e-03 8.189225e+01 1.908326e+00 1.624721e+01 2.771498e+01 5.219709e-01 1.8818e-03 3.7134e-03 +4.4058e-06 0.01351 4.83074e-01 5.80479e-01 6.94673e-01 7.06593e-03
9.291060 1.04700716e-03 8.85794186e-02 8.96264257e-02 4.16718907e-04 3.83599637e-01 7.47812488e-01 2.26282425e-03 8.460250e+01 1.949461e+00 1.565373e+01 2.817947e+01 5.043654e-01 1.9057e-03 3.7559e-03 +2.8182e-06 0.01321 4.77224e-01 5.75604e-01 6.91592e-01 6.96436e-03
9.390964 1.01155553e-03 8.83276430e-02 8.93391985e-02 5.60754690e-04 3.71677315e-01 7.41392325e-01 2.22613928e-03 8.731863e+01 1.994720e+00 1.533190e+01 2.703332e+01 5.091085e-01 1.8469e-03 3.6619e-03 +6.4813e-06 0.01320 4.72092e-01 5.69714e-01 6.87034e-01 6.79786e-03
9.490868 9.91410737e-04 8.81875367e-02 8.91789475e-02 2.62252626e-04 3.62506451e-01 7.34039040e-01 2.19309098e-03 8.895157e+01 2.024899e+00 1.508199e+01 2.576207e+01 4.650179e-01 1.7931e-03 3.6405e-03 +3.2542e-06 0.01310 4.64850e-01 5.64626e-01 6.82609e-01 6.65518e-03
9.590772 9.67635536e-04 8.79880697e-02 8.89557052e-02 2.40776520e-04 3.55740818e-01 7.31011527e-01 2.17350469e-03 9.093100e+01 2.054899e+00 1.468047e+01 2.601770e+01 4.807309e-01 1.8044e-03 3.6459e-03 +3.9935e-06 0.01294 4.61565e-01 5.60865e-01 6.80240e-01 6.58531e-03
9.690676 9.32589321e-04 8.77664923e-02 8.86990816e-02 2.54697894e-04 3.44339569e-01 7.25499421e-01 2.13967798e-03 9.411055e+01 2.106930e+00 1.519581e+01 2.489126e+01 4.187049e-01 1.7340e-03 3.5476e-03 +6.0558e-06 0.01280 4.55743e-01 5.55116e-01 6.75396e-01 6.42864e-03
9.790580 9.05205307e-04 8.76373432e-02 8.85425485e-02 1.59952234e-05 3.38473596e-01 7.19131279e-01 2.11520975e-03 9.681488e+01 2.124630e+00 1.524975e+01 2.459960e+01 4.300257e-01 1.6916e-03 3.5356e-03 +2.5682e-06 0.01277 4.49672e-01 5.50894e-01 6.71836e-01 6.30333e-03
9.890484 8.88390452e-04 8.74112083e-02 8.82995987e-02 6.64387406e-05 3.30471714e-01 7.18766365e-01 2.09847616e-03 9.839278e+01 2.174971e+00 1.503505e+01 2.447264e+01 3.871030e-01 1.7044e-03 3.5141e-03 +5.2466e-06 0.01245 4.47201e-01 5.47425e-01 6.69674e-01 6.25893e-03
9.990388 8.65402824e-04 8.72293807e-02 8.80947836e-02 -4.90716129e-06 3.23803432e-01 7.11529567e-01 2.07066600e-03 1.007963e+02 2.197412e+00 1.542391e+01 2.512876e+01 3.530226e-01 1.6111e-03 3.4153e-03 +5.0959e-06 0.01252 4.41865e-01 5.42807e-01 6.65283e-01 6.10236e-03
9.999917 8.64410893e-04 8.72182700e-02 8.80826809e-02 -3.91360369e-05 3.23007362e-01 7.11004391e-01 2.06802350e-03 1.008991e+02 2.201202e+00 1.546206e+01 2.517354e+01 3.467789e-01 1.6070e-03 3.4150e-03 +4.7182e-06 0.01254 4.41139e-01 5.42347e-01 6.64869e-01 6.08786e-03
