# tg_mhd (CUDA FP64)  hydro_noslip_nofield_n192_re250  N=192 L=192 Re=250 Pm=1 u0=0.05 nu_lat=1.215944e-02 eta_lat=1.215944e-02 tau_f=0.536478 tau_m=0.548638 dt=8.224065e-04
# t E_V E_M E_T H_C Omega_V Omega_M eps EM/EV OmM/OmV j_max w_max skew divb/j divb_wall/j mass_drift umax_lat fw1 fw2 fw4 tau_wall
0.000000 1.22395905e-01 0.00000000e+00 1.22395905e-01 0.00000000e+00 2.66941250e+01 0.00000000e+00 2.13553000e-01 0.000000e+00 0.000000e+00 0.000000e+00 9.118036e+01 3.924654e-18 0.0000e+00 0.0000e+00 +0.0000e+00 0.04998 9.86984e-01 9.88167e-01 9.90548e-01 1.77452e-01
0.050167 1.16888362e-01 0.00000000e+00 1.16888362e-01 0.00000000e+00 8.44700910e+00 0.00000000e+00 6.75760728e-02 0.000000e+00 0.000000e+00 0.000000e+00 3.786766e+01 1.497970e-01 0.0000e+00 0.0000e+00 +5.4076e-06 0.05022 9.58760e-01 9.62670e-01 9.70180e-01 7.20478e-02
0.100334 1.13947992e-01 0.00000000e+00 1.13947992e-01 0.00000000e+00 6.16144152e+00 0.00000000e+00 4.92915321e-02 0.000000e+00 0.000000e+00 0.000000e+00 2.846240e+01 1.418785e-01 0.0000e+00 0.0000e+00 +1.5329e-05 0.05019 9.37123e-01 9.48893e-01 9.59172e-01 5.29111e-02
0.150500 1.11692164e-01 0.00000000e+00 1.11692164e-01 0.00000000e+00 5.09445007e+00 0.00000000e+00 4.07556006e-02 0.000000e+00 0.000000e+00 0.000000e+00 2.341401e+01 4.978601e-02 0.0000e+00 0.0000e+00 +1.7759e-05 0.04943 9.08961e-01 9.38184e-01 9.50600e-01 4.36634e-02
0.200667 1.09923066e-01 0.00000000e+00 1.09923066e-01 0.00000000e+00 4.44423226e+00 0.00000000e+00 3.55538581e-02 0.000000e+00 0.000000e+00 0.000000e+00 2.028193e+01 2.465294e-02 0.0000e+00 0.0000e+00 +1.0058e-05 0.04928 8.77046e-01 9.29059e-01 9.43250e-01 3.77953e-02
0.250834 1.08276965e-01 0.00000000e+00 1.08276965e-01 0.00000000e+00 4.00001161e+00 0.00000000e+00 3.20000929e-02 0.000000e+00 0.000000e+00 0.000000e+00 1.840189e+01 1.277678e-01 0.0000e+00 0.0000e+00 +1.1559e-06 0.04929 8.44787e-01 9.21046e-01 9.36773e-01 3.36792e-02
0.301001 1.06729070e-01 0.00000000e+00 1.06729070e-01 0.00000000e+00 3.65994845e+00 0.00000000e+00 2.92795876e-02 0.000000e+00 0.000000e+00 0.000000e+00 1.663355e+01 2.482322e-01 0.0000e+00 0.0000e+00 +1.3012e-06 0.04902 8.13251e-01 9.13469e-01 9.30724e-01 3.08655e-02
0.351168 1.05261804e-01 0.00000000e+00 1.05261804e-01 0.00000000e+00 3.40251870e+00 0.00000000e+00 2.72201496e-02 0.000000e+00 0.000000e+00 0.000000e+00 1.541147e+01 3.180366e-01 0.0000e+00 0.0000e+00 +1.0479e-05 0.04860 7.83923e-01 9.06445e-01 9.25305e-01 2.86642e-02
0.401334 1.03816512e-01 0.00000000e+00 1.03816512e-01 0.00000000e+00 3.20646212e+00 0.00000000e+00 2.56516970e-02 0.000000e+00 0.000000e+00 0.000000e+00 1.494343e+01 2.826194e-01 0.0000e+00 0.0000e+00 +1.6943e-05 0.04850 7.57417e-01 8.99845e-01 9.20487e-01 2.67160e-02
0.451501 1.02614722e-01 0.00000000e+00 1.02614722e-01 0.00000000e+00 3.04835016e+00 0.00000000e+00 2.43868013e-02 0.000000e+00 0.000000e+00 0.000000e+00 1.436010e+01 2.200147e-01 0.0000e+00 0.0000e+00 +1.3336e-05 0.04819 7.33174e-01 8.93232e-01 9.15968e-01 2.54501e-02
0.501668 1.01509674e-01 0.00000000e+00 1.01509674e-01 0.00000000e+00 2.90330891e+00 0.00000000e+00 2.32264713e-02 0.000000e+00 0.000000e+00 0.000000e+00 1.348202e+01 2.265317e-01 0.0000e+00 0.0000e+00 +4.1047e-06 0.04756 7.09728e-01 8.85927e-01 9.11241e-01 2.43959e-02
0.551835 1.00387280e-01 0.00000000e+00 1.00387280e-01 0.00000000e+00 2.76264028e+00 0.00000000e+00 2.21011222e-02 0.000000e+00 0.000000e+00 0.000000e+00 1.275208e+01 3.489776e-01 0.0000e+00 0.0000e+00 -8.7257e-07 0.04746 6.86499e-01 8.77709e-01 9.06154e-01 2.30373e-02
0.602002 9.92840944e-02 0.00000000e+00 9.92840944e-02 0.00000000e+00 2.64495944e+00 0.00000000e+00 2.11596755e-02 0.000000e+00 0.000000e+00 0.000000e+00 1.223478e+01 4.648879e-01 0.0000e+00 0.0000e+00 +5.2288e-06 0.04750 6.65701e-01 8.69582e-01 9.01439e-01 2.17640e-02
0.652168 9.81247986e-02 0.00000000e+00 9.81247986e-02 0.00000000e+00 2.55397819e+00 0.00000000e+00 2.04318255e-02 0.000000e+00 0.000000e+00 0.000000e+00 1.192466e+01 4.783487e-01 0.0000e+00 0.0000e+00 +1.4156e-05 0.04706 6.47924e-01 8.61950e-01 8.97361e-01 2.11930e-02
0.702335 9.70790399e-02 0.00000000e+00 9.70790399e-02 0.00000000e+00 2.50273461e+00 0.00000000e+00 2.00218769e-02 0.000000e+00 0.000000e+00 0.000000e+00 1.212925e+01 3.868298e-01 0.0000e+00 0.0000e+00 +1.5239e-05 0.04640 6.35437e-01 8.55732e-01 8.94551e-01 2.11376e-02
0.752502 9.62002698e-02 0.00000000e+00 9.62002698e-02 0.00000000e+00 2.43617991e+00 0.00000000e+00 1.94894392e-02 0.000000e+00 0.000000e+00 0.000000e+00 1.185220e+01 3.550843e-01 0.0000e+00 0.0000e+00 +7.8106e-06 0.04616 6.20836e-01 8.47971e-01 8.90795e-01 2.04438e-02
0.802669 9.52714634e-02 0.00000000e+00 9.52714634e-02 0.00000000e+00 2.34151353e+00 0.00000000e+00 1.87321083e-02 0.000000e+00 0.000000e+00 0.000000e+00 1.099766e+01 4.537586e-01 0.0000e+00 0.0000e+00 +1.7490e-07 0.04586 6.01783e-01 8.37728e-01 8.85434e-01 1.93076e-02
0.852835 9.43324781e-02 0.00000000e+00 9.43324781e-02 0.00000000e+00 2.26452733e+00 0.00000000e+00 1.81162186e-02 0.000000e+00 0.000000e+00 0.000000e+00 1.052580e+01 5.754435e-01 0.0000e+00 0.0000e+00 +1.5730e-06 0.04570 5.85468e-01 8.28045e-01 8.80618e-01 1.86949e-02
0.903002 9.33762983e-02 0.00000000e+00 9.33762983e-02 0.00000000e+00 2.22637709e+00 0.00000000e+00 1.78110167e-02 0.000000e+00 0.000000e+00 0.000000e+00 1.070472e+01 5.900743e-01 0.0000e+00 0.0000e+00 +9.5724e-06 0.04549 5.76113e-01 8.20914e-01 8.77655e-01 1.85999e-02
0.953169 9.24145902e-02 0.00000000e+00 9.24145902e-02 0.00000000e+00 2.19022260e+00 0.00000000e+00 1.75217808e-02 0.000000e+00 0.000000e+00 0.000000e+00 1.070086e+01 5.511788e-01 0.0000e+00 0.0000e+00 +1.5020e-05 0.04499 5.66967e-01 8.13628e-01 8.74622e-01 1.83655e-02
1.003336 9.15971717e-02 0.00000000e+00 9.15971717e-02 0.00000000e+00 2.15110243e+00 0.00000000e+00 1.72088195e-02 0.000000e+00 0.000000e+00 0.000000e+00 1.067281e+01 5.147681e-01 0.0000e+00 0.0000e+00 +1.1281e-05 0.04435 5.57120e-01 8.05683e-01 8.71182e-01 1.80458e-02
1.053503 9.07978337e-02 0.00000000e+00 9.07978337e-02 0.00000000e+00 2.10989551e+00 0.00000000e+00 1.68791641e-02 0.000000e+00 0.000000e+00 0.000000e+00 1.034259e+01 5.314375e-01 0.0000e+00 0.0000e+00 +2.9779e-06 0.04412 5.46900e-01 7.97172e-01 8.67392e-01 1.77200e-02
1.103669 8.99672982e-02 0.00000000e+00 8.99672982e-02 0.00000000e+00 2.06311899e+00 0.00000000e+00 1.65049519e-02 0.000000e+00 0.000000e+00 0.000000e+00 1.007445e+01 6.098812e-01 0.0000e+00 0.0000e+00 -9.6051e-07 0.04397 5.35520e-01 7.87846e-01 8.63082e-01 1.72650e-02
1.153836 8.91380637e-02 0.00000000e+00 8.91380637e-02 0.00000000e+00 2.00924904e+00 0.00000000e+00 1.60739923e-02 0.000000e+00 0.000000e+00 0.000000e+00 9.644869e+00 7.004976e-01 0.0000e+00 0.0000e+00 +5.3845e-06 0.04370 5.22363e-01 7.77535e-01 8.58125e-01 1.65578e-02
1.204003 8.82491008e-02 0.00000000e+00 8.82491008e-02 0.00000000e+00 1.98289899e+00 0.00000000e+00 1.58631919e-02 0.000000e+00 0.000000e+00 0.000000e+00 9.685477e+00 7.000595e-01 0.0000e+00 0.0000e+00 +1.2829e-05 0.04340 5.15502e-01 7.70019e-01 8.54929e-01 1.64933e-02
1.254170 8.74360793e-02 0.00000000e+00 8.74360793e-02 0.00000000e+00 1.98488186e+00 0.00000000e+00 1.58790549e-02 0.000000e+00 0.000000e+00 0.000000e+00 1.020795e+01 6.247490e-01 0.0000e+00 0.0000e+00 +1.3059e-05 0.04285 5.15340e-01 7.65647e-01 8.53648e-01 1.69681e-02
1.304337 8.67259293e-02 0.00000000e+00 8.67259293e-02 0.00000000e+00 1.97006318e+00 0.00000000e+00 1.57605054e-02 0.000000e+00 0.000000e+00 0.000000e+00 1.019816e+01 5.966097e-01 0.0000e+00 0.0000e+00 +6.2074e-06 0.04224 5.10962e-01 7.59164e-01 8.50981e-01 1.69353e-02
1.354503 8.59655803e-02 0.00000000e+00 8.59655803e-02 0.00000000e+00 1.91683001e+00 0.00000000e+00 1.53346401e-02 0.000000e+00 0.000000e+00 0.000000e+00 9.496660e+00 6.721567e-01 0.0000e+00 0.0000e+00 -1.8512e-07 0.04201 4.96933e-01 7.47701e-01 8.45196e-01 1.59690e-02
1.404670 8.51988973e-02 0.00000000e+00 8.51988973e-02 0.00000000e+00 1.87452952e+00 0.00000000e+00 1.49962362e-02 0.000000e+00 0.000000e+00 0.000000e+00 9.244321e+00 7.593820e-01 0.0000e+00 0.0000e+00 +1.5343e-06 0.04211 4.85606e-01 7.37390e-01 8.40088e-01 1.54185e-02
1.454837 8.43954736e-02 0.00000000e+00 8.43954736e-02 0.00000000e+00 1.86245286e+00 0.00000000e+00 1.48996228e-02 0.000000e+00 0.000000e+00 0.000000e+00 9.428980e+00 7.710347e-01 0.0000e+00 0.0000e+00 +9.0713e-06 0.04177 4.82407e-01 7.31264e-01 8.37460e-01 1.56312e-02
1.505004 8.35944111e-02 0.00000000e+00 8.35944111e-02 0.00000000e+00 1.86450474e+00 0.00000000e+00 1.49160379e-02 0.000000e+00 0.000000e+00 0.000000e+00 9.731446e+00 7.256751e-01 0.0000e+00 0.0000e+00 +1.3281e-05 0.04107 4.82897e-01 7.27170e-01 8.35979e-01 1.60099e-02
1.555171 8.28994786e-02 0.00000000e+00 8.28994786e-02 0.00000000e+00 1.85632514e+00 0.00000000e+00 1.48506011e-02 0.000000e+00 0.000000e+00 0.000000e+00 9.844498e+00 6.809164e-01 0.0000e+00 0.0000e+00 +9.2700e-06 0.04061 4.80404e-01 7.21522e-01 8.33475e-01 1.59223e-02
1.605337 8.22013581e-02 0.00000000e+00 8.22013581e-02 0.00000000e+00 1.82733037e+00 0.00000000e+00 1.46186429e-02 0.000000e+00 0.000000e+00 0.000000e+00 9.540451e+00 7.041598e-01 0.0000e+00 0.0000e+00 +1.9660e-06 0.04038 4.72071e-01 7.12656e-01 8.28974e-01 1.54048e-02
1.655504 8.14674746e-02 0.00000000e+00 8.14674746e-02 0.00000000e+00 1.79744617e+00 0.00000000e+00 1.43795693e-02 0.000000e+00 0.000000e+00 0.000000e+00 9.237003e+00 7.714211e-01 0.0000e+00 0.0000e+00 -6.4479e-07 0.04019 4.63451e-01 7.03539e-01 8.24276e-01 1.50468e-02
1.705671 8.07408763e-02 0.00000000e+00 8.07408763e-02 0.00000000e+00 1.77794506e+00 0.00000000e+00 1.42235605e-02 0.000000e+00 0.000000e+00 0.000000e+00 9.140259e+00 8.196520e-01 0.0000e+00 0.0000e+00 +5.1405e-06 0.03999 4.57921e-01 6.96136e-01 8.20545e-01 1.49030e-02
1.755838 7.99647828e-02 0.00000000e+00 7.99647828e-02 0.00000000e+00 1.77201795e+00 0.00000000e+00 1.41761436e-02 0.000000e+00 0.000000e+00 0.000000e+00 9.406966e+00 7.932577e-01 0.0000e+00 0.0000e+00 +1.1459e-05 0.03967 4.56440e-01 6.91108e-01 8.18143e-01 1.49558e-02
1.806005 7.92501928e-02 0.00000000e+00 7.92501928e-02 0.00000000e+00 1.77314821e+00 0.00000000e+00 1.41851857e-02 0.000000e+00 0.000000e+00 0.000000e+00 9.648973e+00 7.499401e-01 0.0000e+00 0.0000e+00 +1.1236e-05 0.03906 4.56965e-01 6.87350e-01 8.16391e-01 1.51808e-02
1.856171 7.85925658e-02 0.00000000e+00 7.85925658e-02 0.00000000e+00 1.77247598e+00 0.00000000e+00 1.41798078e-02 0.000000e+00 0.000000e+00 0.000000e+00 9.780329e+00 7.224325e-01 0.0000e+00 0.0000e+00 +4.8203e-06 0.03858 4.56896e-01 6.83302e-01 8.14378e-01 1.53109e-02
1.906338 7.78991042e-02 0.00000000e+00 7.78991042e-02 0.00000000e+00 1.74807340e+00 0.00000000e+00 1.39845872e-02 0.000000e+00 0.000000e+00 0.000000e+00 9.395052e+00 7.614799e-01 0.0000e+00 0.0000e+00 -6.1785e-07 0.03843 4.49582e-01 6.75017e-01 8.09819e-01 1.47803e-02
1.956505 7.72016523e-02 0.00000000e+00 7.72016523e-02 0.00000000e+00 1.71495528e+00 0.00000000e+00 1.37196422e-02 0.000000e+00 0.000000e+00 0.000000e+00 9.074370e+00 8.252057e-01 0.0000e+00 0.0000e+00 +1.5683e-06 0.03837 4.39455e-01 6.65053e-01 8.04238e-01 1.41814e-02
2.006672 7.64725674e-02 0.00000000e+00 7.64725674e-02 0.00000000e+00 1.70267402e+00 0.00000000e+00 1.36213921e-02 0.000000e+00 0.000000e+00 0.000000e+00 9.133144e+00 8.400221e-01 0.0000e+00 0.0000e+00 +8.5160e-06 0.03809 4.36074e-01 6.59149e-01 8.00977e-01 1.42054e-02
2.056839 7.57442356e-02 0.00000000e+00 7.57442356e-02 0.00000000e+00 1.72173335e+00 0.00000000e+00 1.37738668e-02 0.000000e+00 0.000000e+00 0.000000e+00 9.729760e+00 7.752506e-01 0.0000e+00 0.0000e+00 +1.1474e-05 0.03754 4.42933e-01 6.59577e-01 8.01321e-01 1.49025e-02
2.107005 7.50990441e-02 0.00000000e+00 7.50990441e-02 0.00000000e+00 1.72566111e+00 0.00000000e+00 1.38052889e-02 0.000000e+00 0.000000e+00 0.000000e+00 9.892528e+00 7.294300e-01 0.0000e+00 0.0000e+00 +7.4869e-06 0.03701 4.44659e-01 6.57073e-01 7.99844e-01 1.49326e-02
2.157172 7.44378782e-02 0.00000000e+00 7.44378782e-02 0.00000000e+00 1.69626996e+00 0.00000000e+00 1.35701597e-02 0.000000e+00 0.000000e+00 0.000000e+00 9.518953e+00 7.503478e-01 0.0000e+00 0.0000e+00 +1.1338e-06 0.03676 4.35550e-01 6.47918e-01 7.94402e-01 1.42419e-02
2.207339 7.37558374e-02 0.00000000e+00 7.37558374e-02 0.00000000e+00 1.67122931e+00 0.00000000e+00 1.33698345e-02 0.000000e+00 0.000000e+00 0.000000e+00 9.186370e+00 8.018618e-01 0.0000e+00 0.0000e+00 -5.2405e-07 0.03670 4.27908e-01 6.39585e-01 7.89395e-01 1.38915e-02
2.257506 7.30733974e-02 0.00000000e+00 7.30733974e-02 0.00000000e+00 1.66737739e+00 0.00000000e+00 1.33390191e-02 0.000000e+00 0.000000e+00 0.000000e+00 9.313723e+00 8.153413e-01 0.0000e+00 0.0000e+00 +4.7380e-06 0.03649 4.27635e-01 6.35918e-01 7.87076e-01 1.40525e-02
2.307673 7.23588432e-02 0.00000000e+00 7.23588432e-02 0.00000000e+00 1.66561083e+00 0.00000000e+00 1.33248866e-02 0.000000e+00 0.000000e+00 0.000000e+00 9.555257e+00 7.874025e-01 0.0000e+00 0.0000e+00 +1.0202e-05 0.03604 4.28046e-01 6.32861e-01 7.85037e-01 1.41135e-02
2.357839 7.16952400e-02 0.00000000e+00 7.16952400e-02 0.00000000e+00 1.66426299e+00 0.00000000e+00 1.33141039e-02 0.000000e+00 0.000000e+00 0.000000e+00 9.771024e+00 7.395079e-01 0.0000e+00 0.0000e+00 +9.4476e-06 0.03554 4.28569e-01 6.30016e-01 7.83007e-01 1.41886e-02
2.408006 7.10647422e-02 0.00000000e+00 7.10647422e-02 0.00000000e+00 1.66181176e+00 0.00000000e+00 1.32944941e-02 0.000000e+00 0.000000e+00 0.000000e+00 9.791374e+00 7.110815e-01 0.0000e+00 0.0000e+00 +3.4815e-06 0.03522 4.28796e-01 6.27030e-01 7.80790e-01 1.42130e-02
2.458173 7.04037121e-02 0.00000000e+00 7.04037121e-02 0.00000000e+00 1.64360035e+00 0.00000000e+00 1.31488028e-02 0.000000e+00 0.000000e+00 0.000000e+00 9.516112e+00 7.387356e-01 0.0000e+00 0.0000e+00 -9.4294e-07 0.03500 4.23675e-01 6.20587e-01 7.76478e-01 1.38537e-02
2.508340 6.97490772e-02 0.00000000e+00 6.97490772e-02 0.00000000e+00 1.61860120e+00 0.00000000e+00 1.29488096e-02 0.000000e+00 0.000000e+00 0.000000e+00 9.261366e+00 7.797005e-01 0.0000e+00 0.0000e+00 +1.5649e-06 0.03484 4.16186e-01 6.12596e-01 7.71222e-01 1.34228e-02
2.558506 6.90677701e-02 0.00000000e+00 6.90677701e-02 0.00000000e+00 1.60898435e+00 0.00000000e+00 1.28718748e-02 0.000000e+00 0.000000e+00 0.000000e+00 9.325992e+00 7.710862e-01 0.0000e+00 0.0000e+00 +7.6398e-06 0.03463 4.14319e-01 6.08344e-01 7.68119e-01 1.34411e-02
2.608673 6.83920514e-02 0.00000000e+00 6.83920514e-02 0.00000000e+00 1.61775677e+00 0.00000000e+00 1.29420541e-02 0.000000e+00 0.000000e+00 0.000000e+00 9.715358e+00 7.133001e-01 0.0000e+00 0.0000e+00 +9.8286e-06 0.03415 4.19159e-01 6.08686e-01 7.67635e-01 1.38419e-02
2.658840 6.77772087e-02 0.00000000e+00 6.77772087e-02 0.00000000e+00 1.61927836e+00 0.00000000e+00 1.29542269e-02 0.000000e+00 0.000000e+00 0.000000e+00 9.866621e+00 6.714702e-01 0.0000e+00 0.0000e+00 +5.9261e-06 0.03365 4.21331e-01 6.07401e-01 7.66069e-01 1.39374e-02
2.709007 6.71459260e-02 0.00000000e+00 6.71459260e-02 0.00000000e+00 1.59826076e+00 0.00000000e+00 1.27860860e-02 0.000000e+00 0.000000e+00 0.000000e+00 9.569960e+00 6.740817e-01 0.0000e+00 0.0000e+00 +3.0340e-07 0.03342 4.15453e-01 6.00708e-01 7.61196e-01 1.34656e-02
2.759174 6.65060292e-02 0.00000000e+00 6.65060292e-02 0.00000000e+00 1.57199736e+00 0.00000000e+00 1.25759789e-02 0.000000e+00 0.000000e+00 0.000000e+00 9.188764e+00 7.105186e-01 0.0000e+00 0.0000e+00 -6.0314e-07 0.03337 4.07660e-01 5.92652e-01 7.55467e-01 1.30326e-02
2.809340 6.58649796e-02 0.00000000e+00 6.58649796e-02 0.00000000e+00 1.56014443e+00 0.00000000e+00 1.24811554e-02 0.000000e+00 0.000000e+00 0.000000e+00 9.221974e+00 7.202098e-01 0.0000e+00 0.0000e+00 +4.3847e-06 0.03316 4.05357e-01 5.88355e-01 7.51965e-01 1.30342e-02
2.859507 6.52035479e-02 0.00000000e+00 6.52035479e-02 0.00000000e+00 1.56157435e+00 0.00000000e+00 1.24925948e-02 0.000000e+00 0.000000e+00 0.000000e+00 9.483124e+00 6.811354e-01 0.0000e+00 0.0000e+00 +8.9056e-06 0.03276 4.08192e-01 5.87702e-01 7.50585e-01 1.32870e-02
2.909674 6.45853403e-02 0.00000000e+00 6.45853403e-02 0.00000000e+00 1.56092151e+00 0.00000000e+00 1.24873721e-02 0.000000e+00 0.000000e+00 0.000000e+00 9.635552e+00 6.247105e-01 0.0000e+00 0.0000e+00 +7.6535e-06 0.03243 4.10237e-01 5.86640e-01 7.48844e-01 1.33678e-02
2.959841 6.39882795e-02 0.00000000e+00 6.39882795e-02 0.00000000e+00 1.54385691e+00 0.00000000e+00 1.23508553e-02 0.000000e+00 0.000000e+00 0.000000e+00 9.460685e+00 6.071447e-01 0.0000e+00 0.0000e+00 +2.3429e-06 0.03218 4.06066e-01 5.81302e-01 7.44401e-01 1.30412e-02
3.010008 6.33684641e-02 0.00000000e+00 6.33684641e-02 0.00000000e+00 1.52353944e+00 0.00000000e+00 1.21883155e-02 0.000000e+00 0.000000e+00 0.000000e+00 9.215561e+00 6.280720e-01 0.0000e+00 0.0000e+00 -1.2044e-06 0.03197 4.00686e-01 5.75084e-01 7.39366e-01 1.27759e-02
3.060174 6.27600645e-02 0.00000000e+00 6.27600645e-02 0.00000000e+00 1.50841773e+00 0.00000000e+00 1.20673419e-02 0.000000e+00 0.000000e+00 0.000000e+00 9.052844e+00 6.486480e-01 0.0000e+00 0.0000e+00 +1.3604e-06 0.03183 3.97442e-01 5.70351e-01 7.35231e-01 1.26585e-02
3.110341 6.21314886e-02 0.00000000e+00 6.21314886e-02 0.00000000e+00 1.49600292e+00 0.00000000e+00 1.19680234e-02 0.000000e+00 0.000000e+00 0.000000e+00 9.086376e+00 6.305986e-01 0.0000e+00 0.0000e+00 +6.7181e-06 0.03161 3.95325e-01 5.66470e-01 7.31581e-01 1.25648e-02
3.160508 6.15151029e-02 0.00000000e+00 6.15151029e-02 0.00000000e+00 1.48975260e+00 0.00000000e+00 1.19180208e-02 0.000000e+00 0.000000e+00 0.000000e+00 9.267162e+00 5.829903e-01 0.0000e+00 0.0000e+00 +8.3295e-06 0.03129 3.95727e-01 5.64482e-01 7.29002e-01 1.26410e-02
3.210675 6.09414702e-02 0.00000000e+00 6.09414702e-02 0.00000000e+00 1.48758832e+00 0.00000000e+00 1.19007066e-02 0.000000e+00 0.000000e+00 0.000000e+00 9.351392e+00 5.401858e-01 0.0000e+00 0.0000e+00 +4.4626e-06 0.03105 3.97865e-01 5.63819e-01 7.27140e-01 1.27957e-02
3.260842 6.03551812e-02 0.00000000e+00 6.03551812e-02 0.00000000e+00 1.47024986e+00 0.00000000e+00 1.17619989e-02 0.000000e+00 0.000000e+00 0.000000e+00 9.109243e+00 5.397233e-01 0.0000e+00 0.0000e+00 -4.4359e-07 0.03087 3.93876e-01 5.58773e-01 7.22476e-01 1.24817e-02
3.311008 5.97677710e-02 0.00000000e+00 5.97677710e-02 0.00000000e+00 1.44212774e+00 0.00000000e+00 1.15370219e-02 0.000000e+00 0.000000e+00 0.000000e+00 8.776132e+00 5.695445e-01 0.0000e+00 0.0000e+00 -6.8645e-07 0.03067 3.85316e-01 5.50404e-01 7.15704e-01 1.20091e-02
3.361175 5.91823779e-02 0.00000000e+00 5.91823779e-02 0.00000000e+00 1.42625378e+00 0.00000000e+00 1.14100302e-02 0.000000e+00 0.000000e+00 0.000000e+00 8.724817e+00 5.714941e-01 0.0000e+00 0.0000e+00 +3.9490e-06 0.03048 3.81952e-01 5.45782e-01 7.11284e-01 1.19547e-02
3.411342 5.85830811e-02 0.00000000e+00 5.85830811e-02 0.00000000e+00 1.42477777e+00 0.00000000e+00 1.13982222e-02 0.000000e+00 0.000000e+00 0.000000e+00 8.942775e+00 5.291727e-01 0.0000e+00 0.0000e+00 +7.5889e-06 0.03028 3.84914e-01 5.45837e-01 7.09781e-01 1.22034e-02
3.461509 5.80225746e-02 0.00000000e+00 5.80225746e-02 0.00000000e+00 1.41866961e+00 0.00000000e+00 1.13493569e-02 0.000000e+00 0.000000e+00 0.000000e+00 9.039491e+00 4.816007e-01 0.0000e+00 0.0000e+00 +6.1066e-06 0.03003 3.85861e-01 5.44555e-01 7.07330e-01 1.22104e-02
3.511676 5.74731098e-02 0.00000000e+00 5.74731098e-02 0.00000000e+00 1.39842468e+00 0.00000000e+00 1.11873974e-02 0.000000e+00 0.000000e+00 0.000000e+00 8.839265e+00 4.655279e-01 0.0000e+00 0.0000e+00 +1.3199e-06 0.02981 3.80635e-01 5.38776e-01 7.01905e-01 1.18617e-02
3.561842 5.69111499e-02 0.00000000e+00 5.69111499e-02 0.00000000e+00 1.37735653e+00 0.00000000e+00 1.10188523e-02 0.000000e+00 0.000000e+00 0.000000e+00 8.576806e+00 4.813744e-01 0.0000e+00 0.0000e+00 -1.4865e-06 0.02964 3.75017e-01 5.32655e-01 6.96227e-01 1.16141e-02
3.612009 5.63610923e-02 0.00000000e+00 5.63610923e-02 0.00000000e+00 1.36144421e+00 0.00000000e+00 1.08915537e-02 0.000000e+00 0.000000e+00 0.000000e+00 8.469152e+00 4.975214e-01 0.0000e+00 0.0000e+00 +1.1594e-06 0.02946 3.71742e-01 5.28256e-01 6.91688e-01 1.15211e-02
3.662176 5.57974536e-02 0.00000000e+00 5.57974536e-02 0.00000000e+00 1.34865334e+00 0.00000000e+00 1.07892267e-02 0.000000e+00 0.000000e+00 0.000000e+00 8.504387e+00 4.775237e-01 0.0000e+00 0.0000e+00 +5.8536e-06 0.02922 3.69919e-01 5.24998e-01 6.87876e-01 1.14622e-02
3.712343 5.52472916e-02 0.00000000e+00 5.52472916e-02 0.00000000e+00 1.33921112e+00 0.00000000e+00 1.07136890e-02 0.000000e+00 0.000000e+00 0.000000e+00 8.592023e+00 4.301589e-01 0.0000e+00 0.0000e+00 +6.8663e-06 0.02902 3.69687e-01 5.23012e-01 6.84819e-01 1.14692e-02
3.762510 5.47302014e-02 0.00000000e+00 5.47302014e-02 0.00000000e+00 1.32879710e+00 0.00000000e+00 1.06303768e-02 0.000000e+00 0.000000e+00 0.000000e+00 8.583719e+00 3.953065e-01 0.0000e+00 0.0000e+00 +3.1819e-06 0.02884 3.69033e-01 5.20768e-01 6.81509e-01 1.14368e-02
3.812676 5.42017583e-02 0.00000000e+00 5.42017583e-02 0.00000000e+00 1.31010217e+00 0.00000000e+00 1.04808173e-02 0.000000e+00 0.000000e+00 0.000000e+00 8.370090e+00 3.996102e-01 0.0000e+00 0.0000e+00 -9.8213e-07 0.02862 3.64421e-01 5.15559e-01 6.76193e-01 1.11871e-02
3.862843 5.36782753e-02 0.00000000e+00 5.36782753e-02 0.00000000e+00 1.28887683e+00 0.00000000e+00 1.03110147e-02 0.000000e+00 0.000000e+00 0.000000e+00 8.142668e+00 4.203381e-01 0.0000e+00 0.0000e+00 -8.1537e-07 0.02841 3.58503e-01 5.09345e-01 6.70223e-01 1.09310e-02
3.913010 5.31565468e-02 0.00000000e+00 5.31565468e-02 0.00000000e+00 1.27237620e+00 0.00000000e+00 1.01790096e-02 0.000000e+00 0.000000e+00 0.000000e+00 8.071247e+00 4.170639e-01 0.0000e+00 0.0000e+00 +3.4415e-06 0.02824 3.54890e-01 5.04871e-01 6.65437e-01 1.08035e-02
3.963177 5.26281936e-02 0.00000000e+00 5.26281936e-02 0.00000000e+00 1.26258416e+00 0.00000000e+00 1.01006733e-02 0.000000e+00 0.000000e+00 0.000000e+00 8.175175e+00 3.802427e-01 0.0000e+00 0.0000e+00 +6.4405e-06 0.02803 3.54685e-01 5.03053e-01 6.62403e-01 1.08464e-02
4.013343 5.21319960e-02 0.00000000e+00 5.21319960e-02 0.00000000e+00 1.25450436e+00 0.00000000e+00 1.00360349e-02 0.000000e+00 0.000000e+00 0.000000e+00 8.234532e+00 3.391551e-01 0.0000e+00 0.0000e+00 +4.7535e-06 0.02782 3.55389e-01 5.02024e-01 6.59835e-01 1.09037e-02
4.063510 5.16412047e-02 0.00000000e+00 5.16412047e-02 0.00000000e+00 1.23780454e+00 0.00000000e+00 9.90243632e-03 0.000000e+00 0.000000e+00 0.000000e+00 8.077899e+00 3.240683e-01 0.0000e+00 0.0000e+00 +4.0575e-07 0.02769 3.51643e-01 4.97620e-01 6.54912e-01 1.06637e-02
4.113677 5.11444938e-02 0.00000000e+00 5.11444938e-02 0.00000000e+00 1.21529697e+00 0.00000000e+00 9.72237576e-03 0.000000e+00 0.000000e+00 0.000000e+00 7.812900e+00 3.401454e-01 0.0000e+00 0.0000e+00 -1.6819e-06 0.02770 3.44710e-01 4.90744e-01 6.48295e-01 1.03418e-02
4.163844 5.06597236e-02 0.00000000e+00 5.06597236e-02 0.00000000e+00 1.19813451e+00 0.00000000e+00 9.58507610e-03 0.000000e+00 0.000000e+00 0.000000e+00 7.708561e+00 3.526673e-01 0.0000e+00 0.0000e+00 +9.9538e-07 0.02772 3.40557e-01 4.85991e-01 6.43179e-01 1.02416e-02
4.214011 5.01652644e-02 0.00000000e+00 5.01652644e-02 0.00000000e+00 1.18775062e+00 0.00000000e+00 9.50200498e-03 0.000000e+00 0.000000e+00 0.000000e+00 7.761620e+00 3.301922e-01 0.0000e+00 0.0000e+00 +5.0123e-06 0.02764 3.40150e-01 4.84166e-01 6.40099e-01 1.02706e-02
4.264177 4.96848005e-02 0.00000000e+00 4.96848005e-02 0.00000000e+00 1.17709859e+00 0.00000000e+00 9.41678870e-03 0.000000e+00 0.000000e+00 0.000000e+00 7.798004e+00 2.875606e-01 0.0000e+00 0.0000e+00 +5.5485e-06 0.02753 3.39580e-01 4.82302e-01 6.36938e-01 1.02236e-02
4.314344 4.92288285e-02 0.00000000e+00 4.92288285e-02 0.00000000e+00 1.16149888e+00 0.00000000e+00 9.29199103e-03 0.000000e+00 0.000000e+00 0.000000e+00 7.696747e+00 2.605169e-01 0.0000e+00 0.0000e+00 +2.1311e-06 0.02749 3.36172e-01 4.78285e-01 6.32204e-01 1.00406e-02
4.364511 4.87642195e-02 0.00000000e+00 4.87642195e-02 0.00000000e+00 1.14433770e+00 0.00000000e+00 9.15470163e-03 0.000000e+00 0.000000e+00 0.000000e+00 7.523768e+00 2.646346e-01 0.0000e+00 0.0000e+00 -1.4092e-06 0.02747 3.31809e-01 4.73506e-01 6.26920e-01 9.87831e-03
4.414678 4.83075011e-02 0.00000000e+00 4.83075011e-02 0.00000000e+00 1.12786793e+00 0.00000000e+00 9.02294347e-03 0.000000e+00 0.000000e+00 0.000000e+00 7.376199e+00 2.814702e-01 0.0000e+00 0.0000e+00 -9.2004e-07 0.02745 3.27770e-01 4.68960e-01 6.21844e-01 9.74613e-03
4.464845 4.78513660e-02 0.00000000e+00 4.78513660e-02 0.00000000e+00 1.11175506e+00 0.00000000e+00 8.89404050e-03 0.000000e+00 0.000000e+00 0.000000e+00 7.284576e+00 2.766566e-01 0.0000e+00 0.0000e+00 +2.9838e-06 0.02742 3.23830e-01 4.64512e-01 6.16868e-01 9.58694e-03
4.515011 4.73936146e-02 0.00000000e+00 4.73936146e-02 0.00000000e+00 1.09960593e+00 0.00000000e+00 8.79684744e-03 0.000000e+00 0.000000e+00 0.000000e+00 7.314514e+00 2.419741e-01 0.0000e+00 0.0000e+00 +5.3982e-06 0.02735 3.22234e-01 4.61950e-01 6.13208e-01 9.53914e-03
4.565178 4.69618920e-02 0.00000000e+00 4.69618920e-02 0.00000000e+00 1.09023400e+00 0.00000000e+00 8.72187203e-03 0.000000e+00 0.000000e+00 0.000000e+00 7.337932e+00 2.057787e-01 0.0000e+00 0.0000e+00 +3.5722e-06 0.02726 3.22347e-01 4.60783e-01 6.10495e-01 9.57111e-03
4.615345 4.65326863e-02 0.00000000e+00 4.65326863e-02 0.00000000e+00 1.07512067e+00 0.00000000e+00 8.60096536e-03 0.000000e+00 0.000000e+00 0.000000e+00 7.187426e+00 1.961131e-01 0.0000e+00 0.0000e+00 -2.9630e-07 0.02723 3.18819e-01 4.56767e-01 6.05697e-01 9.39048e-03
4.665512 4.61009250e-02 0.00000000e+00 4.61009250e-02 0.00000000e+00 1.05564523e+00 0.00000000e+00 8.44516182e-03 0.000000e+00 0.000000e+00 0.000000e+00 6.963858e+00 2.110662e-01 0.0000e+00 0.0000e+00 -1.8073e-06 0.02721 3.12331e-01 4.50394e-01 5.99209e-01 9.12470e-03
4.715679 4.56802397e-02 0.00000000e+00 4.56802397e-02 0.00000000e+00 1.04049433e+00 0.00000000e+00 8.32395464e-03 0.000000e+00 0.000000e+00 0.000000e+00 6.865320e+00 2.181941e-01 0.0000e+00 0.0000e+00 +8.1702e-07 0.02716 3.08500e-01 4.46101e-01 5.94279e-01 9.03114e-03
4.765845 4.52523452e-02 0.00000000e+00 4.52523452e-02 0.00000000e+00 1.02958447e+00 0.00000000e+00 8.23667576e-03 0.000000e+00 0.000000e+00 0.000000e+00 6.882370e+00 1.968313e-01 0.0000e+00 0.0000e+00 +4.2689e-06 0.02709 3.07417e-01 4.44010e-01 5.90967e-01 9.01570e-03
4.816012 4.48386468e-02 0.00000000e+00 4.48386468e-02 0.00000000e+00 1.01903260e+00 0.00000000e+00 8.15226077e-03 0.000000e+00 0.000000e+00 0.000000e+00 6.883870e+00 1.607070e-01 0.0000e+00 0.0000e+00 +4.4276e-06 0.02702 3.06501e-01 4.42122e-01 5.87760e-01 8.97263e-03
4.866179 4.44415689e-02 0.00000000e+00 4.44415689e-02 0.00000000e+00 1.00510268e+00 0.00000000e+00 8.04082144e-03 0.000000e+00 0.000000e+00 0.000000e+00 6.778841e+00 1.381400e-01 0.0000e+00 0.0000e+00 +1.2282e-06 0.02697 3.03182e-01 4.38342e-01 5.83108e-01 8.80538e-03
4.916346 4.40387038e-02 0.00000000e+00 4.40387038e-02 0.00000000e+00 9.89321877e-01 0.00000000e+00 7.91457502e-03 0.000000e+00 0.000000e+00 0.000000e+00 6.606748e+00 1.429200e-01 0.0000e+00 0.0000e+00 -1.7204e-06 0.02691 2.98426e-01 4.33383e-01 5.77579e-01 8.63709e-03
4.966513 4.36443334e-02 0.00000000e+00 4.36443334e-02 0.00000000e+00 9.74733234e-01 0.00000000e+00 7.79786587e-03 0.000000e+00 0.000000e+00 0.000000e+00 6.478231e+00 1.584998e-01 0.0000e+00 0.0000e+00 -9.4621e-07 0.02687 2.94341e-01 4.28941e-01 5.72479e-01 8.53372e-03
5.016679 4.32501221e-02 0.00000000e+00 4.32501221e-02 0.00000000e+00 9.62093292e-01 0.00000000e+00 7.69674633e-03 0.000000e+00 0.000000e+00 0.000000e+00 6.423152e+00 1.520713e-01 0.0000e+00 0.0000e+00 +2.5571e-06 0.02680 2.91524e-01 4.25525e-01 5.68177e-01 8.44126e-03
5.066846 4.28559666e-02 0.00000000e+00 4.28559666e-02 0.00000000e+00 9.51136348e-01 0.00000000e+00 7.60909078e-03 0.000000e+00 0.000000e+00 0.000000e+00 6.410375e+00 1.200942e-01 0.0000e+00 0.0000e+00 +4.4460e-06 0.02671 2.89824e-01 4.23042e-01 5.64550e-01 8.36683e-03
5.117013 4.24833129e-02 0.00000000e+00 4.24833129e-02 0.00000000e+00 9.40251718e-01 0.00000000e+00 7.52201375e-03 0.000000e+00 0.000000e+00 0.000000e+00 6.369489e+00 9.069817e-02 0.0000e+00 0.0000e+00 +2.5944e-06 0.02665 2.88066e-01 4.20541e-01 5.60862e-01 8.30299e-03
5.167180 4.21109861e-02 0.00000000e+00 4.21109861e-02 0.00000000e+00 9.27230650e-01 0.00000000e+00 7.41784520e-03 0.000000e+00 0.000000e+00 0.000000e+00 6.246701e+00 8.562574e-02 0.0000e+00 0.0000e+00 -8.2108e-07 0.02660 2.84560e-01 4.16622e-01 5.56080e-01 8.17720e-03
5.217347 4.17385688e-02 0.00000000e+00 4.17385688e-02 0.00000000e+00 9.13044019e-01 0.00000000e+00 7.30435215e-03 0.000000e+00 0.000000e+00 0.000000e+00 6.095933e+00 9.884102e-02 0.0000e+00 0.0000e+00 -1.8922e-06 0.02653 2.79968e-01 4.11797e-01 5.50638e-01 8.03195e-03
5.267513 4.13744789e-02 0.00000000e+00 4.13744789e-02 0.00000000e+00 8.99921453e-01 0.00000000e+00 7.19937162e-03 0.000000e+00 0.000000e+00 0.000000e+00 5.985781e+00 1.039632e-01 0.0000e+00 0.0000e+00 +6.6118e-07 0.02645 2.76004e-01 4.07468e-01 5.45618e-01 7.91372e-03
5.317680 4.10057387e-02 0.00000000e+00 4.10057387e-02 0.00000000e+00 8.89095801e-01 0.00000000e+00 7.11276641e-03 0.000000e+00 0.000000e+00 0.000000e+00 5.967418e+00 8.468428e-02 0.0000e+00 0.0000e+00 +3.6204e-06 0.02637 2.73721e-01 4.04517e-01 5.41654e-01 7.83850e-03
5.367847 4.06499425e-02 0.00000000e+00 4.06499425e-02 0.00000000e+00 8.80481836e-01 0.00000000e+00 7.04385469e-03 0.000000e+00 0.000000e+00 0.000000e+00 5.973453e+00 5.393566e-02 0.0000e+00 0.0000e+00 +3.4562e-06 0.02629 2.73136e-01 4.02977e-01 5.38742e-01 7.83610e-03
5.418014 4.03051794e-02 0.00000000e+00 4.03051794e-02 0.00000000e+00 8.69320604e-01 0.00000000e+00 6.95456484e-03 0.000000e+00 0.000000e+00 0.000000e+00 5.877254e+00 3.710718e-02 0.0000e+00 0.0000e+00 +4.8362e-07 0.02621 2.70312e-01 3.99620e-01 5.34395e-01 7.71145e-03
5.468181 3.99561095e-02 0.00000000e+00 3.99561095e-02 0.00000000e+00 8.55469546e-01 0.00000000e+00 6.84375637e-03 0.000000e+00 0.000000e+00 0.000000e+00 5.718160e+00 4.402548e-02 0.0000e+00 0.0000e+00 -1.9186e-06 0.02614 2.65004e-01 3.94209e-01 5.28465e-01 7.52479e-03
5.518347 3.96154012e-02 0.00000000e+00 3.96154012e-02 0.00000000e+00 8.43633481e-01 0.00000000e+00 6.74906785e-03 0.000000e+00 0.000000e+00 0.000000e+00 5.627673e+00 5.686065e-02 0.0000e+00 0.0000e+00 -9.4739e-07 0.02606 2.61210e-01 3.90004e-01 5.23515e-01 7.44910e-03
5.568514 3.92739448e-02 0.00000000e+00 3.92739448e-02 0.00000000e+00 8.34093182e-01 0.00000000e+00 6.67274546e-03 0.000000e+00 0.000000e+00 0.000000e+00 5.600798e+00 4.974302e-02 0.0000e+00 0.0000e+00 +2.1673e-06 0.02597 2.59268e-01 3.87315e-01 5.19779e-01 7.40482e-03
5.618681 3.89339139e-02 0.00000000e+00 3.89339139e-02 0.00000000e+00 8.24752112e-01 0.00000000e+00 6.59801690e-03 0.000000e+00 0.000000e+00 0.000000e+00 5.568707e+00 2.329489e-02 0.0000e+00 0.0000e+00 +3.6143e-06 0.02589 2.57340e-01 3.84670e-01 5.16062e-01 7.31876e-03
5.668848 3.86106042e-02 0.00000000e+00 3.86106042e-02 0.00000000e+00 8.14862989e-01 0.00000000e+00 6.51890392e-03 0.000000e+00 0.000000e+00 0.000000e+00 5.512215e+00 1.125268e-04 0.0000e+00 0.0000e+00 +1.7704e-06 0.02581 2.54753e-01 3.81495e-01 5.11893e-01 7.21861e-03
5.719014 3.82863972e-02 0.00000000e+00 3.82863972e-02 0.00000000e+00 8.04396085e-01 0.00000000e+00 6.43516868e-03 0.000000e+00 0.000000e+00 0.000000e+00 5.423842e+00 -2.429362e-03 0.0000e+00 0.0000e+00 -1.2245e-06 0.02571 2.51481e-01 3.77722e-01 5.07248e-01 7.12950e-03
5.769181 3.79636411e-02 0.00000000e+00 3.79636411e-02 0.00000000e+00 7.93636952e-01 0.00000000e+00 6.34909562e-03 0.000000e+00 0.000000e+00 0.000000e+00 5.327028e+00 1.056140e-02 0.0000e+00 0.0000e+00 -1.9126e-06 0.02561 2.47744e-01 3.73541e-01 5.02315e-01 7.03910e-03
5.819348 3.76467173e-02 0.00000000e+00 3.76467173e-02 0.00000000e+00 7.83215288e-01 0.00000000e+00 6.26572231e-03 0.000000e+00 0.000000e+00 0.000000e+00 5.246139e+00 1.486550e-02 0.0000e+00 0.0000e+00 +5.2335e-07 0.02552 2.44111e-01 3.69444e-01 4.97493e-01 6.93098e-03
5.869515 3.73264167e-02 0.00000000e+00 3.73264167e-02 0.00000000e+00 7.74401171e-01 0.00000000e+00 6.19520937e-03 0.000000e+00 0.000000e+00 0.000000e+00 5.222865e+00 -3.082758e-03 0.0000e+00 0.0000e+00 +3.0211e-06 0.02543 2.41848e-01 3.66486e-01 4.93584e-01 6.85676e-03
5.919682 3.70175797e-02 0.00000000e+00 3.70175797e-02 0.00000000e+00 7.66981856e-01 0.00000000e+00 6.13585485e-03 0.000000e+00 0.000000e+00 0.000000e+00 5.221900e+00 -2.803147e-02 0.0000e+00 0.0000e+00 +2.6253e-06 0.02535 2.40812e-01 3.64555e-01 4.90475e-01 6.83621e-03
5.969848 3.67160302e-02 0.00000000e+00 3.67160302e-02 0.00000000e+00 7.58067097e-01 0.00000000e+00 6.06453678e-03 0.000000e+00 0.000000e+00 0.000000e+00 5.159060e+00 -3.883429e-02 0.0000e+00 0.0000e+00 -1.0399e-07 0.02527 2.38144e-01 3.61265e-01 4.86262e-01 6.74101e-03
6.020015 3.64110031e-02 0.00000000e+00 3.64110031e-02 0.00000000e+00 7.47590216e-01 0.00000000e+00 5.98072173e-03 0.000000e+00 0.000000e+00 0.000000e+00 5.048172e+00 -3.115483e-02 0.0000e+00 0.0000e+00 -2.0535e-06 0.02517 2.33704e-01 3.56472e-01 4.80862e-01 6.60599e-03
6.070182 3.61132917e-02 0.00000000e+00 3.61132917e-02 0.00000000e+00 7.38330770e-01 0.00000000e+00 5.90664616e-03 0.000000e+00 0.000000e+00 0.000000e+00 4.978035e+00 -2.087039e-02 0.0000e+00 0.0000e+00 -9.4618e-07 0.02505 2.30304e-01 3.52524e-01 4.76188e-01 6.54130e-03
6.120349 3.58143689e-02 0.00000000e+00 3.58143689e-02 0.00000000e+00 7.30366588e-01 0.00000000e+00 5.84293270e-03 0.000000e+00 0.000000e+00 0.000000e+00 4.961766e+00 -2.708262e-02 0.0000e+00 0.0000e+00 +1.8264e-06 0.02494 2.28083e-01 3.49559e-01 4.72340e-01 6.47767e-03
6.170516 3.55179117e-02 0.00000000e+00 3.55179117e-02 0.00000000e+00 7.23277573e-01 0.00000000e+00 5.78622058e-03 0.000000e+00 0.000000e+00 0.000000e+00 4.952674e+00 -4.863511e-02 0.0000e+00 0.0000e+00 +2.8819e-06 0.02486 2.26634e-01 3.47261e-01 4.69027e-01 6.42939e-03
6.220682 3.52336629e-02 0.00000000e+00 3.52336629e-02 0.00000000e+00 7.15656346e-01 0.00000000e+00 5.72525077e-03 0.000000e+00 0.000000e+00 0.000000e+00 4.906677e+00 -6.644382e-02 0.0000e+00 0.0000e+00 +1.0606e-06 0.02479 2.24467e-01 3.44363e-01 4.65209e-01 6.35087e-03
6.270849 3.49480264e-02 0.00000000e+00 3.49480264e-02 0.00000000e+00 7.06855817e-01 0.00000000e+00 5.65484653e-03 0.000000e+00 0.000000e+00 0.000000e+00 4.830513e+00 -6.598488e-02 0.0000e+00 0.0000e+00 -1.5229e-06 0.02469 2.20851e-01 3.40218e-01 4.60382e-01 6.24215e-03
6.321016 3.46646452e-02 0.00000000e+00 3.46646452e-02 0.00000000e+00 6.98485236e-01 0.00000000e+00 5.58788189e-03 0.000000e+00 0.000000e+00 0.000000e+00 4.775225e+00 -5.362249e-02 0.0000e+00 0.0000e+00 -1.8892e-06 0.02458 2.17526e-01 3.36298e-01 4.55779e-01 6.17882e-03
6.371183 3.43852428e-02 0.00000000e+00 3.43852428e-02 0.00000000e+00 6.91042779e-01 0.00000000e+00 5.52834223e-03 0.000000e+00 0.000000e+00 0.000000e+00 4.737189e+00 -5.063698e-02 0.0000e+00 0.0000e+00 +3.8276e-07 0.02447 2.15079e-01 3.33116e-01 4.51823e-01 6.12430e-03
6.421350 3.41031104e-02 0.00000000e+00 3.41031104e-02 0.00000000e+00 6.84059541e-01 0.00000000e+00 5.47247633e-03 0.000000e+00 0.000000e+00 0.000000e+00 4.709641e+00 -6.565717e-02 0.0000e+00 0.0000e+00 +2.4703e-06 0.02437 2.12992e-01 3.30250e-01 4.48139e-01 6.04635e-03
6.471516 3.38310204e-02 0.00000000e+00 3.38310204e-02 0.00000000e+00 6.77541670e-01 0.00000000e+00 5.42033336e-03 0.000000e+00 0.000000e+00 0.000000e+00 4.696826e+00 -8.469156e-02 0.0000e+00 0.0000e+00 +1.9135e-06 0.02428 2.11292e-01 3.27719e-01 4.44719e-01 5.99174e-03
6.521683 3.35633807e-02 0.00000000e+00 3.35633807e-02 0.00000000e+00 6.70752990e-01 0.00000000e+00 5.36602392e-03 0.000000e+00 0.000000e+00 0.000000e+00 4.663422e+00 -9.132549e-02 0.0000e+00 0.0000e+00 -5.7697e-07 0.02419 2.09151e-01 3.24798e-01 4.40977e-01 5.93830e-03
6.571850 3.32933337e-02 0.00000000e+00 3.32933337e-02 0.00000000e+00 6.63115487e-01 0.00000000e+00 5.30492390e-03 0.000000e+00 0.000000e+00 0.000000e+00 4.594892e+00 -8.292424e-02 0.0000e+00 0.0000e+00 -2.1408e-06 0.02408 2.05859e-01 3.20882e-01 4.36437e-01 5.85353e-03
6.622017 3.30290729e-02 0.00000000e+00 3.30290729e-02 0.00000000e+00 6.55678229e-01 0.00000000e+00 5.24542583e-03 0.000000e+00 0.000000e+00 0.000000e+00 4.531441e+00 -7.350676e-02 0.0000e+00 0.0000e+00 -9.4236e-07 0.02397 2.02631e-01 3.17019e-01 4.31986e-01 5.77851e-03
6.672184 3.27635367e-02 0.00000000e+00 3.27635367e-02 0.00000000e+00 6.49264084e-01 0.00000000e+00 5.19411268e-03 0.000000e+00 0.000000e+00 0.000000e+00 4.517289e+00 -7.896122e-02 0.0000e+00 0.0000e+00 +1.5059e-06 0.02388 2.00499e-01 3.14092e-01 4.28341e-01 5.71822e-03
6.722350 3.25009173e-02 0.00000000e+00 3.25009173e-02 0.00000000e+00 6.43970756e-01 0.00000000e+00 5.15176605e-03 0.000000e+00 0.000000e+00 0.000000e+00 4.527699e+00 -9.615618e-02 0.0000e+00 0.0000e+00 +2.2289e-06 0.02380 1.99632e-01 3.12254e-01 4.25603e-01 5.69864e-03
6.772517 3.22472726e-02 0.00000000e+00 3.22472726e-02 0.00000000e+00 6.38023274e-01 0.00000000e+00 5.10418619e-03 0.000000e+00 0.000000e+00 0.000000e+00 4.494378e+00 -1.081369e-01 0.0000e+00 0.0000e+00 +4.6277e-07 0.02371 1.97831e-01 3.09624e-01 4.22198e-01 5.63232e-03
6.822684 3.19918069e-02 0.00000000e+00 3.19918069e-02 0.00000000e+00 6.30902659e-01 0.00000000e+00 5.04722128e-03 0.000000e+00 0.000000e+00 0.000000e+00 4.424367e+00 -1.050737e-01 0.0000e+00 0.0000e+00 -1.7484e-06 0.02361 1.94410e-01 3.05593e-01 4.17633e-01 5.52936e-03
6.872851 3.17390789e-02 0.00000000e+00 3.17390789e-02 0.00000000e+00 6.24437310e-01 0.00000000e+00 4.99549848e-03 0.000000e+00 0.000000e+00 0.000000e+00 4.382293e+00 -9.381950e-02 0.0000e+00 0.0000e+00 -1.8571e-06 0.02349 1.91688e-01 3.02147e-01 4.13597e-01 5.48814e-03
6.923018 3.14889155e-02 0.00000000e+00 3.14889155e-02 0.00000000e+00 6.18736154e-01 0.00000000e+00 4.94988923e-03 0.000000e+00 0.000000e+00 0.000000e+00 4.364906e+00 -9.100385e-02 0.0000e+00 0.0000e+00 +2.4646e-07 0.02338 1.89840e-01 2.99457e-01 4.10234e-01 5.44680e-03
6.973184 3.12368801e-02 0.00000000e+00 3.12368801e-02 0.00000000e+00 6.13261112e-01 0.00000000e+00 4.90608890e-03 0.000000e+00 0.000000e+00 0.000000e+00 4.346300e+00 -1.024696e-01 0.0000e+00 0.0000e+00 +1.9669e-06 0.02329 1.88167e-01 2.96941e-01 4.07028e-01 5.38309e-03
7.023351 3.09931400e-02 0.00000000e+00 3.09931400e-02 0.00000000e+00 6.08025800e-01 0.00000000e+00 4.86420640e-03 0.000000e+00 0.000000e+00 0.000000e+00 4.328310e+00 -1.165057e-01 0.0000e+00 0.0000e+00 +1.2847e-06 0.02322 1.86697e-01 2.94608e-01 4.03971e-01 5.33504e-03
7.073518 3.07520278e-02 0.00000000e+00 3.07520278e-02 0.00000000e+00 6.02470080e-01 0.00000000e+00 4.81976064e-03 0.000000e+00 0.000000e+00 0.000000e+00 4.297126e+00 -1.194471e-01 0.0000e+00 0.0000e+00 -9.6090e-07 0.02314 1.84701e-01 2.91807e-01 4.00521e-01 5.28120e-03
7.123685 3.05095051e-02 0.00000000e+00 3.05095051e-02 0.00000000e+00 5.96527808e-01 0.00000000e+00 4.77222246e-03 0.000000e+00 0.000000e+00 0.000000e+00 4.251097e+00 -1.100544e-01 0.0000e+00 0.0000e+00 -2.1835e-06 0.02304 1.82074e-01 2.88457e-01 3.96633e-01 5.22232e-03
7.173851 3.02715502e-02 0.00000000e+00 3.02715502e-02 0.00000000e+00 5.90843246e-01 0.00000000e+00 4.72674597e-03 0.000000e+00 0.000000e+00 0.000000e+00 4.205610e+00 -1.014491e-01 0.0000e+00 0.0000e+00 -9.5146e-07 0.02293 1.79687e-01 2.85326e-01 3.92970e-01 5.17257e-03
7.224018 3.00322061e-02 0.00000000e+00 3.00322061e-02 0.00000000e+00 5.85682017e-01 0.00000000e+00 4.68545613e-03 0.000000e+00 0.000000e+00 0.000000e+00 4.188495e+00 -1.058254e-01 0.0000e+00 0.0000e+00 +1.1900e-06 0.02284 1.77924e-01 2.82748e-01 3.89799e-01 5.11613e-03
7.274185 2.97960779e-02 0.00000000e+00 2.97960779e-02 0.00000000e+00 5.81191249e-01 0.00000000e+00 4.64952999e-03 0.000000e+00 0.000000e+00 0.000000e+00 4.192887e+00 -1.184420e-01 0.0000e+00 0.0000e+00 +1.6517e-06 0.02278 1.77011e-01 2.80920e-01 3.87266e-01 5.08675e-03
7.324352 2.95665722e-02 0.00000000e+00 2.95665722e-02 0.00000000e+00 5.76529370e-01 0.00000000e+00 4.61223496e-03 0.000000e+00 0.000000e+00 0.000000e+00 4.174082e+00 -1.257901e-01 0.0000e+00 0.0000e+00 -4.1406e-08 0.02274 1.75775e-01 2.78820e-01 3.84496e-01 5.04940e-03
7.374519 2.93351850e-02 0.00000000e+00 2.93351850e-02 0.00000000e+00 5.70982092e-01 0.00000000e+00 4.56785673e-03 0.000000e+00 0.000000e+00 0.000000e+00 4.118810e+00 -1.210055e-01 0.0000e+00 0.0000e+00 -1.9274e-06 0.02268 1.73182e-01 2.75534e-01 3.80730e-01 4.97332e-03
7.424685 2.91066046e-02 0.00000000e+00 2.91066046e-02 0.00000000e+00 5.65607369e-01 0.00000000e+00 4.52485895e-03 0.000000e+00 0.000000e+00 0.000000e+00 4.074007e+00 -1.102795e-01 0.0000e+00 0.0000e+00 -1.8249e-06 0.02263 1.70740e-01 2.72384e-01 3.77111e-01 4.92669e-03
7.474852 2.88797089e-02 0.00000000e+00 2.88797089e-02 0.00000000e+00 5.60873528e-01 0.00000000e+00 4.48698823e-03 0.000000e+00 0.000000e+00 0.000000e+00 4.060415e+00 -1.073299e-01 0.0000e+00 0.0000e+00 +1.1126e-07 0.02261 1.69157e-01 2.69997e-01 3.74177e-01 4.88861e-03
7.525019 2.86518274e-02 0.00000000e+00 2.86518274e-02 0.00000000e+00 5.56654211e-01 0.00000000e+00 4.45323369e-03 0.000000e+00 0.000000e+00 0.000000e+00 4.058390e+00 -1.161636e-01 0.0000e+00 0.0000e+00 +1.4996e-06 0.02265 1.68267e-01 2.68236e-01 3.71787e-01 4.85628e-03
7.575186 2.84305953e-02 0.00000000e+00 2.84305953e-02 0.00000000e+00 5.52366018e-01 0.00000000e+00 4.41892814e-03 0.000000e+00 0.000000e+00 0.000000e+00 4.039001e+00 -1.259910e-01 0.0000e+00 0.0000e+00 +7.2803e-07 0.02273 1.67197e-01 2.66334e-01 3.69270e-01 4.81342e-03
7.625353 2.82108265e-02 0.00000000e+00 2.82108265e-02 0.00000000e+00 5.47493851e-01 0.00000000e+00 4.37995081e-03 0.000000e+00 0.000000e+00 0.000000e+00 4.000504e+00 -1.258166e-01 0.0000e+00 0.0000e+00 -1.2722e-06 0.02275 1.65167e-01 2.63589e-01 3.66031e-01 4.74975e-03
7.675519 2.79905428e-02 0.00000000e+00 2.79905428e-02 0.00000000e+00 5.42676973e-01 0.00000000e+00 4.34141578e-03 0.000000e+00 0.000000e+00 0.000000e+00 3.965838e+00 -1.163633e-01 0.0000e+00 0.0000e+00 -2.2028e-06 0.02269 1.63152e-01 2.60858e-01 3.62828e-01 4.71338e-03
7.725686 2.77739019e-02 0.00000000e+00 2.77739019e-02 0.00000000e+00 5.38190823e-01 0.00000000e+00 4.30552659e-03 0.000000e+00 0.000000e+00 0.000000e+00 3.939471e+00 -1.088280e-01 0.0000e+00 0.0000e+00 -9.7584e-07 0.02264 1.61587e-01 2.58539e-01 3.60013e-01 4.68289e-03
7.775853 2.75558985e-02 0.00000000e+00 2.75558985e-02 0.00000000e+00 5.33838321e-01 0.00000000e+00 4.27070657e-03 0.000000e+00 0.000000e+00 0.000000e+00 3.918794e+00 -1.119457e-01 0.0000e+00 0.0000e+00 +8.8338e-07 0.02268 1.60162e-01 2.56366e-01 3.57341e-01 4.62902e-03
7.826020 2.73412711e-02 0.00000000e+00 2.73412711e-02 0.00000000e+00 5.29895556e-01 0.00000000e+00 4.23916445e-03 0.000000e+00 0.000000e+00 0.000000e+00 3.914686e+00 -1.211845e-01 0.0000e+00 0.0000e+00 +1.1323e-06 0.02276 1.59313e-01 2.54717e-01 3.55118e-01 4.59721e-03
7.876187 2.71314556e-02 0.00000000e+00 2.71314556e-02 0.00000000e+00 5.25986577e-01 0.00000000e+00 4.20789262e-03 0.000000e+00 0.000000e+00 0.000000e+00 3.902236e+00 -1.255726e-01 0.0000e+00 0.0000e+00 -4.7114e-07 0.02280 1.58467e-01 2.53075e-01 3.52897e-01 4.57286e-03
7.926353 2.69200904e-02 0.00000000e+00 2.69200904e-02 0.00000000e+00 5.21448413e-01 0.00000000e+00 4.17158731e-03 0.000000e+00 0.000000e+00 0.000000e+00 3.861838e+00 -1.197969e-01 0.0000e+00 0.0000e+00 -2.0636e-06 0.02277 1.56558e-01 2.50499e-01 3.49881e-01 4.51738e-03
7.976520 2.67114075e-02 0.00000000e+00 2.67114075e-02 0.00000000e+00 5.16885604e-01 0.00000000e+00 4.13508483e-03 0.000000e+00 0.000000e+00 0.000000e+00 3.818308e+00 -1.098727e-01 0.0000e+00 0.0000e+00 -1.8000e-06 0.02273 1.54543e-01 2.47847e-01 3.46827e-01 4.47457e-03
8.026687 2.65038598e-02 0.00000000e+00 2.65038598e-02 0.00000000e+00 5.12800115e-01 0.00000000e+00 4.10240092e-03 0.000000e+00 0.000000e+00 0.000000e+00 3.803908e+00 -1.074413e-01 0.0000e+00 0.0000e+00 -3.4918e-08 0.02273 1.53257e-01 2.45855e-01 3.44370e-01 4.43923e-03
8.076854 2.62960168e-02 0.00000000e+00 2.62960168e-02 0.00000000e+00 5.09202823e-01 0.00000000e+00 4.07362258e-03 0.000000e+00 0.000000e+00 0.000000e+00 3.807211e+00 -1.144793e-01 0.0000e+00 0.0000e+00 +1.0687e-06 0.02278 1.52734e-01 2.44557e-01 3.42520e-01 4.41635e-03
8.127021 2.60936296e-02 0.00000000e+00 2.60936296e-02 0.00000000e+00 5.05557966e-01 0.00000000e+00 4.04446373e-03 0.000000e+00 0.000000e+00 0.000000e+00 3.792849e+00 -1.213442e-01 0.0000e+00 0.0000e+00 +2.4047e-07 0.02284 1.52080e-01 2.43161e-01 3.40580e-01 4.38707e-03
8.177187 2.58919029e-02 0.00000000e+00 2.58919029e-02 0.00000000e+00 5.01311071e-01 0.00000000e+00 4.01048857e-03 0.000000e+00 0.000000e+00 0.000000e+00 3.754850e+00 -1.197184e-01 0.0000e+00 0.0000e+00 -1.5325e-06 0.02285 1.50361e-01 2.40824e-01 3.37821e-01 4.32780e-03
8.227354 2.56903615e-02 0.00000000e+00 2.56903615e-02 0.00000000e+00 4.97103854e-01 0.00000000e+00 3.97683083e-03 0.000000e+00 0.000000e+00 0.000000e+00 3.720743e+00 -1.108533e-01 0.0000e+00 0.0000e+00 -2.2114e-06 0.02281 1.48659e-01 2.38508e-01 3.35102e-01 4.29424e-03
8.277521 2.54917600e-02 0.00000000e+00 2.54917600e-02 0.00000000e+00 4.93252756e-01 0.00000000e+00 3.94602205e-03 0.000000e+00 0.000000e+00 0.000000e+00 3.702959e+00 -1.043850e-01 0.0000e+00 0.0000e+00 -1.0092e-06 0.02277 1.47531e-01 2.36723e-01 3.32873e-01 4.27129e-03
8.327688 2.52921169e-02 0.00000000e+00 2.52921169e-02 0.00000000e+00 4.89547642e-01 0.00000000e+00 3.91638113e-03 0.000000e+00 0.000000e+00 0.000000e+00 3.688973e+00 -1.072610e-01 0.0000e+00 0.0000e+00 +5.8494e-07 0.02280 1.46618e-01 2.35150e-01 3.30844e-01 4.23198e-03
8.377855 2.50956697e-02 0.00000000e+00 2.50956697e-02 0.00000000e+00 4.86026697e-01 0.00000000e+00 3.88821357e-03 0.000000e+00 0.000000e+00 0.000000e+00 3.679311e+00 -1.146976e-01 0.0000e+00 0.0000e+00 +6.5847e-07 0.02286 1.45976e-01 2.33837e-01 3.29037e-01 4.20185e-03
8.428021 2.49027735e-02 0.00000000e+00 2.49027735e-02 0.00000000e+00 4.82412362e-01 0.00000000e+00 3.85929890e-03 0.000000e+00 0.000000e+00 0.000000e+00 3.661715e+00 -1.171890e-01 0.0000e+00 0.0000e+00 -8.3568e-07 0.02289 1.45126e-01 2.32343e-01 3.27067e-01 4.17150e-03
8.478188 2.47088240e-02 0.00000000e+00 2.47088240e-02 0.00000000e+00 4.78497169e-01 0.00000000e+00 3.82797735e-03 0.000000e+00 0.000000e+00 0.000000e+00 3.631310e+00 -1.113316e-01 0.0000e+00 0.0000e+00 -2.1653e-06 0.02285 1.43706e-01 2.30347e-01 3.24670e-01 4.13248e-03
8.528355 2.45173847e-02 0.00000000e+00 2.45173847e-02 0.00000000e+00 4.74611069e-01 0.00000000e+00 3.79688855e-03 0.000000e+00 0.000000e+00 0.000000e+00 3.599194e+00 -1.030773e-01 0.0000e+00 0.0000e+00 -1.7880e-06 0.02281 1.42304e-01 2.28386e-01 3.22329e-01 4.10219e-03
8.578522 2.43266453e-02 0.00000000e+00 2.43266453e-02 0.00000000e+00 4.70922190e-01 0.00000000e+00 3.76737752e-03 0.000000e+00 0.000000e+00 0.000000e+00 3.580288e+00 -1.014807e-01 0.0000e+00 0.0000e+00 -1.9137e-07 0.02281 1.41222e-01 2.26730e-01 3.20275e-01 4.06505e-03
8.628689 2.41362593e-02 0.00000000e+00 2.41362593e-02 0.00000000e+00 4.67584643e-01 0.00000000e+00 3.74067714e-03 0.000000e+00 0.000000e+00 0.000000e+00 3.578952e+00 -1.075164e-01 0.0000e+00 0.0000e+00 +6.7245e-07 0.02285 1.40745e-01 2.25630e-01 3.18711e-01 4.04075e-03
8.678855 2.39503440e-02 0.00000000e+00 2.39503440e-02 0.00000000e+00 4.64358429e-01 0.00000000e+00 3.71486743e-03 0.000000e+00 0.000000e+00 0.000000e+00 3.571191e+00 -1.132126e-01 0.0000e+00 0.0000e+00 -1.8774e-07 0.02288 1.40440e-01 2.24697e-01 3.17289e-01 4.02534e-03
8.729022 2.37646430e-02 0.00000000e+00 2.37646430e-02 0.00000000e+00 4.60620701e-01 0.00000000e+00 3.68496561e-03 0.000000e+00 0.000000e+00 0.000000e+00 3.538709e+00 -1.113306e-01 0.0000e+00 0.0000e+00 -1.7504e-06 0.02288 1.39150e-01 2.22888e-01 3.15098e-01 3.97659e-03
8.779189 2.35796271e-02 0.00000000e+00 2.35796271e-02 0.00000000e+00 4.56779046e-01 0.00000000e+00 3.65423237e-03 0.000000e+00 0.000000e+00 0.000000e+00 3.503070e+00 -1.033805e-01 0.0000e+00 0.0000e+00 -2.2146e-06 0.02284 1.37625e-01 2.20880e-01 3.12752e-01 3.93943e-03
8.829356 2.33970245e-02 0.00000000e+00 2.33970245e-02 0.00000000e+00 4.53273566e-01 0.00000000e+00 3.62618853e-03 0.000000e+00 0.000000e+00 0.000000e+00 3.486859e+00 -9.849192e-02 0.0000e+00 0.0000e+00 -1.0550e-06 0.02281 1.36712e-01 2.19437e-01 3.10927e-01 3.91767e-03
8.879522 2.32137381e-02 0.00000000e+00 2.32137381e-02 0.00000000e+00 4.50005294e-01 0.00000000e+00 3.60004235e-03 0.000000e+00 0.000000e+00 0.000000e+00 3.481719e+00 -1.020584e-01 0.0000e+00 0.0000e+00 +2.9653e-07 0.02281 1.36229e-01 2.18398e-01 3.09469e-01 3.89265e-03
8.929689 2.30334353e-02 0.00000000e+00 2.30334353e-02 0.00000000e+00 4.46786267e-01 0.00000000e+00 3.57429013e-03 0.000000e+00 0.000000e+00 0.000000e+00 3.470408e+00 -1.088650e-01 0.0000e+00 0.0000e+00 +2.2983e-07 0.02285 1.35804e-01 2.17427e-01 3.08066e-01 3.86728e-03
8.979856 2.28557602e-02 0.00000000e+00 2.28557602e-02 0.00000000e+00 4.43338977e-01 0.00000000e+00 3.54671181e-03 0.000000e+00 0.000000e+00 0.000000e+00 3.447673e+00 -1.107831e-01 0.0000e+00 0.0000e+00 -1.1476e-06 0.02286 1.34896e-01 2.16028e-01 3.06281e-01 3.82917e-03
9.030023 2.26775054e-02 0.00000000e+00 2.26775054e-02 0.00000000e+00 4.39796168e-01 0.00000000e+00 3.51836934e-03 0.000000e+00 0.000000e+00 0.000000e+00 3.421598e+00 -1.057527e-01 0.0000e+00 0.0000e+00 -2.2432e-06 0.02281 1.33774e-01 2.14440e-01 3.04341e-01 3.79858e-03
9.080190 2.25016030e-02 0.00000000e+00 2.25016030e-02 0.00000000e+00 4.36360515e-01 0.00000000e+00 3.49088412e-03 0.000000e+00 0.000000e+00 0.000000e+00 3.397788e+00 -9.937609e-02 0.0000e+00 0.0000e+00 -1.7853e-06 0.02276 1.32844e-01 2.13043e-01 3.02593e-01 3.77788e-03
9.130356 2.23261478e-02 0.00000000e+00 2.23261478e-02 0.00000000e+00 4.32970281e-01 0.00000000e+00 3.46376225e-03 0.000000e+00 0.000000e+00 0.000000e+00 3.378715e+00 -9.926211e-02 0.0000e+00 0.0000e+00 -3.5460e-07 0.02275 1.31979e-01 2.11722e-01 3.00929e-01 3.74192e-03
9.180523 2.21514866e-02 0.00000000e+00 2.21514866e-02 0.00000000e+00 4.29802975e-01 0.00000000e+00 3.43842380e-03 0.000000e+00 0.000000e+00 0.000000e+00 3.372466e+00 -1.056382e-01 0.0000e+00 0.0000e+00 +3.0387e-07 0.02277 1.31526e-01 2.10786e-01 2.99605e-01 3.71734e-03
9.230690 2.19804971e-02 0.00000000e+00 2.19804971e-02 0.00000000e+00 4.26767725e-01 0.00000000e+00 3.41414180e-03 0.000000e+00 0.000000e+00 0.000000e+00 3.364343e+00 -1.111691e-01 0.0000e+00 0.0000e+00 -5.6241e-07 0.02277 1.31310e-01 2.10070e-01 2.98472e-01 3.70543e-03
9.280857 2.18096039e-02 0.00000000e+00 2.18096039e-02 0.00000000e+00 4.23381777e-01 0.00000000e+00 3.38705422e-03 0.000000e+00 0.000000e+00 0.000000e+00 3.337130e+00 -1.098793e-01 0.0000e+00 0.0000e+00 -1.9290e-06 0.02274 1.30351e-01 2.08690e-01 2.96751e-01 3.66594e-03
9.331024 2.16396734e-02 0.00000000e+00 2.16396734e-02 0.00000000e+00 4.19877488e-01 0.00000000e+00 3.35901990e-03 0.000000e+00 0.000000e+00 0.000000e+00 3.305351e+00 -1.036829e-01 0.0000e+00 0.0000e+00 -2.2185e-06 0.02269 1.29118e-01 2.07074e-01 2.94840e-01 3.63158e-03
9.381190 2.14717150e-02 0.00000000e+00 2.14717150e-02 0.00000000e+00 4.16604679e-01 0.00000000e+00 3.33283743e-03 0.000000e+00 0.000000e+00 0.000000e+00 3.288244e+00 -1.007273e-01 0.0000e+00 0.0000e+00 -1.1148e-06 0.02265 1.28340e-01 2.05884e-01 2.93327e-01 3.60893e-03
9.431357 2.13034583e-02 0.00000000e+00 2.13034583e-02 0.00000000e+00 4.13541569e-01 0.00000000e+00 3.30833255e-03 0.000000e+00 0.000000e+00 0.000000e+00 3.281907e+00 -1.054477e-01 0.0000e+00 0.0000e+00 +2.2472e-08 0.02264 1.27980e-01 2.05083e-01 2.92166e-01 3.58713e-03
9.481524 2.11379777e-02 0.00000000e+00 2.11379777e-02 0.00000000e+00 4.10558025e-01 0.00000000e+00 3.28446420e-03 0.000000e+00 0.000000e+00 0.000000e+00 3.272256e+00 -1.128966e-01 0.0000e+00 0.0000e+00 -1.5575e-07 0.02264 1.27754e-01 2.04417e-01 2.91121e-01 3.57076e-03
9.531691 2.09744012e-02 0.00000000e+00 2.09744012e-02 0.00000000e+00 4.07330979e-01 0.00000000e+00 3.25864783e-03 0.000000e+00 0.000000e+00 0.000000e+00 3.248858e+00 -1.154187e-01 0.0000e+00 0.0000e+00 -1.4168e-06 0.02262 1.26972e-01 2.03250e-01 2.89626e-01 3.53406e-03
9.581858 2.08106913e-02 0.00000000e+00 2.08106913e-02 0.00000000e+00 4.04004263e-01 0.00000000e+00 3.23203410e-03 0.000000e+00 0.000000e+00 0.000000e+00 3.222499e+00 -1.114707e-01 0.0000e+00 0.0000e+00 -2.3031e-06 0.02257 1.25940e-01 2.01863e-01 2.87945e-01 3.50117e-03
9.632024 2.06491422e-02 0.00000000e+00 2.06491422e-02 0.00000000e+00 4.00837751e-01 0.00000000e+00 3.20670201e-03 0.000000e+00 0.000000e+00 0.000000e+00 3.203816e+00 -1.071492e-01 0.0000e+00 0.0000e+00 -1.7900e-06 0.02251 1.25235e-01 2.00783e-01 2.86558e-01 3.48342e-03
9.682191 2.04879243e-02 0.00000000e+00 2.04879243e-02 0.00000000e+00 3.97748840e-01 0.00000000e+00 3.18199072e-03 0.000000e+00 0.000000e+00 0.000000e+00 3.188959e+00 -1.091464e-01 0.0000e+00 0.0000e+00 -5.2236e-07 0.02248 1.24675e-01 1.99850e-01 2.85314e-01 3.45679e-03
9.732358 2.03277603e-02 0.00000000e+00 2.03277603e-02 0.00000000e+00 3.94754100e-01 0.00000000e+00 3.15803280e-03 0.000000e+00 0.000000e+00 0.000000e+00 3.177411e+00 -1.165662e-01 0.0000e+00 0.0000e+00 -3.8605e-08 0.02246 1.24283e-01 1.99079e-01 2.84213e-01 3.43398e-03
9.782525 2.01706381e-02 0.00000000e+00 2.01706381e-02 0.00000000e+00 3.91793877e-01 0.00000000e+00 3.13435102e-03 0.000000e+00 0.000000e+00 0.000000e+00 3.164396e+00 -1.225633e-01 0.0000e+00 0.0000e+00 -8.8919e-07 0.02245 1.23923e-01 1.98342e-01 2.83135e-01 3.41517e-03
9.832692 2.00136116e-02 0.00000000e+00 2.00136116e-02 0.00000000e+00 3.88684326e-01 0.00000000e+00 3.10947461e-03 0.000000e+00 0.000000e+00 0.000000e+00 3.142643e+00 -1.223023e-01 0.0000e+00 0.0000e+00 -2.0749e-06 0.02239 1.23196e-01 1.97272e-01 2.81763e-01 3.38450e-03
9.882858 1.98577222e-02 0.00000000e+00 1.98577222e-02 0.00000000e+00 3.85531147e-01 0.00000000e+00 3.08424918e-03 0.000000e+00 0.000000e+00 0.000000e+00 3.117129e+00 -1.180080e-01 0.0000e+00 0.0000e+00 -2.2244e-06 0.02232 1.22338e-01 1.96095e-01 2.80310e-01 3.35817e-03
9.933025 1.97034070e-02 0.00000000e+00 1.97034070e-02 0.00000000e+00 3.82453352e-01 0.00000000e+00 3.05962682e-03 0.000000e+00 0.000000e+00 0.000000e+00 3.097056e+00 -1.170426e-01 0.0000e+00 0.0000e+00 -1.1862e-06 0.02227 1.21617e-01 1.95054e-01 2.78994e-01 3.33141e-03
9.983192 1.95491258e-02 0.00000000e+00 1.95491258e-02 0.00000000e+00 3.79538325e-01 0.00000000e+00 3.03630660e-03 0.000000e+00 0.000000e+00 0.000000e+00 3.088128e+00 -1.231670e-01 0.0000e+00 0.0000e+00 -2.3785e-07 0.02223 1.21231e-01 1.94325e-01 2.77960e-01 3.31013e-03
9.999640 1.94990151e-02 0.00000000e+00 1.94990151e-02 0.00000000e+00 3.78630758e-01 0.00000000e+00 3.02904606e-03 0.000000e+00 0.000000e+00 0.000000e+00 3.086433e+00 -1.260728e-01 0.0000e+00 0.0000e+00 -1.7410e-07 0.02222 1.21207e-01 1.94181e-01 2.77705e-01 3.30816e-03
