t u
0.0500 0.04770
0.1000 0.04440
0.1500 0.08970
0.2000 0.16640
0.2500 0.44280
0.3000 1.27540
0.3500 3.24690
0.4000 6.41030
0.4500 10.57410
0.5000 11.72920
0.5500 7.54160
0.6000 4.22830
0.6500 3.50260
0.7000 3.57100
0.7500 4.20430
0.8000 4.67940
0.8500 5.59130
0.9000 4.97140
0.9500 3.83200
1.0000 3.07670
1.0500 3.44510
1.1000 3.55420
1.1500 3.30980
1.2000 3.15790
1.2500 3.26680
1.3000 3.11340
1.3500 2.99060
1.4000 3.24120
1.4500 3.35040
1.5000 3.32790
1.5500 3.34530
1.6000 3.48060
1.6500 3.66630
1.7000 3.79160
1.7500 3.78250
1.8000 3.66060
1.8500 3.53090
1.9000 3.45540
1.9500 3.44250
2.0000 3.44980
2.0500 3.44280
2.1000 3.55790
2.1500 3.78300
2.2000 3.96140
2.2500 4.04010
2.3000 4.00540
2.3500 3.88880
2.4000 3.78100
2.4500 3.76640
2.5000 3.84880
2.5500 3.95540
2.6000 4.00750
2.6500 3.96750
2.7000 3.85200
2.7500 3.71530
2.8000 3.73650
2.8500 3.85830
2.9000 3.94670
2.9500 4.00630
3.0000 4.04320
3.0500 4.06160
3.1000 4.06630
3.1500 4.05990
3.2000 4.04410
3.2500 4.01980
3.3000 4.03900
3.3500 4.12240
3.4000 4.17040
3.4500 4.18280
3.5000 4.16960
3.5500 4.14820
3.6000 4.13600
3.6500 4.14330
3.7000 4.16110
3.7500 4.17080
3.8000 4.16280
3.8500 4.14140
3.9000 4.12180
3.9500 4.11180
4.0000 4.09990
4.0500 4.12170
4.1000 4.16320
4.1500 4.19080
4.2000 4.20350
4.2500 4.20370
4.3000 4.19690
4.3500 4.20670
4.4000 4.24780
4.4500 4.27060
4.5000 4.27710
4.5500 4.27300
4.6000 4.26520
4.6500 4.25920
4.7000 4.25730
4.7500 4.25790
4.8000 4.26190
4.8500 4.27040
4.9000 4.28300
4.9500 4.29520
5.0000 4.29840
5.0500 4.28770
5.1000 4.26560
5.1500 4.24190
5.2000 4.25990
5.2500 4.27140
5.3000 4.27350
5.3500 4.28600
5.4000 4.31090
5.4500 4.32510
5.5000 4.32860
5.5500 4.32530
5.6000 4.31990
5.6500 4.31500
5.7000 4.31130
5.7500 4.31050
5.8000 4.31620
5.8500 4.33090
5.9000 4.35110
5.9500 4.36750
6.0000 4.37210
6.0500 4.36480
6.1000 4.35010
6.1500 4.33480
6.2000 4.32490
6.2500 4.32420
6.3000 4.33230
6.3500 4.34450
6.4000 4.35510
6.4500 4.36080
6.5000 4.36110
6.5500 4.35800
6.6000 4.35350
6.6500 4.34880
6.7000 4.34540
6.7500 4.34640
6.8000 4.35570
6.8500 4.37320
6.9000 4.39220
6.9500 4.40380
7.0000 4.40430
7.0500 4.39650
7.1000 4.38560
7.1500 4.37620
7.2000 4.37130
7.2500 4.37150
7.3000 4.37550
7.3500 4.38040
7.4000 4.38390
7.4500 4.38490
7.5000 4.38340
7.5500 4.38040
7.6000 4.37640
7.6500 4.37230
7.7000 4.37080
7.7500 4.37540
7.8000 4.38760
7.8500 4.40380
7.9000 4.41700
7.9500 4.42180
8.0000 4.41870
8.0500 4.41130
8.1000 4.40370
8.1500 4.39850
8.2000 4.39660
8.2500 4.39750
8.3000 4.39960
8.3500 4.40140
8.4000 4.40200
8.4500 4.40110
8.5000 4.39910
8.5500 4.39610
8.6000 4.39260
8.6500 4.39030
8.7000 4.39220
8.7500 4.40010
8.8000 4.41220
8.8500 4.42370
8.9000 4.42990
8.9500 4.42980
9.0000 4.42530
9.0500 4.41960
9.1000 4.41500
9.1500 4.41270
9.2000 4.41240
9.2500 4.41330
9.3000 4.41430
9.3500 4.41450
9.4000 4.41390
9.4500 4.41250
9.5000 4.41020
9.5500 4.40740
9.6000 4.40540
9.6500 4.40610
9.7000 4.41120
9.7500 4.41990
9.8000 4.42880
9.8500 4.43450
9.9000 4.43570
9.9500 4.43330
10.0000 4.42930
10.0500 4.42570
10.1000 4.42350
10.1500 4.42280
10.2000 4.42320
10.2500 4.42380
10.3000 4.42390
10.3500 4.42350
10.4000 4.42240
10.4500 4.42060
10.5000 4.41840
10.5500 4.41670
10.6000 4.41700
10.6500 4.42050
10.7000 4.42680
10.7500 4.43340
10.8000 4.43810
10.8500 4.43960
10.9000 4.43820
10.9500 4.43550
11.0000 4.43280
11.0500 4.43100
11.1000 4.43030
11.1500 4.43040
11.2000 4.43070
11.2500 4.43090
11.3000 4.43050
11.3500 4.42960
11.4000 4.42800
11.4500 4.42610
11.5000 4.42460
11.5500 4.42460
11.6000 4.42690
11.6500 4.43110
11.7000 4.43560
11.7500 4.43870
11.8000 4.43940
11.8500 4.43790
11.9000 4.43520
11.9500 4.43300
12.0000 4.43220
