# tg_mhd (CUDA FP64)  tgi_slip_pv_n256_re500  N=256 L=256 Re=500 Pm=1 u0=0.05 nu_lat=8.116902e-03 eta_lat=8.116902e-03 tau_f=0.524351 tau_m=0.532468 dt=6.159986e-04 fw=profile
# t E_V E_M E_T H_C Omega_V Omega_M eps EM/EV OmM/OmV j_max w_max skew divb/j divb_wall/j mass_drift umax_lat fw1 fw2 fw4 tau_wall
0.000000 1.25000000e-01 1.25000000e-01 2.50000000e-01 3.69217074e-21 3.74981028e-01 3.74981028e-01 2.99984822e-03 1.000000e+00 1.000000e+00 1.731974e+00 1.999874e+00 3.726559e-19 4.8894e-15 2.2902e-15 +0.0000e+00 0.05000 8.37743e-02 1.64283e-01 3.15224e-01 0.00000e+00
0.049896 1.24914486e-01 1.24676460e-01 2.49590946e-01 2.81164500e-03 3.74313228e-01 3.74274500e-01 2.99435091e-03 9.980945e-01 9.998965e-01 1.737167e+00 1.983406e+00 2.523784e-01 2.6353e-07 5.4501e-09 +1.0877e-05 0.04999 8.38855e-02 1.64477e-01 3.15508e-01 0.00000e+00
0.099792 1.24311822e-01 1.24275418e-01 2.48587240e-01 1.00161551e-02 3.74034766e-01 3.73871886e-01 2.99162661e-03 9.997072e-01 9.995645e-01 1.740981e+00 1.954568e+00 3.044289e-01 7.0572e-07 1.4970e-08 +3.0537e-05 0.04999 8.40378e-02 1.64746e-01 3.15916e-01 0.00000e+00
0.149688 1.24107901e-01 1.24279458e-01 2.48387359e-01 1.86691825e-02 3.75573247e-01 3.75182043e-01 3.00302116e-03 1.001382e+00 9.989584e-01 1.735263e+00 1.930816e+00 1.241473e-01 9.8765e-07 2.1141e-08 +3.5431e-05 0.04984 8.39232e-02 1.64526e-01 3.15537e-01 0.00000e+00
0.199584 1.24412353e-01 1.24570204e-01 2.48982557e-01 2.43438187e-02 3.78582619e-01 3.77854885e-01 3.02575001e-03 1.001269e+00 9.980777e-01 1.732238e+00 1.900411e+00 1.884118e-02 1.4674e-06 3.0874e-08 +1.9912e-05 0.04957 8.35143e-02 1.63737e-01 3.14119e-01 0.00000e+00
0.249479 1.24250745e-01 1.24808348e-01 2.49059093e-01 2.79974449e-02 3.82073139e-01 3.80932543e-01 3.05202273e-03 1.004488e+00 9.970147e-01 1.732258e+00 1.854715e+00 2.128743e-01 2.3847e-06 4.9447e-08 +2.6422e-06 0.04925 8.30746e-02 1.62872e-01 3.12508e-01 0.00000e+00
0.299375 1.23993503e-01 1.24848499e-01 2.48842001e-01 3.22186877e-02 3.85614489e-01 3.83995422e-01 3.07843965e-03 1.006895e+00 9.958013e-01 1.728878e+00 1.798613e+00 4.982133e-01 3.4045e-06 7.1059e-08 +3.8401e-06 0.04943 8.28366e-02 1.62393e-01 3.11597e-01 0.00000e+00
0.349271 1.23710676e-01 1.24729609e-01 2.48440285e-01 3.68743105e-02 3.89332877e-01 3.87169961e-01 3.10601135e-03 1.008236e+00 9.944446e-01 1.727288e+00 1.733443e+00 5.884077e-01 4.3615e-06 9.3239e-08 +2.1984e-05 0.04941 8.27835e-02 1.62267e-01 3.11317e-01 0.00000e+00
0.399167 1.22984358e-01 1.24662930e-01 2.47647288e-01 4.18791218e-02 3.93871241e-01 3.91139875e-01 3.14004446e-03 1.013649e+00 9.930653e-01 1.727731e+00 1.661318e+00 5.056702e-01 5.5359e-06 1.2142e-07 +3.5552e-05 0.04891 8.27121e-02 1.62097e-01 3.10937e-01 0.00000e+00
0.449063 1.22920707e-01 1.24873246e-01 2.47793953e-01 4.80717404e-02 3.99874066e-01 3.96541017e-01 3.18566033e-03 1.015885e+00 9.916648e-01 1.724904e+00 1.588814e+00 3.578889e-01 7.0206e-06 1.5667e-07 +2.8372e-05 0.04813 8.24622e-02 1.61586e-01 3.09942e-01 0.00000e+00
0.498959 1.22860193e-01 1.25322708e-01 2.48182901e-01 5.36162517e-02 4.07229049e-01 4.03191349e-01 3.24168159e-03 1.020043e+00 9.900849e-01 1.720031e+00 1.518180e+00 3.730284e-01 8.5045e-06 1.9299e-07 +8.9870e-06 0.04768 8.21123e-02 1.60891e-01 3.08643e-01 0.00000e+00
0.548855 1.22509147e-01 1.25707266e-01 2.48216413e-01 5.58044698e-02 4.15112161e-01 4.10294443e-01 3.30162642e-03 1.026105e+00 9.883942e-01 1.714746e+00 1.445265e+00 6.176045e-01 9.9119e-06 2.3274e-07 +3.6577e-07 0.04779 8.19568e-02 1.60570e-01 3.08029e-01 0.00000e+00
0.598751 1.22166359e-01 1.25783696e-01 2.47950055e-01 5.67380476e-02 4.22929608e-01 4.17478240e-01 3.36163139e-03 1.029610e+00 9.871105e-01 1.711209e+00 1.363850e+00 8.136481e-01 1.1529e-05 2.8772e-07 +1.2909e-05 0.04793 8.22084e-02 1.61013e-01 3.08728e-01 0.00000e+00
0.648646 1.21291056e-01 1.25725207e-01 2.47016263e-01 6.07211929e-02 4.31208748e-01 4.25337565e-01 3.42618525e-03 1.036558e+00 9.863844e-01 1.713334e+00 1.290063e+00 7.544301e-01 1.3378e-05 3.6335e-07 +3.1340e-05 0.04724 8.27214e-02 1.61937e-01 3.10217e-01 0.00000e+00
0.698542 1.20737707e-01 1.25970505e-01 2.46708213e-01 6.67810449e-02 4.41041179e-01 4.34692395e-01 3.50293430e-03 1.043340e+00 9.856050e-01 1.713606e+00 1.332214e+00 6.121702e-01 1.5150e-05 4.5028e-07 +3.3555e-05 0.04627 8.31752e-02 1.62757e-01 3.11543e-01 0.00000e+00
0.748438 1.20740984e-01 1.26584515e-01 2.47325499e-01 7.04601584e-02 4.52582746e-01 4.45632029e-01 3.59285910e-03 1.048397e+00 9.846421e-01 1.706857e+00 1.390922e+00 5.754408e-01 1.6866e-05 5.5165e-07 +1.7531e-05 0.04542 8.35476e-02 1.63433e-01 3.12652e-01 0.00000e+00
0.798334 1.20223445e-01 1.27148173e-01 2.47371618e-01 7.10655973e-02 4.64970735e-01 4.57662330e-01 3.69053226e-03 1.057599e+00 9.842820e-01 1.719106e+00 1.452279e+00 6.808357e-01 1.8811e-05 6.9417e-07 +1.8581e-06 0.04518 8.41625e-02 1.64552e-01 3.14460e-01 0.00000e+00
0.848230 1.19605282e-01 1.27420213e-01 2.47025495e-01 7.16168757e-02 4.77663811e-01 4.70466527e-01 3.79252135e-03 1.065339e+00 9.849323e-01 1.763583e+00 1.516221e+00 8.700247e-01 2.0934e-05 8.9769e-07 +5.0341e-06 0.04535 8.53092e-02 1.66651e-01 3.17868e-01 0.00000e+00
0.898126 1.18892863e-01 1.27610768e-01 2.46503631e-01 7.38377855e-02 4.91027428e-01 4.84280524e-01 3.90123181e-03 1.073326e+00 9.862596e-01 1.825874e+00 1.584552e+00 9.535539e-01 2.2962e-05 1.1588e-06 +2.3814e-05 0.04508 8.69615e-02 1.69693e-01 3.22850e-01 0.00000e+00
0.948022 1.17934055e-01 1.27966688e-01 2.45900743e-01 7.67188265e-02 5.05774450e-01 4.99725355e-01 4.02199922e-03 1.085070e+00 9.880399e-01 1.906189e+00 1.657413e+00 8.265560e-01 2.4980e-05 1.4842e-06 +3.5029e-05 0.04392 8.88365e-02 1.73133e-01 3.28410e-01 0.00000e+00
0.997918 1.17560587e-01 1.28539407e-01 2.46099994e-01 7.89979447e-02 5.22248563e-01 5.17292944e-01 4.15816603e-03 1.093389e+00 9.905110e-01 2.009354e+00 1.733086e+00 6.988988e-01 2.7321e-05 1.9164e-06 +2.5579e-05 0.04332 9.07810e-02 1.76656e-01 3.33904e-01 0.00000e+00
1.047814 1.16957673e-01 1.29250438e-01 2.46208111e-01 8.03786175e-02 5.40217668e-01 5.36905116e-01 4.30849114e-03 1.105104e+00 9.938681e-01 2.131891e+00 1.810251e+00 7.641716e-01 2.9878e-05 2.4688e-06 +7.3996e-06 0.04277 9.29912e-02 1.80622e-01 3.39916e-01 0.00000e+00
1.097709 1.16185225e-01 1.29908507e-01 2.46093733e-01 8.02812309e-02 5.59272403e-01 5.58278086e-01 4.47020195e-03 1.118116e+00 9.982221e-01 2.277350e+00 1.893104e+00 9.226528e-01 3.2372e-05 3.1395e-06 +1.2027e-06 0.04249 9.58637e-02 1.85751e-01 3.47603e-01 0.00000e+00
1.147605 1.15419890e-01 1.30366341e-01 2.45786231e-01 7.92169539e-02 5.79262808e-01 5.81731519e-01 4.64397731e-03 1.129496e+00 1.004262e+00 2.454295e+00 1.982604e+00 1.009206e+00 3.5009e-05 3.9772e-06 +1.4595e-05 0.04268 9.96562e-02 1.92463e-01 3.57456e-01 0.00000e+00
1.197501 1.14200891e-01 1.30769591e-01 2.44970482e-01 7.98056466e-02 6.00555225e-01 6.08026413e-01 4.83432655e-03 1.145084e+00 1.012440e+00 2.663281e+00 2.073855e+00 9.795773e-01 3.8079e-05 5.0345e-06 +3.1971e-05 0.04245 1.04221e-01 2.00413e-01 3.68692e-01 0.00000e+00
1.247397 1.13216019e-01 1.31417413e-01 2.44633432e-01 8.22322590e-02 6.23885265e-01 6.37537157e-01 5.04568969e-03 1.160767e+00 1.021882e+00 2.898425e+00 2.167288e+00 8.634247e-01 4.1409e-05 6.2622e-06 +3.2046e-05 0.04255 1.09223e-01 2.08936e-01 3.80159e-01 0.00000e+00
1.297293 1.12663407e-01 1.32351110e-01 2.45014517e-01 8.31306048e-02 6.49491382e-01 6.70173861e-01 5.27866097e-03 1.174748e+00 1.031844e+00 3.151874e+00 2.267810e+00 8.186697e-01 4.4744e-05 7.5392e-06 +1.5168e-05 0.04341 1.14659e-01 2.17985e-01 3.91760e-01 0.00000e+00
1.347189 1.11580181e-01 1.33288887e-01 2.44869068e-01 8.13859305e-02 6.76827595e-01 7.06464875e-01 5.53316988e-03 1.194557e+00 1.043789e+00 3.471384e+00 2.374147e+00 9.258870e-01 4.8329e-05 8.9111e-06 +1.4640e-06 0.04324 1.21068e-01 2.28411e-01 4.04575e-01 0.00000e+00
1.397085 1.10542183e-01 1.34009061e-01 2.44551244e-01 7.94304588e-02 7.05585003e-01 7.47700980e-01 5.81314393e-03 1.212289e+00 1.059689e+00 3.895214e+00 2.484592e+00 1.049459e+00 5.2493e-05 1.0525e-05 +7.0482e-06 0.04289 1.29128e-01 2.41197e-01 4.19675e-01 0.00000e+00
1.446981 1.09186355e-01 1.34642075e-01 2.43828430e-01 7.88143833e-02 7.36195056e-01 7.94334355e-01 6.12211765e-03 1.233140e+00 1.078973e+00 4.388657e+00 2.606473e+00 1.056335e+00 5.7073e-05 1.2242e-05 +2.5411e-05 0.04365 1.38863e-01 2.56208e-01 4.36679e-01 0.00000e+00
1.496876 1.07778112e-01 1.35466747e-01 2.43244859e-01 7.91073206e-02 7.69133679e-01 8.45972337e-01 6.46042406e-03 1.256904e+00 1.099903e+00 4.944180e+00 2.742663e+00 9.744811e-01 6.1828e-05 1.3804e-05 +3.4207e-05 0.04520 1.49627e-01 2.72233e-01 4.53933e-01 0.00000e+00
1.546772 1.06791325e-01 1.36541246e-01 2.43332571e-01 7.94607256e-02 8.04676950e-01 9.03694995e-01 6.83348778e-03 1.278580e+00 1.123053e+00 5.554690e+00 2.886057e+00 8.908551e-01 6.7211e-05 1.5485e-05 +2.3694e-05 0.04719 1.61214e-01 2.88771e-01 4.70651e-01 0.00000e+00
1.596668 1.05534000e-01 1.37699753e-01 2.43233753e-01 7.82858471e-02 8.42887702e-01 9.69258461e-01 7.24858465e-03 1.304790e+00 1.149926e+00 6.227631e+00 3.040828e+00 9.027007e-01 7.3780e-05 1.7782e-05 +6.3261e-06 0.04813 1.74108e-01 3.06438e-01 4.87542e-01 0.00000e+00
1.646564 1.04035685e-01 1.38774125e-01 2.42809810e-01 7.51371327e-02 8.83262954e-01 1.04314563e+00 7.70563432e-03 1.333909e+00 1.181014e+00 6.993671e+00 3.216965e+00 1.021188e+00 8.1610e-05 2.0947e-05 +2.0690e-06 0.04832 1.88932e-01 3.26068e-01 5.05740e-01 0.00000e+00
1.696460 1.02636849e-01 1.39740825e-01 2.42377675e-01 7.25200634e-02 9.25619908e-01 1.12678028e+00 8.20960074e-03 1.361507e+00 1.217325e+00 7.882873e+00 3.420537e+00 1.091736e+00 9.1228e-05 2.5608e-05 +1.6937e-05 0.04907 2.06090e-01 3.48019e-01 5.25598e-01 0.00000e+00
1.746356 1.00751101e-01 1.40736265e-01 2.41487366e-01 7.19404108e-02 9.70504336e-01 1.22190814e+00 8.76964990e-03 1.396871e+00 1.259044e+00 8.868700e+00 3.644651e+00 1.014213e+00 1.0346e-04 3.2286e-05 +3.2752e-05 0.05080 2.24965e-01 3.71175e-01 5.45723e-01 0.00000e+00
1.796252 9.91712728e-02 1.41917904e-01 2.41089177e-01 7.16146248e-02 1.01807965e+00 1.32737858e+00 9.38183291e-03 1.431038e+00 1.303806e+00 9.891772e+00 3.873633e+00 9.042107e-01 1.1838e-04 4.0646e-05 +3.0208e-05 0.05315 2.44109e-01 3.93593e-01 5.64253e-01 0.00000e+00
1.846148 9.76987002e-02 1.43303059e-01 2.41001759e-01 7.00136956e-02 1.06833204e+00 1.44339128e+00 1.00468932e-02 1.466786e+00 1.351070e+00 1.096687e+01 4.114315e+00 9.055312e-01 1.3621e-04 5.0775e-05 +1.3603e-05 0.05482 2.63306e-01 4.15137e-01 5.81404e-01 0.00000e+00
1.896044 9.58381227e-02 1.44725089e-01 2.40563212e-01 6.70098733e-02 1.12123378e+00 1.57404790e+00 1.07811267e-02 1.510099e+00 1.403853e+00 1.215040e+01 4.376428e+00 9.683736e-01 1.5774e-04 6.2984e-05 +1.8559e-06 0.05525 2.83716e-01 4.37280e-01 5.98764e-01 0.00000e+00
1.945939 9.40443824e-02 1.45978014e-01 2.40022396e-01 6.33075264e-02 1.17587485e+00 1.72197408e+00 1.15913957e-02 1.552225e+00 1.464420e+00 1.343705e+01 4.643917e+00 9.965268e-01 1.8307e-04 7.6831e-05 +8.8724e-06 0.05541 3.05790e-01 4.60493e-01 6.16780e-01 0.00000e+00
1.995835 9.19277893e-02 1.47114861e-01 2.39042651e-01 6.07694728e-02 1.23168763e+00 1.88581246e+00 1.24700003e-02 1.600331e+00 1.531080e+00 1.476386e+01 4.898207e+00 9.713969e-01 2.1197e-04 9.1767e-05 +2.7067e-05 0.05658 3.28356e-01 4.83444e-01 6.34335e-01 0.00000e+00
2.045731 8.97266915e-02 1.48422007e-01 2.38148699e-01 5.98321417e-02 1.28970391e+00 2.06452606e+00 1.34169199e-02 1.654157e+00 1.600775e+00 1.611870e+01 5.165911e+00 9.189918e-01 2.4509e-04 1.0779e-04 +3.3772e-05 0.05845 3.49931e-01 5.04655e-01 6.50300e-01 0.00000e+00
2.095627 8.79260089e-02 1.49974889e-01 2.37900898e-01 5.84949747e-02 1.35019893e+00 2.25775592e+00 1.44318194e-02 1.705694e+00 1.672165e+00 1.748363e+01 5.433115e+00 8.483581e-01 2.8290e-04 1.2438e-04 +2.1658e-05 0.05986 3.69715e-01 5.23472e-01 6.64219e-01 0.00000e+00
2.145523 8.57622693e-02 1.51529848e-01 2.37292118e-01 5.55545445e-02 1.41173351e+00 2.46464332e+00 1.55055073e-02 1.766859e+00 1.745828e+00 1.878043e+01 5.676950e+00 8.132326e-01 3.2521e-04 1.4043e-04 +5.4812e-06 0.06024 3.87861e-01 5.40204e-01 6.76414e-01 0.00000e+00
2.195419 8.34653483e-02 1.52928546e-01 2.36393894e-01 5.13293935e-02 1.47391721e+00 2.69018391e+00 1.66564045e-02 1.832240e+00 1.825193e+00 2.005219e+01 5.907939e+00 8.557316e-01 3.7393e-04 1.5639e-04 +3.6290e-06 0.05982 4.05703e-01 5.56337e-01 6.88271e-01 0.00000e+00
2.245315 8.12480036e-02 1.54241877e-01 2.35489881e-01 4.71276007e-02 1.53722587e+00 2.93881635e+00 1.79041689e-02 1.898408e+00 1.911766e+00 2.140564e+01 6.175429e+00 8.784808e-01 4.3327e-04 1.7359e-04 +1.9025e-05 0.05984 4.23564e-01 5.72324e-01 7.00342e-01 0.00000e+00
2.295211 7.86431431e-02 1.55565412e-01 2.34208555e-01 4.50890354e-02 1.60108285e+00 3.20132722e+00 1.92096403e-02 1.978118e+00 1.999476e+00 2.271522e+01 6.437972e+00 7.917458e-01 5.0651e-04 1.9094e-04 +3.2912e-05 0.06060 4.39203e-01 5.86104e-01 7.10923e-01 0.00000e+00
2.345107 7.63602802e-02 1.56969159e-01 2.33329440e-01 4.45675293e-02 1.66549444e+00 3.47006595e+00 2.05422416e-02 2.055639e+00 2.083505e+00 2.379096e+01 6.660083e+00 6.847813e-01 5.9756e-04 2.0615e-04 +2.8651e-05 0.06129 4.51100e-01 5.96322e-01 7.18776e-01 0.00000e+00
2.395002 7.40414754e-02 1.58469786e-01 2.32511262e-01 4.19279850e-02 1.73132513e+00 3.74993698e+00 2.19250485e-02 2.140284e+00 2.165935e+00 2.472221e+01 6.859416e+00 6.564867e-01 7.1853e-04 2.2011e-04 +1.2112e-05 0.06104 4.60135e-01 6.03934e-01 7.24769e-01 0.00000e+00
2.444898 7.14660032e-02 1.59913331e-01 2.31379334e-01 3.66885216e-02 1.79832914e+00 4.04462098e+00 2.33718005e-02 2.237614e+00 2.249099e+00 2.564690e+01 7.058917e+00 6.638103e-01 8.8992e-04 2.3579e-04 +1.9936e-06 0.06004 4.67577e-01 6.10236e-01 7.30151e-01 0.00000e+00
2.494794 6.90567218e-02 1.61136254e-01 2.30192976e-01 3.22712981e-02 1.86586622e+00 4.35577449e+00 2.48865628e-02 2.333390e+00 2.334452e+00 2.653978e+01 7.322752e+00 6.268813e-01 1.1328e-03 2.5463e-04 +1.0767e-05 0.05887 4.74227e-01 6.15949e-01 7.35444e-01 0.00000e+00
2.544690 6.64310533e-02 1.62197706e-01 2.28628759e-01 3.00234946e-02 1.93387699e+00 4.67824694e+00 2.64484957e-02 2.441595e+00 2.419103e+00 2.729274e+01 8.136147e+00 5.383023e-01 1.4633e-03 2.7676e-04 +2.8322e-05 0.05819 4.79453e-01 6.20480e-01 7.39977e-01 0.00000e+00
2.594586 6.37704520e-02 1.63278797e-01 2.27049249e-01 2.80919399e-02 2.00294383e+00 4.99693087e+00 2.79994988e-02 2.560415e+00 2.494793e+00 2.785495e+01 9.131880e+00 4.671682e-01 1.8862e-03 3.0296e-04 +3.2532e-05 0.05800 4.81423e-01 6.22266e-01 7.42495e-01 0.00000e+00
2.644482 6.15158989e-02 1.64449060e-01 2.25964959e-01 2.56787963e-02 2.07378346e+00 5.30764218e+00 2.95257026e-02 2.673277e+00 2.559400e+00 2.828664e+01 1.024097e+01 4.147809e-01 2.3777e-03 3.3313e-04 +1.9512e-05 0.05725 4.80119e-01 6.21307e-01 7.43006e-01 0.00000e+00
2.694378 5.89242420e-02 1.65553093e-01 2.24477335e-01 2.24665737e-02 2.14517171e+00 5.61313235e+00 3.10332162e-02 2.809592e+00 2.616635e+00 3.107045e+01 1.137125e+01 3.303237e-01 2.8702e-03 3.6295e-04 +4.6009e-06 0.05566 4.77520e-01 6.19239e-01 7.42582e-01 0.00000e+00
2.744274 5.64940270e-02 1.66361411e-01 2.22855438e-01 1.75871410e-02 2.21524495e+00 5.90800943e+00 3.24930175e-02 2.944761e+00 2.666978e+00 3.446649e+01 1.246482e+01 2.751764e-01 3.2877e-03 3.8697e-04 +4.5704e-06 0.05398 4.74983e-01 6.17190e-01 7.41964e-01 0.00000e+00
2.794169 5.41502767e-02 1.66903328e-01 2.21053605e-01 1.29358562e-02 2.28367279e+00 6.18839456e+00 3.38882694e-02 3.082225e+00 2.709843e+00 3.713014e+01 1.345046e+01 2.446659e-01 3.6057e-03 4.0481e-04 +2.0441e-05 0.05230 4.72545e-01 6.15254e-01 7.41308e-01 0.00000e+00
2.844065 5.16582920e-02 1.67401202e-01 2.19059494e-01 1.10330138e-02 2.34959804e+00 6.44569889e+00 3.51811877e-02 3.240549e+00 2.743320e+00 3.908369e+01 1.440055e+01 1.795568e-01 3.8323e-03 4.1792e-04 +3.2406e-05 0.05120 4.69242e-01 6.12640e-01 7.39969e-01 0.00000e+00
2.893961 4.95336789e-02 1.67890324e-01 2.17424003e-01 1.03135727e-02 2.41194116e+00 6.66530308e+00 3.63089770e-02 3.389418e+00 2.763460e+00 4.014792e+01 1.511399e+01 1.138098e-01 3.9568e-03 4.2517e-04 +2.6147e-05 0.05072 4.64146e-01 6.08463e-01 7.37051e-01 0.00000e+00
2.943857 4.74651499e-02 1.68239017e-01 2.15704167e-01 7.56612131e-03 2.47052735e+00 6.84471967e+00 3.72609881e-02 3.544475e+00 2.770550e+00 4.032831e+01 1.553701e+01 8.199710e-02 3.9790e-03 4.2739e-04 +9.8671e-06 0.05002 4.57859e-01 6.03193e-01 7.32869e-01 0.00000e+00
2.993753 4.52852331e-02 1.68393039e-01 2.13678272e-01 2.44402586e-03 2.52453313e+00 6.99606742e+00 3.80824022e-02 3.718498e+00 2.771232e+00 4.004158e+01 1.581627e+01 6.370716e-02 3.9304e-03 4.2875e-04 +1.6440e-06 0.05009 4.52318e-01 5.98579e-01 7.28960e-01 0.00000e+00
3.043649 4.35147361e-02 1.68330510e-01 2.11845246e-01 -2.28189937e-03 2.57257760e+00 7.12491099e+00 3.87899544e-02 3.868356e+00 2.769561e+00 3.955098e+01 1.600653e+01 4.737341e-02 3.8265e-03 4.3087e-04 +1.1647e-05 0.05053 4.48445e-01 5.95474e-01 7.26084e-01 0.00000e+00
3.093545 4.15896502e-02 1.68034242e-01 2.09623893e-01 -4.18367037e-03 2.61369353e+00 7.21915259e+00 3.93313845e-02 4.040290e+00 2.762050e+00 3.871012e+01 1.595641e+01 1.621587e-02 3.6667e-03 4.3200e-04 +2.8060e-05 0.05252 4.44873e-01 5.92658e-01 7.23201e-01 0.00000e+00
3.143441 3.98444231e-02 1.67644927e-01 2.07489350e-01 -4.59997084e-03 2.64741104e+00 7.27204211e+00 3.96778126e-02 4.207488e+00 2.746850e+00 3.756160e+01 1.579097e+01 -1.010890e-02 3.4726e-03 4.3153e-04 +3.0053e-05 0.05393 4.40104e-01 5.88813e-01 7.19245e-01 0.00000e+00
3.193337 3.84273764e-02 1.67302295e-01 2.05729672e-01 -6.50651495e-03 2.67381931e+00 7.29335155e+00 3.98686834e-02 4.353727e+00 2.727691e+00 3.638459e+01 1.581192e+01 -6.433727e-03 3.2647e-03 4.3105e-04 +1.6319e-05 0.05419 4.34424e-01 5.84201e-01 7.14525e-01 0.00000e+00
3.243232 3.68279822e-02 1.66868556e-01 2.03696538e-01 -1.02014164e-02 2.69298683e+00 7.28872236e+00 3.99268367e-02 4.531026e+00 2.706557e+00 3.516346e+01 1.581188e+01 -5.532781e-03 3.0456e-03 4.3171e-04 +2.5420e-06 0.05419 4.28869e-01 5.79751e-01 7.09859e-01 0.00000e+00
3.293128 3.55120192e-02 1.66159202e-01 2.01671221e-01 -1.39527075e-02 2.70448370e+00 7.26364610e+00 3.98725192e-02 4.678957e+00 2.685779e+00 3.381281e+01 1.575863e+01 -2.628664e-02 2.8161e-03 4.3307e-04 +4.3251e-06 0.05393 4.24603e-01 5.76486e-01 7.06036e-01 0.00000e+00
3.343024 3.43189177e-02 1.65246147e-01 1.99565065e-01 -1.66357115e-02 2.70817823e+00 7.22480461e+00 3.97319313e-02 4.815016e+00 2.667773e+00 3.245761e+01 1.556467e+01 -3.187207e-02 2.5900e-03 4.3498e-04 +2.0452e-05 0.05347 4.21615e-01 5.74412e-01 7.03092e-01 0.00000e+00
3.392920 3.30091086e-02 1.64314499e-01 1.97323608e-01 -1.77398568e-02 2.70489548e+00 7.16601809e+00 3.94836543e-02 4.977853e+00 2.649277e+00 3.120462e+01 1.527307e+01 -7.139908e-03 2.3871e-03 4.3765e-04 +3.0330e-05 0.05360 4.18002e-01 5.71850e-01 6.99798e-01 0.00000e+00
3.442816 3.20810493e-02 1.63437438e-01 1.95518488e-01 -1.76976450e-02 2.69565895e+00 7.08566603e+00 3.91252999e-02 5.094517e+00 2.628547e+00 3.000824e+01 1.492475e+01 1.222817e-02 2.2150e-03 4.4020e-04 +2.2396e-05 0.05411 4.12873e-01 5.67950e-01 6.95442e-01 0.00000e+00
3.492712 3.11152091e-02 1.62523302e-01 1.93638511e-01 -1.89314502e-02 2.68105697e+00 6.99169076e+00 3.86909909e-02 5.223275e+00 2.607811e+00 2.881517e+01 1.469650e+01 1.221046e-02 2.0710e-03 4.4187e-04 +6.6944e-06 0.05405 4.07329e-01 5.63633e-01 6.90658e-01 0.00000e+00
3.542608 3.01192408e-02 1.61451389e-01 1.91570629e-01 -2.27869052e-02 2.66160448e+00 6.89033904e+00 3.82077741e-02 5.360407e+00 2.588791e+00 2.849783e+01 1.424143e+01 1.602689e-02 1.9585e-03 4.4419e-04 +3.7631e-07 0.05266 4.02528e-01 5.59986e-01 6.86400e-01 0.00000e+00
3.592504 2.94815482e-02 1.60243343e-01 1.89724891e-01 -2.63197872e-02 2.63784262e+00 6.78769117e+00 3.77021351e-02 5.435377e+00 2.573198e+00 2.798708e+01 1.376481e+01 1.628165e-02 1.8824e-03 4.4870e-04 +1.1564e-05 0.05088 3.98836e-01 5.57408e-01 6.83131e-01 0.00000e+00
3.642399 2.86332468e-02 1.58989921e-01 1.87623167e-01 -2.66297172e-02 2.61024496e+00 6.68011542e+00 3.71614415e-02 5.552633e+00 2.559191e+00 2.747842e+01 1.361658e+01 1.957889e-02 1.8421e-03 4.5390e-04 +2.6776e-05 0.05060 3.95329e-01 5.55024e-01 6.80102e-01 0.00000e+00
3.692295 2.79865278e-02 1.57742102e-01 1.85728630e-01 -2.55797482e-02 2.58005039e+00 6.56106590e+00 3.65644651e-02 5.636358e+00 2.542999e+00 2.711530e+01 1.300326e+01 6.353794e-02 1.8360e-03 4.5754e-04 +2.6740e-05 0.05171 3.90555e-01 5.51373e-01 6.76009e-01 0.00000e+00
3.742191 2.75215088e-02 1.56533414e-01 1.84054923e-01 -2.61807311e-02 2.54838497e+00 6.43523013e+00 3.59344604e-02 5.687676e+00 2.525219e+00 2.685891e+01 1.279107e+01 9.577405e-02 1.8590e-03 4.6005e-04 +1.2675e-05 0.05119 3.84528e-01 5.46429e-01 6.70875e-01 0.00000e+00
3.792087 2.68825546e-02 1.55321243e-01 1.82203797e-01 -2.86890440e-02 2.51511359e+00 6.30710904e+00 3.52888905e-02 5.777771e+00 2.507684e+00 2.624748e+01 1.247701e+01 7.430857e-02 1.9004e-03 4.6307e-04 +3.6812e-07 0.04912 3.78582e-01 5.41513e-01 6.65870e-01 0.00000e+00
3.841983 2.64949579e-02 1.53980201e-01 1.80475159e-01 -3.15044260e-02 2.48024382e+00 6.18111619e+00 3.46454400e-02 5.811679e+00 2.492141e+00 2.580149e+01 1.201906e+01 6.687085e-02 1.9527e-03 4.6729e-04 +3.9640e-06 0.04816 3.73759e-01 5.37650e-01 6.61818e-01 0.00000e+00
3.891879 2.61670904e-02 1.52494286e-01 1.78661376e-01 -3.25859888e-02 2.44467393e+00 6.05922754e+00 3.40156059e-02 5.827713e+00 2.478542e+00 2.535607e+01 1.179509e+01 8.801313e-02 2.0126e-03 4.7191e-04 +2.0085e-05 0.04791 3.69636e-01 5.34407e-01 6.58321e-01 0.00000e+00
3.941775 2.56920255e-02 1.51026323e-01 1.76718348e-01 -3.17330861e-02 2.40914229e+00 5.93367927e+00 3.33712863e-02 5.878335e+00 2.462984e+00 2.472249e+01 1.173813e+01 1.144704e-01 2.0794e-03 4.7549e-04 +2.8015e-05 0.04726 3.64763e-01 5.30337e-01 6.54248e-01 0.00000e+00
3.991671 2.55883453e-02 1.49680454e-01 1.75268800e-01 -3.09861250e-02 2.37423268e+00 5.80214153e+00 3.27054969e-02 5.849556e+00 2.443797e+00 2.427949e+01 1.141265e+01 1.591654e-01 2.1551e-03 4.7771e-04 +1.8868e-05 0.04721 3.58521e-01 5.24786e-01 6.49086e-01 0.00000e+00
4.041567 2.53283766e-02 1.48341055e-01 1.73669431e-01 -3.18366212e-02 2.34029412e+00 5.66979785e+00 3.20403678e-02 5.856714e+00 2.422686e+00 2.389031e+01 1.144598e+01 1.819874e-01 2.2357e-03 4.7896e-04 +3.9094e-06 0.04708 3.51732e-01 5.18530e-01 6.43402e-01 0.00000e+00
4.091462 2.51355436e-02 1.46868112e-01 1.72003655e-01 -3.40815758e-02 2.30697271e+00 5.54149690e+00 3.13938784e-02 5.843045e+00 2.402064e+00 2.356098e+01 1.153131e+01 1.629735e-01 2.3149e-03 4.8023e-04 -5.0620e-07 0.04568 3.45770e-01 5.12988e-01 6.38356e-01 0.00000e+00
4.141358 2.51669840e-02 1.45291524e-01 1.70458508e-01 -3.60206118e-02 2.27376056e+00 5.41895704e+00 3.07708704e-02 5.773100e+00 2.383258e+00 2.291682e+01 1.123386e+01 1.537063e-01 2.3952e-03 4.8275e-04 +1.1803e-05 0.04399 3.40991e-01 5.08599e-01 6.34396e-01 0.00000e+00
4.191254 2.50137325e-02 1.43712473e-01 1.68726205e-01 -3.56613026e-02 2.24088301e+00 5.29554595e+00 3.01457158e-02 5.745343e+00 2.363151e+00 2.240449e+01 1.106762e+01 1.885405e-01 2.4833e-03 4.8549e-04 +2.5677e-05 0.04389 3.36064e-01 5.03992e-01 6.30416e-01 0.00000e+00
4.241150 2.50393063e-02 1.42188142e-01 1.67227449e-01 -3.37195885e-02 2.20957756e+00 5.16889547e+00 2.95138921e-02 5.678598e+00 2.339314e+00 2.193266e+01 1.072499e+01 2.528081e-01 2.5779e-03 4.8611e-04 +2.3758e-05 0.04458 3.30005e-01 4.98002e-01 6.25349e-01 0.00000e+00
4.291046 2.52212893e-02 1.40708447e-01 1.65929737e-01 -3.32300106e-02 2.18024453e+00 5.04430657e+00 2.88982044e-02 5.578955e+00 2.313643e+00 2.132823e+01 1.055195e+01 2.918484e-01 2.6754e-03 4.8469e-04 +9.6242e-06 0.04454 3.23309e-01 4.91076e-01 6.19501e-01 0.00000e+00
4.340942 2.51959919e-02 1.39197234e-01 1.64393226e-01 -3.50974108e-02 2.15129487e+00 4.92138282e+00 2.82907108e-02 5.524578e+00 2.287637e+00 2.099501e+01 1.046098e+01 2.749876e-01 2.7768e-03 4.8348e-04 -1.0818e-06 0.04313 3.16841e-01 4.84260e-01 6.13835e-01 0.00000e+00
4.390838 2.54547814e-02 1.37592798e-01 1.63047579e-01 -3.69954807e-02 2.12180580e+00 4.80127068e+00 2.76923059e-02 5.405381e+00 2.262823e+00 2.035506e+01 1.021874e+01 2.524309e-01 2.8793e-03 4.8398e-04 +4.1919e-06 0.04165 3.11410e-01 4.78525e-01 6.09230e-01 0.00000e+00
4.440734 2.56428419e-02 1.35912485e-01 1.61555327e-01 -3.69051988e-02 2.09271801e+00 4.68672957e+00 2.71177903e-02 5.300211e+00 2.239542e+00 1.967482e+01 9.904960e+00 2.799312e-01 2.9790e-03 4.8510e-04 +2.0029e-05 0.04151 3.06833e-01 4.73595e-01 6.05347e-01 0.00000e+00
4.490629 2.57730125e-02 1.34250136e-01 1.60023148e-01 -3.52622973e-02 2.06456535e+00 4.57281825e+00 2.65495344e-02 5.208942e+00 2.214906e+00 1.929990e+01 9.699327e+00 3.395689e-01 3.0801e-03 4.8455e-04 +2.6000e-05 0.04197 3.01688e-01 4.67823e-01 6.00742e-01 0.00000e+00
4.540525 2.61931704e-02 1.32697304e-01 1.58890475e-01 -3.38398697e-02 2.03726541e+00 4.45776287e+00 2.59801131e-02 5.066103e+00 2.188111e+00 1.876760e+01 9.359808e+00 3.747704e-01 3.1881e-03 4.8230e-04 +1.5910e-05 0.04167 2.95513e-01 4.60706e-01 5.95055e-01 0.00000e+00
4.590421 2.64402664e-02 1.31193920e-01 1.57634187e-01 -3.41646297e-02 2.01046451e+00 4.34443755e+00 2.54196083e-02 4.961899e+00 2.160912e+00 1.829829e+01 9.171191e+00 3.740439e-01 3.2975e-03 4.7989e-04 +1.8561e-06 0.04094 2.89279e-01 4.53364e-01 5.89259e-01 0.00000e+00
4.640317 2.67477652e-02 1.29587829e-01 1.56335594e-01 -3.59051042e-02 1.98343830e+00 4.23553835e+00 2.48759066e-02 4.844810e+00 2.135453e+00 1.823075e+01 8.805920e+00 3.638086e-01 3.3983e-03 4.7835e-04 -7.3900e-07 0.04047 2.83987e-01 4.46971e-01 5.84240e-01 0.00000e+00
4.690213 2.72101472e-02 1.27878437e-01 1.55088584e-01 -3.66598186e-02 1.95596547e+00 4.13243598e+00 2.43536058e-02 4.699660e+00 2.112735e+00 1.820197e+01 8.578718e+00 3.546599e-01 3.4894e-03 4.7796e-04 +1.2379e-05 0.03970 2.79790e-01 4.41749e-01 5.80166e-01 0.00000e+00
4.740109 2.74510140e-02 1.26206842e-01 1.53657856e-01 -3.52599698e-02 1.92848184e+00 4.03070281e+00 2.38367386e-02 4.597529e+00 2.090091e+00 1.816748e+01 8.550084e+00 3.681887e-01 3.5791e-03 4.7777e-04 +2.4801e-05 0.03907 2.75635e-01 4.36503e-01 5.76132e-01 0.00000e+00
4.790005 2.78961732e-02 1.24646287e-01 1.52542460e-01 -3.32878616e-02 1.90157950e+00 3.92820800e+00 2.33191500e-02 4.468222e+00 2.065761e+00 1.815094e+01 8.679160e+00 4.193904e-01 3.6700e-03 4.7613e-04 +2.1204e-05 0.03952 2.70621e-01 4.30100e-01 5.71118e-01 0.00000e+00
4.839901 2.83985085e-02 1.23140905e-01 1.51539413e-01 -3.25227157e-02 1.87556349e+00 3.82921175e+00 2.28191009e-02 4.336175e+00 2.041633e+00 1.817151e+01 8.858545e+00 4.460894e-01 3.7564e-03 4.7301e-04 +7.1264e-06 0.03971 2.65222e-01 4.23031e-01 5.65354e-01 0.00000e+00
4.889797 2.87023650e-02 1.21608960e-01 1.50311325e-01 -3.34429826e-02 1.84973349e+00 3.73435415e+00 2.23363505e-02 4.236897e+00 2.018861e+00 1.817757e+01 9.019860e+00 4.090564e-01 3.8317e-03 4.7057e-04 -1.9796e-06 0.03849 2.60415e-01 4.16560e-01 5.59996e-01 0.00000e+00
4.939692 2.92470899e-02 1.20018604e-01 1.49265694e-01 -3.47079545e-02 1.82324644e+00 3.64211465e+00 2.18614444e-02 4.103608e+00 1.997599e+00 1.812725e+01 9.078287e+00 3.694988e-01 3.8933e-03 4.7038e-04 +4.8613e-06 0.03729 2.56595e-01 4.11332e-01 5.55750e-01 0.00000e+00
4.989588 2.96242317e-02 1.18406486e-01 1.48030718e-01 -3.40681564e-02 1.79647599e+00 3.55239715e+00 2.13954926e-02 3.996947e+00 1.977425e+00 1.804171e+01 9.158502e+00 3.788106e-01 3.9414e-03 4.7119e-04 +2.0126e-05 0.03711 2.53264e-01 4.06703e-01 5.51962e-01 0.00000e+00
5.039484 2.99902629e-02 1.16856641e-01 1.46846904e-01 -3.18253338e-02 1.77070102e+00 3.46552969e+00 2.09449229e-02 3.896486e+00 1.957151e+00 1.797225e+01 9.189967e+00 4.144984e-01 3.9807e-03 4.7096e-04 +2.4141e-05 0.03740 2.49564e-01 4.01462e-01 5.47413e-01 0.00000e+00
5.089380 3.05671499e-02 1.15416698e-01 1.45983848e-01 -3.03444311e-02 1.74613897e+00 3.38107288e+00 2.05088474e-02 3.775841e+00 1.936314e+00 1.792839e+01 9.238071e+00 4.219005e-01 4.0140e-03 4.6978e-04 +1.3335e-05 0.03720 2.45282e-01 3.95375e-01 5.41950e-01 0.00000e+00
5.139276 3.09530565e-02 1.14033582e-01 1.44986639e-01 -3.04825796e-02 1.72175586e+00 3.29746494e+00 2.00768832e-02 3.684081e+00 1.915176e+00 1.785026e+01 9.262306e+00 3.877146e-01 4.0359e-03 4.6901e-04 +2.9270e-07 0.03627 2.40900e-01 3.89195e-01 5.36353e-01 0.00000e+00
5.189172 3.13796922e-02 1.12604535e-01 1.43984227e-01 -3.13984064e-02 1.69753368e+00 3.21728923e+00 1.96592916e-02 3.588453e+00 1.895273e+00 1.772913e+01 9.217246e+00 3.601408e-01 4.0365e-03 4.7012e-04 -5.5867e-07 0.03541 2.37297e-01 3.84006e-01 5.31502e-01 0.00000e+00
5.239068 3.18912536e-02 1.11096930e-01 1.42988183e-01 -3.15525688e-02 1.67400727e+00 3.14241270e+00 1.92656799e-02 3.483618e+00 1.877180e+00 1.755589e+01 9.110982e+00 3.531325e-01 4.0139e-03 4.7329e-04 +1.3108e-05 0.03498 2.34645e-01 3.79965e-01 5.27445e-01 0.00000e+00
5.288964 3.21508967e-02 1.09624752e-01 1.41775649e-01 -2.99201489e-02 1.65101562e+00 3.06889854e+00 1.88796566e-02 3.409695e+00 1.858794e+00 1.736954e+01 9.013470e+00 3.457900e-01 3.9778e-03 4.7657e-04 +2.3924e-05 0.03457 2.31823e-01 3.75708e-01 5.23066e-01 0.00000e+00
5.338860 3.26628345e-02 1.08306113e-01 1.40968948e-01 -2.77304732e-02 1.62915419e+00 2.99665871e+00 1.85032516e-02 3.315882e+00 1.839395e+00 1.717237e+01 8.941069e+00 3.440681e-01 3.9350e-03 4.7885e-04 +1.8838e-05 0.03425 2.28189e-01 3.70424e-01 5.17689e-01 0.00000e+00
5.388755 3.31150240e-02 1.07076510e-01 1.40191534e-01 -2.70096419e-02 1.60893531e+00 2.92827296e+00 1.81488331e-02 3.233472e+00 1.820007e+00 1.696565e+01 8.870280e+00 3.479150e-01 3.8815e-03 4.8108e-04 +5.0435e-06 0.03408 2.24310e-01 3.64755e-01 5.11800e-01 0.00000e+00
5.438651 3.34219990e-02 1.05798079e-01 1.39220079e-01 -2.76828401e-02 1.58945943e+00 2.86263807e+00 1.78083900e-02 3.165522e+00 1.801014e+00 1.674555e+01 8.762643e+00 3.287004e-01 3.8095e-03 4.8422e-04 -2.4791e-06 0.03335 2.20838e-01 3.59571e-01 5.06180e-01 0.00000e+00
5.488547 3.38830930e-02 1.04467273e-01 1.38350366e-01 -2.79722193e-02 1.57050869e+00 2.80049879e+00 1.74840299e-02 3.083168e+00 1.783179e+00 1.660012e+01 8.612954e+00 2.969492e-01 3.7173e-03 4.8888e-04 +5.6812e-06 0.03210 2.18080e-01 3.55364e-01 5.01400e-01 0.00000e+00
5.538443 3.41689113e-02 1.03173902e-01 1.37342813e-01 -2.68956757e-02 1.55272219e+00 2.74258738e+00 1.71812383e-02 3.019526e+00 1.766309e+00 1.643954e+01 8.441950e+00 2.887703e-01 3.6110e-03 4.9422e-04 +2.0211e-05 0.03192 2.15591e-01 3.51567e-01 4.97009e-01 0.00000e+00
5.588339 3.44443539e-02 1.01966329e-01 1.36410683e-01 -2.50047661e-02 1.53614706e+00 2.68654343e+00 1.68907620e-02 2.960321e+00 1.748884e+00 1.623159e+01 8.358788e+00 3.126484e-01 3.5002e-03 4.9798e-04 +2.2406e-05 0.03208 2.12543e-01 3.47012e-01 4.91875e-01 0.00000e+00
5.638235 3.49018707e-02 1.00849577e-01 1.35751448e-01 -2.34843411e-02 1.52089985e+00 2.63299203e+00 1.66155675e-02 2.889518e+00 1.731207e+00 1.599765e+01 8.280710e+00 3.260825e-01 3.3885e-03 4.9986e-04 +1.0996e-05 0.03243 2.09002e-01 3.41748e-01 4.86021e-01 0.00000e+00
5.688131 3.51071897e-02 9.97988474e-02 1.34906037e-01 -2.32413445e-02 1.50691753e+00 2.58380236e+00 1.63628796e-02 2.842690e+00 1.714628e+00 1.576034e+01 8.153870e+00 3.097645e-01 3.2714e-03 5.0116e-04 -9.3032e-07 0.03298 2.05550e-01 3.36640e-01 4.80372e-01 0.00000e+00
5.738027 3.54010014e-02 9.87307669e-02 1.34131768e-01 -2.37349869e-02 1.49336021e+00 2.53795883e+00 1.61252762e-02 2.788926e+00 1.699495e+00 1.552514e+01 8.037322e+00 3.069891e-01 3.1457e-03 5.0263e-04 -1.6219e-08 0.03364 2.02646e-01 3.32357e-01 4.75636e-01 0.00000e+00
5.787922 3.56620965e-02 9.76095724e-02 1.33271669e-01 -2.32118879e-02 1.48008242e+00 2.49504121e+00 1.59004945e-02 2.737068e+00 1.685745e+00 1.532191e+01 7.887261e+00 3.314905e-01 3.0176e-03 5.0416e-04 +1.3898e-05 0.03459 2.00366e-01 3.28929e-01 4.71778e-01 0.00000e+00
5.837818 3.57105305e-02 9.65456243e-02 1.32256155e-01 -2.14019997e-02 1.46775080e+00 2.45569211e+00 1.56937717e-02 2.703562e+00 1.673099e+00 1.514178e+01 7.782587e+00 3.509043e-01 2.8966e-03 5.0446e-04 +2.2987e-05 0.03510 1.98072e-01 3.25478e-01 4.67961e-01 0.00000e+00
5.887714 3.59714690e-02 9.56377601e-02 1.31609229e-01 -1.97464650e-02 1.45628749e+00 2.41892393e+00 1.55008457e-02 2.658712e+00 1.661021e+00 1.492870e+01 7.707960e+00 3.603565e-01 2.7883e-03 5.0204e-04 +1.6716e-05 0.03546 1.95221e-01 3.21383e-01 4.63709e-01 0.00000e+00
5.937610 3.61309700e-02 9.48344182e-02 1.30965388e-01 -1.89489457e-02 1.44519095e+00 2.38406222e+00 1.53170127e-02 2.624740e+00 1.649652e+00 1.469017e+01 7.638626e+00 3.785294e-01 2.6912e-03 4.9764e-04 +3.3566e-06 0.03602 1.92174e-01 3.17131e-01 4.59494e-01 0.00000e+00
5.987506 3.61439809e-02 9.40152496e-02 1.30159230e-01 -1.88326961e-02 1.43433566e+00 2.35226292e+00 1.51463943e-02 2.601132e+00 1.639967e+00 1.450406e+01 7.520925e+00 4.032576e-01 2.6001e-03 4.9366e-04 -2.6420e-06 0.03669 1.89711e-01 3.13669e-01 4.56116e-01 0.00000e+00
6.037402 3.62632774e-02 9.31426484e-02 1.29405926e-01 -1.86585937e-02 1.42336751e+00 2.32330342e+00 1.49866837e-02 2.568512e+00 1.632258e+00 1.438108e+01 7.403379e+00 4.142166e-01 2.5140e-03 4.9080e-04 +6.7264e-06 0.03720 1.88127e-01 3.11407e-01 4.53985e-01 0.00000e+00
6.087298 3.61623025e-02 9.23178059e-02 1.28480108e-01 -1.74761630e-02 1.41214182e+00 2.29614426e+00 1.48331443e-02 2.552874e+00 1.626001e+00 1.425100e+01 7.329559e+00 4.195433e-01 2.4372e-03 4.8714e-04 +2.0342e-05 0.03734 1.86809e-01 3.09607e-01 4.52473e-01 0.00000e+00
6.137194 3.60980800e-02 9.16313408e-02 1.27729421e-01 -1.57176732e-02 1.40132058e+00 2.27109760e+00 1.46896727e-02 2.538399e+00 1.620684e+00 1.410149e+01 7.265012e+00 4.440734e-01 2.3734e-03 4.8184e-04 +2.0747e-05 0.03702 1.85183e-01 3.07442e-01 4.50738e-01 0.00000e+00
6.187090 3.61427610e-02 9.10411229e-02 1.27183884e-01 -1.45024664e-02 1.39092704e+00 2.24772858e+00 1.45546225e-02 2.518931e+00 1.615993e+00 1.396789e+01 7.153026e+00 4.692937e-01 2.3214e-03 4.7595e-04 +9.0032e-06 0.03687 1.83469e-01 3.05106e-01 4.48877e-01 0.00000e+00
6.236985 3.59217080e-02 9.04783060e-02 1.26400014e-01 -1.40546814e-02 1.38015294e+00 2.22540410e+00 1.44222282e-02 2.518764e+00 1.612433e+00 1.385216e+01 7.076309e+00 4.705821e-01 2.2755e-03 4.7010e-04 -1.6906e-06 0.03717 1.82089e-01 3.03179e-01 4.47474e-01 0.00000e+00
6.286881 3.58096560e-02 8.99107641e-02 1.25720420e-01 -1.38280211e-02 1.36888759e+00 2.20601772e+00 1.42996212e-02 2.510797e+00 1.611540e+00 1.376777e+01 6.963722e+00 4.680913e-01 2.2326e-03 4.6545e-04 +7.8183e-07 0.03725 1.81473e-01 3.02282e-01 4.47158e-01 0.00000e+00
6.336777 3.56089480e-02 8.93364866e-02 1.24945435e-01 -1.29849785e-02 1.35737588e+00 2.19002301e+00 1.41895956e-02 2.508821e+00 1.613424e+00 1.373334e+01 6.818002e+00 4.774039e-01 2.1930e-03 4.6293e-04 +1.4729e-05 0.03712 1.81666e-01 3.02406e-01 4.47867e-01 0.00000e+00
6.386673 3.52507924e-02 8.88126443e-02 1.24063437e-01 -1.15412052e-02 1.34565302e+00 2.17507955e+00 1.40829303e-02 2.519451e+00 1.616375e+00 1.371260e+01 6.708431e+00 4.905764e-01 2.1580e-03 4.6163e-04 +2.2163e-05 0.03674 1.81946e-01 3.02519e-01 4.48564e-01 0.00000e+00
6.436569 3.50782017e-02 8.84032503e-02 1.23481452e-01 -1.03111996e-02 1.33411002e+00 2.16140035e+00 1.39820415e-02 2.520176e+00 1.620107e+00 1.367347e+01 6.580583e+00 4.987342e-01 2.1281e-03 4.6181e-04 +1.4773e-05 0.03599 1.81933e-01 3.02157e-01 4.48812e-01 0.00000e+00
6.486465 3.47912569e-02 8.80866773e-02 1.22877934e-01 -9.52218992e-03 1.32292019e+00 2.15103621e+00 1.38958256e-02 2.531862e+00 1.625976e+00 1.363802e+01 6.454944e+00 5.008225e-01 2.1003e-03 4.6530e-04 +1.9382e-06 0.03565 1.82012e-01 3.01875e-01 4.49138e-01 0.00000e+00
6.536361 3.44058507e-02 8.77564332e-02 1.22162284e-01 -9.01685790e-03 1.31141486e+00 2.14333290e+00 1.38189911e-02 2.550625e+00 1.634367e+00 1.364283e+01 6.314015e+00 4.976946e-01 2.0707e-03 4.7374e-04 -2.4113e-06 0.03580 1.82707e-01 3.02303e-01 4.50110e-01 0.00000e+00
6.586257 3.41328396e-02 8.73507920e-02 1.21483632e-01 -8.45384835e-03 1.29932046e+00 2.13704195e+00 1.37454496e-02 2.559142e+00 1.644738e+00 1.370528e+01 6.356694e+00 4.939981e-01 2.0393e-03 4.8825e-04 +7.8961e-06 0.03556 1.84242e-01 3.03690e-01 4.51949e-01 0.00000e+00
6.636152 3.36226606e-02 8.69636760e-02 1.20586337e-01 -7.42142322e-03 1.28740380e+00 2.13333566e+00 1.36829579e-02 2.586460e+00 1.657084e+00 1.379390e+01 6.524641e+00 4.982562e-01 2.0092e-03 5.0702e-04 +2.0295e-05 0.03484 1.86055e-01 3.05362e-01 4.54001e-01 0.00000e+00
6.686048 3.32446336e-02 8.66950055e-02 1.19939639e-01 -6.28786188e-03 1.27620793e+00 2.13201763e+00 1.36329023e-02 2.607789e+00 1.670588e+00 1.385743e+01 6.677084e+00 5.071933e-01 1.9818e-03 5.2660e-04 +1.9155e-05 0.03405 1.87415e-01 3.06422e-01 4.55395e-01 0.00000e+00
6.735944 3.29288406e-02 8.64969335e-02 1.19425774e-01 -5.40901870e-03 1.26549345e+00 2.13113628e+00 1.35865189e-02 2.626783e+00 1.684036e+00 1.390145e+01 6.801555e+00 5.089463e-01 1.9568e-03 5.4685e-04 +7.2640e-06 0.03341 1.88407e-01 3.06944e-01 4.56183e-01 0.00000e+00
6.785840 3.24170549e-02 8.62768839e-02 1.18693939e-01 -4.72843609e-03 1.25489095e+00 2.13130741e+00 1.35447934e-02 2.661466e+00 1.698400e+00 1.397867e+01 6.913155e+00 5.024638e-01 1.9339e-03 5.6892e-04 -2.2885e-06 0.03307 1.89557e-01 3.07591e-01 4.56981e-01 0.00000e+00
6.835736 3.20239700e-02 8.60070563e-02 1.18031026e-01 -4.21006712e-03 1.24415811e+00 2.13419872e+00 1.35134273e-02 2.685709e+00 1.715376e+00 1.410074e+01 7.015755e+00 4.919480e-01 1.9136e-03 5.9241e-04 +1.6830e-06 0.03285 1.91275e-01 3.08931e-01 4.58359e-01 0.00000e+00
6.885632 3.15702977e-02 8.57196195e-02 1.17289917e-01 -3.54564101e-03 1.23344029e+00 2.13919639e+00 1.34905467e-02 2.715198e+00 1.734333e+00 1.423217e+01 7.097414e+00 4.878582e-01 1.8960e-03 6.1573e-04 +1.5492e-05 0.03228 1.93331e-01 3.10704e-01 4.60098e-01 0.00000e+00
6.935528 3.10138046e-02 8.54654488e-02 1.16479253e-01 -2.59775925e-03 1.22322727e+00 2.14447277e+00 1.34708002e-02 2.755723e+00 1.753127e+00 1.434970e+01 7.163273e+00 4.908647e-01 1.8813e-03 6.3688e-04 +2.1139e-05 0.03221 1.94916e-01 3.11878e-01 4.61189e-01 0.00000e+00
6.985424 3.06765288e-02 8.52696711e-02 1.15946200e-01 -1.75327560e-03 1.21365053e+00 2.14943840e+00 1.34523557e-02 2.779639e+00 1.771052e+00 1.444964e+01 7.218170e+00 4.928120e-01 1.8690e-03 6.5516e-04 +1.2824e-05 0.03246 1.95790e-01 3.12149e-01 4.61338e-01 0.00000e+00
7.035320 3.01986617e-02 8.51079132e-02 1.15306575e-01 -1.17792599e-03 1.20444633e+00 2.15507277e+00 1.34380764e-02 2.818268e+00 1.789264e+00 1.452270e+01 7.262218e+00 4.911703e-01 1.8584e-03 6.7082e-04 +7.3237e-07 0.03293 1.96339e-01 3.12054e-01 4.61111e-01 0.00000e+00
7.085215 2.97279067e-02 8.49054064e-02 1.14633313e-01 -6.78029024e-04 1.19522910e+00 2.16214858e+00 1.34295107e-02 2.856084e+00 1.808983e+00 1.459672e+01 7.283825e+00 4.759281e-01 1.8497e-03 6.8555e-04 -2.0933e-06 0.03296 1.97094e-01 3.12279e-01 4.61190e-01 0.00000e+00
7.135111 2.93470466e-02 8.46183120e-02 1.13965359e-01 1.12158961e-05 1.18566938e+00 2.16979284e+00 1.34218489e-02 2.883367e+00 1.830015e+00 1.471283e+01 7.290413e+00 4.543973e-01 1.8444e-03 7.0129e-04 +8.8941e-06 0.03255 1.98336e-01 3.13115e-01 4.61854e-01 0.00000e+00
7.185007 2.87847812e-02 8.43175185e-02 1.13102300e-01 7.06109129e-04 1.17611097e+00 2.17691986e+00 1.34121233e-02 2.929240e+00 1.850948e+00 1.482814e+01 7.302818e+00 4.543128e-01 1.8421e-03 7.1608e-04 +2.0062e-05 0.03277 1.99446e-01 3.13790e-01 4.62381e-01 0.00000e+00
7.234903 2.83900865e-02 8.40835115e-02 1.12473598e-01 1.11404877e-03 1.16731169e+00 2.18301060e+00 1.34012892e-02 2.961721e+00 1.870118e+00 1.486865e+01 7.299024e+00 4.703297e-01 1.8418e-03 7.2630e-04 +1.7473e-05 0.03359 1.99689e-01 3.13504e-01 4.62056e-01 0.00000e+00
7.284799 2.80538302e-02 8.38937328e-02 1.11947563e-01 1.67390454e-03 1.15923397e+00 2.18800536e+00 1.33889573e-02 2.990456e+00 1.887458e+00 1.485644e+01 7.277224e+00 4.685512e-01 1.8440e-03 7.3302e-04 +5.5063e-06 0.03369 1.99311e-01 3.12564e-01 4.61183e-01 0.00000e+00
7.334695 2.75724165e-02 8.36647866e-02 1.11237203e-01 2.39827580e-03 1.15103727e+00 2.19193017e+00 1.33718698e-02 3.034365e+00 1.904309e+00 1.485808e+01 7.253054e+00 4.422371e-01 1.8504e-03 7.4033e-04 -2.7405e-06 0.03320 1.99022e-01 3.11728e-01 4.60467e-01 0.00000e+00
7.384591 2.72380945e-02 8.33479882e-02 1.10586083e-01 2.81729040e-03 1.14232073e+00 2.19481173e+00 1.33485298e-02 3.059979e+00 1.921362e+00 1.488058e+01 7.221077e+00 4.244404e-01 1.8615e-03 7.4953e-04 +2.6192e-06 0.03319 1.99247e-01 3.11531e-01 4.60442e-01 0.00000e+00
7.434487 2.68231039e-02 8.29890198e-02 1.09812124e-01 3.18568156e-03 1.13363896e+00 2.19667717e+00 1.33212645e-02 3.093938e+00 1.937722e+00 1.489181e+01 7.379332e+00 4.328698e-01 1.8760e-03 7.5751e-04 +1.5942e-05 0.03350 1.99661e-01 3.11675e-01 4.60866e-01 0.00000e+00
7.484382 2.63861974e-02 8.26660530e-02 1.09052250e-01 3.67208147e-03 1.12553270e+00 2.19631339e+00 1.32873844e-02 3.132928e+00 1.951355e+00 1.485469e+01 7.653251e+00 4.328384e-01 1.8920e-03 7.6145e-04 +1.9916e-05 0.03351 1.99506e-01 3.11215e-01 4.60825e-01 0.00000e+00
7.534278 2.61640013e-02 8.23823006e-02 1.08546302e-01 4.07999258e-03 1.11783690e+00 2.19240239e+00 1.32409571e-02 3.148689e+00 1.961290e+00 1.476260e+01 7.884002e+00 4.137840e-01 1.9080e-03 7.6231e-04 +1.0948e-05 0.03342 1.98675e-01 3.09961e-01 4.60101e-01 0.00000e+00
7.584174 2.57908697e-02 8.20898744e-02 1.07880744e-01 4.49969241e-03 1.11020187e+00 2.18582550e+00 1.31841095e-02 3.182904e+00 1.968854e+00 1.464202e+01 8.063915e+00 4.077753e-01 1.9229e-03 7.6131e-04 -4.1143e-07 0.03344 1.97640e-01 3.08517e-01 4.59270e-01 0.00000e+00
7.634070 2.54838723e-02 8.17420811e-02 1.07225953e-01 4.92780851e-03 1.10230785e+00 2.17796954e+00 1.31211095e-02 3.207600e+00 1.975827e+00 1.452986e+01 8.228324e+00 3.970211e-01 1.9353e-03 7.5926e-04 -1.7457e-06 0.03340 1.96980e-01 3.07625e-01 4.59056e-01 0.00000e+00
7.683966 2.52398785e-02 8.13229649e-02 1.06562843e-01 5.32386173e-03 1.09391605e+00 2.16829173e+00 1.30488311e-02 3.222003e+00 1.982137e+00 1.443368e+01 8.387250e+00 3.672078e-01 1.9435e-03 7.5749e-04 +9.8192e-06 0.03324 1.96851e-01 3.07451e-01 4.59594e-01 0.00000e+00
7.733862 2.48549897e-02 8.08856532e-02 1.05740643e-01 5.67897540e-03 1.08531482e+00 2.15557866e+00 1.29635739e-02 3.254302e+00 1.986132e+00 1.431769e+01 8.474557e+00 3.490939e-01 1.9462e-03 7.5477e-04 +1.9584e-05 0.03323 1.96554e-01 3.07130e-01 4.60009e-01 0.00000e+00
7.783758 2.46489593e-02 8.04983029e-02 1.05147262e-01 5.85582429e-03 1.07702472e+00 2.13982983e+00 1.28674182e-02 3.265789e+00 1.986797e+00 1.414750e+01 8.453688e+00 3.549572e-01 1.9419e-03 7.4872e-04 +1.5658e-05 0.03352 1.95553e-01 3.06050e-01 4.59695e-01 0.00000e+00
7.833654 2.44819180e-02 8.01485095e-02 1.04630427e-01 6.09982308e-03 1.06902980e+00 2.12193369e+00 1.27638539e-02 3.273784e+00 1.984915e+00 1.392677e+01 8.446605e+00 3.557127e-01 1.9314e-03 7.4010e-04 +3.8919e-06 0.03370 1.94150e-01 3.04602e-01 4.59025e-01 0.00000e+00
7.883550 2.41951152e-02 7.97579216e-02 1.03953037e-01 6.56955550e-03 1.06068034e+00 2.10248326e+00 1.26526544e-02 3.296447e+00 1.982203e+00 1.370221e+01 8.431287e+00 3.253940e-01 1.9173e-03 7.3246e-04 -3.0428e-06 0.03339 1.92931e-01 3.03454e-01 4.58620e-01 0.00000e+00
7.933445 2.40686745e-02 7.92829899e-02 1.03351664e-01 6.94681985e-03 1.05145749e+00 2.08170883e+00 1.25326653e-02 3.294032e+00 1.979832e+00 1.352066e+01 8.375513e+00 2.924949e-01 1.9010e-03 7.2798e-04 +3.4608e-06 0.03300 1.92317e-01 3.03071e-01 4.58932e-01 0.00000e+00
7.983341 2.38188038e-02 7.87725380e-02 1.02591342e-01 7.11576008e-03 1.04182959e+00 2.05978577e+00 1.24064614e-02 3.307158e+00 1.977085e+00 1.334986e+01 8.317093e+00 3.028296e-01 1.8830e-03 7.2420e-04 +1.6198e-05 0.03308 1.91944e-01 3.03064e-01 4.59630e-01 0.00000e+00
8.033237 2.36131858e-02 7.83017449e-02 1.01914931e-01 7.22202167e-03 1.03255653e+00 2.03642845e+00 1.22759399e-02 3.316018e+00 1.972220e+00 1.312001e+01 8.283540e+00 3.177161e-01 1.8645e-03 7.1790e-04 +1.8612e-05 0.03334 1.91017e-01 3.02506e-01 4.59824e-01 0.00000e+00
8.083133 2.35739994e-02 7.78793217e-02 1.01453321e-01 7.43135318e-03 1.02350034e+00 2.01150578e+00 1.21400245e-02 3.303611e+00 1.965320e+00 1.284417e+01 8.223430e+00 2.965670e-01 1.8465e-03 7.1018e-04 +9.0596e-06 0.03320 1.89527e-01 3.01312e-01 4.59383e-01 0.00000e+00
8.133029 2.33987262e-02 7.74503187e-02 1.00849045e-01 7.75570694e-03 1.01415062e+00 1.98566138e+00 1.19992480e-02 3.310023e+00 1.957955e+00 1.257626e+01 8.139769e+00 2.835109e-01 1.8307e-03 7.0347e-04 -1.4283e-06 0.03285 1.88004e-01 3.00079e-01 4.58890e-01 0.00000e+00
8.182925 2.32879818e-02 7.69594087e-02 1.00247390e-01 7.99644228e-03 1.00442238e+00 1.95989451e+00 1.18572676e-02 3.304683e+00 1.951265e+00 1.233043e+01 8.069240e+00 2.978892e-01 1.8197e-03 6.9879e-04 -1.2463e-06 0.03256 1.86912e-01 2.99425e-01 4.59036e-01 0.00000e+00
8.232821 2.32201885e-02 7.64125900e-02 9.96327786e-02 8.14560735e-03 9.94474425e-01 1.93437101e+00 1.17153817e-02 3.290782e+00 1.945119e+00 1.210020e+01 8.122132e+00 3.035894e-01 1.8144e-03 6.9571e-04 +1.0586e-05 0.03230 1.86276e-01 2.99401e-01 4.59903e-01 0.00000e+00
8.282717 2.30203876e-02 7.58737882e-02 9.88941759e-02 8.29080345e-03 9.84556855e-01 1.90817531e+00 1.15709287e-02 3.295939e+00 1.938106e+00 1.186441e+01 8.148269e+00 2.916595e-01 1.8139e-03 6.9218e-04 +1.8888e-05 0.03210 1.85436e-01 2.99135e-01 4.60555e-01 0.00000e+00
8.332613 2.30185997e-02 7.53874494e-02 9.84060490e-02 8.36910706e-03 9.74974316e-01 1.88099572e+00 1.14238801e-02 3.275067e+00 1.929277e+00 1.159417e+01 8.105164e+00 2.930873e-01 1.8183e-03 6.8717e-04 +1.3892e-05 0.03206 1.83955e-01 2.98057e-01 4.60377e-01 0.00000e+00
8.382508 2.29891557e-02 7.49329884e-02 9.79221441e-02 8.49096113e-03 9.65825517e-01 1.85360158e+00 1.12777084e-02 3.259493e+00 1.919189e+00 1.129704e+01 8.119341e+00 3.204436e-01 1.8283e-03 6.8122e-04 +2.4124e-06 0.03191 1.82149e-01 2.96583e-01 4.59822e-01 0.00000e+00
8.432404 2.28882025e-02 7.44476365e-02 9.73358390e-02 8.67545247e-03 9.56809027e-01 1.82650007e+00 1.11332364e-02 3.252664e+00 1.908949e+00 1.101704e+01 8.075788e+00 3.299987e-01 1.8442e-03 6.7603e-04 -3.2366e-06 0.03136 1.80580e-01 2.95405e-01 4.59618e-01 0.00000e+00
8.482300 2.29130010e-02 7.38927039e-02 9.68057049e-02 8.80781118e-03 9.47578028e-01 1.79958049e+00 1.09886341e-02 3.224925e+00 1.899137e+00 1.081111e+01 8.023454e+00 3.134888e-01 1.8653e-03 6.7337e-04 +4.3379e-06 0.03073 1.79521e-01 2.94838e-01 4.60058e-01 0.00000e+00
8.532196 2.28032425e-02 7.33130794e-02 9.61163219e-02 8.88508420e-03 9.38438514e-01 1.77247497e+00 1.08436539e-02 3.215029e+00 1.888749e+00 1.066573e+01 7.979395e+00 3.245255e-01 1.8901e-03 6.7171e-04 +1.6303e-05 0.03048 1.78557e-01 2.94366e-01 4.60593e-01 0.00000e+00
8.582092 2.27579705e-02 7.27841692e-02 9.55421398e-02 8.86315068e-03 9.30031489e-01 1.74483502e+00 1.06994660e-02 3.198184e+00 1.876103e+00 1.048220e+01 7.907940e+00 3.564140e-01 1.9167e-03 6.6751e-04 +1.7196e-05 0.03055 1.77079e-01 2.93228e-01 4.60451e-01 0.00000e+00
8.631988 2.28479808e-02 7.23104685e-02 9.51584492e-02 8.89433587e-03 9.22415931e-01 1.71675644e+00 1.05566895e-02 3.164852e+00 1.861152e+00 1.026157e+01 7.804138e+00 3.616492e-01 1.9438e-03 6.6116e-04 +7.2986e-06 0.03040 1.75134e-01 2.91461e-01 4.59631e-01 0.00000e+00
8.681884 2.27911192e-02 7.18309248e-02 9.46220440e-02 9.03503202e-03 9.15128866e-01 1.68844605e+00 1.04142997e-02 3.151707e+00 1.845036e+00 1.004481e+01 7.682198e+00 3.529052e-01 1.9703e-03 6.5555e-04 -2.2256e-06 0.02984 1.73168e-01 2.89604e-01 4.58668e-01 0.00000e+00
8.731780 2.28146867e-02 7.12952669e-02 9.41099536e-02 9.02711711e-03 9.07889495e-01 1.66017866e+00 1.02722726e-02 3.124972e+00 1.828613e+00 9.920769e+00 7.530877e+00 3.686768e-01 1.9957e-03 6.5193e-04 -6.7751e-07 0.02931 1.71607e-01 2.88231e-01 4.58203e-01 0.00000e+00
8.781675 2.28354503e-02 7.07171702e-02 9.35526206e-02 8.94560106e-03 9.00961278e-01 1.63212024e+00 1.01323261e-02 3.096815e+00 1.811532e+00 9.861958e+00 7.427020e+00 4.036181e-01 2.0193e-03 6.4897e-04 +1.1252e-05 0.02920 1.70414e-01 2.87335e-01 4.58264e-01 0.00000e+00
8.831571 2.27499441e-02 7.01617028e-02 9.29116469e-02 8.97891043e-03 8.94728000e-01 1.60372542e+00 9.99381367e-03 3.084038e+00 1.792417e+00 9.940696e+00 7.307357e+00 4.073334e-01 2.0390e-03 6.4465e-04 +1.8123e-05 0.02924 1.68965e-01 2.86087e-01 4.57935e-01 0.00000e+00
8.881467 2.28565121e-02 6.96680937e-02 9.25246059e-02 8.98420341e-03 8.89129385e-01 1.57459044e+00 9.85487929e-03 3.048063e+00 1.770935e+00 9.904409e+00 7.191941e+00 3.852149e-01 2.0526e-03 6.3876e-04 +1.2158e-05 0.02926 1.66985e-01 2.84076e-01 4.56705e-01 0.00000e+00
8.931363 2.28902273e-02 6.92053252e-02 9.20955525e-02 8.93950245e-03 8.84047304e-01 1.54519660e+00 9.71697562e-03 3.023357e+00 1.747866e+00 9.798131e+00 7.180367e+00 4.078436e-01 2.0605e-03 6.3213e-04 +1.0849e-06 0.02932 1.64801e-01 2.81746e-01 4.55068e-01 0.00000e+00
8.981259 2.28818411e-02 6.87110286e-02 9.15928697e-02 8.85783714e-03 8.79390615e-01 1.51617336e+00 9.58225588e-03 3.002863e+00 1.724118e+00 9.818595e+00 7.178549e+00 4.472555e-01 2.0642e-03 6.2597e-04 -3.2076e-06 0.02936 1.62867e-01 2.79740e-01 4.53789e-01 0.00000e+00
9.031155 2.29653080e-02 6.81636608e-02 9.11289688e-02 8.69631846e-03 8.74836565e-01 1.48766685e+00 9.45001367e-03 2.968114e+00 1.700508e+00 9.779902e+00 7.167276e+00 4.445037e-01 2.0634e-03 6.2147e-04 +5.2354e-06 0.02929 1.61374e-01 2.78320e-01 4.53154e-01 0.00000e+00
9.081051 2.29140318e-02 6.76093079e-02 9.05233397e-02 8.60482089e-03 8.70420857e-01 1.45924096e+00 9.31864726e-03 2.950564e+00 1.676477e+00 9.641907e+00 7.150631e+00 4.369162e-01 2.0573e-03 6.1722e-04 +1.6248e-05 0.02933 1.59916e-01 2.76924e-01 4.52512e-01 0.00000e+00
9.130947 2.29361738e-02 6.71095688e-02 9.00457426e-02 8.60902276e-03 8.66614710e-01 1.43067441e+00 9.18915647e-03 2.925927e+00 1.650877e+00 9.608088e+00 7.119913e+00 4.510352e-01 2.0463e-03 6.1081e-04 +1.5789e-05 0.02972 1.58020e-01 2.74904e-01 4.51131e-01 0.00000e+00
9.180843 2.30584663e-02 6.66692880e-02 8.97277544e-02 8.57966674e-03 8.63452176e-01 1.40237123e+00 9.06329362e-03 2.891315e+00 1.624145e+00 9.544583e+00 7.121562e+00 4.634247e-01 2.0313e-03 6.0252e-04 +5.7118e-06 0.03004 1.55824e-01 2.72438e-01 4.49200e-01 0.00000e+00
9.230738 2.30275554e-02 6.62299053e-02 8.92574607e-02 8.38247396e-03 8.60460957e-01 1.37468070e+00 8.94056665e-03 2.876115e+00 1.597610e+00 9.434106e+00 7.117213e+00 4.661152e-01 2.0141e-03 5.9435e-04 -2.8317e-06 0.03006 1.53701e-01 2.70043e-01 4.47317e-01 0.00000e+00
9.280634 2.30945636e-02 6.57377044e-02 8.88322681e-02 8.05780120e-03 8.57267469e-01 1.34787718e+00 8.82057859e-03 2.846458e+00 1.572295e+00 9.297595e+00 7.101377e+00 4.721793e-01 1.9959e-03 5.8776e-04 +9.9786e-09 0.03005 1.51926e-01 2.68119e-01 4.45956e-01 0.00000e+00
9.330530 2.31019522e-02 6.52154252e-02 8.83173774e-02 7.87575297e-03 8.54009314e-01 1.32211424e+00 8.70449424e-03 2.822940e+00 1.548126e+00 9.229159e+00 7.066278e+00 4.941009e-01 1.9779e-03 5.8194e-04 +1.1870e-05 0.03051 1.50430e-01 2.66582e-01 4.45035e-01 0.00000e+00
9.380426 2.30464362e-02 6.47338314e-02 8.77802676e-02 7.87606899e-03 8.51078473e-01 1.29700968e+00 8.59235262e-03 2.808843e+00 1.523960e+00 9.133438e+00 7.066902e+00 4.994525e-01 1.9610e-03 5.7452e-04 +1.7293e-05 0.03113 1.48751e-01 2.64762e-01 4.43764e-01 0.00000e+00
9.430322 2.31498704e-02 6.43186256e-02 8.74684960e-02 7.82667362e-03 8.48460457e-01 1.27231756e+00 8.48311209e-03 2.778358e+00 1.499560e+00 9.012699e+00 7.069635e+00 4.733749e-01 1.9444e-03 5.6523e-04 +1.0513e-05 0.03151 1.46705e-01 2.62366e-01 4.41743e-01 0.00000e+00
9.480218 2.31621742e-02 6.39299361e-02 8.70921104e-02 7.62960264e-03 8.45850971e-01 1.24837586e+00 8.37690733e-03 2.760101e+00 1.475882e+00 8.872241e+00 7.061413e+00 4.730617e-01 1.9288e-03 5.5561e-04 -1.6993e-08 0.03161 1.44555e-01 2.59771e-01 4.39401e-01 0.00000e+00
9.530114 2.31414787e-02 6.35140773e-02 8.66555561e-02 7.25636119e-03 8.43039374e-01 1.22571825e+00 8.27503048e-03 2.744599e+00 1.453928e+00 8.785451e+00 7.046044e+00 5.076305e-01 1.9163e-03 5.4692e-04 -2.9693e-06 0.03169 1.42669e-01 2.57526e-01 4.37451e-01 0.00000e+00
9.580010 2.31965566e-02 6.30575552e-02 8.62541118e-02 6.85572688e-03 8.39928963e-01 1.20452015e+00 8.17779646e-03 2.718402e+00 1.434074e+00 8.699782e+00 7.050304e+00 5.221704e-01 1.9079e-03 5.3949e-04 +6.1448e-06 0.03175 1.41164e-01 2.55813e-01 4.36126e-01 0.00000e+00
9.629905 2.31009709e-02 6.26054110e-02 8.57063819e-02 6.72041858e-03 8.36627650e-01 1.18424840e+00 8.08350419e-03 2.710077e+00 1.415502e+00 8.689934e+00 7.061284e+00 5.041803e-01 1.9018e-03 5.3199e-04 +1.6116e-05 0.03181 1.39675e-01 2.54084e-01 4.34719e-01 0.00000e+00
9.679801 2.31105963e-02 6.22131043e-02 8.53237006e-02 6.77506513e-03 8.33358542e-01 1.16443827e+00 7.99118725e-03 2.691973e+00 1.397284e+00 8.723615e+00 7.064175e+00 4.811277e-01 1.8966e-03 5.2313e-04 +1.4434e-05 0.03208 1.37866e-01 2.51818e-01 4.32551e-01 0.00000e+00
9.729697 2.31637926e-02 6.18780494e-02 8.50418421e-02 6.69503697e-03 8.30166146e-01 1.14529692e+00 7.90185225e-03 2.671326e+00 1.379600e+00 8.732750e+00 7.078591e+00 4.887903e-01 1.8929e-03 5.1325e-04 +4.2959e-06 0.03231 1.35878e-01 2.49214e-01 4.29860e-01 0.00000e+00
9.779593 2.30864893e-02 6.15423224e-02 8.46288116e-02 6.25209641e-03 8.26780443e-01 1.12721490e+00 7.81598136e-03 2.665729e+00 1.363379e+00 8.735789e+00 7.109569e+00 5.091862e-01 1.8928e-03 5.0380e-04 -3.2070e-06 0.03211 1.34015e-01 2.46735e-01 4.27243e-01 0.00000e+00
9.829489 2.31000835e-02 6.11595916e-02 8.42596751e-02 5.63261364e-03 8.22790543e-01 1.11035533e+00 7.73258351e-03 2.647592e+00 1.349499e+00 8.711238e+00 7.125490e+00 5.096687e-01 1.8972e-03 4.9613e-04 +8.4197e-07 0.03174 1.32463e-01 2.44688e-01 4.25111e-01 0.00000e+00
9.879385 2.30356071e-02 6.07537140e-02 8.37893211e-02 5.35717290e-03 8.18281181e-01 1.09446471e+00 7.65098358e-03 2.637383e+00 1.337517e+00 8.659381e+00 7.163509e+00 5.120315e-01 1.9060e-03 4.8961e-04 +1.2416e-05 0.03164 1.31105e-01 2.42898e-01 4.23234e-01 0.00000e+00
9.929281 2.29285656e-02 6.03928562e-02 8.33214219e-02 5.46710431e-03 8.13762041e-01 1.07900911e+00 7.57108461e-03 2.633957e+00 1.325952e+00 8.607933e+00 7.205378e+00 5.102806e-01 1.9180e-03 4.8222e-04 +1.6424e-05 0.03177 1.29597e-01 2.40813e-01 4.20880e-01 0.00000e+00
9.979177 2.29664020e-02 6.01010760e-02 8.30674780e-02 5.47486420e-03 8.09285008e-01 1.06379565e+00 7.49232265e-03 2.616913e+00 1.314488e+00 8.559568e+00 7.236968e+00 4.866670e-01 1.9323e-03 4.7379e-04 +9.0188e-06 0.03174 1.27870e-01 2.38313e-01 4.17865e-01 0.00000e+00
10.000121 2.29549515e-02 5.99890206e-02 8.29439721e-02 5.35990626e-03 8.07334916e-01 1.05752884e+00 7.45945503e-03 2.613337e+00 1.309901e+00 8.538015e+00 7.236970e+00 4.808837e-01 1.9392e-03 4.7021e-04 +4.4944e-06 0.03163 1.27124e-01 2.37213e-01 4.16498e-01 0.00000e+00
