# tg_mhd (CUDA FP64)  tgc_noslip_cond_n192_re250_drive0.2_bdrive0.2  N=192 L=192 Re=250 Pm=1 u0=0.05 nu_lat=1.215944e-02 eta_lat=1.215944e-02 tau_f=0.536478 tau_m=0.548638 dt=8.224065e-04 fw=profile
# t E_V E_M E_T H_C Omega_V Omega_M eps EM/EV OmM/OmV j_max w_max skew divb/j divb_wall/j mass_drift umax_lat fw1 fw2 fw4 tau_wall
0.000000 1.22405591e-01 1.25000000e-01 2.47405591e-01 3.80359633e-20 2.66941541e+01 1.49945900e+00 2.25548905e-01 1.021195e+00 5.617181e-02 3.463243e+00 9.118036e+01 -9.566938e-19 2.8424e-15 6.1549e-15 +0.0000e+00 0.04998 9.38889e-01 9.44353e-01 9.55503e-01 1.77452e-01
0.250012 1.14293673e-01 1.36479776e-01 2.50773449e-01 -1.97790613e-04 4.11541946e+00 1.79034214e+00 4.72460927e-02 1.194115e+00 4.350327e-01 4.150898e+00 2.185653e+01 9.796668e-02 9.1732e-04 3.8837e-03 -8.6719e-06 0.05128 6.22860e-01 6.85302e-01 7.37076e-01 3.46998e-02
0.500023 1.13391793e-01 1.47349586e-01 2.60741379e-01 -4.34755669e-04 3.20937259e+00 2.23486763e+00 4.35539217e-02 1.299473e+00 6.963566e-01 4.971660e+00 1.751812e+01 1.909285e-01 1.0463e-03 4.6534e-03 -1.8360e-05 0.05080 4.54295e-01 5.60499e-01 6.34775e-01 2.58530e-02
0.750035 1.13841462e-01 1.55824806e-01 2.69666268e-01 -5.03885335e-04 3.05674225e+00 2.81241998e+00 4.69532978e-02 1.368788e+00 9.200710e-01 5.656072e+00 1.676773e+01 3.175930e-01 1.1117e-03 5.0597e-03 -1.9480e-05 0.05203 3.44120e-01 4.59707e-01 5.58665e-01 2.23734e-02
1.000046 1.15662372e-01 1.60039787e-01 2.75702158e-01 6.88396732e-06 3.21497780e+00 3.54422874e+00 5.40736523e-02 1.383681e+00 1.102412e+00 7.143583e+00 1.717690e+01 4.164075e-01 1.2941e-03 5.3713e-03 -1.1337e-05 0.05234 2.64651e-01 3.75495e-01 4.94257e-01 2.07489e-02
1.250058 1.19024135e-01 1.58596968e-01 2.77621102e-01 1.51799840e-03 3.61100924e+00 4.43483345e+00 6.43667416e-02 1.332477e+00 1.228142e+00 1.043340e+01 1.989641e+01 4.242161e-01 1.8337e-03 5.5414e-03 -3.4035e-06 0.05171 2.07700e-01 3.08815e-01 4.37404e-01 1.98281e-02
1.500069 1.22897300e-01 1.52178743e-01 2.75076042e-01 4.18384154e-03 4.01091653e+00 5.48543777e+00 7.59708344e-02 1.238259e+00 1.367627e+00 1.478350e+01 2.048907e+01 4.546780e-01 3.0881e-03 5.4759e-03 -2.7862e-06 0.05106 1.59319e-01 2.49780e-01 3.89557e-01 1.84006e-02
1.750081 1.25653706e-01 1.42983189e-01 2.68636895e-01 7.85488034e-03 4.26971217e+00 6.55818742e+00 8.66231967e-02 1.137915e+00 1.535979e+00 2.018414e+01 1.976433e+01 4.016662e-01 4.7658e-03 5.3781e-03 -1.1013e-05 0.05693 1.22965e-01 2.02966e-01 3.84762e-01 1.68063e-02
2.000092 1.27055412e-01 1.32844380e-01 2.59899791e-01 1.22751850e-02 4.39006059e+00 6.94395316e+00 9.06721100e-02 1.045563e+00 1.581744e+00 2.152122e+01 1.722405e+01 3.426212e-01 6.1028e-03 5.5574e-03 -2.0959e-05 0.05820 1.02413e-01 1.76820e-01 4.09775e-01 1.53071e-02
2.250104 1.27860974e-01 1.23185713e-01 2.51046687e-01 1.69065164e-02 4.50137176e+00 6.50422309e+00 8.80447588e-02 9.634348e-01 1.444942e+00 2.001864e+01 1.549397e+01 3.017088e-01 6.0318e-03 5.8363e-03 -2.7277e-05 0.05726 9.51240e-02 1.68662e-01 4.13024e-01 1.45722e-02
2.500116 1.28431687e-01 1.14645036e-01 2.43076723e-01 2.13526507e-02 4.61610078e+00 5.93484054e+00 8.44075306e-02 8.926538e-01 1.285683e+00 1.729072e+01 1.519023e+01 2.215164e-01 4.8224e-03 5.9207e-03 -2.8229e-05 0.05904 9.22969e-02 1.72049e-01 3.96555e-01 1.42699e-02
2.750127 1.28421193e-01 1.07367397e-01 2.35788590e-01 2.55937563e-02 4.68545467e+00 5.60537224e+00 8.23266152e-02 8.360567e-01 1.196335e+00 1.477493e+01 1.424310e+01 1.391725e-01 3.8483e-03 6.4306e-03 -2.7705e-05 0.06010 9.36148e-02 1.80939e-01 3.85514e-01 1.45899e-02
3.000139 1.27374191e-01 1.01528392e-01 2.28902583e-01 2.96753702e-02 4.70646593e+00 5.39800754e+00 8.08357878e-02 7.970876e-01 1.146934e+00 1.262663e+01 1.427908e+01 1.032152e-01 3.7274e-03 7.8342e-03 -2.8402e-05 0.05991 1.01301e-01 1.94129e-01 3.91829e-01 1.54405e-02
3.250150 1.25157234e-01 9.72043825e-02 2.22361616e-01 3.34547962e-02 4.73928807e+00 5.19432659e+00 7.94689173e-02 7.766581e-01 1.096014e+00 1.210521e+01 1.614434e+01 1.661871e-01 3.7489e-03 8.9681e-03 -3.0666e-05 0.05826 1.12374e-01 2.08077e-01 4.02543e-01 1.63380e-02
3.500162 1.22082165e-01 9.39642264e-02 2.16046391e-01 3.66555946e-02 4.75792664e+00 5.01336838e+00 7.81703602e-02 7.696802e-01 1.053688e+00 1.155340e+01 1.681490e+01 2.699656e-01 3.7450e-03 9.2406e-03 -3.1905e-05 0.05585 1.23191e-01 2.18562e-01 4.16136e-01 1.73051e-02
3.750173 1.18710013e-01 9.11982671e-02 2.09908281e-01 3.89841480e-02 4.70895220e+00 4.84642532e+00 7.64430202e-02 7.682441e-01 1.029194e+00 1.216288e+01 1.667439e+01 3.460669e-01 3.5553e-03 8.8300e-03 -3.1206e-05 0.05358 1.35355e-01 2.35171e-01 4.44974e-01 1.86330e-02
4.000185 1.15420165e-01 8.84968271e-02 2.03916992e-01 4.04209740e-02 4.65972133e+00 4.68866329e+00 7.47870769e-02 7.667363e-01 1.006211e+00 1.269075e+01 1.881836e+01 4.096752e-01 3.5916e-03 9.2063e-03 -2.9382e-05 0.05129 1.52496e-01 2.62964e-01 4.72431e-01 1.98207e-02
4.250197 1.12189815e-01 8.56908230e-02 1.97880638e-01 4.13843549e-02 4.73644751e+00 4.48929222e+00 7.38059179e-02 7.638022e-01 9.478184e-01 1.335079e+01 2.111069e+01 4.631942e-01 3.7502e-03 1.1604e-02 -2.8681e-05 0.04788 1.80253e-01 2.90093e-01 4.98009e-01 2.07339e-02
4.500208 1.08915040e-01 8.28066594e-02 1.91721700e-01 4.24622242e-02 4.79456181e+00 4.27278183e+00 7.25387491e-02 7.602867e-01 8.911725e-01 1.279850e+01 2.267883e+01 4.572627e-01 3.6959e-03 1.0561e-02 -3.0325e-05 0.04353 1.98595e-01 3.07860e-01 5.14164e-01 2.13882e-02
4.750220 1.05854660e-01 7.97335854e-02 1.85588245e-01 4.37765557e-02 4.72151996e+00 4.13700696e+00 7.08682153e-02 7.532364e-01 8.762024e-01 1.143502e+01 2.251581e+01 4.088392e-01 3.6382e-03 9.3750e-03 -3.4078e-05 0.04298 2.03362e-01 3.15729e-01 5.25329e-01 2.15892e-02
5.000231 1.03368146e-01 7.62092686e-02 1.79577415e-01 4.51576703e-02 4.56030011e+00 4.04182103e+00 6.88169692e-02 7.372607e-01 8.863059e-01 1.057489e+01 2.129984e+01 3.501254e-01 3.4761e-03 9.0110e-03 -3.7982e-05 0.04502 2.00584e-01 3.17634e-01 5.34514e-01 2.11605e-02
5.250243 1.01599279e-01 7.22059273e-02 1.73805207e-01 4.65316038e-02 4.37031690e+00 3.89704725e+00 6.61389132e-02 7.106933e-01 8.917082e-01 1.221008e+01 1.981276e+01 2.551530e-01 3.4010e-03 8.8018e-03 -4.0738e-05 0.04741 1.95818e-01 3.18497e-01 5.40137e-01 2.05837e-02
5.500254 1.00479080e-01 6.80288077e-02 1.68507887e-01 4.79437667e-02 4.16093354e+00 3.67697860e+00 6.27032972e-02 6.770445e-01 8.836908e-01 1.200675e+01 1.845026e+01 1.651716e-01 3.4051e-03 8.6182e-03 -4.2135e-05 0.05160 1.90718e-01 3.19111e-01 5.38627e-01 1.98249e-02
5.750266 9.98192449e-02 6.41290277e-02 1.63948273e-01 4.93771420e-02 3.94303952e+00 3.42155432e+00 5.89167507e-02 6.424515e-01 8.677454e-01 1.054670e+01 1.940125e+01 1.475150e-01 3.4666e-03 8.6896e-03 -4.2803e-05 0.05382 1.84275e-01 3.16708e-01 5.27430e-01 1.88030e-02
6.000277 9.93848890e-02 6.09239962e-02 1.60308885e-01 5.07181720e-02 3.74317780e+00 3.16816572e+00 5.52907481e-02 6.130107e-01 8.463840e-01 8.709404e+00 1.937715e+01 1.547424e-01 3.5064e-03 8.8690e-03 -4.3041e-05 0.05293 1.75769e-01 3.09643e-01 5.09709e-01 1.73281e-02
6.250289 9.89218131e-02 5.87863031e-02 1.57708116e-01 5.18257263e-02 3.58237396e+00 2.97325491e+00 5.24450309e-02 5.942704e-01 8.299678e-01 7.877521e+00 1.818525e+01 1.320573e-01 3.4205e-03 9.1054e-03 -4.2972e-05 0.05453 1.68209e-01 2.97560e-01 4.92437e-01 1.58244e-02
6.500301 9.82725054e-02 5.79623964e-02 1.56234902e-01 5.26867462e-02 3.43115562e+00 2.85919141e+00 5.03227762e-02 5.898130e-01 8.333027e-01 7.482728e+00 1.643143e+01 9.335434e-02 3.2687e-03 9.5113e-03 -4.2525e-05 0.05625 1.56153e-01 2.78336e-01 4.77673e-01 1.42931e-02
6.750312 9.75032818e-02 5.84146721e-02 1.55917954e-01 5.34043614e-02 3.28947794e+00 2.80082856e+00 4.87224521e-02 5.991047e-01 8.514508e-01 7.195546e+00 1.479802e+01 6.172323e-02 3.1957e-03 9.9337e-03 -4.1985e-05 0.05794 1.39169e-01 2.58259e-01 4.63104e-01 1.28510e-02
7.000324 9.67580379e-02 5.99070156e-02 1.56665054e-01 5.40577083e-02 3.17386907e+00 2.77051967e+00 4.75551099e-02 6.191425e-01 8.729156e-01 7.161485e+00 1.355859e+01 6.459179e-02 3.2127e-03 1.0200e-02 -4.1744e-05 0.05897 1.25591e-01 2.44663e-01 4.49950e-01 1.18802e-02
7.250335 9.60496947e-02 6.22528488e-02 1.58302544e-01 5.46789533e-02 3.09095073e+00 2.74680946e+00 4.67020815e-02 6.481317e-01 8.886617e-01 7.115563e+00 1.245568e+01 9.583283e-02 3.3063e-03 1.0327e-02 -4.2246e-05 0.05870 1.21391e-01 2.38466e-01 4.40170e-01 1.17793e-02
7.500347 9.53644695e-02 6.52649275e-02 1.60629397e-01 5.53286204e-02 3.03948282e+00 2.70498092e+00 4.59557099e-02 6.843736e-01 8.899478e-01 6.661478e+00 1.121697e+01 1.195254e-01 3.3066e-03 1.0460e-02 -4.3557e-05 0.05717 1.26364e-01 2.37194e-01 4.32306e-01 1.24377e-02
7.750358 9.46844228e-02 6.87393351e-02 1.63423758e-01 5.60977423e-02 3.01665170e+00 2.63880190e+00 4.52436288e-02 7.259836e-01 8.747453e-01 7.372216e+00 1.046990e+01 1.656160e-01 3.2107e-03 1.0402e-02 -4.5436e-05 0.05515 1.37430e-01 2.39247e-01 4.24289e-01 1.35325e-02
8.000370 9.38433893e-02 7.25156698e-02 1.66359059e-01 5.70601794e-02 3.03000819e+00 2.62550859e+00 4.52441342e-02 7.727307e-01 8.665021e-01 7.202973e+00 1.199505e+01 2.634536e-01 2.9910e-03 1.0303e-02 -4.7467e-05 0.05340 1.51428e-01 2.45386e-01 4.22343e-01 1.48285e-02
8.250382 9.27513653e-02 7.61735950e-02 1.68924960e-01 5.81750283e-02 3.10413604e+00 2.73602967e+00 4.67213257e-02 8.212666e-01 8.814142e-01 1.079008e+01 1.288887e+01 3.671393e-01 3.0243e-03 1.0590e-02 -4.9407e-05 0.05204 1.66625e-01 2.61046e-01 4.35279e-01 1.62819e-02
8.500393 9.16352426e-02 7.90226184e-02 1.70657861e-01 5.93650577e-02 3.25138708e+00 2.89208571e+00 4.91477823e-02 8.623606e-01 8.894929e-01 1.274354e+01 1.746310e+01 4.347761e-01 3.3112e-03 1.0423e-02 -5.1301e-05 0.05002 1.82201e-01 2.91502e-01 4.54357e-01 1.75540e-02
8.750405 9.07679280e-02 8.05780715e-02 1.71346000e-01 6.06168308e-02 3.42970617e+00 3.01132977e+00 5.15282875e-02 8.877373e-01 8.780139e-01 1.349167e+01 2.009244e+01 4.463973e-01 3.3843e-03 1.1909e-02 -5.3192e-05 0.04776 1.98018e-01 3.17932e-01 4.67920e-01 1.81893e-02
9.000416 9.01630233e-02 8.08000487e-02 1.70963072e-01 6.19399013e-02 3.62356256e+00 3.05340411e+00 5.34157333e-02 8.961551e-01 8.426525e-01 1.335201e+01 2.058558e+01 4.330717e-01 3.2621e-03 1.2153e-02 -5.4675e-05 0.04745 2.08746e-01 3.29858e-01 4.73569e-01 1.84023e-02
9.250428 8.95322015e-02 8.00183651e-02 1.69550567e-01 6.32725618e-02 3.80275873e+00 3.05144066e+00 5.48335951e-02 8.937384e-01 8.024282e-01 1.266433e+01 2.063937e+01 4.025942e-01 3.0426e-03 1.1141e-02 -5.5798e-05 0.04714 2.10232e-01 3.28655e-01 4.73644e-01 1.84262e-02
9.500439 8.86156373e-02 7.85614386e-02 1.67177076e-01 6.44704885e-02 3.89714486e+00 3.06085373e+00 5.56639887e-02 8.865415e-01 7.854093e-01 1.123594e+01 1.938958e+01 3.304965e-01 2.8698e-03 1.0249e-02 -5.6861e-05 0.04672 2.03009e-01 3.18678e-01 4.68087e-01 1.81086e-02
9.750451 8.74166276e-02 7.65859536e-02 1.64002581e-01 6.54372114e-02 3.87614971e+00 3.09628125e+00 5.57794477e-02 8.761028e-01 7.988033e-01 9.979760e+00 1.797920e+01 2.281707e-01 2.8436e-03 1.0101e-02 -5.8110e-05 0.04631 1.90401e-01 3.04297e-01 4.56363e-01 1.73837e-02
10.000462 8.61192272e-02 7.41376289e-02 1.60256856e-01 6.60898721e-02 3.78310061e+00 3.13103303e+00 5.53130691e-02 8.608720e-01 8.276367e-01 9.387858e+00 1.813363e+01 1.564715e-01 2.9553e-03 1.0497e-02 -5.9637e-05 0.04595 1.77402e-01 2.89780e-01 4.42893e-01 1.64259e-02
10.250474 8.49605439e-02 7.12363224e-02 1.56196866e-01 6.63544748e-02 3.67611957e+00 3.11784253e+00 5.43516968e-02 8.384636e-01 8.481341e-01 1.177516e+01 1.782798e+01 1.435627e-01 3.1758e-03 1.0858e-02 -6.1429e-05 0.04551 1.67768e-01 2.78132e-01 4.31160e-01 1.55710e-02
10.500486 8.41391602e-02 6.79751225e-02 1.52114283e-01 6.61968977e-02 3.58218916e+00 3.02155262e+00 5.28299342e-02 8.078892e-01 8.434933e-01 1.205852e+01 1.724135e+01 1.619609e-01 3.3506e-03 1.1026e-02 -6.3380e-05 0.04496 1.62027e-01 2.69994e-01 4.22841e-01 1.49683e-02
10.750497 8.36509350e-02 6.46291821e-02 1.48280117e-01 6.55708390e-02 3.50059286e+00 2.88241008e+00 5.10640235e-02 7.726056e-01 8.234063e-01 1.044128e+01 1.639972e+01 1.653607e-01 3.2637e-03 1.1017e-02 -6.5326e-05 0.04458 1.58143e-01 2.63240e-01 4.16739e-01 1.45318e-02
11.000509 8.32224113e-02 6.15960167e-02 1.44818428e-01 6.44693988e-02 3.43548044e+00 2.76704434e+00 4.96201982e-02 7.401374e-01 8.054316e-01 7.146163e+00 1.538163e+01 1.618620e-01 3.0366e-03 1.0801e-02 -6.7108e-05 0.04443 1.53402e-01 2.54564e-01 4.08882e-01 1.41795e-02
11.250520 8.24272969e-02 5.93220392e-02 1.41749336e-01 6.29937164e-02 3.38595484e+00 2.68855205e+00 4.85960552e-02 7.196892e-01 7.940307e-01 7.605348e+00 1.427027e+01 1.725787e-01 2.9374e-03 1.0488e-02 -6.8662e-05 0.04441 1.47415e-01 2.44004e-01 3.99210e-01 1.38846e-02
11.500532 8.09323195e-02 5.81879182e-02 1.39120238e-01 6.13571071e-02 3.32073998e+00 2.64422881e+00 4.77197503e-02 7.189701e-01 7.962770e-01 8.124110e+00 1.313616e+01 1.895229e-01 2.8922e-03 1.0261e-02 -7.0003e-05 0.04456 1.41478e-01 2.34301e-01 3.90376e-01 1.36602e-02
11.750543 7.87096808e-02 5.83148600e-02 1.37024541e-01 5.98397017e-02 3.21553903e+00 2.64345575e+00 4.68719583e-02 7.408855e-01 8.220879e-01 8.370124e+00 1.195281e+01 2.017601e-01 2.8376e-03 1.0237e-02 -7.1156e-05 0.04473 1.36179e-01 2.26432e-01 3.82013e-01 1.34888e-02
12.000555 7.60307637e-02 5.94880697e-02 1.35518833e-01 5.86455257e-02 3.08458862e+00 2.68171461e+00 4.61304259e-02 7.824210e-01 8.693913e-01 8.309243e+00 1.122668e+01 1.954884e-01 2.7796e-03 1.0429e-02 -7.2119e-05 0.04496 1.31130e-01 2.18422e-01 3.71255e-01 1.33648e-02
12.250567 7.32470954e-02 6.13431067e-02 1.34590202e-01 5.78329194e-02 2.96335192e+00 2.73108129e+00 4.55554657e-02 8.374818e-01 9.216189e-01 8.122178e+00 1.122490e+01 1.680431e-01 2.6999e-03 1.0556e-02 -7.2911e-05 0.04529 1.26028e-01 2.08419e-01 3.56191e-01 1.33054e-02
12.500578 7.05879419e-02 6.35669640e-02 1.34154906e-01 5.73467333e-02 2.87402889e+00 2.77606408e+00 4.52007438e-02 9.005357e-01 9.659138e-01 7.996965e+00 1.093473e+01 1.553384e-01 2.6344e-03 1.0407e-02 -7.3621e-05 0.04522 1.20873e-01 1.96914e-01 3.38373e-01 1.33155e-02
12.750590 6.81600289e-02 6.59259193e-02 1.34085948e-01 5.71479389e-02 2.80922970e+00 2.82385061e+00 4.50646425e-02 9.672226e-01 1.005205e+00 8.503723e+00 1.050638e+01 1.675698e-01 2.6152e-03 1.0095e-02 -7.4374e-05 0.04421 1.16124e-01 1.86276e-01 3.19975e-01 1.33827e-02
13.000601 6.60783340e-02 6.81990007e-02 1.34277335e-01 5.72803673e-02 2.75585478e+00 2.87291114e+00 4.50301274e-02 1.032093e+00 1.042476e+00 9.496058e+00 9.887345e+00 1.686916e-01 2.6021e-03 9.8523e-03 -7.5265e-05 0.04240 1.13129e-01 1.79655e-01 3.08623e-01 1.34686e-02
13.250613 6.45315597e-02 7.01839625e-02 1.34715522e-01 5.77901999e-02 2.71819157e+00 2.89085817e+00 4.48723980e-02 1.087591e+00 1.063523e+00 1.038409e+01 9.049358e+00 1.529235e-01 2.6245e-03 9.9215e-03 -7.6307e-05 0.04103 1.13434e-01 1.78217e-01 3.07977e-01 1.36016e-02
13.500624 6.37183401e-02 7.17701172e-02 1.35488457e-01 5.87024506e-02 2.70283643e+00 2.84694323e+00 4.43982372e-02 1.126365e+00 1.053317e+00 1.066867e+01 8.796275e+00 1.297341e-01 2.7593e-03 1.0070e-02 -7.7456e-05 0.04043 1.15646e-01 1.81586e-01 3.13320e-01 1.37129e-02
13.750636 6.37200605e-02 7.29976236e-02 1.36717684e-01 6.00266855e-02 2.70274990e+00 2.74799522e+00 4.36059610e-02 1.145599e+00 1.016740e+00 1.001769e+01 1.015514e+01 1.072043e-01 2.8451e-03 9.5835e-03 -7.8620e-05 0.03905 1.16507e-01 1.85174e-01 3.19325e-01 1.36807e-02
14.000647 6.44300705e-02 7.40087944e-02 1.38438865e-01 6.16901307e-02 2.72140058e+00 2.63123072e+00 4.28210504e-02 1.148669e+00 9.668664e-01 8.393312e+00 9.692166e+00 1.042062e-01 2.8413e-03 9.1135e-03 -7.9635e-05 0.03740 1.15762e-01 1.85672e-01 3.24510e-01 1.35055e-02
14.250659 6.55710345e-02 7.49452777e-02 1.40516312e-01 6.35143052e-02 2.76803800e+00 2.54170748e+00 4.24779638e-02 1.142963e+00 9.182343e-01 7.013621e+00 9.543502e+00 1.385894e-01 2.8582e-03 8.9286e-03 -8.0390e-05 0.03625 1.14463e-01 1.84320e-01 3.29210e-01 1.32880e-02
14.500671 6.68062477e-02 7.58586265e-02 1.42664874e-01 6.52732384e-02 2.83458085e+00 2.52284794e+00 4.28594303e-02 1.135502e+00 8.900250e-01 8.180581e+00 1.032712e+01 1.760848e-01 3.0740e-03 9.0260e-03 -8.0891e-05 0.03656 1.12838e-01 1.81563e-01 3.30802e-01 1.30966e-02
14.750682 6.79300532e-02 7.66247194e-02 1.44554773e-01 6.67484534e-02 2.90148499e+00 2.58344069e+00 4.38794055e-02 1.127994e+00 8.903857e-01 9.545363e+00 1.068250e+01 1.810688e-01 3.4463e-03 9.2011e-03 -8.1210e-05 0.03957 1.10345e-01 1.76581e-01 3.26679e-01 1.29341e-02
15.000694 6.90262463e-02 7.69177863e-02 1.45944033e-01 6.77468839e-02 2.95715349e+00 2.68058160e+00 4.51018808e-02 1.114327e+00 9.064736e-01 9.838710e+00 1.206599e+01 1.814690e-01 3.5142e-03 9.2519e-03 -8.1445e-05 0.04170 1.07037e-01 1.69822e-01 3.17085e-01 1.26989e-02
15.250705 7.03704921e-02 7.63667398e-02 1.46737232e-01 6.81205036e-02 3.00468125e+00 2.74936266e+00 4.60323513e-02 1.085210e+00 9.150264e-01 8.984172e+00 1.337702e+01 1.938598e-01 3.3461e-03 9.1659e-03 -8.1694e-05 0.04060 1.03637e-01 1.62706e-01 3.04556e-01 1.23711e-02
15.500717 7.20901583e-02 7.48629799e-02 1.46953138e-01 6.78334597e-02 3.05793323e+00 2.74650314e+00 4.64354910e-02 1.038463e+00 8.981567e-01 9.502221e+00 1.441803e+01 2.229153e-01 3.2063e-03 9.0825e-03 -8.2027e-05 0.03870 1.00648e-01 1.56374e-01 2.92914e-01 1.20068e-02
15.750728 7.39009751e-02 7.27305752e-02 1.46631550e-01 6.69327100e-02 3.13742241e+00 2.69116840e+00 4.66287265e-02 9.841626e-01 8.577641e-01 9.414153e+00 1.524369e+01 2.891702e-01 2.9895e-03 8.8117e-03 -8.2497e-05 0.03950 9.78241e-02 1.50989e-01 2.84071e-01 1.16735e-02
16.000740 7.51384188e-02 7.06310956e-02 1.45769514e-01 6.54510785e-02 3.23537498e+00 2.65646069e+00 4.71346854e-02 9.400131e-01 8.210673e-01 8.363673e+00 1.568648e+01 3.784526e-01 2.6899e-03 8.2486e-03 -8.3147e-05 0.04400 9.49379e-02 1.46286e-01 2.79093e-01 1.14218e-02
16.250752 7.51239936e-02 6.92424919e-02 1.44366486e-01 6.34248384e-02 3.29202336e+00 2.72314554e+00 4.81213512e-02 9.217094e-01 8.271951e-01 7.166062e+00 1.563059e+01 4.595225e-01 2.4328e-03 7.8375e-03 -8.3986e-05 0.04541 9.15001e-02 1.41748e-01 2.77757e-01 1.12321e-02
16.500763 7.35976776e-02 6.89358661e-02 1.42533544e-01 6.09977141e-02 3.24227274e+00 2.91037498e+00 4.92211818e-02 9.366582e-01 8.976342e-01 8.306840e+00 1.490317e+01 4.964310e-01 2.3173e-03 7.8996e-03 -8.4973e-05 0.04403 8.69896e-02 1.36729e-01 2.80452e-01 1.10940e-02
16.750775 7.08041345e-02 6.96984626e-02 1.40502597e-01 5.84233461e-02 3.08527013e+00 3.17946276e+00 5.01178632e-02 9.843841e-01 1.030530e+00 8.564199e+00 1.344804e+01 4.427766e-01 2.3610e-03 7.9567e-03 -8.6028e-05 0.04242 8.15394e-02 1.30939e-01 2.85358e-01 1.10831e-02
17.000786 6.73034478e-02 7.12138632e-02 1.38517311e-01 5.59507195e-02 2.88368435e+00 3.46603770e+00 5.07977764e-02 1.058101e+00 1.201948e+00 8.290876e+00 1.217516e+01 3.306783e-01 2.2413e-03 7.6389e-03 -8.7072e-05 0.04174 7.59988e-02 1.25702e-01 2.89660e-01 1.12232e-02
17.250798 6.36838641e-02 7.30591248e-02 1.36742989e-01 5.37377008e-02 2.70621758e+00 3.70531693e+00 5.12922761e-02 1.147216e+00 1.369187e+00 8.361672e+00 1.133153e+01 2.189455e-01 2.2488e-03 7.2962e-03 -8.8055e-05 0.03988 7.16691e-02 1.22784e-01 2.93926e-01 1.13612e-02
17.500809 6.03247468e-02 7.49398916e-02 1.35264638e-01 5.18786751e-02 2.58142014e+00 3.85150810e+00 5.14634259e-02 1.242274e+00 1.492011e+00 8.406776e+00 9.996702e+00 1.581142e-01 2.3559e-03 7.4898e-03 -8.8952e-05 0.03812 6.99064e-02 1.23125e-01 2.99068e-01 1.15110e-02
17.750821 5.73895977e-02 7.67333434e-02 1.34122941e-01 5.04806235e-02 2.50088170e+00 3.90443482e+00 5.12425321e-02 1.337060e+00 1.561223e+00 8.264332e+00 9.781210e+00 1.537856e-01 2.4190e-03 8.1652e-03 -8.9769e-05 0.03868 7.06195e-02 1.25909e-01 3.05136e-01 1.16679e-02
18.000832 5.50041279e-02 7.83079815e-02 1.33312109e-01 4.96843199e-02 2.44845279e+00 3.90455111e+00 5.08240312e-02 1.423675e+00 1.594701e+00 8.088245e+00 9.963928e+00 1.855209e-01 2.3975e-03 8.7450e-03 -9.0534e-05 0.03963 7.24102e-02 1.29707e-01 3.11662e-01 1.17505e-02
18.250844 5.33531236e-02 7.94298892e-02 1.32783013e-01 4.96213755e-02 2.41744125e+00 3.88506361e+00 5.04200389e-02 1.488758e+00 1.607097e+00 1.062936e+01 9.503672e+00 2.343420e-01 2.3844e-03 8.8578e-03 -9.1266e-05 0.03869 7.43182e-02 1.33670e-01 3.17879e-01 1.17340e-02
18.500856 5.26204819e-02 7.98834563e-02 1.32503938e-01 5.03571175e-02 2.41158683e+00 3.83153602e+00 4.99449828e-02 1.518106e+00 1.588803e+00 1.341157e+01 9.699104e+00 2.935813e-01 2.4902e-03 8.5995e-03 -9.1953e-05 0.03755 7.64793e-02 1.37989e-01 3.23764e-01 1.16223e-02
18.750867 5.28873626e-02 7.96258655e-02 1.32513228e-01 5.18751824e-02 2.43977838e+00 3.70498389e+00 4.91580982e-02 1.505575e+00 1.518574e+00 1.594507e+01 1.038838e+01 3.613670e-01 2.7632e-03 8.2708e-03 -9.2566e-05 0.03712 7.94111e-02 1.43006e-01 3.29434e-01 1.14561e-02
19.000879 5.40587180e-02 7.88161775e-02 1.32874895e-01 5.40781012e-02 2.50301651e+00 3.50354490e+00 4.80524913e-02 1.457973e+00 1.399729e+00 1.687955e+01 1.062560e+01 4.180046e-01 3.1819e-03 8.0705e-03 -9.3088e-05 0.03922 8.32225e-02 1.47911e-01 3.34430e-01 1.13138e-02
19.250890 5.58466536e-02 7.77475619e-02 1.33594216e-01 5.67663452e-02 2.58727988e+00 3.27775226e+00 4.69202571e-02 1.392162e+00 1.266872e+00 1.455485e+01 1.056814e+01 4.347104e-01 3.3332e-03 7.9705e-03 -9.3538e-05 0.04102 8.81708e-02 1.51320e-01 3.37341e-01 1.12887e-02
19.500902 5.78859696e-02 7.66931868e-02 1.34579156e-01 5.96575562e-02 2.67726212e+00 3.08685398e+00 4.61129288e-02 1.324901e+00 1.152989e+00 1.130237e+01 1.213978e+01 4.159042e-01 3.1151e-03 8.8538e-03 -9.3954e-05 0.04214 9.43375e-02 1.53158e-01 3.36750e-01 1.14100e-02
19.750913 5.99233084e-02 7.57512843e-02 1.35674593e-01 6.24533611e-02 2.75634641e+00 2.94711717e+00 4.56277086e-02 1.264137e+00 1.069211e+00 9.364464e+00 1.444270e+01 3.632111e-01 2.9710e-03 1.0529e-02 -9.4357e-05 0.04227 9.96662e-02 1.53918e-01 3.32221e-01 1.15571e-02
20.000925 6.19090336e-02 7.48773082e-02 1.36786342e-01 6.48897447e-02 2.79463870e+00 2.82279669e+00 4.49394831e-02 1.209473e+00 1.010076e+00 7.759109e+00 1.692168e+01 2.806526e-01 2.9693e-03 1.1342e-02 -9.4745e-05 0.04160 1.01712e-01 1.53530e-01 3.24940e-01 1.15082e-02
20.250937 6.39411670e-02 7.39955108e-02 1.37936678e-01 6.67264959e-02 2.80295455e+00 2.68556956e+00 4.39081929e-02 1.157244e+00 9.581210e-01 6.870703e+00 1.845264e+01 2.199914e-01 2.9265e-03 1.1222e-02 -9.5106e-05 0.04269 1.00687e-01 1.52597e-01 3.17566e-01 1.12803e-02
20.500948 6.60271796e-02 7.30388711e-02 1.39066051e-01 6.78168953e-02 2.83266576e+00 2.57654871e+00 4.32737158e-02 1.106194e+00 9.095844e-01 6.634513e+00 1.845448e+01 2.509104e-01 2.6629e-03 1.0706e-02 -9.5442e-05 0.04245 9.81665e-02 1.51107e-01 3.09762e-01 1.10311e-02
20.750960 6.79191304e-02 7.20453577e-02 1.39964488e-01 6.81651998e-02 2.89057782e+00 2.53997602e+00 4.34444307e-02 1.060752e+00 8.787087e-01 7.075272e+00 1.746576e+01 3.143303e-01 2.4665e-03 1.0451e-02 -9.5789e-05 0.04253 9.51912e-02 1.48608e-01 3.00320e-01 1.08570e-02
21.000971 6.92055315e-02 7.12034124e-02 1.40408944e-01 6.78978273e-02 2.95528939e+00 2.59320084e+00 4.43879218e-02 1.028869e+00 8.774778e-01 7.328879e+00 1.579697e+01 3.469510e-01 2.3195e-03 1.0710e-02 -9.6206e-05 0.04266 9.17513e-02 1.44528e-01 2.88730e-01 1.08239e-02
21.250983 6.95569973e-02 7.06970111e-02 1.40254008e-01 6.72194536e-02 2.99935254e+00 2.73169393e+00 4.58483718e-02 1.016390e+00 9.107612e-01 7.532849e+00 1.356998e+01 3.483271e-01 2.2206e-03 1.1217e-02 -9.6727e-05 0.04246 8.81744e-02 1.39736e-01 2.78692e-01 1.09636e-02
21.500994 6.89479937e-02 7.05181777e-02 1.39466171e-01 6.63797939e-02 3.00195707e+00 2.94571461e+00 4.75813735e-02 1.022773e+00 9.812647e-01 7.393757e+00 1.098675e+01 3.346512e-01 2.1475e-03 1.1641e-02 -9.7339e-05 0.04114 8.54537e-02 1.35938e-01 2.76484e-01 1.11775e-02
21.751006 6.76887971e-02 7.04244753e-02 1.38113272e-01 6.56124892e-02 2.96498391e+00 3.20448747e+00 4.93557711e-02 1.040416e+00 1.080777e+00 7.825060e+00 8.951936e+00 3.087495e-01 2.1100e-03 1.1751e-02 -9.8003e-05 0.03969 8.44500e-02 1.34509e-01 2.88046e-01 1.13759e-02
22.001017 6.62423344e-02 7.01225586e-02 1.36364893e-01 6.50939146e-02 2.90493415e+00 3.44502814e+00 5.07996983e-02 1.058576e+00 1.185923e+00 8.604105e+00 9.364810e+00 2.791865e-01 2.2067e-03 1.1516e-02 -9.8685e-05 0.03819 8.50599e-02 1.36416e-01 3.10832e-01 1.14810e-02
22.251029 6.50066005e-02 6.94816860e-02 1.34488286e-01 6.49346042e-02 2.83265629e+00 3.60399701e+00 5.14932264e-02 1.068840e+00 1.272303e+00 9.270472e+00 1.005130e+01 2.595541e-01 2.4394e-03 1.0961e-02 -9.9369e-05 0.04008 8.64638e-02 1.42369e-01 3.34569e-01 1.14633e-02
22.501041 6.41895394e-02 6.86193634e-02 1.32808903e-01 6.51954178e-02 2.75251791e+00 3.64030845e+00 5.11426109e-02 1.069012e+00 1.322538e+00 9.899129e+00 1.070796e+01 2.533430e-01 2.7027e-03 1.0242e-02 -1.0004e-04 0.04211 8.82245e-02 1.51317e-01 3.51899e-01 1.13295e-02
22.751052 6.37874909e-02 6.78649978e-02 1.31652489e-01 6.59064700e-02 2.66779763e+00 3.54903409e+00 4.97346538e-02 1.063923e+00 1.330324e+00 9.817662e+00 1.163891e+01 2.537263e-01 2.9407e-03 9.7174e-03 -1.0065e-04 0.04302 9.02835e-02 1.60266e-01 3.60126e-01 1.11009e-02
23.001064 6.36452619e-02 6.76419356e-02 1.31287197e-01 6.70668079e-02 2.58162742e+00 3.36257243e+00 4.75535988e-02 1.062796e+00 1.302501e+00 9.259703e+00 1.246399e+01 2.552992e-01 3.1218e-03 9.4490e-03 -1.0116e-04 0.04398 9.20295e-02 1.65647e-01 3.58948e-01 1.07797e-02
23.251075 6.35692007e-02 6.83161510e-02 1.31885352e-01 6.86207833e-02 2.49543189e+00 3.14017602e+00 4.50848633e-02 1.074674e+00 1.258370e+00 8.404107e+00 1.305119e+01 2.569935e-01 3.2196e-03 9.1981e-03 -1.0158e-04 0.04501 9.21251e-02 1.64894e-01 3.49557e-01 1.03723e-02
23.501087 6.34528954e-02 7.00458460e-02 1.33498741e-01 7.04425692e-02 2.41180378e+00 2.95157578e+00 4.29070364e-02 1.103903e+00 1.223804e+00 8.159668e+00 1.320357e+01 2.588877e-01 3.2205e-03 8.7898e-03 -1.0193e-04 0.04525 8.97404e-02 1.58593e-01 3.34420e-01 9.90840e-03
23.751098 6.33706640e-02 7.26708681e-02 1.36041532e-01 7.23581357e-02 2.34399940e+00 2.84073971e+00 4.14779128e-02 1.146759e+00 1.211920e+00 9.098160e+00 1.277523e+01 2.612924e-01 3.1107e-03 8.2409e-03 -1.0224e-04 0.04482 8.57151e-02 1.49456e-01 3.17497e-01 9.53577e-03
24.001110 6.35786058e-02 7.57447734e-02 1.39323379e-01 7.41981772e-02 2.31247618e+00 2.79183884e+00 4.08345201e-02 1.191356e+00 1.207294e+00 9.955948e+00 1.197069e+01 2.658564e-01 2.9190e-03 7.6102e-03 -1.0256e-04 0.04397 8.17652e-02 1.40778e-01 3.03169e-01 9.45802e-03
24.251122 6.43801182e-02 7.87651310e-02 1.43145249e-01 7.58625894e-02 2.33341366e+00 2.75360162e+00 4.06961223e-02 1.223439e+00 1.180074e+00 9.861632e+00 1.120804e+01 2.729442e-01 2.7491e-03 7.0103e-03 -1.0290e-04 0.04278 7.95523e-02 1.36055e-01 2.96486e-01 9.65371e-03
24.501133 6.59179955e-02 8.14403725e-02 1.47358368e-01 7.73237208e-02 2.40933054e+00 2.69403281e+00 4.08269068e-02 1.235480e+00 1.118167e+00 8.964383e+00 1.069956e+01 2.686396e-01 2.6873e-03 6.7312e-03 -1.0327e-04 0.04331 8.03003e-02 1.36827e-01 2.96929e-01 1.00083e-02
24.751145 6.80874086e-02 8.37624145e-02 1.51849823e-01 7.85838002e-02 2.51956217e+00 2.62390716e+00 4.11477547e-02 1.230219e+00 1.041414e+00 7.571304e+00 1.005239e+01 2.356188e-01 2.7102e-03 7.0655e-03 -1.0369e-04 0.04374 8.40844e-02 1.41367e-01 2.99613e-01 1.04595e-02
25.001156 7.06827759e-02 8.58194312e-02 1.56502207e-01 7.96409913e-02 2.62976673e+00 2.58064152e+00 4.16832659e-02 1.214149e+00 9.813196e-01 6.287615e+00 9.184044e+00 1.732979e-01 2.7495e-03 7.6621e-03 -1.0412e-04 0.04427 8.96706e-02 1.46912e-01 3.01864e-01 1.10383e-02
25.251168 7.35862701e-02 8.75741822e-02 1.61160452e-01 8.04661415e-02 2.72528132e+00 2.59221449e+00 4.25399665e-02 1.190089e+00 9.511732e-01 6.364100e+00 8.686799e+00 1.088652e-01 2.7861e-03 8.0140e-03 -1.0454e-04 0.04525 9.55302e-02 1.52018e-01 3.04268e-01 1.16554e-02
25.501179 7.67827131e-02 8.88260774e-02 1.65608791e-01 8.10150902e-02 2.82595402e+00 2.66494416e+00 4.39271854e-02 1.156850e+00 9.430246e-01 7.088296e+00 9.142435e+00 7.366781e-02 2.7943e-03 8.1631e-03 -1.0490e-04 0.04709 1.00763e-01 1.56317e-01 3.07926e-01 1.22079e-02
25.751191 8.02299394e-02 8.93305159e-02 1.69560455e-01 8.12979783e-02 2.95238402e+00 2.80363322e+00 4.60481379e-02 1.113431e+00 9.496167e-01 7.858376e+00 1.007388e+01 7.720742e-02 2.6947e-03 8.3638e-03 -1.0518e-04 0.04985 1.05430e-01 1.60393e-01 3.13084e-01 1.27410e-02
26.001202 8.38063711e-02 8.89138851e-02 1.72720256e-01 8.14473903e-02 3.10752743e+00 2.97395403e+00 4.86518517e-02 1.060944e+00 9.570162e-01 8.496569e+00 1.164767e+01 1.055231e-01 2.5879e-03 8.6610e-03 -1.0542e-04 0.05249 1.11391e-01 1.67233e-01 3.23677e-01 1.34629e-02
26.251214 8.73757538e-02 8.75581016e-02 1.74933855e-01 8.17313653e-02 3.29167327e+00 3.08356211e+00 5.10018831e-02 1.002087e+00 9.367765e-01 8.707953e+00 1.384314e+01 1.331272e-01 2.5607e-03 8.9882e-03 -1.0568e-04 0.05403 1.21553e-01 1.80925e-01 3.46357e-01 1.43889e-02
26.501226 9.07150230e-02 8.55669168e-02 1.76281940e-01 8.25043538e-02 3.50467110e+00 3.04686795e+00 5.24123124e-02 9.432497e-01 8.693734e-01 8.194445e+00 1.640444e+01 1.537743e-01 2.6204e-03 9.2545e-03 -1.0601e-04 0.05440 1.37185e-01 2.01913e-01 3.70883e-01 1.55474e-02
26.751237 9.33856357e-02 8.36138924e-02 1.76999528e-01 8.39843837e-02 3.71168267e+00 2.89981871e+00 5.28920111e-02 8.953614e-01 7.812680e-01 7.250336e+00 1.837785e+01 1.596418e-01 2.7154e-03 9.3289e-03 -1.0649e-04 0.05351 1.55078e-01 2.26431e-01 3.85876e-01 1.67088e-02
27.001249 9.48957608e-02 8.23041263e-02 1.77199887e-01 8.60058837e-02 3.86118335e+00 2.77632365e+00 5.31000560e-02 8.673109e-01 7.190344e-01 6.472470e+00 1.869116e+01 1.400871e-01 2.7328e-03 9.2313e-03 -1.0721e-04 0.05182 1.68988e-01 2.47227e-01 3.98380e-01 1.74070e-02
27.251260 9.48928286e-02 8.19080882e-02 1.76800917e-01 8.81061955e-02 3.91539018e+00 2.76654124e+00 5.34554513e-02 8.631642e-01 7.065812e-01 6.458648e+00 1.747559e+01 9.919595e-02 2.7318e-03 9.6936e-03 -1.0826e-04 0.04991 1.74328e-01 2.54924e-01 4.07981e-01 1.73765e-02
27.501272 9.32686134e-02 8.24899468e-02 1.75758560e-01 8.98690242e-02 3.85512342e+00 2.87072609e+00 5.38067961e-02 8.844341e-01 7.446522e-01 6.518972e+00 1.630155e+01 8.157238e-02 2.7223e-03 9.2556e-03 -1.0972e-04 0.04930 1.67117e-01 2.53198e-01 4.09470e-01 1.66439e-02
27.751283 9.04352427e-02 8.37482187e-02 1.74183461e-01 9.11039289e-02 3.70981703e+00 3.03792632e+00 5.39819468e-02 9.260573e-01 8.188885e-01 6.821293e+00 1.501486e+01 1.255458e-01 2.6757e-03 8.3841e-03 -1.1153e-04 0.05004 1.51689e-01 2.45330e-01 4.03286e-01 1.54146e-02
28.001295 8.72477353e-02 8.50070361e-02 1.72254771e-01 9.17698604e-02 3.54678265e+00 3.19570156e+00 5.39398737e-02 9.743180e-01 9.010142e-01 7.797240e+00 1.366288e+01 1.949756e-01 2.5838e-03 7.8553e-03 -1.1334e-04 0.05069 1.36028e-01 2.34781e-01 3.94224e-01 1.40879e-02
28.251307 8.44435903e-02 8.57277684e-02 1.70171359e-01 9.19114413e-02 3.41206029e+00 3.29222495e+00 5.36342819e-02 1.015208e+00 9.648789e-01 8.004633e+00 1.235566e+01 2.304183e-01 2.5467e-03 7.4660e-03 -1.1490e-04 0.05093 1.25383e-01 2.25979e-01 3.86434e-01 1.32983e-02
28.501318 8.23939159e-02 8.57109134e-02 1.68104829e-01 9.15929559e-02 3.34050828e+00 3.32127997e+00 5.32943060e-02 1.040258e+00 9.942439e-01 7.755847e+00 1.156248e+01 2.211098e-01 2.5476e-03 7.1305e-03 -1.1616e-04 0.05054 1.22604e-01 2.22141e-01 3.82458e-01 1.32100e-02
28.751330 8.10153241e-02 8.50952316e-02 1.66110556e-01 9.08536229e-02 3.35225834e+00 3.30860585e+00 5.32869136e-02 1.050360e+00 9.869782e-01 7.978171e+00 1.222343e+01 1.985161e-01 2.5261e-03 7.0613e-03 -1.1719e-04 0.05117 1.28370e-01 2.24151e-01 3.83830e-01 1.37382e-02
29.001341 7.97059011e-02 8.44714692e-02 1.64177370e-01 8.97311767e-02 3.39354270e+00 3.28588907e+00 5.34354542e-02 1.059789e+00 9.682769e-01 8.522736e+00 1.367974e+01 1.872583e-01 2.5575e-03 7.3667e-03 -1.1812e-04 0.05249 1.39664e-01 2.30590e-01 3.89789e-01 1.44423e-02
29.251353 7.78325957e-02 8.45729137e-02 1.62405509e-01 8.83157143e-02 3.35980839e+00 3.27253467e+00 5.30587445e-02 1.086600e+00 9.740242e-01 9.081655e+00 1.492751e+01 1.927275e-01 2.6648e-03 7.6355e-03 -1.1906e-04 0.05159 1.50355e-01 2.38080e-01 3.95425e-01 1.50698e-02
29.501364 7.53268860e-02 8.57194760e-02 1.61046362e-01 8.67603376e-02 3.20662023e+00 3.27736808e+00 5.18719065e-02 1.137967e+00 1.022063e+00 8.903170e+00 1.491156e+01 1.977677e-01 2.6150e-03 7.6999e-03 -1.2005e-04 0.04833 1.55518e-01 2.42549e-01 3.95597e-01 1.54558e-02
29.751376 7.26711368e-02 8.76932636e-02 1.60364400e-01 8.52224046e-02 2.98296911e+00 3.29124453e+00 5.01937091e-02 1.206714e+00 1.103345e+00 8.346104e+00 1.369055e+01 1.668632e-01 2.4519e-03 7.8156e-03 -1.2106e-04 0.04518 1.54013e-01 2.41097e-01 3.89621e-01 1.54482e-02
30.001387 7.04383055e-02 9.01104182e-02 1.60548724e-01 8.38258978e-02 2.76483541e+00 3.28356613e+00 4.83872123e-02 1.279281e+00 1.187617e+00 7.672026e+00 1.321435e+01 9.271941e-02 2.3800e-03 8.1706e-03 -1.2208e-04 0.04238 1.47755e-01 2.33312e-01 3.80464e-01 1.50612e-02
30.251399 6.88301310e-02 9.28816949e-02 1.61711826e-01 8.26646433e-02 2.59408125e+00 3.23379927e+00 4.66230441e-02 1.349434e+00 1.246607e+00 7.010012e+00 1.254017e+01 1.540737e-02 2.3829e-03 8.6759e-03 -1.2312e-04 0.04120 1.39792e-01 2.21177e-01 3.70281e-01 1.44807e-02
30.501411 6.77493020e-02 9.61267875e-02 1.63876089e-01 8.18024778e-02 2.47825138e+00 3.16408374e+00 4.51386809e-02 1.418860e+00 1.276740e+00 7.439274e+00 1.162813e+01 -3.277025e-02 2.3330e-03 8.9459e-03 -1.2423e-04 0.04036 1.32396e-01 2.07561e-01 3.58615e-01 1.39657e-02
30.751422 6.71795521e-02 9.97372357e-02 1.66916788e-01 8.12693233e-02 2.43187508e+00 3.11039270e+00 4.43381422e-02 1.484637e+00 1.279010e+00 8.284045e+00 1.071670e+01 -4.629349e-02 2.2360e-03 8.8601e-03 -1.2538e-04 0.03918 1.26952e-01 1.96000e-01 3.47597e-01 1.37356e-02
31.001434 6.71607052e-02 1.03393501e-01 1.70554206e-01 8.10512683e-02 2.46780893e+00 3.08934990e+00 4.44572706e-02 1.539494e+00 1.251859e+00 8.736225e+00 1.018870e+01 -3.653995e-02 2.1956e-03 8.6391e-03 -1.2653e-04 0.03990 1.24907e-01 1.90441e-01 3.42141e-01 1.38128e-02
31.251445 6.76239481e-02 1.06812162e-01 1.74436110e-01 8.10945070e-02 2.56515557e+00 3.10368696e+00 4.53507402e-02 1.579502e+00 1.209941e+00 8.871372e+00 1.196468e+01 -2.041936e-02 2.3113e-03 8.2835e-03 -1.2758e-04 0.04105 1.26937e-01 1.91444e-01 3.44173e-01 1.40904e-02
31.501457 6.84796519e-02 1.09744858e-01 1.78224510e-01 8.13148393e-02 2.68936435e+00 3.14483847e+00 4.66736225e-02 1.602591e+00 1.169361e+00 8.854151e+00 1.199969e+01 -8.024790e-03 2.5819e-03 7.9528e-03 -1.2849e-04 0.04081 1.31918e-01 1.96465e-01 3.50485e-01 1.44844e-02
31.751468 6.96374127e-02 1.11959206e-01 1.81596619e-01 8.15577648e-02 2.82037034e+00 3.21251639e+00 4.82630939e-02 1.607745e+00 1.139041e+00 9.405427e+00 1.292717e+01 -1.140182e-02 2.7718e-03 7.8962e-03 -1.2929e-04 0.04216 1.38161e-01 2.02886e-01 3.57006e-01 1.49654e-02
32.001480 7.08826391e-02 1.13311169e-01 1.84193808e-01 8.15527170e-02 2.94711614e+00 3.31376856e+00 5.00870776e-02 1.598574e+00 1.124411e+00 1.064678e+01 1.466190e+01 -3.470208e-02 2.7410e-03 7.7763e-03 -1.3010e-04 0.04219 1.44902e-01 2.09376e-01 3.63698e-01 1.54806e-02
32.251491 7.18861228e-02 1.13750325e-01 1.85636447e-01 8.09433096e-02 3.05758646e+00 3.44654156e+00 5.20330242e-02 1.582368e+00 1.127210e+00 1.190038e+01 1.644565e+01 -6.159666e-02 2.6445e-03 7.5736e-03 -1.3103e-04 0.04083 1.52039e-01 2.15508e-01 3.72378e-01 1.59534e-02
32.501503 7.23995376e-02 1.13201514e-01 1.85601052e-01 7.93702732e-02 3.13636692e+00 3.59697225e+00 5.38667133e-02 1.563567e+00 1.146860e+00 1.246144e+01 1.804240e+01 -6.630838e-02 2.6416e-03 7.7175e-03 -1.3221e-04 0.03796 1.57993e-01 2.20885e-01 3.83634e-01 1.63212e-02
32.751515 7.23878483e-02 1.11532530e-01 1.83920379e-01 7.66157663e-02 3.16179474e+00 3.74592340e+00 5.52617451e-02 1.540763e+00 1.184746e+00 1.216551e+01 1.901529e+01 -4.143186e-02 2.6857e-03 8.0349e-03 -1.3370e-04 0.03683 1.58643e-01 2.24577e-01 3.96630e-01 1.64338e-02
33.001526 7.19731331e-02 1.08688852e-01 1.80661985e-01 7.27553105e-02 3.12115420e+00 3.87865141e+00 5.59984449e-02 1.510131e+00 1.242698e+00 1.140401e+01 1.894104e+01 -8.253449e-04 2.6383e-03 8.3133e-03 -1.3545e-04 0.03821 1.51769e-01 2.26309e-01 4.09404e-01 1.61048e-02
33.251538 7.13066454e-02 1.04806343e-01 1.76112989e-01 6.81297728e-02 3.03217497e+00 3.99458484e+00 5.62140785e-02 1.469798e+00 1.317399e+00 1.044837e+01 1.800607e+01 4.660891e-02 2.4798e-03 8.9767e-03 -1.3725e-04 0.03910 1.40780e-01 2.27360e-01 4.20221e-01 1.54110e-02
33.501549 7.05057106e-02 1.00185059e-01 1.70690770e-01 6.31578527e-02 2.93472013e+00 4.08866736e+00 5.61870999e-02 1.420950e+00 1.393205e+00 9.897751e+00 1.689304e+01 1.023295e-01 2.3214e-03 1.0010e-02 -1.3883e-04 0.03921 1.30981e-01 2.28249e-01 4.28053e-01 1.46186e-02
33.751561 6.96133301e-02 9.52696129e-02 1.64882943e-01 5.82153787e-02 2.85993098e+00 4.14111576e+00 5.60083739e-02 1.368554e+00 1.447978e+00 9.814694e+00 1.593321e+01 1.674199e-01 2.2658e-03 1.0757e-02 -1.4002e-04 0.03817 1.25300e-01 2.28796e-01 4.31581e-01 1.40253e-02
34.001572 6.85995707e-02 9.06109590e-02 1.59210530e-01 5.36351121e-02 2.80814953e+00 4.13735995e+00 5.55640759e-02 1.320868e+00 1.473340e+00 1.021876e+01 1.494651e+01 2.185549e-01 2.3236e-03 1.1099e-02 -1.4081e-04 0.03708 1.24187e-01 2.28681e-01 4.29873e-01 1.38663e-02
34.251584 6.74407287e-02 8.67047112e-02 1.54145440e-01 4.97118315e-02 2.76849546e+00 4.09476656e+00 5.49060962e-02 1.285643e+00 1.479058e+00 1.014535e+01 1.386402e+01 2.245773e-01 2.4633e-03 1.1333e-02 -1.4127e-04 0.03640 1.25683e-01 2.26617e-01 4.22488e-01 1.39796e-02
34.501596 6.61875022e-02 8.37928368e-02 1.49980339e-01 4.66730133e-02 2.73336517e+00 4.04892045e+00 5.42582850e-02 1.265992e+00 1.481295e+00 9.548722e+00 1.271111e+01 1.838777e-01 2.6152e-03 1.1677e-02 -1.4157e-04 0.03530 1.27366e-01 2.23113e-01 4.11928e-01 1.42073e-02
34.751607 6.49925851e-02 8.18764923e-02 1.46869077e-01 4.46894444e-02 2.70573274e+00 3.95809519e+00 5.33106235e-02 1.259782e+00 1.462855e+00 9.439007e+00 1.149587e+01 1.294296e-01 2.9746e-03 1.2003e-02 -1.4188e-04 0.03620 1.29797e-01 2.22348e-01 4.03715e-01 1.44559e-02
35.001619 6.40446164e-02 8.09066024e-02 1.44951219e-01 4.38543428e-02 2.70484443e+00 3.75626913e+00 5.16889085e-02 1.263285e+00 1.388719e+00 9.187522e+00 1.159378e+01 1.108329e-01 3.3799e-03 1.2070e-02 -1.4228e-04 0.03800 1.33819e-01 2.25180e-01 3.99172e-01 1.45846e-02
35.251630 6.34430670e-02 8.08958940e-02 1.44338961e-01 4.41225117e-02 2.72718385e+00 3.44963219e+00 4.94145283e-02 1.275094e+00 1.264906e+00 8.472834e+00 1.231836e+01 1.479304e-01 3.3474e-03 1.1884e-02 -1.4277e-04 0.04002 1.37469e-01 2.27330e-01 3.94784e-01 1.44612e-02
35.501642 6.31302463e-02 8.18700161e-02 1.45000262e-01 4.53269850e-02 2.73112550e+00 3.16914311e+00 4.72021489e-02 1.296843e+00 1.160380e+00 8.542469e+00 1.264851e+01 2.083249e-01 2.9036e-03 1.1568e-02 -1.4333e-04 0.04116 1.36063e-01 2.21935e-01 3.82162e-01 1.40213e-02
35.751653 6.29727356e-02 8.37012239e-02 1.46673959e-01 4.71857845e-02 2.69789795e+00 3.01716482e+00 4.57205021e-02 1.329166e+00 1.118339e+00 8.516772e+00 1.172978e+01 2.403105e-01 2.6963e-03 1.1249e-02 -1.4392e-04 0.04349 1.27486e-01 2.07148e-01 3.59662e-01 1.33399e-02
36.001665 6.28061869e-02 8.61910650e-02 1.48997252e-01 4.93385847e-02 2.65444374e+00 2.97857710e+00 4.50641667e-02 1.372334e+00 1.122110e+00 8.358338e+00 1.159767e+01 2.400370e-01 2.5661e-03 1.0921e-02 -1.4450e-04 0.04528 1.16017e-01 1.89408e-01 3.35992e-01 1.26030e-02
36.251676 6.24233925e-02 8.91704448e-02 1.51593837e-01 5.14812802e-02 2.64060021e+00 3.02810773e+00 4.53496635e-02 1.428478e+00 1.146750e+00 8.814493e+00 1.136875e+01 2.377962e-01 2.5795e-03 1.0471e-02 -1.4507e-04 0.04646 1.05862e-01 1.74108e-01 3.17532e-01 1.19720e-02
36.501688 6.16816370e-02 9.24115649e-02 1.54093202e-01 5.34118845e-02 2.66920602e+00 3.12960458e+00 4.63904848e-02 1.498202e+00 1.172485e+00 9.446923e+00 1.118597e+01 2.432818e-01 2.8359e-03 9.7624e-03 -1.4564e-04 0.04701 9.79421e-02 1.62353e-01 3.04875e-01 1.15580e-02
36.751700 6.06252544e-02 9.56306542e-02 1.56255909e-01 5.49785776e-02 2.70632470e+00 3.23449728e+00 4.75265758e-02 1.577406e+00 1.195162e+00 9.177630e+00 1.101266e+01 2.494446e-01 3.1011e-03 8.9650e-03 -1.4626e-04 0.04680 9.19947e-02 1.53565e-01 2.95801e-01 1.12724e-02
37.001711 5.94867263e-02 9.85398688e-02 1.58026595e-01 5.60571129e-02 2.71451093e+00 3.31797704e+00 4.82599037e-02 1.656502e+00 1.222311e+00 8.510523e+00 1.095502e+01 2.637991e-01 3.0142e-03 8.3713e-03 -1.4691e-04 0.04563 8.71345e-02 1.46304e-01 2.87364e-01 1.10583e-02
37.251723 5.85742889e-02 1.00851309e-01 1.59425598e-01 5.65759083e-02 2.69951006e+00 3.37906751e+00 4.86286206e-02 1.721768e+00 1.251734e+00 8.002381e+00 1.114428e+01 3.004313e-01 2.7681e-03 8.0247e-03 -1.4757e-04 0.04360 8.28068e-02 1.39556e-01 2.77950e-01 1.09097e-02
37.501734 5.80962177e-02 1.02324735e-01 1.60420953e-01 5.65099950e-02 2.70086005e+00 3.41827039e+00 4.89530435e-02 1.761298e+00 1.265623e+00 7.517813e+00 1.133400e+01 3.550112e-01 2.6517e-03 7.9074e-03 -1.4823e-04 0.04191 7.95810e-02 1.33389e-01 2.67278e-01 1.08195e-02
37.751746 5.79914205e-02 1.02915145e-01 1.60906566e-01 5.58670987e-02 2.74328501e+00 3.43968565e+00 4.94637652e-02 1.774662e+00 1.253856e+00 7.815565e+00 1.132442e+01 4.200621e-01 2.6193e-03 7.9057e-03 -1.4888e-04 0.04235 7.79453e-02 1.28072e-01 2.56617e-01 1.08972e-02
38.001757 5.79441385e-02 1.02825448e-01 1.60769587e-01 5.46919353e-02 2.80811568e+00 3.46433218e+00 5.01795829e-02 1.774562e+00 1.233686e+00 9.018544e+00 1.098929e+01 4.867916e-01 2.6689e-03 7.8747e-03 -1.4958e-04 0.04332 7.71276e-02 1.23567e-01 2.53106e-01 1.10555e-02
38.251769 5.76049989e-02 1.02371019e-01 1.59976018e-01 5.30708593e-02 2.83733525e+00 3.52586203e+00 5.09055783e-02 1.777120e+00 1.242667e+00 9.202956e+00 1.054766e+01 5.456038e-01 2.8191e-03 7.8754e-03 -1.5040e-04 0.04266 7.59285e-02 1.19854e-01 2.57657e-01 1.10953e-02
38.501781 5.68437045e-02 1.01768223e-01 1.58611928e-01 5.11668149e-02 2.78842777e+00 3.64009974e+00 5.14282201e-02 1.790317e+00 1.305431e+00 8.542979e+00 9.783299e+00 5.883134e-01 2.7553e-03 8.0383e-03 -1.5139e-04 0.04017 7.36925e-02 1.16943e-01 2.65689e-01 1.09383e-02
38.751792 5.58299770e-02 1.01006972e-01 1.56836949e-01 4.92334834e-02 2.67667720e+00 3.78527037e+00 5.16955806e-02 1.809189e+00 1.414168e+00 8.102345e+00 8.723225e+00 6.019589e-01 2.6306e-03 7.7871e-03 -1.5254e-04 0.03698 7.07604e-02 1.15839e-01 2.76991e-01 1.06366e-02
39.001804 5.49165761e-02 9.98973160e-02 1.54813892e-01 4.75320956e-02 2.55134993e+00 3.92254563e+00 5.17911645e-02 1.819074e+00 1.537439e+00 9.382425e+00 8.870522e+00 5.625898e-01 2.5630e-03 7.3902e-03 -1.5377e-04 0.03656 6.93089e-02 1.18442e-01 2.94129e-01 1.03684e-02
39.251815 5.43986042e-02 9.82767258e-02 1.52675330e-01 4.62581682e-02 2.45590684e+00 4.01599126e+00 5.17751847e-02 1.806604e+00 1.635238e+00 1.067066e+01 1.026144e+01 4.577647e-01 2.5657e-03 7.7541e-03 -1.5494e-04 0.03962 7.15188e-02 1.26799e-01 3.18194e-01 1.02878e-02
39.501827 5.43544367e-02 9.61690202e-02 1.50523457e-01 4.55317545e-02 2.41112321e+00 4.05259496e+00 5.17097454e-02 1.769295e+00 1.680791e+00 1.114866e+01 1.218457e+01 3.258312e-01 2.6047e-03 8.1241e-03 -1.5598e-04 0.04138 7.74748e-02 1.41283e-01 3.45968e-01 1.04441e-02
39.751838 5.46515339e-02 9.37573898e-02 1.48408924e-01 4.54049370e-02 2.41256306e+00 4.04996607e+00 5.17002330e-02 1.715549e+00 1.678699e+00 1.066861e+01 1.403259e+01 2.300482e-01 2.6400e-03 8.2399e-03 -1.5689e-04 0.04217 8.55267e-02 1.59166e-01 3.72546e-01 1.07634e-02
40.001850 5.50535262e-02 9.12810551e-02 1.46334581e-01 4.58577106e-02 2.43506855e+00 4.03161033e+00 5.17334310e-02 1.658042e+00 1.655646e+00 9.783819e+00 1.524236e+01 1.924154e-01 2.6373e-03 8.4051e-03 -1.5767e-04 0.04201 9.31042e-02 1.75450e-01 3.93304e-01 1.11015e-02
40.251861 5.53000420e-02 8.90104700e-02 1.44310512e-01 4.67947817e-02 2.45130598e+00 4.00845799e+00 5.16781118e-02 1.609591e+00 1.635234e+00 9.645415e+00 1.564386e+01 1.839101e-01 2.6074e-03 8.7297e-03 -1.5832e-04 0.04143 9.82378e-02 1.86716e-01 4.05496e-01 1.13196e-02
40.501873 5.51659980e-02 8.72361426e-02 1.42402141e-01 4.80701764e-02 2.44097348e+00 3.98008363e+00 5.13684568e-02 1.581339e+00 1.630531e+00 1.159482e+01 1.538410e+01 1.806537e-01 2.6240e-03 9.1333e-03 -1.5891e-04 0.04077 1.00484e-01 1.92164e-01 4.09940e-01 1.13707e-02
40.751885 5.46120398e-02 8.61281411e-02 1.40740181e-01 4.95300698e-02 2.40009652e+00 3.93166349e+00 5.06540801e-02 1.577091e+00 1.638127e+00 1.292453e+01 1.468450e+01 1.929394e-01 2.7519e-03 9.5347e-03 -1.5950e-04 0.04038 1.00041e-01 1.92016e-01 4.09643e-01 1.11815e-02
41.001896 5.39160675e-02 8.55700012e-02 1.39486069e-01 5.10595606e-02 2.35354081e+00 3.82699145e+00 4.94442580e-02 1.587096e+00 1.626057e+00 1.311759e+01 1.369837e+01 2.263026e-01 2.9601e-03 9.6604e-03 -1.6013e-04 0.04011 9.73889e-02 1.88447e-01 4.07127e-01 1.07362e-02
41.251908 5.35630589e-02 8.52346755e-02 1.38797734e-01 5.26147663e-02 2.33017926e+00 3.63703321e+00 4.77376998e-02 1.591296e+00 1.560838e+00 1.207750e+01 1.260989e+01 2.626144e-01 3.1045e-03 9.2348e-03 -1.6081e-04 0.04163 9.41589e-02 1.85983e-01 4.00861e-01 1.01112e-02
41.501919 5.39183691e-02 8.48871812e-02 1.38805550e-01 5.42091227e-02 2.33639539e+00 3.38592204e+00 4.57785394e-02 1.574365e+00 1.449208e+00 1.044909e+01 1.156355e+01 2.780882e-01 3.1260e-03 8.6662e-03 -1.6149e-04 0.04369 9.32757e-02 1.85885e-01 3.91900e-01 9.66302e-03
41.751931 5.50045340e-02 8.45423744e-02 1.39546908e-01 5.58477909e-02 2.36491978e+00 3.12856244e+00 4.39478577e-02 1.537007e+00 1.322904e+00 8.960431e+00 1.090873e+01 2.618612e-01 3.1088e-03 8.2376e-03 -1.6217e-04 0.04553 9.63032e-02 1.85064e-01 3.80277e-01 9.70121e-03
42.001942 5.65473282e-02 8.43973116e-02 1.40944640e-01 5.74943998e-02 2.40311113e+00 2.90805171e+00 4.24893027e-02 1.492508e+00 1.210120e+00 7.924522e+00 1.083882e+01 2.222492e-01 3.0983e-03 7.6038e-03 -1.6287e-04 0.04682 1.01509e-01 1.83857e-01 3.67704e-01 1.01766e-02
42.251954 5.82031696e-02 8.46558611e-02 1.42859031e-01 5.91195080e-02 2.43553007e+00 2.74343259e+00 4.14317013e-02 1.454489e+00 1.126421e+00 8.209787e+00 1.071077e+01 1.755610e-01 3.0513e-03 6.8553e-03 -1.6360e-04 0.04741 1.06915e-01 1.82893e-01 3.57806e-01 1.08598e-02
42.501966 5.97700661e-02 8.53839910e-02 1.45154057e-01 6.07302563e-02 2.44963793e+00 2.63974675e+00 4.07150774e-02 1.428541e+00 1.077607e+00 8.166108e+00 1.027689e+01 1.308340e-01 2.9327e-03 6.3453e-03 -1.6433e-04 0.04725 1.11815e-01 1.82481e-01 3.53329e-01 1.15299e-02
42.751977 6.12519841e-02 8.64726812e-02 1.47724665e-01 6.23537839e-02 2.43941500e+00 2.59858827e+00 4.03040261e-02 1.411753e+00 1.065251e+00 7.590562e+00 9.666834e+00 9.527042e-02 2.8265e-03 6.0499e-03 -1.6504e-04 0.04636 1.15939e-01 1.82704e-01 3.51922e-01 1.20657e-02
43.001989 6.27993965e-02 8.76933849e-02 1.50492781e-01 6.40245773e-02 2.41329663e+00 2.60161853e+00 4.01193213e-02 1.396405e+00 1.078035e+00 6.931942e+00 9.798789e+00 8.153930e-02 2.8390e-03 5.8410e-03 -1.6570e-04 0.04489 1.19243e-01 1.83782e-01 3.50556e-01 1.24701e-02
43.252000 6.45497093e-02 8.88489940e-02 1.53398703e-01 6.57821795e-02 2.38985784e+00 2.61312921e+00 4.00238964e-02 1.376443e+00 1.093425e+00 7.037650e+00 1.149663e+01 1.028335e-01 2.9523e-03 5.7052e-03 -1.6630e-04 0.04473 1.21958e-01 1.86086e-01 3.50706e-01 1.27275e-02
43.502012 6.64802773e-02 8.99020032e-02 1.56382281e-01 6.76561535e-02 2.38004459e+00 2.61160544e+00 3.99332003e-02 1.352311e+00 1.097293e+00 7.072949e+00 1.307081e+01 1.474416e-01 3.0460e-03 5.8487e-03 -1.6684e-04 0.04630 1.24505e-01 1.89782e-01 3.53361e-01 1.28390e-02
43.752023 6.84183820e-02 9.09327993e-02 1.59351181e-01 6.96401909e-02 2.38040612e+00 2.61264709e+00 3.99444257e-02 1.329070e+00 1.097564e+00 6.833418e+00 1.425350e+01 1.803294e-01 2.8601e-03 6.3125e-03 -1.6737e-04 0.04692 1.26791e-01 1.94264e-01 3.56040e-01 1.28440e-02
44.002035 7.01907644e-02 9.19508725e-02 1.62141637e-01 7.16943315e-02 2.39187306e+00 2.64434800e+00 4.02897685e-02 1.310014e+00 1.105555e+00 7.014231e+00 1.469556e+01 1.977065e-01 2.6051e-03 6.8208e-03 -1.6791e-04 0.04623 1.28060e-01 1.97584e-01 3.55555e-01 1.28148e-02
44.252046 7.17646152e-02 9.27637758e-02 1.64528391e-01 7.37596848e-02 2.43172282e+00 2.71106149e+00 4.11422745e-02 1.292612e+00 1.114873e+00 7.233271e+00 1.420826e+01 2.119840e-01 2.4720e-03 7.2362e-03 -1.6846e-04 0.04411 1.28168e-01 1.98577e-01 3.51011e-01 1.28068e-02
44.502058 7.31874681e-02 9.30798404e-02 1.66267308e-01 7.57857993e-02 2.51765505e+00 2.81003921e+00 4.26215541e-02 1.271800e+00 1.116134e+00 7.374099e+00 1.296891e+01 2.315213e-01 2.3157e-03 7.4948e-03 -1.6902e-04 0.04553 1.27881e-01 1.98052e-01 3.42893e-01 1.28216e-02
44.752070 7.43759365e-02 9.27687272e-02 1.67144664e-01 7.77524241e-02 2.64767005e+00 2.93453710e+00 4.46576573e-02 1.247295e+00 1.108347e+00 7.991400e+00 1.195349e+01 2.443296e-01 2.1777e-03 7.5220e-03 -1.6960e-04 0.04624 1.27824e-01 1.97164e-01 3.33732e-01 1.28930e-02
45.002081 7.51135584e-02 9.19449004e-02 1.67058459e-01 7.96248937e-02 2.79433084e+00 3.06418432e+00 4.68681213e-02 1.224079e+00 1.096572e+00 8.281235e+00 1.285988e+01 2.319405e-01 2.1055e-03 7.6089e-03 -1.7024e-04 0.04669 1.27638e-01 1.96699e-01 3.28670e-01 1.29691e-02
45.252093 7.52149260e-02 9.08775259e-02 1.66092452e-01 8.13441913e-02 2.91832034e+00 3.16487362e+00 4.86655516e-02 1.208238e+00 1.084485e+00 8.438944e+00 1.329601e+01 2.055864e-01 2.1161e-03 8.1934e-03 -1.7099e-04 0.04680 1.27191e-01 1.98700e-01 3.32386e-01 1.29471e-02
45.502104 7.45584024e-02 8.99633613e-02 1.64521764e-01 8.28716163e-02 2.98674628e+00 3.22558229e+00 4.96986286e-02 1.206616e+00 1.079965e+00 8.579273e+00 1.298279e+01 1.801241e-01 2.1930e-03 8.5011e-03 -1.7191e-04 0.04652 1.26187e-01 2.04253e-01 3.43456e-01 1.28152e-02
45.752116 7.31659097e-02 8.95428849e-02 1.62708795e-01 8.41968445e-02 2.97470251e+00 3.26656512e+00 4.99301411e-02 1.223833e+00 1.098115e+00 9.532668e+00 1.289328e+01 1.608626e-01 2.2834e-03 8.3705e-03 -1.7298e-04 0.04592 1.23580e-01 2.09942e-01 3.54452e-01 1.25051e-02
46.002127 7.12895713e-02 8.97200771e-02 1.61009648e-01 8.53442827e-02 2.88622104e+00 3.28764635e+00 4.93909391e-02 1.258530e+00 1.139083e+00 1.005935e+01 1.313570e+01 1.640220e-01 2.3619e-03 8.3388e-03 -1.7411e-04 0.04499 1.19630e-01 2.10163e-01 3.59281e-01 1.20092e-02
46.252139 6.92859502e-02 9.04667019e-02 1.59752652e-01 8.63628767e-02 2.74283086e+00 3.27524484e+00 4.81446056e-02 1.305701e+00 1.194111e+00 9.750850e+00 1.286825e+01 1.829602e-01 2.3766e-03 8.3455e-03 -1.7518e-04 0.04381 1.15009e-01 2.03071e-01 3.55893e-01 1.14166e-02
46.502151 6.75355278e-02 9.17061439e-02 1.59241672e-01 8.72960557e-02 2.56250307e+00 3.23694070e+00 4.63955502e-02 1.357895e+00 1.263195e+00 8.419850e+00 1.206565e+01 1.825475e-01 2.3390e-03 8.1112e-03 -1.7617e-04 0.04264 1.09082e-01 1.90410e-01 3.44690e-01 1.08092e-02
46.752162 6.64180346e-02 9.32842711e-02 1.59702306e-01 8.81802160e-02 2.37922171e+00 3.18885127e+00 4.45445839e-02 1.404502e+00 1.340292e+00 7.620853e+00 1.084386e+01 1.331366e-01 2.2970e-03 7.6722e-03 -1.7710e-04 0.04223 1.02461e-01 1.76334e-01 3.29242e-01 1.03423e-02
47.002174 6.61822331e-02 9.50475398e-02 1.61229773e-01 8.90463468e-02 2.23486119e+00 3.12783374e+00 4.29015595e-02 1.436149e+00 1.399565e+00 8.157424e+00 9.482550e+00 2.228802e-02 2.2530e-03 7.1776e-03 -1.7796e-04 0.04268 9.72114e-02 1.65154e-01 3.15843e-01 1.01267e-02
47.252185 6.68227910e-02 9.69798284e-02 1.63802619e-01 8.99208445e-02 2.15074072e+00 3.04840654e+00 4.15931781e-02 1.451299e+00 1.417375e+00 7.953154e+00 8.610216e+00 -1.185536e-01 2.1908e-03 6.7102e-03 -1.7873e-04 0.04299 9.44526e-02 1.59045e-01 3.08007e-01 1.01296e-02
47.502197 6.80848393e-02 9.92307822e-02 1.67315621e-01 9.08179140e-02 2.12190928e+00 2.96919833e+00 4.07288609e-02 1.457458e+00 1.399305e+00 7.819573e+00 8.341738e+00 -2.156783e-01 2.1081e-03 6.3817e-03 -1.7941e-04 0.04275 9.39209e-02 1.57992e-01 3.04957e-01 1.02816e-02
47.752208 6.95980234e-02 1.02009158e-01 1.71607181e-01 9.17101110e-02 2.13062402e+00 2.91587528e+00 4.03719944e-02 1.465690e+00 1.368555e+00 7.824403e+00 8.234066e+00 -2.496005e-01 2.0296e-03 6.2704e-03 -1.8001e-04 0.04293 9.52274e-02 1.61039e-01 3.05191e-01 1.05866e-02
48.002220 7.10546596e-02 1.05437544e-01 1.76492204e-01 9.25249154e-02 2.15779286e+00 2.90202647e+00 4.04785547e-02 1.483893e+00 1.344905e+00 7.864795e+00 8.068077e+00 -2.469087e-01 1.9564e-03 6.3690e-03 -1.8054e-04 0.04191 9.82984e-02 1.66885e-01 3.07901e-01 1.10739e-02
48.252231 7.23371195e-02 1.09444263e-01 1.81781382e-01 9.31852438e-02 2.18956338e+00 2.93150631e+00 4.09685576e-02 1.512975e+00 1.338854e+00 7.954785e+00 8.229218e+00 -2.236201e-01 1.8751e-03 6.6625e-03 -1.8104e-04 0.04218 1.02597e-01 1.73671e-01 3.11947e-01 1.16558e-02
48.502243 7.35228507e-02 1.13751974e-01 1.87274825e-01 9.36418266e-02 2.22474751e+00 3.00161354e+00 4.18108884e-02 1.547165e+00 1.349193e+00 8.065926e+00 8.696976e+00 -1.902065e-01 1.8368e-03 7.0520e-03 -1.8152e-04 0.04230 1.06810e-01 1.79452e-01 3.15752e-01 1.22350e-02
48.752255 7.47373948e-02 1.18015035e-01 1.92752430e-01 9.38774544e-02 2.27212715e+00 3.10496409e+00 4.30167299e-02 1.579063e+00 1.366545e+00 8.019827e+00 9.603587e+00 -1.498087e-01 1.8572e-03 7.3535e-03 -1.8202e-04 0.04424 1.09805e-01 1.82860e-01 3.16878e-01 1.27415e-02
49.002266 7.59738022e-02 1.22025267e-01 1.97999069e-01 9.39123605e-02 2.33115822e+00 3.24123680e+00 4.45791602e-02 1.606149e+00 1.390398e+00 7.826189e+00 1.040402e+01 -9.970262e-02 1.9136e-03 7.4386e-03 -1.8256e-04 0.04590 1.11462e-01 1.83256e-01 3.14293e-01 1.31460e-02
49.252278 7.70945901e-02 1.25750281e-01 2.02844871e-01 9.38135119e-02 2.38573945e+00 3.41644005e+00 4.64174360e-02 1.631117e+00 1.432026e+00 7.622781e+00 1.101334e+01 -3.808449e-02 2.0249e-03 7.3163e-03 -1.8312e-04 0.04630 1.11929e-01 1.80812e-01 3.11135e-01 1.34229e-02
49.502289 7.79732483e-02 1.29198249e-01 2.07171497e-01 9.37157260e-02 2.42122760e+00 3.61868758e+00 4.83193215e-02 1.656956e+00 1.494567e+00 8.092080e+00 1.129197e+01 2.717581e-02 2.1822e-03 7.1257e-03 -1.8370e-04 0.04562 1.11002e-01 1.75347e-01 3.13126e-01 1.35533e-02
49.752301 7.85653779e-02 1.32317014e-01 2.10882392e-01 9.38223187e-02 2.43758811e+00 3.81766808e+00 5.00420495e-02 1.684164e+00 1.566166e+00 8.972410e+00 1.108716e+01 8.528277e-02 2.3061e-03 6.9409e-03 -1.8430e-04 0.04450 1.08120e-01 1.67081e-01 3.18926e-01 1.35546e-02
49.999845 7.88711604e-02 1.34970961e-01 2.13842122e-01 9.43208889e-02 2.44710233e+00 3.99727236e+00 5.15549975e-02 1.711284e+00 1.633472e+00 9.434660e+00 1.032700e+01 1.306419e-01 2.3469e-03 6.7601e-03 -1.8496e-04 0.04412 1.03383e-01 1.60432e-01 3.25082e-01 1.34695e-02
