# tg_mhd (CUDA FP64)  tgc_slip_cond_n192_re250_drive0.4_bdrive0.4  N=192 L=192 Re=250 Pm=1 u0=0.05 nu_lat=1.215944e-02 eta_lat=1.215944e-02 tau_f=0.536478 tau_m=0.548638 dt=8.224065e-04 fw=profile
# t E_V E_M E_T H_C Omega_V Omega_M eps EM/EV OmM/OmV j_max w_max skew divb/j divb_wall/j mass_drift umax_lat fw1 fw2 fw4 tau_wall
0.000000 1.25019373e-01 1.25000000e-01 2.50019373e-01 -3.81293275e-20 3.75024330e-01 1.49945900e+00 1.49958666e-02 9.998450e-01 3.998298e+00 3.463243e+00 1.999775e+00 -8.316079e-19 2.8400e-15 6.1194e-15 +0.0000e+00 0.05000 8.08360e-02 1.63015e-01 3.30713e-01 0.00000e+00
0.250012 1.36522180e-01 1.52689816e-01 2.89211996e-01 6.96270638e-05 5.01137265e-01 1.99883932e+00 1.99998126e-02 1.118425e+00 3.988606e+00 4.223261e+00 2.387744e+00 1.066135e-01 5.8787e-04 8.8873e-05 -3.6780e-06 0.05281 6.17013e-02 1.23554e-01 2.55974e-01 0.00000e+00
0.500023 1.48919013e-01 1.81272813e-01 3.30191826e-01 2.65685963e-04 8.41853094e-01 2.68972244e+00 2.82526043e-02 1.217258e+00 3.195002e+00 5.283942e+00 3.495626e+00 1.745170e-01 7.5668e-04 4.0039e-04 -9.9117e-06 0.05395 4.81036e-02 9.70862e-02 2.41140e-01 0.00000e+00
0.750035 1.61910102e-01 2.06742179e-01 3.68652281e-01 8.14229638e-04 1.37504546e+00 3.62557800e+00 4.00049877e-02 1.276895e+00 2.636697e+00 6.833430e+00 4.699672e+00 2.937743e-01 8.3619e-04 1.1136e-03 -9.8829e-06 0.05800 4.03839e-02 8.52043e-02 2.42124e-01 0.00000e+00
1.000046 1.76324578e-01 2.25074309e-01 4.01398887e-01 2.39553775e-03 2.17276057e+00 4.97580713e+00 5.71885416e-02 1.276477e+00 2.290085e+00 9.091111e+00 6.870373e+00 3.795550e-01 1.2305e-03 2.7567e-03 -3.1605e-07 0.06335 3.70240e-02 8.55107e-02 2.47177e-01 0.00000e+00
1.250058 1.92833351e-01 2.33281302e-01 4.26114653e-01 5.69874573e-03 3.32346031e+00 6.89706277e+00 8.17641847e-02 1.209756e+00 2.075266e+00 1.569689e+01 1.125526e+01 3.919585e-01 2.5240e-03 5.5511e-03 +1.2946e-05 0.07073 3.92380e-02 9.82733e-02 2.53014e-01 0.00000e+00
1.500069 2.08401312e-01 2.33223164e-01 4.41624476e-01 1.10994760e-02 4.55568462e+00 9.60247273e+00 1.13265259e-01 1.119106e+00 2.107800e+00 2.333654e+01 1.702958e+01 3.801188e-01 4.7871e-03 8.7324e-03 +2.0435e-05 0.07276 4.35582e-02 1.01789e-01 2.95734e-01 0.00000e+00
1.750081 2.20962030e-01 2.27453515e-01 4.48415545e-01 1.87010234e-02 5.40653592e+00 1.23421897e+01 1.41989805e-01 1.029378e+00 2.282828e+00 3.036887e+01 1.515600e+01 2.950960e-01 6.5504e-03 1.1240e-02 +1.7050e-05 0.07233 3.99718e-02 1.02690e-01 3.56436e-01 0.00000e+00
2.000092 2.33389067e-01 2.15248509e-01 4.48637576e-01 2.73958372e-02 6.07647737e+00 1.31850329e+01 1.54092082e-01 9.222733e-01 2.169848e+00 3.156901e+01 1.495364e+01 2.878300e-01 6.4682e-03 1.0537e-02 +6.9951e-06 0.07146 4.02047e-02 1.71627e-01 3.87511e-01 0.00000e+00
2.250104 2.46431979e-01 1.98621326e-01 4.45053306e-01 3.57071286e-02 6.66537014e+00 1.31787692e+01 1.58753115e-01 8.059884e-01 1.977200e+00 3.138153e+01 1.409890e+01 2.149071e-01 5.1984e-03 1.4617e-02 -8.9531e-07 0.07228 7.52965e-02 2.21781e-01 4.04605e-01 0.00000e+00
2.500116 2.58216921e-01 1.81144160e-01 4.39361081e-01 4.29380309e-02 7.00967510e+00 1.27308143e+01 1.57923915e-01 7.015193e-01 1.816178e+00 2.840802e+01 1.530620e+01 1.073353e-01 5.1673e-03 1.6647e-02 +5.7750e-07 0.07662 9.41028e-02 2.19121e-01 3.99263e-01 0.00000e+00
2.750127 2.67528036e-01 1.66188463e-01 4.33716499e-01 4.85518627e-02 7.16630975e+00 1.15952948e+01 1.50092837e-01 6.212002e-01 1.618029e+00 2.036037e+01 1.517457e+01 1.016383e-01 5.2391e-03 1.4055e-02 +5.1089e-06 0.07481 8.12883e-02 1.92080e-01 3.71481e-01 0.00000e+00
3.000139 2.73681341e-01 1.55196889e-01 4.28878230e-01 5.30941369e-02 7.10378366e+00 1.06066990e+01 1.41683861e-01 5.670715e-01 1.493106e+00 1.574009e+01 1.668635e+01 2.174809e-01 5.9196e-03 1.2495e-02 +7.0506e-06 0.06972 7.45777e-02 1.78799e-01 3.54514e-01 0.00000e+00
3.250150 2.78454633e-01 1.46710826e-01 4.25165459e-01 5.77860088e-02 7.06676104e+00 9.52159845e+00 1.32706876e-01 5.268751e-01 1.347378e+00 1.797218e+01 1.909591e+01 3.528199e-01 5.8206e-03 1.2853e-02 +7.3817e-06 0.06779 7.13366e-02 1.72871e-01 3.57583e-01 0.00000e+00
3.500162 2.82270453e-01 1.40079362e-01 4.22349815e-01 6.34561248e-02 7.27994106e+00 8.63746549e+00 1.27339252e-01 4.962594e-01 1.186475e+00 1.894222e+01 2.106922e+01 4.663245e-01 5.9382e-03 1.3624e-02 +6.5203e-06 0.07281 6.88459e-02 1.74970e-01 3.62308e-01 0.00000e+00
3.750173 2.84293901e-01 1.34836454e-01 4.19130354e-01 6.97934101e-02 7.56387572e+00 8.20621431e+00 1.26160720e-01 4.742854e-01 1.084922e+00 1.678792e+01 1.977931e+01 4.433969e-01 6.3525e-03 1.4521e-02 +5.5242e-06 0.07573 7.29578e-02 1.78048e-01 3.68225e-01 0.00000e+00
4.000185 2.84275298e-01 1.30616544e-01 4.14891842e-01 7.57812651e-02 7.71974063e+00 8.49408716e+00 1.29710622e-01 4.594720e-01 1.100307e+00 1.818726e+01 2.325386e+01 3.907294e-01 6.0665e-03 1.2744e-02 +5.0809e-06 0.08205 8.00730e-02 1.91407e-01 3.92464e-01 0.00000e+00
4.250197 2.82273430e-01 1.26471368e-01 4.08744797e-01 8.06541484e-02 7.87495959e+00 9.51522251e+00 1.39121457e-01 4.480456e-01 1.208288e+00 1.981020e+01 1.785758e+01 3.376013e-01 7.5881e-03 1.6074e-02 +8.2384e-06 0.08847 9.39093e-02 2.20197e-01 4.25114e-01 0.00000e+00
4.500208 2.77991263e-01 1.22469690e-01 4.00460953e-01 8.55737602e-02 7.93902382e+00 1.04537195e+01 1.47141947e-01 4.405523e-01 1.316751e+00 1.606759e+01 1.322165e+01 3.167532e-01 6.9942e-03 1.4506e-02 +1.2864e-05 0.08321 9.58103e-02 2.26991e-01 4.40025e-01 0.00000e+00
4.750220 2.71991423e-01 1.18666959e-01 3.90658382e-01 9.05081703e-02 7.82095276e+00 1.11462979e+01 1.51738006e-01 4.362893e-01 1.425184e+00 2.029618e+01 1.245999e+01 3.321466e-01 7.1609e-03 1.4738e-02 +1.4023e-05 0.08959 9.89448e-02 2.42241e-01 4.51184e-01 0.00000e+00
5.000231 2.65893445e-01 1.15311564e-01 3.81205010e-01 9.46649982e-02 7.50168118e+00 1.09775716e+01 1.47834022e-01 4.336758e-01 1.463348e+00 2.463507e+01 1.216943e+01 3.524792e-01 7.1822e-03 1.4272e-02 +1.1167e-05 0.08210 1.14203e-01 2.60522e-01 4.58730e-01 0.00000e+00
5.250243 2.60966414e-01 1.14548295e-01 3.75514710e-01 9.69856441e-02 6.90885449e+00 1.00773099e+01 1.35889315e-01 4.389388e-01 1.458608e+00 2.067922e+01 1.183494e+01 3.662727e-01 6.4338e-03 1.1578e-02 +7.7208e-06 0.08122 1.10814e-01 2.57303e-01 4.48107e-01 0.00000e+00
5.500254 2.59589317e-01 1.15202773e-01 3.74792090e-01 9.74653280e-02 6.45608366e+00 9.18728579e+00 1.25146956e-01 4.437886e-01 1.423043e+00 2.036420e+01 1.138673e+01 3.508201e-01 5.8857e-03 1.3138e-02 +5.9972e-06 0.08342 1.06997e-01 2.49464e-01 4.30489e-01 0.00000e+00
5.750266 2.62612779e-01 1.15997597e-01 3.78610376e-01 9.74524985e-02 6.22121074e+00 8.30369583e+00 1.16199253e-01 4.417058e-01 1.334740e+00 1.653759e+01 1.263026e+01 3.038530e-01 5.0585e-03 1.0557e-02 +7.7717e-06 0.08498 9.46582e-02 2.28895e-01 4.14313e-01 0.00000e+00
6.000277 2.68444822e-01 1.17702642e-01 3.86147465e-01 9.77910545e-02 6.10705294e+00 7.55072783e+00 1.09262246e-01 4.384612e-01 1.236395e+00 1.435157e+01 1.315595e+01 2.777142e-01 4.8526e-03 9.1917e-03 +1.0970e-05 0.08497 8.28581e-02 2.02390e-01 3.89366e-01 0.00000e+00
6.250289 2.74686350e-01 1.21356943e-01 3.96043294e-01 9.85195003e-02 6.14346424e+00 7.05283322e+00 1.05570380e-01 4.418019e-01 1.148022e+00 1.438472e+01 1.433838e+01 2.755472e-01 4.6668e-03 9.2831e-03 +1.3181e-05 0.08293 6.92207e-02 1.74395e-01 3.53233e-01 0.00000e+00
6.500301 2.79146800e-01 1.27302915e-01 4.06449715e-01 9.97973248e-02 6.27660343e+00 6.99177952e+00 1.06147064e-01 4.560429e-01 1.113943e+00 1.554628e+01 1.459656e+01 3.944126e-01 4.5949e-03 1.1696e-02 +1.3708e-05 0.07931 6.53801e-02 1.60857e-01 3.32842e-01 0.00000e+00
6.750312 2.81029451e-01 1.34664880e-01 4.15694331e-01 1.01620711e-01 6.42439211e+00 7.04682121e+00 1.07769707e-01 4.791842e-01 1.096885e+00 1.608138e+01 1.389726e+01 5.057452e-01 4.1788e-03 1.0428e-02 +1.3541e-05 0.08555 6.69930e-02 1.61032e-01 3.29800e-01 0.00000e+00
7.000324 2.79506558e-01 1.42991155e-01 4.22497713e-01 1.03710977e-01 6.43403090e+00 7.48901900e+00 1.11384399e-01 5.115843e-01 1.163970e+00 1.624829e+01 1.300294e+01 4.009809e-01 3.9793e-03 1.0044e-02 +1.1398e-05 0.07922 7.16023e-02 1.67827e-01 3.41485e-01 0.00000e+00
7.250335 2.75268176e-01 1.50325470e-01 4.25593646e-01 1.05440317e-01 6.35999812e+00 8.34167602e+00 1.17613393e-01 5.461055e-01 1.311585e+00 1.876802e+01 1.196691e+01 3.201115e-01 4.2130e-03 9.9482e-03 +8.4637e-06 0.07134 7.73159e-02 1.77438e-01 3.61539e-01 0.00000e+00
7.500347 2.70972198e-01 1.53577601e-01 4.24549799e-01 1.05873020e-01 6.33347030e+00 9.10432267e+00 1.23502344e-01 5.667652e-01 1.437494e+00 2.349949e+01 1.105022e+01 2.820560e-01 5.1263e-03 9.1168e-03 +5.6498e-06 0.07018 8.38114e-02 2.06823e-01 3.96652e-01 0.00000e+00
7.750358 2.69087347e-01 1.51746647e-01 4.20833994e-01 1.05027186e-01 6.45205651e+00 9.45283150e+00 1.27239104e-01 5.639308e-01 1.465088e+00 2.177054e+01 1.122514e+01 2.545156e-01 5.0496e-03 8.0971e-03 +4.5138e-06 0.07162 1.10330e-01 2.51916e-01 4.33467e-01 0.00000e+00
8.000370 2.70654867e-01 1.46444411e-01 4.17099278e-01 1.04737660e-01 6.78873528e+00 9.60701741e+00 1.31166022e-01 5.410744e-01 1.415141e+00 2.622972e+01 1.275297e+01 2.631998e-01 4.6843e-03 7.8311e-03 +7.2372e-06 0.07011 1.14989e-01 2.49347e-01 4.29233e-01 0.00000e+00
8.250382 2.74691308e-01 1.39761852e-01 4.14453160e-01 1.06374878e-01 7.28013680e+00 9.86687879e+00 1.37176125e-01 5.087960e-01 1.355315e+00 2.489041e+01 1.382152e+01 3.273078e-01 5.6172e-03 8.9935e-03 +1.0100e-05 0.07496 1.01097e-01 2.28494e-01 4.06286e-01 0.00000e+00
8.500393 2.78835167e-01 1.35042199e-01 4.13877366e-01 1.09015051e-01 7.59210831e+00 9.52334439e+00 1.36923622e-01 4.843083e-01 1.254374e+00 2.359267e+01 1.535547e+01 4.532565e-01 6.4616e-03 1.0509e-02 +1.1439e-05 0.07946 9.14028e-02 2.15942e-01 3.81424e-01 0.00000e+00
8.750405 2.80634523e-01 1.35262350e-01 4.15896874e-01 1.11323677e-01 7.67138610e+00 8.97692749e+00 1.33186509e-01 4.819876e-01 1.170183e+00 2.076121e+01 1.364184e+01 5.134159e-01 5.8536e-03 1.1139e-02 +1.2217e-05 0.08024 8.04279e-02 1.92825e-01 3.40694e-01 0.00000e+00
9.000416 2.79580169e-01 1.40328437e-01 4.19908607e-01 1.13873858e-01 7.47873955e+00 8.59544251e+00 1.28593456e-01 5.019256e-01 1.149317e+00 1.555611e+01 1.368381e+01 4.921761e-01 5.1319e-03 1.1075e-02 +1.3045e-05 0.07565 7.43225e-02 1.65719e-01 3.04111e-01 0.00000e+00
9.250428 2.77004694e-01 1.47232687e-01 4.24237381e-01 1.15813686e-01 7.45455047e+00 8.64451603e+00 1.28792532e-01 5.315169e-01 1.159629e+00 1.930252e+01 1.362814e+01 4.813171e-01 4.9537e-03 1.0931e-02 +1.4976e-05 0.07345 6.77013e-02 1.50312e-01 3.00563e-01 0.00000e+00
9.500439 2.75407113e-01 1.51702738e-01 4.27109851e-01 1.15541463e-01 7.70224268e+00 8.54413684e+00 1.29971036e-01 5.508309e-01 1.109305e+00 1.914603e+01 1.404868e+01 4.521004e-01 4.9135e-03 1.2103e-02 +1.6648e-05 0.07746 6.49105e-02 1.43705e-01 3.00937e-01 0.00000e+00
9.750451 2.75439339e-01 1.53438693e-01 4.28878033e-01 1.13174878e-01 7.69303216e+00 8.66794177e+00 1.30887791e-01 5.570689e-01 1.126726e+00 2.102657e+01 1.318830e+01 2.332179e-01 5.1127e-03 9.5114e-03 +1.5117e-05 0.07810 6.63995e-02 1.42582e-01 3.00049e-01 0.00000e+00
10.000462 2.76621706e-01 1.51911348e-01 4.28533054e-01 1.08260844e-01 7.64729793e+00 9.14455567e+00 1.34334829e-01 5.491664e-01 1.195789e+00 2.281707e+01 1.394772e+01 1.706719e-01 5.3192e-03 1.0220e-02 +1.4324e-05 0.07644 8.60692e-02 1.64758e-01 3.12161e-01 0.00000e+00
10.250474 2.78109127e-01 1.47580614e-01 4.25689741e-01 1.00807480e-01 7.60569590e+00 9.23986711e+00 1.34764504e-01 5.306572e-01 1.214861e+00 2.110422e+01 1.514740e+01 2.350539e-01 5.2472e-03 1.0723e-02 +1.7126e-05 0.07477 8.59100e-02 1.66164e-01 3.08026e-01 0.00000e+00
10.500486 2.78440714e-01 1.42498998e-01 4.20939711e-01 9.19006244e-02 7.72925448e+00 9.25744259e+00 1.35893577e-01 5.117750e-01 1.197715e+00 2.137315e+01 1.381930e+01 3.521442e-01 4.8201e-03 8.4444e-03 +2.1457e-05 0.07113 7.28131e-02 1.57532e-01 3.03599e-01 0.00000e+00
10.750497 2.76526785e-01 1.37849118e-01 4.14375903e-01 8.32700543e-02 7.90733180e+00 9.68301326e+00 1.40722760e-01 4.985019e-01 1.224561e+00 3.700918e+01 1.385498e+01 3.805174e-01 4.4139e-03 6.2672e-03 +2.3737e-05 0.07022 6.91087e-02 1.59842e-01 3.14229e-01 0.00000e+00
11.000509 2.72574850e-01 1.34515845e-01 4.07090696e-01 7.64343476e-02 8.02041799e+00 9.58218896e+00 1.40820856e-01 4.935006e-01 1.194724e+00 3.894186e+01 1.297321e+01 3.578902e-01 5.1548e-03 7.2876e-03 +2.2579e-05 0.07197 6.85594e-02 1.58711e-01 3.11984e-01 0.00000e+00
11.250520 2.65094707e-01 1.36388909e-01 4.01483616e-01 7.13955417e-02 8.16501585e+00 8.78006345e+00 1.35560634e-01 5.144913e-01 1.075327e+00 2.546985e+01 1.311001e+01 3.941524e-01 5.5559e-03 9.6610e-03 +1.7663e-05 0.07619 5.72664e-02 1.36469e-01 2.81107e-01 0.00000e+00
11.500532 2.51812515e-01 1.45237285e-01 3.97049799e-01 6.90283681e-02 8.12967441e+00 9.03827383e+00 1.37343586e-01 5.767675e-01 1.111763e+00 2.720456e+01 1.270151e+01 3.847381e-01 4.8679e-03 8.1404e-03 +1.0399e-05 0.07495 5.25855e-02 1.34293e-01 2.83293e-01 0.00000e+00
11.750543 2.35186027e-01 1.56495478e-01 3.91681506e-01 7.04592481e-02 7.87794169e+00 9.97959663e+00 1.42860307e-01 6.654115e-01 1.266777e+00 3.721400e+01 1.459387e+01 3.316877e-01 5.5842e-03 8.3914e-03 +4.1606e-06 0.06852 6.24328e-02 1.55027e-01 3.25604e-01 0.00000e+00
12.000555 2.20774177e-01 1.64918122e-01 3.85692299e-01 7.50701544e-02 7.61015584e+00 1.04150244e+01 1.44201442e-01 7.469991e-01 1.368569e+00 4.472221e+01 1.760965e+01 3.020361e-01 7.3254e-03 1.0276e-02 +1.5010e-06 0.06439 6.85928e-02 1.72081e-01 3.58445e-01 0.00000e+00
12.250567 2.11245430e-01 1.69935792e-01 3.81181222e-01 8.13412241e-02 7.38726240e+00 1.04241618e+01 1.42491394e-01 8.044472e-01 1.411099e+00 3.143232e+01 1.909433e+01 2.825588e-01 7.6191e-03 1.0353e-02 +5.5378e-07 0.06449 7.23090e-02 1.85273e-01 3.75091e-01 0.00000e+00
12.500578 2.06892582e-01 1.71456517e-01 3.78349100e-01 8.76704232e-02 7.29114793e+00 1.09266731e+01 1.45742568e-01 8.287224e-01 1.498622e+00 2.789597e+01 2.015051e+01 3.413617e-01 6.7079e-03 9.9314e-03 +4.3852e-09 0.06167 9.40174e-02 2.20969e-01 4.08795e-01 0.00000e+00
12.750590 2.08059903e-01 1.68093086e-01 3.76152989e-01 9.26662174e-02 7.40368480e+00 1.08024488e+01 1.45649069e-01 8.079072e-01 1.459064e+00 2.605810e+01 2.096633e+01 4.013764e-01 7.5353e-03 1.1004e-02 +2.4471e-06 0.06190 1.08801e-01 2.41145e-01 4.30382e-01 0.00000e+00
13.000601 2.13407568e-01 1.61979455e-01 3.75387023e-01 9.48925605e-02 7.34170302e+00 9.67883002e+00 1.36164264e-01 7.590146e-01 1.318336e+00 1.965222e+01 1.451084e+01 3.061279e-01 7.1660e-03 1.1491e-02 +7.2198e-06 0.06320 9.53737e-02 2.18489e-01 4.04706e-01 0.00000e+00
13.250613 2.20632437e-01 1.54483012e-01 3.75115449e-01 9.38175660e-02 7.25234564e+00 9.10614285e+00 1.30867908e-01 7.001827e-01 1.255613e+00 1.598326e+01 1.356763e+01 2.007126e-01 6.0936e-03 1.2071e-02 +1.1780e-05 0.06400 8.50987e-02 1.92816e-01 3.66173e-01 0.00000e+00
13.500624 2.27091281e-01 1.45099137e-01 3.72190418e-01 9.10245981e-02 7.31967675e+00 8.79038386e+00 1.28880485e-01 6.389463e-01 1.200925e+00 1.794701e+01 1.180416e+01 3.299329e-01 5.6820e-03 1.0994e-02 +1.6468e-05 0.06542 7.90515e-02 1.68489e-01 3.42658e-01 0.00000e+00
13.750636 2.30933174e-01 1.36116368e-01 3.67049543e-01 8.74515081e-02 7.47006118e+00 8.02136225e+00 1.23931387e-01 5.894189e-01 1.073801e+00 2.243022e+01 1.157239e+01 4.137759e-01 4.9289e-03 8.5998e-03 +1.9222e-05 0.07062 5.83105e-02 1.42825e-01 3.15019e-01 0.00000e+00
14.000647 2.31166735e-01 1.30817725e-01 3.61984460e-01 8.27387769e-02 7.55379074e+00 7.37735227e+00 1.19449144e-01 5.659020e-01 9.766424e-01 1.789005e+01 1.249300e+01 4.014967e-01 4.9171e-03 1.0164e-02 +1.7757e-05 0.07099 5.00613e-02 1.35093e-01 3.13171e-01 0.00000e+00
14.250659 2.27367830e-01 1.30389044e-01 3.57756874e-01 7.70597446e-02 7.72180540e+00 7.61918610e+00 1.22727932e-01 5.734718e-01 9.867105e-01 1.770858e+01 1.318110e+01 3.182688e-01 4.6014e-03 1.0638e-02 +1.1752e-05 0.06797 7.63490e-02 1.80005e-01 3.34186e-01 0.00000e+00
14.500671 2.20430047e-01 1.32732869e-01 3.53162916e-01 7.17894898e-02 7.52198250e+00 8.54493792e+00 1.28535363e-01 6.021542e-01 1.135995e+00 1.927874e+01 1.228733e+01 3.491475e-01 4.7185e-03 1.0220e-02 +5.8191e-06 0.07274 1.07759e-01 2.11531e-01 3.54504e-01 0.00000e+00
14.750682 2.12039170e-01 1.36722329e-01 3.48761499e-01 6.90799163e-02 7.08109842e+00 9.23306687e+00 1.30513322e-01 6.447975e-01 1.303903e+00 2.916331e+01 1.129416e+01 4.345868e-01 5.1765e-03 9.6194e-03 +2.3420e-06 0.07221 1.09343e-01 2.12775e-01 3.64008e-01 0.00000e+00
15.000694 2.03126007e-01 1.42326345e-01 3.45452352e-01 6.99359403e-02 6.79413720e+00 9.35063079e+00 1.29158144e-01 7.006801e-01 1.376279e+00 3.244859e+01 1.109111e+01 4.516067e-01 5.7389e-03 9.2713e-03 +1.3356e-07 0.06931 1.00089e-01 2.02798e-01 3.69760e-01 0.00000e+00
15.250705 1.96692666e-01 1.47001268e-01 3.43693934e-01 7.41928952e-02 6.81883463e+00 9.31813994e+00 1.29095797e-01 7.473653e-01 1.366530e+00 2.954783e+01 1.121262e+01 4.343174e-01 6.1504e-03 9.3216e-03 -1.7419e-06 0.06486 9.33175e-02 1.96822e-01 3.89670e-01 0.00000e+00
15.500717 1.94077818e-01 1.48622390e-01 3.42700209e-01 8.07674356e-02 7.18904575e+00 9.06269192e+00 1.30013901e-01 7.657876e-01 1.260625e+00 2.528266e+01 1.459986e+01 4.317399e-01 7.1874e-03 8.7870e-03 -6.1208e-07 0.06287 7.82893e-02 1.84878e-01 3.99457e-01 0.00000e+00
15.750728 1.93460890e-01 1.48755940e-01 3.42216830e-01 8.72389745e-02 7.39614940e+00 8.95713354e+00 1.30826263e-01 7.689200e-01 1.211054e+00 1.869546e+01 1.318284e+01 3.734248e-01 5.9087e-03 8.7045e-03 +2.7925e-06 0.06433 6.39655e-02 1.69403e-01 4.08702e-01 0.00000e+00
16.000740 1.93654703e-01 1.47719611e-01 3.41374314e-01 9.05433990e-02 7.33278591e+00 9.22611767e+00 1.32471229e-01 7.627990e-01 1.258201e+00 1.644612e+01 1.415698e+01 3.009728e-01 5.1559e-03 8.7791e-03 +6.1906e-06 0.06589 5.70988e-02 1.69274e-01 3.84109e-01 0.00000e+00
16.250752 1.93740354e-01 1.45773948e-01 3.39514301e-01 8.95170328e-02 7.14847401e+00 9.36956423e+00 1.32144306e-01 7.524191e-01 1.310708e+00 1.802724e+01 1.557990e+01 2.999847e-01 4.9113e-03 9.3401e-03 +7.9492e-06 0.06512 6.51450e-02 1.74580e-01 3.64140e-01 0.00000e+00
16.500763 1.91660663e-01 1.43684905e-01 3.35345568e-01 8.50251568e-02 6.91684399e+00 9.71162775e+00 1.33027774e-01 7.496839e-01 1.404055e+00 1.659866e+01 1.341119e+01 3.147240e-01 5.0136e-03 1.1624e-02 +8.5733e-06 0.06468 8.27348e-02 1.87252e-01 3.70658e-01 0.00000e+00
16.750775 1.86631329e-01 1.41607211e-01 3.28238540e-01 7.92012035e-02 6.83409112e+00 9.75476734e+00 1.32710868e-01 7.587537e-01 1.427369e+00 1.926763e+01 1.184645e+01 3.249654e-01 5.2673e-03 1.2329e-02 +8.4129e-06 0.06091 9.06111e-02 1.94110e-01 3.85328e-01 0.00000e+00
17.000786 1.78538339e-01 1.41030217e-01 3.19568555e-01 7.34372507e-02 6.86206310e+00 9.36494378e+00 1.29816055e-01 7.899156e-01 1.364742e+00 2.076927e+01 1.095481e+01 3.047582e-01 4.9865e-03 1.1365e-02 +4.4054e-06 0.06650 9.06916e-02 2.06210e-01 3.99346e-01 0.00000e+00
17.250798 1.69339215e-01 1.41365553e-01 3.10704768e-01 6.88325874e-02 6.63684444e+00 9.48915948e+00 1.29008031e-01 8.348069e-01 1.429770e+00 1.742397e+01 1.106840e+01 2.680920e-01 4.0980e-03 1.1586e-02 -9.2330e-07 0.06850 1.05154e-01 2.45300e-01 4.29756e-01 0.00000e+00
17.500809 1.62679020e-01 1.39517510e-01 3.02196530e-01 6.59950269e-02 6.30202822e+00 9.76743574e+00 1.28555712e-01 8.576245e-01 1.549888e+00 1.954666e+01 1.204442e+01 2.308123e-01 4.0434e-03 1.2300e-02 -2.9029e-06 0.06751 1.18656e-01 2.75667e-01 4.55181e-01 0.00000e+00
17.750821 1.60526958e-01 1.33844187e-01 2.94371144e-01 6.52891849e-02 6.09968430e+00 9.67685251e+00 1.26212294e-01 8.337801e-01 1.586451e+00 1.898145e+01 1.332124e+01 2.579339e-01 4.1194e-03 1.1789e-02 -1.1639e-06 0.06512 1.22598e-01 2.73422e-01 4.56187e-01 0.00000e+00
18.000832 1.62309919e-01 1.25383301e-01 2.87693221e-01 6.63654663e-02 5.93383469e+00 9.08212321e+00 1.20127663e-01 7.724932e-01 1.530566e+00 1.865788e+01 1.340316e+01 3.018177e-01 4.2997e-03 1.1443e-02 +2.1592e-06 0.06266 1.11032e-01 2.41700e-01 4.24818e-01 0.00000e+00
18.250844 1.66096577e-01 1.16526787e-01 2.82623364e-01 6.85182817e-02 5.82979992e+00 8.14854044e+00 1.11826723e-01 7.015604e-01 1.397739e+00 1.745797e+01 1.303994e+01 3.534813e-01 4.2399e-03 1.0949e-02 +5.3545e-06 0.06215 8.97628e-02 2.01003e-01 3.77103e-01 0.00000e+00
18.500856 1.68807035e-01 1.10883845e-01 2.79690880e-01 7.11117896e-02 5.61814085e+00 7.33842910e+00 1.03652560e-01 6.568674e-01 1.306202e+00 1.543139e+01 1.208736e+01 3.908129e-01 4.4011e-03 1.0459e-02 +7.7650e-06 0.06351 7.17863e-02 1.69497e-01 3.35743e-01 0.00000e+00
18.750867 1.68544971e-01 1.10733727e-01 2.79278698e-01 7.39753762e-02 5.16245293e+00 6.98174053e+00 9.71535477e-02 6.569981e-01 1.352408e+00 1.447068e+01 1.127126e+01 3.759041e-01 4.4906e-03 9.9491e-03 +9.4339e-06 0.06157 6.49930e-02 1.55392e-01 3.17188e-01 0.00000e+00
19.000879 1.67649667e-01 1.14240025e-01 2.81889692e-01 7.68644265e-02 4.74206652e+00 6.80486217e+00 9.23754295e-02 6.814211e-01 1.434999e+00 1.216731e+01 1.122850e+01 3.714523e-01 4.1126e-03 9.5979e-03 +1.0902e-05 0.06088 6.54480e-02 1.51697e-01 3.19550e-01 0.00000e+00
19.250890 1.69111968e-01 1.18350252e-01 2.87462220e-01 7.94151851e-02 4.54519356e+00 6.71635704e+00 9.00924047e-02 6.998337e-01 1.477683e+00 1.288329e+01 1.106703e+01 3.598466e-01 3.9838e-03 8.4455e-03 +1.2112e-05 0.05577 5.93844e-02 1.44735e-01 3.15232e-01 0.00000e+00
19.500902 1.71673218e-01 1.23539313e-01 2.95212531e-01 8.12684617e-02 4.44370463e+00 6.91500849e+00 9.08697050e-02 7.196190e-01 1.556136e+00 1.466250e+01 1.147263e+01 3.188972e-01 4.1659e-03 8.1313e-03 +1.2728e-05 0.05872 5.42410e-02 1.39639e-01 3.09706e-01 0.00000e+00
19.750913 1.73529007e-01 1.31241047e-01 3.04770054e-01 8.22170620e-02 4.34052858e+00 7.11271524e+00 9.16259506e-02 7.563061e-01 1.638675e+00 1.506024e+01 1.148108e+01 2.524652e-01 4.0623e-03 9.1908e-03 +1.3224e-05 0.06423 5.16529e-02 1.37082e-01 3.06391e-01 0.00000e+00
20.000925 1.76291492e-01 1.40089361e-01 3.16380853e-01 8.23062648e-02 4.37487656e+00 7.32825036e+00 9.36250154e-02 7.946462e-01 1.675076e+00 1.444442e+01 1.203510e+01 1.972737e-01 3.4243e-03 8.6973e-03 +1.3767e-05 0.06453 5.20199e-02 1.40490e-01 3.06413e-01 0.00000e+00
20.250937 1.81135797e-01 1.47678288e-01 3.28814084e-01 8.16468506e-02 4.65184917e+00 7.70391617e+00 9.88461227e-02 8.152905e-01 1.656098e+00 1.450779e+01 1.284003e+01 1.959881e-01 2.9294e-03 8.2434e-03 +1.4387e-05 0.06062 5.48143e-02 1.46248e-01 2.98301e-01 0.00000e+00
20.500948 1.85799570e-01 1.54410920e-01 3.40210491e-01 8.06692143e-02 4.92909751e+00 8.37354788e+00 1.06421163e-01 8.310618e-01 1.698799e+00 1.468492e+01 1.344891e+01 2.285269e-01 2.7075e-03 8.4919e-03 +1.4869e-05 0.06223 5.69378e-02 1.51310e-01 2.92389e-01 0.00000e+00
20.750960 1.88986312e-01 1.60302642e-01 3.49288955e-01 8.03352766e-02 5.09671508e+00 9.30595661e+00 1.15221374e-01 8.482236e-01 1.825873e+00 1.817859e+01 1.283608e+01 1.989807e-01 2.9250e-03 8.9788e-03 +1.4848e-05 0.06412 6.12060e-02 1.61095e-01 3.01429e-01 0.00000e+00
21.000971 1.92452338e-01 1.63029634e-01 3.55481971e-01 8.13210192e-02 5.27044878e+00 9.78444737e+00 1.20439169e-01 8.471169e-01 1.856473e+00 2.050155e+01 1.188357e+01 1.001761e-01 3.1576e-03 1.0051e-02 +1.4636e-05 0.06483 6.90692e-02 1.72471e-01 3.07328e-01 0.00000e+00
21.250983 1.96729876e-01 1.62691896e-01 3.59421772e-01 8.35472554e-02 5.38302010e+00 9.54760957e+00 1.19445037e-01 8.269811e-01 1.773653e+00 1.879640e+01 1.060182e+01 5.396734e-02 3.4496e-03 1.0918e-02 +1.4656e-05 0.06407 7.09513e-02 1.62892e-01 2.92042e-01 0.00000e+00
21.500994 2.00081106e-01 1.62180212e-01 3.62261318e-01 8.67660058e-02 5.26555139e+00 9.08536687e+00 1.14807346e-01 8.105723e-01 1.725435e+00 1.658218e+01 1.025029e+01 9.344005e-02 3.6932e-03 1.1069e-02 +1.4553e-05 0.06113 6.04702e-02 1.32168e-01 2.66365e-01 0.00000e+00
21.751006 2.02132071e-01 1.62651703e-01 3.64783773e-01 9.08664109e-02 4.99565572e+00 8.69996551e+00 1.09564970e-01 8.046803e-01 1.741506e+00 1.744323e+01 9.493244e+00 8.099078e-02 3.6220e-03 1.0772e-02 +1.4363e-05 0.06075 4.41306e-02 1.01758e-01 2.48480e-01 0.00000e+00
22.001017 2.04278341e-01 1.63167837e-01 3.67446178e-01 9.50611012e-02 4.88384163e+00 8.48221409e+00 1.06928446e-01 7.987525e-01 1.736791e+00 1.703339e+01 8.596476e+00 2.571488e-02 3.1836e-03 9.3092e-03 +1.4414e-05 0.06128 3.36866e-02 9.48603e-02 2.48674e-01 0.00000e+00
22.251029 2.06793242e-01 1.63645509e-01 3.70438751e-01 9.84428971e-02 4.96659536e+00 8.47614381e+00 1.07541913e-01 7.913484e-01 1.706631e+00 1.487326e+01 9.027440e+00 -2.471859e-03 3.0527e-03 8.7061e-03 +1.4031e-05 0.06495 4.00395e-02 1.13513e-01 2.68069e-01 0.00000e+00
22.501041 2.07870728e-01 1.66416232e-01 3.74286960e-01 1.00800322e-01 5.00499999e+00 8.67517017e+00 1.09441361e-01 8.005756e-01 1.733301e+00 1.385812e+01 1.111851e+01 2.198294e-02 3.0531e-03 9.3540e-03 +1.2940e-05 0.06637 5.02189e-02 1.37768e-01 2.88405e-01 0.00000e+00
22.751052 2.07032910e-01 1.72343179e-01 3.79376089e-01 1.02462659e-01 4.90242188e+00 9.13476801e+00 1.12297519e-01 8.324434e-01 1.863317e+00 1.487962e+01 1.311247e+01 9.216418e-02 2.8053e-03 8.8848e-03 +1.1618e-05 0.06507 5.84838e-02 1.54020e-01 2.99458e-01 0.00000e+00
23.001064 2.06457664e-01 1.79202136e-01 3.85659799e-01 1.03682273e-01 4.81478846e+00 9.81905973e+00 1.17070785e-01 8.679849e-01 2.039354e+00 1.683360e+01 1.450937e+01 1.643321e-01 2.7675e-03 8.4088e-03 +1.0637e-05 0.06771 6.26746e-02 1.59648e-01 3.03029e-01 0.00000e+00
23.251075 2.07962612e-01 1.84545678e-01 3.92508289e-01 1.03979614e-01 4.89385227e+00 1.04346297e+01 1.22627856e-01 8.873983e-01 2.132191e+00 2.420052e+01 1.434412e+01 1.984514e-01 3.1181e-03 8.5557e-03 +1.0334e-05 0.07136 6.37647e-02 1.59483e-01 3.02638e-01 0.00000e+00
23.501087 2.10384815e-01 1.88951464e-01 3.99336279e-01 1.02971682e-01 5.04627308e+00 1.07083199e+01 1.26036744e-01 8.981231e-01 2.122025e+00 2.489267e+01 1.367799e+01 2.045446e-01 3.4881e-03 8.4066e-03 +1.0564e-05 0.07461 6.30379e-02 1.59267e-01 3.03373e-01 0.00000e+00
23.751098 2.11841756e-01 1.93675142e-01 4.05516899e-01 1.00826586e-01 5.17479086e+00 1.10082622e+01 1.29464424e-01 9.142444e-01 2.127286e+00 2.181822e+01 1.221046e+01 1.914325e-01 3.5125e-03 8.7317e-03 +1.0871e-05 0.07367 6.56465e-02 1.69978e-01 3.06292e-01 0.00000e+00
24.001110 2.12859564e-01 1.97296531e-01 4.10156095e-01 9.81490614e-02 5.33218245e+00 1.10711939e+01 1.31227011e-01 9.268859e-01 2.076297e+00 2.347759e+01 1.113959e+01 1.490541e-01 3.7086e-03 1.0346e-02 +1.1743e-05 0.06973 7.31681e-02 1.72608e-01 2.96984e-01 0.00000e+00
24.251122 2.13795993e-01 1.99803816e-01 4.13599809e-01 9.58592642e-02 5.47487236e+00 1.06780196e+01 1.29223135e-01 9.345536e-01 1.950369e+00 2.571574e+01 1.185243e+01 2.144074e-01 3.7640e-03 1.0439e-02 +1.2896e-05 0.06294 7.03741e-02 1.56255e-01 2.76634e-01 0.00000e+00
24.501133 2.14289848e-01 2.02409468e-01 4.16699316e-01 9.47554032e-02 5.46443434e+00 1.01409746e+01 1.24843272e-01 9.445593e-01 1.855814e+00 2.481086e+01 1.051550e+01 2.365768e-01 3.7559e-03 1.0350e-02 +1.2703e-05 0.05781 5.70718e-02 1.30139e-01 2.55428e-01 0.00000e+00
24.751145 2.15723870e-01 2.04057986e-01 4.19781856e-01 9.50508562e-02 5.22827685e+00 9.69611222e+00 1.19395113e-01 9.459221e-01 1.854552e+00 1.870429e+01 9.150356e+00 1.591007e-01 3.4340e-03 1.1270e-02 +1.1551e-05 0.05737 4.68371e-02 1.16983e-01 2.45604e-01 0.00000e+00
25.001156 2.18962543e-01 2.03180975e-01 4.22143518e-01 9.71179117e-02 4.97315795e+00 9.38634920e+00 1.14876057e-01 9.279257e-01 1.887402e+00 1.695168e+01 8.812431e+00 1.390578e-01 2.9908e-03 1.0568e-02 +1.0759e-05 0.05895 4.43650e-02 1.16475e-01 2.40276e-01 0.00000e+00
25.251168 2.23111289e-01 1.99611901e-01 4.22723189e-01 1.00340190e-01 4.90300211e+00 9.15510390e+00 1.12464848e-01 8.946741e-01 1.867245e+00 1.590405e+01 8.941105e+00 2.361014e-01 2.8463e-03 9.2128e-03 +1.0788e-05 0.06148 4.62473e-02 1.14238e-01 2.40612e-01 0.00000e+00
25.501179 2.26855266e-01 1.94034879e-01 4.20890146e-01 1.03498940e-01 5.06544886e+00 8.86456653e+00 1.11440123e-01 8.553246e-01 1.750006e+00 1.673911e+01 8.859988e+00 3.434229e-01 3.3153e-03 8.8324e-03 +1.1685e-05 0.06272 4.27176e-02 1.06186e-01 2.50837e-01 0.00000e+00
25.751191 2.29198907e-01 1.87591287e-01 4.16790194e-01 1.05544909e-01 5.32801127e+00 8.65843338e+00 1.11891557e-01 8.184650e-01 1.625078e+00 1.673349e+01 1.221584e+01 4.040368e-01 3.5642e-03 8.7687e-03 +1.1836e-05 0.06342 4.06970e-02 1.06828e-01 2.67207e-01 0.00000e+00
26.001202 2.30222894e-01 1.80703563e-01 4.10926457e-01 1.05982677e-01 5.55875775e+00 8.60008780e+00 1.13270764e-01 7.849070e-01 1.547124e+00 1.618998e+01 1.305565e+01 4.133092e-01 3.4789e-03 8.6717e-03 +1.0291e-05 0.06418 4.23627e-02 1.14754e-01 2.81523e-01 0.00000e+00
26.251214 2.30655809e-01 1.73644083e-01 4.04299892e-01 1.04959988e-01 5.74618058e+00 8.61871442e+00 1.14919160e-01 7.528277e-01 1.499903e+00 1.667143e+01 1.185597e+01 3.898537e-01 3.3621e-03 9.1104e-03 +8.3741e-06 0.06805 4.52842e-02 1.23156e-01 2.82882e-01 0.00000e+00
26.501226 2.30868233e-01 1.67668160e-01 3.98536392e-01 1.03023235e-01 5.90148236e+00 8.54856040e+00 1.15600342e-01 7.262505e-01 1.448545e+00 1.674245e+01 1.198576e+01 3.917028e-01 3.5639e-03 9.6458e-03 +8.2352e-06 0.06958 4.66965e-02 1.23672e-01 2.70587e-01 0.00000e+00
26.751237 2.30237907e-01 1.65296146e-01 3.95534053e-01 1.00608755e-01 6.01451535e+00 8.60794161e+00 1.16979656e-01 7.179363e-01 1.431195e+00 1.802753e+01 1.187160e+01 4.288481e-01 3.6620e-03 9.9526e-03 +9.8222e-06 0.06591 4.35656e-02 1.11975e-01 2.47514e-01 0.00000e+00
27.001249 2.27688802e-01 1.68424713e-01 3.96113515e-01 9.78373579e-02 6.03378218e+00 8.98331310e+00 1.20136762e-01 7.397145e-01 1.488836e+00 1.835849e+01 1.141477e+01 4.710935e-01 4.0195e-03 9.8989e-03 +1.1678e-05 0.06970 3.73440e-02 9.57602e-02 2.20268e-01 0.00000e+00
27.251260 2.23129901e-01 1.76774579e-01 3.99904480e-01 9.48986132e-02 6.04025127e+00 9.31432646e+00 1.22836622e-01 7.922496e-01 1.542043e+00 1.726933e+01 1.182667e+01 4.690849e-01 4.0399e-03 9.7308e-03 +1.2854e-05 0.07339 3.16455e-02 8.33695e-02 1.97689e-01 0.00000e+00
27.501272 2.16534588e-01 1.89318718e-01 4.05853306e-01 9.29832450e-02 5.85744061e+00 9.59563944e+00 1.23624640e-01 8.743117e-01 1.638197e+00 1.737045e+01 1.127848e+01 3.645018e-01 3.8050e-03 9.1363e-03 +1.3433e-05 0.07687 2.89959e-02 7.88435e-02 1.87175e-01 0.00000e+00
27.751283 2.09530804e-01 2.03150920e-01 4.12681723e-01 9.27579596e-02 5.51804883e+00 9.77544842e+00 1.22347978e-01 9.695516e-01 1.771541e+00 1.578994e+01 1.102949e+01 2.089017e-01 3.5707e-03 9.2223e-03 +1.3684e-05 0.07788 3.14539e-02 8.34769e-02 1.90151e-01 0.00000e+00
28.001295 2.05103917e-01 2.13689406e-01 4.18793323e-01 9.38061751e-02 5.32262638e+00 9.71840032e+00 1.20328214e-01 1.041859e+00 1.825866e+00 1.492853e+01 1.048242e+01 5.080865e-02 3.5177e-03 1.0730e-02 +1.3789e-05 0.07583 3.92685e-02 9.41867e-02 2.12539e-01 0.00000e+00
28.251307 2.03831215e-01 2.18699204e-01 4.22530420e-01 9.56788765e-02 5.29903475e+00 9.40852934e+00 1.17660513e-01 1.072943e+00 1.775518e+00 1.446360e+01 1.042352e+01 -5.277744e-02 3.4878e-03 9.5384e-03 +1.3916e-05 0.07175 4.65200e-02 1.07377e-01 2.38350e-01 0.00000e+00
28.501318 2.03491730e-01 2.19263567e-01 4.22755297e-01 9.81568791e-02 5.34077607e+00 9.16420245e+00 1.16039828e-01 1.077506e+00 1.715893e+00 1.412615e+01 1.061532e+01 -6.525657e-02 3.5991e-03 8.4918e-03 +1.3754e-05 0.06746 5.38539e-02 1.18077e-01 2.59279e-01 0.00000e+00
28.751330 2.02536910e-01 2.16854742e-01 4.19391652e-01 1.00670340e-01 5.41756380e+00 9.00605727e+00 1.15388969e-01 1.070692e+00 1.662381e+00 1.794226e+01 1.048475e+01 -2.508890e-03 3.7736e-03 7.4532e-03 +1.2870e-05 0.06459 5.47828e-02 1.19289e-01 2.81159e-01 0.00000e+00
29.001341 2.00610082e-01 2.13214921e-01 4.13825004e-01 1.02415501e-01 5.58287130e+00 8.94591255e+00 1.16230271e-01 1.062833e+00 1.602386e+00 1.843789e+01 1.045220e+01 1.029674e-01 3.7225e-03 7.4972e-03 +1.0285e-05 0.06362 5.22529e-02 1.24186e-01 3.00009e-01 0.00000e+00
29.251353 1.98024050e-01 2.09535984e-01 4.07560034e-01 1.02690401e-01 5.90934840e+00 8.86257889e+00 1.18175418e-01 1.058134e+00 1.499756e+00 1.843575e+01 1.154819e+01 2.028015e-01 4.1294e-03 7.6427e-03 +6.8752e-06 0.06590 5.46206e-02 1.37614e-01 3.16226e-01 0.00000e+00
29.501364 1.95258453e-01 2.07154210e-01 4.02412664e-01 1.01062370e-01 6.40483532e+00 8.52969873e+00 1.19476272e-01 1.060923e+00 1.331759e+00 1.930940e+01 1.242092e+01 2.464041e-01 3.5894e-03 8.2644e-03 +5.2952e-06 0.07201 5.51458e-02 1.43554e-01 3.19983e-01 0.00000e+00
29.751376 1.91879845e-01 2.07484626e-01 3.99364471e-01 9.75959874e-02 6.71650579e+00 8.89581465e+00 1.24898564e-01 1.081326e+00 1.324471e+00 2.328750e+01 1.309841e+01 2.597750e-01 3.2150e-03 7.7668e-03 +5.9270e-06 0.07640 5.60983e-02 1.48149e-01 3.23931e-01 0.00000e+00
30.001387 1.87994904e-01 2.10097739e-01 3.98092642e-01 9.30193547e-02 6.65236621e+00 1.01491359e+01 1.34412017e-01 1.117571e+00 1.525643e+00 2.888782e+01 1.351086e+01 3.463051e-01 3.3424e-03 8.0164e-03 +7.3134e-06 0.07979 5.21252e-02 1.39622e-01 3.12584e-01 0.00000e+00
30.251399 1.84248400e-01 2.13907802e-01 3.98156202e-01 8.80248219e-02 6.43241811e+00 1.16459741e+01 1.44627138e-01 1.160975e+00 1.810513e+00 3.213599e+01 1.514061e+01 4.490944e-01 3.6450e-03 9.0570e-03 +8.6701e-06 0.07813 4.56421e-02 1.22927e-01 2.81453e-01 0.00000e+00
30.501411 1.79529489e-01 2.19652713e-01 3.99182202e-01 8.27844172e-02 6.20367387e+00 1.25605675e+01 1.50113931e-01 1.223491e+00 2.024698e+00 3.104534e+01 1.479743e+01 4.389213e-01 4.3547e-03 9.9050e-03 +1.0180e-05 0.06883 3.98682e-02 1.08109e-01 2.48475e-01 0.00000e+00
30.751422 1.73781977e-01 2.28045165e-01 4.01827142e-01 7.78135074e-02 5.74236587e+00 1.23215074e+01 1.44510987e-01 1.312249e+00 2.145720e+00 2.622977e+01 1.447398e+01 3.245726e-01 4.5587e-03 9.4435e-03 +1.1981e-05 0.06725 3.84137e-02 1.03088e-01 2.32089e-01 0.00000e+00
31.001434 1.68610949e-01 2.38089021e-01 4.06699970e-01 7.42994908e-02 5.06694538e+00 1.15426478e+01 1.32876746e-01 1.412061e+00 2.278029e+00 2.418868e+01 1.339759e+01 1.983872e-01 4.0019e-03 8.3668e-03 +1.3666e-05 0.06620 3.99834e-02 1.05838e-01 2.27371e-01 0.00000e+00
31.251445 1.64968372e-01 2.47034263e-01 4.12002635e-01 7.27229129e-02 4.59621613e+00 1.09960333e+01 1.24737996e-01 1.497464e+00 2.392410e+00 2.263749e+01 1.170809e+01 1.580704e-01 3.5731e-03 7.6139e-03 +1.4920e-05 0.06177 4.32498e-02 1.10078e-01 2.23670e-01 0.00000e+00
31.501457 1.63046798e-01 2.52045550e-01 4.15092348e-01 7.25719226e-02 4.39793821e+00 1.05552111e+01 1.19625195e-01 1.545848e+00 2.400036e+00 2.105593e+01 1.115323e+01 1.902298e-01 3.4074e-03 7.3869e-03 +1.5517e-05 0.05618 4.62426e-02 1.13647e-01 2.21820e-01 0.00000e+00
31.751468 1.62757394e-01 2.52052524e-01 4.14809918e-01 7.30164377e-02 4.37533147e+00 9.93331339e+00 1.14469159e-01 1.548639e+00 2.270300e+00 2.010321e+01 9.880709e+00 2.261998e-01 3.4282e-03 8.5841e-03 +1.5194e-05 0.05632 5.11148e-02 1.12457e-01 2.23838e-01 0.00000e+00
32.001480 1.62679057e-01 2.49179320e-01 4.11858377e-01 7.36374393e-02 4.38226774e+00 9.20316472e+00 1.08683460e-01 1.531723e+00 2.100092e+00 1.996163e+01 9.234095e+00 2.591106e-01 3.0997e-03 7.6213e-03 +1.3839e-05 0.05753 4.56562e-02 1.00425e-01 2.20176e-01 0.00000e+00
32.251491 1.61612910e-01 2.45665568e-01 4.07278478e-01 7.40157562e-02 4.35873017e+00 8.84631964e+00 1.05640398e-01 1.520086e+00 2.029563e+00 1.982039e+01 9.327802e+00 2.996107e-01 2.7539e-03 6.9505e-03 +1.1794e-05 0.05807 4.08214e-02 9.43829e-02 2.25290e-01 0.00000e+00
32.501503 1.59770470e-01 2.41888313e-01 4.01658783e-01 7.35101363e-02 4.33069280e+00 8.83879038e+00 1.05355865e-01 1.513974e+00 2.040965e+00 2.015960e+01 8.983678e+00 2.970528e-01 2.7930e-03 8.4736e-03 +1.0257e-05 0.05579 3.97629e-02 9.63312e-02 2.40718e-01 0.00000e+00
32.751515 1.58187449e-01 2.37509662e-01 3.95697110e-01 7.20897854e-02 4.35503830e+00 8.90606447e+00 1.06088822e-01 1.501444e+00 2.045003e+00 2.161413e+01 8.662108e+00 2.420988e-01 2.9189e-03 8.7622e-03 +9.4324e-06 0.05644 3.99754e-02 1.01908e-01 2.57350e-01 0.00000e+00
33.001526 1.57545282e-01 2.32532123e-01 3.90077405e-01 7.01476624e-02 4.52300203e+00 8.91993341e+00 1.07543484e-01 1.475970e+00 1.972127e+00 2.408079e+01 9.354895e+00 2.260846e-01 2.9693e-03 8.4571e-03 +8.9563e-06 0.06166 3.97127e-02 1.06489e-01 2.66399e-01 0.00000e+00
33.251538 1.57563427e-01 2.27652789e-01 3.85216217e-01 6.80204588e-02 4.82446133e+00 9.03304935e+00 1.10860085e-01 1.444833e+00 1.872344e+00 2.763256e+01 1.198408e+01 2.680937e-01 3.0994e-03 8.6865e-03 +8.6591e-06 0.06679 4.04987e-02 1.09758e-01 2.70309e-01 0.00000e+00
33.501549 1.57348859e-01 2.23994235e-01 3.81343094e-01 6.55866118e-02 5.03927815e+00 9.47817517e+00 1.16139627e-01 1.423552e+00 1.880860e+00 3.162743e+01 1.275104e+01 2.538720e-01 3.5873e-03 8.5868e-03 +8.3872e-06 0.06865 4.09168e-02 1.09756e-01 2.68062e-01 0.00000e+00
33.751561 1.57094141e-01 2.22045208e-01 3.79139349e-01 6.25091496e-02 5.03833744e+00 1.00605238e+01 1.20790890e-01 1.413453e+00 1.996794e+00 3.350819e+01 1.456352e+01 1.999598e-01 3.6118e-03 9.7836e-03 +8.0360e-06 0.06840 3.74016e-02 1.01991e-01 2.52819e-01 0.00000e+00
34.001572 1.57193934e-01 2.21965930e-01 3.79159864e-01 5.90203787e-02 4.98715354e+00 1.07188109e+01 1.25647716e-01 1.412051e+00 2.149284e+00 3.243667e+01 1.516231e+01 1.377526e-01 3.8882e-03 1.0426e-02 +7.8437e-06 0.06569 3.28678e-02 9.20527e-02 2.30325e-01 0.00000e+00
34.251584 1.57067425e-01 2.24493147e-01 3.81560572e-01 5.52463974e-02 5.00705642e+00 1.09969474e+01 1.28032030e-01 1.429279e+00 2.196290e+00 2.822370e+01 1.400304e+01 1.777665e-01 4.5276e-03 1.0299e-02 +8.0992e-06 0.05943 3.19267e-02 8.86711e-02 2.18558e-01 0.00000e+00
34.501596 1.56439428e-01 2.30334023e-01 3.86773451e-01 5.12946750e-02 4.96829961e+00 1.07471888e+01 1.25723907e-01 1.472353e+00 2.163152e+00 2.299068e+01 1.351862e+01 2.406327e-01 4.8634e-03 1.0115e-02 +8.9798e-06 0.05731 3.46181e-02 9.28310e-02 2.21408e-01 0.00000e+00
34.751607 1.55780310e-01 2.38750965e-01 3.94531275e-01 4.75560101e-02 4.75283138e+00 1.02588205e+01 1.20093215e-01 1.532613e+00 2.158465e+00 1.939242e+01 1.272050e+01 2.628912e-01 4.4174e-03 8.7086e-03 +1.0297e-05 0.05522 3.92409e-02 1.02202e-01 2.28981e-01 0.00000e+00
35.001619 1.55547542e-01 2.47790011e-01 4.03337553e-01 4.47464086e-02 4.50422783e+00 9.72912103e+00 1.13866791e-01 1.593018e+00 2.159998e+00 1.817539e+01 1.102559e+01 2.971692e-01 3.7447e-03 7.7825e-03 +1.1789e-05 0.05450 4.47267e-02 1.09804e-01 2.33669e-01 0.00000e+00
35.251630 1.55755291e-01 2.54981986e-01 4.10737277e-01 4.30530600e-02 4.41375260e+00 9.28186236e+00 1.09564920e-01 1.637068e+00 2.102941e+00 1.783673e+01 9.815500e+00 3.309754e-01 3.2224e-03 7.0197e-03 +1.3045e-05 0.05545 4.56590e-02 1.08729e-01 2.33826e-01 0.00000e+00
35.501642 1.56275250e-01 2.58502510e-01 4.14777760e-01 4.17759160e-02 4.43050183e+00 8.97183615e+00 1.07218704e-01 1.654149e+00 2.025016e+00 1.731088e+01 9.226571e+00 3.648836e-01 2.7174e-03 6.2155e-03 +1.3091e-05 0.05576 4.28887e-02 1.08362e-01 2.38347e-01 0.00000e+00
35.751653 1.56591838e-01 2.58609313e-01 4.15201151e-01 4.02777783e-02 4.45607573e+00 8.96850370e+00 1.07396635e-01 1.651487e+00 2.012646e+00 1.598808e+01 8.435826e+00 4.076497e-01 2.6331e-03 8.1345e-03 +1.1590e-05 0.05553 4.80874e-02 1.17914e-01 2.56563e-01 0.00000e+00
36.001665 1.56310457e-01 2.56142417e-01 4.12452874e-01 3.84114760e-02 4.44729137e+00 9.26020285e+00 1.09659954e-01 1.638677e+00 2.082212e+00 1.667769e+01 8.034721e+00 4.111238e-01 2.9572e-03 1.1466e-02 +1.0345e-05 0.05502 6.15268e-02 1.34094e-01 2.83832e-01 0.00000e+00
36.251676 1.55737136e-01 2.51556555e-01 4.07293691e-01 3.63310229e-02 4.45694144e+00 9.47048474e+00 1.11419409e-01 1.615264e+00 2.124884e+00 1.629229e+01 7.899819e+00 3.615311e-01 3.2846e-03 1.2157e-02 +1.0250e-05 0.05449 6.03519e-02 1.36076e-01 2.94997e-01 0.00000e+00
36.501688 1.55038831e-01 2.45927409e-01 4.00966241e-01 3.39760962e-02 4.59230769e+00 9.32056064e+00 1.11302947e-01 1.586231e+00 2.029603e+00 1.547809e+01 8.302615e+00 3.454817e-01 2.9887e-03 9.8060e-03 +9.2713e-06 0.06201 4.62024e-02 1.22830e-01 2.80432e-01 0.00000e+00
36.751700 1.53220662e-01 2.40907032e-01 3.94127693e-01 3.14717911e-02 4.80101692e+00 9.20162865e+00 1.12021165e-01 1.572288e+00 1.916600e+00 1.591795e+01 9.393561e+00 3.482316e-01 2.9507e-03 9.6425e-03 +6.3584e-06 0.06799 4.60702e-02 1.22374e-01 2.74587e-01 0.00000e+00
37.001711 1.49676165e-01 2.37561871e-01 3.87238036e-01 2.89626918e-02 4.84846518e+00 9.26032138e+00 1.12870292e-01 1.587172e+00 1.909949e+00 1.734136e+01 9.074714e+00 3.080611e-01 2.8641e-03 8.9933e-03 +3.2564e-06 0.06387 4.64871e-02 1.22801e-01 2.75209e-01 0.00000e+00
37.251723 1.46176148e-01 2.35158760e-01 3.81334908e-01 2.65738057e-02 4.75966869e+00 9.42331795e+00 1.13463893e-01 1.608736e+00 1.979826e+00 2.088807e+01 1.007114e+01 2.643643e-01 3.0426e-03 8.0703e-03 +1.2530e-06 0.05762 4.16879e-02 1.13175e-01 2.62748e-01 0.00000e+00
37.501734 1.44946866e-01 2.32433181e-01 3.77380046e-01 2.46617832e-02 4.75758812e+00 9.58722331e+00 1.14758491e-01 1.603575e+00 2.015144e+00 2.279852e+01 1.292864e+01 2.301081e-01 3.3187e-03 8.8982e-03 +9.8780e-07 0.05600 3.79671e-02 1.03845e-01 2.49919e-01 0.00000e+00
37.751746 1.45744690e-01 2.30109035e-01 3.75853725e-01 2.32953723e-02 4.81028914e+00 9.69923375e+00 1.16076183e-01 1.578850e+00 2.016352e+00 2.244212e+01 1.364411e+01 2.258192e-01 3.6457e-03 1.0652e-02 +2.1864e-06 0.05835 3.48214e-02 9.74380e-02 2.41131e-01 0.00000e+00
38.001757 1.46691689e-01 2.30356728e-01 3.77048417e-01 2.20284508e-02 4.88833039e+00 9.73857573e+00 1.17015249e-01 1.570346e+00 1.992209e+00 2.149140e+01 1.280577e+01 2.658851e-01 3.8851e-03 1.0927e-02 +4.0366e-06 0.05730 3.22706e-02 9.38244e-02 2.34675e-01 0.00000e+00
38.251769 1.46984414e-01 2.34182067e-01 3.81166481e-01 2.06013301e-02 4.86316039e+00 9.34249817e+00 1.13645268e-01 1.593244e+00 1.921075e+00 2.121258e+01 1.203852e+01 3.376556e-01 4.6387e-03 1.0309e-02 +5.9898e-06 0.05655 3.23397e-02 9.75618e-02 2.35300e-01 0.00000e+00
38.501781 1.47213323e-01 2.41507043e-01 3.88720367e-01 1.92314382e-02 4.52452146e+00 8.80940193e+00 1.06671387e-01 1.640524e+00 1.947035e+00 2.001090e+01 1.125658e+01 3.661376e-01 3.6213e-03 9.3131e-03 +7.8875e-06 0.05546 3.68811e-02 1.09443e-01 2.40022e-01 0.00000e+00
38.751792 1.48625600e-01 2.49640670e-01 3.98266270e-01 1.80172487e-02 4.17496404e+00 8.83030841e+00 1.04042180e-01 1.679661e+00 2.115062e+00 1.853546e+01 1.071175e+01 3.486103e-01 3.3123e-03 9.7312e-03 +9.7871e-06 0.05214 4.45542e-02 1.09789e-01 2.33413e-01 0.00000e+00
39.001804 1.51782727e-01 2.55702981e-01 4.07485708e-01 1.63338855e-02 4.09864971e+00 8.99935610e+00 1.04784046e-01 1.684665e+00 2.195688e+00 1.701384e+01 9.761754e+00 3.145212e-01 4.0059e-03 1.0267e-02 +1.1650e-05 0.05288 4.40179e-02 1.03954e-01 2.25693e-01 0.00000e+00
39.251815 1.56008235e-01 2.59171215e-01 4.15179450e-01 1.33969027e-02 4.19657166e+00 9.15073796e+00 1.06778477e-01 1.661266e+00 2.180527e+00 1.569086e+01 9.243613e+00 3.278386e-01 4.3852e-03 1.0881e-02 +1.2911e-05 0.05283 4.22426e-02 1.06979e-01 2.29803e-01 0.00000e+00
39.501827 1.60492057e-01 2.60398538e-01 4.20890595e-01 8.61899591e-03 4.34629080e+00 9.29403233e+00 1.09122585e-01 1.622501e+00 2.138383e+00 1.467088e+01 9.515780e+00 3.941274e-01 4.0594e-03 1.0996e-02 +1.3990e-05 0.05322 5.18498e-02 1.18169e-01 2.38073e-01 0.00000e+00
39.751838 1.64384880e-01 2.60261895e-01 4.24646775e-01 2.02008611e-03 4.60249168e+00 9.30116469e+00 1.11229251e-01 1.583247e+00 2.020898e+00 1.515513e+01 9.911312e+00 4.707057e-01 3.4655e-03 1.0270e-02 +1.4999e-05 0.05488 5.26954e-02 1.15997e-01 2.36462e-01 0.00000e+00
40.001850 1.65991008e-01 2.60331052e-01 4.26322059e-01 -5.77968654e-03 4.88293328e+00 9.45897251e+00 1.14735246e-01 1.568344e+00 1.937150e+00 1.770040e+01 1.133641e+01 4.483673e-01 3.1244e-03 9.1599e-03 +1.4479e-05 0.05809 4.62852e-02 1.06480e-01 2.34256e-01 0.00000e+00
40.251861 1.63801161e-01 2.61800962e-01 4.25602123e-01 -1.41086166e-02 5.03204152e+00 9.80810942e+00 1.18721207e-01 1.598285e+00 1.949131e+00 1.945086e+01 1.124378e+01 3.943523e-01 3.8538e-03 9.6962e-03 +1.0704e-05 0.05949 4.24135e-02 1.02523e-01 2.30791e-01 0.00000e+00
40.501873 1.58521535e-01 2.64704065e-01 4.23225599e-01 -2.28802991e-02 5.05448471e+00 9.99111336e+00 1.20364784e-01 1.669830e+00 1.976683e+00 1.948205e+01 1.068767e+01 3.276440e-01 3.6240e-03 1.0304e-02 +5.0725e-06 0.05815 4.70191e-02 1.10925e-01 2.34322e-01 0.00000e+00
40.751885 1.52621335e-01 2.68027592e-01 4.20648927e-01 -3.19341972e-02 5.03991671e+00 1.01462879e+01 1.21489637e-01 1.756161e+00 2.013186e+00 1.855119e+01 1.232966e+01 3.068370e-01 3.1448e-03 9.1860e-03 +1.0572e-06 0.06296 5.28755e-02 1.19539e-01 2.43230e-01 0.00000e+00
41.001896 1.48142157e-01 2.70548587e-01 4.18690744e-01 -4.02770495e-02 5.04285169e+00 1.03682393e+01 1.23288728e-01 1.826277e+00 2.056027e+00 2.141247e+01 1.302815e+01 3.167891e-01 3.1578e-03 8.4967e-03 -6.2514e-07 0.06132 5.26634e-02 1.17617e-01 2.42513e-01 0.00000e+00
41.251908 1.46111594e-01 2.72311771e-01 4.18423366e-01 -4.77597051e-02 4.96322924e+00 1.00552215e+01 1.20147606e-01 1.863725e+00 2.025943e+00 1.766039e+01 1.235251e+01 3.578733e-01 3.9710e-03 8.5087e-03 -6.5610e-07 0.06645 4.95162e-02 1.11281e-01 2.35632e-01 0.00000e+00
41.501919 1.45218343e-01 2.75808550e-01 4.21026894e-01 -5.46355382e-02 4.81083062e+00 9.53175905e+00 1.14740717e-01 1.899268e+00 1.981313e+00 1.767727e+01 1.342331e+01 4.910297e-01 4.1598e-03 8.5381e-03 +2.2735e-07 0.06717 4.69736e-02 1.06271e-01 2.32568e-01 0.00000e+00
41.751931 1.43845007e-01 2.82005273e-01 4.25850280e-01 -5.98611144e-02 4.60790275e+00 9.42387016e+00 1.12254183e-01 1.960480e+00 2.045154e+00 1.751302e+01 1.167583e+01 5.148007e-01 3.7478e-03 7.8310e-03 +1.5411e-06 0.06277 4.64557e-02 1.05463e-01 2.37163e-01 0.00000e+00
42.001942 1.43228051e-01 2.88327042e-01 4.31555093e-01 -6.30395014e-02 4.41439345e+00 9.49522089e+00 1.11276915e-01 2.013063e+00 2.150968e+00 1.666131e+01 1.263407e+01 4.458035e-01 3.7284e-03 7.5946e-03 +3.2448e-06 0.05684 4.91015e-02 1.11522e-01 2.51987e-01 0.00000e+00
42.251954 1.44931570e-01 2.92134589e-01 4.37066159e-01 -6.52084337e-02 4.35556133e+00 9.49931068e+00 1.10838976e-01 2.015673e+00 2.180961e+00 1.493554e+01 1.380193e+01 4.094130e-01 3.9370e-03 9.0240e-03 +5.5895e-06 0.05112 5.31504e-02 1.21229e-01 2.71029e-01 0.00000e+00
42.501966 1.48971566e-01 2.92686195e-01 4.41657761e-01 -6.76237017e-02 4.39998239e+00 9.34442531e+00 1.09955262e-01 1.964712e+00 2.123742e+00 1.338436e+01 1.590300e+01 3.903214e-01 3.9642e-03 1.0263e-02 +8.5059e-06 0.05064 5.53931e-02 1.29308e-01 2.86018e-01 0.00000e+00
42.751977 1.54910605e-01 2.90366884e-01 4.45277489e-01 -7.13546562e-02 4.48252665e+00 9.19537389e+00 1.09423204e-01 1.874416e+00 2.051382e+00 1.508165e+01 1.825469e+01 3.880362e-01 3.9033e-03 9.6708e-03 +1.1315e-05 0.05568 5.69407e-02 1.38080e-01 2.91237e-01 0.00000e+00
43.001989 1.61201985e-01 2.86447025e-01 4.47649010e-01 -7.69012047e-02 4.68920422e+00 9.12811362e+00 1.10538543e-01 1.776945e+00 1.946623e+00 1.552074e+01 2.051136e+01 4.478624e-01 3.7294e-03 9.6221e-03 +1.3671e-05 0.06102 6.22857e-02 1.47012e-01 2.98359e-01 0.00000e+00
43.252000 1.64911244e-01 2.83119189e-01 4.48030434e-01 -8.43907772e-02 4.89502745e+00 9.43890179e+00 1.14671434e-01 1.716797e+00 1.928263e+00 1.730743e+01 2.091502e+01 5.015783e-01 3.5180e-03 9.7225e-03 +1.4481e-05 0.06345 6.69758e-02 1.54535e-01 3.13326e-01 0.00000e+00
43.502012 1.64609439e-01 2.80989543e-01 4.45598982e-01 -9.34840342e-02 5.04856305e+00 9.99158307e+00 1.20321169e-01 1.707007e+00 1.979094e+00 1.818792e+01 1.975813e+01 4.758279e-01 3.6622e-03 1.0527e-02 +1.2876e-05 0.06142 6.84938e-02 1.57933e-01 3.29313e-01 0.00000e+00
43.752023 1.61026800e-01 2.79660990e-01 4.40687789e-01 -1.03752418e-01 5.22637142e+00 1.01371681e+01 1.22908316e-01 1.736736e+00 1.939619e+00 1.812872e+01 1.356531e+01 3.767537e-01 3.6877e-03 1.2124e-02 +9.1175e-06 0.05800 6.25788e-02 1.49223e-01 3.32341e-01 0.00000e+00
44.002035 1.55417801e-01 2.78829842e-01 4.34247644e-01 -1.14790572e-01 5.42138769e+00 1.01404794e+01 1.24494936e-01 1.794066e+00 1.870458e+00 1.729709e+01 9.730454e+00 3.205866e-01 3.2471e-03 1.0821e-02 +4.7766e-06 0.06149 5.77725e-02 1.41676e-01 3.32146e-01 0.00000e+00
44.252046 1.48856139e-01 2.78300668e-01 4.27156807e-01 -1.25780152e-01 5.54093877e+00 1.02155289e+01 1.26051741e-01 1.869595e+00 1.843646e+00 1.638914e+01 1.119440e+01 3.597860e-01 3.0845e-03 8.9381e-03 +1.5820e-06 0.06571 5.48365e-02 1.38316e-01 3.25898e-01 0.00000e+00
44.502058 1.42261736e-01 2.78657898e-01 4.20919633e-01 -1.36035313e-01 5.49050031e+00 1.03243624e+01 1.26518901e-01 1.958769e+00 1.880405e+00 1.710620e+01 1.266969e+01 4.009428e-01 2.9026e-03 7.9337e-03 -3.1719e-07 0.06775 5.08206e-02 1.33837e-01 3.14348e-01 0.00000e+00
44.752070 1.36789669e-01 2.80466629e-01 4.17256298e-01 -1.45025048e-01 5.28745444e+00 1.04394394e+01 1.25815151e-01 2.050349e+00 1.974379e+00 2.057294e+01 1.440319e+01 3.724113e-01 3.2999e-03 8.0621e-03 -1.1338e-06 0.06728 4.88723e-02 1.31982e-01 3.04215e-01 0.00000e+00
45.002081 1.33826725e-01 2.83649464e-01 4.17476190e-01 -1.52568048e-01 5.01864124e+00 1.03474074e+01 1.22928389e-01 2.119528e+00 2.061795e+00 2.038570e+01 1.628290e+01 2.993373e-01 3.7570e-03 9.1782e-03 -8.5561e-07 0.06859 4.90956e-02 1.31421e-01 2.94418e-01 0.00000e+00
45.252093 1.34245697e-01 2.87859467e-01 4.22105164e-01 -1.58957015e-01 4.70453864e+00 9.94562366e+00 1.17201298e-01 2.144273e+00 2.114049e+00 1.796971e+01 1.613875e+01 2.721474e-01 3.8009e-03 1.0733e-02 +3.7329e-07 0.07019 4.90885e-02 1.26140e-01 2.77141e-01 0.00000e+00
45.502104 1.37325208e-01 2.93346710e-01 4.30671918e-01 -1.64437251e-01 4.37802387e+00 9.37906661e+00 1.10056724e-01 2.136146e+00 2.142306e+00 1.649890e+01 1.328432e+01 3.421991e-01 3.7401e-03 1.1498e-02 +2.0171e-06 0.06920 4.69189e-02 1.18089e-01 2.56057e-01 0.00000e+00
45.752116 1.41992788e-01 2.99876816e-01 4.41869604e-01 -1.68869497e-01 4.10380328e+00 8.89470103e+00 1.03988035e-01 2.111916e+00 2.167429e+00 1.651090e+01 1.162286e+01 4.385388e-01 3.2904e-03 1.0613e-02 +3.4170e-06 0.06600 4.63877e-02 1.15308e-01 2.47460e-01 0.00000e+00
46.002127 1.48076331e-01 3.05850808e-01 4.53927139e-01 -1.71882458e-01 4.02449103e+00 8.71774434e+00 1.01937883e-01 2.065494e+00 2.166173e+00 1.657492e+01 1.168546e+01 5.027406e-01 2.7675e-03 9.1593e-03 +4.4856e-06 0.06023 4.85118e-02 1.20156e-01 2.53501e-01 0.00000e+00
46.252139 1.54372754e-01 3.10643232e-01 4.65015987e-01 -1.73391684e-01 4.16795384e+00 8.98090009e+00 1.05190831e-01 2.012293e+00 2.154750e+00 1.651143e+01 1.158913e+01 5.375067e-01 2.7803e-03 8.9276e-03 +5.6820e-06 0.05494 5.42066e-02 1.30125e-01 2.64463e-01 0.00000e+00
46.502151 1.59473582e-01 3.14244320e-01 4.73717902e-01 -1.74081336e-01 4.34060433e+00 9.55366034e+00 1.11154117e-01 1.970510e+00 2.200998e+00 1.569070e+01 1.091051e+01 5.413402e-01 3.2999e-03 9.2348e-03 +7.5209e-06 0.05519 5.59650e-02 1.31644e-01 2.69290e-01 0.00000e+00
46.752162 1.63845447e-01 3.15926260e-01 4.79771707e-01 -1.74989521e-01 4.50225982e+00 1.01146277e+01 1.16935100e-01 1.928197e+00 2.246567e+00 1.610661e+01 1.217121e+01 5.021729e-01 3.7307e-03 8.8551e-03 +9.8773e-06 0.05763 5.40407e-02 1.32618e-01 2.70202e-01 0.00000e+00
47.002174 1.68205136e-01 3.15231985e-01 4.83437121e-01 -1.76756951e-01 4.74625737e+00 1.04753222e+01 1.21772636e-01 1.874093e+00 2.207070e+00 1.664562e+01 1.561533e+01 4.666956e-01 3.7542e-03 9.2244e-03 +1.2613e-05 0.05920 6.01717e-02 1.40857e-01 2.73317e-01 0.00000e+00
47.252185 1.71990064e-01 3.12956506e-01 4.84946570e-01 -1.79597998e-01 5.00965362e+00 1.04461377e+01 1.23646331e-01 1.819620e+00 2.085202e+00 1.748414e+01 1.802494e+01 4.823881e-01 3.7176e-03 9.2511e-03 +1.4762e-05 0.05858 6.17772e-02 1.38389e-01 2.70355e-01 0.00000e+00
47.502197 1.73498304e-01 3.11161290e-01 4.84659595e-01 -1.83772530e-01 5.11709105e+00 1.01066187e+01 1.21789678e-01 1.793454e+00 1.975071e+00 1.862194e+01 1.324080e+01 5.100963e-01 3.7961e-03 9.2912e-03 +1.4067e-05 0.05927 5.73787e-02 1.29582e-01 2.63483e-01 0.00000e+00
47.752208 1.72078183e-01 3.11223320e-01 4.83301503e-01 -1.89721769e-01 5.00022459e+00 9.68538374e+00 1.17484867e-01 1.808616e+00 1.936990e+00 1.857948e+01 1.078279e+01 4.981141e-01 3.3803e-03 1.0346e-02 +1.0691e-05 0.06179 5.23904e-02 1.20268e-01 2.57574e-01 0.00000e+00
48.002220 1.69334819e-01 3.12292773e-01 4.81627592e-01 -1.97334423e-01 4.77372164e+00 9.50385931e+00 1.14220648e-01 1.844232e+00 1.990870e+00 1.789588e+01 1.103047e+01 3.556087e-01 3.1890e-03 9.0333e-03 +6.9689e-06 0.06217 4.56476e-02 1.10313e-01 2.49346e-01 0.00000e+00
48.252231 1.66091400e-01 3.14368304e-01 4.80459704e-01 -2.05581514e-01 4.64572169e+00 9.34045248e+00 1.11889393e-01 1.892743e+00 2.010549e+00 1.722155e+01 9.998758e+00 3.152284e-01 2.9652e-03 7.7159e-03 +3.6160e-06 0.06068 4.11108e-02 1.05144e-01 2.46376e-01 0.00000e+00
48.502243 1.62761351e-01 3.18183884e-01 4.80945235e-01 -2.13429595e-01 4.51921930e+00 9.31358308e+00 1.10662419e-01 1.954911e+00 2.060883e+00 1.684774e+01 9.659282e+00 3.224911e-01 2.7862e-03 7.8572e-03 +1.1196e-06 0.05699 3.78010e-02 1.00916e-01 2.42008e-01 0.00000e+00
48.752255 1.61080376e-01 3.22779718e-01 4.83860094e-01 -2.20324780e-01 4.40540297e+00 9.45919113e+00 1.10916753e-01 2.003843e+00 2.147180e+00 1.631204e+01 1.003513e+01 2.902230e-01 2.8860e-03 8.5941e-03 +5.2024e-07 0.05997 3.59069e-02 9.64271e-02 2.31492e-01 0.00000e+00
49.002266 1.62146143e-01 3.27275113e-01 4.89421256e-01 -2.26237555e-01 4.32562663e+00 9.50916378e+00 1.10678323e-01 2.018396e+00 2.198332e+00 1.529285e+01 1.036998e+01 3.273166e-01 3.1220e-03 9.3981e-03 +1.6323e-06 0.06505 3.54909e-02 9.37511e-02 2.19480e-01 0.00000e+00
49.252278 1.65345987e-01 3.32114727e-01 4.97460714e-01 -2.31354072e-01 4.25594889e+00 9.31406826e+00 1.08560137e-01 2.008605e+00 2.188482e+00 1.455149e+01 1.085509e+01 4.258956e-01 3.1408e-03 9.6904e-03 +3.2864e-06 0.06464 3.67467e-02 9.19054e-02 2.10798e-01 0.00000e+00
49.502289 1.69701465e-01 3.37562906e-01 5.07264370e-01 -2.35660193e-01 4.19963073e+00 9.08352012e+00 1.06265207e-01 1.989157e+00 2.162933e+00 1.598576e+01 9.730463e+00 4.935674e-01 3.0512e-03 9.1344e-03 +4.7617e-06 0.06010 3.69524e-02 8.92170e-02 2.05218e-01 0.00000e+00
49.752301 1.74880418e-01 3.42649118e-01 5.17529536e-01 -2.39069894e-01 4.23547124e+00 9.05883600e+00 1.06354458e-01 1.959334e+00 2.138802e+00 1.512671e+01 1.072034e+01 5.156442e-01 3.2189e-03 9.1528e-03 +6.0364e-06 0.05484 3.71091e-02 9.07362e-02 2.07845e-01 0.00000e+00
49.999845 1.80527413e-01 3.46442156e-01 5.26969569e-01 -2.41720384e-01 4.34563420e+00 9.22556499e+00 1.08569593e-01 1.919056e+00 2.122950e+00 1.570942e+01 1.150251e+01 5.060941e-01 3.6629e-03 1.0160e-02 +7.6794e-06 0.05882 3.93722e-02 9.43995e-02 2.16095e-01 0.00000e+00
