# tg_mhd (Kokkos FP64)  hydro_noslip_nofield_n65_re200_va1.41421  N=65 Re=200 h=4.90873852e-02 delta=7.07106781e-02 delta/h=1.440506 layers=33 written=13
# THE ENERGY BUDGET against wall distance. Per probe, one row per term: t, the term,
# its contribution to the BOX MEAN from each of the layers 0..12 (layer k: the nodes
# k cells from the nearest wall, the slab [(k-1/2)h, (k+1/2)h]) and from the rest of
# the box beyond them, so a row sums to the box average. Paper units: energies in
# v0^2, rates in k0 v0^3. With eK = |u|^2/2 and eM = |B|^2/2,
#   d eK/dt = lor + advK + pres + difK - visc
#   d eM/dt = S + advM + difM + cmpM - ohm
# lor = u.(j x B); S = B_i B_j d_j u_i; advK, advM = -u.grad eK, -u.grad eM;
# pres = -u.grad p, p = cs^2 rho/u0^2; difK = nu div(u x w); difM = eta div(B x j);
# cmpM = -|B|^2 div u + (u.B) div B; visc = nu |w|^2; ohm = eta |j|^2. The scheme is
# weakly compressible, so a layer's terms close only to a residual.
# row 'vol': each column's share of the volume
# vol 4.614639e-02 8.798981e-02 8.240509e-02 7.700348e-02 7.178497e-02 6.674957e-02 6.189728e-02 5.722809e-02 5.274200e-02 4.843903e-02 4.431915e-02 4.038239e-02 3.662872e-02 2.262840e-01
0.000000 eK 0.000000e+00 2.925959e-02 2.719798e-02 2.507524e-02 2.290782e-02 2.071773e-02 1.853131e-02 1.637774e-02 1.428731e-02 1.228961e-02 1.041191e-02 8.677579e-03 7.104953e-03 2.178037e-02
0.000000 eM 0.000000e+00 0.000000e+00 0.000000e+00 0.000000e+00 0.000000e+00 0.000000e+00 0.000000e+00 0.000000e+00 0.000000e+00 0.000000e+00 0.000000e+00 0.000000e+00 0.000000e+00 0.000000e+00
0.000000 visc 1.413428e-01 3.142748e-02 4.713310e-04 4.733776e-04 4.743603e-04 4.732985e-04 4.693408e-04 4.618028e-04 4.501988e-04 4.342656e-04 4.139758e-04 3.895390e-04 3.613894e-04 1.917622e-03
0.000000 ohm 0.000000e+00 0.000000e+00 0.000000e+00 0.000000e+00 0.000000e+00 0.000000e+00 0.000000e+00 0.000000e+00 0.000000e+00 0.000000e+00 0.000000e+00 0.000000e+00 0.000000e+00 0.000000e+00
0.000000 S 0.000000e+00 0.000000e+00 0.000000e+00 0.000000e+00 0.000000e+00 0.000000e+00 0.000000e+00 0.000000e+00 0.000000e+00 0.000000e+00 0.000000e+00 0.000000e+00 0.000000e+00 0.000000e+00
0.000000 lor 0.000000e+00 0.000000e+00 0.000000e+00 0.000000e+00 0.000000e+00 0.000000e+00 0.000000e+00 0.000000e+00 0.000000e+00 0.000000e+00 0.000000e+00 0.000000e+00 0.000000e+00 0.000000e+00
0.000000 advK 0.000000e+00 6.876964e-20 2.147980e-19 5.506407e-20 -9.403252e-20 -2.881816e-21 4.744181e-20 2.741698e-20 1.017333e-20 9.683040e-20 1.264095e-20 -4.025762e-21 -7.549474e-20 -3.077398e-20
0.000000 pres 0.000000e+00 1.150365e-18 2.357391e-19 -2.365313e-18 -3.692769e-19 1.429102e-18 -3.005563e-18 -5.924660e-19 2.197238e-18 4.511017e-19 -3.936010e-19 -2.381607e-18 1.127019e-18 2.517263e-18
0.000000 difK 1.413428e-01 -9.493706e-02 -3.444446e-04 -2.787286e-04 -2.127364e-04 -1.481085e-04 -8.648683e-05 -2.943079e-05 2.166567e-05 6.565125e-05 1.016813e-04 1.292639e-04 1.482836e-04 1.264342e-03
0.000000 advM 0.000000e+00 0.000000e+00 0.000000e+00 0.000000e+00 0.000000e+00 0.000000e+00 0.000000e+00 0.000000e+00 0.000000e+00 0.000000e+00 0.000000e+00 0.000000e+00 0.000000e+00 0.000000e+00
0.000000 difM 0.000000e+00 0.000000e+00 0.000000e+00 0.000000e+00 0.000000e+00 0.000000e+00 0.000000e+00 0.000000e+00 0.000000e+00 0.000000e+00 0.000000e+00 0.000000e+00 0.000000e+00 0.000000e+00
0.000000 cmpM 0.000000e+00 0.000000e+00 0.000000e+00 0.000000e+00 0.000000e+00 0.000000e+00 0.000000e+00 0.000000e+00 0.000000e+00 0.000000e+00 0.000000e+00 0.000000e+00 0.000000e+00 0.000000e+00
0.100629 eK 0.000000e+00 1.441960e-02 2.676056e-02 2.532540e-02 2.271178e-02 2.055197e-02 1.835015e-02 1.619369e-02 1.411099e-02 1.212602e-02 1.026510e-02 8.549582e-03 6.996574e-03 2.145620e-02
0.100629 eM 0.000000e+00 0.000000e+00 0.000000e+00 0.000000e+00 0.000000e+00 0.000000e+00 0.000000e+00 0.000000e+00 0.000000e+00 0.000000e+00 0.000000e+00 0.000000e+00 0.000000e+00 0.000000e+00
0.100629 visc 5.145711e-02 2.991307e-02 2.871455e-03 4.718722e-04 4.805115e-04 4.687445e-04 4.670144e-04 4.595359e-04 4.481010e-04 4.323427e-04 4.121747e-04 3.878277e-04 3.597449e-04 1.905651e-03
0.100629 ohm 0.000000e+00 0.000000e+00 0.000000e+00 0.000000e+00 0.000000e+00 0.000000e+00 0.000000e+00 0.000000e+00 0.000000e+00 0.000000e+00 0.000000e+00 0.000000e+00 0.000000e+00 0.000000e+00
0.100629 S 0.000000e+00 0.000000e+00 0.000000e+00 0.000000e+00 0.000000e+00 0.000000e+00 0.000000e+00 0.000000e+00 0.000000e+00 0.000000e+00 0.000000e+00 0.000000e+00 0.000000e+00 0.000000e+00
0.100629 lor 0.000000e+00 0.000000e+00 0.000000e+00 0.000000e+00 0.000000e+00 0.000000e+00 0.000000e+00 0.000000e+00 0.000000e+00 0.000000e+00 0.000000e+00 0.000000e+00 0.000000e+00 0.000000e+00
0.100629 advK 0.000000e+00 2.915325e-04 1.071568e-04 2.327674e-04 3.662518e-04 2.977702e-04 2.532685e-04 1.978831e-04 1.263876e-04 5.443023e-05 -1.360100e-05 -7.115497e-05 -1.147188e-04 -1.056734e-03
0.100629 pres 0.000000e+00 1.784941e-04 -1.902681e-03 -2.241432e-03 -1.927390e-03 -1.732839e-03 -1.509035e-03 -1.249804e-03 -9.926790e-04 -7.401041e-04 -5.084701e-04 -3.035949e-04 -1.299277e-04 1.802899e-03
0.100629 difK 5.145711e-02 -8.213436e-03 -2.941103e-02 -2.628952e-03 6.617457e-04 -2.610884e-04 -8.460645e-05 -2.303997e-05 2.203451e-05 6.827475e-05 1.034352e-04 1.309970e-04 1.495565e-04 1.261601e-03
0.100629 advM 0.000000e+00 0.000000e+00 0.000000e+00 0.000000e+00 0.000000e+00 0.000000e+00 0.000000e+00 0.000000e+00 0.000000e+00 0.000000e+00 0.000000e+00 0.000000e+00 0.000000e+00 0.000000e+00
0.100629 difM 0.000000e+00 0.000000e+00 0.000000e+00 0.000000e+00 0.000000e+00 0.000000e+00 0.000000e+00 0.000000e+00 0.000000e+00 0.000000e+00 0.000000e+00 0.000000e+00 0.000000e+00 0.000000e+00
0.100629 cmpM 0.000000e+00 0.000000e+00 0.000000e+00 0.000000e+00 0.000000e+00 0.000000e+00 0.000000e+00 0.000000e+00 0.000000e+00 0.000000e+00 0.000000e+00 0.000000e+00 0.000000e+00 0.000000e+00
0.201258 eK 0.000000e+00 1.066453e-02 2.349358e-02 2.507381e-02 2.271337e-02 2.043669e-02 1.827309e-02 1.613893e-02 1.407336e-02 1.210515e-02 1.025794e-02 8.554260e-03 7.010735e-03 2.177447e-02
0.201258 eM 0.000000e+00 0.000000e+00 0.000000e+00 0.000000e+00 0.000000e+00 0.000000e+00 0.000000e+00 0.000000e+00 0.000000e+00 0.000000e+00 0.000000e+00 0.000000e+00 0.000000e+00 0.000000e+00
0.201258 visc 3.466537e-02 2.593449e-02 4.660403e-03 5.340361e-04 4.803756e-04 4.737683e-04 4.680527e-04 4.620391e-04 4.511999e-04 4.357892e-04 4.157801e-04 3.914126e-04 3.631273e-04 1.918698e-03
0.201258 ohm 0.000000e+00 0.000000e+00 0.000000e+00 0.000000e+00 0.000000e+00 0.000000e+00 0.000000e+00 0.000000e+00 0.000000e+00 0.000000e+00 0.000000e+00 0.000000e+00 0.000000e+00 0.000000e+00
0.201258 S 0.000000e+00 0.000000e+00 0.000000e+00 0.000000e+00 0.000000e+00 0.000000e+00 0.000000e+00 0.000000e+00 0.000000e+00 0.000000e+00 0.000000e+00 0.000000e+00 0.000000e+00 0.000000e+00
0.201258 lor 0.000000e+00 0.000000e+00 0.000000e+00 0.000000e+00 0.000000e+00 0.000000e+00 0.000000e+00 0.000000e+00 0.000000e+00 0.000000e+00 0.000000e+00 0.000000e+00 0.000000e+00 0.000000e+00
0.201258 advK 0.000000e+00 -2.816327e-05 -4.270296e-04 -8.478572e-05 4.268050e-04 4.066592e-04 2.743390e-04 1.757080e-04 7.676443e-05 -1.862990e-05 -9.762382e-05 -1.565574e-04 -1.919934e-04 -1.169498e-03
0.201258 pres 0.000000e+00 2.359815e-03 1.396503e-03 4.740080e-04 3.899804e-04 4.009353e-04 3.727059e-04 3.487221e-04 3.182661e-04 2.713102e-04 2.150250e-04 1.564691e-04 1.102296e-04 2.615261e-03
0.201258 difK 3.466537e-02 2.980411e-03 -2.371235e-02 -8.066205e-03 -9.537148e-05 3.625184e-05 -1.086349e-04 -2.918236e-05 2.717846e-05 6.799436e-05 1.051815e-04 1.312380e-04 1.499636e-04 1.245894e-03
0.201258 advM 0.000000e+00 0.000000e+00 0.000000e+00 0.000000e+00 0.000000e+00 0.000000e+00 0.000000e+00 0.000000e+00 0.000000e+00 0.000000e+00 0.000000e+00 0.000000e+00 0.000000e+00 0.000000e+00
0.201258 difM 0.000000e+00 0.000000e+00 0.000000e+00 0.000000e+00 0.000000e+00 0.000000e+00 0.000000e+00 0.000000e+00 0.000000e+00 0.000000e+00 0.000000e+00 0.000000e+00 0.000000e+00 0.000000e+00
0.201258 cmpM 0.000000e+00 0.000000e+00 0.000000e+00 0.000000e+00 0.000000e+00 0.000000e+00 0.000000e+00 0.000000e+00 0.000000e+00 0.000000e+00 0.000000e+00 0.000000e+00 0.000000e+00 0.000000e+00
0.301887 eK 0.000000e+00 8.426666e-03 2.068742e-02 2.430209e-02 2.273627e-02 2.042180e-02 1.821927e-02 1.607934e-02 1.400971e-02 1.203897e-02 1.019393e-02 8.495475e-03 6.960621e-03 2.175092e-02
0.301887 eM 0.000000e+00 0.000000e+00 0.000000e+00 0.000000e+00 0.000000e+00 0.000000e+00 0.000000e+00 0.000000e+00 0.000000e+00 0.000000e+00 0.000000e+00 0.000000e+00 0.000000e+00 0.000000e+00
0.301887 visc 2.563340e-02 2.266306e-02 5.785801e-03 7.809024e-04 4.630437e-04 4.781647e-04 4.723161e-04 4.659565e-04 4.561208e-04 4.412744e-04 4.215279e-04 3.971242e-04 3.686018e-04 1.944822e-03
0.301887 ohm 0.000000e+00 0.000000e+00 0.000000e+00 0.000000e+00 0.000000e+00 0.000000e+00 0.000000e+00 0.000000e+00 0.000000e+00 0.000000e+00 0.000000e+00 0.000000e+00 0.000000e+00 0.000000e+00
0.301887 S 0.000000e+00 0.000000e+00 0.000000e+00 0.000000e+00 0.000000e+00 0.000000e+00 0.000000e+00 0.000000e+00 0.000000e+00 0.000000e+00 0.000000e+00 0.000000e+00 0.000000e+00 0.000000e+00
0.301887 lor 0.000000e+00 0.000000e+00 0.000000e+00 0.000000e+00 0.000000e+00 0.000000e+00 0.000000e+00 0.000000e+00 0.000000e+00 0.000000e+00 0.000000e+00 0.000000e+00 0.000000e+00 0.000000e+00
0.301887 advK 0.000000e+00 2.968906e-04 2.491374e-04 1.023670e-04 6.191088e-04 8.195325e-04 6.777724e-04 4.852112e-04 2.971695e-04 1.139709e-04 -5.050772e-05 -1.825798e-04 -2.771036e-04 -2.376546e-03
0.301887 pres 0.000000e+00 2.926968e-04 -8.066770e-04 -1.421216e-03 -1.154633e-03 -7.172071e-04 -3.720815e-04 -1.185860e-04 5.449553e-05 1.539882e-04 1.980831e-04 2.103781e-04 2.125044e-04 3.162931e-03
0.301887 difK 2.563340e-02 7.358160e-03 -1.793214e-02 -1.044264e-02 -1.714560e-03 1.035478e-05 -5.084929e-05 -2.968080e-05 2.652154e-05 7.528498e-05 1.104122e-04 1.388608e-04 1.560225e-04 1.255804e-03
0.301887 advM 0.000000e+00 0.000000e+00 0.000000e+00 0.000000e+00 0.000000e+00 0.000000e+00 0.000000e+00 0.000000e+00 0.000000e+00 0.000000e+00 0.000000e+00 0.000000e+00 0.000000e+00 0.000000e+00
0.301887 difM 0.000000e+00 0.000000e+00 0.000000e+00 0.000000e+00 0.000000e+00 0.000000e+00 0.000000e+00 0.000000e+00 0.000000e+00 0.000000e+00 0.000000e+00 0.000000e+00 0.000000e+00 0.000000e+00
0.301887 cmpM 0.000000e+00 0.000000e+00 0.000000e+00 0.000000e+00 0.000000e+00 0.000000e+00 0.000000e+00 0.000000e+00 0.000000e+00 0.000000e+00 0.000000e+00 0.000000e+00 0.000000e+00 0.000000e+00
0.402517 eK 0.000000e+00 7.058276e-03 1.838049e-02 2.313968e-02 2.245556e-02 2.029092e-02 1.806177e-02 1.591428e-02 1.384899e-02 1.188925e-02 1.005935e-02 8.380568e-03 6.867465e-03 2.172932e-02
0.402517 eM 0.000000e+00 0.000000e+00 0.000000e+00 0.000000e+00 0.000000e+00 0.000000e+00 0.000000e+00 0.000000e+00 0.000000e+00 0.000000e+00 0.000000e+00 0.000000e+00 0.000000e+00 0.000000e+00
0.402517 visc 2.076728e-02 2.003910e-02 6.387849e-03 1.117349e-03 4.602659e-04 4.755889e-04 4.781484e-04 4.722635e-04 4.629672e-04 4.487089e-04 4.290187e-04 4.042668e-04 3.750409e-04 1.962528e-03
0.402517 ohm 0.000000e+00 0.000000e+00 0.000000e+00 0.000000e+00 0.000000e+00 0.000000e+00 0.000000e+00 0.000000e+00 0.000000e+00 0.000000e+00 0.000000e+00 0.000000e+00 0.000000e+00 0.000000e+00
0.402517 S 0.000000e+00 0.000000e+00 0.000000e+00 0.000000e+00 0.000000e+00 0.000000e+00 0.000000e+00 0.000000e+00 0.000000e+00 0.000000e+00 0.000000e+00 0.000000e+00 0.000000e+00 0.000000e+00
0.402517 lor 0.000000e+00 0.000000e+00 0.000000e+00 0.000000e+00 0.000000e+00 0.000000e+00 0.000000e+00 0.000000e+00 0.000000e+00 0.000000e+00 0.000000e+00 0.000000e+00 0.000000e+00 0.000000e+00
0.402517 advK 0.000000e+00 1.723649e-04 6.305927e-05 -1.026496e-04 4.724418e-04 8.693961e-04 8.041334e-04 5.750070e-04 3.380469e-04 1.195564e-04 -7.115179e-05 -2.233922e-04 -3.299426e-04 -2.756874e-03
0.402517 pres 0.000000e+00 3.162926e-03 1.284579e-03 -1.317916e-03 -2.305557e-03 -2.319291e-03 -2.124924e-03 -1.884250e-03 -1.584642e-03 -1.238629e-03 -8.694079e-04 -5.016463e-04 -1.565560e-04 6.377978e-03
0.402517 difK 2.076728e-02 8.458309e-03 -1.339604e-02 -1.086306e-02 -3.105400e-03 -3.448912e-04 -2.596790e-05 -1.234056e-05 3.631999e-05 8.247914e-05 1.208284e-04 1.463623e-04 1.635819e-04 1.250714e-03
0.402517 advM 0.000000e+00 0.000000e+00 0.000000e+00 0.000000e+00 0.000000e+00 0.000000e+00 0.000000e+00 0.000000e+00 0.000000e+00 0.000000e+00 0.000000e+00 0.000000e+00 0.000000e+00 0.000000e+00
0.402517 difM 0.000000e+00 0.000000e+00 0.000000e+00 0.000000e+00 0.000000e+00 0.000000e+00 0.000000e+00 0.000000e+00 0.000000e+00 0.000000e+00 0.000000e+00 0.000000e+00 0.000000e+00 0.000000e+00
0.402517 cmpM 0.000000e+00 0.000000e+00 0.000000e+00 0.000000e+00 0.000000e+00 0.000000e+00 0.000000e+00 0.000000e+00 0.000000e+00 0.000000e+00 0.000000e+00 0.000000e+00 0.000000e+00 0.000000e+00
0.503146 eK 0.000000e+00 6.111462e-03 1.647226e-02 2.181988e-02 2.195624e-02 2.009656e-02 1.791979e-02 1.578953e-02 1.374817e-02 1.181486e-02 1.001266e-02 8.360645e-03 6.873209e-03 2.241540e-02
0.503146 eM 0.000000e+00 0.000000e+00 0.000000e+00 0.000000e+00 0.000000e+00 0.000000e+00 0.000000e+00 0.000000e+00 0.000000e+00 0.000000e+00 0.000000e+00 0.000000e+00 0.000000e+00 0.000000e+00
0.503146 visc 1.769375e-02 1.788572e-02 6.643272e-03 1.484621e-03 4.935558e-04 4.701411e-04 4.848921e-04 4.822202e-04 4.735130e-04 4.595601e-04 4.398844e-04 4.146903e-04 3.847098e-04 2.005743e-03
0.503146 ohm 0.000000e+00 0.000000e+00 0.000000e+00 0.000000e+00 0.000000e+00 0.000000e+00 0.000000e+00 0.000000e+00 0.000000e+00 0.000000e+00 0.000000e+00 0.000000e+00 0.000000e+00 0.000000e+00
0.503146 S 0.000000e+00 0.000000e+00 0.000000e+00 0.000000e+00 0.000000e+00 0.000000e+00 0.000000e+00 0.000000e+00 0.000000e+00 0.000000e+00 0.000000e+00 0.000000e+00 0.000000e+00 0.000000e+00
0.503146 lor 0.000000e+00 0.000000e+00 0.000000e+00 0.000000e+00 0.000000e+00 0.000000e+00 0.000000e+00 0.000000e+00 0.000000e+00 0.000000e+00 0.000000e+00 0.000000e+00 0.000000e+00 0.000000e+00
0.503146 advK 0.000000e+00 1.353458e-04 -1.113631e-04 -4.152823e-04 2.572508e-04 8.880669e-04 9.573487e-04 7.260360e-04 4.396851e-04 1.793381e-04 -3.846634e-05 -2.074577e-04 -3.247387e-04 -2.834850e-03
0.503146 pres 0.000000e+00 2.617282e-03 1.450965e-03 -4.430163e-04 -1.210470e-03 -1.190590e-03 -9.538925e-04 -7.028394e-04 -4.631523e-04 -2.424237e-04 -4.825041e-05 1.162475e-04 2.514519e-04 4.630415e-03
0.503146 difK 1.769375e-02 8.427690e-03 -1.011126e-02 -1.031477e-02 -4.056069e-03 -8.194911e-04 -9.290206e-05 4.629220e-06 4.691157e-05 9.211533e-05 1.270857e-04 1.529574e-04 1.669783e-04 1.221480e-03
0.503146 advM 0.000000e+00 0.000000e+00 0.000000e+00 0.000000e+00 0.000000e+00 0.000000e+00 0.000000e+00 0.000000e+00 0.000000e+00 0.000000e+00 0.000000e+00 0.000000e+00 0.000000e+00 0.000000e+00
0.503146 difM 0.000000e+00 0.000000e+00 0.000000e+00 0.000000e+00 0.000000e+00 0.000000e+00 0.000000e+00 0.000000e+00 0.000000e+00 0.000000e+00 0.000000e+00 0.000000e+00 0.000000e+00 0.000000e+00
0.503146 cmpM 0.000000e+00 0.000000e+00 0.000000e+00 0.000000e+00 0.000000e+00 0.000000e+00 0.000000e+00 0.000000e+00 0.000000e+00 0.000000e+00 0.000000e+00 0.000000e+00 0.000000e+00 0.000000e+00
0.603775 eK 0.000000e+00 5.310592e-03 1.494597e-02 2.071441e-02 2.156401e-02 2.002895e-02 1.789539e-02 1.573588e-02 1.366490e-02 1.171325e-02 9.902365e-03 8.250538e-03 6.769939e-03 2.213094e-02
0.603775 eM 0.000000e+00 0.000000e+00 0.000000e+00 0.000000e+00 0.000000e+00 0.000000e+00 0.000000e+00 0.000000e+00 0.000000e+00 0.000000e+00 0.000000e+00 0.000000e+00 0.000000e+00 0.000000e+00
0.603775 visc 1.485998e-02 1.617340e-02 6.692120e-03 1.805773e-03 5.641343e-04 4.678890e-04 4.909834e-04 4.946222e-04 4.872017e-04 4.732253e-04 4.530048e-04 4.268816e-04 3.956184e-04 2.044355e-03
0.603775 ohm 0.000000e+00 0.000000e+00 0.000000e+00 0.000000e+00 0.000000e+00 0.000000e+00 0.000000e+00 0.000000e+00 0.000000e+00 0.000000e+00 0.000000e+00 0.000000e+00 0.000000e+00 0.000000e+00
0.603775 S 0.000000e+00 0.000000e+00 0.000000e+00 0.000000e+00 0.000000e+00 0.000000e+00 0.000000e+00 0.000000e+00 0.000000e+00 0.000000e+00 0.000000e+00 0.000000e+00 0.000000e+00 0.000000e+00
0.603775 lor 0.000000e+00 0.000000e+00 0.000000e+00 0.000000e+00 0.000000e+00 0.000000e+00 0.000000e+00 0.000000e+00 0.000000e+00 0.000000e+00 0.000000e+00 0.000000e+00 0.000000e+00 0.000000e+00
0.603775 advK 0.000000e+00 3.037793e-04 4.996136e-04 4.902655e-05 3.415147e-04 9.319076e-04 1.090767e-03 8.857402e-04 5.577301e-04 2.359544e-04 -3.635821e-05 -2.483365e-04 -3.971723e-04 -3.717591e-03
0.603775 pres 0.000000e+00 1.127174e-03 7.609769e-04 -3.388832e-04 -1.085348e-03 -1.334417e-03 -1.328071e-03 -1.230888e-03 -1.086603e-03 -9.057070e-04 -7.002818e-04 -4.858058e-04 -2.768902e-04 2.913747e-03
0.603775 difK 1.485998e-02 8.786667e-03 -7.696268e-03 -9.642675e-03 -4.759662e-03 -1.349630e-03 -2.397487e-04 -5.842512e-06 6.109615e-05 1.055538e-04 1.417802e-04 1.657345e-04 1.796034e-04 1.246903e-03
0.603775 advM 0.000000e+00 0.000000e+00 0.000000e+00 0.000000e+00 0.000000e+00 0.000000e+00 0.000000e+00 0.000000e+00 0.000000e+00 0.000000e+00 0.000000e+00 0.000000e+00 0.000000e+00 0.000000e+00
0.603775 difM 0.000000e+00 0.000000e+00 0.000000e+00 0.000000e+00 0.000000e+00 0.000000e+00 0.000000e+00 0.000000e+00 0.000000e+00 0.000000e+00 0.000000e+00 0.000000e+00 0.000000e+00 0.000000e+00
0.603775 cmpM 0.000000e+00 0.000000e+00 0.000000e+00 0.000000e+00 0.000000e+00 0.000000e+00 0.000000e+00 0.000000e+00 0.000000e+00 0.000000e+00 0.000000e+00 0.000000e+00 0.000000e+00 0.000000e+00
0.704404 eK 0.000000e+00 4.875919e-03 1.370579e-02 1.944987e-02 2.075949e-02 1.957294e-02 1.757959e-02 1.546886e-02 1.343022e-02 1.151420e-02 9.744451e-03 8.136180e-03 6.699069e-03 2.268907e-02
0.704404 eM 0.000000e+00 0.000000e+00 0.000000e+00 0.000000e+00 0.000000e+00 0.000000e+00 0.000000e+00 0.000000e+00 0.000000e+00 0.000000e+00 0.000000e+00 0.000000e+00 0.000000e+00 0.000000e+00
0.704404 visc 1.383391e-02 1.479971e-02 6.612080e-03 2.076328e-03 6.600651e-04 4.748971e-04 4.971132e-04 5.081881e-04 5.029015e-04 4.885645e-04 4.672005e-04 4.395793e-04 4.066531e-04 2.081488e-03
0.704404 ohm 0.000000e+00 0.000000e+00 0.000000e+00 0.000000e+00 0.000000e+00 0.000000e+00 0.000000e+00 0.000000e+00 0.000000e+00 0.000000e+00 0.000000e+00 0.000000e+00 0.000000e+00 0.000000e+00
0.704404 S 0.000000e+00 0.000000e+00 0.000000e+00 0.000000e+00 0.000000e+00 0.000000e+00 0.000000e+00 0.000000e+00 0.000000e+00 0.000000e+00 0.000000e+00 0.000000e+00 0.000000e+00 0.000000e+00
0.704404 lor 0.000000e+00 0.000000e+00 0.000000e+00 0.000000e+00 0.000000e+00 0.000000e+00 0.000000e+00 0.000000e+00 0.000000e+00 0.000000e+00 0.000000e+00 0.000000e+00 0.000000e+00 0.000000e+00
0.704404 advK 0.000000e+00 2.428183e-04 2.275690e-04 -2.873051e-04 4.747279e-05 7.798958e-04 1.088865e-03 9.532714e-04 6.326862e-04 2.984399e-04 1.695936e-05 -1.971031e-04 -3.458472e-04 -3.604532e-03
0.704404 pres 0.000000e+00 6.264480e-03 4.597090e-03 1.609721e-04 -2.838730e-03 -3.840793e-03 -3.763640e-03 -3.305873e-03 -2.711754e-03 -2.050250e-03 -1.362729e-03 -6.881439e-04 -6.313509e-05 1.380685e-02
0.704404 difK 1.383391e-02 7.816034e-03 -6.111001e-03 -8.648312e-03 -4.928129e-03 -1.718795e-03 -4.018668e-04 -3.067015e-05 7.357237e-05 1.238592e-04 1.560437e-04 1.771091e-04 1.864089e-04 1.207990e-03
0.704404 advM 0.000000e+00 0.000000e+00 0.000000e+00 0.000000e+00 0.000000e+00 0.000000e+00 0.000000e+00 0.000000e+00 0.000000e+00 0.000000e+00 0.000000e+00 0.000000e+00 0.000000e+00 0.000000e+00
0.704404 difM 0.000000e+00 0.000000e+00 0.000000e+00 0.000000e+00 0.000000e+00 0.000000e+00 0.000000e+00 0.000000e+00 0.000000e+00 0.000000e+00 0.000000e+00 0.000000e+00 0.000000e+00 0.000000e+00
0.704404 cmpM 0.000000e+00 0.000000e+00 0.000000e+00 0.000000e+00 0.000000e+00 0.000000e+00 0.000000e+00 0.000000e+00 0.000000e+00 0.000000e+00 0.000000e+00 0.000000e+00 0.000000e+00 0.000000e+00
0.805033 eK 0.000000e+00 4.418433e-03 1.266374e-02 1.838261e-02 2.009355e-02 1.924628e-02 1.740465e-02 1.534112e-02 1.331859e-02 1.141693e-02 9.665670e-03 8.079584e-03 6.665681e-03 2.306628e-02
0.805033 eM 0.000000e+00 0.000000e+00 0.000000e+00 0.000000e+00 0.000000e+00 0.000000e+00 0.000000e+00 0.000000e+00 0.000000e+00 0.000000e+00 0.000000e+00 0.000000e+00 0.000000e+00 0.000000e+00
0.805033 visc 1.234284e-02 1.363742e-02 6.429102e-03 2.307000e-03 7.809071e-04 4.971423e-04 5.067356e-04 5.242026e-04 5.218443e-04 5.072707e-04 4.844519e-04 4.550187e-04 4.201725e-04 2.133717e-03
0.805033 ohm 0.000000e+00 0.000000e+00 0.000000e+00 0.000000e+00 0.000000e+00 0.000000e+00 0.000000e+00 0.000000e+00 0.000000e+00 0.000000e+00 0.000000e+00 0.000000e+00 0.000000e+00 0.000000e+00
0.805033 S 0.000000e+00 0.000000e+00 0.000000e+00 0.000000e+00 0.000000e+00 0.000000e+00 0.000000e+00 0.000000e+00 0.000000e+00 0.000000e+00 0.000000e+00 0.000000e+00 0.000000e+00 0.000000e+00
0.805033 lor 0.000000e+00 0.000000e+00 0.000000e+00 0.000000e+00 0.000000e+00 0.000000e+00 0.000000e+00 0.000000e+00 0.000000e+00 0.000000e+00 0.000000e+00 0.000000e+00 0.000000e+00 0.000000e+00
0.805033 advK 0.000000e+00 2.712443e-04 3.576577e-04 -2.942565e-04 -1.262165e-04 5.941576e-04 9.968068e-04 9.473070e-04 6.625471e-04 3.324824e-04 4.812174e-05 -1.657642e-04 -3.109647e-04 -3.383360e-03
0.805033 pres 0.000000e+00 7.670279e-04 7.670489e-04 2.456034e-04 -2.937464e-04 -6.302687e-04 -7.325703e-04 -6.895576e-04 -5.799660e-04 -4.447783e-04 -3.060464e-04 -1.773131e-04 -6.559645e-05 2.261043e-03
0.805033 difK 1.234284e-02 7.617799e-03 -5.021366e-03 -7.777954e-03 -5.006468e-03 -2.046158e-03 -5.851746e-04 -8.283471e-05 7.550444e-05 1.375597e-04 1.704339e-04 1.877041e-04 1.944672e-04 1.198285e-03
0.805033 advM 0.000000e+00 0.000000e+00 0.000000e+00 0.000000e+00 0.000000e+00 0.000000e+00 0.000000e+00 0.000000e+00 0.000000e+00 0.000000e+00 0.000000e+00 0.000000e+00 0.000000e+00 0.000000e+00
0.805033 difM 0.000000e+00 0.000000e+00 0.000000e+00 0.000000e+00 0.000000e+00 0.000000e+00 0.000000e+00 0.000000e+00 0.000000e+00 0.000000e+00 0.000000e+00 0.000000e+00 0.000000e+00 0.000000e+00
0.805033 cmpM 0.000000e+00 0.000000e+00 0.000000e+00 0.000000e+00 0.000000e+00 0.000000e+00 0.000000e+00 0.000000e+00 0.000000e+00 0.000000e+00 0.000000e+00 0.000000e+00 0.000000e+00 0.000000e+00
0.905662 eK 0.000000e+00 4.073925e-03 1.180668e-02 1.746244e-02 1.946200e-02 1.889905e-02 1.719413e-02 1.516923e-02 1.315244e-02 1.125445e-02 9.514452e-03 7.946996e-03 6.556662e-03 2.297549e-02
0.905662 eM 0.000000e+00 0.000000e+00 0.000000e+00 0.000000e+00 0.000000e+00 0.000000e+00 0.000000e+00 0.000000e+00 0.000000e+00 0.000000e+00 0.000000e+00 0.000000e+00 0.000000e+00 0.000000e+00
0.905662 visc 1.129609e-02 1.268866e-02 6.226877e-03 2.458231e-03 9.089129e-04 5.344275e-04 5.213928e-04 5.416395e-04 5.416406e-04 5.263868e-04 5.014859e-04 4.695906e-04 4.323514e-04 2.173075e-03
0.905662 ohm 0.000000e+00 0.000000e+00 0.000000e+00 0.000000e+00 0.000000e+00 0.000000e+00 0.000000e+00 0.000000e+00 0.000000e+00 0.000000e+00 0.000000e+00 0.000000e+00 0.000000e+00 0.000000e+00
0.905662 S 0.000000e+00 0.000000e+00 0.000000e+00 0.000000e+00 0.000000e+00 0.000000e+00 0.000000e+00 0.000000e+00 0.000000e+00 0.000000e+00 0.000000e+00 0.000000e+00 0.000000e+00 0.000000e+00
0.905662 lor 0.000000e+00 0.000000e+00 0.000000e+00 0.000000e+00 0.000000e+00 0.000000e+00 0.000000e+00 0.000000e+00 0.000000e+00 0.000000e+00 0.000000e+00 0.000000e+00 0.000000e+00 0.000000e+00
0.905662 advK 0.000000e+00 3.889369e-04 7.502736e-04 1.161124e-04 4.936653e-05 6.102400e-04 9.803331e-04 9.562247e-04 6.926762e-04 3.621192e-04 6.439397e-05 -1.663132e-04 -3.281984e-04 -4.240925e-03
0.905662 pres 0.000000e+00 4.711540e-03 4.288513e-03 9.178465e-04 -2.158577e-03 -3.759871e-03 -4.165226e-03 -3.933794e-03 -3.411720e-03 -2.756038e-03 -2.048477e-03 -1.345873e-03 -6.929099e-04 8.778256e-03
0.905662 difK 1.129609e-02 7.282422e-03 -4.128080e-03 -7.067371e-03 -4.981174e-03 -2.301477e-03 -7.580599e-04 -1.410787e-04 7.255813e-05 1.534631e-04 1.875725e-04 2.022742e-04 2.045505e-04 1.197094e-03
0.905662 advM 0.000000e+00 0.000000e+00 0.000000e+00 0.000000e+00 0.000000e+00 0.000000e+00 0.000000e+00 0.000000e+00 0.000000e+00 0.000000e+00 0.000000e+00 0.000000e+00 0.000000e+00 0.000000e+00
0.905662 difM 0.000000e+00 0.000000e+00 0.000000e+00 0.000000e+00 0.000000e+00 0.000000e+00 0.000000e+00 0.000000e+00 0.000000e+00 0.000000e+00 0.000000e+00 0.000000e+00 0.000000e+00 0.000000e+00
0.905662 cmpM 0.000000e+00 0.000000e+00 0.000000e+00 0.000000e+00 0.000000e+00 0.000000e+00 0.000000e+00 0.000000e+00 0.000000e+00 0.000000e+00 0.000000e+00 0.000000e+00 0.000000e+00 0.000000e+00
1.006291 eK 0.000000e+00 3.893341e-03 1.113222e-02 1.650942e-02 1.860468e-02 1.826902e-02 1.673968e-02 1.482157e-02 1.287645e-02 1.103886e-02 9.356550e-03 7.845404e-03 6.507571e-03 2.374882e-02
1.006291 eM 0.000000e+00 0.000000e+00 0.000000e+00 0.000000e+00 0.000000e+00 0.000000e+00 0.000000e+00 0.000000e+00 0.000000e+00 0.000000e+00 0.000000e+00 0.000000e+00 0.000000e+00 0.000000e+00
1.006291 visc 1.099832e-02 1.193777e-02 5.986118e-03 2.581012e-03 1.039202e-03 5.871833e-04 5.429501e-04 5.613808e-04 5.626354e-04 5.464876e-04 5.192791e-04 4.846945e-04 4.448554e-04 2.213150e-03
1.006291 ohm 0.000000e+00 0.000000e+00 0.000000e+00 0.000000e+00 0.000000e+00 0.000000e+00 0.000000e+00 0.000000e+00 0.000000e+00 0.000000e+00 0.000000e+00 0.000000e+00 0.000000e+00 0.000000e+00
1.006291 S 0.000000e+00 0.000000e+00 0.000000e+00 0.000000e+00 0.000000e+00 0.000000e+00 0.000000e+00 0.000000e+00 0.000000e+00 0.000000e+00 0.000000e+00 0.000000e+00 0.000000e+00 0.000000e+00
1.006291 lor 0.000000e+00 0.000000e+00 0.000000e+00 0.000000e+00 0.000000e+00 0.000000e+00 0.000000e+00 0.000000e+00 0.000000e+00 0.000000e+00 0.000000e+00 0.000000e+00 0.000000e+00 0.000000e+00
1.006291 advK 0.000000e+00 3.859013e-04 6.141473e-04 -1.979011e-04 -3.354819e-04 2.548760e-04 7.218934e-04 8.074383e-04 6.305970e-04 3.598893e-04 1.050959e-04 -9.021864e-05 -2.222657e-04 -3.108288e-03
1.006291 pres 0.000000e+00 4.499120e-03 3.999105e-03 8.843470e-04 -1.905234e-03 -3.316800e-03 -3.527186e-03 -3.081267e-03 -2.374823e-03 -1.602827e-03 -8.559359e-04 -1.841637e-04 3.828035e-04 1.240870e-02
1.006291 difK 1.099832e-02 6.482348e-03 -3.780021e-03 -6.355254e-03 -4.704998e-03 -2.365034e-03 -8.579343e-04 -1.850809e-04 6.967463e-05 1.652381e-04 2.017443e-04 2.119155e-04 2.095839e-04 1.140717e-03
1.006291 advM 0.000000e+00 0.000000e+00 0.000000e+00 0.000000e+00 0.000000e+00 0.000000e+00 0.000000e+00 0.000000e+00 0.000000e+00 0.000000e+00 0.000000e+00 0.000000e+00 0.000000e+00 0.000000e+00
1.006291 difM 0.000000e+00 0.000000e+00 0.000000e+00 0.000000e+00 0.000000e+00 0.000000e+00 0.000000e+00 0.000000e+00 0.000000e+00 0.000000e+00 0.000000e+00 0.000000e+00 0.000000e+00 0.000000e+00
1.006291 cmpM 0.000000e+00 0.000000e+00 0.000000e+00 0.000000e+00 0.000000e+00 0.000000e+00 0.000000e+00 0.000000e+00 0.000000e+00 0.000000e+00 0.000000e+00 0.000000e+00 0.000000e+00 0.000000e+00
1.106921 eK 0.000000e+00 3.665834e-03 1.055489e-02 1.576130e-02 1.796047e-02 1.781975e-02 1.643357e-02 1.459120e-02 1.268642e-02 1.087698e-02 9.221878e-03 7.739468e-03 6.431198e-03 2.389237e-02
1.106921 eM 0.000000e+00 0.000000e+00 0.000000e+00 0.000000e+00 0.000000e+00 0.000000e+00 0.000000e+00 0.000000e+00 0.000000e+00 0.000000e+00 0.000000e+00 0.000000e+00 0.000000e+00 0.000000e+00
1.106921 visc 1.026886e-02 1.129818e-02 5.724309e-03 2.660753e-03 1.172505e-03 6.533037e-04 5.714357e-04 5.827062e-04 5.836812e-04 5.664537e-04 5.370854e-04 4.999377e-04 4.576491e-04 2.261467e-03
1.106921 ohm 0.000000e+00 0.000000e+00 0.000000e+00 0.000000e+00 0.000000e+00 0.000000e+00 0.000000e+00 0.000000e+00 0.000000e+00 0.000000e+00 0.000000e+00 0.000000e+00 0.000000e+00 0.000000e+00
1.106921 S 0.000000e+00 0.000000e+00 0.000000e+00 0.000000e+00 0.000000e+00 0.000000e+00 0.000000e+00 0.000000e+00 0.000000e+00 0.000000e+00 0.000000e+00 0.000000e+00 0.000000e+00 0.000000e+00
1.106921 lor 0.000000e+00 0.000000e+00 0.000000e+00 0.000000e+00 0.000000e+00 0.000000e+00 0.000000e+00 0.000000e+00 0.000000e+00 0.000000e+00 0.000000e+00 0.000000e+00 0.000000e+00 0.000000e+00
1.106921 advK 0.000000e+00 4.828098e-04 9.622084e-04 1.075016e-04 -2.217597e-04 2.169981e-04 6.292079e-04 7.386735e-04 6.112423e-04 3.777350e-04 1.422755e-04 -4.808173e-05 -1.840842e-04 -3.614093e-03
1.106921 pres 0.000000e+00 2.658579e-03 2.920588e-03 1.514736e-03 -9.553327e-05 -1.208229e-03 -1.692728e-03 -1.735137e-03 -1.553057e-03 -1.278408e-03 -9.772472e-04 -6.842320e-04 -4.180906e-04 2.793690e-03
1.106921 difK 1.026886e-02 6.274802e-03 -3.487677e-03 -5.831812e-03 -4.515199e-03 -2.438833e-03 -9.636546e-04 -2.366574e-04 5.787489e-05 1.733729e-04 2.142833e-04 2.234819e-04 2.170097e-04 1.128989e-03
1.106921 advM 0.000000e+00 0.000000e+00 0.000000e+00 0.000000e+00 0.000000e+00 0.000000e+00 0.000000e+00 0.000000e+00 0.000000e+00 0.000000e+00 0.000000e+00 0.000000e+00 0.000000e+00 0.000000e+00
1.106921 difM 0.000000e+00 0.000000e+00 0.000000e+00 0.000000e+00 0.000000e+00 0.000000e+00 0.000000e+00 0.000000e+00 0.000000e+00 0.000000e+00 0.000000e+00 0.000000e+00 0.000000e+00 0.000000e+00
1.106921 cmpM 0.000000e+00 0.000000e+00 0.000000e+00 0.000000e+00 0.000000e+00 0.000000e+00 0.000000e+00 0.000000e+00 0.000000e+00 0.000000e+00 0.000000e+00 0.000000e+00 0.000000e+00 0.000000e+00
1.207550 eK 0.000000e+00 3.447007e-03 9.993079e-03 1.502766e-02 1.728332e-02 1.730932e-02 1.606437e-02 1.431141e-02 1.246273e-02 1.069474e-02 9.075136e-03 7.626210e-03 6.349249e-03 2.393987e-02
1.207550 eM 0.000000e+00 0.000000e+00 0.000000e+00 0.000000e+00 0.000000e+00 0.000000e+00 0.000000e+00 0.000000e+00 0.000000e+00 0.000000e+00 0.000000e+00 0.000000e+00 0.000000e+00 0.000000e+00
1.207550 visc 9.606644e-03 1.065886e-02 5.482095e-03 2.695209e-03 1.297342e-03 7.286784e-04 6.067088e-04 6.065752e-04 6.050693e-04 5.858361e-04 5.537603e-04 5.136705e-04 4.685870e-04 2.291173e-03
1.207550 ohm 0.000000e+00 0.000000e+00 0.000000e+00 0.000000e+00 0.000000e+00 0.000000e+00 0.000000e+00 0.000000e+00 0.000000e+00 0.000000e+00 0.000000e+00 0.000000e+00 0.000000e+00 0.000000e+00
1.207550 S 0.000000e+00 0.000000e+00 0.000000e+00 0.000000e+00 0.000000e+00 0.000000e+00 0.000000e+00 0.000000e+00 0.000000e+00 0.000000e+00 0.000000e+00 0.000000e+00 0.000000e+00 0.000000e+00
1.207550 lor 0.000000e+00 0.000000e+00 0.000000e+00 0.000000e+00 0.000000e+00 0.000000e+00 0.000000e+00 0.000000e+00 0.000000e+00 0.000000e+00 0.000000e+00 0.000000e+00 0.000000e+00 0.000000e+00
1.207550 advK 0.000000e+00 5.605071e-04 1.147919e-03 2.400223e-04 -2.318299e-04 9.841047e-05 4.545411e-04 5.746608e-04 4.913429e-04 3.051222e-04 1.063109e-04 -5.597918e-05 -1.710546e-04 -3.402223e-03
1.207550 pres 0.000000e+00 5.014023e-03 5.027891e-03 1.567778e-03 -2.106158e-03 -4.352654e-03 -5.059778e-03 -4.772352e-03 -4.018069e-03 -3.102774e-03 -2.176377e-03 -1.315302e-03 -5.605956e-04 1.046945e-02
1.207550 difK 9.606644e-03 6.006929e-03 -3.201190e-03 -5.405019e-03 -4.283478e-03 -2.456919e-03 -1.033139e-03 -2.782233e-04 4.654775e-05 1.757742e-04 2.225349e-04 2.302935e-04 2.213129e-04 1.105259e-03
1.207550 advM 0.000000e+00 0.000000e+00 0.000000e+00 0.000000e+00 0.000000e+00 0.000000e+00 0.000000e+00 0.000000e+00 0.000000e+00 0.000000e+00 0.000000e+00 0.000000e+00 0.000000e+00 0.000000e+00
1.207550 difM 0.000000e+00 0.000000e+00 0.000000e+00 0.000000e+00 0.000000e+00 0.000000e+00 0.000000e+00 0.000000e+00 0.000000e+00 0.000000e+00 0.000000e+00 0.000000e+00 0.000000e+00 0.000000e+00
1.207550 cmpM 0.000000e+00 0.000000e+00 0.000000e+00 0.000000e+00 0.000000e+00 0.000000e+00 0.000000e+00 0.000000e+00 0.000000e+00 0.000000e+00 0.000000e+00 0.000000e+00 0.000000e+00 0.000000e+00
1.308179 eK 0.000000e+00 3.474534e-03 9.728138e-03 1.439216e-02 1.649766e-02 1.657286e-02 1.544941e-02 1.381724e-02 1.207606e-02 1.040349e-02 8.870485e-03 7.499904e-03 6.292504e-03 2.486382e-02
1.308179 eM 0.000000e+00 0.000000e+00 0.000000e+00 0.000000e+00 0.000000e+00 0.000000e+00 0.000000e+00 0.000000e+00 0.000000e+00 0.000000e+00 0.000000e+00 0.000000e+00 0.000000e+00 0.000000e+00
1.308179 visc 1.001422e-02 1.036950e-02 5.223782e-03 2.723764e-03 1.412686e-03 8.093587e-04 6.461707e-04 6.309497e-04 6.256302e-04 6.043326e-04 5.699700e-04 5.273560e-04 4.798506e-04 2.330460e-03
1.308179 ohm 0.000000e+00 0.000000e+00 0.000000e+00 0.000000e+00 0.000000e+00 0.000000e+00 0.000000e+00 0.000000e+00 0.000000e+00 0.000000e+00 0.000000e+00 0.000000e+00 0.000000e+00 0.000000e+00
1.308179 S 0.000000e+00 0.000000e+00 0.000000e+00 0.000000e+00 0.000000e+00 0.000000e+00 0.000000e+00 0.000000e+00 0.000000e+00 0.000000e+00 0.000000e+00 0.000000e+00 0.000000e+00 0.000000e+00
1.308179 lor 0.000000e+00 0.000000e+00 0.000000e+00 0.000000e+00 0.000000e+00 0.000000e+00 0.000000e+00 0.000000e+00 0.000000e+00 0.000000e+00 0.000000e+00 0.000000e+00 0.000000e+00 0.000000e+00
1.308179 advK 0.000000e+00 6.045692e-04 1.180239e-03 7.840485e-05 -5.175458e-04 -2.146270e-04 2.000068e-04 4.136018e-04 4.311329e-04 3.290376e-04 1.928399e-04 7.180655e-05 -1.864560e-05 -2.586901e-03
1.308179 pres 0.000000e+00 4.502888e-03 4.408137e-03 1.564542e-03 -1.231567e-03 -2.868001e-03 -3.318130e-03 -3.011297e-03 -2.379951e-03 -1.676953e-03 -1.017047e-03 -4.456814e-04 2.282922e-05 8.911653e-03
1.308179 difK 1.001422e-02 5.163232e-03 -3.466255e-03 -5.026994e-03 -3.911105e-03 -2.305647e-03 -1.010176e-03 -2.771162e-04 4.927747e-05 1.842195e-04 2.311629e-04 2.370426e-04 2.231084e-04 1.032248e-03
1.308179 advM 0.000000e+00 0.000000e+00 0.000000e+00 0.000000e+00 0.000000e+00 0.000000e+00 0.000000e+00 0.000000e+00 0.000000e+00 0.000000e+00 0.000000e+00 0.000000e+00 0.000000e+00 0.000000e+00
1.308179 difM 0.000000e+00 0.000000e+00 0.000000e+00 0.000000e+00 0.000000e+00 0.000000e+00 0.000000e+00 0.000000e+00 0.000000e+00 0.000000e+00 0.000000e+00 0.000000e+00 0.000000e+00 0.000000e+00
1.308179 cmpM 0.000000e+00 0.000000e+00 0.000000e+00 0.000000e+00 0.000000e+00 0.000000e+00 0.000000e+00 0.000000e+00 0.000000e+00 0.000000e+00 0.000000e+00 0.000000e+00 0.000000e+00 0.000000e+00
1.408808 eK 0.000000e+00 3.216515e-03 9.235738e-03 1.378547e-02 1.593108e-02 1.613894e-02 1.514250e-02 1.359795e-02 1.191221e-02 1.027649e-02 8.769221e-03 7.418581e-03 6.227524e-03 2.464702e-02
1.408808 eM 0.000000e+00 0.000000e+00 0.000000e+00 0.000000e+00 0.000000e+00 0.000000e+00 0.000000e+00 0.000000e+00 0.000000e+00 0.000000e+00 0.000000e+00 0.000000e+00 0.000000e+00 0.000000e+00
1.408808 visc 9.025505e-03 9.799284e-03 4.970127e-03 2.716789e-03 1.521376e-03 8.923285e-04 6.892246e-04 6.563836e-04 6.459162e-04 6.222866e-04 5.856774e-04 5.406852e-04 4.908233e-04 2.367650e-03
1.408808 ohm 0.000000e+00 0.000000e+00 0.000000e+00 0.000000e+00 0.000000e+00 0.000000e+00 0.000000e+00 0.000000e+00 0.000000e+00 0.000000e+00 0.000000e+00 0.000000e+00 0.000000e+00 0.000000e+00
1.408808 S 0.000000e+00 0.000000e+00 0.000000e+00 0.000000e+00 0.000000e+00 0.000000e+00 0.000000e+00 0.000000e+00 0.000000e+00 0.000000e+00 0.000000e+00 0.000000e+00 0.000000e+00 0.000000e+00
1.408808 lor 0.000000e+00 0.000000e+00 0.000000e+00 0.000000e+00 0.000000e+00 0.000000e+00 0.000000e+00 0.000000e+00 0.000000e+00 0.000000e+00 0.000000e+00 0.000000e+00 0.000000e+00 0.000000e+00
1.408808 advK 0.000000e+00 7.110746e-04 1.511560e-03 3.757250e-04 -3.398358e-04 -1.589123e-04 1.383055e-04 2.929340e-04 3.045906e-04 2.251383e-04 1.156541e-04 1.818575e-05 -5.489052e-05 -2.875236e-03
1.408808 pres 0.000000e+00 3.232590e-03 3.828080e-03 2.189486e-03 1.279141e-04 -1.407655e-03 -2.138473e-03 -2.229249e-03 -1.984995e-03 -1.620438e-03 -1.245261e-03 -9.052089e-04 -6.145587e-04 1.848140e-03
1.408808 difK 9.025505e-03 5.325512e-03 -3.292387e-03 -4.741903e-03 -3.717274e-03 -2.290306e-03 -1.058394e-03 -3.169038e-04 3.061808e-05 1.765086e-04 2.311766e-04 2.390322e-04 2.255162e-04 1.032165e-03
1.408808 advM 0.000000e+00 0.000000e+00 0.000000e+00 0.000000e+00 0.000000e+00 0.000000e+00 0.000000e+00 0.000000e+00 0.000000e+00 0.000000e+00 0.000000e+00 0.000000e+00 0.000000e+00 0.000000e+00
1.408808 difM 0.000000e+00 0.000000e+00 0.000000e+00 0.000000e+00 0.000000e+00 0.000000e+00 0.000000e+00 0.000000e+00 0.000000e+00 0.000000e+00 0.000000e+00 0.000000e+00 0.000000e+00 0.000000e+00
1.408808 cmpM 0.000000e+00 0.000000e+00 0.000000e+00 0.000000e+00 0.000000e+00 0.000000e+00 0.000000e+00 0.000000e+00 0.000000e+00 0.000000e+00 0.000000e+00 0.000000e+00 0.000000e+00 0.000000e+00
1.509437 eK 0.000000e+00 3.212043e-03 8.986496e-03 1.323667e-02 1.522663e-02 1.544964e-02 1.454718e-02 1.310954e-02 1.152486e-02 9.980268e-03 8.554133e-03 7.274405e-03 6.144497e-03 2.512810e-02
1.509437 eM 0.000000e+00 0.000000e+00 0.000000e+00 0.000000e+00 0.000000e+00 0.000000e+00 0.000000e+00 0.000000e+00 0.000000e+00 0.000000e+00 0.000000e+00 0.000000e+00 0.000000e+00 0.000000e+00
1.509437 visc 9.245606e-03 9.516820e-03 4.741787e-03 2.697323e-03 1.612656e-03 9.726981e-04 7.331357e-04 6.821548e-04 6.658484e-04 6.394651e-04 6.003890e-04 5.528482e-04 5.005254e-04 2.393434e-03
1.509437 ohm 0.000000e+00 0.000000e+00 0.000000e+00 0.000000e+00 0.000000e+00 0.000000e+00 0.000000e+00 0.000000e+00 0.000000e+00 0.000000e+00 0.000000e+00 0.000000e+00 0.000000e+00 0.000000e+00
1.509437 S 0.000000e+00 0.000000e+00 0.000000e+00 0.000000e+00 0.000000e+00 0.000000e+00 0.000000e+00 0.000000e+00 0.000000e+00 0.000000e+00 0.000000e+00 0.000000e+00 0.000000e+00 0.000000e+00
1.509437 lor 0.000000e+00 0.000000e+00 0.000000e+00 0.000000e+00 0.000000e+00 0.000000e+00 0.000000e+00 0.000000e+00 0.000000e+00 0.000000e+00 0.000000e+00 0.000000e+00 0.000000e+00 0.000000e+00
1.509437 advK 0.000000e+00 8.003677e-04 1.598192e-03 3.070311e-04 -5.118529e-04 -3.530657e-04 -3.197118e-05 1.618317e-04 2.292345e-04 2.090162e-04 1.524263e-04 9.370214e-05 4.526514e-05 -2.475814e-03
1.509437 pres 0.000000e+00 5.943616e-03 5.899455e-03 1.939149e-03 -2.130066e-03 -4.626080e-03 -5.434698e-03 -5.094154e-03 -4.205964e-03 -3.150693e-03 -2.114912e-03 -1.179786e-03 -3.785373e-04 1.332617e-02
1.509437 difK 9.245606e-03 4.684538e-03 -3.477786e-03 -4.503237e-03 -3.396717e-03 -2.130427e-03 -1.013843e-03 -3.045335e-04 3.555655e-05 1.812858e-04 2.344908e-04 2.416904e-04 2.250676e-04 9.721148e-04
1.509437 advM 0.000000e+00 0.000000e+00 0.000000e+00 0.000000e+00 0.000000e+00 0.000000e+00 0.000000e+00 0.000000e+00 0.000000e+00 0.000000e+00 0.000000e+00 0.000000e+00 0.000000e+00 0.000000e+00
1.509437 difM 0.000000e+00 0.000000e+00 0.000000e+00 0.000000e+00 0.000000e+00 0.000000e+00 0.000000e+00 0.000000e+00 0.000000e+00 0.000000e+00 0.000000e+00 0.000000e+00 0.000000e+00 0.000000e+00
1.509437 cmpM 0.000000e+00 0.000000e+00 0.000000e+00 0.000000e+00 0.000000e+00 0.000000e+00 0.000000e+00 0.000000e+00 0.000000e+00 0.000000e+00 0.000000e+00 0.000000e+00 0.000000e+00 0.000000e+00
1.610066 eK 0.000000e+00 3.158421e-03 8.742907e-03 1.272613e-02 1.457487e-02 1.481048e-02 1.400101e-02 1.267280e-02 1.119075e-02 9.737633e-03 8.389788e-03 7.175759e-03 6.099580e-03 2.566759e-02
1.610066 eM 0.000000e+00 0.000000e+00 0.000000e+00 0.000000e+00 0.000000e+00 0.000000e+00 0.000000e+00 0.000000e+00 0.000000e+00 0.000000e+00 0.000000e+00 0.000000e+00 0.000000e+00 0.000000e+00
1.610066 visc 9.157036e-03 9.232916e-03 4.497748e-03 2.670688e-03 1.689585e-03 1.048350e-03 7.768105e-04 7.069870e-04 6.846278e-04 6.560750e-04 6.152230e-04 5.657637e-04 5.114093e-04 2.431989e-03
1.610066 ohm 0.000000e+00 0.000000e+00 0.000000e+00 0.000000e+00 0.000000e+00 0.000000e+00 0.000000e+00 0.000000e+00 0.000000e+00 0.000000e+00 0.000000e+00 0.000000e+00 0.000000e+00 0.000000e+00
1.610066 S 0.000000e+00 0.000000e+00 0.000000e+00 0.000000e+00 0.000000e+00 0.000000e+00 0.000000e+00 0.000000e+00 0.000000e+00 0.000000e+00 0.000000e+00 0.000000e+00 0.000000e+00 0.000000e+00
1.610066 lor 0.000000e+00 0.000000e+00 0.000000e+00 0.000000e+00 0.000000e+00 0.000000e+00 0.000000e+00 0.000000e+00 0.000000e+00 0.000000e+00 0.000000e+00 0.000000e+00 0.000000e+00 0.000000e+00
1.610066 advK 0.000000e+00 8.011091e-04 1.607245e-03 1.892653e-04 -6.826802e-04 -5.496375e-04 -2.343502e-04 -1.982087e-05 9.162349e-05 1.321633e-04 1.367117e-04 1.316642e-04 1.249143e-04 -1.438393e-03
1.610066 pres 0.000000e+00 3.359914e-03 3.634631e-03 1.659055e-03 -3.797866e-04 -1.709261e-03 -2.222707e-03 -2.123550e-03 -1.734448e-03 -1.282789e-03 -8.772709e-04 -5.516172e-04 -3.038416e-04 2.752878e-03
1.610066 difK 9.157036e-03 4.354588e-03 -3.729180e-03 -4.295511e-03 -3.110232e-03 -1.970189e-03 -9.651657e-04 -2.956859e-04 3.745180e-05 1.797805e-04 2.335676e-04 2.402368e-04 2.232812e-04 9.255613e-04
1.610066 advM 0.000000e+00 0.000000e+00 0.000000e+00 0.000000e+00 0.000000e+00 0.000000e+00 0.000000e+00 0.000000e+00 0.000000e+00 0.000000e+00 0.000000e+00 0.000000e+00 0.000000e+00 0.000000e+00
1.610066 difM 0.000000e+00 0.000000e+00 0.000000e+00 0.000000e+00 0.000000e+00 0.000000e+00 0.000000e+00 0.000000e+00 0.000000e+00 0.000000e+00 0.000000e+00 0.000000e+00 0.000000e+00 0.000000e+00
1.610066 cmpM 0.000000e+00 0.000000e+00 0.000000e+00 0.000000e+00 0.000000e+00 0.000000e+00 0.000000e+00 0.000000e+00 0.000000e+00 0.000000e+00 0.000000e+00 0.000000e+00 0.000000e+00 0.000000e+00
1.710695 eK 0.000000e+00 3.011318e-03 8.395849e-03 1.222341e-02 1.402277e-02 1.431470e-02 1.360035e-02 1.236015e-02 1.094997e-02 9.555169e-03 8.254430e-03 7.077390e-03 6.030247e-03 2.555729e-02
1.710695 eM 0.000000e+00 0.000000e+00 0.000000e+00 0.000000e+00 0.000000e+00 0.000000e+00 0.000000e+00 0.000000e+00 0.000000e+00 0.000000e+00 0.000000e+00 0.000000e+00 0.000000e+00 0.000000e+00
1.710695 visc 8.659626e-03 8.833323e-03 4.275611e-03 2.619829e-03 1.753103e-03 1.117230e-03 8.189008e-04 7.312312e-04 7.029102e-04 6.722802e-04 6.297051e-04 5.782863e-04 5.218532e-04 2.464379e-03
1.710695 ohm 0.000000e+00 0.000000e+00 0.000000e+00 0.000000e+00 0.000000e+00 0.000000e+00 0.000000e+00 0.000000e+00 0.000000e+00 0.000000e+00 0.000000e+00 0.000000e+00 0.000000e+00 0.000000e+00
1.710695 S 0.000000e+00 0.000000e+00 0.000000e+00 0.000000e+00 0.000000e+00 0.000000e+00 0.000000e+00 0.000000e+00 0.000000e+00 0.000000e+00 0.000000e+00 0.000000e+00 0.000000e+00 0.000000e+00
1.710695 lor 0.000000e+00 0.000000e+00 0.000000e+00 0.000000e+00 0.000000e+00 0.000000e+00 0.000000e+00 0.000000e+00 0.000000e+00 0.000000e+00 0.000000e+00 0.000000e+00 0.000000e+00 0.000000e+00
1.710695 advK 0.000000e+00 9.525426e-04 1.908923e-03 4.156633e-04 -5.305155e-04 -4.378627e-04 -1.787575e-04 -2.636968e-05 4.698833e-05 7.872683e-05 9.325165e-05 1.015761e-04 1.042984e-04 -2.188933e-03
1.710695 pres 0.000000e+00 4.253490e-03 4.690207e-03 2.204057e-03 -4.878676e-04 -2.322321e-03 -3.129062e-03 -3.132588e-03 -2.714413e-03 -2.156328e-03 -1.603809e-03 -1.113609e-03 -6.986244e-04 4.214526e-03
1.710695 difK 8.659626e-03 4.269079e-03 -3.692207e-03 -4.108835e-03 -2.902914e-03 -1.883439e-03 -9.614444e-04 -3.088379e-04 2.776700e-05 1.740919e-04 2.289495e-04 2.379585e-04 2.214121e-04 9.079510e-04
1.710695 advM 0.000000e+00 0.000000e+00 0.000000e+00 0.000000e+00 0.000000e+00 0.000000e+00 0.000000e+00 0.000000e+00 0.000000e+00 0.000000e+00 0.000000e+00 0.000000e+00 0.000000e+00 0.000000e+00
1.710695 difM 0.000000e+00 0.000000e+00 0.000000e+00 0.000000e+00 0.000000e+00 0.000000e+00 0.000000e+00 0.000000e+00 0.000000e+00 0.000000e+00 0.000000e+00 0.000000e+00 0.000000e+00 0.000000e+00
1.710695 cmpM 0.000000e+00 0.000000e+00 0.000000e+00 0.000000e+00 0.000000e+00 0.000000e+00 0.000000e+00 0.000000e+00 0.000000e+00 0.000000e+00 0.000000e+00 0.000000e+00 0.000000e+00 0.000000e+00
1.811325 eK 0.000000e+00 3.007384e-03 8.200586e-03 1.175570e-02 1.337600e-02 1.363731e-02 1.298780e-02 1.184720e-02 1.054216e-02 9.248681e-03 8.039601e-03 6.941666e-03 5.959897e-03 2.609166e-02
1.811325 eM 0.000000e+00 0.000000e+00 0.000000e+00 0.000000e+00 0.000000e+00 0.000000e+00 0.000000e+00 0.000000e+00 0.000000e+00 0.000000e+00 0.000000e+00 0.000000e+00 0.000000e+00 0.000000e+00
1.811325 visc 8.822430e-03 8.606464e-03 4.064504e-03 2.566858e-03 1.798020e-03 1.177899e-03 8.583190e-04 7.543086e-04 7.204710e-04 6.882000e-04 6.441499e-04 5.908911e-04 5.323778e-04 2.493769e-03
1.811325 ohm 0.000000e+00 0.000000e+00 0.000000e+00 0.000000e+00 0.000000e+00 0.000000e+00 0.000000e+00 0.000000e+00 0.000000e+00 0.000000e+00 0.000000e+00 0.000000e+00 0.000000e+00 0.000000e+00
1.811325 S 0.000000e+00 0.000000e+00 0.000000e+00 0.000000e+00 0.000000e+00 0.000000e+00 0.000000e+00 0.000000e+00 0.000000e+00 0.000000e+00 0.000000e+00 0.000000e+00 0.000000e+00 0.000000e+00
1.811325 lor 0.000000e+00 0.000000e+00 0.000000e+00 0.000000e+00 0.000000e+00 0.000000e+00 0.000000e+00 0.000000e+00 0.000000e+00 0.000000e+00 0.000000e+00 0.000000e+00 0.000000e+00 0.000000e+00
1.811325 advK 0.000000e+00 9.279220e-04 1.792550e-03 2.042532e-04 -7.599126e-04 -6.665330e-04 -3.920615e-04 -2.152987e-04 -1.043745e-04 -1.678200e-05 6.192031e-05 1.326703e-04 1.879632e-04 -8.307328e-04
1.811325 pres 0.000000e+00 5.200801e-03 5.240653e-03 1.839024e-03 -1.537249e-03 -3.638870e-03 -4.387307e-03 -4.142177e-03 -3.396314e-03 -2.504854e-03 -1.648414e-03 -8.969240e-04 -2.673165e-04 1.146323e-02
1.811325 difK 8.822430e-03 3.770690e-03 -3.924168e-03 -3.960934e-03 -2.629075e-03 -1.701272e-03 -8.850201e-04 -2.819316e-04 4.029323e-05 1.782252e-04 2.290073e-04 2.351821e-04 2.177202e-04 8.497251e-04
1.811325 advM 0.000000e+00 0.000000e+00 0.000000e+00 0.000000e+00 0.000000e+00 0.000000e+00 0.000000e+00 0.000000e+00 0.000000e+00 0.000000e+00 0.000000e+00 0.000000e+00 0.000000e+00 0.000000e+00
1.811325 difM 0.000000e+00 0.000000e+00 0.000000e+00 0.000000e+00 0.000000e+00 0.000000e+00 0.000000e+00 0.000000e+00 0.000000e+00 0.000000e+00 0.000000e+00 0.000000e+00 0.000000e+00 0.000000e+00
1.811325 cmpM 0.000000e+00 0.000000e+00 0.000000e+00 0.000000e+00 0.000000e+00 0.000000e+00 0.000000e+00 0.000000e+00 0.000000e+00 0.000000e+00 0.000000e+00 0.000000e+00 0.000000e+00 0.000000e+00
1.911954 eK 0.000000e+00 2.940547e-03 7.969717e-03 1.131263e-02 1.280763e-02 1.306238e-02 1.248232e-02 1.143362e-02 1.021923e-02 9.009278e-03 7.874041e-03 6.837896e-03 5.905829e-03 2.641573e-02
1.911954 eM 0.000000e+00 0.000000e+00 0.000000e+00 0.000000e+00 0.000000e+00 0.000000e+00 0.000000e+00 0.000000e+00 0.000000e+00 0.000000e+00 0.000000e+00 0.000000e+00 0.000000e+00 0.000000e+00
1.911954 visc 8.650631e-03 8.345031e-03 3.847532e-03 2.502264e-03 1.826940e-03 1.228296e-03 8.938488e-04 7.748784e-04 7.361554e-04 7.032535e-04 6.587713e-04 6.044458e-04 5.443952e-04 2.537780e-03
1.911954 ohm 0.000000e+00 0.000000e+00 0.000000e+00 0.000000e+00 0.000000e+00 0.000000e+00 0.000000e+00 0.000000e+00 0.000000e+00 0.000000e+00 0.000000e+00 0.000000e+00 0.000000e+00 0.000000e+00
1.911954 S 0.000000e+00 0.000000e+00 0.000000e+00 0.000000e+00 0.000000e+00 0.000000e+00 0.000000e+00 0.000000e+00 0.000000e+00 0.000000e+00 0.000000e+00 0.000000e+00 0.000000e+00 0.000000e+00
1.911954 lor 0.000000e+00 0.000000e+00 0.000000e+00 0.000000e+00 0.000000e+00 0.000000e+00 0.000000e+00 0.000000e+00 0.000000e+00 0.000000e+00 0.000000e+00 0.000000e+00 0.000000e+00 0.000000e+00
1.911954 advK 0.000000e+00 9.707273e-04 1.875178e-03 2.052153e-04 -7.918083e-04 -7.063297e-04 -4.319370e-04 -2.609518e-04 -1.527658e-04 -5.148202e-05 5.615375e-05 1.590644e-04 2.409578e-04 -7.449883e-04
1.911954 pres 0.000000e+00 3.300847e-03 3.631320e-03 1.830684e-03 8.919712e-05 -1.047863e-03 -1.566116e-03 -1.587751e-03 -1.359373e-03 -1.080152e-03 -8.488462e-04 -6.880753e-04 -5.816783e-04 -5.141595e-04
1.911954 difK 8.650631e-03 3.557614e-03 -4.086043e-03 -3.819863e-03 -2.411098e-03 -1.556794e-03 -8.345791e-04 -2.713376e-04 4.210666e-05 1.777384e-04 2.255853e-04 2.314451e-04 2.136509e-04 8.139458e-04
1.911954 advM 0.000000e+00 0.000000e+00 0.000000e+00 0.000000e+00 0.000000e+00 0.000000e+00 0.000000e+00 0.000000e+00 0.000000e+00 0.000000e+00 0.000000e+00 0.000000e+00 0.000000e+00 0.000000e+00
1.911954 difM 0.000000e+00 0.000000e+00 0.000000e+00 0.000000e+00 0.000000e+00 0.000000e+00 0.000000e+00 0.000000e+00 0.000000e+00 0.000000e+00 0.000000e+00 0.000000e+00 0.000000e+00 0.000000e+00
1.911954 cmpM 0.000000e+00 0.000000e+00 0.000000e+00 0.000000e+00 0.000000e+00 0.000000e+00 0.000000e+00 0.000000e+00 0.000000e+00 0.000000e+00 0.000000e+00 0.000000e+00 0.000000e+00 0.000000e+00
2.000311 eK 0.000000e+00 2.790314e-03 7.651843e-03 1.089637e-02 1.236575e-02 1.266380e-02 1.215632e-02 1.117764e-02 1.002123e-02 8.859999e-03 7.765444e-03 6.761344e-03 5.852949e-03 2.624826e-02
2.000311 eM 0.000000e+00 0.000000e+00 0.000000e+00 0.000000e+00 0.000000e+00 0.000000e+00 0.000000e+00 0.000000e+00 0.000000e+00 0.000000e+00 0.000000e+00 0.000000e+00 0.000000e+00 0.000000e+00
2.000311 visc 8.120869e-03 7.979365e-03 3.677455e-03 2.432312e-03 1.842959e-03 1.265516e-03 9.220565e-04 7.919614e-04 7.494893e-04 7.162670e-04 6.714595e-04 6.161251e-04 5.545812e-04 2.568211e-03
2.000311 ohm 0.000000e+00 0.000000e+00 0.000000e+00 0.000000e+00 0.000000e+00 0.000000e+00 0.000000e+00 0.000000e+00 0.000000e+00 0.000000e+00 0.000000e+00 0.000000e+00 0.000000e+00 0.000000e+00
2.000311 S 0.000000e+00 0.000000e+00 0.000000e+00 0.000000e+00 0.000000e+00 0.000000e+00 0.000000e+00 0.000000e+00 0.000000e+00 0.000000e+00 0.000000e+00 0.000000e+00 0.000000e+00 0.000000e+00
2.000311 lor 0.000000e+00 0.000000e+00 0.000000e+00 0.000000e+00 0.000000e+00 0.000000e+00 0.000000e+00 0.000000e+00 0.000000e+00 0.000000e+00 0.000000e+00 0.000000e+00 0.000000e+00 0.000000e+00
2.000311 advK 0.000000e+00 1.011668e-03 1.963052e-03 2.946015e-04 -7.018441e-04 -6.186105e-04 -3.844544e-04 -2.760087e-04 -2.223108e-04 -1.478063e-04 -4.071559e-05 7.747772e-05 1.806199e-04 -7.954730e-04
2.000311 pres 0.000000e+00 3.758977e-03 3.974796e-03 1.556921e-03 -8.257206e-04 -2.375651e-03 -3.037941e-03 -2.976798e-03 -2.518848e-03 -1.940111e-03 -1.391903e-03 -9.277733e-04 -5.509702e-04 4.714962e-03
2.000311 difK 8.120869e-03 3.557999e-03 -3.973429e-03 -3.688738e-03 -2.272066e-03 -1.490938e-03 -8.285931e-04 -2.844956e-04 3.307803e-05 1.719193e-04 2.198190e-04 2.259129e-04 2.091605e-04 8.030862e-04
2.000311 advM 0.000000e+00 0.000000e+00 0.000000e+00 0.000000e+00 0.000000e+00 0.000000e+00 0.000000e+00 0.000000e+00 0.000000e+00 0.000000e+00 0.000000e+00 0.000000e+00 0.000000e+00 0.000000e+00
2.000311 difM 0.000000e+00 0.000000e+00 0.000000e+00 0.000000e+00 0.000000e+00 0.000000e+00 0.000000e+00 0.000000e+00 0.000000e+00 0.000000e+00 0.000000e+00 0.000000e+00 0.000000e+00 0.000000e+00
2.000311 cmpM 0.000000e+00 0.000000e+00 0.000000e+00 0.000000e+00 0.000000e+00 0.000000e+00 0.000000e+00 0.000000e+00 0.000000e+00 0.000000e+00 0.000000e+00 0.000000e+00 0.000000e+00 0.000000e+00
