# tg_mhd (Kokkos FP64)  hydro_noslip_nofield_n65_re200_va1.41421  N=65 Re=200 h=4.90873852e-02 delta=7.07106781e-02 delta/h=1.440506 layers=33
# layer k: the nodes k cells from the nearest wall, i.e. the slab [(k-1/2)h, (k+1/2)h] ([0, h/2] for k = 0)
# row 'vol': each layer's share of the volume; then per probe: t and each layer's share of eps
# vol 4.614639e-02 8.798981e-02 8.240509e-02 7.700348e-02 7.178497e-02 6.674957e-02 6.189728e-02 5.722809e-02 5.274200e-02 4.843903e-02 4.431915e-02 4.038239e-02 3.662872e-02 3.305817e-02 2.967072e-02 2.646637e-02 2.344513e-02 2.060699e-02 1.795197e-02 1.548004e-02 1.319122e-02 1.108551e-02 9.162903e-03 7.423401e-03 5.867004e-03 4.493713e-03 3.303528e-03 2.296448e-03 1.472473e-03 8.316040e-04 3.738403e-04 9.918213e-05 3.814697e-06
0.000000 7.87158e-01 1.75024e-01 2.62491e-03 2.63631e-03 2.64178e-03 2.63587e-03 2.61383e-03 2.57185e-03 2.50722e-03 2.41849e-03 2.30549e-03 2.16940e-03 2.01263e-03 1.83871e-03 1.65209e-03 1.45783e-03 1.26136e-03 1.06814e-03 8.83324e-04 7.11472e-04 5.56318e-04 4.20564e-04 3.05770e-04 2.12325e-04 1.39505e-04 8.55995e-05 4.81233e-05 2.40695e-05 1.02008e-05 3.34931e-06 7.02790e-07 5.50198e-08 0.00000e+00
0.100629 5.68366e-01 3.30403e-01 3.17165e-02 5.21203e-03 5.30746e-03 5.17749e-03 5.15838e-03 5.07577e-03 4.94947e-03 4.77541e-03 4.55265e-03 4.28373e-03 3.97354e-03 3.62922e-03 3.25972e-03 2.87524e-03 2.48662e-03 2.10469e-03 1.73968e-03 1.40056e-03 1.09465e-03 8.27219e-04 6.01259e-04 4.17434e-04 2.74231e-04 1.68246e-04 9.45742e-05 4.72970e-05 2.00430e-05 6.58048e-06 1.38075e-06 1.08094e-07 5.80846e-34
0.201258 4.83785e-01 3.61938e-01 6.50399e-02 7.45293e-03 6.70405e-03 6.61184e-03 6.53207e-03 6.44815e-03 6.29688e-03 6.08181e-03 5.80257e-03 5.46250e-03 5.06775e-03 4.62817e-03 4.15550e-03 3.66334e-03 3.16589e-03 2.67734e-03 2.21090e-03 1.77814e-03 1.38832e-03 1.04803e-03 7.60924e-04 5.27709e-04 3.46317e-04 2.12276e-04 1.19231e-04 5.95883e-05 2.52377e-05 8.28229e-06 1.73724e-06 1.35974e-07 1.51265e-34
0.301887 4.21795e-01 3.72919e-01 9.52049e-02 1.28497e-02 7.61934e-03 7.86816e-03 7.77192e-03 7.66727e-03 7.50543e-03 7.26113e-03 6.93620e-03 6.53464e-03 6.06531e-03 5.53980e-03 4.97346e-03 4.38287e-03 3.78585e-03 3.19965e-03 2.64041e-03 2.12203e-03 1.65561e-03 1.24892e-03 9.06191e-04 6.28085e-04 4.11983e-04 2.52421e-04 1.41731e-04 7.08155e-05 2.99874e-05 9.83981e-06 2.06379e-06 1.61527e-07 1.34433e-34
0.402517 3.82593e-01 3.69178e-01 1.17682e-01 2.05848e-02 8.47942e-03 8.76171e-03 8.80886e-03 8.70045e-03 8.52918e-03 8.26650e-03 7.90375e-03 7.44775e-03 6.90933e-03 6.30441e-03 5.65132e-03 4.97100e-03 4.28447e-03 3.61241e-03 2.97339e-03 2.38333e-03 1.85450e-03 1.39526e-03 1.00978e-03 6.98179e-04 4.56925e-04 2.79382e-04 1.56585e-04 7.81159e-05 3.30365e-05 1.08296e-05 2.26978e-06 1.77572e-07 2.34704e-34
0.503146 3.55180e-01 3.59034e-01 1.33355e-01 2.98019e-02 9.90752e-03 9.43750e-03 9.73361e-03 9.67997e-03 9.50519e-03 9.22510e-03 8.83013e-03 8.32439e-03 7.72257e-03 7.04343e-03 6.30967e-03 5.54516e-03 4.77460e-03 4.02119e-03 3.30609e-03 2.64688e-03 2.05718e-03 1.54598e-03 1.11764e-03 7.71978e-04 5.04762e-04 3.08383e-04 1.72722e-04 8.61170e-05 3.64039e-05 1.19294e-05 2.49969e-06 1.95531e-07 4.96826e-34
0.603775 3.24247e-01 3.52906e-01 1.46023e-01 3.94023e-02 1.23095e-02 1.02094e-02 1.07133e-02 1.07927e-02 1.06308e-02 1.03258e-02 9.88463e-03 9.31462e-03 8.63246e-03 7.86220e-03 7.03063e-03 6.16646e-03 5.29776e-03 4.45129e-03 3.65053e-03 2.91510e-03 2.25964e-03 1.69362e-03 1.22115e-03 8.41331e-04 5.48780e-04 3.34531e-04 1.86992e-04 9.30708e-05 3.92869e-05 1.28596e-05 2.69242e-06 2.10501e-07 8.33739e-35
0.704404 3.15492e-01 3.37518e-01 1.50793e-01 4.73521e-02 1.50532e-02 1.08304e-02 1.13370e-02 1.15896e-02 1.14690e-02 1.11421e-02 1.06548e-02 1.00249e-02 9.27401e-03 8.42925e-03 7.52161e-03 6.58243e-03 5.64258e-03 4.73034e-03 3.87074e-03 3.08401e-03 2.38529e-03 1.78389e-03 1.28352e-03 8.82504e-04 5.74550e-04 3.49634e-04 1.95137e-04 9.69982e-05 4.09013e-05 1.33770e-05 2.79913e-06 2.18767e-07 2.42791e-35
0.805033 2.97076e-01 3.28234e-01 1.54740e-01 5.55264e-02 1.87954e-02 1.19655e-02 1.21964e-02 1.26169e-02 1.25601e-02 1.22093e-02 1.16601e-02 1.09517e-02 1.01130e-02 9.17546e-03 8.17285e-03 7.13987e-03 6.10962e-03 5.11281e-03 4.17600e-03 3.32094e-03 2.56344e-03 1.91322e-03 1.37371e-03 9.42569e-04 6.12422e-04 3.71981e-04 2.07254e-04 1.02869e-04 4.33232e-05 1.41555e-05 2.95997e-06 2.31241e-07 1.28247e-34
0.905662 2.83673e-01 3.18644e-01 1.56373e-01 6.17324e-02 2.28251e-02 1.34208e-02 1.30935e-02 1.36019e-02 1.36020e-02 1.32189e-02 1.25936e-02 1.17926e-02 1.08574e-02 9.82387e-03 8.72845e-03 7.60736e-03 6.49543e-03 5.42425e-03 4.42137e-03 3.50890e-03 2.70303e-03 2.01325e-03 1.44257e-03 9.87809e-04 6.40575e-04 3.88376e-04 2.16039e-04 1.07078e-04 4.50441e-05 1.47046e-05 3.07285e-06 2.39966e-07 4.58125e-34
1.006291 2.81972e-01 3.06057e-01 1.53470e-01 6.61712e-02 2.66428e-02 1.50540e-02 1.39200e-02 1.43925e-02 1.44247e-02 1.40107e-02 1.33131e-02 1.24265e-02 1.14051e-02 1.02904e-02 9.11995e-03 7.93058e-03 6.75709e-03 5.63142e-03 4.58106e-03 3.62832e-03 2.78917e-03 2.07293e-03 1.48202e-03 1.01256e-03 6.55176e-04 3.96403e-04 2.20081e-04 1.08900e-04 4.57464e-05 1.49176e-05 3.11492e-06 2.43136e-07 1.68930e-34
1.106921 2.71388e-01 2.98591e-01 1.51283e-01 7.03190e-02 3.09872e-02 1.72657e-02 1.51020e-02 1.53999e-02 1.54257e-02 1.49704e-02 1.41942e-02 1.32125e-02 1.20949e-02 1.08884e-02 9.63271e-03 8.36432e-03 7.11819e-03 5.92610e-03 4.81600e-03 3.81043e-03 2.92587e-03 2.17175e-03 1.55051e-03 1.05775e-03 6.83359e-04 4.12817e-04 2.28868e-04 1.13102e-04 4.74610e-05 1.54635e-05 3.22698e-06 2.51788e-07 3.81140e-34
1.207550 2.61760e-01 2.90431e-01 1.49375e-01 7.34385e-02 3.53497e-02 1.98549e-02 1.65315e-02 1.65278e-02 1.64868e-02 1.59627e-02 1.50888e-02 1.39964e-02 1.27680e-02 1.14584e-02 1.01091e-02 8.75728e-03 7.43693e-03 6.17965e-03 5.01280e-03 3.95888e-03 3.03402e-03 2.24750e-03 1.60115e-03 1.08990e-03 7.02571e-04 4.23523e-04 2.34337e-04 1.15604e-04 4.84393e-05 1.57643e-05 3.28698e-06 2.56342e-07 4.01248e-34
1.308179 2.70889e-01 2.80499e-01 1.41305e-01 7.36789e-02 3.82137e-02 2.18935e-02 1.74792e-02 1.70674e-02 1.69235e-02 1.63474e-02 1.54179e-02 1.42652e-02 1.29801e-02 1.16220e-02 1.02341e-02 8.85206e-03 7.50859e-03 6.23314e-03 5.05192e-03 3.98631e-03 3.05215e-03 2.25837e-03 1.60682e-03 1.09215e-03 7.02936e-04 4.23074e-04 2.33743e-04 1.15155e-04 4.81967e-05 1.56709e-05 3.26543e-06 2.54556e-07 3.36889e-34
1.408808 2.54067e-01 2.75849e-01 1.39909e-01 7.64774e-02 4.28266e-02 2.51190e-02 1.94016e-02 1.84772e-02 1.81825e-02 1.75173e-02 1.64868e-02 1.52203e-02 1.38166e-02 1.23438e-02 1.08487e-02 9.36915e-03 7.93726e-03 6.58245e-03 5.33030e-03 4.20232e-03 3.21431e-03 2.37557e-03 1.68783e-03 1.14541e-03 7.35943e-04 4.42180e-04 2.43890e-04 1.19975e-04 5.01491e-05 1.62894e-05 3.39173e-06 2.64285e-07 9.25490e-34
1.509437 2.60039e-01 2.67667e-01 1.33366e-01 7.58641e-02 4.53571e-02 2.73578e-02 2.06199e-02 1.91861e-02 1.87274e-02 1.79854e-02 1.68864e-02 1.55492e-02 1.40776e-02 1.25433e-02 1.09971e-02 9.47688e-03 8.01425e-03 6.63643e-03 5.36733e-03 4.22655e-03 3.22901e-03 2.38323e-03 1.69073e-03 1.14544e-03 7.34680e-04 4.40632e-04 2.42631e-04 1.19173e-04 4.97506e-05 1.61430e-05 3.35882e-06 2.61595e-07 1.16047e-33
1.610066 2.59809e-01 2.61962e-01 1.27613e-01 7.57745e-02 4.79380e-02 2.97445e-02 2.20402e-02 2.00591e-02 1.94247e-02 1.86146e-02 1.74555e-02 1.60522e-02 1.45100e-02 1.29067e-02 1.12969e-02 9.72129e-03 8.21149e-03 6.79420e-03 5.49155e-03 4.32219e-03 3.30007e-03 2.43378e-03 1.72475e-03 1.16699e-03 7.47376e-04 4.47560e-04 2.46067e-04 1.20695e-04 5.03242e-05 1.63136e-05 3.39180e-06 2.64052e-07 4.35415e-34
1.710695 2.51892e-01 2.56945e-01 1.24370e-01 7.62060e-02 5.09945e-02 3.24982e-02 2.38203e-02 2.12702e-02 2.04464e-02 1.95554e-02 1.83170e-02 1.68213e-02 1.51797e-02 1.34761e-02 1.17716e-02 1.01104e-02 8.52637e-03 7.04565e-03 5.68943e-03 4.47443e-03 3.41377e-03 2.51533e-03 1.78055e-03 1.20309e-03 7.69340e-04 4.59977e-04 2.52512e-04 1.23680e-04 5.15077e-05 1.66805e-05 3.46566e-06 2.69672e-07 2.14523e-34
1.811325 2.57074e-01 2.50781e-01 1.18434e-01 7.47948e-02 5.23919e-02 3.43224e-02 2.50103e-02 2.19795e-02 2.09936e-02 2.00532e-02 1.87697e-02 1.72178e-02 1.55128e-02 1.37447e-02 1.19794e-02 1.02657e-02 8.63931e-03 7.12663e-03 5.74679e-03 4.51450e-03 3.44062e-03 2.53217e-03 1.78995e-03 1.20751e-03 7.70800e-04 4.60037e-04 2.52107e-04 1.23293e-04 5.12765e-05 1.65880e-05 3.44357e-06 2.67824e-07 2.41535e-34
1.911954 2.55526e-01 2.46499e-01 1.13650e-01 7.39129e-02 5.39649e-02 3.62819e-02 2.64029e-02 2.28887e-02 2.17449e-02 2.07730e-02 1.94591e-02 1.78544e-02 1.60806e-02 1.42346e-02 1.23899e-02 1.06011e-02 8.90835e-03 7.33966e-03 5.91380e-03 4.64323e-03 3.53731e-03 2.60185e-03 1.83773e-03 1.23835e-03 7.89454e-04 4.70490e-04 2.57481e-04 1.25754e-04 5.22419e-05 1.68839e-05 3.50258e-06 2.72279e-07 5.82417e-34
2.000311 2.46770e-01 2.42470e-01 1.11747e-01 7.39111e-02 5.60023e-02 3.84554e-02 2.80187e-02 2.40655e-02 2.27749e-02 2.17653e-02 2.04038e-02 1.87223e-02 1.68522e-02 1.49001e-02 1.29477e-02 1.10564e-02 9.27202e-03 7.62522e-03 6.13480e-03 4.81128e-03 3.66181e-03 2.69073e-03 1.89827e-03 1.27737e-03 8.13104e-04 4.83839e-04 2.64398e-04 1.28962e-04 5.35128e-05 1.72783e-05 3.58182e-06 2.78310e-07 6.12024e-35
