# tg_mhd (Kokkos FP64)  tgc_noslip_cond_n65_re200_drive0.1_bdrive0.1  N=65 Re=200 h=4.90873852e-02 delta=7.07106781e-02 delta/h=1.440506 layers=33
# layer k: the nodes k cells from the nearest wall, i.e. the slab [(k-1/2)h, (k+1/2)h] ([0, h/2] for k = 0)
# row 'vol': each layer's share of the volume; then per probe: t and each layer's share of eps
# vol 4.614639e-02 8.798981e-02 8.240509e-02 7.700348e-02 7.178497e-02 6.674957e-02 6.189728e-02 5.722809e-02 5.274200e-02 4.843903e-02 4.431915e-02 4.038239e-02 3.662872e-02 3.305817e-02 2.967072e-02 2.646637e-02 2.344513e-02 2.060699e-02 1.795197e-02 1.548004e-02 1.319122e-02 1.108551e-02 9.162903e-03 7.423401e-03 5.867004e-03 4.493713e-03 3.303528e-03 2.296448e-03 1.472473e-03 8.316040e-04 3.738403e-04 9.918213e-05 3.814697e-06
0.000000 6.79240e-01 1.59029e-01 1.13970e-02 1.15626e-02 1.16544e-02 1.16197e-02 1.14329e-02 1.10950e-02 1.06287e-02 1.00707e-02 9.46024e-03 8.82900e-03 8.19503e-03 7.56089e-03 6.91696e-03 6.24828e-03 5.54287e-03 4.79887e-03 4.02835e-03 3.25680e-03 2.51851e-03 1.84935e-03 1.27907e-03 8.25338e-04 4.91044e-04 2.65299e-04 1.27492e-04 5.29016e-05 1.81060e-05 4.72097e-06 7.92022e-07 5.19711e-08 6.16498e-47
0.100629 4.33719e-01 2.62466e-01 3.97135e-02 1.94776e-02 1.93410e-02 1.97367e-02 2.06422e-02 2.04679e-02 1.91643e-02 1.78392e-02 1.67076e-02 1.55801e-02 1.44536e-02 1.33316e-02 1.21941e-02 1.10122e-02 9.76371e-03 8.44713e-03 7.08564e-03 5.72621e-03 4.42939e-03 3.25683e-03 2.25859e-03 1.46346e-03 8.75628e-04 4.76313e-04 2.30600e-04 9.63772e-05 3.31775e-05 8.67892e-06 1.45616e-06 9.53382e-08 4.40637e-36
0.201258 3.45076e-01 2.69116e-01 6.42191e-02 2.37472e-02 2.25636e-02 2.35705e-02 2.54567e-02 2.56593e-02 2.38675e-02 2.19192e-02 2.03517e-02 1.89102e-02 1.75177e-02 1.61524e-02 1.47777e-02 1.33485e-02 1.18337e-02 1.02329e-02 8.58052e-03 6.93799e-03 5.37952e-03 3.97550e-03 2.77975e-03 1.82204e-03 1.10597e-03 6.11544e-04 3.01149e-04 1.27871e-04 4.45766e-05 1.17445e-05 1.97150e-06 1.28518e-07 5.18612e-35
0.301887 2.86736e-01 2.60414e-01 8.19586e-02 2.93859e-02 2.53740e-02 2.69720e-02 2.95421e-02 2.99312e-02 2.77850e-02 2.53053e-02 2.32603e-02 2.14644e-02 1.98263e-02 1.82814e-02 1.67557e-02 1.51720e-02 1.34786e-02 1.16717e-02 9.79839e-03 7.93899e-03 6.18242e-03 4.60497e-03 3.25918e-03 2.17152e-03 1.34452e-03 7.59980e-04 3.82679e-04 1.65818e-04 5.87127e-05 1.55931e-05 2.61410e-06 1.69038e-07 5.45579e-34
0.402517 2.48782e-01 2.44924e-01 9.25441e-02 3.53868e-02 2.84100e-02 3.02988e-02 3.32259e-02 3.35395e-02 3.10404e-02 2.81042e-02 2.55960e-02 2.34322e-02 2.15632e-02 1.98984e-02 1.83053e-02 1.66490e-02 1.48380e-02 1.28607e-02 1.07843e-02 8.72213e-03 6.78946e-03 5.07201e-03 3.61712e-03 2.44054e-03 1.53693e-03 8.86275e-04 4.55826e-04 2.01519e-04 7.25167e-05 1.94347e-05 3.25680e-06 2.08909e-07 3.60370e-34
0.503146 2.17385e-01 2.27307e-01 9.85042e-02 4.11935e-02 3.19219e-02 3.38832e-02 3.68613e-02 3.69119e-02 3.40694e-02 3.07317e-02 2.77931e-02 2.52637e-02 2.31699e-02 2.14320e-02 1.98585e-02 1.82224e-02 1.63589e-02 1.42306e-02 1.19294e-02 9.61932e-03 7.46225e-03 5.56774e-03 3.98274e-03 2.70957e-03 1.72916e-03 1.01435e-03 5.31794e-04 2.39585e-04 8.75673e-05 2.36700e-05 3.95986e-06 2.51338e-07 2.68835e-34
0.603775 1.93871e-01 2.10929e-01 1.00488e-01 4.59734e-02 3.56067e-02 3.75648e-02 4.03136e-02 3.98837e-02 3.66680e-02 3.29753e-02 2.96233e-02 2.67080e-02 2.43729e-02 2.25916e-02 2.11143e-02 1.95893e-02 1.77444e-02 1.55039e-02 1.29866e-02 1.04193e-02 8.02534e-03 5.94992e-03 4.24407e-03 2.89434e-03 1.86190e-03 1.10619e-03 5.89166e-04 2.69869e-04 1.00063e-04 2.72720e-05 4.55452e-06 2.85829e-07 4.72875e-34
0.704404 1.76618e-01 1.94016e-01 1.00017e-01 4.99355e-02 3.93783e-02 4.12663e-02 4.35998e-02 4.26278e-02 3.90917e-02 3.50830e-02 3.12523e-02 2.78471e-02 2.52324e-02 2.34552e-02 2.21583e-02 2.08150e-02 1.90365e-02 1.67187e-02 1.40127e-02 1.12029e-02 8.57254e-03 6.30816e-03 4.47442e-03 3.04769e-03 1.96921e-03 1.18141e-03 6.37891e-04 2.96680e-04 1.11519e-04 3.06341e-05 5.10271e-06 3.15908e-07 2.66052e-34
0.805033 1.58856e-01 1.78686e-01 9.81232e-02 5.33848e-02 4.31379e-02 4.47784e-02 4.67262e-02 4.54504e-02 4.18090e-02 3.75027e-02 3.30039e-02 2.89137e-02 2.59922e-02 2.43208e-02 2.32936e-02 2.21488e-02 2.04116e-02 1.79962e-02 1.51011e-02 1.20562e-02 9.18611e-03 6.71397e-03 4.72677e-03 3.20271e-03 2.06837e-03 1.24738e-03 6.80234e-04 3.20310e-04 1.21794e-04 3.36725e-05 5.58952e-06 3.40951e-07 6.60479e-34
0.905662 1.45668e-01 1.64243e-01 9.50097e-02 5.60982e-02 4.65942e-02 4.78643e-02 4.96030e-02 4.83472e-02 4.47315e-02 3.99068e-02 3.43622e-02 2.94341e-02 2.63804e-02 2.50629e-02 2.43927e-02 2.33763e-02 2.15729e-02 1.90030e-02 1.59349e-02 1.27219e-02 9.68930e-03 7.06357e-03 4.94665e-03 3.33122e-03 2.14398e-03 1.29544e-03 7.11712e-04 3.38734e-04 1.30112e-04 3.61541e-05 5.97373e-06 3.58456e-07 3.16241e-34
0.998928 1.35673e-01 1.51527e-01 9.15948e-02 5.82505e-02 4.94609e-02 5.03565e-02 5.21934e-02 5.12651e-02 4.76375e-02 4.19406e-02 3.51079e-02 2.94980e-02 2.66680e-02 2.58980e-02 2.55354e-02 2.44962e-02 2.25020e-02 1.97261e-02 1.65060e-02 1.31971e-02 1.00920e-02 7.38442e-03 5.17251e-03 3.47050e-03 2.22385e-03 1.34260e-03 7.41055e-04 3.55696e-04 1.37718e-04 3.83611e-05 6.29669e-06 3.71507e-07 2.71335e-34
