# tg_mhd (Kokkos FP64)  tgc_noslip_cond_n65_re200_ramp0.2  N=65 L=65 Re=200 Pm=1 u0=0.05 nu_lat=5.092958e-03 eta_lat=5.092958e-03 tau_f=0.515279 tau_m=0.520372 dt=2.454369e-03 fw=profile
# t E_V E_M E_T H_C Omega_V Omega_M eps EM/EV OmM/OmV j_max w_max skew divb/j divb_wall/j mass_drift umax_lat fw1 fw2 fw4 tau_wall
0.000000 1.25000000e-01 1.25000000e-01 2.50000000e-01 1.35679127e-19 3.74698900e-01 1.49518705e+00 1.86988595e-02 1.000000e+00 3.990369e+00 3.458540e+00 1.999197e+00 -2.965319e-18 9.0030e-16 1.3209e-15 +0.0000e+00 0.05000 9.04219e-02 1.82675e-01 3.69904e-01 7.29518e-08
0.100629 1.17277658e-01 1.22878883e-01 2.40156541e-01 4.49217088e-05 2.09991265e+00 1.47648525e+00 3.57639790e-02 1.047760e+00 7.031175e-01 3.493451e+00 1.421578e+01 1.304815e-01 5.2737e-04 1.3496e-03 -1.1532e-05 0.05105 5.20516e-01 5.75642e-01 6.73083e-01 3.10971e-02
0.201258 1.10539571e-01 1.21313428e-01 2.31852999e-01 -2.28357365e-04 5.34517720e+00 1.48684831e+00 6.83202551e-02 1.097466e+00 2.781663e-01 3.593127e+00 2.263988e+01 3.639814e-02 2.0704e-03 5.2714e-03 -5.8687e-05 0.05135 7.26389e-01 7.74828e-01 8.26727e-01 4.95401e-02
0.301887 1.06289069e-01 1.20023028e-01 2.26312096e-01 -3.76856489e-04 3.97710950e+00 1.52783803e+00 5.50494753e-02 1.129213e+00 3.841579e-01 3.742522e+00 1.841657e+01 2.102431e-01 3.7918e-03 9.0593e-03 -4.6838e-05 0.05120 6.33759e-01 7.12045e-01 7.79256e-01 3.87497e-02
0.402517 1.02527907e-01 1.18603304e-01 2.21131211e-01 -5.30621452e-04 3.33507648e+00 1.58868800e+00 4.92376448e-02 1.156790e+00 4.763573e-01 3.968190e+00 1.660082e+01 2.030957e-01 5.0097e-03 1.1451e-02 +5.3095e-06 0.05009 5.61491e-01 6.63612e-01 7.44543e-01 3.28805e-02
0.503146 9.94476133e-02 1.16952239e-01 2.16399853e-01 -6.63325629e-04 2.96208167e+00 1.66333131e+00 4.62541298e-02 1.176019e+00 5.615413e-01 4.229813e+00 1.528246e+01 1.798227e-01 5.8578e-03 1.3172e-02 -7.1781e-05 0.04859 5.02843e-01 6.21174e-01 7.15459e-01 2.92650e-02
0.603775 9.65115842e-02 1.15324759e-01 2.11836344e-01 -8.08625246e-04 2.72217173e+00 1.75391795e+00 4.47608968e-02 1.194932e+00 6.443083e-01 4.470331e+00 1.436252e+01 2.973649e-01 6.4914e-03 1.4502e-02 -7.7082e-05 0.04793 4.54108e-01 5.82713e-01 6.90546e-01 2.67179e-02
0.704404 9.36883890e-02 1.13642518e-01 2.07330907e-01 -9.03676532e-04 2.58497453e+00 1.85820267e+00 4.44317720e-02 1.212984e+00 7.188476e-01 4.685172e+00 1.395126e+01 2.775169e-01 7.0239e-03 1.5594e-02 -2.4169e-05 0.04732 4.15963e-01 5.49833e-01 6.70392e-01 2.49490e-02
0.805033 9.13016945e-02 1.11599593e-01 2.02901287e-01 -9.74616392e-04 2.46542415e+00 1.96662309e+00 4.43204724e-02 1.222317e+00 7.976814e-01 4.802582e+00 1.365977e+01 3.096373e-01 7.5078e-03 1.6501e-02 -7.3914e-05 0.04651 3.78963e-01 5.15677e-01 6.48881e-01 2.33333e-02
0.905662 8.89756906e-02 1.09303300e-01 1.98278991e-01 -1.00461567e-03 2.39211593e+00 2.08292168e+00 4.47503762e-02 1.228463e+00 8.707445e-01 4.845496e+00 1.360923e+01 3.676023e-01 8.0196e-03 1.7230e-02 -7.8153e-05 0.04621 3.47776e-01 4.85163e-01 6.29945e-01 2.21722e-02
1.006291 8.69188805e-02 1.06740989e-01 1.93659870e-01 -9.90126827e-04 2.36037962e+00 2.20205365e+00 4.56243328e-02 1.228053e+00 9.329235e-01 4.957583e+00 1.350643e+01 3.426456e-01 8.6305e-03 1.7874e-02 -6.7002e-05 0.04537 3.22426e-01 4.58582e-01 6.13508e-01 2.13994e-02
1.106921 8.51502625e-02 1.03823492e-01 1.88973755e-01 -9.00861453e-04 2.32305556e+00 2.31933328e+00 4.64238883e-02 1.219297e+00 9.983977e-01 5.388083e+00 1.351637e+01 3.692332e-01 9.3703e-03 1.8435e-02 -8.7369e-05 0.04455 2.96488e-01 4.30972e-01 5.95765e-01 2.04441e-02
1.207550 8.34964178e-02 1.00589398e-01 1.84085816e-01 -7.95756203e-04 2.29431863e+00 2.43608809e+00 4.73040672e-02 1.204715e+00 1.061792e+00 5.889743e+00 1.346516e+01 3.844935e-01 1.0265e-02 1.8891e-02 -6.9744e-05 0.04355 2.72630e-01 4.05072e-01 5.79418e-01 1.95520e-02
1.308179 8.20939482e-02 9.70115711e-02 1.79105519e-01 -5.74058556e-04 2.28658738e+00 2.54325786e+00 4.82984524e-02 1.181714e+00 1.112250e+00 6.389605e+00 1.321688e+01 3.406587e-01 1.1321e-02 1.9284e-02 -9.7943e-05 0.04192 2.53082e-01 3.82430e-01 5.65010e-01 1.89723e-02
1.408808 8.08303030e-02 9.31968674e-02 1.74027170e-01 -3.82144298e-04 2.26929678e+00 2.64231324e+00 4.91161003e-02 1.152994e+00 1.164375e+00 6.877614e+00 1.338132e+01 3.524660e-01 1.2573e-02 1.9564e-02 -1.0558e-04 0.04119 2.33748e-01 3.60199e-01 5.51125e-01 1.81816e-02
1.509437 7.95799093e-02 8.92077086e-02 1.68787618e-01 -8.42888428e-05 2.24919412e+00 2.73166858e+00 4.98086270e-02 1.120983e+00 1.214510e+00 7.567333e+00 1.290674e+01 3.363525e-01 1.4040e-02 1.9743e-02 -7.4934e-05 0.03933 2.16195e-01 3.39931e-01 5.39317e-01 1.75004e-02
1.610066 7.84909921e-02 8.50013588e-02 1.63492351e-01 2.38186675e-04 2.22174030e+00 2.79803745e+00 5.01977775e-02 1.082944e+00 1.259390e+00 8.207658e+00 1.243298e+01 3.172360e-01 1.5678e-02 1.9826e-02 -1.1416e-04 0.03911 2.00053e-01 3.20834e-01 5.28040e-01 1.67682e-02
1.710695 7.73593193e-02 8.07465837e-02 1.58105903e-01 5.66688022e-04 2.19031261e+00 2.84427854e+00 5.03459115e-02 1.043786e+00 1.298572e+00 8.667735e+00 1.222235e+01 3.008916e-01 1.7489e-02 1.9787e-02 -1.1643e-04 0.03975 1.86123e-01 3.04458e-01 5.19538e-01 1.61019e-02
1.811325 7.61859662e-02 7.64899958e-02 1.52675962e-01 9.44843384e-04 2.15313114e+00 2.86119699e+00 5.01432812e-02 1.003991e+00 1.328854e+00 8.838314e+00 1.148849e+01 2.554251e-01 1.9455e-02 1.9667e-02 -9.5456e-05 0.04058 1.74146e-01 2.90666e-01 5.13659e-01 1.54674e-02
1.911954 7.50580463e-02 7.22337902e-02 1.47291836e-01 1.36978810e-03 2.10691620e+00 2.83576201e+00 4.94267822e-02 9.623724e-01 1.345930e+00 8.893439e+00 1.081979e+01 2.238765e-01 2.1491e-02 1.9467e-02 -1.2628e-04 0.04079 1.63235e-01 2.78393e-01 5.08733e-01 1.47929e-02
2.000311 7.39948275e-02 6.85978884e-02 1.42592716e-01 1.69259594e-03 2.06583305e+00 2.78148484e+00 4.84731789e-02 9.270633e-01 1.346423e+00 8.955303e+00 1.048872e+01 2.045674e-01 2.3160e-02 1.9235e-02 -1.2321e-04 0.04081 1.55333e-01 2.70183e-01 5.06974e-01 1.41608e-02
