# tg_mhd (Kokkos FP64)  tgc_noslip_cond_n65_re200_drive0.1_bdrive0.1  N=65 Re=200 h=4.90873852e-02 delta=7.07106781e-02 delta/h=1.440506 layers=33
# layer k: the nodes k cells from the nearest wall, i.e. the slab [(k-1/2)h, (k+1/2)h] ([0, h/2] for k = 0)
# row 'vol': each layer's share of the volume; then per probe: t and each layer's VISCOUS dissipation as a share of the total eps
# vol 4.614639e-02 8.798981e-02 8.240509e-02 7.700348e-02 7.178497e-02 6.674957e-02 6.189728e-02 5.722809e-02 5.274200e-02 4.843903e-02 4.431915e-02 4.038239e-02 3.662872e-02 3.305817e-02 2.967072e-02 2.646637e-02 2.344513e-02 2.060699e-02 1.795197e-02 1.548004e-02 1.319122e-02 1.108551e-02 9.162903e-03 7.423401e-03 5.867004e-03 4.493713e-03 3.303528e-03 2.296448e-03 1.472473e-03 8.316040e-04 3.738403e-04 9.918213e-05 3.814697e-06
0.000000 6.74779e-01 1.50037e-01 2.25016e-03 2.25986e-03 2.26434e-03 2.25916e-03 2.24056e-03 2.20502e-03 2.14980e-03 2.07372e-03 1.97683e-03 1.86014e-03 1.72572e-03 1.57659e-03 1.41657e-03 1.25001e-03 1.08155e-03 9.15873e-04 7.57401e-04 6.10048e-04 4.77012e-04 3.60610e-04 2.62180e-04 1.82057e-04 1.19618e-04 7.33968e-05 4.12630e-05 2.06383e-05 8.74664e-06 2.87185e-06 6.02603e-07 4.71764e-08 6.16498e-47
0.100629 4.26102e-01 2.45643e-01 2.34939e-02 3.95790e-03 4.02222e-03 3.95669e-03 3.97992e-03 3.95668e-03 3.86960e-03 3.72015e-03 3.52718e-03 3.30238e-03 3.05217e-03 2.78230e-03 2.49882e-03 2.20810e-03 1.91696e-03 1.63223e-03 1.36023e-03 1.10636e-03 8.74904e-04 6.69241e-04 4.91867e-04 3.44361e-04 2.27165e-04 1.39198e-04 7.76986e-05 3.83836e-05 1.60067e-05 5.16469e-06 1.06678e-06 8.25804e-08 2.34857e-36
0.201258 3.36235e-01 2.46713e-01 4.32331e-02 5.48687e-03 4.98339e-03 5.08188e-03 5.15313e-03 5.12634e-03 4.97811e-03 4.72779e-03 4.42002e-03 4.08560e-03 3.74043e-03 3.39291e-03 3.04744e-03 2.70716e-03 2.37507e-03 2.05441e-03 1.74783e-03 1.45708e-03 1.18355e-03 9.29504e-04 6.98960e-04 4.97505e-04 3.30726e-04 2.02066e-04 1.11161e-04 5.34963e-05 2.15202e-05 6.65998e-06 1.32108e-06 9.91777e-08 4.91196e-35
0.301887 2.77180e-01 2.33043e-01 5.59926e-02 8.53913e-03 5.85945e-03 6.31176e-03 6.50913e-03 6.41259e-03 6.12924e-03 5.71132e-03 5.23500e-03 4.75755e-03 4.30666e-03 3.88912e-03 3.50347e-03 3.14428e-03 2.80582e-03 2.48250e-03 2.16911e-03 1.86083e-03 1.55485e-03 1.25272e-03 9.61869e-04 6.94714e-04 4.65113e-04 2.83712e-04 1.54260e-04 7.25345e-05 2.81604e-05 8.32036e-06 1.56882e-06 1.12856e-07 5.44043e-34
0.402517 2.38867e-01 2.13620e-01 6.17975e-02 1.19851e-02 6.97692e-03 7.65427e-03 8.01904e-03 7.80101e-03 7.29743e-03 6.64922e-03 5.96523e-03 5.32917e-03 4.77579e-03 4.30690e-03 3.90802e-03 3.55988e-03 3.24248e-03 2.93755e-03 2.62918e-03 2.30580e-03 1.96257e-03 1.60388e-03 1.24386e-03 9.03746e-04 6.06232e-04 3.68841e-04 1.98878e-04 9.20044e-05 3.47692e-05 9.87487e-06 1.77226e-06 1.21641e-07 3.51083e-34
0.503146 2.07350e-01 1.93244e-01 6.34933e-02 1.52006e-02 8.48091e-03 9.20738e-03 9.67455e-03 9.27264e-03 8.49156e-03 7.57439e-03 6.67071e-03 5.88419e-03 5.24749e-03 4.75019e-03 4.36336e-03 4.04923e-03 3.76989e-03 3.49038e-03 3.18282e-03 2.83010e-03 2.42972e-03 1.99434e-03 1.54905e-03 1.12545e-03 7.54229e-04 4.57928e-04 2.45835e-04 1.12710e-04 4.18726e-05 1.15505e-05 1.98718e-06 1.30258e-07 2.50504e-34
0.603775 1.83899e-01 1.75168e-01 6.20412e-02 1.75375e-02 1.01757e-02 1.08573e-02 1.12720e-02 1.05994e-02 9.50890e-03 8.32645e-03 7.23153e-03 6.33898e-03 5.66520e-03 5.17945e-03 4.83426e-03 4.57423e-03 4.34234e-03 4.08739e-03 3.77007e-03 3.37082e-03 2.89422e-03 2.36692e-03 1.82866e-03 1.32174e-03 8.82215e-04 5.34089e-04 2.85918e-04 1.30448e-04 4.79559e-05 1.29560e-05 2.15314e-06 1.35245e-07 4.54755e-34
0.704404 1.66807e-01 1.57366e-01 5.89283e-02 1.91886e-02 1.19547e-02 1.25352e-02 1.27164e-02 1.16970e-02 1.03001e-02 8.89664e-03 7.67123e-03 6.73235e-03 6.07507e-03 5.64186e-03 5.36252e-03 5.16250e-03 4.97037e-03 4.72424e-03 4.37949e-03 3.91712e-03 3.35053e-03 2.72156e-03 2.08618e-03 1.49740e-03 9.94743e-04 6.00847e-04 3.21414e-04 1.46444e-04 5.35467e-05 1.42611e-05 2.30478e-06 1.39279e-07 2.51061e-34
0.805033 1.49294e-01 1.42017e-01 5.53469e-02 2.05815e-02 1.38305e-02 1.41579e-02 1.39715e-02 1.26086e-02 1.09607e-02 9.40233e-03 8.10699e-03 7.16985e-03 6.56802e-03 6.21707e-03 6.01726e-03 5.87147e-03 5.69686e-03 5.43134e-03 5.03478e-03 4.49372e-03 3.82760e-03 3.08898e-03 2.34864e-03 1.67231e-03 1.10427e-03 6.64949e-04 3.55424e-04 1.61847e-04 5.89547e-05 1.55200e-05 2.44881e-06 1.42914e-07 6.50306e-34
0.905662 1.36417e-01 1.28061e-01 5.13119e-02 2.15826e-02 1.56026e-02 1.55165e-02 1.48795e-02 1.32345e-02 1.14228e-02 9.79186e-03 8.49479e-03 7.61265e-03 7.10791e-03 6.86712e-03 6.75392e-03 6.64471e-03 6.45181e-03 6.12625e-03 5.64843e-03 5.01917e-03 4.26111e-03 3.42571e-03 2.58976e-03 1.83101e-03 1.20170e-03 7.21329e-04 3.85522e-04 1.75685e-04 6.38373e-05 1.66259e-05 2.56416e-06 1.44821e-07 3.12176e-34
0.998928 1.26737e-01 1.16158e-01 4.75762e-02 2.24216e-02 1.71103e-02 1.64925e-02 1.54332e-02 1.36236e-02 1.17560e-02 1.01276e-02 8.87720e-03 8.07901e-03 7.68868e-03 7.56438e-03 7.52756e-03 7.42848e-03 7.18141e-03 6.76137e-03 6.18080e-03 5.46304e-03 4.63203e-03 3.72609e-03 2.81461e-03 1.98313e-03 1.29592e-03 7.76129e-04 4.15263e-04 1.89715e-04 6.88677e-05 1.77480e-05 2.67561e-06 1.46672e-07 2.57801e-34
