# tg_mhd (host FP64)  tgc_noslip_cond_n65_re200  N=65 Re=200 h=4.90873852e-02 delta=7.07106781e-02 delta/h=1.440506 layers=33
# layer k: the nodes k cells from the nearest wall, i.e. the slab [(k-1/2)h, (k+1/2)h] ([0, h/2] for k = 0)
# row 'vol': each layer's share of the volume; then per probe: t and each layer's VISCOUS dissipation as a share of the total eps
# vol 4.614639e-02 8.798981e-02 8.240509e-02 7.700348e-02 7.178497e-02 6.674957e-02 6.189728e-02 5.722809e-02 5.274200e-02 4.843903e-02 4.431915e-02 4.038239e-02 3.662872e-02 3.305817e-02 2.967072e-02 2.646637e-02 2.344513e-02 2.060699e-02 1.795197e-02 1.548004e-02 1.319122e-02 1.108551e-02 9.162903e-03 7.423401e-03 5.867004e-03 4.493713e-03 3.303528e-03 2.296448e-03 1.472473e-03 8.316040e-04 3.738403e-04 9.918213e-05 3.814697e-06
0.000000 6.74782e-01 1.50037e-01 2.25017e-03 2.25994e-03 2.26463e-03 2.25956e-03 2.24067e-03 2.20468e-03 2.14928e-03 2.07322e-03 1.97635e-03 1.85969e-03 1.72530e-03 1.57621e-03 1.41623e-03 1.24970e-03 1.08129e-03 9.15652e-04 7.57218e-04 6.09900e-04 4.76897e-04 3.60523e-04 2.62117e-04 1.82013e-04 1.19589e-04 7.33791e-05 4.12531e-05 2.06333e-05 8.74453e-06 2.87116e-06 6.02458e-07 4.71650e-08 0.00000e+00
0.100629 4.28847e-01 2.47266e-01 2.36312e-02 3.99727e-03 4.09814e-03 4.01741e-03 4.00495e-03 3.93566e-03 3.82296e-03 3.66929e-03 3.47885e-03 3.25739e-03 3.01077e-03 2.74471e-03 2.46512e-03 2.17833e-03 1.89107e-03 1.61010e-03 1.34167e-03 1.09113e-03 8.62741e-04 6.59835e-04 4.84883e-04 3.39433e-04 2.23899e-04 1.37196e-04 7.65867e-05 3.78396e-05 1.57829e-05 5.09358e-06 1.05231e-06 8.14720e-08 2.05654e-34
0.201258 3.41598e-01 2.50706e-01 4.38510e-02 5.54637e-03 5.17892e-03 5.20867e-03 5.16408e-03 5.05939e-03 4.86824e-03 4.61044e-03 4.30922e-03 3.98430e-03 3.64875e-03 3.31060e-03 2.97388e-03 2.64167e-03 2.31706e-03 2.00337e-03 1.70336e-03 1.41893e-03 1.15159e-03 9.03645e-04 6.79008e-04 4.83028e-04 3.20997e-04 1.96115e-04 1.07920e-04 5.19715e-05 2.09282e-05 6.48515e-06 1.28813e-06 9.68079e-08 5.00793e-35
0.301887 2.84845e-01 2.39449e-01 5.73492e-02 8.65498e-03 6.13799e-03 6.46341e-03 6.44114e-03 6.24545e-03 5.91963e-03 5.50311e-03 5.04716e-03 4.59164e-03 4.15942e-03 3.75772e-03 3.38548e-03 3.03746e-03 2.70841e-03 2.39346e-03 2.08814e-03 1.78833e-03 1.49172e-03 1.19996e-03 9.20143e-04 6.63916e-04 4.44222e-04 2.70923e-04 1.47363e-04 6.93655e-05 2.69817e-05 7.99458e-06 1.51252e-06 1.09141e-07 3.43056e-34
0.402517 2.48292e-01 2.22046e-01 6.39831e-02 1.22643e-02 7.30081e-03 7.75065e-03 7.80648e-03 7.48441e-03 6.95322e-03 6.32581e-03 5.68600e-03 5.09195e-03 4.57036e-03 4.12413e-03 3.74126e-03 3.40466e-03 3.09602e-03 2.79887e-03 2.49909e-03 2.18659e-03 1.85722e-03 1.51515e-03 1.17342e-03 8.51674e-04 5.70883e-04 3.47201e-04 1.87233e-04 8.66978e-05 3.28361e-05 9.36277e-06 1.68988e-06 1.16677e-07 5.52713e-34
0.503146 2.18197e-01 2.03259e-01 6.64736e-02 1.57726e-02 8.84897e-03 9.18013e-03 9.27091e-03 8.78559e-03 7.99769e-03 7.12076e-03 6.28704e-03 5.56393e-03 4.97321e-03 4.50569e-03 4.13591e-03 3.83094e-03 3.55733e-03 3.28397e-03 2.98620e-03 2.64896e-03 2.27013e-03 1.86102e-03 1.44424e-03 1.04858e-03 7.02253e-04 4.26102e-04 2.28651e-04 1.04857e-04 3.90221e-05 1.08109e-05 1.87416e-06 1.24000e-07 1.26252e-33
0.603775 1.96223e-01 1.86332e-01 6.55932e-02 1.84663e-02 1.06061e-02 1.06690e-02 1.06577e-02 9.94202e-03 8.87013e-03 7.74461e-03 6.73955e-03 5.92489e-03 5.30523e-03 4.85283e-03 4.52403e-03 4.26964e-03 4.03999e-03 3.79052e-03 3.48681e-03 3.11171e-03 2.66906e-03 2.18209e-03 1.68593e-03 1.21857e-03 8.13073e-04 4.91829e-04 2.62995e-04 1.19884e-04 4.40983e-05 1.19609e-05 2.00598e-06 1.27661e-07 1.53206e-33
0.704404 1.79945e-01 1.69036e-01 6.29346e-02 2.05203e-02 1.24877e-02 1.22170e-02 1.19449e-02 1.09190e-02 9.55595e-03 8.21448e-03 7.08433e-03 6.22499e-03 5.61899e-03 5.21443e-03 4.94688e-03 4.74910e-03 4.55839e-03 4.32078e-03 3.99722e-03 3.57101e-03 3.05381e-03 2.48207e-03 1.90461e-03 1.36833e-03 9.09195e-04 5.48713e-04 2.92979e-04 1.33189e-04 4.86497e-05 1.29950e-05 2.12168e-06 1.30429e-07 3.23191e-34
0.805033 1.62522e-01 1.53918e-01 5.97172e-02 2.23203e-02 1.44930e-02 1.38012e-02 1.31587e-02 1.17904e-02 1.01582e-02 8.64416e-03 7.43208e-03 6.56338e-03 5.99910e-03 5.66328e-03 5.46615e-03 5.32053e-03 5.15249e-03 4.90593e-03 4.54371e-03 4.05319e-03 3.45227e-03 2.78833e-03 2.12346e-03 1.51469e-03 1.00119e-03 6.02488e-04 3.21221e-04 1.45724e-04 5.29274e-05 1.39577e-05 2.22723e-06 1.32825e-07 3.18752e-34
0.905662 1.49803e-01 1.39968e-01 5.58888e-02 2.36374e-02 1.63983e-02 1.52179e-02 1.41259e-02 1.24365e-02 1.05936e-02 8.96953e-03 7.72882e-03 6.89172e-03 6.39987e-03 6.15216e-03 6.02935e-03 5.92200e-03 5.75040e-03 5.46589e-03 5.04453e-03 4.48323e-03 3.80400e-03 3.05742e-03 2.31364e-03 1.63919e-03 1.07773e-03 6.46759e-04 3.44554e-04 1.56139e-04 5.64435e-05 1.47088e-05 2.29791e-06 1.33329e-07 8.49088e-34
1.006291 1.39278e-01 1.26853e-01 5.19672e-02 2.47580e-02 1.81708e-02 1.64391e-02 1.48796e-02 1.29371e-02 1.09625e-02 9.28592e-03 8.05347e-03 7.27141e-03 6.86852e-03 6.71735e-03 6.66305e-03 6.57317e-03 6.36714e-03 6.01380e-03 5.51238e-03 4.87609e-03 4.12839e-03 3.31330e-03 2.49992e-03 1.76307e-03 1.15417e-03 6.91229e-04 3.68372e-04 1.66976e-04 6.01138e-05 1.54702e-05 2.36489e-06 1.33750e-07 7.60509e-34
1.106921 1.28937e-01 1.15591e-01 4.81903e-02 2.56698e-02 1.97761e-02 1.74461e-02 1.54354e-02 1.33267e-02 1.13125e-02 9.64343e-03 8.44654e-03 7.72967e-03 7.42157e-03 7.36769e-03 7.37222e-03 7.27857e-03 7.01002e-03 6.55952e-03 5.95812e-03 5.24176e-03 4.43568e-03 3.56855e-03 2.69729e-03 1.90058e-03 1.24150e-03 7.43171e-04 3.97005e-04 1.80459e-04 6.48100e-05 1.64540e-05 2.45464e-06 1.35342e-07 3.85874e-34
1.207550 1.17348e-01 1.04477e-01 4.48518e-02 2.64533e-02 2.12274e-02 1.83344e-02 1.58914e-02 1.36692e-02 1.16875e-02 1.00758e-02 8.93201e-03 8.28410e-03 8.07346e-03 8.11431e-03 8.16389e-03 8.04190e-03 7.67902e-03 7.09848e-03 6.36976e-03 5.55840e-03 4.69473e-03 3.78903e-03 2.87607e-03 2.03013e-03 1.32543e-03 7.93850e-04 4.25818e-04 1.94657e-04 6.99249e-05 1.75094e-05 2.54065e-06 1.36549e-07 6.53866e-34
1.308179 1.09894e-01 9.50325e-02 4.15709e-02 2.69397e-02 2.23297e-02 1.89733e-02 1.61457e-02 1.38633e-02 1.19996e-02 1.05113e-02 9.44261e-03 8.86381e-03 8.74229e-03 8.86719e-03 8.95452e-03 8.79873e-03 8.33417e-03 7.61229e-03 6.74355e-03 5.82794e-03 4.90724e-03 3.97564e-03 3.03944e-03 2.15784e-03 1.41282e-03 8.48752e-04 4.58483e-04 2.11712e-04 7.64406e-05 1.89114e-05 2.65964e-06 1.39099e-07 2.61890e-34
1.408808 1.01290e-01 8.66851e-02 3.87006e-02 2.72229e-02 2.32442e-02 1.95257e-02 1.63443e-02 1.40077e-02 1.23009e-02 1.09739e-02 9.99839e-03 9.49174e-03 9.44439e-03 9.63424e-03 9.75290e-03 9.56832e-03 9.00644e-03 8.13938e-03 7.11775e-03 6.08085e-03 5.08961e-03 4.13059e-03 3.18179e-03 2.27779e-03 1.50016e-03 9.06232e-04 4.94351e-04 2.31605e-04 8.45378e-05 2.07491e-05 2.82391e-06 1.43534e-07 3.73612e-34
1.509437 9.27796e-02 7.86574e-02 3.62945e-02 2.73404e-02 2.39659e-02 2.00085e-02 1.65181e-02 1.41278e-02 1.25773e-02 1.14183e-02 1.05581e-02 1.01323e-02 1.01352e-02 1.03602e-02 1.05051e-02 1.03111e-02 9.67574e-03 8.67450e-03 7.49499e-03 6.32025e-03 5.23938e-03 4.24204e-03 3.28447e-03 2.37130e-03 1.57359e-03 9.57589e-04 5.28555e-04 2.52084e-04 9.35206e-05 2.29022e-05 3.02182e-06 1.49281e-07 3.84354e-34
1.610066 8.54827e-02 7.21092e-02 3.40993e-02 2.72917e-02 2.44781e-02 2.04146e-02 1.66967e-02 1.42636e-02 1.28274e-02 1.18115e-02 1.10853e-02 1.07391e-02 1.07542e-02 1.09767e-02 1.11495e-02 1.09938e-02 1.03486e-02 9.25806e-03 7.93183e-03 6.60405e-03 5.40716e-03 4.34926e-03 3.37417e-03 2.45498e-03 1.64316e-03 1.00866e-03 5.64054e-04 2.74460e-04 1.03923e-04 2.55377e-05 3.27768e-06 1.57518e-07 1.54437e-33
1.710695 7.86123e-02 6.63720e-02 3.23153e-02 2.71289e-02 2.48457e-02 2.07730e-02 1.69299e-02 1.44803e-02 1.30857e-02 1.21609e-02 1.15684e-02 1.12926e-02 1.12847e-02 1.14625e-02 1.16434e-02 1.15546e-02 1.09681e-02 9.85424e-03 8.41254e-03 6.92637e-03 5.58937e-03 4.44597e-03 3.43976e-03 2.51495e-03 1.69665e-03 1.05099e-03 5.95694e-04 2.95957e-04 1.14676e-04 2.84385e-05 3.57587e-06 1.67854e-07 5.84797e-34
1.811325 7.28656e-02 6.14299e-02 3.09192e-02 2.69436e-02 2.51095e-02 2.11092e-02 1.72715e-02 1.48373e-02 1.34086e-02 1.25204e-02 1.20343e-02 1.18012e-02 1.17431e-02 1.18406e-02 1.19896e-02 1.19611e-02 1.14887e-02 1.04406e-02 8.94680e-03 7.31528e-03 5.81707e-03 4.55906e-03 3.50080e-03 2.56272e-03 1.73942e-03 1.08658e-03 6.23807e-04 3.16228e-04 1.25475e-04 3.15401e-05 3.91655e-06 1.80630e-07 6.28097e-34
1.911954 6.72745e-02 5.74288e-02 2.98031e-02 2.68121e-02 2.53431e-02 2.15069e-02 1.78154e-02 1.54093e-02 1.38803e-02 1.29833e-02 1.25555e-02 1.23300e-02 1.22128e-02 1.22167e-02 1.22887e-02 1.22693e-02 1.19204e-02 1.10254e-02 9.57819e-03 7.84220e-03 6.16418e-03 4.74992e-03 3.60401e-03 2.63158e-03 1.79309e-03 1.12798e-03 6.54907e-04 3.38127e-04 1.37318e-04 3.50992e-05 4.33869e-06 1.97860e-07 7.63372e-34
2.000311 6.28072e-02 5.45788e-02 2.91903e-02 2.67584e-02 2.55496e-02 2.19159e-02 1.84528e-02 1.60710e-02 1.44229e-02 1.34987e-02 1.30850e-02 1.28425e-02 1.26811e-02 1.26141e-02 1.25927e-02 1.25093e-02 1.22025e-02 1.14518e-02 1.01243e-02 8.36670e-03 6.54526e-03 4.97007e-03 3.71861e-03 2.69822e-03 1.83891e-03 1.16095e-03 6.78875e-04 3.55047e-04 1.46800e-04 3.81203e-05 4.72800e-06 2.15213e-07 1.85088e-34
