# tg_mhd (Kokkos FP64)  tgc_noslip_cond_n65_re200  N=65 Re=200 h=4.90873852e-02 delta=7.07106781e-02 delta/h=1.440506 layers=33
# layer k: the nodes k cells from the nearest wall, i.e. the slab [(k-1/2)h, (k+1/2)h] ([0, h/2] for k = 0)
# row 'vol': each layer's share of the volume; then per probe: t and each layer's OHMIC dissipation as a share of the total eps
# vol 4.614639e-02 8.798981e-02 8.240509e-02 7.700348e-02 7.178497e-02 6.674957e-02 6.189728e-02 5.722809e-02 5.274200e-02 4.843903e-02 4.431915e-02 4.038239e-02 3.662872e-02 3.305817e-02 2.967072e-02 2.646637e-02 2.344513e-02 2.060699e-02 1.795197e-02 1.548004e-02 1.319122e-02 1.108551e-02 9.162903e-03 7.423401e-03 5.867004e-03 4.493713e-03 3.303528e-03 2.296448e-03 1.472473e-03 8.316040e-04 3.738403e-04 9.918213e-05 3.814697e-06
0.000000 4.46134e-03 8.99238e-03 9.14684e-03 9.30273e-03 9.39007e-03 9.36059e-03 9.19242e-03 8.89000e-03 8.47896e-03 7.99705e-03 7.48344e-03 6.96889e-03 6.46934e-03 5.98432e-03 5.50041e-03 4.99829e-03 4.46134e-03 3.88301e-03 3.27096e-03 2.64676e-03 2.04151e-03 1.48875e-03 1.01689e-03 6.43284e-04 3.71428e-04 1.91903e-04 8.62289e-05 3.22635e-05 9.35938e-06 1.84913e-06 1.89419e-07 4.79473e-09 0.00000e+00
0.100629 7.66897e-03 1.69329e-02 1.63945e-02 1.60100e-02 1.61059e-02 1.60549e-02 1.57638e-02 1.52412e-02 1.45320e-02 1.37026e-02 1.28218e-02 1.19418e-02 1.10890e-02 1.02599e-02 9.42914e-03 8.56228e-03 7.63123e-03 6.62782e-03 5.56831e-03 4.49324e-03 3.45714e-03 2.51680e-03 1.71841e-03 1.08852e-03 6.30747e-04 3.27907e-04 1.48727e-04 5.64101e-05 1.67031e-05 3.41911e-06 3.79011e-07 1.24363e-08 1.54825e-36
0.201258 8.98415e-03 2.27665e-02 2.15204e-02 1.93356e-02 1.90181e-02 1.89431e-02 1.86004e-02 1.79755e-02 1.71308e-02 1.61468e-02 1.51079e-02 1.40771e-02 1.30823e-02 1.21139e-02 1.11349e-02 1.01001e-02 8.97705e-03 7.76212e-03 6.48506e-03 5.20245e-03 3.98313e-03 2.89173e-03 1.97554e-03 1.25758e-03 7.36061e-04 3.88783e-04 1.80391e-04 7.06271e-05 2.19037e-05 4.83516e-06 6.19928e-07 2.80935e-08 2.50690e-36
0.301887 9.82170e-03 2.81377e-02 2.70444e-02 2.25382e-02 2.13964e-02 2.11481e-02 2.07186e-02 1.99760e-02 1.89859e-02 1.78511e-02 1.66711e-02 1.55202e-02 1.44287e-02 1.33779e-02 1.23133e-02 1.11713e-02 9.91030e-03 8.53199e-03 7.08412e-03 5.64491e-03 4.29882e-03 3.11491e-03 2.13512e-03 1.37273e-03 8.17484e-04 4.42737e-04 2.12352e-04 8.67505e-05 2.84398e-05 6.78511e-06 9.79629e-07 5.30309e-08 7.59214e-37
0.402517 1.03190e-02 3.25981e-02 3.25345e-02 2.57557e-02 2.36364e-02 2.30573e-02 2.24605e-02 2.15621e-02 2.04014e-02 1.90950e-02 1.77609e-02 1.64895e-02 1.53202e-02 1.42265e-02 1.31269e-02 1.19249e-02 1.05582e-02 9.03309e-03 7.42437e-03 5.84382e-03 4.39890e-03 3.16278e-03 2.16565e-03 1.40299e-03 8.49864e-04 4.72522e-04 2.34657e-04 1.00055e-04 3.45359e-05 8.77689e-06 1.37217e-06 8.14402e-08 2.64553e-36
0.503146 1.05832e-02 3.59518e-02 3.76272e-02 2.90831e-02 2.59566e-02 2.49909e-02 2.41693e-02 2.30939e-02 2.17671e-02 2.02861e-02 1.87764e-02 1.73554e-02 1.60947e-02 1.49781e-02 1.38940e-02 1.26904e-02 1.12600e-02 9.60163e-03 7.82034e-03 6.07451e-03 4.50801e-03 3.20552e-03 2.18622e-03 1.42464e-03 8.77363e-04 5.00813e-04 2.57351e-04 1.14198e-04 4.11870e-05 1.09704e-05 1.80130e-06 1.11942e-07 2.30094e-36
0.603775 1.06470e-02 3.82168e-02 4.19297e-02 3.23177e-02 2.82744e-02 2.68874e-02 2.58075e-02 2.45411e-02 2.30493e-02 2.13769e-02 1.96300e-02 1.79718e-02 1.65534e-02 1.54010e-02 1.43691e-02 1.32223e-02 1.17822e-02 1.00282e-02 8.09605e-03 6.19722e-03 4.51940e-03 3.16341e-03 2.13810e-03 1.39519e-03 8.70401e-04 5.08463e-04 2.69385e-04 1.23778e-04 4.62950e-05 1.27747e-05 2.16531e-06 1.37922e-07 7.26705e-37
0.704404 1.06102e-02 3.96821e-02 4.55126e-02 3.55162e-02 3.06876e-02 2.88325e-02 2.75125e-02 2.61144e-02 2.44925e-02 2.25951e-02 2.04890e-02 1.84389e-02 1.67620e-02 1.55606e-02 1.46231e-02 1.35877e-02 1.21879e-02 1.03830e-02 8.33727e-03 6.31005e-03 4.53123e-03 3.12202e-03 2.08717e-03 1.36006e-03 8.57124e-04 5.11044e-04 2.78296e-04 1.31868e-04 5.08496e-05 1.44144e-05 2.49231e-06 1.60432e-07 2.92973e-36
0.805033 1.04767e-02 4.02661e-02 4.81618e-02 3.84966e-02 3.31060e-02 3.07774e-02 2.93447e-02 2.80073e-02 2.63639e-02 2.41957e-02 2.15461e-02 1.89027e-02 1.68749e-02 1.56445e-02 1.48514e-02 1.39545e-02 1.26040e-02 1.07595e-02 8.61716e-03 6.47318e-03 4.59129e-03 3.11517e-03 2.05382e-03 1.32923e-03 8.41053e-04 5.08887e-04 2.83358e-04 1.37758e-04 5.44760e-05 1.57711e-05 2.76308e-06 1.78421e-07 1.68874e-36
0.905662 1.02567e-02 4.02757e-02 4.99557e-02 4.10520e-02 3.53687e-02 3.26464e-02 3.12749e-02 3.02006e-02 2.85676e-02 2.59195e-02 2.24065e-02 1.89789e-02 1.66390e-02 1.55154e-02 1.49376e-02 1.41626e-02 1.28243e-02 1.09367e-02 8.73629e-03 6.53372e-03 4.59935e-03 3.08556e-03 2.00811e-03 1.28741e-03 8.14092e-04 4.97549e-04 2.82185e-04 1.40291e-04 5.67085e-05 1.67088e-05 2.95453e-06 1.90468e-07 1.34981e-36
1.006291 9.98913e-03 3.98318e-02 5.10613e-02 4.32143e-02 3.74774e-02 3.45426e-02 3.34345e-02 3.27546e-02 3.10544e-02 2.76164e-02 2.29288e-02 1.86774e-02 1.62242e-02 1.53832e-02 1.50400e-02 1.43131e-02 1.29189e-02 1.09703e-02 8.74103e-03 6.53265e-03 4.59471e-03 3.07066e-03 1.98212e-03 1.25840e-03 7.91699e-04 4.85953e-04 2.79342e-04 1.41473e-04 5.82576e-05 1.74135e-05 3.09859e-06 1.98773e-07 2.42886e-36
1.106921 9.67876e-03 3.90263e-02 5.15050e-02 4.48876e-02 3.94048e-02 3.65572e-02 3.58677e-02 3.55672e-02 3.36137e-02 2.90685e-02 2.30385e-02 1.81285e-02 1.58435e-02 1.54057e-02 1.52446e-02 1.44666e-02 1.29502e-02 1.09202e-02 8.67666e-03 6.49719e-03 4.59379e-03 3.08465e-03 1.99029e-03 1.25494e-03 7.83161e-04 4.79973e-04 2.78169e-04 1.42989e-04 5.98202e-05 1.80905e-05 3.23197e-06 2.05832e-07 1.16886e-35
1.207550 9.41222e-03 3.83331e-02 5.18538e-02 4.64392e-02 4.14828e-02 3.90957e-02 3.88988e-02 3.87640e-02 3.61659e-02 3.01407e-02 2.27650e-02 1.75332e-02 1.56883e-02 1.56705e-02 1.55685e-02 1.46151e-02 1.28969e-02 1.07458e-02 8.47855e-03 6.34487e-03 4.51231e-03 3.05870e-03 1.98703e-03 1.25118e-03 7.74722e-04 4.72105e-04 2.74482e-04 1.42682e-04 6.04783e-05 1.84541e-05 3.30341e-06 2.08660e-07 7.06659e-36
1.308179 9.07731e-03 3.71714e-02 5.14257e-02 4.73026e-02 4.32126e-02 4.16131e-02 4.18669e-02 4.15751e-02 3.79837e-02 3.05133e-02 2.22724e-02 1.71172e-02 1.57363e-02 1.59921e-02 1.58420e-02 1.46781e-02 1.27610e-02 1.05013e-02 8.22145e-03 6.14472e-03 4.40017e-03 3.02479e-03 1.99451e-03 1.26445e-03 7.79513e-04 4.71178e-04 2.73467e-04 1.43173e-04 6.13082e-05 1.88134e-05 3.36321e-06 2.10305e-07 2.87146e-35
1.408808 8.77803e-03 3.60917e-02 5.09280e-02 4.80543e-02 4.50988e-02 4.45346e-02 4.51503e-02 4.42102e-02 3.90938e-02 3.03453e-02 2.19057e-02 1.71329e-02 1.60513e-02 1.63659e-02 1.60841e-02 1.47050e-02 1.26025e-02 1.02426e-02 7.94826e-03 5.92150e-03 4.26224e-03 2.97377e-03 2.00080e-03 1.28782e-03 7.95902e-04 4.77947e-04 2.76152e-04 1.45098e-04 6.25864e-05 1.92428e-05 3.42023e-06 2.11244e-07 5.72147e-35
1.509437 8.52688e-03 3.51409e-02 5.04802e-02 4.88500e-02 4.72289e-02 4.78418e-02 4.86283e-02 4.63751e-02 3.92603e-02 2.97182e-02 2.18502e-02 1.76406e-02 1.65786e-02 1.67058e-02 1.62342e-02 1.46688e-02 1.24146e-02 9.97268e-03 7.66704e-03 5.68235e-03 4.09778e-03 2.89408e-03 1.98878e-03 1.30704e-03 8.16100e-04 4.89440e-04 2.81673e-04 1.48187e-04 6.41907e-05 1.96858e-05 3.45750e-06 2.10171e-07 5.91695e-35
1.610066 8.26840e-03 3.39790e-02 4.96637e-02 4.93469e-02 4.92153e-02 5.10319e-02 5.17132e-02 4.75753e-02 3.85179e-02 2.89877e-02 2.22650e-02 1.86247e-02 1.72842e-02 1.69822e-02 1.62970e-02 1.46286e-02 1.22906e-02 9.79586e-03 7.47944e-03 5.51614e-03 3.97462e-03 2.82886e-03 1.98066e-03 1.33245e-03 8.46181e-04 5.10376e-04 2.93522e-04 1.54470e-04 6.69709e-05 2.03627e-05 3.50014e-06 2.07989e-07 3.30852e-35
1.710695 8.06199e-03 3.29860e-02 4.90255e-02 5.00628e-02 5.14891e-02 5.43962e-02 5.43645e-02 4.76674e-02 3.70113e-02 2.81949e-02 2.28541e-02 1.98149e-02 1.81333e-02 1.72241e-02 1.62298e-02 1.45027e-02 1.21546e-02 9.65502e-03 7.34940e-03 5.40513e-03 3.88597e-03 2.77309e-03 1.96777e-03 1.35366e-03 8.78724e-04 5.37796e-04 3.11524e-04 1.64540e-04 7.13390e-05 2.14009e-05 3.55947e-06 2.04416e-07 1.54895e-35
1.811325 7.90517e-03 3.21341e-02 4.85713e-02 5.10357e-02 5.39984e-02 5.76672e-02 5.60423e-02 4.64517e-02 3.50298e-02 2.74441e-02 2.33781e-02 2.09095e-02 1.90183e-02 1.74798e-02 1.60537e-02 1.42628e-02 1.19859e-02 9.55246e-03 7.29603e-03 5.37745e-03 3.86144e-03 2.75105e-03 1.96464e-03 1.37606e-03 9.14848e-04 5.72689e-04 3.37415e-04 1.80016e-04 7.81785e-05 2.30677e-05 3.66519e-06 1.99808e-07 9.82645e-36
1.911954 7.78564e-03 3.13432e-02 4.81935e-02 5.21479e-02 5.65668e-02 6.04611e-02 5.63634e-02 4.41740e-02 3.29829e-02 2.67845e-02 2.36810e-02 2.16837e-02 1.98028e-02 1.78126e-02 1.58776e-02 1.39412e-02 1.17950e-02 9.52162e-03 7.37100e-03 5.49237e-03 3.95779e-03 2.80920e-03 2.00445e-03 1.42037e-03 9.66351e-04 6.22373e-04 3.76599e-04 2.04695e-04 8.94863e-05 2.59960e-05 3.90095e-06 1.96597e-07 8.29017e-36
2.000311 7.73513e-03 3.08647e-02 4.82122e-02 5.35573e-02 5.91428e-02 6.25487e-02 5.54890e-02 4.14978e-02 3.11499e-02 2.61032e-02 2.36018e-02 2.19074e-02 2.01573e-02 1.80103e-02 1.56841e-02 1.35104e-02 1.14596e-02 9.41053e-03 7.43485e-03 5.63979e-03 4.10171e-03 2.90492e-03 2.06181e-03 1.46713e-03 1.01544e-03 6.71776e-04 4.18623e-04 2.32916e-04 1.03031e-04 2.96781e-05 4.22564e-06 1.94140e-07 8.09465e-36
