# tg_mhd (Kokkos FP64)  tgc_noslip_cond_n65_re200_ramp0.2  N=65 Re=200 h=4.90873852e-02 delta=7.07106781e-02 delta/h=1.440506 layers=33 written=13
# THE ENERGY BUDGET against wall distance. Per probe, one row per term: t, the term,
# its contribution to the BOX MEAN from each of the layers 0..12 (layer k: the nodes
# k cells from the nearest wall, the slab [(k-1/2)h, (k+1/2)h]) and from the rest of
# the box beyond them, so a row sums to the box average. Paper units: energies in
# v0^2, rates in k0 v0^3. With eK = |u|^2/2 and eM = |B|^2/2,
#   d eK/dt = lor + advK + pres + difK - visc
#   d eM/dt = S + advM + difM + cmpM - ohm
# lor = u.(j x B); S = B_i B_j d_j u_i; advK, advM = -u.grad eK, -u.grad eM;
# pres = -u.grad p, p = cs^2 rho/u0^2; difK = nu div(u x w); difM = eta div(B x j);
# cmpM = -|B|^2 div u + (u.B) div B; visc = nu |w|^2; ohm = eta |j|^2. The scheme is
# weakly compressible, so a layer's terms close only to a residual.
# row 'vol': each column's share of the volume
# vol 4.614639e-02 8.798981e-02 8.240509e-02 7.700348e-02 7.178497e-02 6.674957e-02 6.189728e-02 5.722809e-02 5.274200e-02 4.843903e-02 4.431915e-02 4.038239e-02 3.662872e-02 2.262840e-01
0.000000 eK 7.690430e-03 1.462980e-02 1.359899e-02 1.253762e-02 1.145391e-02 1.035886e-02 9.265654e-03 8.188871e-03 7.143653e-03 6.144806e-03 5.205953e-03 4.338789e-03 3.552477e-03 1.089019e-02
0.000000 eM 7.690430e-03 1.457408e-02 1.338369e-02 1.208131e-02 1.070971e-02 9.321080e-03 7.969594e-03 6.704463e-03 5.564889e-03 4.577602e-03 3.756828e-03 3.105823e-03 2.618881e-03 2.294163e-02
0.000000 visc 1.170934e-04 2.346450e-04 2.356655e-04 2.366888e-04 2.371801e-04 2.366492e-04 2.346704e-04 2.309014e-04 2.250994e-04 2.171328e-04 2.069879e-04 1.947695e-04 1.806947e-04 9.588108e-04
0.000000 ohm 4.672460e-04 9.417924e-04 9.579691e-04 9.742955e-04 9.834437e-04 9.803562e-04 9.627431e-04 9.310700e-04 8.880203e-04 8.375489e-04 7.837575e-04 7.298675e-04 6.775482e-04 3.836212e-03
0.000000 S 4.803851e-21 2.626604e-20 2.923872e-20 -4.811472e-20 -2.993366e-21 1.367691e-20 5.088373e-21 4.725725e-21 1.240644e-20 9.498925e-21 -3.559131e-20 9.668520e-21 2.171361e-20 1.187550e-21
0.000000 lor 3.857261e-20 3.313797e-20 -2.004130e-20 1.064769e-19 -5.529398e-20 3.091683e-20 -2.089485e-20 -2.894006e-20 -5.494425e-21 -4.370480e-21 -2.115982e-20 1.379334e-20 -1.635814e-20 9.301793e-21
0.000000 advK -3.153212e-21 1.423337e-20 -8.028874e-20 5.755880e-20 -3.346416e-20 3.208845e-20 3.009651e-20 -2.682582e-21 -2.779612e-20 1.069407e-20 -2.050942e-20 2.172727e-20 2.249403e-20 -3.206123e-20
0.000000 pres -1.391759e-19 -1.725782e-18 -1.111057e-18 6.550668e-18 -1.248241e-19 -4.428924e-18 -9.962482e-19 2.522191e-18 3.024184e-18 -5.400329e-19 -1.629231e-18 -7.819288e-19 -3.495928e-18 2.510796e-18
0.000000 difK -1.137611e-04 -2.041607e-04 -1.722223e-04 -1.393643e-04 -1.063682e-04 -7.405427e-05 -4.324341e-05 -1.471540e-05 1.083283e-05 3.282562e-05 5.084066e-05 6.463196e-05 7.414182e-05 6.321708e-04
0.000000 advM -2.394109e-20 1.032163e-20 1.865682e-20 -1.668197e-20 -3.257601e-20 4.073985e-20 -1.168303e-21 -2.971475e-20 3.456055e-20 1.573069e-20 -6.358519e-22 2.486320e-21 -1.045182e-20 1.016343e-20
0.000000 difM -4.548646e-04 -8.056925e-04 -6.467843e-04 -4.742971e-04 -3.006896e-04 -1.372754e-04 7.159739e-06 1.271805e-04 2.207698e-04 2.886778e-04 3.333001e-04 3.574680e-04 3.635348e-04 1.085427e-03
0.000000 cmpM 1.848643e-20 -9.569934e-21 -2.065505e-20 -5.478948e-20 -7.003324e-21 1.091077e-19 -1.550127e-20 -8.367821e-21 2.842518e-20 -2.813069e-20 2.461376e-20 -2.782408e-20 2.578322e-21 -3.260493e-20
0.100629 eK 1.884795e-03 1.314044e-02 1.370696e-02 1.244510e-02 1.137745e-02 1.028200e-02 9.194074e-03 8.125661e-03 7.090999e-03 6.103449e-03 5.175307e-03 4.317286e-03 3.538104e-03 1.089602e-02
0.100629 eM 7.606050e-03 1.434196e-02 1.312664e-02 1.186475e-02 1.052175e-02 9.161962e-03 7.838594e-03 6.598942e-03 5.481400e-03 4.511748e-03 3.703821e-03 3.061065e-03 2.578545e-03 2.248164e-02
0.100629 visc 1.335944e-02 4.154732e-03 2.596563e-04 2.448375e-04 2.422636e-04 2.432869e-04 2.416464e-04 2.375102e-04 2.307301e-04 2.214463e-04 2.099443e-04 1.965707e-04 1.816783e-04 9.753841e-04
0.100629 ohm 4.640773e-04 9.406172e-04 9.490851e-04 9.615671e-04 9.716025e-04 9.684986e-04 9.508904e-04 9.194329e-04 8.766546e-04 8.266490e-04 7.735164e-04 7.204418e-04 6.689921e-04 3.772827e-03
0.100629 S 2.233560e-04 1.004369e-03 1.599973e-04 4.311915e-04 4.324383e-04 3.957033e-04 3.644652e-04 3.245718e-04 2.777256e-04 2.246411e-04 1.679834e-04 1.123321e-04 6.337043e-05 4.369056e-04
0.100629 lor -1.204935e-04 -4.317581e-04 -8.772104e-04 -9.070831e-04 -9.847526e-04 -1.038812e-03 -9.833356e-04 -8.484605e-04 -6.497766e-04 -4.249790e-04 -2.107430e-04 -3.439493e-05 9.170733e-05 1.412054e-03
0.100629 advK -1.030755e-20 3.243947e-04 7.649646e-05 5.987945e-05 5.351660e-05 2.503692e-05 -1.258281e-06 -2.409859e-05 -3.752452e-05 -4.016226e-05 -3.346660e-05 -2.101475e-05 -7.215193e-06 9.339320e-06
0.100629 pres 3.959758e-04 1.393622e-03 8.550619e-04 6.198219e-04 4.360658e-04 2.803149e-04 1.556136e-04 4.946729e-05 -3.871855e-05 -1.065779e-04 -1.517199e-04 -1.742525e-04 -1.773396e-04 7.005639e-05
0.100629 difK 1.964223e-03 -2.003160e-02 -3.780283e-03 2.701226e-04 -1.449722e-04 -6.636253e-05 -3.888357e-05 -1.050564e-05 1.336117e-05 3.336861e-05 4.945659e-05 6.185827e-05 7.065136e-05 6.225644e-04
0.100629 advM 3.222734e-05 2.155555e-04 -3.576213e-04 -3.852066e-04 -3.911105e-04 -3.730161e-04 -3.160881e-04 -2.290962e-04 -1.272373e-04 -2.787271e-05 5.425337e-05 1.107614e-04 1.406132e-04 2.481587e-04
0.100629 difM -6.002181e-04 -7.372726e-04 -5.080354e-04 -4.891714e-04 -2.958310e-04 -1.355601e-04 3.895289e-06 1.218821e-04 2.134019e-04 2.803684e-04 3.250013e-04 3.500667e-04 3.575336e-04 1.073816e-03
0.100629 cmpM 1.169970e-03 7.140518e-04 9.763336e-04 6.449503e-04 4.751609e-04 3.082826e-04 1.657863e-04 5.525681e-05 -2.000720e-05 -6.644025e-05 -9.317810e-05 -1.098186e-04 -1.228293e-04 -9.877954e-04
0.201258 eK 0.000000e+00 8.689660e-03 1.352396e-02 1.243613e-02 1.126789e-02 1.017666e-02 9.093299e-03 8.040149e-03 7.027270e-03 6.064309e-03 5.159549e-03 4.320803e-03 3.555291e-03 1.118461e-02
0.201258 eM 7.529703e-03 1.413743e-02 1.288884e-02 1.164901e-02 1.035368e-02 9.032691e-03 7.746626e-03 6.541167e-03 5.451475e-03 4.501557e-03 3.704361e-03 3.063895e-03 2.577135e-03 2.213586e-02
0.201258 visc 3.389361e-02 1.521846e-02 8.911870e-04 2.586170e-04 2.638201e-04 2.652084e-04 2.646963e-04 2.592080e-04 2.493833e-04 2.361950e-04 2.207832e-04 2.041390e-04 1.869526e-04 1.039514e-03
0.201258 ohm 4.626243e-04 1.018350e-03 9.860812e-04 9.647455e-04 9.708748e-04 9.697355e-04 9.522140e-04 9.204154e-04 8.773469e-04 8.270759e-04 7.739380e-04 7.211644e-04 6.701982e-04 3.753719e-03
0.201258 S -2.513155e-24 2.899730e-04 -4.555184e-04 -6.961206e-05 1.189766e-04 1.924489e-04 2.322787e-04 2.428391e-04 2.223377e-04 1.717000e-04 9.535206e-05 2.033300e-06 -9.594357e-05 -1.436993e-03
0.201258 lor 0.000000e+00 5.190108e-04 -8.164983e-04 -9.366489e-04 -6.731897e-04 -7.550546e-04 -6.603969e-04 -4.485953e-04 -1.694076e-04 1.242427e-04 3.758391e-04 5.468260e-04 6.247210e-04 3.339650e-03
0.201258 advK 0.000000e+00 -5.649966e-05 -7.095260e-05 4.461135e-05 3.780340e-05 -3.095895e-05 -8.357853e-05 -1.145944e-04 -1.195564e-04 -9.844036e-05 -5.803435e-05 -9.228474e-06 3.619161e-05 2.954920e-04
0.201258 pres 0.000000e+00 1.411099e-04 -9.237974e-05 -5.860501e-05 5.729581e-06 2.621994e-05 4.881353e-06 -5.574223e-05 -1.402561e-04 -2.212663e-04 -2.729543e-04 -2.782501e-04 -2.341290e-04 1.481544e-03
0.201258 difK 3.389361e-02 -1.191777e-02 -1.248180e-02 -2.892782e-04 4.201497e-05 -7.041821e-05 -1.908364e-05 5.495490e-06 2.502021e-05 3.868591e-05 4.896768e-05 5.687197e-05 6.319452e-05 6.068649e-04
0.201258 advM 0.000000e+00 1.218925e-04 -5.192724e-04 -5.818850e-04 -4.684788e-04 -3.208594e-04 -1.378433e-04 6.167249e-05 2.504925e-04 4.015703e-04 4.958355e-04 5.261238e-04 4.985390e-04 2.246285e-04
0.201258 difM -7.547698e-04 -7.190348e-04 -4.159932e-04 -4.308640e-04 -3.093640e-04 -1.367188e-04 2.023301e-07 1.127770e-04 2.019094e-04 2.676645e-04 3.130318e-04 3.405842e-04 3.517018e-04 1.079091e-03
0.201258 cmpM 2.305231e-04 -9.245390e-04 -3.708314e-04 -4.142204e-04 -3.001251e-04 -1.908339e-04 -9.813053e-05 -2.695167e-05 2.336335e-05 5.553890e-05 7.286135e-05 7.950235e-05 7.956181e-05 1.099203e-03
0.301887 eK 0.000000e+00 6.043747e-03 1.216881e-02 1.235632e-02 1.116506e-02 1.004023e-02 8.960247e-03 7.924316e-03 6.939485e-03 6.009968e-03 5.138765e-03 4.329255e-03 3.586052e-03 1.162681e-02
0.301887 eM 7.456658e-03 1.396000e-02 1.269820e-02 1.145926e-02 1.019117e-02 8.905786e-03 7.656200e-03 6.487838e-03 5.431574e-03 4.507199e-03 3.725115e-03 3.088800e-03 2.596786e-03 2.185845e-02
0.301887 visc 2.065901e-02 1.347327e-02 1.846839e-03 2.802795e-04 2.965238e-04 3.015194e-04 3.004769e-04 2.919922e-04 2.768289e-04 2.573664e-04 2.360794e-04 2.148085e-04 1.945991e-04 1.141503e-03
0.301887 ohm 4.631432e-04 1.163494e-03 1.103274e-03 1.002248e-03 9.894738e-04 9.862080e-04 9.678726e-04 9.335025e-04 8.875370e-04 8.346783e-04 7.796075e-04 7.258236e-04 6.747657e-04 3.766753e-03
0.301887 S -3.305681e-27 -4.397935e-05 -4.168183e-04 -1.308552e-04 6.570260e-05 1.487106e-04 1.925999e-04 2.057088e-04 1.828529e-04 1.221048e-04 2.805745e-05 -8.863916e-05 -2.126471e-04 -2.148074e-03
0.301887 lor 0.000000e+00 1.293252e-03 -6.925065e-04 -1.684971e-03 -1.181932e-03 -1.089585e-03 -1.004025e-03 -7.007257e-04 -2.844492e-04 1.578951e-04 5.451144e-04 8.200141e-04 9.613488e-04 6.588459e-03
0.301887 advK 0.000000e+00 -1.273366e-04 -1.591572e-04 6.223655e-06 9.218442e-05 2.649409e-05 -6.462059e-05 -1.204714e-04 -1.389891e-04 -1.214776e-04 -7.531395e-05 -1.422171e-05 4.510617e-05 2.470846e-04
0.301887 pres 0.000000e+00 -1.101331e-04 -1.197617e-04 -4.653052e-05 1.102640e-04 1.775607e-04 1.533985e-04 4.908095e-05 -1.129408e-04 -2.943362e-04 -4.506020e-04 -5.452364e-04 -5.606844e-04 -1.405974e-03
0.301887 difK 2.065901e-02 -1.148593e-03 -1.257404e-02 -2.824589e-03 1.455779e-05 -3.065335e-06 8.787675e-06 3.139411e-05 4.307926e-05 4.723787e-05 4.812884e-05 4.903642e-05 5.102247e-05 5.769417e-04
0.301887 advM 0.000000e+00 5.103380e-05 -6.020186e-04 -7.776031e-04 -7.108964e-04 -5.349657e-04 -2.891557e-04 -3.942614e-06 2.788230e-04 5.191542e-04 6.859977e-04 7.640727e-04 7.566605e-04 1.392521e-03
0.301887 difM -8.788992e-04 -6.999945e-04 -4.169304e-04 -3.862046e-04 -2.928013e-04 -1.364286e-04 2.060095e-06 1.092521e-04 1.925040e-04 2.543948e-04 2.983764e-04 3.272819e-04 3.421821e-04 1.089711e-03
0.301887 cmpM 3.294562e-04 -7.159193e-04 -2.276899e-04 -3.206144e-04 -2.448087e-04 -1.581877e-04 -8.855254e-05 -3.776332e-05 -6.333740e-06 7.979137e-06 9.548288e-06 2.888827e-06 -7.935546e-06 -1.086131e-03
0.402517 eK 0.000000e+00 4.684777e-03 1.067066e-02 1.189698e-02 1.098833e-02 9.857047e-03 8.778197e-03 7.764775e-03 6.815827e-03 5.927630e-03 5.097059e-03 4.323137e-03 3.607762e-03 1.211572e-02
0.402517 eM 7.380703e-03 1.377874e-02 1.251485e-02 1.128068e-02 1.002154e-02 8.763282e-03 7.550085e-03 6.421468e-03 5.403246e-03 4.509852e-03 3.747939e-03 3.119339e-03 2.623318e-03 2.148826e-02
0.402517 visc 1.495167e-02 1.168851e-02 2.434229e-03 3.734891e-04 3.300851e-04 3.492364e-04 3.471553e-04 3.326262e-04 3.093919e-04 2.816246e-04 2.532286e-04 2.268393e-04 2.036500e-04 1.269034e-03
0.402517 ohm 4.653098e-04 1.314637e-03 1.266908e-03 1.078994e-03 1.033377e-03 1.020620e-03 9.981293e-04 9.593100e-04 9.081316e-04 8.502711e-04 7.909971e-04 7.343953e-04 6.822648e-04 3.783535e-03
0.402517 S 1.639437e-27 5.589746e-04 2.719116e-04 3.965383e-04 4.585533e-04 4.607589e-04 4.543000e-04 4.303845e-04 3.775064e-04 2.928565e-04 1.821736e-04 5.693447e-05 -6.999817e-05 -1.229154e-03
0.402517 lor 0.000000e+00 1.333296e-03 -6.915541e-04 -2.656168e-03 -2.499503e-03 -2.164020e-03 -1.955526e-03 -1.533924e-03 -9.285419e-04 -2.652018e-04 3.384665e-04 7.949419e-04 1.061279e-03 6.589194e-03
0.402517 advK 0.000000e+00 2.243775e-04 2.252818e-04 2.856109e-05 5.610415e-05 4.199203e-05 -5.906503e-05 -1.456732e-04 -1.858834e-04 -1.799322e-04 -1.332769e-04 -5.891963e-05 2.284657e-05 4.577811e-04
0.402517 pres 0.000000e+00 5.486906e-04 2.830301e-04 5.521120e-05 1.783523e-04 2.700216e-04 2.578966e-04 1.485777e-04 -3.548776e-05 -2.571362e-04 -4.666822e-04 -6.130148e-04 -6.619284e-04 -4.068345e-04
0.402517 difK 1.495167e-02 2.029324e-03 -1.001929e-02 -4.289704e-03 -5.206696e-04 1.909066e-05 5.679095e-05 6.623684e-05 6.453038e-05 5.619038e-05 4.635652e-05 3.926605e-05 3.688788e-05 5.492569e-04
0.402517 advM 0.000000e+00 6.188632e-05 -6.150128e-04 -9.123738e-04 -9.884009e-04 -8.621992e-04 -6.056515e-04 -2.676760e-04 9.618921e-05 4.315968e-04 6.918375e-04 8.437834e-04 8.762241e-04 1.162742e-03
0.402517 difM -9.891960e-04 -6.613589e-04 -4.212310e-04 -3.921498e-04 -2.648828e-04 -1.218057e-04 9.204251e-06 1.105174e-04 1.861121e-04 2.419454e-04 2.823443e-04 3.108491e-04 3.288752e-04 1.096819e-03
0.402517 cmpM 7.424845e-04 -6.890117e-05 3.150106e-04 8.449628e-05 1.871092e-05 -4.447147e-06 -2.288013e-05 -3.352830e-05 -3.632012e-05 -3.425266e-05 -3.026669e-05 -2.641287e-05 -2.375640e-05 -1.379667e-04
0.503146 eK 0.000000e+00 3.855019e-03 9.387093e-03 1.121060e-02 1.068312e-02 9.637763e-03 8.585195e-03 7.605475e-03 6.701748e-03 5.862558e-03 5.078090e-03 4.343375e-03 3.658284e-03 1.283930e-02
0.503146 eM 7.238868e-03 1.348228e-02 1.223812e-02 1.103603e-02 9.795768e-03 8.575152e-03 7.414424e-03 6.341851e-03 5.376069e-03 4.526239e-03 3.795096e-03 3.181959e-03 2.685502e-03 2.126488e-02
0.503146 visc 1.185683e-02 1.019332e-02 2.700952e-03 5.105515e-04 3.728813e-04 4.028937e-04 4.010746e-04 3.780520e-04 3.441558e-04 3.067520e-04 2.710415e-04 2.399941e-04 2.145912e-04 1.427730e-03
0.503146 ohm 4.640078e-04 1.436307e-03 1.437857e-03 1.175939e-03 1.095812e-03 1.068409e-03 1.038379e-03 9.943901e-04 9.381089e-04 8.747493e-04 8.098900e-04 7.486471e-04 6.941948e-04 3.856622e-03
0.503146 S -2.897237e-30 4.779822e-04 3.150387e-04 4.490920e-04 4.266621e-04 4.143459e-04 4.221718e-04 4.138532e-04 3.695356e-04 2.918434e-04 1.941603e-04 9.051413e-05 -1.050123e-05 -6.289090e-04
0.503146 lor 0.000000e+00 1.663521e-03 -1.093395e-04 -2.691735e-03 -3.176454e-03 -2.824789e-03 -2.457676e-03 -1.929342e-03 -1.210007e-03 -4.045319e-04 3.524837e-04 9.453215e-04 1.303903e-03 7.211732e-03
0.503146 advK 0.000000e+00 2.912134e-04 3.424326e-04 2.664454e-05 8.333319e-06 4.213064e-05 -4.457996e-05 -1.596068e-04 -2.308408e-04 -2.413458e-04 -1.941898e-04 -1.044275e-04 1.846723e-06 6.807348e-04
0.503146 pres 0.000000e+00 5.600021e-04 5.401653e-04 5.713646e-04 7.973427e-04 9.383436e-04 9.431214e-04 7.999213e-04 5.229548e-04 1.587922e-04 -2.186643e-04 -5.236475e-04 -6.874360e-04 -4.472354e-04
0.503146 difK 1.185683e-02 2.987199e-03 -7.790199e-03 -4.697518e-03 -1.054358e-03 -6.791901e-05 9.125877e-05 1.051040e-04 8.676878e-05 6.275174e-05 4.110274e-05 2.639285e-05 1.987481e-05 5.178241e-04
0.503146 advM 0.000000e+00 4.196202e-05 -6.222586e-04 -9.644447e-04 -1.124555e-03 -1.026885e-03 -7.563970e-04 -3.829336e-04 3.498132e-05 4.413164e-04 7.804590e-04 1.001051e-03 1.070658e-03 1.190133e-03
0.503146 difM -1.070712e-03 -6.175494e-04 -3.978746e-04 -4.320389e-04 -2.396868e-04 -9.641913e-05 2.015467e-05 1.118678e-04 1.791725e-04 2.279814e-04 2.627788e-04 2.878921e-04 3.068829e-04 1.100363e-03
0.503146 cmpM 5.859764e-04 -2.284375e-04 1.968843e-04 -3.699402e-06 -5.953690e-05 -5.831492e-05 -5.160023e-05 -4.089289e-05 -2.502801e-05 -6.860451e-06 1.046674e-05 2.462387e-05 3.481084e-05 8.648304e-04
0.603775 eK 0.000000e+00 3.301695e-03 8.383401e-03 1.050543e-02 1.030364e-02 9.383406e-03 8.374148e-03 7.427383e-03 6.563610e-03 5.770102e-03 5.031875e-03 4.339865e-03 3.691019e-03 1.343602e-02
0.603775 eM 7.115821e-03 1.322557e-02 1.198731e-02 1.080570e-02 9.571252e-03 8.373309e-03 7.257032e-03 6.237542e-03 5.324534e-03 4.522802e-03 3.831166e-03 3.244268e-03 2.756848e-03 2.107160e-02
0.603775 visc 9.909532e-03 9.038006e-03 2.769868e-03 6.447514e-04 4.323629e-04 4.618469e-04 4.579345e-04 4.242867e-04 3.778865e-04 3.302040e-04 2.877213e-04 2.531679e-04 2.268169e-04 1.607333e-03
0.603775 ohm 4.645875e-04 1.543709e-03 1.617357e-03 1.296680e-03 1.183619e-03 1.139426e-03 1.098051e-03 1.046527e-03 9.840261e-04 9.131709e-04 8.388412e-04 7.680545e-04 7.073097e-04 3.937820e-03
0.603775 S -5.138203e-31 -1.810379e-05 6.876929e-05 2.286061e-04 1.570351e-04 1.582919e-04 2.099835e-04 2.417915e-04 2.182577e-04 1.519520e-04 7.203341e-05 -1.189581e-06 -6.565820e-05 -9.250752e-04
0.603775 lor 0.000000e+00 2.216285e-03 5.924186e-04 -2.318765e-03 -3.420782e-03 -3.246731e-03 -2.781917e-03 -2.138477e-03 -1.321824e-03 -4.120459e-04 4.654354e-04 1.173574e-03 1.614900e-03 9.932715e-03
0.603775 advK 0.000000e+00 1.465645e-04 2.015662e-04 -8.600749e-05 -9.813750e-05 1.026528e-05 -1.719804e-05 -1.265213e-04 -2.191919e-04 -2.500496e-04 -2.112063e-04 -1.194257e-04 -6.782964e-06 5.880684e-04
0.603775 pres 0.000000e+00 -5.282272e-04 -4.443747e-04 -1.051058e-04 3.963301e-04 7.531543e-04 9.113720e-04 8.553508e-04 5.841583e-04 1.473957e-04 -3.536369e-04 -7.856862e-04 -1.035613e-03 -3.511689e-03
0.603775 difK 9.909532e-03 3.273201e-03 -6.239730e-03 -4.635151e-03 -1.409468e-03 -1.895824e-04 1.001849e-04 1.383667e-04 1.098828e-04 7.019048e-05 3.651948e-05 1.407058e-05 3.489652e-06 4.937724e-04
0.603775 advM 0.000000e+00 3.543921e-06 -6.517316e-04 -1.025155e-03 -1.246579e-03 -1.179116e-03 -9.112354e-04 -5.255365e-04 -7.384790e-05 3.960879e-04 8.234787e-04 1.133247e-03 1.265365e-03 2.538713e-03
0.603775 difM -1.136430e-03 -6.042101e-04 -3.644251e-04 -4.767162e-04 -2.236102e-04 -6.184760e-05 4.015781e-05 1.210682e-04 1.830198e-04 2.257888e-04 2.513648e-04 2.659470e-04 2.789401e-04 1.076737e-03
0.603775 cmpM 4.910054e-04 -2.571972e-04 1.614155e-04 3.611827e-05 8.453948e-06 2.153434e-05 2.673572e-05 2.161435e-05 1.269869e-05 2.367361e-06 -8.640839e-06 -2.059918e-05 -3.378773e-05 -8.863558e-04
0.704404 eK 0.000000e+00 2.947409e-03 7.580676e-03 9.778392e-03 9.803799e-03 9.024484e-03 8.095569e-03 7.209292e-03 6.400839e-03 5.659921e-03 4.970902e-03 4.323325e-03 3.712710e-03 1.418107e-02
0.704404 eM 7.007752e-03 1.299684e-02 1.174367e-02 1.056517e-02 9.330479e-03 8.148743e-03 7.071617e-03 6.102590e-03 5.242825e-03 4.494303e-03 3.852373e-03 3.304078e-03 2.835994e-03 2.094608e-02
0.704404 visc 8.835422e-03 8.124738e-03 2.732346e-03 7.633132e-04 5.069098e-04 5.264121e-04 5.145516e-04 4.677697e-04 4.083712e-04 3.511133e-04 3.032373e-04 2.667972e-04 2.409974e-04 1.807767e-03
0.704404 ohm 4.665505e-04 1.635957e-03 1.796705e-03 1.436970e-03 1.290166e-03 1.228305e-03 1.175777e-03 1.117362e-03 1.049098e-03 9.686751e-04 8.789899e-04 7.913050e-04 7.191392e-04 4.027027e-03
0.704404 S -2.650344e-32 -1.152187e-04 -1.916593e-06 8.371895e-05 -3.394416e-05 -1.417775e-05 8.063729e-05 1.439563e-04 1.305251e-04 6.728403e-05 4.448549e-06 -3.184874e-05 -5.168082e-05 -6.200476e-04
0.704404 lor 0.000000e+00 2.467001e-03 9.715740e-04 -1.985035e-03 -3.483455e-03 -3.568272e-03 -3.129391e-03 -2.415296e-03 -1.501175e-03 -4.773330e-04 5.273308e-04 1.347565e-03 1.851984e-03 1.068181e-02
0.704404 advK 0.000000e+00 1.591931e-04 1.920170e-04 -1.601047e-04 -1.943684e-04 -4.529471e-05 -2.784630e-05 -1.287007e-04 -2.377977e-04 -2.860838e-04 -2.509147e-04 -1.488801e-04 -2.085294e-05 7.646096e-04
0.704404 pres 0.000000e+00 7.909544e-04 5.797332e-04 1.788915e-04 2.921071e-04 5.500136e-04 7.503199e-04 7.697132e-04 5.428643e-04 9.184209e-05 -4.726819e-04 -9.751697e-04 -1.255656e-03 -1.361387e-03
0.704404 difK 8.835422e-03 3.027063e-03 -5.187260e-03 -4.345393e-03 -1.558082e-03 -2.731232e-04 9.723984e-05 1.564796e-04 1.214589e-04 7.069088e-05 2.814649e-05 7.626170e-07 -1.152867e-05 4.743411e-04
0.704404 advM 0.000000e+00 3.509910e-05 -6.496131e-04 -1.051967e-03 -1.285843e-03 -1.232417e-03 -9.918433e-04 -6.300237e-04 -1.732268e-04 3.457080e-04 8.559330e-04 1.245100e-03 1.416041e-03 2.683017e-03
0.704404 difM -1.195109e-03 -6.282047e-04 -3.243423e-04 -4.989929e-04 -2.103931e-04 -2.798043e-05 6.376524e-05 1.374972e-04 2.003639e-04 2.399248e-04 2.500614e-04 2.428224e-04 2.413838e-04 1.019180e-03
0.704404 cmpM 2.345111e-04 -6.335462e-04 -1.677317e-04 -2.039155e-04 -1.622728e-04 -8.010137e-05 -1.324922e-05 3.131621e-05 6.019861e-05 7.649410e-05 8.300572e-05 8.176794e-05 7.426099e-05 1.927525e-04
0.805033 eK 0.000000e+00 2.635847e-03 6.887700e-03 9.094176e-03 9.302033e-03 8.668590e-03 7.836937e-03 7.023578e-03 6.275405e-03 5.586315e-03 4.942852e-03 4.335570e-03 3.759295e-03 1.495340e-02
0.805033 eM 6.857329e-03 1.268714e-02 1.141260e-02 1.024172e-02 9.026529e-03 7.878551e-03 6.849934e-03 5.937526e-03 5.138283e-03 4.453487e-03 3.874533e-03 3.376864e-03 2.934865e-03 2.093023e-02
0.805033 visc 7.840020e-03 7.334843e-03 2.640287e-03 8.705532e-04 5.922969e-04 5.940182e-04 5.690021e-04 5.078999e-04 4.365171e-04 3.713961e-04 3.197568e-04 2.828399e-04 2.587906e-04 2.036021e-03
0.805033 ohm 4.651045e-04 1.692964e-03 1.948666e-03 1.578580e-03 1.400330e-03 1.320829e-03 1.263771e-03 1.205858e-03 1.135669e-03 1.043440e-03 9.301866e-04 8.165547e-04 7.286595e-04 4.135618e-03
0.805033 S 7.514614e-34 1.222926e-04 2.779422e-05 1.797196e-05 -1.361242e-04 -8.497847e-05 5.431926e-05 1.400573e-04 1.283592e-04 6.665112e-05 2.610923e-05 3.133102e-05 5.156514e-05 -2.492422e-05
0.805033 lor 0.000000e+00 2.398996e-03 1.047574e-03 -1.855498e-03 -3.585091e-03 -3.900579e-03 -3.567198e-03 -2.848374e-03 -1.842086e-03 -6.719855e-04 4.868515e-04 1.414986e-03 1.956438e-03 1.102483e-02
0.805033 advK 0.000000e+00 3.134699e-04 4.770942e-04 -2.618318e-05 -1.867776e-04 -4.500935e-05 1.062841e-06 -9.169384e-05 -2.126561e-04 -2.762862e-04 -2.491217e-04 -1.478004e-04 -2.076306e-05 8.404271e-04
0.805033 pres 0.000000e+00 4.810541e-05 3.787442e-04 6.206248e-04 9.444145e-04 1.178616e-03 1.311114e-03 1.247908e-03 9.055013e-04 3.072243e-04 -4.041662e-04 -1.003965e-03 -1.310076e-03 -3.867138e-03
0.805033 difK 7.840020e-03 2.881117e-03 -4.425417e-03 -4.009210e-03 -1.612144e-03 -3.368005e-04 8.456638e-05 1.604999e-04 1.211338e-04 6.225622e-05 1.391284e-05 -1.680652e-05 -2.929653e-05 4.632490e-04
0.805033 advM 0.000000e+00 7.325026e-05 -6.608881e-04 -1.106268e-03 -1.352656e-03 -1.317300e-03 -1.131178e-03 -8.179789e-04 -3.542053e-04 2.375371e-04 8.505922e-04 1.311984e-03 1.492711e-03 2.845811e-03
0.805033 difM -1.251898e-03 -6.770368e-04 -2.606908e-04 -4.842414e-04 -1.950759e-04 -7.314458e-06 8.262774e-05 1.601621e-04 2.320552e-04 2.685258e-04 2.515489e-04 2.082034e-04 1.873132e-04 9.350363e-04
0.805033 cmpM 5.572091e-04 -1.072592e-04 2.258890e-04 3.926721e-05 -7.032218e-05 -9.391355e-05 -9.360199e-05 -8.670795e-05 -7.344455e-05 -5.825820e-05 -4.498941e-05 -3.428952e-05 -2.393374e-05 5.046924e-04
0.905662 eK 0.000000e+00 2.406573e-03 6.320866e-03 8.472187e-03 8.802609e-03 8.297969e-03 7.563169e-03 6.823751e-03 6.136074e-03 5.498531e-03 4.900135e-03 4.332615e-03 3.790314e-03 1.563090e-02
0.905662 eM 6.718379e-03 1.239260e-02 1.107537e-02 9.894230e-03 8.698688e-03 7.586249e-03 6.600746e-03 5.739156e-03 5.001583e-03 4.389520e-03 3.885067e-03 3.444582e-03 3.027879e-03 2.084925e-02
0.905662 visc 7.163685e-03 6.695527e-03 2.530478e-03 9.640150e-04 6.840882e-04 6.623541e-04 6.197739e-04 5.443986e-04 4.626647e-04 3.915682e-04 3.377736e-04 3.016689e-04 2.804661e-04 2.282697e-03
0.905662 ohm 4.644092e-04 1.741441e-03 2.090310e-03 1.727233e-03 1.521058e-03 1.424207e-03 1.370346e-03 1.321626e-03 1.250294e-03 1.136565e-03 9.846288e-04 8.348969e-04 7.313379e-04 4.230864e-03
0.905662 S 1.467285e-35 3.464987e-05 -1.703441e-04 -2.414324e-04 -3.950415e-04 -2.897483e-04 -1.020819e-04 2.624730e-06 -5.395811e-06 -5.148488e-05 -5.072002e-05 1.992708e-06 4.846227e-05 -6.475148e-05
0.905662 lor 0.000000e+00 2.511047e-03 1.201621e-03 -1.620795e-03 -3.439258e-03 -3.927095e-03 -3.732655e-03 -3.060751e-03 -1.984830e-03 -6.728855e-04 6.044623e-04 1.549188e-03 2.018061e-03 1.238848e-02
0.905662 advK 0.000000e+00 3.239956e-04 4.945251e-04 -5.069558e-05 -2.360935e-04 -5.891867e-05 2.881945e-05 -4.768054e-05 -1.669289e-04 -2.281542e-04 -1.961829e-04 -9.586682e-05 1.630613e-05 6.259594e-04
0.905662 pres 0.000000e+00 -3.820369e-04 -2.470843e-04 4.090411e-05 5.199598e-04 1.009713e-03 1.448553e-03 1.620308e-03 1.358530e-03 6.947146e-04 -1.438702e-04 -8.387560e-04 -1.183406e-03 -3.824604e-03
0.905662 difK 7.163685e-03 2.627443e-03 -3.887311e-03 -3.665700e-03 -1.587978e-03 -3.778124e-04 6.503596e-05 1.560271e-04 1.157788e-04 5.128427e-05 -1.479138e-06 -3.424537e-05 -4.545244e-05 4.632033e-04
0.905662 advM 0.000000e+00 9.399440e-05 -6.826831e-04 -1.156346e-03 -1.403663e-03 -1.386970e-03 -1.261233e-03 -9.830130e-04 -4.720578e-04 2.343280e-04 9.496277e-04 1.421661e-03 1.526546e-03 3.206917e-03
0.905662 difM -1.317920e-03 -7.502705e-04 -1.932380e-04 -4.321774e-04 -1.742084e-04 -6.781797e-07 1.012745e-04 2.014719e-04 2.879712e-04 3.088012e-04 2.417338e-04 1.492158e-04 1.162117e-04 8.432099e-04
0.905662 cmpM 6.963465e-04 1.786296e-04 4.636839e-04 2.649789e-04 1.206387e-04 5.919138e-05 2.319562e-05 -7.197747e-06 -2.836168e-05 -4.149488e-05 -5.130244e-05 -6.047680e-05 -6.748826e-05 -8.453518e-04
1.006291 eK 0.000000e+00 2.247869e-03 5.848900e-03 7.884111e-03 8.287417e-03 7.901759e-03 7.271679e-03 6.614731e-03 5.993256e-03 5.411306e-03 4.860488e-03 4.333130e-03 3.823306e-03 1.644093e-02
1.006291 eM 6.577905e-03 1.208949e-02 1.071143e-02 9.506080e-03 8.332918e-03 7.262081e-03 6.320281e-03 5.510469e-03 4.842818e-03 4.317577e-03 3.898228e-03 3.514308e-03 3.114056e-03 2.074335e-02
1.006291 visc 6.778866e-03 6.166525e-03 2.410323e-03 1.052321e-03 7.782362e-04 7.280621e-04 6.656799e-04 5.782487e-04 4.888812e-04 4.137950e-04 3.591198e-04 3.246756e-04 3.070320e-04 2.552031e-03
1.006291 ohm 4.629065e-04 1.774602e-03 2.214047e-03 1.874683e-03 1.647053e-03 1.537007e-03 1.495435e-03 1.463368e-03 1.387576e-03 1.237146e-03 1.030296e-03 8.402828e-04 7.286695e-04 4.327464e-03
1.006291 S 7.257356e-38 -3.718885e-04 -6.536951e-04 -7.397314e-04 -8.273069e-04 -6.149562e-04 -3.455467e-04 -1.993464e-04 -1.824182e-04 -1.848916e-04 -1.190700e-04 -1.952929e-05 2.957353e-05 -9.386803e-04
1.006291 lor 0.000000e+00 2.813947e-03 1.514553e-03 -1.173970e-03 -2.920527e-03 -3.473212e-03 -3.387039e-03 -2.778743e-03 -1.687014e-03 -3.222329e-04 9.522464e-04 1.788189e-03 2.100410e-03 1.271090e-02
1.006291 advK 0.000000e+00 2.353449e-04 2.534853e-04 -3.536475e-04 -4.665228e-04 -1.862024e-04 -2.920871e-05 -8.325144e-05 -1.974036e-04 -2.436103e-04 -1.860476e-04 -6.696626e-05 4.465692e-05 8.676710e-04
1.006291 pres 0.000000e+00 -4.126428e-04 -2.133242e-04 5.390839e-05 4.898669e-04 9.748741e-04 1.446707e-03 1.623087e-03 1.304969e-03 5.616356e-04 -3.002981e-04 -9.190988e-04 -1.135732e-03 -3.250169e-03
1.006291 difK 6.778866e-03 2.237501e-03 -3.531559e-03 -3.306550e-03 -1.495258e-03 -3.947910e-04 3.901667e-05 1.423494e-04 1.074929e-04 4.049435e-05 -1.678401e-05 -5.182295e-05 -5.968009e-05 4.747543e-04
1.006291 advM 0.000000e+00 1.342659e-04 -6.729783e-04 -1.160223e-03 -1.373374e-03 -1.340472e-03 -1.231592e-03 -9.460470e-04 -3.720686e-04 4.148217e-04 1.143761e-03 1.520081e-03 1.481637e-03 2.868371e-03
1.006291 difM -1.390813e-03 -8.489542e-04 -1.212454e-04 -3.454428e-04 -1.423725e-04 -8.060492e-07 1.261375e-04 2.653881e-04 3.618619e-04 3.404070e-04 1.976776e-04 5.757310e-05 3.669929e-05 7.698525e-04
1.006291 cmpM 1.586960e-04 -6.407939e-04 -1.772236e-04 -1.882034e-04 -1.870988e-04 -1.269356e-04 -5.961243e-05 -9.647943e-06 2.961855e-05 6.349583e-05 8.999268e-05 1.058361e-04 1.115481e-04 8.464239e-04
1.106921 eK 0.000000e+00 2.077512e-03 5.402858e-03 7.335234e-03 7.808960e-03 7.544442e-03 7.019917e-03 6.441100e-03 5.879543e-03 5.349182e-03 4.844577e-03 4.355636e-03 3.874166e-03 1.721713e-02
1.106921 eM 6.420043e-03 1.174841e-02 1.029902e-02 9.064021e-03 7.918701e-03 6.897777e-03 6.008013e-03 5.259824e-03 4.675356e-03 4.249792e-03 3.918401e-03 3.580843e-03 3.183321e-03 2.059997e-02
1.106921 visc 6.285480e-03 5.672557e-03 2.289448e-03 1.132632e-03 8.707845e-04 7.879340e-04 7.053020e-04 6.094488e-04 5.162037e-04 4.394406e-04 3.849093e-04 3.525206e-04 3.387544e-04 2.845141e-03
1.106921 ohm 4.593405e-04 1.790789e-03 2.312486e-03 2.009816e-03 1.773198e-03 1.659539e-03 1.637004e-03 1.623522e-03 1.535497e-03 1.332100e-03 1.059951e-03 8.350785e-04 7.277310e-04 4.437281e-03
1.106921 S -2.592768e-38 -3.367701e-04 -8.080299e-04 -9.565541e-04 -1.012456e-03 -7.548180e-04 -4.577696e-04 -3.054308e-04 -2.749046e-04 -2.230268e-04 -8.351652e-05 4.806927e-05 7.278309e-05 -1.083020e-03
1.106921 lor 0.000000e+00 2.733359e-03 1.438740e-03 -1.093811e-03 -2.744312e-03 -3.313688e-03 -3.266442e-03 -2.657760e-03 -1.521252e-03 -1.258590e-04 1.068862e-03 1.710833e-03 1.841761e-03 1.303177e-02
1.106921 advK 0.000000e+00 3.032544e-04 3.668334e-04 -3.329284e-04 -4.994728e-04 -2.023117e-04 -4.815332e-06 -3.351680e-05 -1.373763e-04 -1.701739e-04 -9.588654e-05 2.355797e-05 1.080731e-04 7.166301e-04
1.106921 pres 0.000000e+00 -7.593631e-05 3.280421e-04 5.450212e-04 8.019121e-04 1.096342e-03 1.393992e-03 1.404950e-03 9.476555e-04 1.422829e-04 -6.394155e-04 -1.050185e-03 -1.051854e-03 -3.646750e-03
1.106921 difK 6.285480e-03 2.006866e-03 -3.208636e-03 -2.961784e-03 -1.386589e-03 -4.194286e-04 -9.318762e-06 1.115104e-04 9.317196e-05 2.852845e-05 -3.606681e-05 -7.601825e-05 -7.880920e-05 4.889841e-04
1.106921 advM 0.000000e+00 1.604451e-04 -6.806441e-04 -1.175894e-03 -1.391169e-03 -1.372990e-03 -1.254187e-03 -9.001637e-04 -2.195084e-04 6.363011e-04 1.299488e-03 1.482386e-03 1.258756e-03 2.544963e-03
1.106921 difM -1.470561e-03 -9.611469e-04 -4.063939e-05 -2.346695e-04 -9.890197e-05 6.548352e-06 1.616313e-04 3.413948e-04 4.323566e-04 3.386619e-04 1.082871e-04 -5.616824e-05 -3.304699e-05 7.272498e-04
1.106921 cmpM 4.026568e-04 -2.283913e-04 1.488503e-04 6.670130e-05 -1.455257e-05 -2.248714e-05 -8.660865e-06 -1.117747e-06 5.299846e-06 1.425684e-05 2.071979e-05 2.218192e-05 2.152146e-05 -1.097791e-04
1.207550 eK 0.000000e+00 1.921453e-03 4.992740e-03 6.821164e-03 7.355243e-03 7.209713e-03 6.791714e-03 6.288825e-03 5.782241e-03 5.299053e-03 4.837443e-03 4.382879e-03 3.923837e-03 1.789011e-02
1.207550 eM 6.266089e-03 1.140979e-02 9.881199e-03 8.608157e-03 7.484814e-03 6.511444e-03 5.679001e-03 5.004037e-03 4.515477e-03 4.194516e-03 3.939449e-03 3.625500e-03 3.212864e-03 2.025706e-02
1.207550 visc 5.833697e-03 5.221368e-03 2.175436e-03 1.203765e-03 9.579292e-04 8.425191e-04 7.395111e-04 6.380601e-04 5.445612e-04 4.684878e-04 4.149536e-04 3.848670e-04 3.752222e-04 3.142808e-03
1.207550 ohm 4.557817e-04 1.803621e-03 2.398515e-03 2.137673e-03 1.906897e-03 1.804976e-03 1.804695e-03 1.802261e-03 1.684794e-03 1.409390e-03 1.069337e-03 8.242593e-04 7.345403e-04 4.524142e-03
1.207550 S 9.054282e-41 -3.063350e-04 -9.507402e-04 -1.140859e-03 -1.154155e-03 -8.541128e-04 -5.347764e-04 -3.716184e-04 -3.068934e-04 -1.777676e-04 3.172107e-05 1.669402e-04 1.436089e-04 -1.423768e-03
1.207550 lor 0.000000e+00 2.598305e-03 1.315727e-03 -1.048176e-03 -2.572968e-03 -3.103058e-03 -2.994697e-03 -2.301990e-03 -1.122911e-03 1.856130e-04 1.127348e-03 1.477386e-03 1.453325e-03 1.274454e-02
1.207550 advK 0.000000e+00 3.478644e-04 4.386686e-04 -3.180856e-04 -5.306580e-04 -2.265960e-04 1.005789e-05 1.817439e-05 -6.135859e-05 -7.509600e-05 8.720979e-06 1.132031e-04 1.577891e-04 6.327120e-04
1.207550 pres 0.000000e+00 -5.650074e-05 3.009700e-04 4.083534e-04 6.230756e-04 9.303377e-04 1.195002e-03 1.121893e-03 6.092658e-04 -1.293514e-04 -6.889036e-04 -8.327310e-04 -6.856252e-04 -2.959676e-03
1.207550 difK 5.833697e-03 1.795750e-03 -2.923619e-03 -2.629611e-03 -1.262326e-03 -4.433096e-04 -7.320331e-05 6.581885e-05 7.335524e-05 1.572273e-05 -5.812823e-05 -1.043104e-04 -9.918825e-05 5.200739e-04
1.207550 advM 0.000000e+00 1.741819e-04 -6.888833e-04 -1.187196e-03 -1.415815e-03 -1.398319e-03 -1.193246e-03 -6.830002e-04 1.228556e-04 9.499358e-04 1.385241e-03 1.281794e-03 9.021689e-04 2.063426e-03
1.207550 difM -1.556714e-03 -1.075240e-03 3.638432e-05 -1.195371e-04 -4.586991e-05 3.568722e-05 2.157521e-04 4.196164e-04 4.760854e-04 2.828479e-04 -2.298271e-05 -1.681907e-04 -7.303024e-05 7.133427e-04
1.207550 cmpM 6.156960e-04 1.236804e-04 3.981296e-04 2.294283e-04 6.445744e-05 -6.526890e-06 -3.211807e-05 -4.638209e-05 -5.514870e-05 -6.490649e-05 -7.937911e-05 -8.931364e-05 -8.607515e-05 -3.286357e-04
1.308179 eK 0.000000e+00 1.802188e-03 4.624950e-03 6.319041e-03 6.889528e-03 6.856982e-03 6.550221e-03 6.129819e-03 5.683387e-03 5.251297e-03 4.834999e-03 4.415177e-03 3.977985e-03 1.875838e-02
1.308179 eM 6.086973e-03 1.102384e-02 9.420570e-03 8.111357e-03 7.009902e-03 6.090495e-03 5.333462e-03 4.754547e-03 4.375910e-03 4.152569e-03 3.949497e-03 3.638147e-03 3.205594e-03 1.985871e-02
1.308179 visc 5.547258e-03 4.823211e-03 2.062382e-03 1.266006e-03 1.036038e-03 8.904753e-04 7.673695e-04 6.625470e-04 5.729308e-04 5.005206e-04 4.488558e-04 4.210189e-04 4.151937e-04 3.452067e-03
1.308179 ohm 4.496757e-04 1.797203e-03 2.453947e-03 2.243364e-03 2.036997e-03 1.962103e-03 1.982188e-03 1.975922e-03 1.810848e-03 1.460298e-03 1.070520e-03 8.230542e-04 7.533449e-04 4.613113e-03
1.308179 S 1.275786e-41 -6.127845e-04 -1.332516e-03 -1.478590e-03 -1.422709e-03 -1.074816e-03 -7.293455e-04 -5.355236e-04 -4.071945e-04 -2.016942e-04 3.687231e-05 1.437573e-04 7.865208e-05 -2.280933e-03
1.308179 lor 0.000000e+00 2.673203e-03 1.411836e-03 -7.849385e-04 -2.154882e-03 -2.594286e-03 -2.369140e-03 -1.586709e-03 -4.667294e-04 5.574724e-04 1.100713e-03 1.190257e-03 1.136387e-03 1.279743e-02
1.308179 advK 0.000000e+00 3.063151e-04 2.834478e-04 -5.501052e-04 -7.613072e-04 -4.203503e-04 -1.169812e-04 -2.652096e-05 -3.433962e-05 -4.261093e-06 8.697571e-05 1.691781e-04 1.816580e-04 8.973318e-04
1.308179 pres 0.000000e+00 -6.424133e-04 -3.262694e-04 6.885109e-05 6.063355e-04 1.112512e-03 1.379312e-03 1.213948e-03 6.895498e-04 1.257377e-04 -1.500916e-04 -1.165776e-04 -4.346946e-06 -3.222070e-03
1.308179 difK 5.547258e-03 1.492135e-03 -2.713268e-03 -2.290336e-03 -1.109207e-03 -4.521022e-04 -1.398210e-04 1.328608e-05 5.210241e-05 5.016491e-06 -7.753954e-05 -1.288502e-04 -1.153356e-04 5.447254e-04
1.308179 advM 0.000000e+00 1.913009e-04 -6.567427e-04 -1.151120e-03 -1.392519e-03 -1.348543e-03 -9.955495e-04 -2.939237e-04 5.723890e-04 1.203341e-03 1.287577e-03 9.460293e-04 5.469695e-04 1.601434e-03
1.308179 difM -1.636997e-03 -1.185337e-03 1.084994e-04 -6.237946e-06 2.592846e-05 9.604068e-05 2.817027e-04 4.712999e-04 4.569776e-04 1.697008e-04 -1.574308e-04 -2.430368e-04 -8.027732e-05 7.024878e-04
1.308179 cmpM 2.847017e-04 -3.477930e-04 4.363580e-05 -6.938683e-06 -7.912350e-05 -8.411898e-05 -6.261865e-05 -3.980018e-05 -1.698956e-05 1.180691e-06 1.452437e-05 2.975135e-05 4.598193e-05 5.785827e-04
1.408808 eK 0.000000e+00 1.673621e-03 4.285486e-03 5.881843e-03 6.492582e-03 6.560996e-03 6.352481e-03 6.005459e-03 5.612669e-03 5.224681e-03 4.844563e-03 4.450268e-03 4.028067e-03 1.941759e-02
1.408808 eM 5.904561e-03 1.063295e-02 8.955889e-03 7.605677e-03 6.517999e-03 5.651191e-03 4.983745e-03 4.523247e-03 4.264003e-03 4.117346e-03 3.930396e-03 3.601898e-03 3.152515e-03 1.935545e-02
1.408808 visc 5.166373e-03 4.458999e-03 1.957212e-03 1.312861e-03 1.103894e-03 9.326545e-04 7.898438e-04 6.821810e-04 5.992882e-04 5.330500e-04 4.843860e-04 4.590943e-04 4.565412e-04 3.756590e-03
1.408808 ohm 4.428457e-04 1.783972e-03 2.492378e-03 2.334810e-03 2.170497e-03 2.136521e-03 2.172107e-03 2.137241e-03 1.898799e-03 1.480665e-03 1.072848e-03 8.386643e-04 7.823756e-04 4.679409e-03
1.408808 S 4.708883e-43 -6.545757e-04 -1.442626e-03 -1.572715e-03 -1.479374e-03 -1.134848e-03 -8.043206e-04 -5.872556e-04 -3.840173e-04 -1.265955e-04 8.721798e-05 1.408434e-04 4.605271e-05 -2.887135e-03
1.408808 lor 0.000000e+00 2.555890e-03 1.311406e-03 -7.272732e-04 -1.978863e-03 -2.303719e-03 -1.888547e-03 -9.346128e-04 1.399061e-04 7.795712e-04 8.286131e-04 6.703285e-04 6.584990e-04 1.284922e-02
1.408808 advK 0.000000e+00 2.887894e-04 2.566891e-04 -5.855207e-04 -8.340795e-04 -5.285729e-04 -2.044945e-04 -2.784324e-05 6.627269e-05 1.515752e-04 2.241561e-04 2.430236e-04 1.931682e-04 6.579284e-04
1.408808 pres 0.000000e+00 -4.246979e-04 4.340999e-05 4.389293e-04 8.863509e-04 1.198229e-03 1.153430e-03 6.928048e-04 9.261113e-05 -2.192244e-04 -1.000134e-04 1.608648e-04 2.597094e-04 -4.181138e-03
1.408808 difK 5.166373e-03 1.332924e-03 -2.485048e-03 -2.003971e-03 -9.825039e-04 -4.661983e-04 -2.091335e-04 -4.617045e-05 2.015405e-05 -1.673867e-05 -1.011963e-04 -1.500867e-04 -1.270145e-04 5.781169e-04
1.408808 advM 0.000000e+00 2.051861e-04 -6.379567e-04 -1.132307e-03 -1.396745e-03 -1.315432e-03 -7.781863e-04 1.571871e-04 1.064747e-03 1.381020e-03 1.019119e-03 4.606073e-04 1.170421e-04 1.407041e-03
1.408808 difM -1.711289e-03 -1.294200e-03 1.681932e-04 9.977355e-05 1.133549e-04 1.910023e-04 3.622376e-04 4.837711e-04 3.532649e-04 8.768980e-06 -2.591800e-04 -2.606602e-04 -5.914658e-05 6.759983e-04
1.408808 cmpM 3.539625e-04 -2.088767e-04 1.481047e-04 8.626445e-05 -1.154230e-06 -2.730105e-05 -2.312589e-05 -4.686183e-06 1.993033e-05 3.667384e-05 4.641635e-05 5.373739e-05 5.387871e-05 -8.008749e-05
1.509437 eK 0.000000e+00 1.548683e-03 3.948863e-03 5.443408e-03 6.086834e-03 6.253444e-03 6.147217e-03 5.883092e-03 5.554124e-03 5.213614e-03 4.863964e-03 4.485966e-03 4.071821e-03 2.007888e-02
1.509437 eM 5.724050e-03 1.024866e-02 8.502359e-03 7.106043e-03 6.022078e-03 5.206265e-03 4.642824e-03 4.323141e-03 4.185040e-03 4.081189e-03 3.870506e-03 3.510864e-03 3.054488e-03 1.873020e-02
1.509437 visc 4.811520e-03 4.102957e-03 1.861295e-03 1.345297e-03 1.159516e-03 9.692302e-04 8.081286e-04 6.975086e-04 6.221737e-04 5.632834e-04 5.190579e-04 4.968950e-04 4.965886e-04 4.038490e-03
1.509437 ohm 4.359881e-04 1.767136e-03 2.518882e-03 2.417677e-03 2.311189e-03 2.329064e-03 2.370552e-03 2.271360e-03 1.934007e-03 1.471924e-03 1.085324e-03 8.749547e-04 8.192794e-04 4.709349e-03
1.509437 S -1.353448e-44 -6.914214e-04 -1.520212e-03 -1.631202e-03 -1.512901e-03 -1.190637e-03 -8.840512e-04 -6.180176e-04 -3.132219e-04 -2.457986e-05 1.308052e-04 1.312576e-04 3.225158e-05 -3.023963e-03
1.509437 lor 0.000000e+00 2.417501e-03 1.196204e-03 -6.802808e-04 -1.793797e-03 -1.963217e-03 -1.327726e-03 -2.131707e-04 7.161090e-04 8.639992e-04 4.548603e-04 1.767225e-04 2.980539e-04 1.226742e-02
1.509437 advK 0.000000e+00 2.906382e-04 2.548397e-04 -5.863542e-04 -8.771285e-04 -6.295327e-04 -3.053727e-04 -3.970556e-05 1.758885e-04 3.197931e-04 3.539869e-04 2.902909e-04 1.744072e-04 7.590991e-04
1.509437 pres 0.000000e+00 -4.620975e-05 2.637727e-04 3.021519e-04 5.303844e-04 6.826146e-04 4.280774e-04 -1.852713e-04 -6.612936e-04 -5.287244e-04 4.379901e-05 4.818772e-04 5.300549e-04 -1.871806e-03
1.509437 difK 4.811520e-03 1.159484e-03 -2.253941e-03 -1.726990e-03 -8.495787e-04 -4.683773e-04 -2.695354e-04 -1.062529e-04 -2.641649e-05 -5.731504e-05 -1.319473e-04 -1.661681e-04 -1.321146e-04 6.150202e-04
1.509437 advM 0.000000e+00 2.221235e-04 -6.041818e-04 -1.097899e-03 -1.368833e-03 -1.207502e-03 -4.535749e-04 6.981472e-04 1.529343e-03 1.409267e-03 6.365944e-04 -7.796034e-06 -2.051092e-04 1.123576e-03
1.509437 difM -1.775429e-03 -1.396591e-03 2.074127e-04 1.945074e-04 2.176691e-04 3.180032e-04 4.537649e-04 4.383723e-04 1.557735e-04 -1.731741e-04 -3.008091e-04 -2.174285e-04 -1.914828e-05 6.203013e-04
1.509437 cmpM 3.872923e-04 -1.349520e-04 1.825257e-04 1.081245e-04 1.053187e-05 -2.867755e-05 -3.712308e-05 -3.111788e-05 -2.555707e-05 -2.582826e-05 -1.710258e-05 3.975532e-07 1.361848e-05 -4.016882e-05
1.610066 eK 0.000000e+00 1.426378e-03 3.633894e-03 5.037547e-03 5.709578e-03 5.963897e-03 5.955293e-03 5.778686e-03 5.520826e-03 5.228043e-03 4.901047e-03 4.530152e-03 4.118211e-03 2.068744e-02
1.610066 eM 5.515589e-03 9.820147e-03 8.024211e-03 6.592093e-03 5.513294e-03 4.754909e-03 4.312231e-03 4.148970e-03 4.119663e-03 4.023536e-03 3.765949e-03 3.377355e-03 2.931217e-03 1.810220e-02
1.610066 visc 4.442975e-03 3.771904e-03 1.764647e-03 1.361986e-03 1.200363e-03 9.988557e-04 8.231512e-04 7.098145e-04 6.405847e-04 5.887515e-04 5.503709e-04 5.314388e-04 5.315120e-04 4.301050e-03
1.610066 ohm 4.262313e-04 1.728352e-03 2.510162e-03 2.472193e-03 2.436325e-03 2.510403e-03 2.543123e-03 2.348512e-03 1.914184e-03 1.450235e-03 1.116541e-03 9.317461e-04 8.616793e-04 4.730687e-03
1.610066 S -3.122389e-46 -7.397111e-04 -1.585383e-03 -1.639641e-03 -1.501116e-03 -1.216790e-03 -9.340925e-04 -6.006794e-04 -2.112350e-04 6.178011e-05 1.416076e-04 1.048370e-04 2.626306e-05 -3.181079e-03
1.610066 lor 0.000000e+00 2.287235e-03 1.130839e-03 -5.993917e-04 -1.581243e-03 -1.579377e-03 -7.281820e-04 4.831801e-04 1.149183e-03 8.115029e-04 9.473930e-05 -2.085000e-04 4.174254e-05 1.137505e-02
1.610066 advK 0.000000e+00 2.651003e-04 2.174536e-04 -5.966735e-04 -9.243947e-04 -7.559325e-04 -4.498905e-04 -9.300889e-05 2.539208e-04 4.551496e-04 4.443937e-04 2.947873e-04 1.124329e-04 9.165312e-04
1.610066 pres 0.000000e+00 -5.233403e-04 -7.977114e-05 3.571117e-04 8.322911e-04 9.833951e-04 5.451100e-04 -2.236488e-04 -5.856894e-04 -1.293045e-04 6.545207e-04 1.063258e-03 9.394584e-04 -3.452491e-03
1.610066 difK 4.442975e-03 1.037481e-03 -2.036570e-03 -1.481996e-03 -7.312857e-04 -4.597704e-04 -3.121279e-04 -1.612940e-04 -8.779091e-05 -1.149723e-04 -1.648968e-04 -1.736589e-04 -1.296239e-04 6.544435e-04
1.610066 advM 0.000000e+00 2.372385e-04 -5.542416e-04 -1.039526e-03 -1.298387e-03 -1.035580e-03 -7.485414e-05 1.206876e-03 1.812928e-03 1.249461e-03 2.211770e-04 -4.047728e-04 -4.497572e-04 9.035024e-04
1.610066 difM -1.818200e-03 -1.481688e-03 2.318936e-04 2.757097e-04 3.343177e-04 4.634229e-04 5.338054e-04 3.189520e-04 -9.966339e-05 -3.265300e-04 -2.786475e-04 -1.327061e-04 2.501609e-05 5.257698e-04
1.610066 cmpM 3.355260e-04 -2.037437e-04 1.055039e-04 4.452502e-05 -3.463611e-05 -6.511680e-05 -6.972707e-05 -6.698881e-05 -7.353749e-05 -7.697956e-05 -5.710209e-05 -2.455973e-05 3.748227e-06 4.789365e-04
1.710695 eK 0.000000e+00 1.314252e-03 3.354253e-03 4.683212e-03 5.373757e-03 5.694617e-03 5.769411e-03 5.678834e-03 5.494508e-03 5.245190e-03 4.930196e-03 4.554957e-03 4.136811e-03 2.112932e-02
1.710695 eM 5.311804e-03 9.407328e-03 7.569173e-03 6.098196e-03 5.019023e-03 4.319820e-03 4.010744e-03 4.007030e-03 4.058041e-03 3.936216e-03 3.619725e-03 3.204998e-03 2.778751e-03 1.740573e-02
1.710695 visc 4.092741e-03 3.482500e-03 1.677973e-03 1.363206e-03 1.227132e-03 1.021469e-03 8.368910e-04 7.218747e-04 6.553059e-04 6.086053e-04 5.766704e-04 5.607664e-04 5.594577e-04 4.518534e-03
1.710695 ohm 4.164706e-04 1.686331e-03 2.492223e-03 2.521189e-03 2.563157e-03 2.689915e-03 2.682986e-03 2.358772e-03 1.844996e-03 1.416042e-03 1.150137e-03 9.944196e-04 9.068306e-04 4.719318e-03
1.710695 S 2.357943e-48 -7.390657e-04 -1.537129e-03 -1.547780e-03 -1.407118e-03 -1.182718e-03 -9.268603e-04 -5.379993e-04 -1.342522e-04 6.235753e-05 6.419522e-05 6.283522e-06 -4.007744e-05 -3.148735e-03
1.710695 lor 0.000000e+00 2.111663e-03 9.933910e-04 -6.083076e-04 -1.452959e-03 -1.241831e-03 -1.470604e-04 1.085627e-03 1.362368e-03 6.025789e-04 -2.503843e-04 -5.304755e-04 -2.203223e-04 1.074807e-02
1.710695 advK 0.000000e+00 2.418159e-04 2.039870e-04 -5.426934e-04 -9.012428e-04 -8.252927e-04 -5.506297e-04 -1.113956e-04 3.550732e-04 6.056777e-04 5.621834e-04 3.441841e-04 9.852204e-05 7.079028e-04
1.710695 pres 0.000000e+00 -5.609612e-04 -1.240583e-04 3.720495e-04 8.786423e-04 9.372253e-04 3.079895e-04 -5.186921e-04 -6.284313e-04 1.307655e-04 9.860308e-04 1.313366e-03 1.075607e-03 -4.406633e-03
1.710695 difK 4.092741e-03 9.571405e-04 -1.826472e-03 -1.286717e-03 -6.359131e-04 -4.399549e-04 -3.309296e-04 -2.087422e-04 -1.635498e-04 -1.864732e-04 -1.985452e-04 -1.722874e-04 -1.155026e-04 6.926055e-04
1.710695 advM 0.000000e+00 2.330559e-04 -5.407919e-04 -1.024352e-03 -1.238673e-03 -8.217775e-04 3.668894e-04 1.673794e-03 1.899928e-03 9.512953e-04 -1.548089e-04 -7.051383e-04 -6.554879e-04 7.585282e-04
1.710695 difM -1.844740e-03 -1.561853e-03 2.353149e-04 3.515038e-04 4.629917e-04 6.262197e-04 5.839611e-04 1.212170e-04 -3.659474e-04 -4.257745e-04 -2.183190e-04 -3.036385e-05 7.750199e-05 3.988605e-04
1.710695 cmpM 3.984391e-04 -4.107584e-05 2.232816e-04 1.436129e-04 4.165098e-05 -1.018803e-05 -1.680447e-05 -6.304390e-06 -4.632916e-06 1.470250e-06 1.782568e-05 2.954128e-05 3.024048e-05 -3.253411e-04
1.811325 eK 0.000000e+00 1.207812e-03 3.082815e-03 4.336435e-03 5.038397e-03 5.418187e-03 5.575061e-03 5.577415e-03 5.474015e-03 5.270162e-03 4.965866e-03 4.583761e-03 4.155993e-03 2.150005e-02
1.811325 eM 5.110163e-03 9.005209e-03 7.134440e-03 5.624892e-03 4.544122e-03 3.911646e-03 3.748361e-03 3.889515e-03 3.979304e-03 3.810555e-03 3.441831e-03 3.010787e-03 2.609005e-03 1.667016e-02
1.811325 visc 3.773317e-03 3.201763e-03 1.598255e-03 1.352736e-03 1.239705e-03 1.036671e-03 8.510030e-04 7.359168e-04 6.682922e-04 6.244492e-04 5.981595e-04 5.842782e-04 5.802266e-04 4.686539e-03
1.811325 ohm 4.063129e-04 1.638861e-03 2.463851e-03 2.564702e-03 2.685995e-03 2.848902e-03 2.757277e-03 2.288907e-03 1.739669e-03 1.373182e-03 1.171821e-03 1.045550e-03 9.476801e-04 4.679260e-03
1.811325 S 5.446022e-49 -7.989763e-04 -1.514632e-03 -1.470000e-03 -1.328903e-03 -1.155825e-03 -8.894991e-04 -4.446745e-04 -7.713299e-05 3.672654e-05 -1.257448e-06 -5.351358e-05 -6.918921e-05 -3.152720e-03
1.811325 lor 0.000000e+00 2.033030e-03 9.637432e-04 -5.206577e-04 -1.208960e-03 -7.920502e-04 4.629382e-04 1.519981e-03 1.335782e-03 3.719085e-04 -3.692696e-04 -5.436278e-04 -2.475444e-04 9.372164e-03
1.811325 advK 0.000000e+00 1.921360e-04 1.398041e-04 -5.421608e-04 -9.301216e-04 -9.449624e-04 -7.015512e-04 -2.020491e-04 3.343702e-04 6.036131e-04 5.492391e-04 3.097284e-04 3.767419e-05 1.029802e-03
1.811325 pres 0.000000e+00 -3.527770e-04 -5.170139e-05 2.195844e-04 5.379564e-04 4.142866e-04 -3.385655e-04 -1.002153e-03 -6.928063e-04 2.999061e-04 1.102990e-03 1.361416e-03 1.151647e-03 -2.173735e-03
1.811325 difK 3.773317e-03 8.601701e-04 -1.622007e-03 -1.110326e-03 -5.456758e-04 -4.064113e-04 -3.274971e-04 -2.489900e-04 -2.470512e-04 -2.639488e-04 -2.346294e-04 -1.721833e-04 -1.000831e-04 7.392496e-04
1.811325 advM 0.000000e+00 2.580463e-04 -4.691968e-04 -9.410468e-04 -1.087658e-03 -5.128566e-04 8.267119e-04 1.941675e-03 1.688293e-03 5.539573e-04 -3.954039e-04 -7.891134e-04 -7.034597e-04 4.670610e-04
1.811325 difM -1.856118e-03 -1.633911e-03 2.205873e-04 4.251954e-04 6.068350e-04 7.933081e-04 5.678559e-04 -1.387912e-04 -5.791892e-04 -4.528174e-04 -1.459231e-04 6.017151e-05 1.323725e-04 2.537352e-04
1.811325 cmpM 2.354088e-04 -2.722641e-04 2.780931e-05 1.195553e-05 -3.894181e-05 -5.878898e-05 -4.923098e-05 -3.942553e-05 -3.261375e-05 -6.545809e-06 2.858611e-05 5.376224e-05 6.661477e-05 4.159033e-04
1.911954 eK 0.000000e+00 1.100704e-03 2.830476e-03 4.024570e-03 4.736717e-03 5.164537e-03 5.396400e-03 5.489732e-03 5.463544e-03 5.299984e-03 5.003753e-03 4.613117e-03 4.171939e-03 2.176257e-02
1.911954 eM 4.894216e-03 8.585527e-03 6.700871e-03 5.164826e-03 4.090617e-03 3.537110e-03 3.523130e-03 3.775342e-03 3.864854e-03 3.648218e-03 3.248666e-03 2.816450e-03 2.439905e-03 1.594406e-02
1.911954 visc 3.422739e-03 2.943394e-03 1.518875e-03 1.330125e-03 1.237603e-03 1.044646e-03 8.667294e-04 7.527803e-04 6.812469e-04 6.383989e-04 6.158620e-04 6.027537e-04 5.957365e-04 4.818271e-03
1.911954 ohm 3.939868e-04 1.577013e-03 2.411753e-03 2.586585e-03 2.782290e-03 2.952179e-03 2.735391e-03 2.146370e-03 1.615765e-03 1.320857e-03 1.169573e-03 1.069248e-03 9.736298e-04 4.622980e-03
1.911954 S 6.457298e-52 -7.041659e-04 -1.378180e-03 -1.308065e-03 -1.196649e-03 -1.076946e-03 -7.783883e-04 -3.184117e-04 -4.232708e-05 -9.695991e-06 -6.512015e-05 -1.013800e-04 -9.543019e-05 -2.825455e-03
1.911954 lor 0.000000e+00 1.836551e-03 8.190494e-04 -5.486594e-04 -1.061205e-03 -4.073937e-04 9.862073e-04 1.757733e-03 1.144373e-03 1.216443e-04 -4.357928e-04 -4.923238e-04 -2.441322e-04 7.936434e-03
1.911954 advK 0.000000e+00 1.787495e-04 1.674908e-04 -4.230512e-04 -8.317160e-04 -9.328359e-04 -7.276328e-04 -2.064062e-04 3.369798e-04 5.905520e-04 5.385178e-04 3.110957e-04 3.676948e-05 1.108956e-03
1.911954 pres 0.000000e+00 -4.355402e-04 6.195663e-05 5.281448e-04 7.968991e-04 4.556451e-04 -4.798668e-04 -1.010674e-03 -4.322680e-04 5.354464e-04 1.101829e-03 1.197786e-03 9.834944e-04 -3.289164e-03
1.911954 difK 3.422739e-03 8.284648e-04 -1.420769e-03 -9.667376e-04 -4.754447e-04 -3.651393e-04 -3.112379e-04 -2.904940e-04 -3.329834e-04 -3.367246e-04 -2.694837e-04 -1.766453e-04 -8.818043e-05 7.932849e-04
1.911954 advM 0.000000e+00 2.640526e-04 -4.454766e-04 -9.003444e-04 -9.444199e-04 -1.718643e-04 1.290522e-03 2.084692e-03 1.377967e-03 2.012812e-04 -5.282104e-04 -7.604394e-04 -6.724871e-04 1.257963e-04
1.911954 difM -1.847910e-03 -1.688910e-03 1.967924e-04 4.952480e-04 7.588419e-04 9.383063e-04 4.652473e-04 -4.056701e-04 -6.947297e-04 -4.183041e-04 -8.114823e-05 1.194222e-04 1.779599e-04 1.125005e-04
1.911954 cmpM 3.032183e-04 -1.510504e-04 9.289830e-05 5.233088e-05 -1.163164e-05 -3.940827e-05 -4.484275e-05 -6.098795e-05 -6.808730e-05 -4.492120e-05 -1.175798e-05 1.232896e-05 2.680609e-05 1.525392e-04
2.000311 eK 0.000000e+00 1.014525e-03 2.634349e-03 3.786241e-03 4.504582e-03 4.966422e-03 5.257292e-03 5.423375e-03 5.454780e-03 5.318311e-03 5.026497e-03 4.628596e-03 4.174751e-03 2.180511e-02
2.000311 eM 4.713009e-03 8.237551e-03 6.345333e-03 4.786353e-03 3.722391e-03 3.251323e-03 3.367246e-03 3.680782e-03 3.740613e-03 3.483370e-03 3.071007e-03 2.648421e-03 2.294253e-03 1.525624e-02
2.000311 visc 3.133972e-03 2.743292e-03 1.457275e-03 1.303164e-03 1.226048e-03 1.046761e-03 8.817331e-04 7.693233e-04 6.933297e-04 6.505343e-04 6.296042e-04 6.163507e-04 6.074564e-04 4.899488e-03
2.000311 ohm 3.832126e-04 1.522818e-03 2.365931e-03 2.607786e-03 2.860999e-03 3.000428e-03 2.640727e-03 1.977591e-03 1.496663e-03 1.261249e-03 1.141912e-03 1.059017e-03 9.722105e-04 4.524305e-03
2.000311 S 3.798956e-52 -6.329463e-04 -1.236542e-03 -1.146904e-03 -1.063675e-03 -9.687223e-04 -6.320822e-04 -2.143862e-04 -4.819134e-05 -7.020863e-05 -1.224552e-04 -1.371366e-04 -1.175550e-04 -2.627500e-03
2.000311 lor 0.000000e+00 1.663304e-03 6.759294e-04 -5.935005e-04 -9.299467e-04 -4.035206e-05 1.417907e-03 1.829576e-03 8.946782e-04 -8.809601e-05 -4.673241e-04 -4.072257e-04 -1.713616e-04 6.689282e-03
2.000311 advK 0.000000e+00 1.608169e-04 1.797626e-04 -3.267280e-04 -7.399717e-04 -8.898786e-04 -7.017890e-04 -1.877361e-04 3.082413e-04 5.170807e-04 4.692801e-04 2.765401e-04 3.315721e-05 1.129130e-03
2.000311 pres 0.000000e+00 -4.958604e-04 -5.626774e-05 4.247791e-04 6.601835e-04 2.096574e-04 -7.472430e-04 -9.828267e-04 -1.160475e-04 8.152992e-04 1.199525e-03 1.169876e-03 9.442451e-04 -3.371317e-03
2.000311 difK 3.133972e-03 8.215201e-04 -1.258007e-03 -8.664841e-04 -4.261108e-04 -3.262247e-04 -2.947687e-04 -3.305962e-04 -4.035448e-04 -3.894530e-04 -2.950689e-04 -1.834403e-04 -8.210207e-05 8.475541e-04
2.000311 advM 0.000000e+00 2.544345e-04 -4.498529e-04 -8.847806e-04 -8.059458e-04 1.754231e-04 1.682016e-03 2.073969e-03 1.022989e-03 -1.034308e-04 -6.299387e-04 -7.095934e-04 -5.863701e-04 -1.385503e-04
2.000311 difM -1.831636e-03 -1.733736e-03 1.678003e-04 5.653059e-04 9.086754e-04 1.032727e-03 2.976985e-04 -6.162954e-04 -7.167397e-04 -3.511612e-04 -2.710586e-05 1.499900e-04 2.020821e-04 8.145736e-06
2.000311 cmpM 3.653989e-04 -2.301407e-05 1.602604e-04 8.028065e-05 -6.958032e-06 -3.365382e-05 -3.234512e-05 -4.498747e-05 -4.713189e-05 -2.745976e-05 -5.435161e-06 5.816252e-06 8.850365e-06 -1.666593e-04
