# tg_mhd (Kokkos FP64)  tgc_noslip_cond_n65_re200_ramp0.2  N=65 Re=200 h=4.90873852e-02 delta=7.07106781e-02 delta/h=1.440506 layers=33
# layer k: the nodes k cells from the nearest wall, i.e. the slab [(k-1/2)h, (k+1/2)h] ([0, h/2] for k = 0)
# row 'vol': each layer's share of the volume; then per probe: t and each layer's VISCOUS dissipation as a share of the total eps
# vol 4.614639e-02 8.798981e-02 8.240509e-02 7.700348e-02 7.178497e-02 6.674957e-02 6.189728e-02 5.722809e-02 5.274200e-02 4.843903e-02 4.431915e-02 4.038239e-02 3.662872e-02 3.305817e-02 2.967072e-02 2.646637e-02 2.344513e-02 2.060699e-02 1.795197e-02 1.548004e-02 1.319122e-02 1.108551e-02 9.162903e-03 7.423401e-03 5.867004e-03 4.493713e-03 3.303528e-03 2.296448e-03 1.472473e-03 8.316040e-04 3.738403e-04 9.918213e-05 3.814697e-06
0.000000 6.26206e-03 1.25486e-02 1.26032e-02 1.26579e-02 1.26842e-02 1.26558e-02 1.25500e-02 1.23484e-02 1.20381e-02 1.16121e-02 1.10695e-02 1.04161e-02 9.66341e-03 8.82837e-03 7.93230e-03 6.99959e-03 6.05629e-03 5.12857e-03 4.24117e-03 3.41605e-03 2.67110e-03 2.01929e-03 1.46812e-03 1.01946e-03 6.69816e-04 4.10996e-04 2.31058e-04 1.15567e-04 4.89781e-05 1.60813e-05 3.37436e-06 2.64171e-07 0.00000e+00
0.100629 3.73545e-01 1.16171e-01 7.26027e-03 6.84593e-03 6.77395e-03 6.80257e-03 6.75670e-03 6.64104e-03 6.45147e-03 6.19188e-03 5.87027e-03 5.49633e-03 5.07992e-03 4.63077e-03 4.15886e-03 3.67487e-03 3.19015e-03 2.71611e-03 2.26327e-03 1.84063e-03 1.45539e-03 1.11310e-03 8.17935e-04 5.72546e-04 3.77642e-04 2.31399e-04 1.29177e-04 6.38255e-05 2.66231e-05 8.59236e-06 1.77514e-06 1.37436e-07 5.14705e-34
0.201258 4.96099e-01 2.22752e-01 1.30443e-02 3.78536e-03 3.86152e-03 3.88184e-03 3.87435e-03 3.79401e-03 3.65021e-03 3.45717e-03 3.23159e-03 2.98797e-03 2.73642e-03 2.48277e-03 2.23019e-03 1.98096e-03 1.73746e-03 1.50216e-03 1.27713e-03 1.06381e-03 8.63333e-04 6.77414e-04 5.08993e-04 3.62070e-04 2.40606e-04 1.46997e-04 8.08897e-05 3.89541e-05 1.56864e-05 4.86093e-06 9.65539e-07 7.25659e-08 8.99183e-35
0.301887 3.75281e-01 2.44748e-01 3.35487e-02 5.09141e-03 5.38650e-03 5.47724e-03 5.45831e-03 5.30418e-03 5.02873e-03 4.67518e-03 4.28850e-03 3.90210e-03 3.53499e-03 3.19373e-03 2.87725e-03 2.58134e-03 2.30150e-03 2.03369e-03 1.77413e-03 1.51932e-03 1.26727e-03 1.01939e-03 7.81669e-04 5.63993e-04 3.77357e-04 2.30140e-04 1.25177e-04 5.89220e-05 2.29195e-05 6.79109e-06 1.28486e-06 9.27165e-08 8.85850e-36
0.402517 3.03663e-01 2.37390e-01 4.94384e-02 7.58544e-03 6.70392e-03 7.09287e-03 7.05061e-03 6.75553e-03 6.28365e-03 5.71970e-03 5.14299e-03 4.60703e-03 4.13606e-03 3.73251e-03 3.38607e-03 3.08122e-03 2.80167e-03 2.53251e-03 2.26109e-03 1.97822e-03 1.68016e-03 1.37063e-03 1.06144e-03 7.70344e-04 5.16321e-04 3.13987e-04 1.69306e-04 7.83902e-05 2.96882e-05 8.46513e-06 1.52793e-06 1.05502e-07 4.75091e-35
0.503146 2.56341e-01 2.20376e-01 5.83937e-02 1.10380e-02 8.06158e-03 8.71044e-03 8.67111e-03 8.17337e-03 7.44054e-03 6.63188e-03 5.85983e-03 5.18860e-03 4.63939e-03 4.20420e-03 3.85936e-03 3.57474e-03 3.31918e-03 3.06392e-03 2.78590e-03 2.47114e-03 2.11758e-03 1.73579e-03 1.34686e-03 9.77690e-04 6.54630e-04 3.97108e-04 2.13040e-04 9.76754e-05 3.63437e-05 1.00682e-05 1.74550e-06 1.15504e-07 1.98788e-34
0.603775 2.21388e-01 2.01917e-01 6.18814e-02 1.44043e-02 9.65939e-03 1.03181e-02 1.02307e-02 9.47896e-03 8.44234e-03 7.37706e-03 6.42796e-03 5.65601e-03 5.06730e-03 4.63656e-03 4.32300e-03 4.07996e-03 3.86057e-03 3.62225e-03 3.33224e-03 2.97397e-03 2.55107e-03 2.08567e-03 1.61138e-03 1.16458e-03 7.76934e-04 4.69879e-04 2.51204e-04 1.14486e-04 4.21058e-05 1.14198e-05 1.91543e-06 1.21926e-07 2.11032e-34
0.704404 1.98854e-01 1.82859e-01 6.14953e-02 1.71794e-02 1.14087e-02 1.18476e-02 1.15807e-02 1.05278e-02 9.19097e-03 7.90230e-03 6.82479e-03 6.00465e-03 5.42399e-03 5.03512e-03 4.77742e-03 4.58698e-03 4.40342e-03 4.17470e-03 3.86281e-03 3.45147e-03 2.95181e-03 2.39910e-03 1.84068e-03 1.32207e-03 8.78164e-04 5.29771e-04 2.82739e-04 1.28477e-04 4.69110e-05 1.25280e-05 2.04559e-06 1.25798e-07 4.79980e-34
0.805033 1.76894e-01 1.65496e-01 5.95726e-02 1.96422e-02 1.33640e-02 1.34028e-02 1.28384e-02 1.14597e-02 9.84911e-03 8.37979e-03 7.21465e-03 6.38170e-03 5.83908e-03 5.51452e-03 5.32354e-03 5.18279e-03 5.02079e-03 4.78251e-03 4.43134e-03 3.95445e-03 3.36915e-03 2.72162e-03 2.07267e-03 1.47824e-03 9.76832e-04 5.87609e-04 3.13146e-04 1.41990e-04 5.15469e-05 1.35894e-05 2.16853e-06 1.29383e-07 1.41735e-34
0.905662 1.60081e-01 1.49619e-01 5.65465e-02 2.15421e-02 1.52868e-02 1.48011e-02 1.38496e-02 1.21652e-02 1.03388e-02 8.75005e-03 7.54795e-03 6.74115e-03 6.26735e-03 6.02819e-03 5.90983e-03 5.80719e-03 5.64224e-03 5.36667e-03 4.95605e-03 4.40688e-03 3.74056e-03 3.00696e-03 2.27537e-03 1.61169e-03 1.05920e-03 6.35278e-04 3.38206e-04 1.53146e-04 5.53192e-05 1.44075e-05 2.25058e-06 1.30656e-07 5.22283e-35
1.006291 1.48580e-01 1.35159e-01 5.28298e-02 2.30649e-02 1.70575e-02 1.59578e-02 1.45905e-02 1.26741e-02 1.07154e-02 9.06961e-03 7.87123e-03 7.11628e-03 6.72957e-03 6.58611e-03 6.53689e-03 6.45357e-03 6.25687e-03 5.91498e-03 5.42621e-03 4.80305e-03 4.06857e-03 3.26626e-03 2.46459e-03 1.73779e-03 1.13710e-03 6.80571e-04 3.62403e-04 1.64117e-04 5.90255e-05 1.51768e-05 2.31931e-06 1.31254e-07 1.99909e-34
1.106921 1.35393e-01 1.22190e-01 4.93162e-02 2.43976e-02 1.87573e-02 1.69726e-02 1.51927e-02 1.31279e-02 1.11194e-02 9.46583e-03 8.29119e-03 7.59352e-03 7.29698e-03 7.24950e-03 7.26064e-03 7.17679e-03 6.92063e-03 6.48343e-03 5.89476e-03 5.19004e-03 4.39456e-03 3.53706e-03 2.67412e-03 1.88415e-03 1.23033e-03 7.36040e-04 3.92886e-04 1.78415e-04 6.40029e-05 1.62305e-05 2.41980e-06 1.33506e-07 1.78730e-34
1.207550 1.23323e-01 1.10379e-01 4.59884e-02 2.54474e-02 2.02505e-02 1.78107e-02 1.56331e-02 1.34885e-02 1.15119e-02 9.90375e-03 8.77205e-03 8.13602e-03 7.93213e-03 7.97785e-03 8.03612e-03 7.92819e-03 7.58246e-03 7.01898e-03 6.30534e-03 5.50660e-03 4.65377e-03 3.75772e-03 2.85316e-03 2.01396e-03 1.31441e-03 7.86735e-04 4.21640e-04 1.92541e-04 6.90737e-05 1.72702e-05 2.50336e-06 1.34626e-07 3.92469e-34
1.308179 1.14854e-01 9.98626e-02 4.27008e-02 2.62121e-02 2.14507e-02 1.84369e-02 1.58881e-02 1.37178e-02 1.18623e-02 1.03631e-02 9.29338e-03 8.71703e-03 8.59642e-03 8.72432e-03 8.82163e-03 8.68331e-03 8.23976e-03 7.53811e-03 6.68608e-03 5.78328e-03 4.87260e-03 3.94958e-03 3.02078e-03 2.14498e-03 1.40410e-03 8.43041e-04 4.55037e-04 2.09914e-04 7.56916e-05 1.86936e-05 2.62500e-06 1.37349e-07 1.69204e-34
1.408808 1.05187e-01 9.07849e-02 3.98487e-02 2.67297e-02 2.24752e-02 1.89888e-02 1.60812e-02 1.38892e-02 1.22015e-02 1.08529e-02 9.86206e-03 9.34712e-03 9.29514e-03 9.48693e-03 9.61688e-03 9.45215e-03 8.91440e-03 8.07044e-03 7.06742e-03 6.04369e-03 5.06164e-03 4.10988e-03 3.16734e-03 2.26818e-03 1.49376e-03 9.01952e-04 4.91676e-04 2.30151e-04 8.39043e-05 2.05541e-05 2.79150e-06 1.41907e-07 3.68200e-34
1.509437 9.66001e-02 8.23744e-02 3.73689e-02 2.70093e-02 2.32794e-02 1.94591e-02 1.62247e-02 1.40038e-02 1.24913e-02 1.13090e-02 1.04210e-02 9.97608e-03 9.96993e-03 1.01964e-02 1.03527e-02 1.01790e-02 9.56970e-03 8.59519e-03 7.43818e-03 6.27943e-03 5.20894e-03 4.21910e-03 3.26796e-03 2.36013e-03 1.56617e-03 9.52679e-04 5.25496e-04 2.50426e-04 9.27967e-05 2.26784e-05 2.98428e-06 1.47404e-07 8.99201e-34
1.610066 8.85094e-02 7.51409e-02 3.51539e-02 2.71324e-02 2.39127e-02 1.98984e-02 1.63982e-02 1.41404e-02 1.27612e-02 1.17286e-02 1.09640e-02 1.05869e-02 1.05884e-02 1.08122e-02 1.09966e-02 1.08606e-02 1.02422e-02 9.18097e-03 7.88064e-03 6.57097e-03 5.38466e-03 4.33293e-03 3.36253e-03 2.44724e-03 1.63809e-03 1.00524e-03 5.61852e-04 2.73233e-04 1.03367e-04 2.53506e-05 3.24323e-06 1.55753e-07 1.13573e-33
1.710695 8.12924e-02 6.91715e-02 3.33289e-02 2.70768e-02 2.43740e-02 2.02890e-02 1.66228e-02 1.43383e-02 1.30161e-02 1.20885e-02 1.14542e-02 1.11383e-02 1.11123e-02 1.12895e-02 1.14797e-02 1.14080e-02 1.08473e-02 9.76594e-03 8.35559e-03 6.89253e-03 5.56876e-03 4.43194e-03 3.42965e-03 2.50784e-03 1.69163e-03 1.04740e-03 5.93332e-04 2.94643e-04 1.14082e-04 2.82362e-05 3.53725e-06 1.65851e-07 2.89735e-34
1.811325 7.52507e-02 6.38523e-02 3.18738e-02 2.69774e-02 2.47233e-02 2.06742e-02 1.69714e-02 1.46763e-02 1.33277e-02 1.24533e-02 1.19290e-02 1.16522e-02 1.15714e-02 1.16637e-02 1.18168e-02 1.18007e-02 1.13526e-02 1.03402e-02 8.88435e-03 7.28229e-03 5.80098e-03 4.55035e-03 3.49519e-03 2.55873e-03 1.73615e-03 1.08375e-03 6.21732e-04 3.15036e-04 1.24938e-04 3.13484e-05 3.87688e-06 1.78488e-07 2.21281e-34
1.911954 6.92487e-02 5.95506e-02 3.07298e-02 2.69110e-02 2.50391e-02 2.11352e-02 1.75356e-02 1.52302e-02 1.37830e-02 1.29161e-02 1.24601e-02 1.21949e-02 1.20529e-02 1.20448e-02 1.21120e-02 1.20971e-02 1.17685e-02 1.09112e-02 9.50907e-03 7.81086e-03 6.15496e-03 4.74930e-03 3.60540e-03 2.63288e-03 1.79317e-03 1.12680e-03 6.53464e-04 3.37160e-04 1.36864e-04 3.49265e-05 4.29843e-06 1.95577e-07 1.63878e-34
2.000311 6.46537e-02 5.65940e-02 3.00635e-02 2.68842e-02 2.52933e-02 2.15946e-02 1.81901e-02 1.58711e-02 1.43034e-02 1.34205e-02 1.29887e-02 1.27153e-02 1.25318e-02 1.24473e-02 1.24112e-02 1.23232e-02 1.20316e-02 1.13192e-02 1.00429e-02 8.33206e-03 6.53985e-03 4.97561e-03 3.72542e-03 2.70369e-03 1.84185e-03 1.16124e-03 6.77905e-04 3.54137e-04 1.46326e-04 3.79347e-05 4.68343e-06 2.12619e-07 1.18326e-33
