# tg_mhd (host FP64)  tgc_noslip_cond_n65_re200  N=65 L=65 Re=200 Pm=1 u0=0.05 nu_lat=5.092958e-03 eta_lat=5.092958e-03 tau_f=0.515279 tau_m=0.520372 dt=2.454369e-03
# t E_V E_M E_T H_C Omega_V Omega_M eps EM/EV OmM/OmV j_max w_max skew divb/j divb_wall/j mass_drift umax_lat fw1 fw2 fw4 tau_wall
0.000000 1.17309570e-01 1.25000000e-01 2.42309570e-01 -8.62630628e-22 8.97803811e+00 1.49518705e+00 1.04732252e-01 1.065557e+00 1.665383e-01 3.458540e+00 3.052091e+01 -1.877819e-18 9.0235e-16 1.3357e-15 +0.0000e+00 0.04988 8.38273e-01 8.49670e-01 8.84507e-01 7.14909e-02
0.100629 1.09117786e-01 1.22855323e-01 2.31973109e-01 -5.90504869e-05 4.54425779e+00 1.48898218e+00 6.03323997e-02 1.125896e+00 3.276623e-01 3.533671e+00 2.001021e+01 1.077071e-01 2.5883e-03 6.6610e-03 -1.0631e-05 0.05127 7.00715e-01 7.40741e-01 8.01024e-01 4.29443e-02
0.201258 1.05306593e-01 1.21232697e-01 2.26539290e-01 -1.49082186e-04 3.60592050e+00 1.51594683e+00 5.12186733e-02 1.151236e+00 4.204050e-01 3.681177e+00 1.684342e+01 3.690597e-02 4.0812e-03 9.6652e-03 -5.4827e-05 0.04999 6.24054e-01 6.89425e-01 7.62656e-01 3.53871e-02
0.301887 1.02095039e-01 1.19874303e-01 2.21969341e-01 -2.58635360e-04 3.11058114e+00 1.56550226e+00 4.67608340e-02 1.174144e+00 5.032829e-01 3.867477e+00 1.527422e+01 2.069602e-01 5.0810e-03 1.1598e-02 -4.4157e-05 0.04931 5.62254e-01 6.46647e-01 7.32987e-01 3.08681e-02
0.402517 9.89646478e-02 1.18336507e-01 2.17301154e-01 -3.87123810e-04 2.82312765e+00 1.62947682e+00 4.45260447e-02 1.195745e+00 5.771885e-01 4.136068e+00 1.486633e+01 1.942069e-01 5.8320e-03 1.3144e-02 +5.8541e-06 0.04860 5.13255e-01 6.09773e-01 7.09538e-01 2.78416e-02
0.503146 9.63224868e-02 1.16595498e-01 2.12917985e-01 -4.82903521e-04 2.60801525e+00 1.70405708e+00 4.31207232e-02 1.210470e+00 6.533923e-01 4.392978e+00 1.390434e+01 1.850217e-01 6.3901e-03 1.4417e-02 -6.7586e-05 0.04703 4.67991e-01 5.72092e-01 6.85924e-01 2.57570e-02
0.603775 9.37157106e-02 1.14839821e-01 2.08555532e-01 -6.08448280e-04 2.48114788e+00 1.79189227e+00 4.27304015e-02 1.225406e+00 7.222029e-01 4.617203e+00 1.361066e+01 2.954535e-01 6.8484e-03 1.5480e-02 -7.4458e-05 0.04697 4.31419e-01 5.38942e-01 6.66163e-01 2.41444e-02
0.704404 9.11849743e-02 1.13023852e-01 2.04208827e-01 -6.70495815e-04 2.39643098e+00 1.89196181e+00 4.28839279e-02 1.239501e+00 7.894915e-01 4.798008e+00 1.327178e+01 2.862939e-01 7.2756e-03 1.6410e-02 -2.2326e-05 0.04590 3.99274e-01 5.07721e-01 6.47982e-01 2.30294e-02
0.805033 8.90175079e-02 1.10881470e-01 1.99898977e-01 -7.19486242e-04 2.32012961e+00 1.99525061e+00 4.31538022e-02 1.245614e+00 8.599738e-01 4.854239e+00 1.322748e+01 3.179919e-01 7.6983e-03 1.7224e-02 -7.1042e-05 0.04558 3.67183e-01 4.75062e-01 6.28057e-01 2.17755e-02
0.905662 8.68828976e-02 1.08475507e-01 1.95358405e-01 -7.29176499e-04 2.28180420e+00 2.10611305e+00 4.38791725e-02 1.248525e+00 9.230034e-01 4.978508e+00 1.337711e+01 3.720517e-01 8.1789e-03 1.7911e-02 -7.5198e-05 0.04547 3.40304e-01 4.46148e-01 6.10469e-01 2.09667e-02
1.006291 8.49767708e-02 1.05842847e-01 1.90819618e-01 -6.85143169e-04 2.26104270e+00 2.21972451e+00 4.48076721e-02 1.245550e+00 9.817260e-01 5.024062e+00 1.323002e+01 3.580558e-01 8.7694e-03 1.8529e-02 -6.3739e-05 0.04452 3.15952e-01 4.18980e-01 5.93582e-01 2.04088e-02
1.106921 8.33174981e-02 1.02876863e-01 1.86194361e-01 -5.91338168e-04 2.24881295e+00 2.33160705e+00 4.58042000e-02 1.234757e+00 1.036817e+00 5.457535e+00 1.345860e+01 3.779255e-01 9.4977e-03 1.9079e-02 -8.4722e-05 0.04408 2.93233e-01 3.92928e-01 5.76670e-01 1.96862e-02
1.207550 8.17445212e-02 9.96127486e-02 1.81357270e-01 -4.61263406e-04 2.22435233e+00 2.44324972e+00 4.66760205e-02 1.218586e+00 1.098409e+00 5.970771e+00 1.334218e+01 3.965373e-01 1.0383e-02 1.9522e-02 -6.6232e-05 0.04300 2.69571e-01 3.66276e-01 5.59309e-01 1.88320e-02
1.308179 8.03962685e-02 9.60404534e-02 1.76436722e-01 -2.38244833e-04 2.22602862e+00 2.54515675e+00 4.77118537e-02 1.194588e+00 1.143362e+00 6.473897e+00 1.311626e+01 3.537662e-01 1.1421e-02 1.9894e-02 -9.4048e-05 0.04148 2.51175e-01 3.44171e-01 5.44543e-01 1.83549e-02
1.408808 7.91609008e-02 9.22424196e-02 1.71403320e-01 -3.65674125e-05 2.21644199e+00 2.63938214e+00 4.85582413e-02 1.165252e+00 1.190819e+00 6.970726e+00 1.329888e+01 3.625551e-01 1.2644e-02 2.0152e-02 -1.0166e-04 0.04082 2.32845e-01 3.22474e-01 5.30154e-01 1.76740e-02
1.509437 7.79334485e-02 8.82919937e-02 1.66225442e-01 2.65401031e-04 2.19635479e+00 2.72353100e+00 4.91988579e-02 1.132915e+00 1.240023e+00 7.614434e+00 1.273336e+01 3.495370e-01 1.4061e-02 2.0295e-02 -7.1287e-05 0.03890 2.15105e-01 3.01880e-01 5.17115e-01 1.69823e-02
1.610066 7.68421349e-02 8.41361948e-02 1.60978330e-01 5.81332550e-04 2.17512468e+00 2.78497012e+00 4.96009480e-02 1.094923e+00 1.280373e+00 8.117595e+00 1.230578e+01 3.273382e-01 1.5635e-02 2.0337e-02 -1.0990e-04 0.03905 1.99839e-01 2.83602e-01 5.05381e-01 1.63401e-02
1.710695 7.57084788e-02 7.99434601e-02 1.55651939e-01 9.11314303e-04 2.14484441e+00 2.82643004e+00 4.97127445e-02 1.055938e+00 1.317779e+00 8.454073e+00 1.204764e+01 3.121493e-01 1.7384e-02 2.0252e-02 -1.1169e-04 0.03953 1.86032e-01 2.67373e-01 4.96069e-01 1.56999e-02
1.811325 7.45276707e-02 7.57544349e-02 1.50282106e-01 1.28201268e-03 2.10964684e+00 2.83859219e+00 4.94823903e-02 1.016461e+00 1.345530e+00 8.732801e+00 1.135184e+01 2.651374e-01 1.9308e-02 2.0084e-02 -9.1607e-05 0.04037 1.74335e-01 2.53825e-01 4.89689e-01 1.51014e-02
1.911954 7.33856174e-02 7.15739121e-02 1.44959529e-01 1.69733862e-03 2.06583795e+00 2.80944988e+00 4.87528784e-02 9.753125e-01 1.359957e+00 8.971329e+00 1.066888e+01 2.326102e-01 2.1341e-02 1.9837e-02 -1.2174e-04 0.04054 1.63832e-01 2.41829e-01 4.84667e-01 1.44640e-02
2.000311 7.23132265e-02 6.80046985e-02 1.40317925e-01 2.01854661e-03 2.02496676e+00 2.75234529e+00 4.77731205e-02 9.404185e-01 1.359205e+00 8.957302e+00 1.030755e+01 2.104866e-01 2.3049e-02 1.9565e-02 -1.1834e-04 0.04057 1.55986e-01 2.33388e-01 4.82861e-01 1.38394e-02
