# tg_mhd (Kokkos FP64)  tgc_noslip_cond_n65_re200_drive0.1_bdrive0.1  N=65 Re=200 h=4.90873852e-02 delta=7.07106781e-02 delta/h=1.440506 layers=33
# layer k: the nodes k cells from the nearest wall, i.e. the slab [(k-1/2)h, (k+1/2)h] ([0, h/2] for k = 0)
# row 'vol': each layer's share of the volume; then per probe: t and each layer's OHMIC dissipation as a share of the total eps
# vol 4.614639e-02 8.798981e-02 8.240509e-02 7.700348e-02 7.178497e-02 6.674957e-02 6.189728e-02 5.722809e-02 5.274200e-02 4.843903e-02 4.431915e-02 4.038239e-02 3.662872e-02 3.305817e-02 2.967072e-02 2.646637e-02 2.344513e-02 2.060699e-02 1.795197e-02 1.548004e-02 1.319122e-02 1.108551e-02 9.162903e-03 7.423401e-03 5.867004e-03 4.493713e-03 3.303528e-03 2.296448e-03 1.472473e-03 8.316040e-04 3.738403e-04 9.918213e-05 3.814697e-06
0.000000 4.46132e-03 8.99234e-03 9.14680e-03 9.30269e-03 9.39004e-03 9.36056e-03 9.19238e-03 8.88997e-03 8.47892e-03 7.99702e-03 7.48341e-03 6.96886e-03 6.46931e-03 5.98430e-03 5.50039e-03 4.99827e-03 4.46132e-03 3.88299e-03 3.27095e-03 2.64675e-03 2.04150e-03 1.48874e-03 1.01689e-03 6.43281e-04 3.71426e-04 1.91902e-04 8.62285e-05 3.22633e-05 9.35934e-06 1.84912e-06 1.89419e-07 4.79471e-09 0.00000e+00
0.100629 7.61758e-03 1.68233e-02 1.62196e-02 1.55197e-02 1.53188e-02 1.57800e-02 1.66623e-02 1.65112e-02 1.52947e-02 1.41190e-02 1.31804e-02 1.22778e-02 1.14014e-02 1.05493e-02 9.69527e-03 8.80411e-03 7.84674e-03 6.81490e-03 5.72541e-03 4.61986e-03 3.55449e-03 2.58759e-03 1.76672e-03 1.11909e-03 6.48463e-04 3.37115e-04 1.52901e-04 5.79936e-05 1.71708e-05 3.51423e-06 3.89379e-07 1.27578e-08 2.05780e-36
0.201258 8.84037e-03 2.24036e-02 2.09860e-02 1.82603e-02 1.75802e-02 1.84886e-02 2.03035e-02 2.05330e-02 1.88893e-02 1.71914e-02 1.59317e-02 1.48246e-02 1.37773e-02 1.27595e-02 1.17303e-02 1.06413e-02 9.45862e-03 8.17853e-03 6.83269e-03 5.48091e-03 4.19596e-03 3.04599e-03 2.08079e-03 1.32454e-03 7.75242e-04 4.09478e-04 1.89988e-04 7.43744e-05 2.30565e-05 5.08454e-06 6.50418e-07 2.93403e-08 2.74161e-36
0.301887 9.55650e-03 2.73706e-02 2.59660e-02 2.08468e-02 1.95146e-02 2.06603e-02 2.30330e-02 2.35186e-02 2.16558e-02 1.95940e-02 1.80253e-02 1.67069e-02 1.55196e-02 1.43922e-02 1.32522e-02 1.20277e-02 1.06727e-02 9.18921e-03 7.62928e-03 6.07816e-03 4.62757e-03 3.35225e-03 2.29731e-03 1.47680e-03 8.79409e-04 4.76268e-04 2.28419e-04 9.32838e-05 3.05524e-05 7.27270e-06 1.04528e-06 5.61825e-08 1.53611e-36
0.402517 9.91494e-03 3.13033e-02 3.07467e-02 2.34017e-02 2.14331e-02 2.26445e-02 2.52069e-02 2.57385e-02 2.37429e-02 2.14550e-02 1.96308e-02 1.81030e-02 1.67874e-02 1.55915e-02 1.43973e-02 1.30891e-02 1.15956e-02 9.92314e-03 8.15508e-03 6.41633e-03 4.82689e-03 3.46813e-03 2.37325e-03 1.53679e-03 9.30697e-04 5.17434e-04 2.56947e-04 1.09515e-04 3.77476e-05 9.55983e-06 1.48455e-06 8.72671e-08 9.28628e-36
0.503146 1.00349e-02 3.40634e-02 3.50109e-02 2.59928e-02 2.34410e-02 2.46759e-02 2.71868e-02 2.76392e-02 2.55779e-02 2.31573e-02 2.11224e-02 1.93795e-02 1.79224e-02 1.66818e-02 1.54952e-02 1.41732e-02 1.25891e-02 1.07402e-02 8.74663e-03 6.78922e-03 5.03253e-03 3.57340e-03 2.43368e-03 1.58412e-03 9.74935e-04 5.56419e-04 2.85959e-04 1.26875e-04 4.56947e-05 1.21195e-05 1.97268e-06 1.21080e-07 1.83314e-35
0.603775 9.97206e-03 3.57614e-02 3.84466e-02 2.84360e-02 2.54310e-02 2.67075e-02 2.90416e-02 2.92843e-02 2.71591e-02 2.46488e-02 2.23917e-02 2.03690e-02 1.87077e-02 1.74121e-02 1.62801e-02 1.50150e-02 1.34021e-02 1.14165e-02 9.21653e-03 7.04844e-03 5.13112e-03 3.58301e-03 2.41541e-03 1.57260e-03 9.79688e-04 5.72098e-04 3.03248e-04 1.39422e-04 5.21073e-05 1.43159e-05 2.40138e-06 1.50583e-07 1.81193e-35
0.704404 9.81168e-03 3.66499e-02 4.10884e-02 3.07469e-02 2.74236e-02 2.87310e-02 3.08834e-02 3.09307e-02 2.87915e-02 2.61864e-02 2.35811e-02 2.11148e-02 1.91574e-02 1.78134e-02 1.67958e-02 1.56525e-02 1.40662e-02 1.19944e-02 9.63318e-03 7.28578e-03 5.22201e-03 3.58660e-03 2.38824e-03 1.55030e-03 9.74465e-04 5.80567e-04 3.16477e-04 1.50236e-04 5.79720e-05 1.63730e-05 2.79793e-06 1.76629e-07 1.49908e-35
0.805033 9.56156e-03 3.66693e-02 4.27763e-02 3.28032e-02 2.93074e-02 3.06205e-02 3.27546e-02 3.28418e-02 3.08483e-02 2.81003e-02 2.48969e-02 2.17439e-02 1.94242e-02 1.81037e-02 1.72763e-02 1.62774e-02 1.47147e-02 1.25649e-02 1.00663e-02 7.56246e-03 5.35852e-03 3.62498e-03 2.37813e-03 1.53040e-03 9.64099e-04 5.82431e-04 3.24810e-04 1.58463e-04 6.28395e-05 1.81525e-05 3.14071e-06 1.98037e-07 1.01726e-35
0.905662 9.25090e-03 3.61815e-02 4.36978e-02 3.45155e-02 3.09916e-02 3.23479e-02 3.47235e-02 3.51127e-02 3.33087e-02 3.01149e-02 2.58674e-02 2.18215e-02 1.92725e-02 1.81958e-02 1.76388e-02 1.67316e-02 1.51211e-02 1.28767e-02 1.02865e-02 7.70270e-03 5.42819e-03 3.63786e-03 2.35689e-03 1.50022e-03 9.42284e-04 5.74115e-04 3.26190e-04 1.63049e-04 6.62748e-05 1.95283e-05 3.40957e-06 2.13635e-07 4.06496e-36
0.998928 8.93639e-03 3.53693e-02 4.40186e-02 3.58290e-02 3.23506e-02 3.38640e-02 3.67602e-02 3.76415e-02 3.58815e-02 3.18130e-02 2.62306e-02 2.14190e-02 1.89793e-02 1.83337e-02 1.80078e-02 1.70677e-02 1.53206e-02 1.29647e-02 1.03252e-02 7.73409e-03 5.45998e-03 3.65833e-03 2.35790e-03 1.48738e-03 9.27928e-04 5.66466e-04 3.25792e-04 1.65980e-04 6.88504e-05 2.06131e-05 3.62108e-06 2.24835e-07 1.35336e-35
