# tg_mhd (Kokkos FP64)  tgc_noslip_cond_n65_re200  N=65 Re=200 h=4.90873852e-02 delta=7.07106781e-02 delta/h=1.440506 layers=33 written=13
# THE ENERGY BUDGET against wall distance. Per probe, one row per term: t, the term,
# its contribution to the BOX MEAN from each of the layers 0..12 (layer k: the nodes
# k cells from the nearest wall, the slab [(k-1/2)h, (k+1/2)h]) and from the rest of
# the box beyond them, so a row sums to the box average. Paper units: energies in
# v0^2, rates in k0 v0^3. With eK = |u|^2/2 and eM = |B|^2/2,
#   d eK/dt = lor + advK + pres + difK - visc
#   d eM/dt = S + advM + difM + cmpM - ohm
# lor = u.(j x B); S = B_i B_j d_j u_i; advK, advM = -u.grad eK, -u.grad eM;
# pres = -u.grad p, p = cs^2 rho/u0^2; difK = nu div(u x w); difM = eta div(B x j);
# cmpM = -|B|^2 div u + (u.B) div B; visc = nu |w|^2; ohm = eta |j|^2. The scheme is
# weakly compressible, so a layer's terms close only to a residual.
# row 'vol': each column's share of the volume
# vol 4.614639e-02 8.798981e-02 8.240509e-02 7.700348e-02 7.178497e-02 6.674957e-02 6.189728e-02 5.722809e-02 5.274200e-02 4.843903e-02 4.431915e-02 4.038239e-02 3.662872e-02 2.262840e-01
0.000000 eK 0.000000e+00 1.462980e-02 1.359899e-02 1.253762e-02 1.145391e-02 1.035886e-02 9.265654e-03 8.188871e-03 7.143653e-03 6.144806e-03 5.205953e-03 4.338789e-03 3.552477e-03 1.089019e-02
0.000000 eM 7.690430e-03 1.457408e-02 1.338369e-02 1.208131e-02 1.070971e-02 9.321080e-03 7.969594e-03 6.704463e-03 5.564889e-03 4.577602e-03 3.756828e-03 3.105823e-03 2.618881e-03 2.294163e-02
0.000000 visc 7.067139e-02 1.571374e-02 2.356655e-04 2.366888e-04 2.371801e-04 2.366492e-04 2.346704e-04 2.309014e-04 2.250994e-04 2.171328e-04 2.069879e-04 1.947695e-04 1.806947e-04 9.588108e-04
0.000000 ohm 4.672460e-04 9.417924e-04 9.579691e-04 9.742955e-04 9.834437e-04 9.803562e-04 9.627431e-04 9.310700e-04 8.880203e-04 8.375489e-04 7.837575e-04 7.298675e-04 6.775482e-04 3.836212e-03
0.000000 S -2.074605e-35 3.171790e-20 2.923872e-20 -4.811472e-20 -2.993366e-21 1.367691e-20 5.088373e-21 4.725725e-21 1.240644e-20 9.498925e-21 -3.559131e-20 9.668520e-21 2.171361e-20 1.187550e-21
0.000000 lor 0.000000e+00 6.269314e-20 -2.004130e-20 1.064769e-19 -5.529398e-20 3.091683e-20 -2.089485e-20 -2.894006e-20 -5.494425e-21 -4.370480e-21 -2.115982e-20 1.379334e-20 -1.635814e-20 9.301793e-21
0.000000 advK 0.000000e+00 1.682154e-21 -8.028874e-20 5.755880e-20 -3.346416e-20 3.208845e-20 3.009651e-20 -2.682582e-21 -2.779612e-20 1.069407e-20 -2.050942e-20 2.172727e-20 2.249403e-20 -3.206123e-20
0.000000 pres 0.000000e+00 -1.499665e-18 -1.111057e-18 6.550668e-18 -1.248241e-19 -4.428924e-18 -9.962482e-19 2.522191e-18 3.024184e-18 -5.400329e-19 -1.629231e-18 -7.819288e-19 -3.495928e-18 2.510796e-18
0.000000 difK 7.067139e-02 -4.746853e-02 -1.722223e-04 -1.393643e-04 -1.063682e-04 -7.405427e-05 -4.324341e-05 -1.471540e-05 1.083283e-05 3.282562e-05 5.084066e-05 6.463196e-05 7.414182e-05 6.321708e-04
0.000000 advM 0.000000e+00 1.804976e-21 1.865682e-20 -1.668197e-20 -3.257601e-20 4.073985e-20 -1.168303e-21 -2.971475e-20 3.456055e-20 1.573069e-20 -6.358519e-22 2.486320e-21 -1.045182e-20 1.016343e-20
0.000000 difM -4.548646e-04 -8.056925e-04 -6.467843e-04 -4.742971e-04 -3.006896e-04 -1.372754e-04 7.159739e-06 1.271805e-04 2.207698e-04 2.886778e-04 3.333001e-04 3.574680e-04 3.635348e-04 1.085427e-03
0.000000 cmpM 3.171287e-20 -7.175158e-21 -2.065505e-20 -5.478948e-20 -7.003324e-21 1.091077e-19 -1.550127e-20 -8.367821e-21 2.842518e-20 -2.813069e-20 2.461376e-20 -2.782408e-20 2.578322e-21 -3.260493e-20
0.100629 eK 0.000000e+00 7.229991e-03 1.335629e-02 1.265527e-02 1.136418e-02 1.027664e-02 9.179265e-03 8.104835e-03 7.068014e-03 6.080160e-03 5.153208e-03 4.297215e-03 3.520544e-03 1.083218e-02
0.100629 eM 7.588754e-03 1.431972e-02 1.313450e-02 1.186759e-02 1.052333e-02 9.163377e-03 7.839545e-03 6.599523e-03 5.481762e-03 4.511907e-03 3.703903e-03 3.061064e-03 2.578540e-03 2.248180e-02
0.100629 visc 2.587335e-02 1.491817e-02 1.425727e-03 2.411651e-04 2.472506e-04 2.423801e-04 2.416284e-04 2.374476e-04 2.306484e-04 2.213772e-04 2.098872e-04 1.965260e-04 1.816471e-04 9.753674e-04
0.100629 ohm 4.626873e-04 1.021602e-03 9.891185e-04 9.659234e-04 9.717079e-04 9.686314e-04 9.510686e-04 9.195396e-04 8.767503e-04 8.267118e-04 7.735687e-04 7.204745e-04 6.690263e-04 3.773012e-03
0.100629 S -1.697041e-23 9.368249e-04 3.054558e-04 5.022642e-04 4.739219e-04 4.250232e-04 3.833850e-04 3.356930e-04 2.835481e-04 2.269105e-04 1.681291e-04 1.110276e-04 6.124181e-05 3.958716e-04
0.100629 lor 0.000000e+00 2.375400e-04 -1.204873e-03 -1.417608e-03 -9.232009e-04 -1.045843e-03 -1.016584e-03 -8.636469e-04 -6.665579e-04 -4.378559e-04 -2.212005e-04 -4.169651e-05 8.636285e-05 1.393374e-03
0.100629 advK 0.000000e+00 4.734088e-04 3.045198e-04 4.858931e-05 5.674183e-05 3.559306e-05 8.089218e-06 -1.234586e-05 -2.649334e-05 -3.024428e-05 -2.532422e-05 -1.474411e-05 -2.708790e-06 1.894403e-05
0.100629 pres 0.000000e+00 7.003452e-04 1.711287e-04 9.255454e-05 1.971533e-04 2.464919e-04 2.727387e-04 2.785090e-04 2.607518e-04 2.295538e-04 1.939291e-04 1.591836e-04 1.304025e-04 1.150202e-03
0.100629 difK 2.587335e-02 -4.306733e-03 -1.456754e-02 -1.300445e-03 2.847679e-04 -1.101106e-04 -4.012639e-05 -8.511503e-06 1.315193e-05 3.389658e-05 4.975835e-05 6.227109e-05 7.101703e-05 6.255997e-04
0.100629 advM 0.000000e+00 1.960563e-04 -3.259888e-04 -3.869604e-04 -3.902543e-04 -3.764995e-04 -3.240575e-04 -2.389740e-04 -1.380076e-04 -3.823807e-05 4.505037e-05 1.031419e-04 1.346803e-04 2.368592e-04
0.100629 difM -6.152405e-04 -7.043775e-04 -5.989725e-04 -4.859903e-04 -2.936703e-04 -1.364903e-04 3.845911e-06 1.220025e-04 2.132702e-04 2.805144e-04 3.249110e-04 3.501915e-04 3.574818e-04 1.073971e-03
0.100629 cmpM 1.187626e-03 7.548369e-04 9.717175e-04 6.208350e-04 4.832456e-04 3.213270e-04 1.830627e-04 7.243212e-05 -3.056972e-06 -5.171457e-05 -8.034953e-05 -9.924696e-05 -1.140904e-04 -9.217276e-04
0.201258 eK 0.000000e+00 5.349056e-03 1.165627e-02 1.242073e-02 1.129825e-02 1.016374e-02 9.083433e-03 8.033916e-03 7.023457e-03 6.062856e-03 5.159654e-03 4.321894e-03 3.556587e-03 1.117675e-02
0.201258 eM 7.494288e-03 1.407600e-02 1.288785e-02 1.166368e-02 1.036023e-02 9.036014e-03 7.748028e-03 6.541096e-03 5.450569e-03 4.500248e-03 3.702978e-03 3.062603e-03 2.576042e-03 2.213307e-02
0.201258 visc 1.749618e-02 1.284081e-02 2.245991e-03 2.840778e-04 2.652574e-04 2.667812e-04 2.644972e-04 2.591354e-04 2.493447e-04 2.361405e-04 2.207125e-04 2.040705e-04 1.868844e-04 1.039327e-03
0.201258 ohm 4.601564e-04 1.166068e-03 1.102249e-03 9.903414e-04 9.740822e-04 9.702404e-04 9.526864e-04 9.206819e-04 8.774183e-04 8.270158e-04 7.738045e-04 7.210081e-04 6.700585e-04 3.753658e-03
0.201258 S 3.221760e-25 -3.758515e-06 -3.821624e-04 -8.911902e-06 1.555446e-04 2.130603e-04 2.435327e-04 2.464756e-04 2.214582e-04 1.675474e-04 8.940923e-05 -5.102413e-06 -1.034919e-04 -1.500783e-03
0.201258 lor 0.000000e+00 1.271773e-03 -4.829605e-04 -1.663797e-03 -9.617484e-04 -6.927924e-04 -6.590472e-04 -4.581986e-04 -1.729098e-04 1.222609e-04 3.755753e-04 5.480938e-04 6.274259e-04 3.417656e-03
0.201258 advK 0.000000e+00 -2.285586e-05 -1.905090e-04 -8.904982e-05 3.913225e-05 7.626533e-06 -6.135165e-05 -9.947743e-05 -1.081362e-04 -9.147212e-05 -5.408855e-05 -7.515858e-06 3.672364e-05 2.928217e-04
0.201258 pres 0.000000e+00 7.478380e-04 5.733450e-04 4.006566e-04 3.581355e-04 2.995623e-04 1.826082e-04 2.301708e-05 -1.588465e-04 -3.363626e-04 -4.807232e-04 -5.708956e-04 -5.944102e-04 -4.880274e-04
0.201258 difK 1.749618e-02 1.142997e-03 -1.169644e-02 -3.821212e-03 -1.309895e-04 1.392784e-05 -1.952392e-05 2.814377e-06 2.541876e-05 3.765916e-05 4.843119e-05 5.571372e-05 6.228794e-05 6.061254e-04
0.201258 advM 0.000000e+00 7.119497e-05 -4.991421e-04 -5.685961e-04 -4.692465e-04 -3.239090e-04 -1.461928e-04 5.209667e-05 2.414095e-04 3.938021e-04 4.899972e-04 5.223156e-04 4.968704e-04 2.864214e-04
0.201258 difM -7.941910e-04 -6.210446e-04 -5.293215e-04 -4.898114e-04 -3.012947e-04 -1.351407e-04 -5.575266e-08 1.131043e-04 2.021046e-04 2.678797e-04 3.131053e-04 3.406857e-04 3.517204e-04 1.079266e-03
0.201258 cmpM 2.226808e-04 -8.615082e-04 -3.072755e-04 -3.990654e-04 -2.932244e-04 -1.804620e-04 -9.627795e-05 -2.919085e-05 1.804620e-05 4.951979e-05 6.657997e-05 7.377197e-05 7.416790e-05 1.010742e-03
0.301887 eK 0.000000e+00 4.295701e-03 1.025253e-02 1.189306e-02 1.116321e-02 1.004715e-02 8.955182e-03 7.915991e-03 6.931081e-03 6.001514e-03 5.130915e-03 4.322185e-03 3.580095e-03 1.160642e-02
0.301887 eM 7.406942e-03 1.386047e-02 1.266735e-02 1.147693e-02 1.020622e-02 8.913503e-03 7.660068e-03 6.489185e-03 5.431280e-03 4.505930e-03 3.723345e-03 3.086850e-03 2.594883e-03 2.185135e-02
0.301887 visc 1.331961e-02 1.119684e-02 2.681695e-03 4.047140e-04 2.870173e-04 3.022346e-04 3.011930e-04 2.920423e-04 2.768066e-04 2.573301e-04 2.360095e-04 2.147091e-04 1.944979e-04 1.141114e-03
0.301887 ohm 4.592708e-04 1.315741e-03 1.264620e-03 1.053906e-03 1.000512e-03 9.889022e-04 9.688195e-04 9.340955e-04 8.877981e-04 8.347304e-04 7.795534e-04 7.257393e-04 6.746986e-04 3.766636e-03
0.301887 S -7.484044e-27 -3.282306e-04 -4.033175e-04 -5.889302e-05 1.140653e-04 1.839072e-04 2.173349e-04 2.211299e-04 1.909670e-04 1.255891e-04 2.807053e-05 -9.098318e-05 -2.168924e-04 -2.243684e-03
0.301887 lor 0.000000e+00 1.776269e-03 -4.673730e-05 -2.066923e-03 -1.800545e-03 -1.240164e-03 -1.011119e-03 -7.167260e-04 -2.979108e-04 1.518633e-04 5.433124e-04 8.202197e-04 9.618916e-04 6.543942e-03
0.301887 advK 0.000000e+00 -7.400214e-05 -2.019213e-04 -1.683104e-04 1.045673e-05 6.151554e-05 -1.116031e-05 -8.156964e-05 -1.088162e-04 -9.731693e-05 -5.712425e-05 -8.087137e-07 5.477216e-05 2.776268e-04
0.301887 pres 0.000000e+00 -8.858304e-04 -1.171339e-03 -9.107165e-04 -3.339113e-04 1.252960e-04 3.944407e-04 4.695283e-04 3.918394e-04 2.201058e-04 2.196763e-05 -1.447503e-04 -2.439715e-04 -7.406792e-04
0.301887 difK 1.331961e-02 2.974395e-03 -9.021971e-03 -4.730383e-03 -8.238046e-04 -3.722181e-05 2.338979e-05 3.501855e-05 4.192726e-05 4.794550e-05 4.808666e-05 4.960177e-05 5.110019e-05 5.774847e-04
0.301887 advM 0.000000e+00 -3.446892e-05 -6.459008e-04 -7.843348e-04 -7.390902e-04 -5.625289e-04 -3.168184e-04 -2.795306e-05 2.604709e-04 5.058459e-04 6.763584e-04 7.569728e-04 7.512105e-04 1.392692e-03
0.301887 difM -9.329408e-04 -5.688764e-04 -4.641851e-04 -4.984440e-04 -3.087160e-04 -1.320582e-04 2.992564e-06 1.095112e-04 1.926918e-04 2.545935e-04 2.985551e-04 3.274876e-04 3.424151e-04 1.090426e-03
0.301887 cmpM 4.263413e-04 -5.082756e-04 -8.022344e-05 -2.445748e-04 -2.277767e-04 -1.627288e-04 -1.031576e-04 -5.693468e-05 -2.270182e-05 -3.073720e-06 4.773980e-06 3.034500e-06 -4.099795e-06 -9.543737e-04
0.402517 eK 0.000000e+00 3.650196e-03 9.111897e-03 1.119628e-02 1.085099e-02 9.845486e-03 8.773529e-03 7.753834e-03 6.801640e-03 5.913090e-03 5.083151e-03 4.310797e-03 3.597315e-03 1.207644e-02
0.402517 eM 7.315667e-03 1.364204e-02 1.244198e-02 1.128452e-02 1.003761e-02 8.772224e-03 7.553927e-03 6.422203e-03 5.402021e-03 4.507494e-03 3.744993e-03 3.116184e-03 2.620227e-03 2.147542e-02
0.402517 visc 1.105546e-02 9.886852e-03 2.848914e-03 5.460817e-04 3.250762e-04 3.451057e-04 3.475918e-04 3.332512e-04 3.095993e-04 2.816633e-04 2.531749e-04 2.267246e-04 2.035002e-04 1.268285e-03
0.402517 ohm 4.594632e-04 1.451463e-03 1.448631e-03 1.146797e-03 1.052437e-03 1.026650e-03 1.000079e-03 9.600732e-04 9.083950e-04 8.502248e-04 7.908205e-04 7.342116e-04 6.821488e-04 3.783373e-03
0.402517 S 1.477662e-28 2.764085e-04 1.822805e-04 4.299877e-04 4.769041e-04 4.711145e-04 4.628057e-04 4.354533e-04 3.770470e-04 2.876375e-04 1.739381e-04 4.667154e-05 -8.130833e-05 -1.319667e-03
0.402517 lor 0.000000e+00 1.679105e-03 -9.603131e-06 -2.543280e-03 -2.972057e-03 -2.453754e-03 -2.010828e-03 -1.533199e-03 -9.285693e-04 -2.688652e-04 3.340536e-04 7.902643e-04 1.057458e-03 6.713376e-03
0.402517 advK 0.000000e+00 1.833833e-04 2.090476e-04 -3.599186e-05 -4.197194e-05 2.961492e-05 -8.956418e-06 -9.307246e-05 -1.459351e-04 -1.500368e-04 -1.114402e-04 -4.441860e-05 3.143564e-05 4.504046e-04
0.402517 pres 0.000000e+00 1.461970e-03 1.338438e-03 7.838542e-04 5.942432e-04 4.759685e-04 3.040029e-04 6.242998e-05 -2.276729e-04 -5.227878e-04 -7.727573e-04 -9.310742e-04 -9.692254e-04 -1.665437e-03
0.402517 difK 1.105546e-02 3.356695e-03 -7.031296e-03 -4.817889e-03 -1.313980e-03 -1.846098e-04 3.695797e-05 6.964380e-05 6.715860e-05 5.631180e-05 4.715637e-05 3.932281e-05 3.719996e-05 5.495219e-04
0.402517 advM 0.000000e+00 1.157418e-05 -6.536887e-04 -8.946086e-04 -9.800527e-04 -8.600240e-04 -6.056333e-04 -2.716937e-04 9.087252e-05 4.257959e-04 6.858403e-04 8.379824e-04 8.715465e-04 1.251064e-03
0.402517 difM -1.051155e-03 -5.311232e-04 -3.844645e-04 -5.262607e-04 -3.125009e-04 -1.239448e-04 1.022891e-05 1.110848e-04 1.863682e-04 2.420645e-04 2.825247e-04 3.110899e-04 3.291983e-04 1.097961e-03
0.402517 cmpM 7.220980e-04 -7.661970e-05 3.223367e-04 1.017232e-04 2.986228e-05 1.316247e-05 2.880362e-06 -4.424020e-06 -8.840125e-06 -1.034240e-05 -1.182773e-05 -1.388698e-05 -1.729270e-05 -2.938003e-04
0.503146 eK 0.000000e+00 3.156932e-03 8.134650e-03 1.041989e-02 1.039975e-02 9.562217e-03 8.566971e-03 7.598867e-03 6.697764e-03 5.860594e-03 5.078326e-03 4.345127e-03 3.661020e-03 1.284038e-02
0.503146 eM 7.163084e-03 1.332142e-02 1.212991e-02 1.102026e-02 9.810141e-03 8.585936e-03 7.419644e-03 6.343521e-03 5.375214e-03 4.523776e-03 3.791712e-03 3.178122e-03 2.681585e-03 2.125117e-02
0.503146 visc 9.408821e-03 8.764665e-03 2.866391e-03 6.801278e-04 3.815740e-04 3.958538e-04 3.997683e-04 3.788412e-04 3.448662e-04 3.070522e-04 2.711017e-04 2.399205e-04 2.144486e-04 1.426721e-03
0.503146 ohm 4.563534e-04 1.550266e-03 1.622512e-03 1.254084e-03 1.119269e-03 1.077627e-03 1.042197e-03 9.958237e-04 9.386122e-04 8.747522e-04 8.096537e-04 7.483753e-04 6.940173e-04 3.857028e-03
0.503146 S -4.936460e-30 1.446566e-04 1.104728e-04 3.798538e-04 3.747283e-04 3.734399e-04 3.978630e-04 4.046134e-04 3.669973e-04 2.904657e-04 1.921298e-04 8.735698e-05 -1.527788e-05 -7.808212e-04
0.503146 lor 0.000000e+00 1.933730e-03 4.866971e-04 -2.263931e-03 -3.307460e-03 -3.049397e-03 -2.530692e-03 -1.903492e-03 -1.156073e-03 -3.504301e-04 4.009231e-04 9.864563e-04 1.335983e-03 7.269861e-03
0.503146 advK 0.000000e+00 2.712538e-04 3.441072e-04 -9.996421e-06 -1.047241e-04 -2.019666e-05 -2.429211e-05 -1.099646e-04 -1.873948e-04 -2.098811e-04 -1.707182e-04 -8.584816e-05 1.689127e-05 7.286911e-04
0.503146 pres 0.000000e+00 3.948723e-04 3.457853e-04 3.488774e-04 6.025613e-04 8.113650e-04 9.015444e-04 8.390836e-04 6.160001e-04 2.726499e-04 -1.087677e-04 -4.324375e-04 -6.197447e-04 -7.460511e-04
0.503146 difK 9.408821e-03 3.387175e-03 -5.633525e-03 -4.565488e-03 -1.584570e-03 -3.198027e-04 2.329950e-05 9.484320e-05 8.670598e-05 6.313093e-05 3.987297e-05 2.537725e-05 1.831478e-05 5.131427e-04
0.503146 advM 0.000000e+00 1.881175e-05 -6.545319e-04 -9.528818e-04 -1.107201e-03 -1.006954e-03 -7.309753e-04 -3.565080e-04 6.104843e-05 4.675812e-04 8.057266e-04 1.023606e-03 1.089061e-03 1.299930e-03
0.503146 difM -1.132418e-03 -5.072144e-04 -2.961514e-04 -5.551164e-04 -3.152717e-04 -1.106357e-04 1.846177e-05 1.114806e-04 1.794257e-04 2.281116e-04 2.629233e-04 2.882001e-04 3.073529e-04 1.102266e-03
0.503146 cmpM 5.907156e-04 -2.190874e-04 1.897029e-04 -2.721028e-05 -1.194293e-04 -1.366735e-04 -1.337164e-04 -1.197698e-04 -9.579155e-05 -6.693815e-05 -3.741445e-05 -1.171292e-05 8.563685e-06 8.682897e-04
0.603775 eK 0.000000e+00 2.836382e-03 7.427329e-03 9.773912e-03 9.967678e-03 9.264739e-03 8.335916e-03 7.410097e-03 6.547781e-03 5.752605e-03 5.014019e-03 4.323337e-03 3.676592e-03 1.338532e-02
0.603775 eM 7.027898e-03 1.304035e-02 1.184420e-02 1.076081e-02 9.573905e-03 8.380606e-03 7.261152e-03 6.239392e-03 5.324385e-03 4.520902e-03 3.827965e-03 3.240136e-03 2.752130e-03 2.104598e-02
0.603775 visc 8.384709e-03 7.962048e-03 2.802825e-03 7.890728e-04 4.532047e-04 4.558923e-04 4.554084e-04 4.248263e-04 3.790244e-04 3.309304e-04 2.879837e-04 2.531728e-04 2.266945e-04 1.605687e-03
0.603775 ohm 4.549514e-04 1.633018e-03 1.791673e-03 1.380947e-03 1.208176e-03 1.148909e-03 1.102767e-03 1.048652e-03 9.849037e-04 9.134420e-04 8.387970e-04 7.679439e-04 7.073337e-04 3.937410e-03
0.603775 S 1.119005e-31 -2.282448e-04 -7.231332e-05 1.962392e-04 1.313878e-04 1.294483e-04 1.890605e-04 2.335651e-04 2.180015e-04 1.534548e-04 7.284104e-05 -1.457003e-06 -6.709097e-05 -1.000573e-03
0.603775 lor 0.000000e+00 2.366358e-03 9.907235e-04 -1.877431e-03 -3.387867e-03 -3.439067e-03 -2.949921e-03 -2.232970e-03 -1.366972e-03 -4.390588e-04 4.428509e-04 1.152712e-03 1.595768e-03 9.886641e-03
0.603775 advK 0.000000e+00 1.269793e-04 1.955891e-04 -1.040302e-04 -1.918125e-04 -6.737825e-05 -1.753909e-05 -7.601270e-05 -1.590235e-04 -2.009509e-04 -1.762834e-04 -9.573787e-05 8.414794e-06 6.001280e-04
0.603775 pres 0.000000e+00 -7.241754e-04 -6.563813e-04 -2.414584e-04 3.519451e-04 7.770991e-04 9.814128e-04 9.635118e-04 7.143799e-04 2.835179e-04 -2.251231e-04 -6.731897e-04 -9.435266e-04 -3.304416e-03
0.603775 difK 8.384709e-03 3.247144e-03 -4.738746e-03 -4.266969e-03 -1.718634e-03 -4.208804e-04 7.150102e-06 1.109509e-04 1.058209e-04 7.119795e-05 3.808339e-05 1.459753e-05 4.022587e-06 4.932179e-04
0.603775 advM 0.000000e+00 -4.324032e-06 -6.777277e-04 -1.029262e-03 -1.254120e-03 -1.190919e-03 -9.204208e-04 -5.369371e-04 -8.796528e-05 3.799760e-04 8.065768e-04 1.116343e-03 1.249260e-03 2.538250e-03
0.603775 difM -1.194966e-03 -5.161649e-04 -2.245068e-04 -5.694627e-04 -3.148409e-04 -9.012412e-05 3.322098e-05 1.179874e-04 1.819843e-04 2.256095e-04 2.513091e-04 2.661396e-04 2.795548e-04 1.079557e-03
0.603775 cmpM 4.962487e-04 -2.532086e-04 1.626851e-04 5.861539e-05 4.218669e-05 5.961701e-05 6.608094e-05 5.772660e-05 4.245585e-05 2.467956e-05 6.289350e-06 -1.148659e-05 -2.874472e-05 -8.487771e-04
0.704404 eK 0.000000e+00 2.593493e-03 6.799361e-03 9.095778e-03 9.425850e-03 8.857528e-03 8.030580e-03 7.185403e-03 6.390919e-03 5.653729e-03 4.965946e-03 4.319394e-03 3.709885e-03 1.415711e-02
0.704404 eM 6.909423e-03 1.279204e-02 1.157217e-02 1.048846e-02 9.312213e-03 8.144738e-03 7.068918e-03 6.100264e-03 5.240709e-03 4.491917e-03 3.849479e-03 3.300546e-03 2.831731e-03 2.092124e-02
0.704404 visc 7.716740e-03 7.248944e-03 2.698884e-03 8.799910e-04 5.355196e-04 5.239129e-04 5.122429e-04 4.682502e-04 4.097966e-04 3.522694e-04 3.038038e-04 2.669519e-04 2.409646e-04 1.806039e-03
0.704404 ohm 4.550089e-04 1.701724e-03 1.951758e-03 1.523072e-03 1.316005e-03 1.236452e-03 1.179845e-03 1.119889e-03 1.050333e-03 9.689675e-04 8.786480e-04 7.907317e-04 7.188215e-04 4.028362e-03
0.704404 S -2.974377e-33 -3.681039e-04 -1.966280e-04 -5.911200e-06 -1.117318e-04 -8.465927e-05 2.920740e-05 1.137994e-04 1.160127e-04 6.065885e-05 7.361827e-07 -3.470506e-05 -5.503912e-05 -7.250372e-04
0.704404 lor 0.000000e+00 2.619092e-03 1.310597e-03 -1.525784e-03 -3.278026e-03 -3.589747e-03 -3.212846e-03 -2.482725e-03 -1.529586e-03 -4.759073e-04 5.406205e-04 1.361834e-03 1.862153e-03 1.072229e-02
0.704404 advK 0.000000e+00 1.518423e-04 1.927899e-04 -1.805411e-04 -2.905462e-04 -1.420072e-04 -5.935031e-05 -1.049868e-04 -1.922510e-04 -2.420023e-04 -2.170511e-04 -1.249968e-04 -4.434066e-06 7.777938e-04
0.704404 pres 0.000000e+00 1.398417e-03 1.420263e-03 8.923690e-04 7.315594e-04 7.117690e-04 6.980127e-04 5.759111e-04 2.549053e-04 -2.540852e-04 -8.429092e-04 -1.341115e-03 -1.595580e-03 -2.613984e-03
0.704404 difK 7.716740e-03 2.880971e-03 -4.095537e-03 -3.915761e-03 -1.711786e-03 -4.565242e-04 2.022002e-06 1.197664e-04 1.098168e-04 6.833025e-05 2.750645e-05 1.302843e-07 -1.283002e-05 4.697735e-04
0.704404 advM 0.000000e+00 6.129253e-05 -6.420757e-04 -1.056051e-03 -1.309994e-03 -1.249787e-03 -9.944362e-04 -6.268964e-04 -1.655604e-04 3.584947e-04 8.709701e-04 1.258946e-03 1.425940e-03 2.765927e-03
0.704404 difM -1.247468e-03 -5.594851e-04 -1.717758e-04 -5.576126e-04 -3.013280e-04 -6.749589e-05 5.032144e-05 1.315838e-04 1.976114e-04 2.388764e-04 2.492709e-04 2.419821e-04 2.411474e-04 1.022656e-03
0.704404 cmpM 2.321523e-04 -6.618628e-04 -1.985544e-04 -2.228509e-04 -1.826957e-04 -1.019750e-04 -3.438737e-05 1.084176e-05 4.089633e-05 5.885788e-05 6.754622e-05 6.866967e-05 6.365351e-05 1.457024e-04
0.805033 eK 0.000000e+00 2.367477e-03 6.263852e-03 8.494051e-03 8.928706e-03 8.480472e-03 7.750872e-03 6.984637e-03 6.255558e-03 5.573359e-03 4.932344e-03 4.326651e-03 3.751884e-03 1.490764e-02
0.805033 eM 6.752050e-03 1.247292e-02 1.122706e-02 1.014221e-02 8.989588e-03 7.864664e-03 6.842601e-03 5.932780e-03 5.135492e-03 4.451653e-03 3.872467e-03 3.373733e-03 2.930287e-03 2.089396e-02
0.805033 visc 7.013441e-03 6.642161e-03 2.577026e-03 9.632042e-04 6.254298e-04 5.955761e-04 5.678484e-04 5.088007e-04 4.383628e-04 3.730286e-04 3.207224e-04 2.832348e-04 2.588839e-04 2.033575e-03
0.805033 ohm 4.521083e-04 1.737637e-03 2.078364e-03 1.661273e-03 1.428648e-03 1.328164e-03 1.266334e-03 1.208620e-03 1.137704e-03 1.044138e-03 9.297981e-04 8.157237e-04 7.282145e-04 4.135779e-03
0.805033 S 1.033150e-34 -5.870122e-05 -1.009757e-04 -3.627941e-05 -1.937250e-04 -1.472333e-04 5.659662e-06 1.092983e-04 1.126340e-04 6.093765e-05 2.574124e-05 3.266709e-05 5.189417e-05 -1.631891e-04
0.805033 lor 0.000000e+00 2.480529e-03 1.269641e-03 -1.481865e-03 -3.351861e-03 -3.845902e-03 -3.601940e-03 -2.911438e-03 -1.887544e-03 -6.860724e-04 4.937244e-04 1.427507e-03 1.965637e-03 1.101139e-02
0.805033 advK 0.000000e+00 2.929735e-04 4.655788e-04 -2.456728e-05 -2.465576e-04 -1.243730e-04 -3.496741e-05 -8.145213e-05 -1.778551e-04 -2.345597e-04 -2.104849e-04 -1.162315e-04 3.156239e-06 8.815641e-04
0.805033 pres 0.000000e+00 -4.789549e-04 -3.053826e-04 4.165778e-05 5.693683e-04 9.812866e-04 1.270896e-03 1.350120e-03 1.107334e-03 5.640778e-04 -1.253132e-04 -7.261308e-04 -1.050719e-03 -2.791625e-03
0.805033 difK 7.013441e-03 2.703305e-03 -3.644437e-03 -3.589506e-03 -1.672542e-03 -4.796927e-04 -5.766830e-06 1.198672e-04 1.066016e-04 5.768455e-05 1.289551e-05 -1.768555e-05 -3.033448e-05 4.590249e-04
0.805033 advM 0.000000e+00 1.051792e-04 -6.297096e-04 -1.098962e-03 -1.389967e-03 -1.351938e-03 -1.146050e-03 -8.249935e-04 -3.525472e-04 2.494188e-04 8.680419e-04 1.327892e-03 1.502749e-03 2.915215e-03
0.805033 difM -1.292677e-03 -6.244341e-04 -1.166739e-04 -5.136254e-04 -2.733113e-04 -5.305150e-05 6.143432e-05 1.512476e-04 2.276085e-04 2.660558e-04 2.497028e-04 2.065254e-04 1.866818e-04 9.393582e-04
0.805033 cmpM 5.434300e-04 -1.509486e-04 1.843812e-04 1.348471e-05 -9.366457e-05 -1.187144e-04 -1.157510e-04 -1.068820e-04 -9.222117e-05 -7.530873e-05 -5.977549e-05 -4.615573e-05 -3.261365e-05 5.587037e-04
0.905662 eK 0.000000e+00 2.205516e-03 5.818279e-03 7.951474e-03 8.448663e-03 8.101687e-03 7.462983e-03 6.771605e-03 6.105408e-03 5.477069e-03 4.882973e-03 4.318009e-03 3.777846e-03 1.556138e-02
0.905662 eM 6.606824e-03 1.217003e-02 1.087994e-02 9.774058e-03 8.638506e-03 7.555430e-03 6.582301e-03 5.726539e-03 4.994057e-03 4.386156e-03 3.883518e-03 3.442452e-03 3.023830e-03 2.081187e-02
0.905662 visc 6.573251e-03 6.141662e-03 2.452353e-03 1.037192e-03 7.195421e-04 6.677500e-04 6.198324e-04 5.457022e-04 4.648377e-04 3.935754e-04 3.391342e-04 3.024031e-04 2.808212e-04 2.279987e-03
0.905662 ohm 4.500575e-04 1.767266e-03 2.192017e-03 1.801328e-03 1.551948e-03 1.432498e-03 1.372316e-03 1.325179e-03 1.253525e-03 1.137325e-03 9.831795e-04 8.327777e-04 7.301048e-04 4.231609e-03
0.905662 S -2.636538e-36 -8.672834e-05 -2.527413e-04 -2.600364e-04 -4.313369e-04 -3.410451e-04 -1.472650e-04 -3.233333e-05 -3.057381e-05 -6.765888e-05 -5.975566e-05 -3.814980e-06 4.181016e-05 -1.677312e-04
0.905662 lor 0.000000e+00 2.558094e-03 1.368552e-03 -1.317178e-03 -3.220671e-03 -3.842909e-03 -3.741760e-03 -3.123363e-03 -2.055136e-03 -7.244052e-04 5.715996e-04 1.524407e-03 1.994492e-03 1.241419e-02
0.905662 advK 0.000000e+00 3.060851e-04 4.878601e-04 -3.806429e-05 -2.728686e-04 -1.207444e-04 -2.325561e-06 -4.265044e-05 -1.427355e-04 -1.966997e-04 -1.637924e-04 -6.736378e-05 3.764490e-05 6.158818e-04
0.905662 pres 0.000000e+00 2.714679e-05 3.087664e-04 5.831390e-04 9.427783e-04 1.223691e-03 1.465059e-03 1.504032e-03 1.159835e-03 4.521361e-04 -3.953455e-04 -1.072469e-03 -1.385176e-03 -4.621948e-03
0.905662 difK 6.573251e-03 2.412419e-03 -3.304660e-03 -3.284701e-03 -1.589967e-03 -4.859568e-04 -1.838300e-05 1.144855e-04 9.994116e-05 4.632084e-05 -3.291030e-06 -3.511657e-05 -4.649679e-05 4.609407e-04
0.905662 advM 0.000000e+00 1.381544e-04 -6.222156e-04 -1.127529e-03 -1.443981e-03 -1.436088e-03 -1.293715e-03 -1.007151e-03 -4.868909e-04 2.304812e-04 9.508177e-04 1.420127e-03 1.519581e-03 3.264197e-03
0.905662 difM -1.347197e-03 -7.062336e-04 -6.892587e-05 -4.439065e-04 -2.321181e-04 -4.583277e-05 7.417746e-05 1.910863e-04 2.834155e-04 3.045073e-04 2.369384e-04 1.450516e-04 1.144568e-04 8.477363e-04
0.905662 cmpM 6.666424e-04 1.122970e-04 4.089135e-04 2.452990e-04 1.215331e-04 7.216818e-05 4.710216e-05 2.297415e-05 2.455820e-06 -1.359229e-05 -2.802796e-05 -4.228564e-05 -5.400896e-05 -9.240064e-04
1.006291 eK 0.000000e+00 2.069021e-03 5.410558e-03 7.408043e-03 7.940241e-03 7.695400e-03 7.160984e-03 6.556822e-03 5.961468e-03 5.392669e-03 4.849047e-03 4.325801e-03 3.818077e-03 1.638864e-02
1.006291 eM 6.462991e-03 1.186645e-02 1.051735e-02 9.375928e-03 8.255741e-03 7.217023e-03 6.292557e-03 5.491860e-03 4.831843e-03 4.313062e-03 3.896828e-03 3.512235e-03 3.109322e-03 2.069966e-02
1.006291 visc 6.240708e-03 5.683987e-03 2.328528e-03 1.109346e-03 8.141896e-04 7.365978e-04 6.667218e-04 5.796791e-04 4.912047e-04 4.160804e-04 3.608572e-04 3.258151e-04 3.077622e-04 2.548951e-03
1.006291 ohm 4.475897e-04 1.784772e-03 2.287938e-03 1.936334e-03 1.679273e-03 1.547772e-03 1.498123e-03 1.467656e-03 1.391474e-03 1.237428e-03 1.027388e-03 8.368923e-04 7.269665e-04 4.327638e-03
1.006291 S 5.828389e-38 -5.013276e-04 -7.158653e-04 -7.445825e-04 -8.518374e-04 -6.535183e-04 -3.784882e-04 -2.238322e-04 -1.994543e-04 -1.937526e-04 -1.200280e-04 -1.692378e-05 3.053680e-05 -1.064602e-03
1.006291 lor 0.000000e+00 2.861914e-03 1.662040e-03 -9.321559e-04 -2.750336e-03 -3.399853e-03 -3.379185e-03 -2.808864e-03 -1.721173e-03 -3.403628e-04 9.489366e-04 1.787256e-03 2.094659e-03 1.266797e-02
1.006291 advK 0.000000e+00 2.406463e-04 2.831739e-04 -3.343294e-04 -5.204519e-04 -2.724980e-04 -8.190105e-05 -9.410024e-05 -1.861133e-04 -2.228151e-04 -1.598457e-04 -3.872583e-05 6.973504e-05 8.987436e-04
1.006291 pres 0.000000e+00 -5.094214e-04 -3.270160e-04 9.949908e-06 5.254282e-04 1.000562e-03 1.429958e-03 1.582197e-03 1.253482e-03 5.108994e-04 -3.360253e-04 -9.273645e-04 -1.115209e-03 -3.061322e-03
1.006291 difK 6.240708e-03 2.073665e-03 -3.078481e-03 -2.963630e-03 -1.457743e-03 -4.735460e-04 -3.670016e-05 9.944901e-05 9.043439e-05 3.452093e-05 -1.979250e-05 -5.470796e-05 -6.213020e-05 4.684871e-04
1.006291 advM 0.000000e+00 1.865171e-04 -5.886849e-04 -1.121211e-03 -1.429116e-03 -1.417907e-03 -1.286886e-03 -9.755466e-04 -3.751122e-04 4.331816e-04 1.170014e-03 1.539239e-03 1.488899e-03 2.934477e-03
1.006291 difM -1.405269e-03 -8.103453e-04 -2.447706e-05 -3.487097e-04 -1.785981e-04 -3.945763e-05 9.574716e-05 2.528986e-04 3.564481e-04 3.336757e-04 1.894078e-04 5.134007e-05 3.495663e-05 7.749691e-04
1.006291 cmpM 1.769865e-04 -6.418695e-04 -1.939914e-04 -1.991923e-04 -2.042898e-04 -1.566717e-04 -9.467926e-05 -4.592953e-05 -5.408977e-06 3.242535e-05 6.484080e-05 8.683118e-05 9.792940e-05 8.889818e-04
1.106921 eK 0.000000e+00 1.945365e-03 5.055607e-03 6.935128e-03 7.498206e-03 7.346413e-03 6.904262e-03 6.371983e-03 5.832967e-03 5.313999e-03 4.816796e-03 4.333244e-03 3.855417e-03 1.710811e-02
1.106921 eM 6.303816e-03 1.152937e-02 1.011282e-02 8.931034e-03 7.828758e-03 6.839008e-03 5.970410e-03 5.235539e-03 4.661479e-03 4.244035e-03 3.916501e-03 3.578030e-03 3.177307e-03 2.054875e-02
1.106921 visc 5.905837e-03 5.294575e-03 2.207320e-03 1.175783e-03 9.058271e-04 7.991056e-04 7.070053e-04 6.104180e-04 5.181620e-04 4.417097e-04 3.868871e-04 3.540512e-04 3.399391e-04 2.841509e-03
1.106921 ohm 4.433280e-04 1.787567e-03 2.359147e-03 2.056041e-03 1.804904e-03 1.674474e-03 1.642893e-03 1.629127e-03 1.539647e-03 1.331462e-03 1.055258e-03 8.303628e-04 7.256966e-04 4.436163e-03
1.106921 S -1.734295e-39 -3.738280e-04 -7.912728e-04 -9.074142e-04 -9.959373e-04 -7.624749e-04 -4.705123e-04 -3.190056e-04 -2.884746e-04 -2.335429e-04 -8.907159e-05 4.423052e-05 6.677158e-05 -1.190124e-03
1.106921 lor 0.000000e+00 2.727109e-03 1.524362e-03 -9.244655e-04 -2.625864e-03 -3.263093e-03 -3.259374e-03 -2.678920e-03 -1.563382e-03 -1.810227e-04 1.008885e-03 1.652099e-03 1.790569e-03 1.296038e-02
1.106921 advK 0.000000e+00 3.086548e-04 4.002510e-04 -2.948074e-04 -5.238854e-04 -2.686373e-04 -5.123743e-05 -4.494626e-05 -1.298438e-04 -1.562504e-04 -7.819013e-05 4.419130e-05 1.281111e-04 7.210847e-04
1.106921 pres 0.000000e+00 -1.905567e-04 1.476050e-04 4.072913e-04 7.534091e-04 1.071549e-03 1.362189e-03 1.378757e-03 9.462441e-04 1.743390e-04 -5.758489e-04 -9.622781e-04 -9.518160e-04 -3.272004e-03
1.106921 difK 5.905837e-03 1.834480e-03 -2.875494e-03 -2.668129e-03 -1.329857e-03 -4.745892e-04 -7.747437e-05 6.824584e-05 7.552864e-05 2.391942e-05 -3.793062e-05 -7.812762e-05 -8.081934e-05 4.878643e-04
1.106921 advM 0.000000e+00 2.095379e-04 -5.841376e-04 -1.115994e-03 -1.431115e-03 -1.447139e-03 -1.311927e-03 -9.308634e-04 -2.346892e-04 6.234092e-04 1.281795e-03 1.458067e-03 1.233091e-03 2.574050e-03
1.106921 difM -1.469333e-03 -9.245126e-04 2.514213e-05 -2.375525e-04 -1.158070e-04 -2.042571e-05 1.325986e-04 3.258926e-04 4.243277e-04 3.291627e-04 9.695414e-05 -6.360109e-05 -3.393079e-05 7.325414e-04
1.106921 cmpM 3.976792e-04 -2.437022e-04 1.308985e-04 7.204325e-05 7.075128e-07 -6.800587e-06 1.043485e-05 2.224538e-05 2.909092e-05 3.448914e-05 3.528889e-05 3.125204e-05 2.659243e-05 -1.254281e-04
1.207550 eK 0.000000e+00 1.799220e-03 4.676458e-03 6.445977e-03 7.047501e-03 7.002920e-03 6.667260e-03 6.215404e-03 5.735141e-03 5.265688e-03 4.813075e-03 4.365264e-03 3.910546e-03 1.780007e-02
1.207550 eM 6.150938e-03 1.119836e-02 9.706934e-03 8.477750e-03 7.386234e-03 6.439893e-03 5.631051e-03 4.974421e-03 4.499365e-03 4.187144e-03 3.935424e-03 3.619944e-03 3.204124e-03 2.020117e-02
1.207550 visc 5.477338e-03 4.876587e-03 2.093504e-03 1.234735e-03 9.908111e-04 8.557791e-04 7.417495e-04 6.380252e-04 5.455244e-04 4.702976e-04 4.169107e-04 3.866686e-04 3.768370e-04 3.138756e-03
1.207550 ohm 4.393250e-04 1.789237e-03 2.420329e-03 2.167595e-03 1.936254e-03 1.824833e-03 1.815640e-03 1.809349e-03 1.688079e-03 1.406850e-03 1.062578e-03 8.183801e-04 7.322688e-04 4.521778e-03
1.207550 S 6.705551e-41 -3.507317e-04 -9.268517e-04 -1.083308e-03 -1.126932e-03 -8.476344e-04 -5.334463e-04 -3.710527e-04 -3.077080e-04 -1.794324e-04 2.967412e-05 1.623237e-04 1.354077e-04 -1.534481e-03
1.207550 lor 0.000000e+00 2.600283e-03 1.400684e-03 -9.115237e-04 -2.493956e-03 -3.081839e-03 -2.991633e-03 -2.296724e-03 -1.126079e-03 1.599599e-04 1.079935e-03 1.420941e-03 1.403945e-03 1.267911e-02
1.207550 advK 0.000000e+00 3.515831e-04 4.698957e-04 -2.771121e-04 -5.459623e-04 -2.885548e-04 -4.066522e-05 6.243262e-07 -5.678560e-05 -6.170259e-05 2.588587e-05 1.330997e-04 1.777129e-04 6.424504e-04
1.207550 pres 0.000000e+00 1.995144e-04 6.534753e-04 8.053814e-04 1.000915e-03 1.172574e-03 1.251330e-03 1.018240e-03 4.122159e-04 -3.562620e-04 -9.077918e-04 -1.029040e-03 -8.596807e-04 -3.626960e-03
1.207550 difK 5.477338e-03 1.649538e-03 -2.647119e-03 -2.369947e-03 -1.185986e-03 -4.747695e-04 -1.323066e-04 2.062483e-05 5.228838e-05 9.348913e-06 -6.022176e-05 -1.070369e-04 -1.018528e-04 5.153343e-04
1.207550 advM 0.000000e+00 2.244998e-04 -5.823504e-04 -1.114244e-03 -1.446970e-03 -1.476306e-03 -1.254672e-03 -7.012068e-04 1.309181e-04 9.559676e-04 1.375229e-03 1.258385e-03 8.780124e-04 2.102963e-03
1.207550 difM -1.542120e-03 -1.037424e-03 7.324883e-05 -1.279398e-04 -4.848835e-05 2.326224e-05 1.923948e-04 4.000425e-04 4.624233e-04 2.698373e-04 -3.562209e-05 -1.744915e-04 -7.184834e-05 7.178498e-04
1.207550 cmpM 6.039010e-04 9.201247e-05 3.649294e-04 2.184724e-04 6.216911e-05 -1.243898e-05 -3.904978e-05 -5.141395e-05 -5.702663e-05 -6.381668e-05 -7.606892e-05 -8.467292e-05 -8.102288e-05 -3.266737e-04
1.308179 eK 0.000000e+00 1.699034e-03 4.357735e-03 5.990141e-03 6.605302e-03 6.654157e-03 6.420791e-03 6.049085e-03 5.628565e-03 5.209702e-03 4.802196e-03 4.389545e-03 3.957706e-03 1.863231e-02
1.308179 eM 5.975482e-03 1.082546e-02 9.263731e-03 7.990254e-03 6.909753e-03 6.011335e-03 5.278724e-03 4.722517e-03 4.359651e-03 4.143946e-03 3.942189e-03 3.628482e-03 3.193354e-03 1.979557e-02
1.308179 visc 5.243226e-03 4.534178e-03 1.983424e-03 1.285345e-03 1.065390e-03 9.052537e-04 7.703406e-04 6.614417e-04 5.725209e-04 5.015132e-04 4.505244e-04 4.229087e-04 4.171107e-04 3.447108e-03
1.308179 ohm 4.330952e-04 1.773515e-03 2.453617e-03 2.256897e-03 2.061754e-03 1.985441e-03 1.997546e-03 1.983627e-03 1.812271e-03 1.455846e-03 1.062655e-03 8.166931e-04 7.508078e-04 4.607804e-03
1.308179 S -1.243618e-42 -6.088878e-04 -1.265471e-03 -1.397869e-03 -1.373964e-03 -1.047988e-03 -7.107228e-04 -5.192242e-04 -3.937948e-04 -1.936097e-04 3.870885e-05 1.398319e-04 7.157340e-05 -2.390289e-03
1.308179 lor 0.000000e+00 2.646417e-03 1.463724e-03 -6.891055e-04 -2.111933e-03 -2.598405e-03 -2.377464e-03 -1.578871e-03 -4.632496e-04 5.315439e-04 1.043850e-03 1.122550e-03 1.079554e-03 1.267633e-02
1.308179 advK 0.000000e+00 3.218857e-04 3.391962e-04 -4.871099e-04 -7.644276e-04 -4.866016e-04 -1.869862e-04 -6.678340e-05 -4.628322e-05 -1.422884e-06 9.531923e-05 1.797877e-04 1.935811e-04 9.088223e-04
1.308179 pres 0.000000e+00 -8.549872e-04 -6.806716e-04 -2.530136e-04 4.273186e-04 1.043866e-03 1.366816e-03 1.229709e-03 7.412866e-04 2.260754e-04 -6.147660e-06 5.027580e-05 1.613867e-04 -2.707793e-03
1.308179 difK 5.243226e-03 1.374406e-03 -2.502114e-03 -2.071234e-03 -1.028358e-03 -4.645362e-04 -1.884577e-04 -3.132627e-05 2.787821e-05 -2.887581e-06 -7.961655e-05 -1.305518e-04 -1.174523e-04 5.416573e-04
1.308179 advM 0.000000e+00 2.368232e-04 -5.505619e-04 -1.070587e-03 -1.409166e-03 -1.417331e-03 -1.055375e-03 -3.126190e-04 5.779372e-04 1.200461e-03 1.262665e-03 9.091366e-04 5.153183e-04 1.632506e-03
1.308179 difM -1.608592e-03 -1.147060e-03 1.190083e-04 -2.198146e-05 3.233486e-05 9.783208e-05 2.654208e-04 4.467773e-04 4.355137e-04 1.538055e-04 -1.679536e-04 -2.458070e-04 -7.674153e-05 7.055629e-04
1.308179 cmpM 2.934596e-04 -3.412534e-04 3.697090e-05 -5.572170e-07 -7.246647e-05 -8.637545e-05 -7.092052e-05 -4.956375e-05 -2.607465e-05 -7.247739e-06 5.844871e-06 2.109899e-05 3.816097e-05 5.872104e-04
1.408808 eK 0.000000e+00 1.587381e-03 4.053812e-03 5.586378e-03 6.223543e-03 6.357446e-03 6.215062e-03 5.915923e-03 5.550275e-03 5.176398e-03 4.805101e-03 4.418013e-03 4.001587e-03 1.926998e-02
1.408808 eM 5.798125e-03 1.044892e-02 8.817331e-03 7.496381e-03 6.419650e-03 5.566741e-03 4.922702e-03 4.488398e-03 4.247664e-03 4.107860e-03 3.919849e-03 3.588014e-03 3.136844e-03 1.928394e-02
1.408808 visc 4.918471e-03 4.209278e-03 1.879233e-03 1.321897e-03 1.128697e-03 9.481357e-04 7.936481e-04 6.801902e-04 5.973093e-04 5.328714e-04 4.855043e-04 4.609021e-04 4.586029e-04 3.749680e-03
1.408808 ohm 4.262459e-04 1.752551e-03 2.472972e-03 2.333431e-03 2.189919e-03 2.162520e-03 2.192420e-03 2.146771e-03 1.898326e-03 1.473512e-03 1.063703e-03 8.319424e-04 7.794206e-04 4.670088e-03
1.408808 S 3.233081e-44 -6.222637e-04 -1.355194e-03 -1.477976e-03 -1.416132e-03 -1.094089e-03 -7.745675e-04 -5.617399e-04 -3.631102e-04 -1.155935e-04 8.558954e-05 1.301779e-04 3.291975e-05 -2.980764e-03
1.408808 lor 0.000000e+00 2.517060e-03 1.346322e-03 -6.571233e-04 -1.952143e-03 -2.313623e-03 -1.898732e-03 -9.327519e-04 1.335217e-04 7.416690e-04 7.594333e-04 5.939516e-04 5.968279e-04 1.271735e-02
1.408808 advK 0.000000e+00 3.015986e-04 3.092455e-04 -5.135013e-04 -8.132191e-04 -5.711171e-04 -2.652386e-04 -7.003388e-05 5.231150e-05 1.577140e-04 2.378341e-04 2.572405e-04 2.062443e-04 6.545065e-04
1.408808 pres 0.000000e+00 -2.958664e-04 2.044775e-04 6.325698e-04 1.096299e-03 1.353818e-03 1.210842e-03 6.546860e-04 -2.164206e-06 -3.285634e-04 -2.030320e-04 6.276761e-05 1.610037e-04 -4.530192e-03
1.408808 difK 4.918471e-03 1.216785e-03 -2.315737e-03 -1.818838e-03 -8.980005e-04 -4.615589e-04 -2.457994e-04 -8.876830e-05 -6.900095e-06 -2.793719e-05 -1.040931e-04 -1.510728e-04 -1.276981e-04 5.763925e-04
1.408808 advM 0.000000e+00 2.443241e-04 -5.367068e-04 -1.047037e-03 -1.391298e-03 -1.358059e-03 -8.219967e-04 1.378824e-04 1.059046e-03 1.362975e-03 9.797194e-04 4.154037e-04 8.301387e-05 1.412085e-03
1.408808 difM -1.672207e-03 -1.253791e-03 1.565731e-04 7.516066e-05 1.241491e-04 2.043700e-04 3.545344e-04 4.573571e-04 3.240468e-04 -1.101150e-05 -2.667206e-04 -2.589212e-04 -5.341537e-05 6.771048e-04
1.408808 cmpM 3.529398e-04 -2.148554e-04 1.320040e-04 8.368360e-05 2.057009e-06 -2.576626e-05 -2.070484e-05 5.953814e-07 2.802995e-05 4.527836e-05 5.380941e-05 5.981539e-05 5.886406e-05 -8.691892e-05
1.509437 eK 0.000000e+00 1.465365e-03 3.733243e-03 5.164413e-03 5.823206e-03 6.045298e-03 6.001691e-03 5.787150e-03 5.489116e-03 5.165618e-03 4.826034e-03 4.455330e-03 4.047050e-03 1.992993e-02
1.509437 eM 5.624123e-03 1.008111e-02 8.382971e-03 7.010567e-03 5.929617e-03 5.121134e-03 4.578376e-03 4.285796e-03 4.167702e-03 4.070161e-03 3.856756e-03 3.493331e-03 3.036139e-03 1.865421e-02
1.509437 visc 4.564649e-03 3.869855e-03 1.785649e-03 1.345118e-03 1.179094e-03 9.843970e-04 8.126694e-04 6.950703e-04 6.187902e-04 5.617654e-04 5.194481e-04 4.984959e-04 4.986401e-04 4.029906e-03
1.509437 ohm 4.195125e-04 1.728892e-03 2.483570e-03 2.403365e-03 2.323609e-03 2.353761e-03 2.392455e-03 2.281604e-03 1.931560e-03 1.462100e-03 1.075005e-03 8.678961e-04 8.156463e-04 4.696334e-03
1.509437 S -1.337087e-45 -6.667690e-04 -1.433905e-03 -1.539659e-03 -1.446879e-03 -1.142689e-03 -8.447511e-04 -5.816749e-04 -2.812159e-04 -3.956245e-06 1.366842e-04 1.272992e-04 2.605992e-05 -3.117379e-03
1.509437 lor 0.000000e+00 2.382674e-03 1.223786e-03 -6.293025e-04 -1.783882e-03 -1.982248e-03 -1.345134e-03 -2.183095e-04 7.101894e-04 8.362814e-04 4.021505e-04 1.177972e-04 2.502830e-04 1.212045e-02
1.509437 advK 0.000000e+00 3.032731e-04 3.089235e-04 -5.082227e-04 -8.429165e-04 -6.621690e-04 -3.720718e-04 -1.023782e-04 1.403862e-04 3.122605e-04 3.609709e-04 2.997907e-04 1.827671e-04 7.376724e-04
1.509437 pres 0.000000e+00 -7.628971e-05 1.938126e-04 2.546032e-04 5.356066e-04 7.021365e-04 4.318218e-04 -2.016416e-04 -6.816900e-04 -5.324754e-04 6.253288e-05 5.108538e-04 5.554323e-04 -1.832753e-03
1.509437 difK 4.564649e-03 1.067808e-03 -2.111337e-03 -1.566822e-03 -7.635257e-04 -4.494912e-04 -2.946787e-04 -1.446822e-04 -5.579991e-05 -7.235460e-05 -1.375122e-04 -1.671756e-04 -1.323188e-04 6.117799e-04
1.509437 advM 0.000000e+00 2.545523e-04 -5.131376e-04 -1.018210e-03 -1.355193e-03 -1.235372e-03 -4.891412e-04 6.775738e-04 1.522465e-03 1.395110e-03 6.058756e-04 -4.240163e-05 -2.301937e-04 1.131665e-03
1.509437 difM -1.727108e-03 -1.355251e-03 1.790064e-04 1.632940e-04 2.290946e-04 3.371651e-04 4.521370e-04 4.129633e-04 1.224122e-04 -1.951302e-04 -3.052165e-04 -2.118350e-04 -1.216561e-05 6.196443e-04
1.509437 cmpM 3.898222e-04 -1.335089e-04 1.695222e-04 1.051922e-04 9.012243e-06 -3.592592e-05 -4.857393e-05 -4.167743e-05 -3.169528e-05 -2.837089e-05 -1.851187e-05 -1.084351e-06 1.197823e-05 -4.024271e-05
1.610066 eK 0.000000e+00 1.357680e-03 3.451790e-03 4.794217e-03 5.468969e-03 5.763001e-03 5.805502e-03 5.673057e-03 5.445068e-03 5.169851e-03 4.852800e-03 4.488676e-03 4.082437e-03 2.048909e-02
1.610066 eM 5.423749e-03 9.670960e-03 7.924306e-03 6.511866e-03 5.430266e-03 4.673066e-03 4.246307e-03 4.108522e-03 4.100072e-03 4.010991e-03 3.750575e-03 3.358092e-03 2.911411e-03 1.801601e-02
1.610066 visc 4.240023e-03 3.576686e-03 1.691360e-03 1.353695e-03 1.214138e-03 1.012585e-03 8.281730e-04 7.074858e-04 6.362513e-04 5.858638e-04 5.498404e-04 5.326716e-04 5.334164e-04 4.289058e-03
1.610066 ohm 4.101207e-04 1.685392e-03 2.463365e-03 2.447654e-03 2.441125e-03 2.531232e-03 2.565026e-03 2.359780e-03 1.910524e-03 1.437816e-03 1.104366e-03 9.238007e-04 8.573130e-04 4.712186e-03
1.610066 S 3.630904e-47 -6.704467e-04 -1.476417e-03 -1.539138e-03 -1.425409e-03 -1.158540e-03 -8.855767e-04 -5.580653e-04 -1.761863e-04 8.315266e-05 1.475207e-04 1.015759e-04 2.195919e-05 -3.250481e-03
1.610066 lor 0.000000e+00 2.225874e-03 1.131716e-03 -5.668796e-04 -1.567898e-03 -1.586395e-03 -7.504915e-04 4.504846e-04 1.113018e-03 7.699214e-04 4.830667e-05 -2.532269e-04 1.823707e-06 1.117115e-02
1.610066 advK 0.000000e+00 2.796626e-04 2.739353e-04 -5.123496e-04 -8.748459e-04 -7.699419e-04 -5.084528e-04 -1.621111e-04 2.055646e-04 4.386720e-04 4.490534e-04 3.069621e-04 1.252932e-04 9.234422e-04
1.610066 pres 0.000000e+00 -6.257668e-04 -2.482782e-04 2.171997e-04 7.675320e-04 9.782248e-04 5.822946e-04 -1.645209e-04 -5.249544e-04 -7.464941e-05 7.023237e-04 1.103740e-03 9.759012e-04 -3.230263e-03
1.610066 difK 4.240023e-03 9.569924e-04 -1.925818e-03 -1.351118e-03 -6.527216e-04 -4.339031e-04 -3.271110e-04 -1.936147e-04 -1.164221e-04 -1.334777e-04 -1.728630e-04 -1.749366e-04 -1.280938e-04 6.554730e-04
1.610066 advM 0.000000e+00 2.637115e-04 -4.737338e-04 -9.611030e-04 -1.261131e-03 -1.031869e-03 -1.005065e-04 1.167475e-03 1.778086e-03 1.219273e-03 1.936888e-04 -4.262848e-04 -4.653706e-04 8.799829e-04
1.610066 difM -1.763313e-03 -1.440720e-03 1.920318e-04 2.401171e-04 3.428009e-04 4.829912e-04 5.373034e-04 2.987159e-04 -1.327994e-04 -3.495347e-04 -2.822111e-04 -1.255864e-04 3.258705e-05 5.249582e-04
1.610066 cmpM 3.303980e-04 -2.088016e-04 9.251623e-05 4.065195e-05 -3.525613e-05 -6.669184e-05 -7.132774e-05 -6.833865e-05 -7.445688e-05 -7.716609e-05 -5.571773e-05 -2.227345e-05 5.700586e-06 4.909049e-04
1.710695 eK 0.000000e+00 1.250761e-03 3.184586e-03 4.451817e-03 5.136904e-03 5.488756e-03 5.609285e-03 5.562084e-03 5.410902e-03 5.183310e-03 4.881182e-03 4.513881e-03 4.101878e-03 2.093313e-02
1.710695 eM 5.228669e-03 9.276344e-03 7.487239e-03 6.032604e-03 4.946790e-03 4.243650e-03 3.944732e-03 3.963234e-03 4.035036e-03 3.921612e-03 3.603887e-03 3.186226e-03 2.759449e-03 1.731399e-02
1.710695 visc 3.908035e-03 3.299532e-03 1.606481e-03 1.348651e-03 1.235149e-03 1.032683e-03 8.416298e-04 7.198544e-04 6.505278e-04 6.045527e-04 5.750972e-04 5.613873e-04 5.609944e-04 4.503869e-03
1.710695 ohm 4.007837e-04 1.639826e-03 2.437193e-03 2.488759e-03 2.559664e-03 2.704183e-03 2.702611e-03 2.369679e-03 1.839932e-03 1.401646e-03 1.136140e-03 9.850537e-04 9.014585e-04 4.697374e-03
1.710695 S -6.896034e-49 -6.898224e-04 -1.444538e-03 -1.458866e-03 -1.336266e-03 -1.124079e-03 -8.758926e-04 -4.940630e-04 -9.958974e-05 8.356712e-05 7.286931e-05 8.538202e-06 -3.883279e-05 -3.212135e-03
1.710695 lor 0.000000e+00 2.069614e-03 9.978130e-04 -5.837314e-04 -1.441722e-03 -1.246561e-03 -1.745794e-04 1.043789e-03 1.317153e-03 5.547859e-04 -2.908148e-04 -5.583239e-04 -2.438278e-04 1.056084e-02
1.710695 advK 0.000000e+00 2.528871e-04 2.570984e-04 -4.530413e-04 -8.306046e-04 -8.112917e-04 -5.906517e-04 -1.786698e-04 2.984731e-04 5.790251e-04 5.599992e-04 3.530968e-04 1.092879e-04 6.430036e-04
1.710695 pres 0.000000e+00 -5.379057e-04 -8.318590e-05 4.508640e-04 9.839677e-04 1.041261e-03 4.037227e-04 -4.458674e-04 -5.937387e-04 1.232490e-04 9.336906e-04 1.224031e-03 9.711602e-04 -4.778066e-03
1.710695 difK 3.908035e-03 8.773760e-04 -1.733375e-03 -1.173495e-03 -5.590319e-04 -4.063054e-04 -3.354875e-04 -2.319341e-04 -1.895968e-04 -2.069128e-04 -2.098713e-04 -1.750949e-04 -1.144985e-04 6.920526e-04
1.710695 advM 0.000000e+00 2.542415e-04 -4.731091e-04 -9.562039e-04 -1.196802e-03 -8.057294e-04 3.469701e-04 1.634933e-03 1.861169e-03 9.151851e-04 -1.786476e-04 -7.131077e-04 -6.576044e-04 7.294559e-04
1.710695 difM -1.786021e-03 -1.521551e-03 1.886984e-04 3.139005e-04 4.664236e-04 6.417809e-04 5.915361e-04 1.077365e-04 -3.954342e-04 -4.469611e-04 -2.220823e-04 -2.470181e-05 8.396447e-05 3.996626e-04
1.710695 cmpM 3.941008e-04 -4.344915e-05 2.121155e-04 1.416048e-04 4.213575e-05 -1.156251e-05 -1.838139e-05 -4.744748e-06 -6.736239e-07 5.882023e-06 2.217056e-05 3.289224e-05 3.203069e-05 -3.498117e-04
1.811325 eK 0.000000e+00 1.151030e-03 2.932132e-03 4.127259e-03 4.817695e-03 5.218605e-03 5.411952e-03 5.452169e-03 5.380662e-03 5.199721e-03 4.909487e-03 4.536272e-03 4.115315e-03 2.127537e-02
1.811325 eM 5.035668e-03 8.891668e-03 7.068793e-03 5.573516e-03 4.484373e-03 3.843277e-03 3.683099e-03 3.842186e-03 3.952271e-03 3.793778e-03 3.426713e-03 2.994702e-03 2.592319e-03 1.657207e-02
1.811325 visc 3.605564e-03 3.039699e-03 1.529958e-03 1.333232e-03 1.242478e-03 1.044535e-03 8.546351e-04 7.341871e-04 6.634917e-04 6.195410e-04 5.954848e-04 5.839525e-04 5.810762e-04 4.668634e-03
1.811325 ohm 3.911667e-04 1.590074e-03 2.403426e-03 2.525371e-03 2.671970e-03 2.853509e-03 2.773106e-03 2.298540e-03 1.733359e-03 1.357999e-03 1.156803e-03 1.034650e-03 9.410726e-04 4.654877e-03
1.811325 S 1.836070e-50 -7.342084e-04 -1.420410e-03 -1.384764e-03 -1.257637e-03 -1.092581e-03 -8.340933e-04 -3.979263e-04 -4.085262e-05 6.011534e-05 1.234456e-05 -4.305316e-05 -5.827903e-05 -3.186614e-03
1.811325 lor 0.000000e+00 1.980127e-03 9.533395e-04 -5.050683e-04 -1.191869e-03 -7.926795e-04 4.256751e-04 1.469191e-03 1.284872e-03 3.216756e-04 -4.039993e-04 -5.587536e-04 -2.589089e-04 9.128744e-03
1.811325 advK 0.000000e+00 2.057494e-04 1.956547e-04 -4.519820e-04 -8.544055e-04 -9.201624e-04 -7.340576e-04 -2.708510e-04 2.682024e-04 5.640715e-04 5.362677e-04 3.143357e-04 4.948784e-05 1.013237e-03
1.811325 pres 0.000000e+00 -4.383507e-04 -2.124760e-04 4.679446e-05 3.942506e-04 3.266511e-04 -3.523539e-04 -9.680659e-04 -6.362509e-04 3.652681e-04 1.159205e-03 1.404183e-03 1.195209e-03 -1.789815e-03
1.811325 difK 3.605564e-03 7.940666e-04 -1.546254e-03 -1.015430e-03 -4.770155e-04 -3.724374e-04 -3.255837e-04 -2.645942e-04 -2.689137e-04 -2.851011e-04 -2.473683e-04 -1.765905e-04 -9.943552e-05 7.397535e-04
1.811325 advM 0.000000e+00 2.739100e-04 -4.148057e-04 -8.800929e-04 -1.035270e-03 -4.868457e-04 8.037567e-04 1.900686e-03 1.647782e-03 5.168991e-04 -4.130815e-04 -7.843918e-04 -6.935774e-04 4.204312e-04
1.811325 difM -1.795167e-03 -1.595260e-03 1.719586e-04 3.876152e-04 6.019516e-04 8.015750e-04 5.807377e-04 -1.443038e-04 -6.030264e-04 -4.700447e-04 -1.501404e-04 6.196728e-05 1.355332e-04 2.580507e-04
1.811325 cmpM 2.371164e-04 -2.698016e-04 1.939833e-05 5.757067e-06 -4.493988e-05 -6.635571e-05 -5.595975e-05 -4.430616e-05 -3.761860e-05 -1.165629e-05 2.513948e-05 5.150730e-05 6.437387e-05 4.386548e-04
1.911954 eK 0.000000e+00 1.051688e-03 2.697081e-03 3.835130e-03 4.530719e-03 4.971216e-03 5.231137e-03 5.356758e-03 5.361059e-03 5.220916e-03 4.939827e-03 4.559090e-03 4.125785e-03 2.150521e-02
1.911954 eM 4.829030e-03 8.489477e-03 6.650214e-03 5.126908e-03 4.043801e-03 3.477222e-03 3.459575e-03 3.726016e-03 3.834834e-03 3.629759e-03 3.234721e-03 2.803865e-03 2.427024e-03 1.584147e-02
1.911954 visc 3.279826e-03 2.799819e-03 1.452985e-03 1.307167e-03 1.235548e-03 1.048522e-03 8.685521e-04 7.512484e-04 6.767042e-04 6.329732e-04 6.121148e-04 6.011226e-04 5.954100e-04 4.796388e-03
1.911954 ohm 3.795723e-04 1.528073e-03 2.349574e-03 2.542362e-03 2.757794e-03 2.947653e-03 2.747877e-03 2.153611e-03 1.608010e-03 1.305819e-03 1.154517e-03 1.057143e-03 9.654428e-04 4.597050e-03
1.911954 S -1.085946e-51 -6.437739e-04 -1.295806e-03 -1.236604e-03 -1.134088e-03 -1.018309e-03 -7.275076e-04 -2.758352e-04 -1.065267e-05 9.824998e-06 -5.318368e-05 -9.009584e-05 -8.220532e-05 -2.849450e-03
1.911954 lor 0.000000e+00 1.788142e-03 8.078255e-04 -5.314772e-04 -1.035751e-03 -4.109216e-04 9.377832e-04 1.707699e-03 1.097655e-03 7.279185e-05 -4.703925e-04 -5.055558e-04 -2.487782e-04 7.732210e-03
1.911954 advK 0.000000e+00 1.899956e-04 2.163940e-04 -3.384122e-04 -7.510760e-04 -8.925667e-04 -7.427891e-04 -2.630008e-04 2.753416e-04 5.461306e-04 5.158744e-04 3.068265e-04 4.361502e-05 1.025843e-03
1.911954 pres 0.000000e+00 -4.204732e-04 9.065398e-05 5.757383e-04 8.483063e-04 5.244837e-04 -3.857837e-04 -9.326282e-04 -3.884666e-04 5.405413e-04 1.056449e-03 1.108947e-03 8.797782e-04 -3.497099e-03
1.911954 difK 3.279826e-03 7.649253e-04 -1.359286e-03 -8.869398e-04 -4.142078e-04 -3.319079e-04 -3.043769e-04 -2.979619e-04 -3.508901e-04 -3.565638e-04 -2.826802e-04 -1.816966e-04 -8.887735e-05 7.937106e-04
1.911954 advM 0.000000e+00 2.757040e-04 -4.010638e-04 -8.449478e-04 -8.883822e-04 -1.518561e-04 1.256133e-03 2.046053e-03 1.342514e-03 1.665779e-04 -5.437624e-04 -7.519796e-04 -6.553695e-04 9.010337e-05
1.911954 difM -1.787331e-03 -1.652673e-03 1.496003e-04 4.591158e-04 7.440018e-04 9.405227e-04 4.849628e-04 -4.058319e-04 -7.132204e-04 -4.303789e-04 -8.485603e-05 1.173443e-04 1.764481e-04 1.203448e-04
1.911954 cmpM 2.936078e-04 -1.577065e-04 8.242902e-05 4.960304e-05 -1.121374e-05 -3.904045e-05 -4.393087e-05 -5.924488e-05 -6.701145e-05 -4.326358e-05 -8.056486e-06 1.670248e-05 3.011006e-05 1.281000e-04
2.000311 eK 0.000000e+00 9.682864e-04 2.508624e-03 3.605247e-03 4.304241e-03 4.774214e-03 5.088113e-03 5.283208e-03 5.344523e-03 5.232329e-03 4.957125e-03 4.571080e-03 4.127191e-03 2.154905e-02
2.000311 eM 4.655509e-03 8.155381e-03 6.306108e-03 4.759444e-03 3.686712e-03 3.198045e-03 3.304706e-03 3.630160e-03 3.708608e-03 3.464072e-03 3.058444e-03 2.638998e-03 2.285001e-03 1.515351e-02
2.000311 visc 3.000497e-03 2.607400e-03 1.394511e-03 1.278335e-03 1.220582e-03 1.046993e-03 8.815489e-04 7.677599e-04 6.890291e-04 6.448767e-04 6.251134e-04 6.135258e-04 6.058162e-04 4.873681e-03
2.000311 ohm 3.695312e-04 1.474505e-03 2.303246e-03 2.558600e-03 2.825438e-03 2.988148e-03 2.650884e-03 1.982477e-03 1.488130e-03 1.247030e-03 1.127530e-03 1.046584e-03 9.629770e-04 4.498371e-03
2.000311 S -1.542765e-53 -5.821852e-04 -1.164018e-03 -1.082750e-03 -1.003188e-03 -9.107982e-04 -5.831123e-04 -1.726235e-04 -1.648919e-05 -4.817891e-05 -1.058464e-04 -1.201944e-04 -9.822957e-05 -2.625888e-03
2.000311 lor 0.000000e+00 1.619745e-03 6.593793e-04 -5.845098e-04 -9.095042e-04 -5.585337e-05 1.365821e-03 1.790195e-03 8.554765e-04 -1.328089e-04 -5.022051e-04 -4.255971e-04 -1.794776e-04 6.476451e-03
2.000311 advK 0.000000e+00 1.703610e-04 2.246343e-04 -2.476760e-04 -6.598903e-04 -8.426829e-04 -7.057075e-04 -2.314768e-04 2.565313e-04 4.754579e-04 4.436655e-04 2.676110e-04 3.693174e-05 1.072647e-03
2.000311 pres 0.000000e+00 -5.406874e-04 -1.585209e-04 3.004691e-04 5.455551e-04 1.551246e-04 -7.367764e-04 -9.546180e-04 -7.568603e-05 8.611549e-04 1.231913e-03 1.187472e-03 9.602689e-04 -3.060462e-03
2.000311 difK 3.000497e-03 7.599869e-04 -1.206068e-03 -7.944652e-04 -3.685078e-04 -2.940441e-04 -2.842690e-04 -3.319491e-04 -4.175070e-04 -4.070585e-04 -3.068827e-04 -1.884780e-04 -8.426077e-05 8.435436e-04
2.000311 advM 0.000000e+00 2.607169e-04 -4.174102e-04 -8.396566e-04 -7.545276e-04 1.841426e-04 1.646447e-03 2.049767e-03 9.983258e-04 -1.308704e-04 -6.427322e-04 -7.044830e-04 -5.734891e-04 -1.720364e-04
2.000311 difM -1.772621e-03 -1.699207e-03 1.244370e-04 5.299686e-04 8.827737e-04 1.032625e-03 3.251449e-04 -6.135299e-04 -7.308637e-04 -3.593183e-04 -3.042735e-05 1.454177e-04 1.968515e-04 1.776982e-05
2.000311 cmpM 3.608282e-04 -2.310621e-05 1.520267e-04 7.463166e-05 -1.345108e-05 -4.075980e-05 -3.509771e-05 -4.400114e-05 -4.668195e-05 -2.751431e-05 -4.347452e-06 7.489732e-06 1.019818e-05 -1.456381e-04
