# tg_mhd (Kokkos FP64)  tgc_noslip_cond_n65_re200_drive0.1_bdrive0.1  N=65 L=65 Re=200 Pm=1 u0=0.05 nu_lat=5.092958e-03 eta_lat=5.092958e-03 tau_f=0.515279 tau_m=0.520372 dt=2.454369e-03 fw=profile
# t E_V E_M E_T H_C Omega_V Omega_M eps EM/EV OmM/OmV j_max w_max skew divb/j divb_wall/j mass_drift umax_lat fw1 fw2 fw4 tau_wall
0.000000 1.17324032e-01 1.25000000e-01 2.42324032e-01 -4.22398500e-20 8.97808147e+00 1.49518705e+00 1.04732685e-01 1.065425e+00 1.665375e-01 3.458540e+00 3.052091e+01 2.442145e-18 9.0235e-16 1.3357e-15 +0.0000e+00 0.04988 8.28808e-01 8.54071e-01 8.87498e-01 7.14909e-02
0.100629 1.10314083e-01 1.25741195e-01 2.36055278e-01 -5.57747972e-05 4.54947241e+00 1.52480653e+00 6.07427894e-02 1.139847e+00 3.351612e-01 3.533868e+00 2.002628e+01 1.077534e-01 2.6252e-03 6.6575e-03 -1.0418e-05 0.05130 6.80570e-01 7.43320e-01 7.99863e-01 4.29456e-02
0.201258 1.07689716e-01 1.26962871e-01 2.34652587e-01 -1.35350804e-04 3.61754176e+00 1.58917933e+00 5.20672109e-02 1.178969e+00 4.392981e-01 3.681909e+00 1.688433e+01 4.104871e-02 4.1192e-03 9.6602e-03 -5.3352e-05 0.05008 5.98181e-01 6.87459e-01 7.54963e-01 3.53864e-02
0.301887 1.05683287e-01 1.28381063e-01 2.34064351e-01 -2.29257780e-04 3.13221420e+00 1.67680839e+00 4.80902260e-02 1.214772e+00 5.353428e-01 3.869985e+00 1.536273e+01 2.069576e-01 5.1014e-03 1.1587e-02 -4.2460e-05 0.04958 5.31657e-01 6.40305e-01 7.18581e-01 3.08538e-02
0.402517 1.03752014e-01 1.29486461e-01 2.33238475e-01 -3.36300233e-04 2.86162932e+00 1.77893998e+00 4.64056930e-02 1.248038e+00 6.216528e-01 4.139499e+00 1.500144e+01 1.934295e-01 5.8129e-03 1.3129e-02 +8.0686e-06 0.04913 4.79135e-01 5.99733e-01 6.89052e-01 2.78356e-02
0.503146 1.02311737e-01 1.30237146e-01 2.32548883e-01 -4.03226535e-04 2.66733046e+00 1.89257986e+00 4.55991032e-02 1.272944e+00 7.095408e-01 4.405345e+00 1.408278e+01 1.880174e-01 6.3233e-03 1.4408e-02 -6.4594e-05 0.04816 4.31169e-01 5.58892e-01 6.59854e-01 2.57677e-02
0.603775 1.00898425e-01 1.30794876e-01 2.31693301e-01 -4.89119166e-04 2.56242875e+00 2.02080949e+00 4.58323824e-02 1.296302e+00 7.886305e-01 4.630794e+00 1.383308e+01 2.954273e-01 6.7429e-03 1.5495e-02 -7.1350e-05 0.04855 3.92251e-01 5.22804e-01 6.34996e-01 2.40990e-02
0.704404 9.95411391e-02 1.31097639e-01 2.30638778e-01 -4.92606706e-04 2.50755167e+00 2.16360870e+00 4.67116037e-02 1.317020e+00 8.628371e-01 4.827072e+00 1.357175e+01 2.981336e-01 7.1501e-03 1.6460e-02 -1.8580e-05 0.04782 3.59091e-01 4.89677e-01 6.12655e-01 2.29815e-02
0.805033 9.85446857e-02 1.30848637e-01 2.29393322e-01 -4.56094312e-04 2.46643735e+00 2.31274098e+00 4.77917833e-02 1.327810e+00 9.376849e-01 5.003582e+00 1.363184e+01 3.322539e-01 7.5834e-03 1.7311e-02 -6.6998e-05 0.04772 3.26911e-01 4.56006e-01 5.89210e-01 2.17864e-02
0.905662 9.75662547e-02 1.30065992e-01 2.27632247e-01 -3.44214151e-04 2.46512438e+00 2.47280478e+00 4.93792916e-02 1.333104e+00 1.003116e+00 5.326954e+00 1.393252e+01 3.859826e-01 8.1269e-03 1.8024e-02 -7.1115e-05 0.04797 3.00139e-01 4.26294e-01 5.68474e-01 2.10286e-02
0.998928 9.68636121e-02 1.28929252e-01 2.25792864e-01 -1.51911935e-04 2.48487075e+00 2.62687434e+00 5.11174509e-02 1.331039e+00 1.057147e+00 5.751246e+00 1.400778e+01 3.850982e-01 8.7891e-03 1.8604e-02 -5.2170e-05 0.04743 2.78186e-01 4.00990e-01 5.50539e-01 2.05361e-02
