# tg_mhd (Kokkos FP64)  tgc_noslip_cond_n65_re200_drive0.1_bdrive0.1  N=65 Re=200 h=4.90873852e-02 delta=7.07106781e-02 delta/h=1.440506 layers=33 written=13
# THE ENERGY BUDGET against wall distance. Per probe, one row per term: t, the term,
# its contribution to the BOX MEAN from each of the layers 0..12 (layer k: the nodes
# k cells from the nearest wall, the slab [(k-1/2)h, (k+1/2)h]) and from the rest of
# the box beyond them, so a row sums to the box average. Paper units: energies in
# v0^2, rates in k0 v0^3. With eK = |u|^2/2 and eM = |B|^2/2,
#   d eK/dt = lor + advK + pres + difK + injK - visc   (injK = u.F, -drive only)
#   d eM/dt = S + advM + difM + cmpM + injM - ohm   (injM = B.S, -bdrive only)
# lor = u.(j x B); S = B_i B_j d_j u_i; advK, advM = -u.grad eK, -u.grad eM;
# pres = -u.grad p, p = cs^2 rho/u0^2; difK = nu div(u x w); difM = eta div(B x j);
# cmpM = -|B|^2 div u + (u.B) div B; visc = nu |w|^2; ohm = eta |j|^2. The scheme is
# weakly compressible, so a layer's terms close only to a residual.
# row 'vol': each column's share of the volume
# vol 4.614639e-02 8.798981e-02 8.240509e-02 7.700348e-02 7.178497e-02 6.674957e-02 6.189728e-02 5.722809e-02 5.274200e-02 4.843903e-02 4.431915e-02 4.038239e-02 3.662872e-02 2.262840e-01
0.000000 eK 0.000000e+00 1.462980e-02 1.359899e-02 1.253762e-02 1.145423e-02 1.036000e-02 9.267507e-03 8.190876e-03 7.145407e-03 6.146314e-03 5.207231e-03 4.339854e-03 3.553349e-03 1.089286e-02
0.000000 eM 7.690430e-03 1.457408e-02 1.338369e-02 1.208131e-02 1.070971e-02 9.321080e-03 7.969594e-03 6.704463e-03 5.564889e-03 4.577602e-03 3.756828e-03 3.105823e-03 2.618881e-03 2.294163e-02
0.000000 visc 7.067139e-02 1.571374e-02 2.356655e-04 2.366815e-04 2.371504e-04 2.366079e-04 2.346596e-04 2.309378e-04 2.251544e-04 2.171861e-04 2.070387e-04 1.948173e-04 1.807391e-04 9.590461e-04
0.000000 ohm 4.672460e-04 9.417924e-04 9.579691e-04 9.742955e-04 9.834437e-04 9.803562e-04 9.627431e-04 9.310700e-04 8.880203e-04 8.375489e-04 7.837575e-04 7.298675e-04 6.775482e-04 3.836212e-03
0.000000 S -2.074605e-35 3.171790e-20 2.923872e-20 -6.166725e-20 -6.556107e-21 1.132775e-20 1.942736e-20 9.609576e-21 4.432421e-21 9.016065e-21 -3.157818e-20 6.500435e-21 1.890395e-20 4.130595e-21
0.000000 lor 0.000000e+00 6.269314e-20 -2.004130e-20 1.064769e-19 -1.209061e-20 2.284827e-20 -2.245507e-20 -3.201199e-21 5.450368e-20 -8.836875e-21 -1.274979e-20 1.523716e-20 -1.531332e-20 1.404155e-20
0.000000 advK 0.000000e+00 1.682154e-21 -8.028874e-20 4.400627e-20 4.119759e-20 1.336548e-20 -1.236312e-20 -2.805006e-20 -2.708589e-20 -6.008100e-21 -2.064879e-20 2.146122e-20 2.289483e-20 -3.708131e-20
0.000000 pres 0.000000e+00 -1.499665e-18 -1.111057e-18 6.550668e-18 -1.248204e-19 -4.429203e-18 -9.963533e-19 2.522500e-18 3.024555e-18 -5.400991e-19 -1.629431e-18 -7.820248e-19 -3.496357e-18 2.511104e-18
0.000000 difK 7.067139e-02 -4.746853e-02 -1.722223e-04 -1.386952e-04 -1.053266e-04 -7.413158e-05 -4.428604e-05 -1.550869e-05 1.082540e-05 3.283368e-05 5.085314e-05 6.464782e-05 7.416002e-05 6.323259e-04
0.000000 advM 0.000000e+00 1.804976e-21 1.865682e-20 -1.668197e-20 -2.726830e-20 4.088579e-20 -6.194041e-21 1.882410e-20 -3.388938e-21 1.652791e-20 -2.313248e-21 -2.424408e-20 3.693602e-21 1.159140e-20
0.000000 difM -4.548646e-04 -8.056925e-04 -6.467843e-04 -4.742971e-04 -3.006896e-04 -1.372754e-04 7.159739e-06 1.271805e-04 2.207698e-04 2.886778e-04 3.333001e-04 3.574680e-04 3.635348e-04 1.085427e-03
0.000000 cmpM 3.171287e-20 -7.175158e-21 -2.065505e-20 -6.432873e-20 1.894180e-20 1.202605e-19 -2.103606e-20 -1.298099e-20 2.914939e-20 -2.900424e-20 2.734903e-20 -2.593065e-20 9.967064e-22 -3.332674e-20
0.000000 injK 0.000000e+00 0.000000e+00 0.000000e+00 0.000000e+00 2.627508e-04 9.230438e-04 1.509539e-03 1.633636e-03 1.428906e-03 1.229112e-03 1.041318e-03 8.678644e-04 7.105825e-04 2.178305e-03
0.000000 injM 0.000000e+00 0.000000e+00 0.000000e+00 0.000000e+00 2.215772e-03 4.561049e-03 4.738125e-03 2.635707e-03 1.927734e-03 1.585728e-03 1.301403e-03 1.075889e-03 9.072069e-04 7.947214e-03
0.100629 eK 0.000000e+00 7.232135e-03 1.335876e-02 1.266338e-02 1.140254e-02 1.037144e-02 9.323084e-03 8.261899e-03 7.211139e-03 6.203206e-03 5.257491e-03 4.384236e-03 3.591918e-03 1.105285e-02
0.100629 eM 7.589190e-03 1.432048e-02 1.313057e-02 1.191649e-02 1.075375e-02 9.584689e-03 8.261549e-03 6.889534e-03 5.679286e-03 4.670249e-03 3.834162e-03 3.168762e-03 2.669280e-03 2.327320e-02
0.100629 visc 2.588261e-02 1.492102e-02 1.427086e-03 2.404136e-04 2.443208e-04 2.403407e-04 2.417517e-04 2.403397e-04 2.350502e-04 2.259724e-04 2.142508e-04 2.005958e-04 1.853971e-04 9.955837e-04
0.100629 ohm 4.627129e-04 1.021896e-03 9.852237e-04 9.427107e-04 9.305045e-04 9.585226e-04 1.012112e-03 1.002936e-03 9.290423e-04 8.576274e-04 8.006144e-04 7.457855e-04 6.925531e-04 3.905824e-03
0.100629 S -1.904177e-23 9.577891e-04 3.348531e-04 5.472414e-04 5.013079e-04 3.813403e-04 3.183508e-04 3.318363e-04 3.135283e-04 2.420621e-04 1.712173e-04 1.118025e-04 5.993309e-05 3.773094e-04
0.100629 lor 0.000000e+00 2.223163e-04 -1.219574e-03 -1.418833e-03 -9.134244e-04 -1.064512e-03 -1.060010e-03 -8.896551e-04 -6.777463e-04 -4.451009e-04 -2.224363e-04 -3.694715e-05 9.548820e-05 1.495553e-03
0.100629 advK 0.000000e+00 4.744579e-04 3.056222e-04 5.188946e-05 6.588161e-05 4.715936e-05 1.418559e-05 -1.232785e-05 -2.791802e-05 -3.091428e-05 -2.546243e-05 -1.443640e-05 -1.967636e-06 2.084498e-05
0.100629 pres 0.000000e+00 7.524839e-04 2.247207e-04 1.345607e-04 2.265377e-04 2.694218e-04 2.759516e-04 2.539233e-04 2.333739e-04 2.105279e-04 1.771606e-04 1.428327e-04 1.147999e-04 1.088254e-03
0.100629 difK 2.588261e-02 -4.311919e-03 -1.455508e-02 -1.249122e-03 3.411200e-04 -1.174987e-04 -1.046366e-04 -6.037559e-05 -7.621671e-08 3.472712e-05 5.089921e-05 6.359693e-05 7.248213e-05 6.384162e-04
0.100629 advM 0.000000e+00 1.959456e-04 -3.237474e-04 -3.720803e-04 -3.705833e-04 -3.887811e-04 -3.596187e-04 -2.542802e-04 -1.365678e-04 -3.552544e-05 4.962322e-05 1.101151e-04 1.428832e-04 2.647648e-04
0.100629 difM -6.154580e-04 -7.137895e-04 -4.809147e-04 -2.291084e-04 -2.860826e-04 -5.295710e-04 -2.647905e-04 2.042915e-04 3.216743e-04 3.016004e-04 3.357086e-04 3.624322e-04 3.700470e-04 1.111769e-03
0.100629 cmpM 1.192628e-03 7.633666e-04 9.790840e-04 6.249450e-04 4.855090e-04 3.242070e-04 1.853827e-04 7.122411e-05 -6.312433e-06 -5.534309e-05 -8.471590e-05 -1.043136e-04 -1.197690e-04 -9.810042e-04
0.100629 injK 0.000000e+00 0.000000e+00 0.000000e+00 0.000000e+00 2.617006e-04 9.219373e-04 1.511305e-03 1.637613e-03 1.432624e-03 1.232179e-03 1.043955e-03 8.701592e-04 7.125537e-04 2.183139e-03
0.100629 injM 0.000000e+00 0.000000e+00 0.000000e+00 0.000000e+00 2.206870e-03 4.604075e-03 4.798977e-03 2.652000e-03 1.933187e-03 1.590835e-03 1.306754e-03 1.081141e-03 9.121296e-04 7.995871e-03
0.201258 eK 0.000000e+00 5.351807e-03 1.166053e-02 1.244063e-02 1.137946e-02 1.034885e-02 9.358148e-03 8.336558e-03 7.304221e-03 6.307000e-03 5.367817e-03 4.496710e-03 3.700942e-03 1.163704e-02
0.201258 eM 7.496652e-03 1.407987e-02 1.289914e-02 1.179826e-02 1.082098e-02 9.817102e-03 8.541007e-03 7.122705e-03 5.859289e-03 4.820263e-03 3.964566e-03 3.279180e-03 2.758449e-03 2.370540e-02
0.201258 visc 1.750683e-02 1.284564e-02 2.251028e-03 2.856861e-04 2.594713e-04 2.645993e-04 2.683092e-04 2.669140e-04 2.591962e-04 2.461627e-04 2.301382e-04 2.127259e-04 1.947537e-04 1.083960e-03
0.201258 ohm 4.602932e-04 1.166494e-03 1.092681e-03 9.507629e-04 9.153505e-04 9.626505e-04 1.057148e-03 1.069094e-03 9.835156e-04 8.951098e-04 8.295193e-04 7.718750e-04 7.173449e-04 4.019954e-03
0.201258 S 2.737810e-25 8.130510e-05 -2.624489e-04 1.322337e-04 1.961214e-04 2.361244e-05 -8.074702e-06 1.743773e-04 2.740368e-04 2.068889e-04 9.466144e-05 -1.412663e-05 -1.214719e-04 -1.708913e-03
0.201258 lor 0.000000e+00 1.214409e-03 -5.519943e-04 -1.743576e-03 -1.071630e-03 -8.098032e-04 -6.981050e-04 -3.995014e-04 -1.042913e-04 1.714744e-04 4.262212e-04 6.077080e-04 6.920531e-04 3.803134e-03
0.201258 advK 0.000000e+00 -2.114162e-05 -1.881786e-04 -8.475576e-05 4.344604e-05 2.014968e-06 -8.302868e-05 -1.225694e-04 -1.218116e-04 -9.766997e-05 -5.611491e-05 -6.276440e-06 4.086902e-05 3.177278e-04
0.201258 pres 0.000000e+00 8.623615e-04 7.048042e-04 5.552562e-04 5.364699e-04 4.058545e-04 1.093553e-04 -1.657956e-04 -3.132049e-04 -4.261379e-04 -5.457597e-04 -6.291083e-04 -6.467261e-04 -6.091807e-04
0.201258 difK 1.750683e-02 1.139436e-03 -1.166355e-02 -3.724020e-03 -3.895889e-05 -1.307310e-06 -1.296163e-04 -9.124232e-05 -4.645003e-06 3.621561e-05 5.047371e-05 5.805294e-05 6.467941e-05 6.303355e-04
0.201258 advM 0.000000e+00 7.231472e-05 -5.001702e-04 -5.885055e-04 -5.531756e-04 -4.702913e-04 -2.379826e-04 7.693561e-05 3.047735e-04 4.452462e-04 5.371751e-04 5.709111e-04 5.438043e-04 3.432916e-04
0.201258 difM -7.957462e-04 -6.037753e-04 -2.939471e-04 -9.044337e-05 -3.351992e-04 -7.741089e-04 -4.515184e-04 1.950409e-04 3.729475e-04 3.270822e-04 3.398707e-04 3.647024e-04 3.764130e-04 1.155620e-03
0.201258 cmpM 2.251908e-04 -8.585865e-04 -3.031109e-04 -4.051147e-04 -3.148013e-04 -2.015577e-04 -1.044700e-04 -3.225463e-05 1.593478e-05 5.121416e-05 7.079447e-05 7.862044e-05 7.873314e-05 1.061989e-03
0.201258 injK 0.000000e+00 0.000000e+00 0.000000e+00 0.000000e+00 2.607901e-04 9.187564e-04 1.510397e-03 1.640604e-03 1.437550e-03 1.238166e-03 1.050607e-03 8.771524e-04 7.194482e-04 2.208775e-03
0.201258 injM 0.000000e+00 0.000000e+00 0.000000e+00 0.000000e+00 2.162906e-03 4.559643e-03 4.773683e-03 2.636634e-03 1.921653e-03 1.584028e-03 1.305019e-03 1.082888e-03 9.156661e-04 8.042735e-03
0.301887 eK 0.000000e+00 4.299220e-03 1.026144e-02 1.193053e-02 1.129166e-02 1.031912e-02 9.349239e-03 8.351915e-03 7.342059e-03 6.363984e-03 5.442963e-03 4.586667e-03 3.800776e-03 1.234371e-02
0.301887 eM 7.412359e-03 1.387559e-02 1.271768e-02 1.172424e-02 1.088780e-02 9.998220e-03 8.768890e-03 7.344168e-03 6.055644e-03 4.993541e-03 4.119434e-03 3.414771e-03 2.871233e-03 2.419750e-02
0.301887 visc 1.332964e-02 1.120709e-02 2.692699e-03 4.106486e-04 2.817824e-04 3.035338e-04 3.130254e-04 3.083828e-04 2.947564e-04 2.746586e-04 2.517523e-04 2.287916e-04 2.071083e-04 1.218273e-03
0.301887 ohm 4.595741e-04 1.316258e-03 1.248708e-03 1.002527e-03 9.384597e-04 9.935572e-04 1.107660e-03 1.131016e-03 1.041430e-03 9.422806e-04 8.668389e-04 8.034385e-04 7.463421e-04 4.169992e-03
0.301887 S -5.901105e-27 -1.434092e-04 -1.526255e-04 1.982879e-04 1.651829e-04 -1.527392e-04 -2.312376e-04 4.061778e-05 2.280475e-04 1.777677e-04 3.482406e-05 -1.139126e-04 -2.588105e-04 -2.668427e-03
0.301887 lor 0.000000e+00 1.657421e-03 -1.837557e-04 -2.205068e-03 -1.986685e-03 -1.456697e-03 -1.124176e-03 -6.648204e-04 -1.877692e-04 2.603792e-04 6.600159e-04 9.535792e-04 1.106844e-03 7.511570e-03
0.301887 advK 0.000000e+00 -7.008939e-05 -1.918315e-04 -1.550575e-04 2.061854e-05 5.156352e-05 -5.277889e-05 -1.297632e-04 -1.404084e-04 -1.133770e-04 -6.336774e-05 6.719487e-07 6.293917e-05 3.287694e-04
0.301887 pres 0.000000e+00 -8.085148e-04 -1.077340e-03 -8.022150e-04 -1.858828e-04 2.655797e-04 3.905089e-04 3.020623e-04 2.045997e-04 9.002335e-05 -7.112469e-05 -2.251800e-04 -3.169747e-04 -9.756253e-04
0.301887 difK 1.332964e-02 2.979599e-03 -8.968273e-03 -4.597569e-03 -7.101667e-04 -6.195047e-05 -1.183781e-04 -8.983670e-05 -4.010893e-06 4.191026e-05 4.990764e-05 5.242172e-05 5.359831e-05 6.109337e-04
0.301887 advM 0.000000e+00 -3.143630e-05 -6.484337e-04 -8.173341e-04 -8.754058e-04 -8.164529e-04 -5.109858e-04 -3.075593e-05 3.569880e-04 6.102807e-04 7.791907e-04 8.628389e-04 8.555550e-04 1.601024e-03
0.301887 difM -9.237024e-04 -5.051593e-04 -1.389022e-04 -3.881437e-05 -4.027000e-04 -9.190312e-04 -5.591773e-04 1.617721e-04 3.831954e-04 3.435739e-04 3.456548e-04 3.647140e-04 3.786943e-04 1.206388e-03
0.301887 cmpM 4.306704e-04 -5.044205e-04 -7.351205e-05 -2.536719e-04 -2.587028e-04 -1.895299e-04 -1.116868e-04 -6.229541e-05 -2.952914e-05 -6.805512e-06 3.981622e-06 3.302671e-06 -4.310846e-06 -1.061389e-03
0.301887 injK 0.000000e+00 0.000000e+00 0.000000e+00 0.000000e+00 2.583518e-04 9.123452e-04 1.501470e-03 1.633069e-03 1.433010e-03 1.236077e-03 1.050756e-03 8.792056e-04 7.229480e-04 2.233342e-03
0.301887 injM 0.000000e+00 0.000000e+00 0.000000e+00 0.000000e+00 2.083614e-03 4.431300e-03 4.660543e-03 2.581340e-03 1.886084e-03 1.559945e-03 1.291092e-03 1.076615e-03 9.142021e-04 8.076796e-03
0.402517 eK 0.000000e+00 3.659910e-03 9.135778e-03 1.126451e-02 1.103346e-02 1.019661e-02 9.266951e-03 8.300863e-03 7.326647e-03 6.385087e-03 5.495441e-03 4.664496e-03 3.896058e-03 1.312620e-02
0.402517 eM 7.327714e-03 1.368182e-02 1.255565e-02 1.166269e-02 1.092304e-02 1.010641e-02 8.921306e-03 7.517938e-03 6.232436e-03 5.162763e-03 4.277097e-03 3.556794e-03 2.991874e-03 2.456893e-02
0.402517 visc 1.108481e-02 9.913203e-03 2.867754e-03 5.561779e-04 3.237686e-04 3.552015e-04 3.721293e-04 3.620113e-04 3.386421e-04 3.085616e-04 2.768205e-04 2.473040e-04 2.216238e-04 1.388290e-03
0.402517 ohm 4.601098e-04 1.452652e-03 1.426820e-03 1.085971e-03 9.946184e-04 1.050833e-03 1.169742e-03 1.194411e-03 1.101808e-03 9.956330e-04 9.109789e-04 8.400828e-04 7.790328e-04 4.326707e-03
0.402517 S 1.384147e-28 5.747331e-04 5.789652e-04 8.133201e-04 5.714239e-04 6.639847e-05 -1.025636e-04 1.726730e-04 3.918754e-04 3.545293e-04 1.991534e-04 3.189655e-05 -1.229815e-04 -1.780445e-03
0.402517 lor 0.000000e+00 1.498924e-03 -1.995088e-04 -2.692751e-03 -3.196102e-03 -2.823490e-03 -2.351002e-03 -1.658813e-03 -8.991298e-04 -1.678677e-04 4.865824e-04 9.864053e-04 1.283109e-03 8.123132e-03
0.402517 advK 0.000000e+00 1.935824e-04 2.393092e-04 1.168496e-05 9.480311e-06 4.873171e-05 -4.893135e-05 -1.611635e-04 -2.022683e-04 -1.861069e-04 -1.307309e-04 -4.922912e-05 3.960453e-05 5.440068e-04
0.402517 pres 0.000000e+00 1.670320e-03 1.585535e-03 1.013454e-03 8.392639e-04 7.419678e-04 4.424919e-04 -3.019226e-05 -4.330263e-04 -7.228692e-04 -9.522806e-04 -1.102399e-03 -1.132591e-03 -2.033531e-03
0.402517 difK 1.108481e-02 3.366288e-03 -6.962848e-03 -4.672253e-03 -1.198214e-03 -2.160750e-04 -1.160378e-04 -6.800023e-05 1.037845e-05 4.356816e-05 4.639257e-05 4.115915e-05 3.858730e-05 5.900829e-04
0.402517 advM 0.000000e+00 1.877960e-05 -6.510746e-04 -9.102046e-04 -1.118752e-03 -1.196736e-03 -9.382284e-04 -3.714974e-04 1.652754e-04 5.565160e-04 8.363826e-04 1.001093e-03 1.036839e-03 1.536516e-03
0.402517 difM -1.018033e-03 -4.120591e-04 -5.401847e-06 -6.486995e-05 -4.681981e-04 -9.887070e-04 -6.079147e-04 1.290010e-04 3.698246e-04 3.449721e-04 3.468126e-04 3.618536e-04 3.766146e-04 1.253769e-03
0.402517 cmpM 7.314335e-04 -6.956132e-05 3.363846e-04 1.007330e-04 1.093126e-05 5.029246e-06 1.117737e-05 -1.871086e-06 -1.420240e-05 -1.601385e-05 -1.639592e-05 -1.741273e-05 -2.083883e-05 -3.612112e-04
0.402517 injK 0.000000e+00 0.000000e+00 0.000000e+00 0.000000e+00 2.538785e-04 9.009666e-04 1.484847e-03 1.616646e-03 1.420574e-03 1.227696e-03 1.046008e-03 8.776082e-04 7.237835e-04 2.250734e-03
0.402517 injM 0.000000e+00 0.000000e+00 0.000000e+00 0.000000e+00 1.972420e-03 4.225718e-03 4.465884e-03 2.485429e-03 1.823688e-03 1.515531e-03 1.261703e-03 1.058700e-03 9.040427e-04 8.062045e-03
0.503146 eK 0.000000e+00 3.173159e-03 8.178375e-03 1.052514e-02 1.063586e-02 9.981519e-03 9.141787e-03 8.238678e-03 7.322904e-03 6.434487e-03 5.588874e-03 4.789926e-03 4.042215e-03 1.425882e-02
0.503146 eM 7.186941e-03 1.340040e-02 1.232516e-02 1.153200e-02 1.086543e-02 1.010718e-02 8.986602e-03 7.643058e-03 6.395590e-03 5.344006e-03 4.463340e-03 3.736930e-03 3.154589e-03 2.509592e-02
0.503146 visc 9.454990e-03 8.811732e-03 2.895237e-03 6.931344e-04 3.867217e-04 4.198483e-04 4.411506e-04 4.228243e-04 3.872077e-04 3.453856e-04 3.041784e-04 2.683138e-04 2.392810e-04 1.603300e-03
0.503146 ohm 4.575842e-04 1.553262e-03 1.596465e-03 1.185250e-03 1.068889e-03 1.125197e-03 1.239692e-03 1.260324e-03 1.166328e-03 1.055950e-03 9.631634e-04 8.836878e-04 8.172455e-04 4.552758e-03
0.503146 S -4.057042e-30 5.531361e-04 6.425777e-04 8.604327e-04 4.761052e-04 -1.153312e-04 -2.932794e-04 2.800944e-05 3.122975e-04 3.330538e-04 2.143762e-04 7.095340e-05 -6.129871e-05 -1.296086e-03
0.503146 lor 0.000000e+00 1.700463e-03 2.495211e-04 -2.432740e-03 -3.591047e-03 -3.587007e-03 -3.090360e-03 -2.192333e-03 -1.195186e-03 -2.354519e-04 6.262716e-04 1.291528e-03 1.689207e-03 9.226723e-03
0.503146 advK 0.000000e+00 2.903746e-04 4.063034e-04 9.140583e-05 -3.978206e-06 7.321670e-06 -9.824632e-05 -2.263765e-04 -2.874790e-04 -2.808265e-04 -2.140356e-04 -1.033029e-04 2.239062e-05 8.861291e-04
0.503146 pres 0.000000e+00 7.531122e-04 7.876876e-04 7.354372e-04 9.319551e-04 1.089327e-03 9.909408e-04 6.670110e-04 3.390955e-04 1.966201e-05 -3.309993e-04 -6.449032e-04 -8.252656e-04 -1.058031e-03
0.503146 difK 9.454990e-03 3.410873e-03 -5.558201e-03 -4.426059e-03 -1.475789e-03 -3.510610e-04 -1.280550e-04 -4.645174e-05 2.275367e-05 4.332595e-05 3.422142e-05 2.426693e-05 1.716898e-05 5.584835e-04
0.503146 advM 0.000000e+00 2.818910e-05 -6.575454e-04 -9.779417e-04 -1.292038e-03 -1.460102e-03 -1.205997e-03 -5.498317e-04 1.115567e-04 6.288308e-04 1.020726e-03 1.268509e-03 1.341637e-03 1.686551e-03
0.503146 difM -1.066855e-03 -3.345541e-04 9.669189e-05 -1.345108e-04 -5.141935e-04 -9.874271e-04 -6.196957e-04 9.097607e-05 3.410834e-04 3.320395e-04 3.370255e-04 3.497753e-04 3.641291e-04 1.297478e-03
0.503146 cmpM 6.003309e-04 -2.173929e-04 2.045659e-04 -2.912848e-05 -1.438114e-04 -1.545492e-04 -1.400472e-04 -1.337857e-04 -1.132482e-04 -7.881171e-05 -4.316548e-05 -1.193901e-05 1.214368e-05 1.023284e-03
0.503146 injK 0.000000e+00 0.000000e+00 0.000000e+00 0.000000e+00 2.479807e-04 8.857829e-04 1.464480e-03 1.598094e-03 1.407762e-03 1.220196e-03 1.043151e-03 8.784534e-04 7.273834e-04 2.284085e-03
0.503146 injM 0.000000e+00 0.000000e+00 0.000000e+00 0.000000e+00 1.835386e-03 3.954987e-03 4.204397e-03 2.356971e-03 1.740606e-03 1.456716e-03 1.222765e-03 1.034756e-03 8.902489e-04 8.040148e-03
0.603775 eK 0.000000e+00 2.855358e-03 7.489924e-03 9.917630e-03 1.025455e-02 9.741838e-03 8.977246e-03 8.128139e-03 7.261797e-03 6.421714e-03 5.620882e-03 4.861136e-03 4.144778e-03 1.522344e-02
0.603775 eM 7.069590e-03 1.317250e-02 1.213584e-02 1.141117e-02 1.078169e-02 1.004723e-02 8.975290e-03 7.697087e-03 6.504435e-03 5.490468e-03 4.633777e-03 3.917565e-03 3.329560e-03 2.562867e-02
0.603775 visc 8.428523e-03 8.028365e-03 2.843494e-03 8.037842e-04 4.663763e-04 4.976181e-04 5.166236e-04 4.857957e-04 4.358153e-04 3.816211e-04 3.314383e-04 2.905305e-04 2.596497e-04 1.854653e-03
0.603775 ohm 4.570431e-04 1.639030e-03 1.762098e-03 1.303288e-03 1.165563e-03 1.224067e-03 1.331044e-03 1.342170e-03 1.244766e-03 1.129714e-03 1.026267e-03 9.335594e-04 8.574202e-04 4.792064e-03
0.603775 S 1.010610e-31 2.865276e-04 5.843325e-04 7.489080e-04 2.088108e-04 -4.537379e-04 -6.213023e-04 -2.653776e-04 5.911689e-05 1.258695e-04 5.355627e-05 -4.559645e-05 -1.362490e-04 -1.712564e-03
0.603775 lor 0.000000e+00 2.088350e-03 7.103181e-04 -2.062572e-03 -3.707620e-03 -4.092211e-03 -3.688976e-03 -2.697080e-03 -1.520072e-03 -3.498905e-04 7.296151e-04 1.581142e-03 2.103118e-03 1.294043e-02
0.603775 advK 0.000000e+00 1.473563e-04 2.872237e-04 4.946306e-05 -5.366933e-05 -5.085297e-05 -1.383544e-04 -2.402210e-04 -2.967292e-04 -3.019203e-04 -2.403928e-04 -1.227851e-04 1.330535e-05 7.724241e-04
0.603775 pres 0.000000e+00 -3.294290e-04 -1.427185e-04 1.881060e-04 6.890985e-04 1.081346e-03 1.139804e-03 8.667150e-04 4.778154e-04 1.998730e-05 -5.100802e-04 -9.873914e-04 -1.269072e-03 -4.326263e-03
0.603775 difK 8.428523e-03 3.302485e-03 -4.658342e-03 -4.149008e-03 -1.622856e-03 -4.453590e-04 -1.335064e-04 -2.901957e-05 3.637630e-05 4.394813e-05 2.556172e-05 8.270638e-06 -1.132433e-06 5.420617e-04
0.603775 advM 0.000000e+00 5.711791e-06 -6.956542e-04 -1.067530e-03 -1.463522e-03 -1.712165e-03 -1.505202e-03 -8.433014e-04 -1.152921e-04 5.194222e-04 1.057107e-03 1.437024e-03 1.595380e-03 3.307082e-03
0.603775 difM -1.093227e-03 -2.928275e-04 1.600618e-04 -2.140187e-04 -5.583820e-04 -9.500961e-04 -5.918704e-04 7.346148e-05 3.197573e-04 3.233708e-04 3.286520e-04 3.339010e-04 3.423970e-04 1.307777e-03
0.603775 cmpM 5.094022e-04 -2.562134e-04 1.751861e-04 4.843843e-05 1.486415e-05 5.828055e-05 8.998641e-05 7.312383e-05 4.779097e-05 2.664769e-05 4.600522e-06 -1.558452e-05 -3.508298e-05 -1.037718e-03
0.603775 injK 0.000000e+00 0.000000e+00 0.000000e+00 0.000000e+00 2.414237e-04 8.667569e-04 1.436549e-03 1.570500e-03 1.386200e-03 1.204474e-03 1.032779e-03 8.727722e-04 7.255273e-04 2.306818e-03
0.603775 injM 0.000000e+00 0.000000e+00 0.000000e+00 0.000000e+00 1.687650e-03 3.646747e-03 3.893748e-03 2.199296e-03 1.635924e-03 1.380505e-03 1.170280e-03 1.000513e-03 8.687061e-04 7.983907e-03
0.704404 eK 0.000000e+00 2.624163e-03 6.896698e-03 9.293908e-03 9.770501e-03 9.383907e-03 8.716886e-03 7.955920e-03 7.171268e-03 6.401469e-03 5.658636e-03 4.945013e-03 4.263846e-03 1.645892e-02
0.704404 eM 6.975952e-03 1.299138e-02 1.197189e-02 1.127852e-02 1.065408e-02 9.917879e-03 8.881080e-03 7.669390e-03 6.543366e-03 5.586430e-03 4.778107e-03 4.094921e-03 3.516623e-03 2.623802e-02
0.704404 visc 7.791800e-03 7.350813e-03 2.752637e-03 8.963318e-04 5.584225e-04 5.855407e-04 5.940038e-04 5.463878e-04 4.811350e-04 4.155762e-04 3.583353e-04 3.144788e-04 2.837763e-04 2.146279e-03
0.704404 ohm 4.583193e-04 1.711975e-03 1.919307e-03 1.436238e-03 1.281002e-03 1.342072e-03 1.442615e-03 1.444824e-03 1.344899e-03 1.223209e-03 1.101512e-03 9.863041e-04 8.948719e-04 5.048939e-03
0.704404 S -2.591137e-33 2.456200e-04 5.680580e-04 5.919194e-04 -7.132921e-05 -7.330909e-04 -8.443192e-04 -4.635531e-04 -1.300909e-04 -3.980867e-05 -6.401297e-05 -9.884233e-05 -1.298229e-04 -1.557004e-03
0.704404 lor 0.000000e+00 2.306537e-03 9.908496e-04 -1.735609e-03 -3.655809e-03 -4.393570e-03 -4.157680e-03 -3.135831e-03 -1.820161e-03 -4.409184e-04 8.777039e-04 1.921601e-03 2.532984e-03 1.461371e-02
0.704404 advK 0.000000e+00 1.891167e-04 3.397010e-04 5.082887e-05 -9.735062e-05 -1.356437e-04 -2.415041e-04 -3.412645e-04 -3.929681e-04 -3.946214e-04 -3.178317e-04 -1.705831e-04 -3.447567e-06 9.933820e-04
0.704404 pres 0.000000e+00 1.797227e-03 1.964169e-03 1.363869e-03 1.164300e-03 1.212240e-03 1.102121e-03 6.730856e-04 1.154095e-04 -5.235999e-04 -1.231445e-03 -1.821900e-03 -2.100801e-03 -3.928449e-03
0.704404 difK 7.791800e-03 2.958197e-03 -4.027051e-03 -3.838894e-03 -1.642055e-03 -4.690591e-04 -1.115990e-04 -5.505500e-06 3.946952e-05 3.354681e-05 6.543726e-06 -1.369128e-05 -2.392908e-05 5.216090e-04
0.704404 advM 0.000000e+00 7.026964e-05 -6.817916e-04 -1.116067e-03 -1.554508e-03 -1.852093e-03 -1.690208e-03 -1.039826e-03 -2.778901e-04 4.610690e-04 1.155021e-03 1.666826e-03 1.873574e-03 3.733614e-03
0.704404 difM -1.109543e-03 -2.906669e-04 1.878455e-04 -2.834455e-04 -5.892828e-04 -8.899496e-04 -5.388291e-04 7.480565e-05 3.172032e-04 3.334125e-04 3.266806e-04 3.082080e-04 3.026397e-04 1.273689e-03
0.704404 cmpM 2.505786e-04 -6.672407e-04 -1.852975e-04 -2.424621e-04 -2.274858e-04 -1.222123e-04 -2.806839e-05 1.593114e-05 4.669694e-05 6.986044e-05 8.035205e-05 8.255479e-05 7.757876e-05 1.640360e-04
0.704404 injK 0.000000e+00 0.000000e+00 0.000000e+00 0.000000e+00 2.340859e-04 8.442644e-04 1.403333e-03 1.538370e-03 1.361968e-03 1.187336e-03 1.021819e-03 8.669972e-04 7.239440e-04 2.338544e-03
0.704404 injM 0.000000e+00 0.000000e+00 0.000000e+00 0.000000e+00 1.536043e-03 3.316936e-03 3.549120e-03 2.018602e-03 1.513378e-03 1.289929e-03 1.106994e-03 9.583957e-04 8.413059e-04 7.907578e-03
0.805033 eK 0.000000e+00 2.413859e-03 6.403868e-03 8.750547e-03 9.325879e-03 9.042219e-03 8.464484e-03 7.791104e-03 7.089712e-03 6.392088e-03 5.708111e-03 5.041684e-03 4.396282e-03 1.772485e-02
0.805033 eM 6.849467e-03 1.274943e-02 1.173730e-02 1.105920e-02 1.043437e-02 9.700228e-03 8.705921e-03 7.570721e-03 6.525373e-03 5.646789e-03 4.913561e-03 4.285824e-03 3.727935e-03 2.694251e-02
0.805033 visc 7.135050e-03 6.787236e-03 2.645128e-03 9.836279e-04 6.609835e-04 6.766329e-04 6.677251e-04 6.025888e-04 5.238306e-04 4.493539e-04 3.874474e-04 3.426600e-04 3.138976e-04 2.488212e-03
0.805033 ohm 4.569642e-04 1.752489e-03 2.044356e-03 1.567726e-03 1.400653e-03 1.463407e-03 1.565402e-03 1.569568e-03 1.474296e-03 1.342965e-03 1.189867e-03 1.039178e-03 9.283169e-04 5.332221e-03
0.805033 S 8.298461e-35 6.505425e-04 7.599584e-04 5.995929e-04 -1.680549e-04 -8.007881e-04 -8.604901e-04 -4.904588e-04 -1.866385e-04 -9.414514e-05 -6.607429e-05 -2.359697e-05 4.406623e-06 -1.074861e-03
0.805033 lor 0.000000e+00 2.149168e-03 9.316807e-04 -1.681989e-03 -3.731859e-03 -4.757705e-03 -4.761580e-03 -3.806216e-03 -2.384897e-03 -7.666072e-04 8.373016e-04 2.080489e-03 2.753458e-03 1.562249e-02
0.805033 advK 0.000000e+00 3.499909e-04 6.802190e-04 2.982789e-04 2.484553e-05 -8.620525e-05 -2.290518e-04 -3.507575e-04 -4.160135e-04 -4.217499e-04 -3.350894e-04 -1.699073e-04 7.522123e-06 1.121206e-03
0.805033 pres 0.000000e+00 -2.188141e-04 2.455266e-05 2.197136e-04 7.015094e-04 1.346759e-03 1.776281e-03 1.698909e-03 1.267937e-03 5.622064e-04 -3.275615e-04 -1.089144e-03 -1.463349e-03 -3.867961e-03
0.805033 difK 7.135050e-03 2.797748e-03 -3.608070e-03 -3.564878e-03 -1.626072e-03 -4.697139e-04 -8.308856e-05 1.404970e-05 3.602549e-05 1.423698e-05 -1.842048e-05 -4.165409e-05 -4.983624e-05 5.148893e-04
0.805033 advM 0.000000e+00 1.179264e-04 -6.719154e-04 -1.122207e-03 -1.565492e-03 -1.940896e-03 -1.924035e-03 -1.368646e-03 -5.923824e-04 2.812066e-04 1.168025e-03 1.806720e-03 2.021080e-03 4.021613e-03
0.805033 difM -1.122948e-03 -3.219147e-04 2.024953e-04 -3.257379e-04 -5.950024e-04 -8.187146e-04 -4.783697e-04 8.849185e-05 3.385090e-04 3.664261e-04 3.242204e-04 2.582396e-04 2.349655e-04 1.205754e-03
0.805033 cmpM 5.686222e-04 -1.562557e-04 2.074480e-04 1.435135e-07 -1.300319e-04 -1.341207e-04 -1.211046e-04 -1.254357e-04 -1.131020e-04 -9.066248e-05 -7.216512e-05 -5.550840e-05 -3.817866e-05 7.332766e-04
0.805033 injK 0.000000e+00 0.000000e+00 0.000000e+00 0.000000e+00 2.267402e-04 8.209522e-04 1.368312e-03 1.504439e-03 1.336473e-03 1.169411e-03 1.010288e-03 8.607665e-04 7.219459e-04 2.374432e-03
0.805033 injM 0.000000e+00 0.000000e+00 0.000000e+00 0.000000e+00 1.385823e-03 2.979411e-03 3.187838e-03 1.825347e-03 1.381512e-03 1.193023e-03 1.040348e-03 9.147514e-04 8.128608e-04 7.821507e-03
0.905662 eK 0.000000e+00 2.265710e-03 5.995673e-03 8.257963e-03 8.886952e-03 8.687901e-03 8.194708e-03 7.605617e-03 6.985693e-03 6.360995e-03 5.739348e-03 5.123696e-03 4.516666e-03 1.894533e-02
0.905662 eM 6.740948e-03 1.253259e-02 1.150179e-02 1.080893e-02 1.016771e-02 9.423325e-03 8.455658e-03 7.388812e-03 6.431513e-03 5.654485e-03 5.023956e-03 4.467907e-03 3.931108e-03 2.753726e-02
0.905662 visc 6.736169e-03 6.323580e-03 2.533747e-03 1.065735e-03 7.704465e-04 7.661919e-04 7.347384e-04 6.535079e-04 5.640516e-04 4.835150e-04 4.194669e-04 3.759075e-04 3.509835e-04 2.873203e-03
0.905662 ohm 4.568028e-04 1.786616e-03 2.157766e-03 1.704352e-03 1.530343e-03 1.597314e-03 1.714620e-03 1.733842e-03 1.644759e-03 1.487055e-03 1.277316e-03 1.077528e-03 9.516612e-04 5.608073e-03
0.905662 S -2.110339e-36 6.993203e-04 6.654307e-04 3.596234e-04 -4.700711e-04 -1.033730e-03 -1.030315e-03 -6.765739e-04 -4.106986e-04 -3.049259e-04 -1.975913e-04 -6.699028e-05 -1.961185e-07 -1.373434e-03
0.905662 lor 0.000000e+00 2.218010e-03 1.007867e-03 -1.526283e-03 -3.600708e-03 -4.813429e-03 -5.031296e-03 -4.176700e-03 -2.681646e-03 -8.377581e-04 9.760580e-04 2.259953e-03 2.831936e-03 1.814538e-02
0.905662 advK 0.000000e+00 3.816181e-04 7.647619e-04 3.515155e-04 3.716282e-05 -8.073658e-05 -2.195170e-04 -3.426632e-04 -4.079567e-04 -4.015245e-04 -2.903119e-04 -1.084945e-04 5.861441e-05 7.826405e-04
0.905662 pres 0.000000e+00 6.270312e-04 1.092183e-03 1.121628e-03 1.267603e-03 1.661007e-03 1.981163e-03 1.842174e-03 1.289354e-03 3.460349e-04 -7.782729e-04 -1.629583e-03 -1.951577e-03 -6.864702e-03
0.905662 difK 6.736169e-03 2.520173e-03 -3.299728e-03 -3.308804e-03 -1.555462e-03 -4.504476e-04 -6.385038e-05 2.442297e-05 2.816304e-05 -5.706120e-06 -4.608228e-05 -7.162686e-05 -7.659468e-05 5.215008e-04
0.905662 advM 0.000000e+00 1.512116e-04 -6.791459e-04 -1.130553e-03 -1.559214e-03 -2.006557e-03 -2.133664e-03 -1.654667e-03 -8.141015e-04 2.564009e-04 1.320967e-03 1.970134e-03 2.055959e-03 4.559866e-03
0.905662 difM -1.150958e-03 -3.801955e-04 2.064631e-04 -3.378020e-04 -5.923099e-04 -7.570764e-04 -4.026281e-04 1.404744e-04 4.041171e-04 4.172572e-04 2.957122e-04 1.623326e-04 1.390927e-04 1.130925e-03
0.905662 cmpM 7.015684e-04 1.121655e-04 4.441498e-04 2.433358e-04 1.106555e-04 9.627559e-05 7.817241e-05 3.210681e-05 1.559879e-06 -1.607397e-05 -3.500768e-05 -5.410554e-05 -6.898170e-05 -1.226531e-03
0.905662 injK 0.000000e+00 0.000000e+00 0.000000e+00 0.000000e+00 2.191425e-04 7.960802e-04 1.330421e-03 1.467167e-03 1.307931e-03 1.148761e-03 9.963674e-04 8.523265e-04 7.178372e-04 2.405029e-03
0.905662 injM 0.000000e+00 0.000000e+00 0.000000e+00 0.000000e+00 1.241381e-03 2.644255e-03 2.816420e-03 1.620312e-03 1.240036e-03 1.089645e-03 9.701032e-04 8.685798e-04 7.814039e-04 7.703089e-03
0.998928 eK 0.000000e+00 2.154942e-03 5.656798e-03 7.799643e-03 8.451944e-03 8.333171e-03 7.928862e-03 7.425453e-03 6.885935e-03 6.333916e-03 5.775292e-03 5.210155e-03 4.638682e-03 2.026882e-02
0.998928 eM 6.649438e-03 1.234322e-02 1.127256e-02 1.054253e-02 9.877031e-03 9.117061e-03 8.165974e-03 7.160974e-03 6.298435e-03 5.639948e-03 5.122723e-03 4.632687e-03 4.103430e-03 2.800324e-02
0.998928 visc 6.478456e-03 5.937712e-03 2.431973e-03 1.146133e-03 8.746349e-04 8.430533e-04 7.889072e-04 6.964042e-04 6.009360e-04 5.176964e-04 4.537800e-04 4.129785e-04 3.930258e-04 3.273017e-03
0.998928 ohm 4.568056e-04 1.807987e-03 2.250121e-03 1.831486e-03 1.653680e-03 1.731043e-03 1.879086e-03 1.924139e-03 1.834171e-03 1.626201e-03 1.340844e-03 1.094886e-03 9.701729e-04 5.868120e-03
0.998928 S -7.115574e-38 3.238177e-04 2.211784e-04 -1.832453e-04 -9.821561e-04 -1.400814e-03 -1.284537e-03 -9.107048e-04 -6.486513e-04 -4.848605e-04 -2.686533e-04 -6.449122e-05 -2.166273e-06 -2.868168e-03
0.998928 lor 0.000000e+00 2.525290e-03 1.251819e-03 -1.223097e-03 -3.201682e-03 -4.429241e-03 -4.712201e-03 -3.882337e-03 -2.306802e-03 -3.339999e-04 1.484838e-03 2.590073e-03 2.937418e-03 1.909736e-02
0.998928 advK 0.000000e+00 3.370429e-04 6.153901e-04 9.289752e-05 -2.069938e-04 -2.684797e-04 -3.709429e-04 -4.826594e-04 -5.333052e-04 -4.863564e-04 -3.143722e-04 -8.486894e-05 9.351739e-05 1.075961e-03
0.998928 pres 0.000000e+00 4.440519e-05 3.435373e-04 3.578655e-04 6.919590e-04 1.408345e-03 2.024735e-03 2.032294e-03 1.454766e-03 4.047515e-04 -7.361484e-04 -1.449365e-03 -1.587687e-03 -4.914284e-03
0.998928 difK 6.478456e-03 2.212073e-03 -3.135074e-03 -3.043236e-03 -1.437464e-03 -4.224122e-04 -5.872393e-05 2.441827e-05 2.016547e-05 -2.236480e-05 -7.211840e-05 -1.027728e-04 -1.020202e-04 5.356155e-04
0.998928 advM 0.000000e+00 1.846718e-04 -7.029336e-04 -1.188631e-03 -1.595702e-03 -2.048609e-03 -2.189398e-03 -1.665688e-03 -6.879035e-04 5.503206e-04 1.638785e-03 2.112755e-03 1.973517e-03 4.194224e-03
0.998928 difM -1.186029e-03 -4.658784e-04 2.060295e-04 -3.188191e-04 -5.833308e-04 -7.036988e-04 -3.130504e-04 2.299066e-04 4.964771e-04 4.476213e-04 2.135878e-04 2.876233e-05 4.579640e-05 1.086823e-03
0.998928 cmpM 2.119737e-04 -6.493990e-04 -1.669307e-04 -2.231836e-04 -2.447800e-04 -1.609896e-04 -8.589089e-05 -4.531579e-05 -4.592803e-08 5.072942e-05 9.111516e-05 1.160995e-04 1.274901e-04 1.064409e-03
0.998928 injK 0.000000e+00 0.000000e+00 0.000000e+00 0.000000e+00 2.119952e-04 7.727599e-04 1.295555e-03 1.433525e-03 1.282683e-03 1.131116e-03 9.851924e-04 8.462494e-04 7.155120e-04 2.440312e-03
0.998928 injM 0.000000e+00 0.000000e+00 0.000000e+00 0.000000e+00 1.117372e-03 2.346145e-03 2.475992e-03 1.428830e-03 1.108847e-03 9.966247e-04 9.093297e-04 8.292635e-04 7.535861e-04 7.582602e-03
