# tg_mhd (Kokkos FP64)  tgc_slip_cond_n65_re200  N=65 Re=200 h=4.90873852e-02 delta=7.07106781e-02 delta/h=1.440506 layers=33
# layer k: the nodes k cells from the nearest wall, i.e. the slab [(k-1/2)h, (k+1/2)h] ([0, h/2] for k = 0)
# row 'vol': each layer's share of the volume; then per probe: t and each layer's VISCOUS dissipation as a share of the total eps
# vol 4.614639e-02 8.798981e-02 8.240509e-02 7.700348e-02 7.178497e-02 6.674957e-02 6.189728e-02 5.722809e-02 5.274200e-02 4.843903e-02 4.431915e-02 4.038239e-02 3.662872e-02 3.305817e-02 2.967072e-02 2.646637e-02 2.344513e-02 2.060699e-02 1.795197e-02 1.548004e-02 1.319122e-02 1.108551e-02 9.162903e-03 7.423401e-03 5.867004e-03 4.493713e-03 3.303528e-03 2.296448e-03 1.472473e-03 8.316040e-04 3.738403e-04 9.918213e-05 3.814697e-06
0.000000 6.26206e-03 1.25486e-02 1.26032e-02 1.26579e-02 1.26842e-02 1.26558e-02 1.25500e-02 1.23484e-02 1.20381e-02 1.16121e-02 1.10695e-02 1.04161e-02 9.66341e-03 8.82837e-03 7.93230e-03 6.99959e-03 6.05629e-03 5.12857e-03 4.24117e-03 3.41605e-03 2.67110e-03 2.01929e-03 1.46812e-03 1.01946e-03 6.69816e-04 4.10996e-04 2.31058e-04 1.15567e-04 4.89781e-05 1.60813e-05 3.37436e-06 2.64171e-07 0.00000e+00
0.100629 6.32814e-03 1.27047e-02 1.28223e-02 1.29604e-02 1.30677e-02 1.30967e-02 1.30106e-02 1.27879e-02 1.24230e-02 1.19233e-02 1.13042e-02 1.05843e-02 9.78251e-03 8.91767e-03 8.00894e-03 7.07690e-03 6.14343e-03 5.23049e-03 4.35840e-03 3.54447e-03 2.80257e-03 2.14343e-03 1.57504e-03 1.10251e-03 7.27197e-04 4.45588e-04 2.48748e-04 1.22904e-04 5.12664e-05 1.65457e-05 3.41826e-06 2.64652e-07 1.32299e-33
0.201258 6.39203e-03 1.29030e-02 1.32061e-02 1.35869e-02 1.39243e-02 1.41091e-02 1.40677e-02 1.37757e-02 1.32542e-02 1.25542e-02 1.17359e-02 1.08519e-02 9.93882e-03 9.01783e-03 8.10052e-03 7.19521e-03 6.31059e-03 5.45572e-03 4.63822e-03 3.86327e-03 3.13504e-03 2.45976e-03 1.84809e-03 1.31456e-03 8.73521e-04 5.33652e-04 2.93653e-04 1.41415e-04 5.69471e-05 1.76473e-05 3.50544e-06 2.63460e-07 1.35097e-33
0.301887 6.40549e-03 1.30515e-02 1.36688e-02 1.44460e-02 1.51366e-02 1.55314e-02 1.55126e-02 1.50716e-02 1.42877e-02 1.32854e-02 1.21890e-02 1.10929e-02 1.00508e-02 9.08136e-03 8.18168e-03 7.34003e-03 6.54382e-03 5.78182e-03 5.04340e-03 4.31874e-03 3.60217e-03 2.89758e-03 2.22192e-03 1.60323e-03 1.07273e-03 6.54245e-04 3.55859e-04 1.67504e-04 6.51541e-05 1.93047e-05 3.65234e-06 2.63551e-07 5.77494e-34
0.402517 6.35283e-03 1.31289e-02 1.42043e-02 1.55254e-02 1.66514e-02 1.72469e-02 1.71680e-02 1.64648e-02 1.53171e-02 1.39471e-02 1.25475e-02 1.12457e-02 1.01003e-02 9.11723e-03 8.27195e-03 7.52702e-03 6.84325e-03 6.18466e-03 5.52075e-03 4.82928e-03 4.10112e-03 3.34529e-03 2.59048e-03 1.87993e-03 1.25994e-03 7.66165e-04 4.13113e-04 1.91275e-04 7.24430e-05 2.06579e-05 3.72921e-06 2.57535e-07 4.70653e-34
0.503146 6.24694e-03 1.31715e-02 1.48501e-02 1.68193e-02 1.83822e-02 1.90859e-02 1.88139e-02 1.77343e-02 1.61627e-02 1.44234e-02 1.27609e-02 1.13129e-02 1.01249e-02 9.18052e-03 8.42959e-03 7.80784e-03 7.24842e-03 6.68954e-03 6.08138e-03 5.39358e-03 4.62150e-03 3.78799e-03 2.93895e-03 2.13308e-03 1.42796e-03 8.66018e-04 4.64490e-04 2.12920e-04 7.92157e-05 2.19454e-05 3.80534e-06 2.51878e-07 3.85146e-34
0.603775 6.08145e-03 1.32008e-02 1.56563e-02 1.83353e-02 2.02470e-02 2.08806e-02 2.02365e-02 1.86684e-02 1.66489e-02 1.45859e-02 1.27422e-02 1.12366e-02 1.00831e-02 9.23443e-03 8.61279e-03 8.12806e-03 7.68905e-03 7.21243e-03 6.63361e-03 5.91954e-03 5.07707e-03 4.15001e-03 3.20527e-03 2.31546e-03 1.54379e-03 9.32996e-04 4.98408e-04 2.26978e-04 8.34275e-05 2.26195e-05 3.79420e-06 2.41621e-07 1.07815e-33
0.704404 5.89056e-03 1.33309e-02 1.67387e-02 2.00895e-02 2.21447e-02 2.24612e-02 2.12674e-02 1.91531e-02 1.67303e-02 1.44429e-02 1.25288e-02 1.10626e-02 1.00169e-02 9.31065e-03 8.83778e-03 8.48486e-03 8.14362e-03 7.71979e-03 7.14350e-03 6.38399e-03 5.46075e-03 4.43849e-03 3.40491e-03 2.44472e-03 1.62295e-03 9.78353e-04 5.21693e-04 2.36845e-04 8.64116e-05 2.30667e-05 3.76682e-06 2.31812e-07 1.11760e-33
0.805033 5.72833e-03 1.36986e-02 1.81656e-02 2.20086e-02 2.39234e-02 2.36951e-02 2.18679e-02 1.92582e-02 1.65489e-02 1.41578e-02 1.22693e-02 1.09095e-02 1.00145e-02 9.47282e-03 9.14926e-03 8.90770e-03 8.62972e-03 8.22268e-03 7.62352e-03 6.80840e-03 5.80499e-03 4.69166e-03 3.57356e-03 2.54819e-03 1.68299e-03 1.01160e-03 5.38551e-04 2.43918e-04 8.84553e-05 2.33034e-05 3.71901e-06 2.22122e-07 1.01159e-33
0.905662 5.59721e-03 1.43443e-02 1.99154e-02 2.39779e-02 2.54467e-02 2.44974e-02 2.20391e-02 1.90478e-02 1.61850e-02 1.37943e-02 1.19995e-02 1.07882e-02 1.00698e-02 9.70305e-03 9.51893e-03 9.35707e-03 9.09590e-03 8.65857e-03 8.00460e-03 7.12601e-03 6.05484e-03 4.87049e-03 3.68578e-03 2.60941e-03 1.71317e-03 1.02603e-03 5.45240e-04 2.46382e-04 8.88111e-05 2.30930e-05 3.60617e-06 2.09656e-07 3.92783e-34
1.006291 5.52485e-03 1.52889e-02 2.19074e-02 2.58661e-02 2.66160e-02 2.48694e-02 2.18851e-02 1.86762e-02 1.57920e-02 1.34786e-02 1.18106e-02 1.07578e-02 1.02176e-02 1.00205e-02 9.95758e-03 9.84270e-03 9.55674e-03 9.04981e-03 8.31736e-03 7.37616e-03 6.25913e-03 5.03129e-03 3.79837e-03 2.67727e-03 1.74984e-03 1.04543e-03 5.55381e-04 2.50788e-04 8.99140e-05 2.30551e-05 3.51936e-06 1.99494e-07 4.95557e-34
1.106921 5.50774e-03 1.64554e-02 2.39943e-02 2.75401e-02 2.73763e-02 2.48604e-02 2.15136e-02 1.82510e-02 1.54522e-02 1.32648e-02 1.17309e-02 1.08255e-02 1.04511e-02 1.04106e-02 1.04498e-02 1.03545e-02 1.00107e-02 9.40182e-03 8.56854e-03 7.56169e-03 6.41719e-03 5.17506e-03 3.91704e-03 2.76010e-03 1.80052e-03 1.07517e-03 5.72435e-04 2.59090e-04 9.25761e-05 2.33832e-05 3.47852e-06 1.92252e-07 2.12694e-33
1.207550 5.53444e-03 1.77341e-02 2.60263e-02 2.89198e-02 2.77647e-02 2.45934e-02 2.10525e-02 1.78593e-02 1.52131e-02 1.31736e-02 1.17632e-02 1.09840e-02 1.07575e-02 1.08571e-02 1.09778e-02 1.08757e-02 1.04429e-02 9.69981e-03 8.73820e-03 7.65065e-03 6.48254e-03 5.24788e-03 3.99254e-03 2.82040e-03 1.83963e-03 1.09925e-03 5.87635e-04 2.67420e-04 9.55074e-05 2.37562e-05 3.43085e-06 1.84781e-07 1.83425e-34
1.308179 5.61672e-03 1.90096e-02 2.78589e-02 2.99592e-02 2.78412e-02 2.41758e-02 2.05944e-02 1.75678e-02 1.51280e-02 1.32478e-02 1.19377e-02 1.12483e-02 1.11339e-02 1.13499e-02 1.15458e-02 1.14403e-02 1.09206e-02 1.00369e-02 8.93180e-03 7.74550e-03 6.54302e-03 5.31964e-03 4.08009e-03 2.90174e-03 1.89914e-03 1.13839e-03 6.12804e-04 2.81637e-04 1.01024e-04 2.47794e-05 3.45823e-06 1.81090e-07 9.10798e-34
1.408808 5.72975e-03 2.01909e-02 2.94278e-02 3.06937e-02 2.77012e-02 2.36791e-02 2.01458e-02 1.73333e-02 1.51246e-02 1.34032e-02 1.21827e-02 1.15643e-02 1.15284e-02 1.18294e-02 1.20908e-02 1.19914e-02 1.13981e-02 1.03781e-02 9.12082e-03 7.81683e-03 6.56065e-03 5.34258e-03 4.13089e-03 2.96510e-03 1.95349e-03 1.17787e-03 6.40405e-04 2.98658e-04 1.08285e-04 2.63136e-05 3.54292e-06 1.80052e-07 1.20902e-33
1.509437 5.87170e-03 2.12178e-02 3.07093e-02 3.11939e-02 2.74538e-02 2.31882e-02 1.97566e-02 1.71783e-02 1.51881e-02 1.36031e-02 1.24681e-02 1.19085e-02 1.19097e-02 1.22523e-02 1.25688e-02 1.25008e-02 1.18712e-02 1.07407e-02 9.33473e-03 7.89637e-03 6.56004e-03 5.32714e-03 4.14154e-03 3.00097e-03 1.99405e-03 1.21188e-03 6.66939e-04 3.16759e-04 1.16756e-04 2.82795e-05 3.67849e-06 1.81313e-07 1.65489e-34
1.610066 6.05344e-03 2.20558e-02 3.16957e-02 3.15167e-02 2.71744e-02 2.27673e-02 1.94901e-02 1.71458e-02 1.53229e-02 1.38419e-02 1.27895e-02 1.22669e-02 1.22499e-02 1.25780e-02 1.29416e-02 1.29612e-02 1.23826e-02 1.12112e-02 9.68153e-03 8.09204e-03 6.63653e-03 5.34984e-03 4.16761e-03 3.04660e-03 2.04465e-03 1.25477e-03 7.00150e-04 3.39581e-04 1.27885e-04 3.10798e-05 3.91922e-06 1.87324e-07 1.02837e-33
1.710695 6.26234e-03 2.27224e-02 3.24674e-02 3.17697e-02 2.69492e-02 2.24881e-02 1.94145e-02 1.72584e-02 1.55161e-02 1.41042e-02 1.31282e-02 1.26225e-02 1.25438e-02 1.27963e-02 1.31595e-02 1.32766e-02 1.28192e-02 1.16901e-02 1.00847e-02 8.34534e-03 6.74226e-03 5.36655e-03 4.16387e-03 3.05767e-03 2.06860e-03 1.28115e-03 7.24562e-04 3.58851e-04 1.38302e-04 3.38973e-05 4.17475e-06 1.94417e-07 1.39524e-34
1.811325 6.50754e-03 2.32673e-02 3.30940e-02 3.19862e-02 2.67961e-02 2.24088e-02 1.95889e-02 1.75393e-02 1.58056e-02 1.44455e-02 1.35269e-02 1.30046e-02 1.28249e-02 1.29450e-02 1.32360e-02 1.34192e-02 1.31444e-02 1.21813e-02 1.06019e-02 8.74392e-03 6.96776e-03 5.45749e-03 4.19655e-03 3.08490e-03 2.10092e-03 1.31260e-03 7.52065e-04 3.80246e-04 1.50221e-04 3.73376e-05 4.52954e-06 2.06494e-07 1.12433e-34
1.911954 6.79454e-03 2.37487e-02 3.36189e-02 3.21778e-02 2.67627e-02 2.26160e-02 2.00481e-02 1.80025e-02 1.62435e-02 1.49315e-02 1.40466e-02 1.34808e-02 1.31829e-02 1.31401e-02 1.32801e-02 1.34291e-02 1.33107e-02 1.26089e-02 1.11970e-02 9.30364e-03 7.35193e-03 5.65830e-03 4.28949e-03 3.14190e-03 2.14814e-03 1.35125e-03 7.82541e-04 4.02889e-04 1.62983e-04 4.12111e-05 4.96660e-06 2.23195e-07 1.28836e-33
2.000311 7.07035e-03 2.41515e-02 3.40251e-02 3.23235e-02 2.68597e-02 2.30535e-02 2.06422e-02 1.85259e-02 1.67519e-02 1.54888e-02 1.46221e-02 1.40126e-02 1.36176e-02 1.34320e-02 1.33994e-02 1.34177e-02 1.33274e-02 1.28390e-02 1.16687e-02 9.85461e-03 7.79220e-03 5.91629e-03 4.41244e-03 3.20565e-03 2.19134e-03 1.38257e-03 8.05426e-04 4.19593e-04 1.72760e-04 4.43875e-05 5.36241e-06 2.40093e-07 9.44576e-34
