# tg_mhd (Kokkos FP64)  tgc_slip_cond_n65_re200  N=65 Re=200 h=4.90873852e-02 delta=7.07106781e-02 delta/h=1.440506 layers=33
# layer k: the nodes k cells from the nearest wall, i.e. the slab [(k-1/2)h, (k+1/2)h] ([0, h/2] for k = 0)
# row 'vol': each layer's share of the volume; then per probe: t and each layer's share of eps
# vol 4.614639e-02 8.798981e-02 8.240509e-02 7.700348e-02 7.178497e-02 6.674957e-02 6.189728e-02 5.722809e-02 5.274200e-02 4.843903e-02 4.431915e-02 4.038239e-02 3.662872e-02 3.305817e-02 2.967072e-02 2.646637e-02 2.344513e-02 2.060699e-02 1.795197e-02 1.548004e-02 1.319122e-02 1.108551e-02 9.162903e-03 7.423401e-03 5.867004e-03 4.493713e-03 3.303528e-03 2.296448e-03 1.472473e-03 8.316040e-04 3.738403e-04 9.918213e-05 3.814697e-06
0.000000 3.12500e-02 6.29149e-02 6.38346e-02 6.47625e-02 6.52780e-02 6.50845e-02 6.40367e-02 6.21413e-02 5.95287e-02 5.64035e-02 5.29843e-02 4.94488e-02 4.58981e-02 4.23465e-02 3.87401e-02 3.49950e-02 3.10442e-02 2.68773e-02 2.25618e-02 1.82405e-02 1.41056e-02 1.03578e-02 7.16374e-03 4.62249e-03 2.75018e-03 1.48584e-03 7.14026e-04 2.96275e-04 1.01400e-04 2.64383e-05 4.43530e-06 2.91026e-07 0.00000e+00
0.100629 3.12134e-02 6.28652e-02 6.38464e-02 6.48541e-02 6.54436e-02 6.52963e-02 6.42540e-02 6.23234e-02 5.96467e-02 5.64473e-02 5.29623e-02 4.93813e-02 4.58071e-02 4.22477e-02 3.86390e-02 3.48898e-02 3.09315e-02 2.67583e-02 2.24448e-02 1.81388e-02 1.40317e-02 1.03185e-02 7.15698e-03 4.63854e-03 2.77622e-03 1.51084e-03 7.31908e-04 3.06157e-04 1.05528e-04 2.76529e-05 4.64941e-06 3.05036e-07 1.33124e-33
0.201258 3.09518e-02 6.24217e-02 6.36123e-02 6.48927e-02 6.57394e-02 6.57657e-02 6.47766e-02 6.27800e-02 5.99525e-02 5.65685e-02 5.29156e-02 4.92177e-02 4.55880e-02 4.20226e-02 3.84328e-02 3.47040e-02 3.07566e-02 2.65897e-02 2.22920e-02 1.80230e-02 1.39741e-02 1.03275e-02 7.22232e-03 4.73526e-03 2.87552e-03 1.59108e-03 7.84321e-04 3.33545e-04 1.16543e-04 3.08048e-05 5.19246e-06 3.39906e-07 1.36097e-33
0.301887 3.06344e-02 6.19402e-02 6.35149e-02 6.52566e-02 6.64817e-02 6.66913e-02 6.56551e-02 6.34184e-02 6.02398e-02 5.64872e-02 5.25281e-02 4.86372e-02 4.49432e-02 4.14219e-02 3.79399e-02 3.43320e-02 3.04847e-02 2.63906e-02 2.21536e-02 1.79523e-02 1.39847e-02 1.04211e-02 7.37923e-03 4.91918e-03 3.04745e-03 1.72366e-03 8.68719e-04 3.76978e-04 1.33812e-04 3.56820e-05 6.01671e-06 3.91555e-07 6.00466e-34
0.402517 3.03155e-02 6.15498e-02 6.37192e-02 6.61183e-02 6.78067e-02 6.81481e-02 6.69141e-02 6.42481e-02 6.05391e-02 5.62728e-02 5.19049e-02 4.77678e-02 4.40113e-02 4.05874e-02 3.72943e-02 3.38812e-02 3.01702e-02 2.61377e-02 2.19170e-02 1.77322e-02 1.38116e-02 1.03256e-02 7.36929e-03 4.97543e-03 3.13491e-03 1.80860e-03 9.30782e-04 4.11999e-04 1.48628e-04 4.00180e-05 6.75557e-06 4.37124e-07 4.76547e-34
0.503146 2.97341e-02 6.07569e-02 6.37647e-02 6.70010e-02 6.91857e-02 6.95781e-02 6.80388e-02 6.48809e-02 6.06408e-02 5.58909e-02 5.11381e-02 4.67673e-02 4.29794e-02 3.97322e-02 3.67542e-02 3.36717e-02 3.01955e-02 2.62565e-02 2.20158e-02 1.77662e-02 1.37981e-02 1.03084e-02 7.38248e-03 5.02650e-03 3.20865e-03 1.88187e-03 9.86243e-04 4.44355e-04 1.62664e-04 4.41698e-05 7.45472e-06 4.78714e-07 4.06357e-34
0.603775 2.91777e-02 6.02070e-02 6.43638e-02 6.85504e-02 7.11039e-02 7.12990e-02 6.92326e-02 6.54725e-02 6.06877e-02 5.54575e-02 5.02721e-02 4.55727e-02 4.16734e-02 3.85907e-02 3.59804e-02 3.33061e-02 3.01294e-02 2.63173e-02 2.20574e-02 1.77201e-02 1.36743e-02 1.01596e-02 7.26089e-03 4.95786e-03 3.18990e-03 1.89333e-03 1.00659e-03 4.60243e-04 1.70611e-04 4.66710e-05 7.87228e-06 5.01587e-07 1.10931e-33
0.704404 2.86140e-02 5.99351e-02 6.55825e-02 7.06842e-02 7.33147e-02 7.30003e-02 7.02489e-02 6.59199e-02 6.07129e-02 5.50630e-02 4.93708e-02 4.41969e-02 4.00882e-02 3.71692e-02 3.49811e-02 3.27719e-02 2.99437e-02 2.63091e-02 2.20794e-02 1.76870e-02 1.35699e-02 1.00167e-02 7.12687e-03 4.86527e-03 3.14565e-03 1.88476e-03 1.01457e-03 4.70093e-04 1.76268e-04 4.85264e-05 8.16986e-06 5.15465e-07 1.11948e-33
0.805033 2.78764e-02 5.96847e-02 6.70761e-02 7.28568e-02 7.52214e-02 7.42302e-02 7.09047e-02 6.63069e-02 6.09567e-02 5.49644e-02 4.86312e-02 4.28059e-02 3.84338e-02 3.57392e-02 3.40342e-02 3.22932e-02 2.97895e-02 2.63283e-02 2.21536e-02 1.77353e-02 1.35540e-02 9.94225e-03 7.02780e-03 4.77843e-03 3.09105e-03 1.86194e-03 1.01126e-03 4.73398e-04 1.79095e-04 4.95251e-05 8.31269e-06 5.18906e-07 1.01941e-33
0.905662 2.71599e-02 5.99379e-02 6.92066e-02 7.52319e-02 7.69479e-02 7.52114e-02 7.15467e-02 6.69916e-02 6.16184e-02 5.50983e-02 4.77899e-02 4.11424e-02 3.66164e-02 3.43386e-02 3.31684e-02 3.17877e-02 2.94549e-02 2.60700e-02 2.19437e-02 1.75605e-02 1.33944e-02 9.78211e-03 6.87037e-03 4.64265e-03 2.99406e-03 1.80642e-03 9.86652e-04 4.65316e-04 1.77138e-04 4.90902e-05 8.20440e-06 5.06549e-07 4.01851e-34
1.006291 2.63811e-02 6.04939e-02 7.15980e-02 7.73725e-02 7.81855e-02 7.58412e-02 7.21891e-02 6.79378e-02 6.25154e-02 5.51868e-02 4.66518e-02 3.92435e-02 3.48624e-02 3.32157e-02 3.25610e-02 3.13851e-02 2.90722e-02 2.56865e-02 2.16139e-02 1.73288e-02 1.32559e-02 9.69449e-03 6.79443e-03 4.56869e-03 2.93338e-03 1.76863e-03 9.69541e-04 4.59848e-04 1.75764e-04 4.86726e-05 8.07890e-06 4.92643e-07 5.06322e-34
1.106921 2.55892e-02 6.13371e-02 7.40958e-02 7.91665e-02 7.89897e-02 7.63001e-02 7.29627e-02 6.90914e-02 6.34059e-02 5.49552e-02 4.51341e-02 3.72722e-02 3.34030e-02 3.25045e-02 3.22464e-02 3.10922e-02 2.86579e-02 2.51949e-02 2.11599e-02 1.70086e-02 1.30966e-02 9.65008e-03 6.79150e-03 4.56155e-03 2.91764e-03 1.75610e-03 9.65313e-04 4.60256e-04 1.76440e-04 4.86828e-05 7.99786e-06 4.80807e-07 2.13979e-33
1.207550 2.48604e-02 6.24519e-02 7.65987e-02 8.06761e-02 7.96455e-02 7.69388e-02 7.41024e-02 7.04724e-02 6.41052e-02 5.42271e-02 4.33102e-02 3.54859e-02 3.24300e-02 3.22426e-02 3.21830e-02 3.08585e-02 2.81650e-02 2.45323e-02 2.04812e-02 1.64552e-02 1.27444e-02 9.48398e-03 6.73306e-03 4.53557e-03 2.89429e-03 1.73788e-03 9.57024e-04 4.58578e-04 1.76192e-04 4.82940e-05 7.82031e-06 4.62849e-07 2.24397e-34
1.308179 2.40653e-02 6.32470e-02 7.84649e-02 8.15111e-02 7.98921e-02 7.74340e-02 7.51675e-02 7.15783e-02 6.42935e-02 5.32100e-02 4.18295e-02 3.44259e-02 3.20760e-02 3.23460e-02 3.23448e-02 3.08175e-02 2.78642e-02 2.40465e-02 1.99379e-02 1.59855e-02 1.24413e-02 9.36481e-03 6.73641e-03 4.57539e-03 2.92290e-03 1.75239e-03 9.66833e-04 4.65945e-04 1.79514e-04 4.87470e-05 7.73521e-06 4.49463e-07 9.48880e-34
1.408808 2.33513e-02 6.39652e-02 7.99999e-02 8.21540e-02 8.02438e-02 7.82145e-02 7.63908e-02 7.23131e-02 6.37132e-02 5.18015e-02 4.07229e-02 3.40401e-02 3.21477e-02 3.25649e-02 3.24980e-02 3.07681e-02 2.75842e-02 2.35945e-02 1.94119e-02 1.54950e-02 1.20813e-02 9.18217e-03 6.70293e-03 4.61093e-03 2.96271e-03 1.77873e-03 9.84959e-04 4.78526e-04 1.85363e-04 4.98545e-05 7.71259e-06 4.38551e-07 1.22852e-33
1.509437 2.27078e-02 6.44464e-02 8.11431e-02 8.27404e-02 8.08655e-02 7.93927e-02 7.76480e-02 7.23516e-02 6.22899e-02 5.02770e-02 4.02232e-02 3.43400e-02 3.25291e-02 3.27563e-02 3.25400e-02 3.06738e-02 2.73444e-02 2.32316e-02 1.89762e-02 1.50550e-02 1.17144e-02 8.95188e-03 6.61972e-03 4.62051e-03 2.99782e-03 1.80861e-03 1.00756e-03 4.94667e-04 1.93227e-04 5.15184e-05 7.73328e-06 4.28604e-07 2.00727e-34
1.610066 2.20127e-02 6.42641e-02 8.15343e-02 8.30151e-02 8.14912e-02 8.05840e-02 7.83306e-02 7.13366e-02 6.03543e-02 4.91739e-02 4.05449e-02 3.53168e-02 3.31959e-02 3.28989e-02 3.24872e-02 3.06498e-02 2.73550e-02 2.32219e-02 1.89060e-02 1.49191e-02 1.15510e-02 8.82959e-03 6.58873e-03 4.66618e-03 3.06638e-03 1.86600e-03 1.04889e-03 5.21795e-04 2.06232e-04 5.46226e-05 7.91921e-06 4.25220e-07 1.05886e-33
1.710695 2.13877e-02 6.38008e-02 8.17481e-02 8.36434e-02 8.28215e-02 8.22145e-02 7.84681e-02 6.94171e-02 5.81641e-02 4.83300e-02 4.11491e-02 3.65224e-02 3.40250e-02 3.29802e-02 3.21838e-02 3.04082e-02 2.73005e-02 2.32816e-02 1.89695e-02 1.49091e-02 1.14576e-02 8.70930e-03 6.51489e-03 4.66241e-03 3.10234e-03 1.90864e-03 1.08545e-03 5.48292e-04 2.19762e-04 5.79812e-05 8.10653e-06 4.19358e-07 1.67944e-34
1.811325 2.07794e-02 6.29781e-02 8.18008e-02 8.46294e-02 8.47021e-02 8.36380e-02 7.74576e-02 6.67667e-02 5.61243e-02 4.78119e-02 4.18496e-02 3.77345e-02 3.49500e-02 3.30995e-02 3.16966e-02 2.99332e-02 2.71907e-02 2.35062e-02 1.93364e-02 1.52262e-02 1.16279e-02 8.75574e-03 6.52683e-03 4.70129e-03 3.16615e-03 1.97400e-03 1.13960e-03 5.86271e-04 2.39156e-04 6.31779e-05 8.52423e-06 4.21127e-07 1.25018e-34
1.911954 2.01758e-02 6.18681e-02 8.18286e-02 8.61303e-02 8.70111e-02 8.43379e-02 7.53515e-02 6.39726e-02 5.44724e-02 4.74842e-02 4.24363e-02 3.87511e-02 3.58644e-02 3.33830e-02 3.12200e-02 2.92240e-02 2.68705e-02 2.37422e-02 1.99289e-02 1.58701e-02 1.21006e-02 9.01027e-03 6.65256e-03 4.79690e-03 3.26228e-03 2.06238e-03 1.21116e-03 6.35896e-04 2.64671e-04 7.03639e-05 9.18948e-06 4.29211e-07 1.30079e-33
2.000311 1.96953e-02 6.09358e-02 8.22651e-02 8.83204e-02 8.93949e-02 8.41548e-02 7.29082e-02 6.16830e-02 5.32494e-02 4.71692e-02 4.27311e-02 3.93610e-02 3.64879e-02 3.36808e-02 3.09159e-02 2.84784e-02 2.62736e-02 2.37025e-02 2.03984e-02 1.65508e-02 1.26912e-02 9.37269e-03 6.83447e-03 4.90650e-03 3.35439e-03 2.14406e-03 1.27837e-03 6.83603e-04 2.89911e-04 7.78538e-05 9.95060e-06 4.40123e-07 9.54773e-34
