# tg_mhd (Kokkos FP64)  tgc_slip_cond_n65_re200_drive0.1_bdrive0.1  N=65 Re=200 h=4.90873852e-02 delta=7.07106781e-02 delta/h=1.440506 layers=33
# layer k: the nodes k cells from the nearest wall, i.e. the slab [(k-1/2)h, (k+1/2)h] ([0, h/2] for k = 0)
# row 'vol': each layer's share of the volume; then per probe: t and each layer's share of eps
# vol 4.614639e-02 8.798981e-02 8.240509e-02 7.700348e-02 7.178497e-02 6.674957e-02 6.189728e-02 5.722809e-02 5.274200e-02 4.843903e-02 4.431915e-02 4.038239e-02 3.662872e-02 3.305817e-02 2.967072e-02 2.646637e-02 2.344513e-02 2.060699e-02 1.795197e-02 1.548004e-02 1.319122e-02 1.108551e-02 9.162903e-03 7.423401e-03 5.867004e-03 4.493713e-03 3.303528e-03 2.296448e-03 1.472473e-03 8.316040e-04 3.738403e-04 9.918213e-05 3.814697e-06
0.000000 3.12493e-02 6.29135e-02 6.38331e-02 6.47606e-02 6.52749e-02 6.50807e-02 6.40346e-02 6.21418e-02 5.95303e-02 5.64051e-02 5.29858e-02 4.94503e-02 4.58994e-02 4.23477e-02 3.87411e-02 3.49959e-02 3.10450e-02 2.68779e-02 2.25623e-02 1.82410e-02 1.41059e-02 1.03580e-02 7.16394e-03 4.62263e-03 2.75028e-03 1.48591e-03 7.14066e-04 2.96296e-04 1.01410e-04 2.64416e-05 4.43603e-06 2.91085e-07 3.45294e-46
0.100629 3.05623e-02 6.15633e-02 6.22980e-02 6.22155e-02 6.17732e-02 6.32825e-02 6.61362e-02 6.55695e-02 6.13884e-02 5.71391e-02 5.35104e-02 4.98973e-02 4.62869e-02 4.26924e-02 3.90481e-02 3.52619e-02 3.12634e-02 2.70466e-02 2.26872e-02 1.83342e-02 1.41823e-02 1.04282e-02 7.23197e-03 4.68609e-03 2.80382e-03 1.52519e-03 7.38398e-04 3.08604e-04 1.06237e-04 2.77909e-05 4.66266e-06 3.05265e-07 2.71540e-34
0.201258 2.96668e-02 5.98101e-02 6.04325e-02 6.00057e-02 5.96930e-02 6.25214e-02 6.75696e-02 6.81027e-02 6.33502e-02 5.81809e-02 5.40179e-02 5.01880e-02 4.64879e-02 4.28593e-02 3.92063e-02 3.54093e-02 3.13866e-02 2.71368e-02 2.27511e-02 1.83930e-02 1.42591e-02 1.05360e-02 7.36605e-03 4.82774e-03 2.93024e-03 1.62025e-03 7.97915e-04 3.38830e-04 1.18132e-04 3.11270e-05 5.22540e-06 3.40641e-07 3.34707e-34
0.301887 2.87640e-02 5.80687e-02 5.87391e-02 5.84946e-02 5.89009e-02 6.28434e-02 6.88793e-02 6.97946e-02 6.48101e-02 5.90377e-02 5.42632e-02 5.00658e-02 4.62353e-02 4.26233e-02 3.90576e-02 3.53591e-02 3.14073e-02 2.71936e-02 2.28269e-02 1.84942e-02 1.44020e-02 1.07276e-02 7.59281e-03 5.05911e-03 3.13243e-03 1.77051e-03 8.91438e-04 3.86221e-04 1.36736e-04 3.63117e-05 6.08751e-06 3.93671e-07 4.71816e-34
0.402517 2.79297e-02 5.65114e-02 5.74381e-02 5.77815e-02 5.92329e-02 6.41192e-02 7.03496e-02 7.10044e-02 6.57667e-02 5.95850e-02 5.42728e-02 4.96741e-02 4.56967e-02 4.21520e-02 3.87630e-02 3.52446e-02 3.14032e-02 2.72125e-02 2.28143e-02 1.84482e-02 1.43578e-02 1.07241e-02 7.64689e-03 5.15894e-03 3.24856e-03 1.87316e-03 9.63339e-04 4.25870e-04 1.53245e-04 4.10704e-05 6.88275e-06 4.41528e-07 8.10590e-34
0.503146 2.69283e-02 5.46973e-02 5.61282e-02 5.73881e-02 6.00352e-02 6.55852e-02 7.14189e-02 7.15154e-02 6.61106e-02 5.97313e-02 5.40585e-02 4.91412e-02 4.50556e-02 4.16594e-02 3.85878e-02 3.54023e-02 3.17799e-02 2.76439e-02 2.31703e-02 1.86779e-02 1.44833e-02 1.08008e-02 7.72194e-03 5.25065e-03 3.34905e-03 1.96360e-03 1.02898e-03 4.63393e-04 1.69322e-04 4.57653e-05 7.65753e-06 4.86205e-07 4.99392e-34
0.603775 2.60339e-02 5.32312e-02 5.54389e-02 5.78221e-02 6.16379e-02 6.75081e-02 7.24863e-02 7.17534e-02 6.61299e-02 5.96188e-02 5.36340e-02 4.83727e-02 4.41287e-02 4.08779e-02 3.81866e-02 3.54240e-02 3.20930e-02 2.80461e-02 2.34924e-02 1.88421e-02 1.45039e-02 1.07441e-02 7.65654e-03 5.21638e-03 3.35218e-03 1.98944e-03 1.05844e-03 4.84332e-04 1.79439e-04 4.88867e-05 8.16597e-06 5.12859e-07 3.30725e-34
0.704404 2.52111e-02 5.21249e-02 5.54273e-02 5.90286e-02 6.37645e-02 6.94497e-02 7.32464e-02 7.17091e-02 6.60126e-02 5.94463e-02 5.30728e-02 4.73305e-02 4.28675e-02 3.98027e-02 3.75681e-02 3.52874e-02 3.22910e-02 2.83816e-02 2.38010e-02 1.90301e-02 1.45557e-02 1.07020e-02 7.58298e-03 5.15900e-03 3.32922e-03 1.99468e-03 1.07549e-03 4.99507e-04 1.87533e-04 5.14774e-05 8.57513e-06 5.31355e-07 9.26038e-34
0.805033 2.42961e-02 5.11285e-02 5.58320e-02 6.05818e-02 6.57835e-02 7.07901e-02 7.34247e-02 7.14972e-02 6.60964e-02 5.95415e-02 5.25611e-02 4.61231e-02 4.14470e-02 3.87162e-02 3.70370e-02 3.52272e-02 3.25124e-02 2.87199e-02 2.41406e-02 1.92937e-02 1.47052e-02 1.07434e-02 7.55675e-03 5.11420e-03 3.29851e-03 1.98638e-03 1.08152e-03 5.08420e-04 1.93016e-04 5.33025e-05 8.84605e-06 5.40054e-07 5.77267e-34
0.905662 2.34569e-02 5.06737e-02 5.70353e-02 6.26275e-02 6.76793e-02 7.17182e-02 7.35327e-02 7.16683e-02 6.66925e-02 5.98201e-02 5.17515e-02 4.44556e-02 3.98135e-02 3.77226e-02 3.66616e-02 3.51611e-02 3.25164e-02 2.87107e-02 2.41221e-02 1.92800e-02 1.46866e-02 1.06986e-02 7.48125e-03 5.02843e-03 3.22926e-03 1.94654e-03 1.06659e-03 5.06171e-04 1.93869e-04 5.37500e-05 8.87547e-06 5.33393e-07 7.47732e-34
0.998928 2.26791e-02 5.06154e-02 5.86521e-02 6.45776e-02 6.89594e-02 7.21264e-02 7.36435e-02 7.21879e-02 6.74868e-02 5.98380e-02 5.04640e-02 4.25777e-02 3.84099e-02 3.71505e-02 3.65940e-02 3.51764e-02 3.24185e-02 2.85113e-02 2.39184e-02 1.91543e-02 1.46556e-02 1.07186e-02 7.49731e-03 5.01933e-03 3.20766e-03 1.93072e-03 1.06207e-03 5.07837e-04 1.95824e-04 5.43521e-05 8.90808e-06 5.26537e-07 2.11366e-34
