# tg_mhd (Kokkos FP64)  tgc_slip_cond_n65_re200  N=65 Re=200 h=4.90873852e-02 delta=7.07106781e-02 delta/h=1.440506 layers=33 written=13
# THE ENERGY BUDGET against wall distance. Per probe, one row per term: t, the term,
# its contribution to the BOX MEAN from each of the layers 0..12 (layer k: the nodes
# k cells from the nearest wall, the slab [(k-1/2)h, (k+1/2)h]) and from the rest of
# the box beyond them, so a row sums to the box average. Paper units: energies in
# v0^2, rates in k0 v0^3. With eK = |u|^2/2 and eM = |B|^2/2,
#   d eK/dt = lor + advK + pres + difK - visc
#   d eM/dt = S + advM + difM + cmpM - ohm
# lor = u.(j x B); S = B_i B_j d_j u_i; advK, advM = -u.grad eK, -u.grad eM;
# pres = -u.grad p, p = cs^2 rho/u0^2; difK = nu div(u x w); difM = eta div(B x j);
# cmpM = -|B|^2 div u + (u.B) div B; visc = nu |w|^2; ohm = eta |j|^2. The scheme is
# weakly compressible, so a layer's terms close only to a residual.
# row 'vol': each column's share of the volume
# vol 4.614639e-02 8.798981e-02 8.240509e-02 7.700348e-02 7.178497e-02 6.674957e-02 6.189728e-02 5.722809e-02 5.274200e-02 4.843903e-02 4.431915e-02 4.038239e-02 3.662872e-02 2.262840e-01
0.000000 eK 7.690430e-03 1.462980e-02 1.359899e-02 1.253762e-02 1.145391e-02 1.035886e-02 9.265654e-03 8.188871e-03 7.143653e-03 6.144806e-03 5.205953e-03 4.338789e-03 3.552477e-03 1.089019e-02
0.000000 eM 7.690430e-03 1.457408e-02 1.338369e-02 1.208131e-02 1.070971e-02 9.321080e-03 7.969594e-03 6.704463e-03 5.564889e-03 4.577602e-03 3.756828e-03 3.105823e-03 2.618881e-03 2.294163e-02
0.000000 visc 1.170934e-04 2.346450e-04 2.356655e-04 2.366888e-04 2.371801e-04 2.366492e-04 2.346704e-04 2.309014e-04 2.250994e-04 2.171328e-04 2.069879e-04 1.947695e-04 1.806947e-04 9.588108e-04
0.000000 ohm 4.672460e-04 9.417924e-04 9.579691e-04 9.742955e-04 9.834437e-04 9.803562e-04 9.627431e-04 9.310700e-04 8.880203e-04 8.375489e-04 7.837575e-04 7.298675e-04 6.775482e-04 3.836212e-03
0.000000 S 5.128272e-20 3.587331e-21 2.923872e-20 -4.811472e-20 -2.993366e-21 1.367691e-20 5.088373e-21 4.725725e-21 1.240644e-20 9.498925e-21 -3.559131e-20 9.668520e-21 2.171361e-20 1.187550e-21
0.000000 lor 1.489110e-20 3.313797e-20 -2.004130e-20 1.064769e-19 -5.529398e-20 3.091683e-20 -2.089485e-20 -2.894006e-20 -5.494425e-21 -4.370480e-21 -2.115982e-20 1.379334e-20 -1.635814e-20 9.301793e-21
0.000000 advK -2.023863e-20 1.505436e-20 -8.028874e-20 5.755880e-20 -3.346416e-20 3.208845e-20 3.009651e-20 -2.682582e-21 -2.779612e-20 1.069407e-20 -2.050942e-20 2.172727e-20 2.249403e-20 -3.206123e-20
0.000000 pres 1.258516e-20 -1.512250e-18 -1.111057e-18 6.550668e-18 -1.248241e-19 -4.428924e-18 -9.962482e-19 2.522191e-18 3.024184e-18 -5.400329e-19 -1.629231e-18 -7.819288e-19 -3.495928e-18 2.510796e-18
0.000000 difK -1.135732e-04 -2.041607e-04 -1.722223e-04 -1.393643e-04 -1.063682e-04 -7.405427e-05 -4.324341e-05 -1.471540e-05 1.083283e-05 3.282562e-05 5.084066e-05 6.463196e-05 7.414182e-05 6.321708e-04
0.000000 advM 1.452901e-20 1.032163e-20 1.865682e-20 -1.668197e-20 -3.257601e-20 4.073985e-20 -1.168303e-21 -2.971475e-20 3.456055e-20 1.573069e-20 -6.358519e-22 2.486320e-21 -1.045182e-20 1.016343e-20
0.000000 difM -4.548646e-04 -8.056925e-04 -6.467843e-04 -4.742971e-04 -3.006896e-04 -1.372754e-04 7.159739e-06 1.271805e-04 2.207698e-04 2.886778e-04 3.333001e-04 3.574680e-04 3.635348e-04 1.085427e-03
0.000000 cmpM -1.733266e-20 -7.175158e-21 -2.065505e-20 -5.478948e-20 -7.003324e-21 1.091077e-19 -1.550127e-20 -8.367821e-21 2.842518e-20 -2.813069e-20 2.461376e-20 -2.782408e-20 2.578322e-21 -3.260493e-20
0.100629 eK 7.649396e-03 1.454914e-02 1.352011e-02 1.246062e-02 1.137958e-02 1.028881e-02 9.202016e-03 8.133755e-03 7.098494e-03 6.109964e-03 5.180675e-03 4.321501e-03 3.541258e-03 1.090185e-02
0.100629 eM 7.557884e-03 1.432288e-02 1.315347e-02 1.187463e-02 1.052849e-02 9.166297e-03 7.840978e-03 6.600336e-03 5.482198e-03 4.512232e-03 3.704135e-03 3.061285e-03 2.578701e-03 2.248208e-02
0.100629 visc 1.175299e-04 2.359584e-04 2.381423e-04 2.407081e-04 2.427014e-04 2.432397e-04 2.416402e-04 2.375036e-04 2.307265e-04 2.214460e-04 2.099475e-04 1.965768e-04 1.816865e-04 9.754281e-04
0.100629 ohm 4.621837e-04 9.316112e-04 9.476506e-04 9.637995e-04 9.727543e-04 9.694800e-04 9.517227e-04 9.200025e-04 8.770672e-04 8.269266e-04 7.736990e-04 7.205613e-04 6.690699e-04 3.772814e-03
0.100629 S 2.949232e-04 5.623941e-04 5.224058e-04 4.810122e-04 4.410035e-04 4.032876e-04 3.661621e-04 3.262482e-04 2.805036e-04 2.281057e-04 1.712785e-04 1.148802e-04 6.513151e-05 4.992566e-04
0.100629 lor -2.338104e-04 -5.189929e-04 -6.467594e-04 -8.015421e-04 -9.311359e-04 -9.923471e-04 -9.615500e-04 -8.398359e-04 -6.506766e-04 -4.309590e-04 -2.188155e-04 -4.282126e-05 8.365928e-05 1.374839e-03
0.100629 advK 2.616314e-05 5.551944e-05 5.742553e-05 4.995989e-05 3.162301e-05 6.278425e-06 -1.953342e-05 -3.946075e-05 -4.942087e-05 -4.848451e-05 -3.864103e-05 -2.379366e-05 -8.411975e-06 9.075050e-06
0.100629 pres 2.518484e-04 4.669222e-04 4.368503e-04 4.204221e-04 4.034600e-04 3.732288e-04 3.232085e-04 2.549218e-04 1.765790e-04 9.948551e-05 3.383502e-05 -1.440618e-05 -4.436387e-05 4.280549e-04
0.100629 difK -1.173786e-04 -2.104448e-04 -1.760564e-04 -1.403046e-04 -1.045842e-04 -7.034522e-05 -3.882570e-05 -1.086284e-05 1.314947e-05 3.316367e-05 4.930985e-05 6.174407e-05 7.057769e-05 6.226932e-04
0.100629 advM -2.024495e-05 -7.859520e-05 -1.531883e-04 -2.293847e-04 -2.813149e-04 -2.931166e-04 -2.612470e-04 -1.935462e-04 -1.056106e-04 -1.568421e-05 6.047872e-05 1.133569e-04 1.409525e-04 2.256449e-04
0.100629 difM -4.460364e-04 -7.899212e-04 -6.340831e-04 -4.650995e-04 -2.952071e-04 -1.355078e-04 5.456865e-06 1.225304e-04 2.139684e-04 2.807193e-04 3.252312e-04 3.501927e-04 3.576224e-04 1.073840e-03
0.100629 cmpM 4.782684e-04 8.805793e-04 7.569258e-04 6.085492e-04 4.467607e-04 2.885699e-04 1.505954e-04 4.387180e-05 -2.872912e-05 -7.197270e-05 -9.524005e-05 -1.084761e-04 -1.188993e-04 -9.985748e-04
0.201258 eK 7.599190e-03 1.444956e-02 1.342015e-02 1.235977e-02 1.127989e-02 1.019501e-02 9.120472e-03 8.070550e-03 7.057649e-03 6.092349e-03 5.183969e-03 4.341049e-03 3.571383e-03 1.122782e-02
0.201258 eM 7.423504e-03 1.407199e-02 1.292960e-02 1.168170e-02 1.036990e-02 9.044080e-03 7.754892e-03 6.547283e-03 5.456244e-03 4.505304e-03 3.707259e-03 3.066064e-03 2.578686e-03 2.213850e-02
0.201258 visc 1.202734e-04 2.427857e-04 2.484888e-04 2.556527e-04 2.620025e-04 2.654789e-04 2.647008e-04 2.592062e-04 2.493935e-04 2.362220e-04 2.208250e-04 2.041914e-04 1.870105e-04 1.039770e-03
0.201258 ohm 4.621203e-04 9.317518e-04 9.484511e-04 9.653791e-04 9.749600e-04 9.719797e-04 9.541463e-04 9.220725e-04 8.786815e-04 8.281805e-04 7.748442e-04 7.218970e-04 6.707813e-04 3.754911e-03
0.201258 S -6.659188e-05 -8.467110e-05 -2.437238e-06 8.139592e-05 1.535566e-04 2.077627e-04 2.402107e-04 2.471435e-04 2.253101e-04 1.739623e-04 9.665455e-05 1.870572e-06 -9.772994e-05 -1.437816e-03
0.201258 lor -1.114270e-04 -2.825442e-04 -4.283387e-04 -5.964565e-04 -7.190238e-04 -7.420000e-04 -6.408742e-04 -4.272867e-04 -1.438481e-04 1.506143e-04 3.997100e-04 5.654399e-04 6.363472e-04 3.279763e-03
0.201258 advK 5.671882e-05 1.088170e-04 8.765146e-05 4.535049e-05 -1.232910e-05 -7.255049e-05 -1.208091e-04 -1.458668e-04 -1.426987e-04 -1.132296e-04 -6.532062e-05 -1.052452e-05 3.893882e-05 3.196899e-04
0.201258 pres -1.187416e-04 -1.928562e-04 -8.424405e-05 4.493605e-05 1.532356e-04 2.099408e-04 2.015164e-04 1.337578e-04 2.892524e-05 -8.140469e-05 -1.657779e-04 -2.018844e-04 -1.824595e-04 1.795311e-03
0.201258 difK -1.272285e-04 -2.262056e-04 -1.841573e-04 -1.392752e-04 -9.508471e-05 -5.504667e-05 -2.158350e-05 4.453235e-06 2.369487e-05 3.768033e-05 4.811291e-05 5.627208e-05 6.276470e-05 6.058755e-04
0.201258 advM -1.872050e-04 -3.835813e-04 -4.046360e-04 -4.008290e-04 -3.456113e-04 -2.315931e-04 -6.971155e-05 1.156898e-04 2.941352e-04 4.368174e-04 5.233239e-04 5.459849e-04 5.108622e-04 1.513836e-04
0.201258 difM -4.375948e-04 -7.746891e-04 -6.214406e-04 -4.556230e-04 -2.895969e-04 -1.343785e-04 1.897382e-06 1.147313e-04 2.030954e-04 2.685037e-04 3.136508e-04 3.410427e-04 3.520591e-04 1.079833e-03
0.201258 cmpM -3.489535e-04 -6.312266e-04 -5.304005e-04 -4.208584e-04 -3.102320e-04 -2.061265e-04 -1.147568e-04 -4.012403e-05 1.624054e-05 5.508736e-05 7.893590e-05 9.136171e-05 9.626257e-05 1.280085e-03
0.301887 eK 7.567497e-03 1.437787e-02 1.333138e-02 1.225092e-02 1.115442e-02 1.006249e-02 8.993904e-03 7.962785e-03 6.978208e-03 6.045730e-03 5.169568e-03 4.354280e-03 3.605322e-03 1.167861e-02
0.301887 eM 7.321328e-03 1.387556e-02 1.274434e-02 1.151184e-02 1.022245e-02 8.926440e-03 7.672267e-03 6.500767e-03 5.442166e-03 4.515848e-03 3.732027e-03 3.094133e-03 2.600717e-03 2.186879e-02
0.301887 visc 1.240893e-04 2.528373e-04 2.647956e-04 2.798531e-04 2.932318e-04 3.008795e-04 3.005156e-04 2.919709e-04 2.767854e-04 2.573681e-04 2.361294e-04 2.148957e-04 1.947071e-04 1.142085e-03
0.301887 ohm 4.693707e-04 9.470880e-04 9.656359e-04 9.843184e-04 9.946721e-04 9.910852e-04 9.713755e-04 9.365911e-04 8.901984e-04 8.369204e-04 7.814607e-04 7.273196e-04 6.759463e-04 3.770193e-03
0.301887 S -1.650455e-04 -2.807571e-04 -1.929317e-04 -9.727525e-05 -5.777175e-06 7.362258e-05 1.318699e-04 1.588712e-04 1.470866e-04 9.489774e-05 7.603797e-06 -1.035782e-04 -2.231184e-04 -2.127009e-03
0.301887 lor -1.843191e-05 -1.433988e-04 -4.041497e-04 -7.072394e-04 -9.378018e-04 -1.009455e-03 -8.866500e-04 -5.896718e-04 -1.826898e-04 2.488384e-04 6.234220e-04 8.845476e-04 1.012383e-03 6.877526e-03
0.301887 advK 1.052541e-04 2.035645e-04 1.711898e-04 1.068668e-04 2.040195e-05 -6.891027e-05 -1.410942e-04 -1.817929e-04 -1.848889e-04 -1.525844e-04 -9.430653e-05 -2.473236e-05 3.948645e-05 2.004154e-04
0.301887 pres -4.997752e-04 -8.692038e-04 -5.956967e-04 -2.835521e-04 -1.033639e-05 1.708619e-04 2.349700e-04 1.844918e-04 4.587661e-05 -1.374126e-04 -3.153827e-04 -4.445587e-04 -5.002544e-04 -1.521419e-03
0.301887 difK -1.490027e-04 -2.617315e-04 -2.040405e-04 -1.409092e-04 -8.040950e-05 -2.973595e-05 7.034064e-06 2.968121e-05 4.105474e-05 4.543135e-05 4.687415e-05 4.818534e-05 5.061911e-05 5.765257e-04
0.301887 advM -2.332987e-04 -4.971841e-04 -5.597212e-04 -5.874843e-04 -5.349916e-04 -3.888315e-04 -1.643843e-04 1.034828e-04 3.715442e-04 5.983500e-04 7.523660e-04 8.180072e-04 7.988223e-04 1.504195e-03
0.301887 difM -4.377616e-04 -7.722042e-04 -6.144022e-04 -4.450408e-04 -2.782277e-04 -1.255383e-04 5.592229e-06 1.121300e-04 1.946375e-04 2.559113e-04 2.994603e-04 3.280757e-04 3.427754e-04 1.091313e-03
0.301887 cmpM -3.257710e-04 -5.960324e-04 -5.021627e-04 -3.929928e-04 -2.807260e-04 -1.774603e-04 -9.252919e-05 -3.107954e-05 6.029475e-06 2.138494e-05 1.974061e-05 6.753047e-06 -1.197685e-05 -1.397335e-03
0.402517 eK 7.509693e-03 1.425456e-02 1.318815e-02 1.208342e-02 1.096833e-02 9.871657e-03 8.815652e-03 7.812710e-03 6.866607e-03 5.976386e-03 5.140487e-03 4.359402e-03 3.636353e-03 1.218991e-02
0.402517 eM 7.241815e-03 1.371459e-02 1.257857e-02 1.134638e-02 1.006854e-02 8.796892e-03 7.577057e-03 6.444317e-03 5.422684e-03 4.526200e-03 3.761391e-03 3.130060e-03 2.631499e-03 2.150789e-02
0.402517 visc 1.282094e-04 2.649595e-04 2.866632e-04 3.133250e-04 3.360493e-04 3.480673e-04 3.464757e-04 3.322843e-04 3.091223e-04 2.814720e-04 2.532263e-04 2.269549e-04 2.038383e-04 1.270192e-03
0.402517 ohm 4.836018e-04 9.772067e-04 9.992834e-04 1.021039e-03 1.032388e-03 1.027261e-03 1.003949e-03 9.643368e-04 9.126453e-04 8.541964e-04 7.942912e-04 7.370687e-04 6.843753e-04 3.788984e-03
0.402517 S 2.200827e-04 4.051565e-04 3.654879e-04 3.421138e-04 3.430715e-04 3.639135e-04 3.865608e-04 3.888249e-04 3.557965e-04 2.852353e-04 1.852972e-04 6.872905e-05 -5.105315e-05 -1.053736e-03
0.402517 lor -1.404919e-04 -4.675124e-04 -9.200153e-04 -1.439628e-03 -1.835004e-03 -1.975233e-03 -1.815224e-03 -1.390906e-03 -7.948079e-04 -1.451676e-04 4.431234e-04 8.826913e-04 1.130713e-03 6.642360e-03
0.402517 advK 1.416994e-04 2.738565e-04 2.287076e-04 1.406057e-04 2.511631e-05 -9.256772e-05 -1.896518e-04 -2.509125e-04 -2.685990e-04 -2.415078e-04 -1.757341e-04 -8.571114e-05 7.601853e-06 4.483516e-04
0.402517 pres -2.850690e-04 -4.880497e-04 -2.701193e-04 1.182876e-06 2.466736e-04 4.076887e-04 4.512833e-04 3.712444e-04 1.873409e-04 -5.740143e-05 -3.041854e-04 -4.931007e-04 -5.824116e-04 -1.119377e-04
0.402517 difK -1.798600e-04 -3.114188e-04 -2.294139e-04 -1.388135e-04 -5.567820e-05 7.591422e-06 4.589672e-05 6.144893e-05 6.111881e-05 5.300331e-05 4.378547e-05 3.755147e-05 3.586831e-05 5.502287e-04
0.402517 advM -1.840545e-04 -4.636082e-04 -6.391565e-04 -7.747032e-04 -7.959084e-04 -6.779943e-04 -4.379176e-04 -1.184294e-04 2.270810e-04 5.448648e-04 7.876274e-04 9.217391e-04 9.357726e-04 1.197980e-03
0.402517 difM -4.473236e-04 -7.829668e-04 -6.118140e-04 -4.314021e-04 -2.595510e-04 -1.084149e-04 1.646229e-05 1.147971e-04 1.893937e-04 2.443778e-04 2.840871e-04 3.120597e-04 3.297150e-04 1.098991e-03
0.402517 cmpM -4.483088e-05 -8.365982e-05 -7.399954e-05 -6.490326e-05 -5.739510e-05 -5.113700e-05 -4.532770e-05 -3.938331e-05 -3.339189e-05 -2.826130e-05 -2.537550e-05 -2.579402e-05 -2.944210e-05 -1.813602e-04
0.503146 eK 7.437208e-03 1.410445e-02 1.301863e-02 1.189054e-02 1.076148e-02 9.669037e-03 8.637124e-03 7.673742e-03 6.775319e-03 5.933680e-03 5.141926e-03 4.397362e-03 3.701636e-03 1.297352e-02
0.503146 eM 7.114248e-03 1.346022e-02 1.232338e-02 1.109953e-02 9.846899e-03 8.617452e-03 7.451190e-03 6.375406e-03 5.406760e-03 4.553820e-03 3.819303e-03 3.202522e-03 2.702200e-03 2.131119e-02
0.503146 visc 1.326141e-04 2.796127e-04 3.152481e-04 3.570516e-04 3.902290e-04 4.051674e-04 3.993940e-04 3.764747e-04 3.431123e-04 3.061893e-04 2.708968e-04 2.401583e-04 2.149387e-04 1.430577e-03
0.503146 ohm 4.986003e-04 1.010172e-03 1.038390e-03 1.065288e-03 1.078488e-03 1.071881e-03 1.044978e-03 1.000859e-03 9.442082e-04 8.802978e-04 8.146943e-04 7.526467e-04 6.974543e-04 3.869011e-03
0.503146 S 4.076131e-04 7.196711e-04 5.819285e-04 4.709005e-04 4.155412e-04 4.112442e-04 4.268713e-04 4.267462e-04 3.904426e-04 3.189080e-04 2.264686e-04 1.278317e-04 3.133980e-05 -1.486530e-04
0.503146 lor -1.053489e-04 -4.862071e-04 -1.143350e-03 -1.878979e-03 -2.427021e-03 -2.627957e-03 -2.442452e-03 -1.926299e-03 -1.191954e-03 -3.755296e-04 3.868943e-04 9.806405e-04 1.335594e-03 7.095063e-03
0.503146 advK 2.175713e-04 4.130142e-04 3.341637e-04 2.027987e-04 4.476535e-05 -1.104619e-04 -2.400146e-04 -3.288334e-04 -3.665645e-04 -3.470414e-04 -2.725944e-04 -1.586612e-04 -3.250751e-05 6.586596e-04
0.503146 pres -1.115526e-04 -1.337304e-04 1.450816e-04 5.090500e-04 8.478401e-04 1.076868e-03 1.142681e-03 1.025472e-03 7.418094e-04 3.464312e-04 -7.325084e-05 -4.175838e-04 -6.086622e-04 1.000563e-05
0.503146 difK -2.219510e-04 -3.770823e-04 -2.581624e-04 -1.292793e-04 -1.868759e-05 5.601590e-05 9.123749e-05 9.457030e-05 7.885082e-05 5.653194e-05 3.645211e-05 2.319827e-05 1.806369e-05 5.174393e-04
0.503146 advM -1.627618e-04 -4.712839e-04 -7.338941e-04 -9.433246e-04 -1.004925e-03 -8.936589e-04 -6.339881e-04 -2.742523e-04 1.310262e-04 5.265565e-04 8.556023e-04 1.065019e-03 1.121276e-03 1.089817e-03
0.503146 difM -4.615831e-04 -7.976152e-04 -6.046100e-04 -4.080605e-04 -2.311882e-04 -8.504518e-05 2.954941e-05 1.170613e-04 1.826679e-04 2.304541e-04 2.642620e-04 2.886130e-04 3.071407e-04 1.103626e-03
0.503146 cmpM 7.448622e-05 1.240268e-04 8.158954e-05 3.636420e-05 -2.851813e-06 -3.018191e-05 -4.351885e-05 -4.400065e-05 -3.493702e-05 -2.061757e-05 -5.124889e-06 8.638939e-06 1.933682e-05 8.155615e-04
0.603775 eK 7.403181e-03 1.401991e-02 1.289053e-02 1.171256e-02 1.054711e-02 9.442598e-03 8.423804e-03 7.492745e-03 6.637588e-03 5.843039e-03 5.097385e-03 4.394871e-03 3.734797e-03 1.357525e-02
0.603775 eM 7.029146e-03 1.327476e-02 1.211076e-02 1.087091e-02 9.625335e-03 8.426149e-03 7.306004e-03 6.283082e-03 5.366981e-03 4.561696e-03 3.865975e-03 3.274439e-03 2.781801e-03 2.112880e-02
0.603775 visc 1.370463e-04 2.974828e-04 3.528165e-04 4.131886e-04 4.562683e-04 4.705478e-04 4.560331e-04 4.206959e-04 3.751844e-04 3.286942e-04 2.871477e-04 2.532181e-04 2.272236e-04 1.611037e-03
0.603775 ohm 5.204763e-04 1.059291e-03 1.097632e-03 1.131604e-03 1.146068e-03 1.136185e-03 1.104134e-03 1.054735e-03 9.924217e-04 9.210488e-04 8.457402e-04 7.737686e-04 7.118924e-04 3.953558e-03
0.603775 S 3.961096e-04 6.395132e-04 4.115115e-04 2.386589e-04 1.699160e-04 1.887154e-04 2.387253e-04 2.641639e-04 2.395683e-04 1.748390e-04 9.720977e-05 2.648008e-05 -3.585793e-05 -5.912904e-04
0.603775 lor 1.015285e-04 -1.747403e-04 -1.046598e-03 -1.978014e-03 -2.640765e-03 -2.874546e-03 -2.665275e-03 -2.091100e-03 -1.272363e-03 -3.462297e-04 5.414080e-04 1.251550e-03 1.687427e-03 9.979623e-03
0.603775 advK 2.666341e-04 4.943851e-04 3.823908e-04 2.237371e-04 4.845124e-05 -1.188301e-04 -2.598846e-04 -3.612503e-04 -4.102219e-04 -3.960596e-04 -3.181821e-04 -1.935163e-04 -5.436728e-05 5.530164e-04
0.603775 pres -8.459673e-04 -1.428905e-03 -8.624352e-04 -2.018136e-04 4.056187e-04 8.574546e-04 1.087348e-03 1.063091e-03 7.927362e-04 3.357251e-04 -1.943003e-04 -6.539544e-04 -9.239537e-04 -2.668880e-03
0.603775 difK -2.866305e-04 -4.743928e-04 -2.952818e-04 -1.110844e-04 3.350912e-05 1.182677e-04 1.455913e-04 1.321732e-04 9.852011e-05 6.133498e-05 3.065881e-05 1.065868e-05 1.898399e-06 4.947350e-04
0.603775 advM -1.447641e-04 -4.844224e-04 -8.265221e-04 -1.091090e-03 -1.174795e-03 -1.064579e-03 -7.958683e-04 -4.168255e-04 2.840505e-05 4.937093e-04 9.162131e-04 1.218388e-03 1.338620e-03 2.499532e-03
0.603775 difM -4.947148e-04 -8.365589e-04 -6.022502e-04 -3.776527e-04 -1.924606e-04 -5.264159e-05 5.024661e-05 1.279448e-04 1.871835e-04 2.286727e-04 2.529800e-04 2.663704e-04 2.786045e-04 1.079490e-03
0.603775 cmpM 6.065730e-05 1.062250e-04 8.581081e-05 6.549061e-05 4.642156e-05 2.953759e-05 1.538084e-05 3.934316e-06 -5.457769e-06 -1.385241e-05 -2.234068e-05 -3.170913e-05 -4.211844e-05 -8.665125e-04
0.704404 eK 7.346761e-03 1.388482e-02 1.269831e-02 1.146331e-02 1.026620e-02 9.163650e-03 8.175408e-03 7.292182e-03 6.491107e-03 5.749604e-03 5.052551e-03 4.392955e-03 3.769325e-03 1.442025e-02
0.704404 eM 6.975409e-03 1.313627e-02 1.192009e-02 1.064390e-02 9.392421e-03 8.215598e-03 7.136021e-03 6.162127e-03 5.298206e-03 4.545856e-03 3.899730e-03 3.346455e-03 2.872361e-03 2.104523e-02
0.704404 visc 1.419684e-04 3.212870e-04 4.034206e-04 4.841760e-04 5.337091e-04 5.413377e-04 5.125660e-04 4.616083e-04 4.032162e-04 3.480874e-04 3.019568e-04 2.666195e-04 2.414169e-04 1.813513e-03
0.704404 ohm 5.476587e-04 1.123209e-03 1.177184e-03 1.219384e-03 1.233248e-03 1.218042e-03 1.180502e-03 1.127127e-03 1.060026e-03 9.789859e-04 8.879289e-04 7.985692e-04 7.247500e-04 4.049504e-03
0.704404 S 3.759222e-04 5.399711e-04 2.170590e-04 -7.010655e-06 -6.928311e-05 -1.119497e-05 7.813583e-05 1.230814e-04 9.958023e-05 3.513779e-05 -2.456545e-05 -5.600156e-05 -7.013829e-05 -4.331751e-04
0.704404 lor 3.572613e-04 2.103194e-04 -8.967012e-04 -2.006431e-03 -2.754282e-03 -3.007973e-03 -2.788507e-03 -2.187754e-03 -1.316608e-03 -3.011599e-04 7.006792e-04 1.512635e-03 2.002092e-03 1.111129e-02
0.704404 advK 3.543095e-04 6.276953e-04 4.467905e-04 2.436325e-04 4.322113e-05 -1.441089e-04 -3.058537e-04 -4.270418e-04 -4.890201e-04 -4.752029e-04 -3.839281e-04 -2.371186e-04 -7.494715e-05 7.376415e-04
0.704404 pres -7.550065e-04 -1.252525e-03 -6.986129e-04 -5.488309e-05 5.567831e-04 1.044853e-03 1.329716e-03 1.349499e-03 1.078273e-03 5.560277e-04 -9.060307e-05 -6.745749e-04 -1.029702e-03 -6.452039e-04
0.704404 difK -3.764374e-04 -5.984071e-04 -3.252502e-04 -7.012773e-05 1.069266e-04 1.918594e-04 2.008044e-04 1.639589e-04 1.102551e-04 5.932860e-05 2.072308e-05 -3.037418e-06 -1.273769e-05 4.742643e-04
0.704404 advM -1.143897e-04 -4.639616e-04 -8.558579e-04 -1.132831e-03 -1.209645e-03 -1.098765e-03 -8.437674e-04 -4.799061e-04 -2.557918e-05 4.912675e-04 9.975907e-04 1.378130e-03 1.534452e-03 2.717880e-03
0.704404 difM -5.504869e-04 -8.997004e-04 -5.981948e-04 -3.358012e-04 -1.438855e-04 -1.482698e-05 7.543286e-05 1.478559e-04 2.071293e-04 2.439370e-04 2.519143e-04 2.427628e-04 2.398928e-04 1.019556e-03
0.704404 cmpM -3.775623e-04 -6.548919e-04 -5.067286e-04 -3.573808e-04 -2.200558e-04 -1.030573e-04 -9.905407e-06 5.913845e-05 1.057388e-04 1.328052e-04 1.436570e-04 1.412247e-04 1.281918e-04 2.407912e-04
0.805033 eK 7.301757e-03 1.376878e-02 1.251644e-02 1.122221e-02 9.998615e-03 8.906233e-03 7.955331e-03 7.122972e-03 6.375453e-03 5.684459e-03 5.032984e-03 4.413585e-03 3.824036e-03 1.522197e-02
0.805033 eM 6.884911e-03 1.292438e-02 1.165676e-02 1.035225e-02 9.107223e-03 7.964226e-03 6.932893e-03 6.012948e-03 5.207117e-03 4.517701e-03 3.934526e-03 3.431762e-03 2.983283e-03 2.107960e-02
0.805033 visc 1.481822e-04 3.543595e-04 4.699129e-04 5.693253e-04 6.188576e-04 6.129519e-04 5.656854e-04 4.981765e-04 4.280915e-04 3.662392e-04 3.173865e-04 2.822098e-04 2.590585e-04 2.044251e-03
0.805033 ohm 5.729338e-04 1.189584e-03 1.265233e-03 1.315358e-03 1.326994e-03 1.307258e-03 1.268499e-03 1.217073e-03 1.148756e-03 1.055597e-03 9.406200e-04 8.251066e-04 7.351600e-04 4.165465e-03
0.805033 S 5.394570e-04 7.745914e-04 3.130794e-04 1.599200e-05 -4.944192e-05 3.843408e-05 1.520485e-04 1.973826e-04 1.578446e-04 8.515471e-05 4.418545e-05 5.338205e-05 7.933678e-05 3.895335e-04
0.805033 lor 4.907746e-04 3.016514e-04 -1.092513e-03 -2.384805e-03 -3.207088e-03 -3.478413e-03 -3.255118e-03 -2.625929e-03 -1.676852e-03 -5.273598e-04 6.277312e-04 1.552629e-03 2.086183e-03 1.131285e-02
0.805033 advK 4.039938e-04 6.809592e-04 4.499067e-04 2.448844e-04 5.976383e-05 -1.188285e-04 -2.861946e-04 -4.251697e-04 -5.072586e-04 -5.051986e-04 -4.134276e-04 -2.591420e-04 -9.159207e-05 8.241090e-04
0.805033 pres -1.570156e-04 -1.391028e-04 2.438138e-04 6.422093e-04 1.004551e-03 1.291133e-03 1.431825e-03 1.341479e-03 9.602681e-04 3.148190e-04 -4.422251e-04 -1.077543e-03 -1.405906e-03 -4.099285e-03
0.805033 difK -4.888065e-04 -7.369837e-04 -3.345675e-04 -1.857081e-06 1.981408e-04 2.700153e-04 2.508968e-04 1.865441e-04 1.126682e-04 4.949326e-05 4.564174e-06 -2.161260e-05 -3.080867e-05 4.644087e-04
0.805033 advM -5.489783e-05 -4.120680e-04 -8.822496e-04 -1.188588e-03 -1.285689e-03 -1.215102e-03 -1.017052e-03 -6.953038e-04 -2.296221e-04 3.638288e-04 9.760668e-04 1.430986e-03 1.599584e-03 2.890655e-03
0.805033 difM -6.228297e-04 -9.706859e-04 -5.793830e-04 -2.808182e-04 -9.195643e-05 1.974046e-05 9.926736e-05 1.754755e-04 2.432916e-04 2.742313e-04 2.533946e-04 2.076136e-04 1.846889e-04 9.317064e-04
0.805033 cmpM 3.901341e-05 6.262447e-05 3.269993e-05 -9.500930e-07 -3.111622e-05 -5.448505e-05 -6.882117e-05 -7.361137e-05 -7.054745e-05 -6.304433e-05 -5.477109e-05 -4.729285e-05 -3.921591e-05 4.249891e-04
0.905662 eK 7.274208e-03 1.367252e-02 1.233113e-02 1.096526e-02 9.713549e-03 8.634669e-03 7.724100e-03 6.943102e-03 6.247711e-03 5.605299e-03 4.997880e-03 4.417591e-03 3.861244e-03 1.595420e-02
0.905662 eM 6.802385e-03 1.271905e-02 1.138865e-02 1.005173e-02 8.811303e-03 7.697695e-03 6.707226e-03 5.834935e-03 5.087041e-03 4.468003e-03 3.958117e-03 3.511676e-03 3.087582e-03 2.102413e-02
0.905662 visc 1.558071e-04 3.992954e-04 5.543763e-04 6.674628e-04 7.083470e-04 6.819230e-04 6.134932e-04 5.302255e-04 4.505345e-04 3.839865e-04 3.340245e-04 3.003053e-04 2.803072e-04 2.291816e-03
0.905662 ohm 6.002298e-04 1.269169e-03 1.372096e-03 1.426732e-03 1.433617e-03 1.411703e-03 1.378121e-03 1.334590e-03 1.264708e-03 1.149759e-03 9.962815e-04 8.449580e-04 7.389677e-04 4.263712e-03
0.905662 S 5.680034e-04 7.438305e-04 1.673163e-04 -1.620079e-04 -1.966673e-04 -6.129677e-05 8.015765e-05 1.238442e-04 7.038419e-05 2.037044e-06 -2.569725e-06 5.338075e-05 1.066868e-04 7.391061e-04
0.905662 lor 6.838711e-04 4.924702e-04 -1.156654e-03 -2.556045e-03 -3.403785e-03 -3.689079e-03 -3.484370e-03 -2.844998e-03 -1.821392e-03 -5.465245e-04 7.134668e-04 1.652530e-03 2.119103e-03 1.247052e-02
0.905662 advK 4.741636e-04 7.474124e-04 4.471986e-04 2.443189e-04 7.886875e-05 -8.884935e-05 -2.590452e-04 -4.091400e-04 -5.002538e-04 -4.977105e-04 -3.976582e-04 -2.377488e-04 -7.725979e-05 5.994240e-04
0.905662 pres -8.498674e-04 -1.389037e-03 -7.949105e-04 -1.326405e-04 5.926981e-04 1.297186e-03 1.815330e-03 1.970597e-03 1.656578e-03 9.254037e-04 2.046508e-05 -7.291466e-04 -1.111574e-03 -2.756494e-03
0.905662 difK -6.368204e-04 -8.996444e-04 -3.218299e-04 9.243699e-05 3.021530e-04 3.471669e-04 2.931006e-04 2.009429e-04 1.095418e-04 3.679826e-05 -1.291777e-05 -4.049346e-05 -4.742644e-05 4.648459e-04
0.905662 advM -2.293467e-05 -4.130792e-04 -9.262856e-04 -1.218885e-03 -1.321310e-03 -1.297957e-03 -1.161652e-03 -8.635676e-04 -3.454129e-04 3.603656e-04 1.069741e-03 1.532644e-03 1.625897e-03 3.096254e-03
0.905662 difM -7.175466e-04 -1.049932e-03 -5.452262e-04 -2.187474e-04 -4.378302e-05 4.929763e-05 1.281860e-04 2.220816e-04 3.034869e-04 3.161028e-04 2.436288e-04 1.484971e-04 1.126781e-04 8.362079e-04
0.905662 cmpM 2.981129e-04 5.395301e-04 4.408393e-04 3.319016e-04 2.262870e-04 1.306264e-04 5.081470e-05 -1.003099e-05 -5.257443e-05 -8.120541e-05 -1.017021e-04 -1.163258e-04 -1.228099e-04 -1.015844e-03
1.006291 eK 7.234829e-03 1.354528e-02 1.210479e-02 1.067252e-02 9.409202e-03 8.361566e-03 7.503481e-03 6.779294e-03 6.137061e-03 5.542537e-03 4.978185e-03 4.435761e-03 3.910985e-03 1.689986e-02
1.006291 eM 6.691507e-03 1.245777e-02 1.106953e-02 9.711003e-03 8.484112e-03 7.403482e-03 6.454588e-03 5.633060e-03 4.951990e-03 4.415917e-03 3.988138e-03 3.596872e-03 3.188754e-03 2.097532e-02
1.006291 visc 1.655004e-04 4.579877e-04 6.562506e-04 7.748356e-04 7.972993e-04 7.449794e-04 6.555810e-04 5.594564e-04 4.730598e-04 4.037610e-04 3.537951e-04 3.222559e-04 3.060749e-04 2.564355e-03
1.006291 ohm 6.247630e-04 1.354148e-03 1.488515e-03 1.542909e-03 1.544799e-03 1.526893e-03 1.506890e-03 1.475665e-03 1.399630e-03 1.249396e-03 1.043689e-03 8.533076e-04 7.382497e-04 4.371606e-03
1.006291 S 3.150957e-04 1.864376e-04 -4.200107e-04 -6.794913e-04 -5.944434e-04 -3.435921e-04 -1.247199e-04 -4.631386e-05 -8.491447e-05 -1.241766e-04 -7.945126e-05 1.223215e-05 6.323376e-05 -4.342741e-04
1.006291 lor 9.700147e-04 8.917336e-04 -8.914105e-04 -2.249332e-03 -3.024439e-03 -3.280441e-03 -3.080209e-03 -2.434650e-03 -1.375685e-03 -6.954826e-05 1.155404e-03 1.967671e-03 2.272571e-03 1.297871e-02
1.006291 advK 5.232253e-04 7.494337e-04 3.723178e-04 1.766651e-04 2.653910e-05 -1.423056e-04 -3.246834e-04 -4.832369e-04 -5.669778e-04 -5.391518e-04 -4.057760e-04 -2.207136e-04 -5.316303e-05 9.766620e-04
1.006291 pres -9.836555e-04 -1.586813e-03 -9.659733e-04 -3.137030e-04 4.614763e-04 1.258494e-03 1.849937e-03 2.016829e-03 1.657258e-03 8.731095e-04 -2.759592e-05 -6.916879e-04 -9.576339e-04 -2.313275e-03
1.006291 difK -8.228575e-04 -1.080352e-03 -2.782754e-04 2.126356e-04 4.108964e-04 4.141752e-04 3.224684e-04 2.073325e-04 1.047301e-04 2.642744e-05 -2.734449e-05 -5.674546e-05 -6.054489e-05 4.736547e-04
1.006291 advM -7.481590e-05 -5.389356e-04 -9.878148e-04 -1.171381e-03 -1.226577e-03 -1.216449e-03 -1.101014e-03 -7.820486e-04 -1.950624e-04 5.802157e-04 1.288378e-03 1.651786e-03 1.605818e-03 2.781760e-03
1.006291 difM -8.289705e-04 -1.126013e-03 -4.946074e-04 -1.555338e-04 -2.552314e-06 7.789505e-05 1.695832e-04 2.894854e-04 3.771198e-04 3.478293e-04 2.016522e-04 5.886667e-05 3.214541e-05 7.592993e-04
1.006291 cmpM -2.634442e-04 -4.551501e-04 -3.655881e-04 -2.833456e-04 -2.082102e-04 -1.434416e-04 -8.806997e-05 -4.017695e-05 2.786505e-06 4.139319e-05 7.259013e-05 9.396388e-05 1.066267e-04 1.175586e-03
1.106921 eK 7.226036e-03 1.346917e-02 1.191748e-02 1.041448e-02 9.138104e-03 8.117161e-03 7.302806e-03 6.625814e-03 6.030101e-03 5.481249e-03 4.960607e-03 4.456621e-03 3.962223e-03 1.774324e-02
1.106921 eM 6.551027e-03 1.214031e-02 1.070325e-02 9.335163e-03 8.128959e-03 7.083439e-03 6.178439e-03 5.414937e-03 4.812919e-03 4.370610e-03 4.025325e-03 3.677577e-03 3.270992e-03 2.087231e-02
1.106921 visc 1.772182e-04 5.294730e-04 7.720440e-04 8.861361e-04 8.808655e-04 7.999129e-04 6.922260e-04 5.872471e-04 4.971933e-04 4.268115e-04 3.774562e-04 3.483222e-04 3.362760e-04 2.858982e-03
1.106921 ohm 6.461444e-04 1.444120e-03 1.612077e-03 1.661141e-03 1.660722e-03 1.655134e-03 1.655437e-03 1.635852e-03 1.542966e-03 1.341439e-03 1.074786e-03 8.509564e-04 7.385047e-04 4.486742e-03
1.106921 S 2.472499e-04 -3.181519e-05 -7.067395e-04 -9.441509e-04 -7.972586e-04 -4.875380e-04 -2.368018e-04 -1.513655e-04 -1.787086e-04 -1.740421e-04 -7.150242e-05 4.071237e-05 6.311311e-05 -7.397388e-04
1.106921 lor 1.099508e-03 9.637778e-04 -9.279197e-04 -2.218118e-03 -2.925543e-03 -3.167115e-03 -2.966011e-03 -2.280850e-03 -1.147321e-03 1.916843e-04 1.322344e-03 1.928481e-03 2.042302e-03 1.389091e-02
1.106921 advK 5.650994e-04 7.327675e-04 2.932625e-04 1.271566e-04 1.490391e-05 -1.344878e-04 -3.129040e-04 -4.687917e-04 -5.392281e-04 -4.872204e-04 -3.324064e-04 -1.458837e-04 -1.688012e-06 7.238503e-04
1.106921 pres -2.579000e-04 -2.250363e-04 1.022134e-04 3.740009e-04 8.371529e-04 1.386718e-03 1.747966e-03 1.683347e-03 1.124266e-03 2.470558e-04 -5.805248e-04 -1.036393e-03 -1.082082e-03 -4.238567e-03
1.106921 difK -1.025615e-03 -1.254922e-03 -2.039512e-04 3.484408e-04 5.138053e-04 4.659038e-04 3.395067e-04 2.088707e-04 1.005556e-04 1.702835e-05 -4.422727e-05 -7.785230e-05 -7.730139e-05 4.817405e-04
1.106921 advM -9.500617e-05 -6.295714e-04 -1.037879e-03 -1.148327e-03 -1.203147e-03 -1.231983e-03 -1.122434e-03 -7.341840e-04 -2.967595e-05 8.161759e-04 1.455374e-03 1.627714e-03 1.397036e-03 2.595454e-03
1.106921 difM -9.515979e-04 -1.192509e-03 -4.323593e-04 -9.805075e-05 3.259974e-05 1.133270e-04 2.289968e-04 3.723037e-04 4.452556e-04 3.456427e-04 1.168261e-04 -5.137167e-05 -3.902388e-05 7.143082e-04
1.106921 cmpM -9.726366e-05 -1.336588e-04 -6.865028e-05 -1.766302e-05 2.021588e-05 3.996766e-05 4.498918e-05 4.370643e-05 4.622804e-05 5.519877e-05 6.360534e-05 6.501553e-05 5.871900e-05 -4.104263e-04
1.207550 eK 7.181286e-03 1.332709e-02 1.167952e-02 1.013200e-02 8.869335e-03 7.892689e-03 7.129041e-03 6.499751e-03 5.949087e-03 5.444386e-03 4.964940e-03 4.494334e-03 4.022943e-03 1.852678e-02
1.207550 eM 6.391200e-03 1.178829e-02 1.031270e-02 8.944186e-03 7.760582e-03 6.749142e-03 5.890920e-03 5.195526e-03 4.685875e-03 4.341995e-03 4.066391e-03 3.738685e-03 3.315039e-03 2.056640e-02
1.207550 visc 1.906003e-04 6.107442e-04 8.963173e-04 9.959687e-04 9.561871e-04 8.469705e-04 7.250278e-04 6.150568e-04 5.239229e-04 4.536857e-04 4.051115e-04 3.782772e-04 3.704765e-04 3.158135e-03
1.207550 ohm 6.655675e-04 1.540033e-03 1.741663e-03 1.782432e-03 1.786722e-03 1.802723e-03 1.826982e-03 1.811939e-03 1.683794e-03 1.413841e-03 1.086446e-03 8.438188e-04 7.463792e-04 4.580139e-03
1.207550 S 1.454922e-04 -2.989841e-04 -9.975515e-04 -1.174171e-03 -9.413006e-04 -5.605596e-04 -2.742202e-04 -1.724780e-04 -1.578800e-04 -7.080289e-05 1.028011e-04 2.198894e-04 1.932434e-04 -9.087818e-04
1.207550 lor 1.197647e-03 9.841829e-04 -9.553658e-04 -2.132382e-03 -2.757785e-03 -2.966641e-03 -2.724333e-03 -1.956631e-03 -7.562294e-04 5.120637e-04 1.398948e-03 1.726487e-03 1.691109e-03 1.329619e-02
1.207550 advK 5.710661e-04 6.494340e-04 1.764677e-04 7.380603e-05 2.180456e-05 -1.048555e-04 -2.880082e-04 -4.497467e-04 -5.092697e-04 -4.334817e-04 -2.628478e-04 -8.488246e-05 2.900449e-05 8.177952e-04
1.207550 pres -4.944251e-04 -7.626800e-04 -6.085566e-04 -3.852192e-04 2.187966e-04 9.438040e-04 1.396189e-03 1.325247e-03 7.472548e-04 -3.833625e-05 -6.281897e-04 -8.113686e-04 -6.895575e-04 -8.647197e-04
1.207550 difK -1.231061e-03 -1.405495e-03 -9.599500e-05 4.905783e-04 5.972255e-04 4.920102e-04 3.383618e-04 2.023402e-04 9.425063e-05 4.930471e-06 -6.720830e-05 -1.055954e-04 -9.755682e-05 5.093479e-04
1.207550 advM -1.265973e-04 -7.370012e-04 -1.075098e-03 -1.101526e-03 -1.151834e-03 -1.186911e-03 -1.020398e-03 -5.021078e-04 3.200755e-04 1.130407e-03 1.542539e-03 1.442145e-03 1.062113e-03 1.990552e-03
1.207550 difM -1.077863e-03 -1.245431e-03 -3.676180e-04 -5.261065e-05 6.586005e-05 1.630898e-04 3.082892e-04 4.604936e-04 4.841905e-04 2.881843e-04 -7.764809e-06 -1.597811e-04 -8.220408e-05 7.002763e-04
1.207550 cmpM 1.113109e-04 2.037832e-04 1.504573e-04 9.715860e-05 5.270941e-05 1.283402e-05 -2.009643e-05 -4.319769e-05 -5.722950e-05 -6.971074e-05 -8.444136e-05 -9.292066e-05 -8.741911e-05 -1.327189e-04
1.308179 eK 7.108283e-03 1.313188e-02 1.140323e-02 9.838912e-03 8.615588e-03 7.696018e-03 6.985026e-03 6.401733e-03 5.895702e-03 5.436223e-03 4.998006e-03 4.558608e-03 4.106964e-03 1.957962e-02
1.308179 eM 6.158978e-03 1.131306e-02 9.832110e-03 8.489577e-03 7.346133e-03 6.384276e-03 5.591121e-03 4.984392e-03 4.580653e-03 4.329320e-03 4.101573e-03 3.775409e-03 3.330419e-03 2.022376e-02
1.308179 visc 2.055471e-04 6.956671e-04 1.019512e-03 1.096376e-03 1.018867e-03 8.847295e-04 7.536642e-04 6.429049e-04 5.536169e-04 4.848098e-04 4.368679e-04 4.116389e-04 4.074516e-04 3.472071e-03
1.308179 ohm 6.751371e-04 1.618893e-03 1.851956e-03 1.886571e-03 1.904832e-03 1.949012e-03 1.997135e-03 1.976546e-03 1.799241e-03 1.462443e-03 1.093907e-03 8.481985e-04 7.663901e-04 4.681606e-03
1.308179 S -1.216371e-04 -8.402743e-04 -1.487841e-03 -1.565873e-03 -1.234827e-03 -7.820636e-04 -4.583393e-04 -3.207588e-04 -2.331016e-04 -5.991168e-05 1.517305e-04 2.471580e-04 1.769152e-04 -1.531946e-03
1.308179 lor 1.291399e-03 1.066565e-03 -7.883566e-04 -1.765852e-03 -2.277228e-03 -2.441724e-03 -2.156991e-03 -1.337955e-03 -1.798183e-04 8.415060e-04 1.367607e-03 1.454436e-03 1.387545e-03 1.340869e-02
1.308179 advK 5.794406e-04 5.665312e-04 6.002229e-05 2.467086e-05 2.110762e-05 -1.059228e-04 -3.058235e-04 -4.652404e-04 -4.961911e-04 -3.883889e-04 -2.084986e-04 -4.634236e-05 4.228264e-05 1.078017e-03
1.308179 pres -4.303773e-04 -5.603611e-04 -3.648738e-04 -1.223642e-04 5.313580e-04 1.260007e-03 1.634723e-03 1.450327e-03 8.468611e-04 2.251653e-04 -9.140034e-05 -1.018235e-04 -1.171523e-05 -3.163718e-03
1.308179 difK -1.434832e-03 -1.530409e-03 4.239187e-05 6.290933e-04 6.519794e-04 4.914143e-04 3.253030e-04 1.972379e-04 9.428687e-05 -3.197912e-06 -8.885683e-05 -1.319319e-04 -1.160238e-04 5.242969e-04
1.308179 advM -2.167462e-04 -9.132720e-04 -1.118435e-03 -1.041892e-03 -1.071553e-03 -1.068326e-03 -7.894178e-04 -1.185339e-04 7.539018e-04 1.379663e-03 1.465338e-03 1.141282e-03 7.347508e-04 1.513493e-03
1.308179 difM -1.185047e-03 -1.272687e-03 -3.063978e-04 -1.715815e-05 1.034057e-04 2.247759e-04 3.917693e-04 5.238757e-04 4.639216e-04 1.793554e-04 -1.322825e-04 -2.338004e-04 -9.732099e-05 6.893888e-04
1.308179 cmpM 1.877704e-06 9.926473e-06 -1.481872e-05 -3.249556e-05 -3.866711e-05 -4.541195e-05 -5.200932e-05 -5.465816e-05 -5.352147e-05 -5.353658e-05 -5.229666e-05 -4.116253e-05 -2.010059e-05 5.034434e-04
1.408808 eK 7.070991e-03 1.301884e-02 1.122171e-02 9.636669e-03 8.431502e-03 7.538965e-03 6.852826e-03 6.296685e-03 5.825539e-03 5.406281e-03 5.005223e-03 4.593801e-03 4.160553e-03 2.032428e-02
1.408808 eM 5.904806e-03 1.080329e-02 9.331053e-03 8.020917e-03 6.918834e-03 6.010661e-03 5.294712e-03 4.794350e-03 4.502361e-03 4.322996e-03 4.110076e-03 3.766237e-03 3.301066e-03 1.975538e-02
1.408808 visc 2.213621e-04 7.800528e-04 1.136906e-03 1.185816e-03 1.070204e-03 9.148122e-04 7.783103e-04 6.696512e-04 5.843206e-04 5.178164e-04 4.706645e-04 4.467728e-04 4.453842e-04 3.779678e-03
1.408808 ohm 6.807879e-04 1.691164e-03 1.953794e-03 1.988104e-03 2.029917e-03 2.106911e-03 2.172954e-03 2.124078e-03 1.877161e-03 1.483470e-03 1.102616e-03 8.683253e-04 7.966022e-04 4.756155e-03
1.408808 S -2.249436e-04 -1.081505e-03 -1.719987e-03 -1.752969e-03 -1.373382e-03 -8.952718e-04 -5.672752e-04 -3.954318e-04 -2.297159e-04 -3.662363e-06 1.913235e-04 2.415501e-04 1.414674e-04 -2.305565e-03
1.408808 lor 1.275945e-03 9.729041e-04 -7.462911e-04 -1.533632e-03 -1.939148e-03 -2.023812e-03 -1.618243e-03 -6.813493e-04 3.923907e-04 1.030112e-03 1.104822e-03 9.709764e-04 9.447264e-04 1.381838e-02
1.408808 advK 5.193983e-04 3.934083e-04 -9.441726e-05 -5.370687e-05 -1.268808e-05 -1.301609e-04 -3.155951e-04 -4.323253e-04 -4.080661e-04 -2.732847e-04 -1.147963e-04 -8.965615e-07 4.365992e-05 8.644432e-04
1.408808 pres -4.559955e-04 -6.266754e-04 -5.077101e-04 -2.632609e-04 4.385399e-04 1.121182e-03 1.334202e-03 9.777739e-04 3.907934e-04 5.888658e-05 1.114160e-04 2.828336e-04 3.188069e-04 -4.031509e-03
1.408808 difK -1.605854e-03 -1.630359e-03 1.600918e-04 7.292236e-04 6.754536e-04 4.795266e-04 3.172676e-04 2.022945e-04 9.979351e-05 -1.110938e-05 -1.086269e-04 -1.525753e-04 -1.291356e-04 5.459178e-04
1.408808 advM -2.507883e-04 -1.003087e-03 -1.118531e-03 -9.991104e-04 -1.034544e-03 -9.706459e-04 -5.217736e-04 3.440945e-04 1.206499e-03 1.507391e-03 1.187395e-03 6.746325e-04 3.227687e-04 1.412285e-03
1.408808 difM -1.280157e-03 -1.287109e-03 -2.568812e-04 1.159217e-05 1.516305e-04 3.046625e-04 4.815872e-04 5.480055e-04 3.683614e-04 3.090516e-05 -2.273647e-04 -2.558753e-04 -8.499896e-05 6.644504e-04
1.408808 cmpM -3.363431e-06 1.310279e-05 1.250991e-05 2.128136e-05 2.584237e-05 1.643852e-05 6.860602e-06 9.021714e-06 2.005915e-05 2.964112e-05 3.613190e-05 3.984704e-05 3.680858e-05 -2.660841e-04
1.509437 eK 6.954164e-03 1.276229e-02 1.093556e-02 9.378796e-03 8.230929e-03 7.388303e-03 6.740077e-03 6.220773e-03 5.791322e-03 5.412891e-03 5.043234e-03 4.652000e-03 4.231007e-03 2.124501e-02
1.509437 eM 5.629853e-03 1.026342e-02 8.814032e-03 7.540662e-03 6.481086e-03 5.633211e-03 5.012081e-03 4.636636e-03 4.450110e-03 4.308416e-03 4.076882e-03 3.705444e-03 3.230411e-03 1.917826e-02
1.509437 visc 2.375625e-04 8.584465e-04 1.242464e-03 1.262069e-03 1.110748e-03 9.381698e-04 7.993291e-04 6.950153e-04 6.144947e-04 5.503653e-04 5.044441e-04 4.818038e-04 4.818528e-04 4.067460e-03
1.509437 ohm 6.811704e-04 1.748982e-03 2.040492e-03 2.085513e-03 2.160978e-03 2.273971e-03 2.342221e-03 2.232248e-03 1.905686e-03 1.483786e-03 1.122940e-03 9.075551e-04 8.342398e-04 4.794865e-03
1.509437 S -4.508798e-04 -1.502132e-03 -2.053765e-03 -2.000260e-03 -1.560769e-03 -1.067777e-03 -7.307097e-04 -4.864450e-04 -2.182725e-04 4.347778e-05 2.028924e-04 2.191100e-04 1.197453e-04 -2.603771e-03
1.509437 lor 1.278211e-03 9.638786e-04 -5.687773e-04 -1.162123e-03 -1.469245e-03 -1.467428e-03 -9.245627e-04 6.636443e-05 8.786531e-04 1.021541e-03 7.255555e-04 5.354494e-04 6.668064e-04 1.356730e-02
1.509437 advK 4.645470e-04 2.415668e-04 -2.095655e-04 -7.740105e-05 -1.045737e-06 -1.300010e-04 -3.124807e-04 -3.884730e-04 -3.195240e-04 -1.862034e-04 -7.760159e-05 -2.098228e-05 -8.925596e-06 1.135196e-03
1.509437 pres -5.888527e-04 -9.332787e-04 -9.244439e-04 -6.320417e-04 1.692272e-04 8.315894e-04 9.106600e-04 4.838433e-04 9.893994e-05 1.836125e-04 5.698536e-04 8.125141e-04 7.344332e-04 -1.031761e-03
1.509437 difK -1.744081e-03 -1.675947e-03 2.994747e-04 8.080680e-04 6.647596e-04 4.471044e-04 3.036082e-04 2.047562e-04 9.613157e-05 -2.961253e-05 -1.307997e-04 -1.687884e-04 -1.389369e-04 5.596379e-04
1.509437 advM -3.211652e-04 -1.122788e-03 -1.119204e-03 -9.538234e-04 -9.664756e-04 -7.879985e-04 -1.181254e-04 8.928667e-04 1.565188e-03 1.425105e-03 7.787064e-04 2.369488e-04 4.756744e-05 1.191526e-03
1.509437 difM -1.356714e-03 -1.292163e-03 -2.229669e-04 3.868718e-05 2.145944e-04 4.058089e-04 5.639180e-04 5.023477e-04 1.973920e-04 -1.196745e-04 -2.648029e-04 -2.236191e-04 -5.534697e-05 6.081409e-04
1.509437 cmpM -7.785206e-05 -1.146412e-04 -9.018643e-05 -5.039649e-05 -1.988936e-05 -1.154612e-05 -8.165135e-06 7.821256e-07 1.255082e-05 2.748490e-05 4.942443e-05 7.080346e-05 8.073263e-05 2.616534e-04
1.610066 eK 6.827906e-03 1.251208e-02 1.069335e-02 9.181786e-03 8.088102e-03 7.285296e-03 6.667969e-03 6.182913e-03 5.791728e-03 5.445838e-03 5.097083e-03 4.717970e-03 4.304964e-03 2.202894e-02
1.610066 eM 5.304007e-03 9.643355e-03 8.242922e-03 7.020954e-03 6.015651e-03 5.246069e-03 4.745988e-03 4.507013e-03 4.402914e-03 4.263561e-03 3.996969e-03 3.604957e-03 3.139379e-03 1.863044e-02
1.610066 visc 2.537741e-04 9.246300e-04 1.328758e-03 1.321251e-03 1.139212e-03 9.544555e-04 8.170679e-04 7.187919e-04 6.423713e-04 5.802846e-04 5.361640e-04 5.142560e-04 5.135421e-04 4.341099e-03
1.610066 ohm 6.690495e-04 1.769467e-03 2.089348e-03 2.158930e-03 2.277085e-03 2.423810e-03 2.466728e-03 2.271801e-03 1.887820e-03 1.481196e-03 1.163569e-03 9.663033e-04 8.781040e-04 4.833411e-03
1.610066 S -5.332721e-04 -1.641076e-03 -2.133045e-03 -2.039879e-03 -1.598964e-03 -1.142419e-03 -8.008431e-04 -4.662561e-04 -1.157522e-04 1.442132e-04 2.582983e-04 2.545536e-04 1.768583e-04 -2.486208e-03
1.610066 lor 1.200218e-03 8.342352e-04 -5.236335e-04 -9.841281e-04 -1.203005e-03 -1.042062e-03 -2.698609e-04 7.361710e-04 1.171014e-03 8.386494e-04 2.934509e-04 1.000837e-04 3.696817e-04 1.276906e-02
1.610066 advK 3.752303e-04 6.368740e-05 -3.126492e-04 -8.634944e-05 2.166147e-05 -1.062784e-04 -2.581896e-04 -2.719923e-04 -1.678654e-04 -7.056712e-05 -4.490899e-05 -6.756688e-05 -1.010893e-04 1.236704e-03
1.610066 pres -5.239965e-06 1.453613e-04 -5.555224e-05 -4.062432e-05 4.064239e-04 6.313401e-04 2.934557e-04 -2.824132e-04 -4.243960e-04 4.877121e-05 6.690921e-04 9.354294e-04 7.504372e-04 -3.128215e-03
1.610066 difK -1.817837e-03 -1.678805e-03 4.010324e-04 8.401676e-04 6.314008e-04 4.148719e-04 2.966885e-04 2.046858e-04 8.058458e-05 -5.475581e-05 -1.479631e-04 -1.753338e-04 -1.439039e-04 5.758779e-04
1.610066 advM -3.313038e-04 -1.137505e-03 -1.075743e-03 -9.243580e-04 -9.214828e-04 -5.780233e-04 3.656347e-04 1.439882e-03 1.775716e-03 1.205981e-03 3.573512e-04 -1.572500e-04 -2.019145e-04 1.072261e-03
1.610066 difM -1.398239e-03 -1.281974e-03 -2.028152e-04 6.791945e-05 2.929545e-04 5.195032e-04 6.022080e-04 3.673985e-04 -5.770370e-06 -2.237121e-04 -2.409983e-04 -1.544854e-04 -2.147096e-05 5.065947e-04
1.610066 cmpM 3.859900e-05 6.339147e-05 1.598706e-05 5.142548e-06 -4.643916e-06 -2.509144e-05 -4.339706e-05 -6.408492e-05 -8.948979e-05 -1.013264e-04 -8.818473e-05 -5.957627e-05 -3.004550e-05 3.684939e-04
1.710695 eK 6.702718e-03 1.228088e-02 1.049444e-02 9.031848e-03 7.979400e-03 7.201196e-03 6.606402e-03 6.152345e-03 5.793138e-03 5.467778e-03 5.126685e-03 4.749358e-03 4.338226e-03 2.259505e-02
1.710695 eM 4.978633e-03 9.032039e-03 7.684610e-03 6.508659e-03 5.554932e-03 4.876769e-03 4.519630e-03 4.411060e-03 4.351814e-03 4.183163e-03 3.872420e-03 3.463616e-03 3.017150e-03 1.798303e-02
1.710695 visc 2.693260e-04 9.772281e-04 1.396332e-03 1.366326e-03 1.159010e-03 9.671531e-04 8.349649e-04 7.422345e-04 6.673057e-04 6.065838e-04 5.646075e-04 5.428598e-04 5.394760e-04 4.563577e-03
1.710695 ohm 6.505018e-04 1.766669e-03 2.119430e-03 2.230947e-03 2.402915e-03 2.568669e-03 2.539733e-03 2.243207e-03 1.834173e-03 1.471957e-03 1.205104e-03 1.027868e-03 9.238479e-04 4.825256e-03
1.710695 S -5.782734e-04 -1.697051e-03 -2.133431e-03 -2.020045e-03 -1.611818e-03 -1.211825e-03 -8.504857e-04 -4.436803e-04 -8.388738e-05 1.207482e-04 1.815441e-04 1.662792e-04 1.224239e-04 -2.365129e-03
1.710695 lor 1.105950e-03 7.172126e-04 -4.757307e-04 -8.523871e-04 -9.750712e-04 -5.658516e-04 4.588204e-04 1.311188e-03 1.250483e-03 5.505157e-04 -8.631422e-05 -2.455937e-04 9.723706e-05 1.230650e-02
1.710695 advK 2.663277e-04 -1.119886e-04 -3.912890e-04 -9.086979e-05 3.081707e-05 -8.323861e-05 -1.679170e-04 -9.553432e-05 3.120668e-05 7.041683e-05 8.263008e-06 -8.891103e-05 -1.664296e-04 9.303822e-04
1.710695 pres -4.744444e-04 -7.207397e-04 -7.309603e-04 -3.919715e-04 2.776263e-04 4.853530e-04 6.075606e-05 -3.255639e-04 -2.311088e-05 7.752978e-04 1.452287e-03 1.630756e-03 1.303775e-03 -4.227407e-03
1.710695 difK -1.836321e-03 -1.652826e-03 4.593302e-04 8.295977e-04 5.842181e-04 3.909781e-04 2.988697e-04 1.982855e-04 5.267297e-05 -8.191163e-05 -1.559037e-04 -1.676839e-04 -1.352206e-04 5.885269e-04
1.710695 advM -3.200438e-04 -1.106637e-03 -1.030402e-03 -9.318326e-04 -8.928590e-04 -2.982880e-04 9.263271e-04 1.872032e-03 1.742853e-03 8.566693e-04 -2.581987e-05 -4.618513e-04 -4.101065e-04 1.019707e-03
1.710695 difM -1.419383e-03 -1.274290e-03 -1.977049e-04 1.058610e-04 4.034546e-04 6.451244e-04 5.678539e-04 1.560532e-04 -1.927169e-04 -2.702193e-04 -1.827362e-04 -6.888578e-05 2.372810e-05 3.693696e-04
1.710695 cmpM 1.259690e-04 2.277947e-04 1.603253e-04 1.257379e-04 8.701216e-05 4.697739e-05 1.829193e-05 -1.270751e-05 -4.345811e-05 -5.723498e-05 -5.385294e-05 -4.335345e-05 -3.440309e-05 -5.640313e-04
1.811325 eK 6.498696e-03 1.191799e-02 1.020950e-02 8.835789e-03 7.853492e-03 7.122443e-03 6.570495e-03 6.161224e-03 5.835753e-03 5.524528e-03 5.183567e-03 4.802303e-03 4.389343e-03 2.328377e-02
1.811325 eM 4.646921e-03 8.416878e-03 7.126342e-03 5.992920e-03 5.095808e-03 4.533535e-03 4.333544e-03 4.325464e-03 4.269805e-03 4.058259e-03 3.711930e-03 3.297776e-03 2.878472e-03 1.734660e-02
1.811325 visc 2.839701e-04 1.015320e-03 1.444125e-03 1.395785e-03 1.169306e-03 9.778544e-04 8.548028e-04 7.653637e-04 6.897089e-04 6.303615e-04 5.902750e-04 5.674830e-04 5.596422e-04 4.744076e-03
1.811325 ohm 6.227809e-04 1.732861e-03 2.125424e-03 2.297197e-03 2.526848e-03 2.671864e-03 2.525221e-03 2.148143e-03 1.759393e-03 1.456010e-03 1.235920e-03 1.079142e-03 9.654726e-04 4.802756e-03
1.811325 S -7.085529e-04 -1.878024e-03 -2.206740e-03 -2.046223e-03 -1.666372e-03 -1.294192e-03 -8.814644e-04 -4.435460e-04 -1.291976e-04 1.950232e-05 5.736362e-05 5.256256e-05 4.569978e-05 -2.573510e-03
1.811325 lor 1.016231e-03 6.716640e-04 -3.302945e-04 -6.001931e-04 -5.596197e-04 1.380586e-04 1.225360e-03 1.657980e-03 1.148195e-03 3.444708e-04 -1.872513e-04 -2.663590e-04 7.314596e-05 1.123915e-02
1.811325 advK 1.465565e-04 -2.733526e-04 -4.377615e-04 -8.432263e-05 2.350229e-05 -8.896486e-05 -1.190882e-04 -7.513765e-06 7.915775e-05 3.792585e-05 -8.588361e-05 -2.122122e-04 -2.920512e-04 1.451442e-03
1.811325 pres -7.262353e-04 -1.204284e-03 -1.085133e-03 -5.460909e-04 1.338811e-04 1.482482e-04 -3.150912e-04 -3.496325e-04 3.505238e-04 1.243884e-03 1.803758e-03 1.869228e-03 1.495149e-03 -1.865209e-03
1.811325 difK -1.801786e-03 -1.584312e-03 5.019541e-04 7.939001e-04 5.264619e-04 3.698827e-04 2.967114e-04 1.733627e-04 1.083542e-05 -1.099755e-04 -1.587089e-04 -1.537703e-04 -1.202031e-04 5.922110e-04
1.811325 advM -3.416925e-04 -1.095086e-03 -9.919310e-04 -9.220844e-04 -7.719027e-04 1.243484e-04 1.433668e-03 1.962502e-03 1.398260e-03 4.496233e-04 -2.711774e-04 -5.683126e-04 -4.686122e-04 8.189031e-04
1.811325 difM -1.417514e-03 -1.271052e-03 -2.020279e-04 1.641430e-04 5.531401e-04 7.403876e-04 4.282098e-04 -7.838739e-05 -3.091240e-04 -2.589827e-04 -1.137419e-04 1.021497e-05 7.340091e-05 2.065290e-04
1.811325 cmpM -8.821431e-05 -1.373795e-04 -1.170991e-04 -7.694631e-05 -5.787112e-05 -4.841752e-05 -3.899843e-05 -3.367694e-05 -1.780605e-05 1.326627e-05 4.858876e-05 7.916577e-05 1.006231e-04 7.512119e-04
1.911954 eK 6.324674e-03 1.162626e-02 1.000755e-02 8.710977e-03 7.777565e-03 7.079258e-03 6.563998e-03 6.191237e-03 5.885360e-03 5.574679e-03 5.224846e-03 4.833787e-03 4.413626e-03 2.366463e-02
1.911954 eM 4.313712e-03 7.806303e-03 6.573691e-03 5.478985e-03 4.651056e-03 4.231860e-03 4.181059e-03 4.228101e-03 4.148126e-03 3.897751e-03 3.531588e-03 3.123228e-03 2.733315e-03 1.670919e-02
1.911954 visc 2.972918e-04 1.039112e-03 1.470978e-03 1.407925e-03 1.170992e-03 9.895539e-04 8.771944e-04 7.876893e-04 7.107278e-04 6.533187e-04 6.146012e-04 5.898474e-04 5.768130e-04 4.883235e-03
1.911954 ohm 5.854923e-04 1.667898e-03 2.109397e-03 2.360665e-03 2.636139e-03 2.700613e-03 2.419776e-03 2.011403e-03 1.672688e-03 1.424330e-03 1.242179e-03 1.105688e-03 9.924169e-04 4.756575e-03
1.911954 S -6.759544e-04 -1.758374e-03 -2.032919e-03 -1.893629e-03 -1.600220e-03 -1.254692e-03 -8.074898e-04 -4.012866e-04 -1.582782e-04 -5.403761e-05 -2.559674e-05 -1.872988e-05 -2.101898e-06 -2.199828e-03
1.911954 lor 8.839153e-04 5.298730e-04 -3.810406e-04 -6.207743e-04 -3.514680e-04 7.098658e-04 1.739190e-03 1.709540e-03 9.254220e-04 1.571643e-04 -2.512983e-04 -2.774093e-04 9.162864e-06 1.001437e-02
1.911954 advK 3.290693e-05 -4.092404e-04 -4.635859e-04 -7.009100e-05 3.525823e-05 -3.377505e-05 2.827298e-05 1.736451e-04 2.006204e-04 7.750249e-05 -1.002633e-04 -2.519072e-04 -3.414844e-04 1.225457e-03
1.911954 pres 6.703112e-05 2.845807e-04 1.930469e-04 3.428216e-04 4.052115e-04 -2.061817e-04 -8.514913e-04 -6.445275e-04 2.120004e-04 1.013034e-03 1.415521e-03 1.405272e-03 1.059257e-03 -4.649687e-03
1.911954 difK -1.715882e-03 -1.501313e-03 4.926568e-04 7.298920e-04 4.752816e-04 3.623920e-04 2.878632e-04 1.327395e-04 -3.317878e-05 -1.301169e-04 -1.546005e-04 -1.365628e-04 -1.014814e-04 6.106924e-04
1.911954 advM -2.989116e-04 -9.904856e-04 -9.519310e-04 -9.552928e-04 -6.257038e-04 6.223801e-04 1.853144e-03 1.892051e-03 1.052490e-03 1.640824e-04 -3.936202e-04 -5.878573e-04 -4.874727e-04 5.724452e-04
1.911954 difM -1.394504e-03 -1.275216e-03 -2.110508e-04 2.579870e-04 7.309714e-04 7.506625e-04 2.047716e-04 -2.646048e-04 -3.435877e-04 -2.139252e-04 -5.113934e-05 7.046531e-05 1.192465e-04 4.326276e-05
1.911954 cmpM 2.001331e-05 5.203231e-05 2.988852e-05 2.688829e-05 1.330218e-05 1.726117e-06 -1.169522e-05 -2.347617e-05 -1.916249e-05 -3.000318e-06 1.477874e-05 2.916009e-05 3.926193e-05 3.179326e-05
2.000311 eK 6.153132e-03 1.134200e-02 9.817006e-03 8.596299e-03 7.711560e-03 7.051358e-03 6.577526e-03 6.237201e-03 5.941814e-03 5.624599e-03 5.262032e-03 4.858433e-03 4.427584e-03 2.382282e-02
2.000311 eM 4.040474e-03 7.306144e-03 6.113118e-03 5.044263e-03 4.293532e-03 4.018466e-03 4.073582e-03 4.130390e-03 4.016688e-03 3.738812e-03 3.365213e-03 2.968149e-03 2.603564e-03 1.609026e-02
2.000311 visc 3.073519e-04 1.049879e-03 1.479091e-03 1.405119e-03 1.167607e-03 1.002146e-03 8.973261e-04 8.053328e-04 7.282128e-04 6.733062e-04 6.356311e-04 6.091364e-04 5.919646e-04 4.968117e-03
2.000311 ohm 5.488125e-04 1.599034e-03 2.097018e-03 2.434216e-03 2.718436e-03 2.656107e-03 2.272031e-03 1.876062e-03 1.586569e-03 1.377164e-03 1.221912e-03 1.101909e-03 9.941858e-04 4.666857e-03
2.000311 S -6.181381e-04 -1.591431e-03 -1.823445e-03 -1.725164e-03 -1.508028e-03 -1.155458e-03 -7.052393e-04 -3.635477e-04 -1.781419e-04 -9.594827e-05 -6.494074e-05 -4.533880e-05 -1.623355e-05 -1.852740e-03
2.000311 lor 7.702596e-04 3.993735e-04 -4.848036e-04 -6.858500e-04 -1.115575e-04 1.216492e-03 1.985692e-03 1.572080e-03 7.190896e-04 7.370452e-05 -2.115304e-04 -1.878281e-04 5.476499e-05 8.596769e-03
2.000311 advK -5.675468e-05 -5.013724e-04 -4.611492e-04 -4.323971e-05 6.016305e-05 4.677465e-05 1.821360e-04 3.119802e-04 2.555911e-04 6.058486e-05 -1.509197e-04 -3.078873e-04 -3.898436e-04 1.157555e-03
2.000311 pres -8.406183e-04 -1.381415e-03 -1.021262e-03 -3.778001e-04 -1.607730e-04 -7.374635e-04 -1.018038e-03 -3.512280e-04 6.633443e-04 1.393467e-03 1.688410e-03 1.620644e-03 1.291976e-03 -1.841622e-03
2.000311 difK -1.614529e-03 -1.415806e-03 4.660981e-04 6.646344e-04 4.377437e-04 3.592706e-04 2.647079e-04 8.306659e-05 -7.285882e-05 -1.444197e-04 -1.499207e-04 -1.229722e-04 -8.561409e-05 6.417654e-04
2.000311 advM -2.462905e-04 -8.795903e-04 -9.369152e-04 -9.812413e-04 -3.853752e-04 1.114753e-03 2.048849e-03 1.665243e-03 7.414988e-04 -1.888043e-05 -4.292225e-04 -5.312556e-04 -4.194168e-04 3.012094e-04
2.000311 difM -1.370486e-03 -1.293021e-03 -2.116730e-04 3.920577e-04 8.877879e-04 6.588717e-04 -1.604983e-05 -3.600591e-04 -3.243375e-04 -1.624774e-04 -2.438589e-06 1.092950e-04 1.486968e-04 -8.087068e-05
2.000311 cmpM 1.017724e-04 1.861207e-04 1.196468e-04 8.027129e-05 4.975781e-05 2.258862e-05 -1.678357e-05 -5.255066e-05 -7.016720e-05 -7.296367e-05 -6.758077e-05 -5.835257e-05 -4.745165e-05 -3.098704e-04
