# tg_mhd (Kokkos FP64)  tgc_slip_cond_n65_re200_drive0.1_bdrive0.1  N=65 Re=200 h=4.90873852e-02 delta=7.07106781e-02 delta/h=1.440506 layers=33 written=13
# THE ENERGY BUDGET against wall distance. Per probe, one row per term: t, the term,
# its contribution to the BOX MEAN from each of the layers 0..12 (layer k: the nodes
# k cells from the nearest wall, the slab [(k-1/2)h, (k+1/2)h]) and from the rest of
# the box beyond them, so a row sums to the box average. Paper units: energies in
# v0^2, rates in k0 v0^3. With eK = |u|^2/2 and eM = |B|^2/2,
#   d eK/dt = lor + advK + pres + difK + injK - visc   (injK = u.F, -drive only)
#   d eM/dt = S + advM + difM + cmpM + injM - ohm   (injM = B.S, -bdrive only)
# lor = u.(j x B); S = B_i B_j d_j u_i; advK, advM = -u.grad eK, -u.grad eM;
# pres = -u.grad p, p = cs^2 rho/u0^2; difK = nu div(u x w); difM = eta div(B x j);
# cmpM = -|B|^2 div u + (u.B) div B; visc = nu |w|^2; ohm = eta |j|^2. The scheme is
# weakly compressible, so a layer's terms close only to a residual.
# row 'vol': each column's share of the volume
# vol 4.614639e-02 8.798981e-02 8.240509e-02 7.700348e-02 7.178497e-02 6.674957e-02 6.189728e-02 5.722809e-02 5.274200e-02 4.843903e-02 4.431915e-02 4.038239e-02 3.662872e-02 2.262840e-01
0.000000 eK 7.690430e-03 1.462980e-02 1.359899e-02 1.253762e-02 1.145423e-02 1.036000e-02 9.267507e-03 8.190876e-03 7.145407e-03 6.146314e-03 5.207231e-03 4.339854e-03 3.553349e-03 1.089286e-02
0.000000 eM 7.690430e-03 1.457408e-02 1.338369e-02 1.208131e-02 1.070971e-02 9.321080e-03 7.969594e-03 6.704463e-03 5.564889e-03 4.577602e-03 3.756828e-03 3.105823e-03 2.618881e-03 2.294163e-02
0.000000 visc 1.170934e-04 2.346450e-04 2.356655e-04 2.366815e-04 2.371504e-04 2.366079e-04 2.346596e-04 2.309378e-04 2.251544e-04 2.171861e-04 2.070387e-04 1.948173e-04 1.807391e-04 9.590461e-04
0.000000 ohm 4.672460e-04 9.417924e-04 9.579691e-04 9.742955e-04 9.834437e-04 9.803562e-04 9.627431e-04 9.310700e-04 8.880203e-04 8.375489e-04 7.837575e-04 7.298675e-04 6.775482e-04 3.836212e-03
0.000000 S 5.128272e-20 3.587331e-21 2.923872e-20 -6.166725e-20 -6.556107e-21 1.132775e-20 1.942736e-20 9.609576e-21 4.432421e-21 9.016065e-21 -3.157818e-20 6.500435e-21 1.890395e-20 4.130595e-21
0.000000 lor 1.489110e-20 3.313797e-20 -2.004130e-20 1.064769e-19 -1.209061e-20 2.284827e-20 -2.245507e-20 -3.201199e-21 5.450368e-20 -8.836875e-21 -1.274979e-20 1.523716e-20 -1.531332e-20 1.404155e-20
0.000000 advK -2.023863e-20 1.505436e-20 -8.028874e-20 4.400627e-20 4.119759e-20 1.336548e-20 -1.236312e-20 -2.805006e-20 -2.708589e-20 -6.008100e-21 -2.064879e-20 2.146122e-20 2.289483e-20 -3.708131e-20
0.000000 pres 1.258516e-20 -1.512250e-18 -1.111057e-18 6.550668e-18 -1.248204e-19 -4.429203e-18 -9.963533e-19 2.522500e-18 3.024555e-18 -5.400991e-19 -1.629431e-18 -7.820248e-19 -3.496357e-18 2.511104e-18
0.000000 difK -1.135732e-04 -2.041607e-04 -1.722223e-04 -1.386952e-04 -1.053266e-04 -7.413158e-05 -4.428604e-05 -1.550869e-05 1.082540e-05 3.283368e-05 5.085314e-05 6.464782e-05 7.416002e-05 6.323259e-04
0.000000 advM 1.452901e-20 1.032163e-20 1.865682e-20 -1.668197e-20 -2.726830e-20 4.088579e-20 -6.194041e-21 1.882410e-20 -3.388938e-21 1.652791e-20 -2.313248e-21 -2.424408e-20 3.693602e-21 1.159140e-20
0.000000 difM -4.548646e-04 -8.056925e-04 -6.467843e-04 -4.742971e-04 -3.006896e-04 -1.372754e-04 7.159739e-06 1.271805e-04 2.207698e-04 2.886778e-04 3.333001e-04 3.574680e-04 3.635348e-04 1.085427e-03
0.000000 cmpM -1.733266e-20 -7.175158e-21 -2.065505e-20 -6.432873e-20 1.894180e-20 1.202605e-19 -2.103606e-20 -1.298099e-20 2.914939e-20 -2.900424e-20 2.734903e-20 -2.593065e-20 9.967064e-22 -3.332674e-20
0.000000 injK 0.000000e+00 0.000000e+00 0.000000e+00 0.000000e+00 2.627508e-04 9.230438e-04 1.509539e-03 1.633636e-03 1.428906e-03 1.229112e-03 1.041318e-03 8.678644e-04 7.105825e-04 2.178305e-03
0.000000 injM 0.000000e+00 0.000000e+00 0.000000e+00 0.000000e+00 2.215772e-03 4.561049e-03 4.738125e-03 2.635707e-03 1.927734e-03 1.585728e-03 1.301403e-03 1.075889e-03 9.072069e-04 7.947214e-03
0.100629 eK 7.650828e-03 1.455181e-02 1.352220e-02 1.246845e-02 1.141775e-02 1.038338e-02 9.345647e-03 8.290768e-03 7.241704e-03 6.233164e-03 5.285134e-03 4.408698e-03 3.612794e-03 1.112313e-02
0.100629 eM 7.558458e-03 1.432373e-02 1.314952e-02 1.192358e-02 1.075897e-02 9.587617e-03 8.262985e-03 6.890392e-03 5.679755e-03 4.670582e-03 3.834398e-03 3.168988e-03 2.669445e-03 2.327349e-02
0.100629 visc 1.175305e-04 2.359617e-04 2.379791e-04 2.396764e-04 2.403623e-04 2.410819e-04 2.417669e-04 2.403937e-04 2.351280e-04 2.260424e-04 2.143119e-04 2.006472e-04 1.854371e-04 9.956451e-04
0.100629 ohm 4.622188e-04 9.318581e-04 9.437779e-04 9.405154e-04 9.314384e-04 9.593497e-04 1.012798e-03 1.003421e-03 9.293733e-04 8.578519e-04 8.007488e-04 7.458744e-04 6.925979e-04 3.905619e-03
0.100629 S 3.044342e-04 5.820785e-04 5.505207e-04 5.260099e-04 4.686627e-04 3.600183e-04 3.010444e-04 3.220529e-04 3.102333e-04 2.432078e-04 1.744385e-04 1.157728e-04 6.395414e-05 4.843291e-04
0.100629 lor -2.413321e-04 -5.346613e-04 -6.602435e-04 -8.007850e-04 -9.221687e-04 -1.013078e-03 -1.005275e-03 -8.648346e-04 -6.607803e-04 -4.379272e-04 -2.200710e-04 -3.817968e-05 9.264134e-05 1.476383e-03
0.100629 advK 2.628118e-05 5.580445e-05 5.838761e-05 5.440536e-05 4.241062e-05 1.879895e-05 -1.372259e-05 -4.028078e-05 -5.149784e-05 -4.959142e-05 -3.908054e-05 -2.368333e-05 -7.786140e-06 1.083217e-05
0.100629 pres 2.786546e-04 5.177400e-04 4.828638e-04 4.557092e-04 4.286526e-04 3.960876e-04 3.274672e-04 2.292162e-04 1.467554e-04 7.843111e-05 1.537466e-05 -3.233054e-05 -6.144744e-05 3.588407e-04
0.100629 difK -1.174224e-04 -2.112922e-04 -1.632702e-04 -8.953827e-05 -4.829650e-05 -7.767043e-05 -1.031136e-04 -6.262397e-05 -1.002433e-07 3.397446e-05 5.044663e-05 6.306593e-05 7.203949e-05 6.354865e-04
0.100629 advM -1.987625e-05 -7.855387e-05 -1.508205e-04 -2.141608e-04 -2.623426e-04 -3.064387e-04 -2.962644e-04 -2.069608e-04 -1.025837e-04 -1.218355e-05 6.547791e-05 1.206115e-04 1.493252e-04 2.531236e-04
0.100629 difM -4.466217e-04 -7.991890e-04 -5.155534e-04 -2.083435e-04 -2.877656e-04 -5.285184e-04 -2.630299e-04 2.047445e-04 3.223416e-04 3.018416e-04 3.360419e-04 3.624339e-04 3.701907e-04 1.111633e-03
0.100629 cmpM 4.829915e-04 8.894201e-04 7.644053e-04 6.131472e-04 4.485035e-04 2.900961e-04 1.512362e-04 4.148887e-05 -3.273135e-05 -7.611609e-05 -9.998709e-05 -1.137747e-04 -1.246990e-04 -1.060593e-03
0.100629 injK 0.000000e+00 0.000000e+00 0.000000e+00 0.000000e+00 2.619209e-04 9.226912e-04 1.513528e-03 1.640843e-03 1.435905e-03 1.235311e-03 1.046797e-03 8.726484e-04 7.146642e-04 2.190198e-03
0.100629 injM 0.000000e+00 0.000000e+00 0.000000e+00 0.000000e+00 2.207651e-03 4.605327e-03 4.799679e-03 2.652168e-03 1.933252e-03 1.590852e-03 1.306766e-03 1.081145e-03 9.121373e-04 7.995880e-03
0.201258 eK 7.601184e-03 1.445307e-02 1.342408e-02 1.237989e-02 1.136115e-02 1.037972e-02 9.394667e-03 8.373017e-03 7.338625e-03 6.336858e-03 5.392501e-03 4.516183e-03 3.715989e-03 1.168885e-02
0.201258 eM 7.427148e-03 1.407683e-02 1.294062e-02 1.181612e-02 1.083002e-02 9.824355e-03 8.547880e-03 7.129504e-03 5.865472e-03 4.825621e-03 3.969077e-03 3.282834e-03 2.761244e-03 2.371114e-02
0.201258 visc 1.202878e-04 2.427466e-04 2.475636e-04 2.521244e-04 2.567082e-04 2.637150e-04 2.684865e-04 2.669372e-04 2.592296e-04 2.462528e-04 2.302593e-04 2.128525e-04 1.948851e-04 1.084420e-03
0.201258 ohm 4.623494e-04 9.318841e-04 9.392921e-04 9.263480e-04 9.156234e-04 9.641643e-04 1.058537e-03 1.070555e-03 9.849278e-04 8.963832e-04 8.306171e-04 7.728074e-04 7.181064e-04 4.021288e-03
0.201258 S -2.799417e-05 -2.963385e-06 1.083978e-04 2.213153e-04 1.962407e-04 2.073690e-05 -1.119469e-05 1.736875e-04 2.767252e-04 2.128790e-04 1.018635e-04 -7.080787e-06 -1.156410e-04 -1.643495e-03
0.201258 lor -1.417914e-04 -3.445541e-04 -4.911526e-04 -6.691083e-04 -8.303599e-04 -8.754098e-04 -6.870751e-04 -3.637683e-04 -6.890723e-05 2.036084e-04 4.526843e-04 6.267064e-04 7.019609e-04 3.656679e-03
0.201258 advK 5.787012e-05 1.113732e-04 9.240496e-05 5.514880e-05 -2.437776e-06 -7.826678e-05 -1.462155e-04 -1.729912e-04 -1.591322e-04 -1.209548e-04 -6.814429e-05 -9.619163e-06 4.304947e-05 3.455436e-04
0.201258 pres -6.833904e-05 -9.093743e-05 2.737605e-05 1.903488e-04 3.333497e-04 3.239493e-04 1.269283e-04 -6.578171e-05 -1.339951e-04 -1.736272e-04 -2.295170e-04 -2.567213e-04 -2.299281e-04 1.710408e-03
0.201258 difK -1.274917e-04 -2.240027e-04 -1.520247e-04 -4.721087e-05 -4.001351e-06 -6.983823e-05 -1.307151e-04 -8.916824e-05 -6.504364e-06 3.612162e-05 5.012844e-05 5.861560e-05 6.516490e-05 6.301020e-04
0.201258 advM -1.858361e-04 -3.822921e-04 -4.049023e-04 -4.216199e-04 -4.380088e-04 -3.898868e-04 -1.640471e-04 1.471083e-04 3.642454e-04 4.922211e-04 5.729425e-04 5.962886e-04 5.588621e-04 1.993932e-04
0.201258 difM -4.421869e-04 -7.567989e-04 -3.829081e-04 -5.702975e-05 -3.233232e-04 -7.713299e-04 -4.496270e-04 1.955941e-04 3.738112e-04 3.279832e-04 3.405036e-04 3.650686e-04 3.767637e-04 1.156221e-03
0.201258 cmpM -3.478321e-04 -6.287209e-04 -5.280743e-04 -4.274568e-04 -3.325055e-04 -2.294556e-04 -1.246612e-04 -4.384541e-05 1.434898e-05 5.745799e-05 8.423507e-05 9.762151e-05 1.025145e-04 1.350891e-03
0.201258 injK 0.000000e+00 0.000000e+00 0.000000e+00 0.000000e+00 2.605535e-04 9.200482e-04 1.513228e-03 1.643951e-03 1.440597e-03 1.240732e-03 1.052684e-03 8.787678e-04 7.206888e-04 2.212428e-03
0.201258 injM 0.000000e+00 0.000000e+00 0.000000e+00 0.000000e+00 2.165541e-03 4.562951e-03 4.776464e-03 2.637822e-03 1.922473e-03 1.584693e-03 1.305567e-03 1.083331e-03 9.160129e-04 8.043532e-03
0.301887 eK 7.569776e-03 1.438181e-02 1.333896e-02 1.228888e-02 1.128324e-02 1.033333e-02 9.386791e-03 8.398628e-03 7.389879e-03 6.409200e-03 5.482667e-03 4.619731e-03 3.826817e-03 1.241822e-02
0.301887 eM 7.330807e-03 1.389427e-02 1.279419e-02 1.175867e-02 1.090265e-02 1.000880e-02 8.780262e-03 7.356699e-03 6.067752e-03 5.004321e-03 4.128747e-03 3.422577e-03 2.877499e-03 2.421626e-02
0.301887 visc 1.241571e-04 2.525807e-04 2.619473e-04 2.717754e-04 2.846131e-04 3.027158e-04 3.124780e-04 3.081075e-04 2.946288e-04 2.747026e-04 2.518953e-04 2.289940e-04 2.073302e-04 1.219292e-03
0.301887 ohm 4.699664e-04 9.468365e-04 9.513161e-04 9.364378e-04 9.319931e-04 9.953227e-04 1.110233e-03 1.133510e-03 1.044033e-03 9.447289e-04 8.689187e-04 8.051220e-04 7.476670e-04 4.173837e-03
0.301887 S -8.049065e-05 -1.005465e-04 3.672980e-05 1.518311e-04 3.892276e-05 -2.730947e-04 -3.302867e-04 -3.489431e-05 1.744620e-04 1.409311e-04 1.047758e-05 -1.291174e-04 -2.667271e-04 -2.544569e-03
0.301887 lor -8.473023e-05 -2.767955e-04 -5.312192e-04 -8.379548e-04 -1.127240e-03 -1.247079e-03 -1.000603e-03 -5.146867e-04 -4.825891e-05 3.738379e-04 7.511204e-04 1.026025e-03 1.163657e-03 7.884610e-03
0.301887 advK 1.079639e-04 2.100752e-04 1.847085e-04 1.335858e-04 4.551992e-05 -8.155611e-05 -1.979641e-04 -2.437732e-04 -2.253782e-04 -1.740363e-04 -1.038379e-04 -2.528232e-05 4.640132e-05 2.467963e-04
0.301887 pres -4.550866e-04 -7.796455e-04 -5.014735e-04 -1.582585e-04 1.725692e-04 3.354257e-04 2.182164e-04 -1.651981e-05 -1.704403e-04 -2.866543e-04 -4.224433e-04 -5.371496e-04 -5.846087e-04 -1.819024e-03
0.301887 difK -1.482070e-04 -2.514696e-04 -1.497046e-04 -1.871457e-05 2.867376e-05 -5.227087e-05 -1.326604e-04 -9.540194e-05 -5.328449e-06 3.921983e-05 4.863768e-05 5.096655e-05 5.310329e-05 6.099804e-04
0.301887 advM -2.304163e-04 -4.939682e-04 -5.597546e-04 -6.250629e-04 -6.966129e-04 -6.721053e-04 -3.628469e-04 1.169492e-04 4.859949e-04 7.153671e-04 8.639086e-04 9.305147e-04 9.084350e-04 1.727080e-03
0.301887 difM -4.369580e-04 -7.078264e-04 -2.803597e-04 1.377741e-05 -3.735797e-04 -9.074646e-04 -5.550001e-04 1.623626e-04 3.842254e-04 3.452242e-04 3.468543e-04 3.653707e-04 3.790590e-04 1.207330e-03
0.301887 cmpM -3.239218e-04 -5.918282e-04 -4.997071e-04 -4.062969e-04 -3.146323e-04 -2.055987e-04 -9.883766e-05 -3.248384e-05 2.811402e-06 2.038531e-05 2.046858e-05 7.319983e-06 -1.312054e-05 -1.552356e-03
0.301887 injK 0.000000e+00 0.000000e+00 0.000000e+00 0.000000e+00 2.582919e-04 9.133310e-04 1.504799e-03 1.637619e-03 1.437387e-03 1.240071e-03 1.054192e-03 8.820403e-04 7.251721e-04 2.238544e-03
0.301887 injM 0.000000e+00 0.000000e+00 0.000000e+00 0.000000e+00 2.090498e-03 4.438378e-03 4.665509e-03 2.583552e-03 1.887631e-03 1.561172e-03 1.292085e-03 1.077429e-03 9.148629e-04 8.079351e-03
0.402517 eK 7.514215e-03 1.426433e-02 1.320928e-02 1.215291e-02 1.115324e-02 1.022209e-02 9.306825e-03 8.358801e-03 7.392191e-03 6.449751e-03 5.554417e-03 4.714696e-03 3.936462e-03 1.324343e-02
0.402517 eM 7.262614e-03 1.376311e-02 1.269217e-02 1.172336e-02 1.095163e-02 1.012730e-02 8.942852e-03 7.541476e-03 6.255396e-03 5.183429e-03 4.295055e-03 3.571963e-03 3.004223e-03 2.460462e-02
0.402517 visc 1.283990e-04 2.641281e-04 2.802789e-04 2.987452e-04 3.246278e-04 3.569693e-04 3.709072e-04 3.604926e-04 3.378060e-04 3.083079e-04 2.768945e-04 2.475628e-04 2.219901e-04 1.390316e-03
0.402517 ohm 4.848916e-04 9.767688e-04 9.809663e-04 9.700406e-04 9.760271e-04 1.050981e-03 1.173853e-03 1.198645e-03 1.106321e-03 1.000079e-03 9.148450e-04 8.431981e-04 7.814323e-04 4.332860e-03
0.402517 S 3.590284e-04 7.018637e-04 7.278029e-04 7.085691e-04 4.230835e-04 -5.697265e-05 -1.959949e-04 1.089650e-04 3.578635e-04 3.453991e-04 2.082949e-04 5.443305e-05 -9.046236e-05 -1.485182e-03
0.402517 lor -2.483850e-04 -6.776977e-04 -1.094010e-03 -1.579610e-03 -2.064450e-03 -2.370556e-03 -2.155434e-03 -1.483860e-03 -7.283506e-04 -1.611051e-05 6.155357e-04 1.093696e-03 1.367788e-03 8.047306e-03
0.402517 advK 1.473811e-04 2.887935e-04 2.629998e-04 2.119727e-04 1.091709e-04 -6.748353e-05 -2.513659e-04 -3.447802e-04 -3.439265e-04 -2.900175e-04 -2.029617e-04 -9.541791e-05 1.290582e-05 5.410695e-04
0.402517 pres -1.988590e-04 -3.235915e-04 -1.273055e-04 1.376178e-04 4.518602e-04 6.880614e-04 6.133251e-04 2.861898e-04 -1.830749e-05 -2.540309e-04 -4.752131e-04 -6.540963e-04 -7.358916e-04 -4.086141e-04
0.402517 difK -1.748552e-04 -2.871428e-04 -1.558746e-04 -7.491514e-06 4.857769e-05 -2.201026e-05 -1.023976e-04 -7.577568e-05 3.510360e-06 3.980899e-05 4.279637e-05 3.927030e-05 3.720305e-05 5.909269e-04
0.402517 advM -1.790743e-04 -4.555589e-04 -6.256409e-04 -7.906348e-04 -9.711439e-04 -1.064274e-03 -7.849118e-04 -1.986827e-04 3.280718e-04 6.968928e-04 9.539948e-04 1.096897e-03 1.110217e-03 1.479693e-03
0.402517 difM -4.300439e-04 -6.645613e-04 -2.169703e-04 3.126453e-05 -4.185791e-04 -9.659492e-04 -5.978315e-04 1.302990e-04 3.712639e-04 3.474592e-04 3.487906e-04 3.630063e-04 3.771561e-04 1.254823e-03
0.402517 cmpM -4.019620e-05 -7.395830e-05 -6.605756e-05 -7.208233e-05 -8.159851e-05 -6.668074e-05 -4.433914e-05 -4.213829e-05 -4.210880e-05 -3.631740e-05 -3.187936e-05 -3.112302e-05 -3.486544e-05 -2.341852e-04
0.402517 injK 0.000000e+00 0.000000e+00 0.000000e+00 0.000000e+00 2.551733e-04 9.028135e-04 1.488922e-03 1.622547e-03 1.426630e-03 1.233341e-03 1.050992e-03 8.817772e-04 7.271197e-04 2.258456e-03
0.402517 injM 0.000000e+00 0.000000e+00 0.000000e+00 0.000000e+00 1.984832e-03 4.240855e-03 4.475268e-03 2.489391e-03 1.826526e-03 1.517819e-03 1.263557e-03 1.060225e-03 9.052930e-04 8.066861e-03
0.503146 eK 7.445072e-03 1.412425e-02 1.306171e-02 1.200091e-02 1.100464e-02 1.008889e-02 9.207133e-03 8.309102e-03 7.398599e-03 6.507704e-03 5.653545e-03 4.843498e-03 4.084060e-03 1.439664e-02
0.503146 eM 7.153312e-03 1.355594e-02 1.251981e-02 1.160728e-02 1.089510e-02 1.013035e-02 9.014239e-03 7.676429e-03 6.430698e-03 5.377690e-03 4.494216e-03 3.764222e-03 3.177695e-03 2.516354e-02
0.503146 visc 1.330368e-04 2.777365e-04 3.037141e-04 3.350788e-04 3.779190e-04 4.245184e-04 4.392853e-04 4.190538e-04 3.845417e-04 3.442182e-04 3.039296e-04 2.685800e-04 2.398222e-04 1.607481e-03
0.503146 ohm 5.010003e-04 1.010131e-03 1.017846e-03 1.016144e-03 1.035632e-03 1.119709e-03 1.242299e-03 1.264804e-03 1.172058e-03 1.062177e-03 9.688969e-04 8.884672e-04 8.210295e-04 4.566264e-03
0.503146 S 6.011193e-04 1.133077e-03 1.069555e-03 9.336518e-04 5.142208e-04 -7.268679e-05 -2.605859e-04 4.260412e-05 3.240750e-04 3.543170e-04 2.469355e-04 1.131296e-04 -1.058646e-05 -5.656988e-04
0.503146 lor -2.549918e-04 -7.670703e-04 -1.350721e-03 -2.027574e-03 -2.723233e-03 -3.215728e-03 -3.034815e-03 -2.214841e-03 -1.220718e-03 -2.525967e-04 6.170259e-04 1.288739e-03 1.691137e-03 9.027317e-03
0.503146 advK 2.283382e-04 4.439295e-04 4.055505e-04 3.401344e-04 1.976527e-04 -5.894026e-05 -3.293785e-04 -4.769955e-04 -4.966459e-04 -4.405998e-04 -3.315230e-04 -1.864656e-04 -3.368744e-05 8.089443e-04
0.503146 pres 5.958616e-05 2.032450e-04 4.545549e-04 7.854562e-04 1.151751e-03 1.408871e-03 1.300845e-03 8.954712e-04 4.841928e-04 1.050587e-04 -2.854597e-04 -6.208971e-04 -8.057990e-04 -2.046521e-04
0.503146 difK -2.084422e-04 -3.343029e-04 -1.733321e-04 -7.068798e-06 6.964991e-05 2.508476e-05 -5.086147e-05 -4.306766e-05 1.435282e-05 3.568181e-05 3.028558e-05 2.188187e-05 1.690663e-05 5.632697e-04
0.503146 advM -1.574841e-04 -4.597888e-04 -7.071328e-04 -9.472424e-04 -1.216936e-03 -1.403100e-03 -1.139883e-03 -4.661601e-04 1.944561e-04 7.008306e-04 1.081743e-03 1.319000e-03 1.380864e-03 1.444988e-03
0.503146 difM -4.199841e-04 -6.295677e-04 -1.914082e-04 1.811045e-05 -4.313500e-04 -9.510496e-04 -6.030487e-04 9.291919e-05 3.417835e-04 3.342172e-04 3.386641e-04 3.503501e-04 3.638804e-04 1.298828e-03
0.503146 cmpM 7.668525e-05 1.303018e-04 8.930959e-05 3.297090e-05 -1.812990e-05 -3.431781e-05 -3.575604e-05 -4.511466e-05 -4.179603e-05 -2.472933e-05 -5.813235e-06 1.149514e-05 2.454457e-05 9.627808e-04
0.503146 injK 0.000000e+00 0.000000e+00 0.000000e+00 0.000000e+00 2.516499e-04 8.904382e-04 1.469594e-03 1.603957e-03 1.413556e-03 1.225566e-03 1.047788e-03 8.822587e-04 7.303479e-04 2.290557e-03
0.503146 injM 0.000000e+00 0.000000e+00 0.000000e+00 0.000000e+00 1.850011e-03 3.978692e-03 4.220018e-03 2.363196e-03 1.745090e-03 1.460482e-03 1.225935e-03 1.037434e-03 8.924850e-04 8.048849e-03
0.603775 eK 7.409928e-03 1.404280e-02 1.295189e-02 1.186008e-02 1.084081e-02 9.920616e-03 9.060604e-03 8.206265e-03 7.349849e-03 6.513129e-03 5.706851e-03 4.935811e-03 4.205978e-03 1.542527e-02
0.603775 eM 7.094338e-03 1.343509e-02 1.240673e-02 1.151337e-02 1.081881e-02 1.007896e-02 9.014414e-03 7.742466e-03 6.551387e-03 5.536148e-03 4.676695e-03 3.956486e-03 3.363343e-03 2.572343e-02
0.603775 visc 1.378572e-04 2.940099e-04 3.346748e-04 3.840558e-04 4.460838e-04 5.032907e-04 5.128578e-04 4.786349e-04 4.301603e-04 3.785881e-04 3.303347e-04 2.905323e-04 2.602241e-04 1.860505e-03
0.603775 ohm 5.244961e-04 1.060295e-03 1.075800e-03 1.087050e-03 1.122104e-03 1.214249e-03 1.331336e-03 1.346911e-03 1.252313e-03 1.138230e-03 1.034219e-03 9.401636e-04 8.624957e-04 4.810485e-03
0.603775 S 6.451019e-04 1.169413e-03 1.012173e-03 7.606848e-04 2.336686e-04 -3.963366e-04 -5.676806e-04 -2.430488e-04 6.384649e-05 1.333538e-04 7.029822e-05 -2.065941e-05 -1.051409e-04 -1.236568e-03
0.603775 lor -8.983321e-05 -5.226541e-04 -1.286490e-03 -2.150372e-03 -3.012848e-03 -3.611469e-03 -3.429948e-03 -2.521883e-03 -1.381567e-03 -2.202129e-04 8.591505e-04 1.706569e-03 2.216861e-03 1.306167e-02
0.603775 advK 2.845114e-04 5.487566e-04 5.021402e-04 4.286241e-04 2.476655e-04 -7.774416e-05 -4.031022e-04 -5.718010e-04 -5.958943e-04 -5.358400e-04 -4.095641e-04 -2.382902e-04 -6.059074e-05 7.166251e-04
0.603775 pres -5.958412e-04 -9.390515e-04 -4.201603e-04 1.702851e-04 7.638521e-04 1.211877e-03 1.243693e-03 9.109204e-04 4.917199e-04 1.969438e-05 -5.199476e-04 -1.000480e-03 -1.275312e-03 -3.711051e-03
0.603775 difK -2.600508e-04 -4.098173e-04 -2.064134e-04 -5.886710e-06 1.082769e-04 9.252857e-05 1.252611e-05 -4.548207e-06 2.874601e-05 3.280996e-05 1.716597e-05 3.884960e-06 -3.338311e-06 5.439069e-04
0.603775 advM -1.411622e-04 -4.727987e-04 -7.937594e-04 -1.098928e-03 -1.432139e-03 -1.673589e-03 -1.425116e-03 -7.180233e-04 2.286239e-05 6.570345e-04 1.190870e-03 1.561954e-03 1.704535e-03 3.266142e-03
0.603775 difM -4.246926e-04 -6.244174e-04 -1.959736e-04 -9.577946e-06 -4.292935e-04 -8.988450e-04 -5.710105e-04 7.822728e-05 3.225566e-04 3.263724e-04 3.303758e-04 3.340909e-04 3.412618e-04 1.307326e-03
0.603775 cmpM 6.356528e-05 1.132362e-04 9.019046e-05 5.180595e-05 2.255568e-05 2.897757e-05 3.304931e-05 1.076524e-05 -7.692401e-06 -1.799395e-05 -2.877292e-05 -3.936910e-05 -5.099611e-05 -1.061225e-03
0.603775 injK 0.000000e+00 0.000000e+00 0.000000e+00 0.000000e+00 2.476653e-04 8.754728e-04 1.444678e-03 1.578348e-03 1.393916e-03 1.212039e-03 1.039749e-03 8.787913e-04 7.304715e-04 2.319920e-03
0.603775 injM 0.000000e+00 0.000000e+00 0.000000e+00 0.000000e+00 1.699135e-03 3.677050e-03 3.917776e-03 2.208700e-03 1.642209e-03 1.385594e-03 1.174507e-03 1.004072e-03 8.716863e-04 7.995212e-03
0.704404 eK 7.360327e-03 1.392931e-02 1.280021e-02 1.166755e-02 1.061817e-02 9.691479e-03 8.857717e-03 8.057341e-03 7.267403e-03 6.495532e-03 5.745395e-03 5.019838e-03 4.324851e-03 1.673727e-02
0.704404 eM 7.075513e-03 1.337908e-02 1.232983e-02 1.142100e-02 1.070935e-02 9.968315e-03 8.942505e-03 7.735298e-03 6.607059e-03 5.646790e-03 4.835132e-03 4.147656e-03 3.563626e-03 2.638305e-02
0.704404 visc 1.433647e-04 3.156974e-04 3.780265e-04 4.502288e-04 5.299248e-04 5.890773e-04 5.853234e-04 5.340399e-04 4.713658e-04 4.098076e-04 3.557954e-04 3.139057e-04 2.841949e-04 2.154472e-03
0.704404 ohm 5.539772e-04 1.126086e-03 1.155100e-03 1.182512e-03 1.233811e-03 1.331913e-03 1.440683e-03 1.449445e-03 1.354553e-03 1.234487e-03 1.112207e-03 9.952627e-04 9.015280e-04 5.073369e-03
0.704404 S 6.787006e-04 1.180955e-03 9.142669e-04 5.455053e-04 -5.514383e-05 -6.708835e-04 -7.977266e-04 -4.704832e-04 -1.762893e-04 -9.580194e-05 -1.141634e-04 -1.390955e-04 -1.590712e-04 -1.221930e-03
0.704404 lor 1.257732e-04 -1.966270e-04 -1.165680e-03 -2.232473e-03 -3.272032e-03 -3.960577e-03 -3.749765e-03 -2.761557e-03 -1.520038e-03 -1.986783e-04 1.091730e-03 2.119029e-03 2.712984e-03 1.510572e-02
0.704404 advK 3.842506e-04 7.220161e-04 6.391348e-04 5.308110e-04 2.806150e-04 -1.355188e-04 -5.275825e-04 -7.253233e-04 -7.546270e-04 -6.832183e-04 -5.254610e-04 -3.097367e-04 -9.092465e-05 9.467464e-04
0.704404 pres -5.269633e-04 -8.145649e-04 -3.193554e-04 2.844445e-04 9.872998e-04 1.597480e-03 1.733088e-03 1.404350e-03 9.090943e-04 2.816332e-04 -4.722249e-04 -1.147207e-03 -1.529465e-03 -1.937898e-03
0.704404 difK -3.315525e-04 -5.106488e-04 -2.470674e-04 -7.417086e-07 1.606579e-04 1.774880e-04 9.069496e-05 4.019361e-05 3.991981e-05 2.384857e-05 -9.466134e-07 -1.712070e-05 -2.354178e-05 5.270989e-04
0.704404 advM -1.168984e-04 -4.589681e-04 -8.279593e-04 -1.175684e-03 -1.564363e-03 -1.845049e-03 -1.591942e-03 -8.698302e-04 -1.002486e-04 6.271271e-04 1.313564e-03 1.817727e-03 2.011290e-03 3.678674e-03
0.704404 difM -4.505760e-04 -6.518675e-04 -2.209001e-04 -3.984323e-05 -4.083155e-04 -8.190544e-04 -5.166725e-04 8.211682e-05 3.251446e-04 3.395748e-04 3.295390e-04 3.086875e-04 3.009341e-04 1.269492e-03
0.704404 cmpM -3.756441e-04 -6.501871e-04 -5.094095e-04 -3.890929e-04 -2.687711e-04 -1.240737e-04 3.519864e-07 7.554942e-05 1.277047e-04 1.619036e-04 1.746303e-04 1.721688e-04 1.572067e-04 2.813852e-04
0.704404 injK 0.000000e+00 0.000000e+00 0.000000e+00 0.000000e+00 2.432780e-04 8.582943e-04 1.415280e-03 1.547450e-03 1.369551e-03 1.194501e-03 1.028456e-03 8.727956e-04 7.287261e-04 2.351919e-03
0.704404 injM 0.000000e+00 0.000000e+00 0.000000e+00 0.000000e+00 1.538083e-03 3.349428e-03 3.583947e-03 2.033831e-03 1.523408e-03 1.297742e-03 1.113300e-03 9.636218e-04 8.456708e-04 7.925666e-03
0.805033 eK 7.324778e-03 1.384178e-02 1.266524e-02 1.148118e-02 1.039565e-02 9.464722e-03 8.664231e-03 7.924664e-03 7.206072e-03 6.501908e-03 5.809882e-03 5.131446e-03 4.471909e-03 1.806652e-02
0.805033 eM 7.026942e-03 1.326261e-02 1.218528e-02 1.125011e-02 1.051197e-02 9.768903e-03 8.789501e-03 7.657953e-03 6.605719e-03 5.720849e-03 4.984076e-03 4.353010e-03 3.790108e-03 2.716518e-02
0.805033 visc 1.504239e-04 3.466064e-04 4.389124e-04 5.362611e-04 6.261890e-04 6.743495e-04 6.504958e-04 5.827371e-04 5.084629e-04 4.397776e-04 3.827066e-04 3.409932e-04 3.138017e-04 2.499959e-03
0.805033 ohm 5.822303e-04 1.195183e-03 1.244710e-03 1.290593e-03 1.357523e-03 1.460338e-03 1.563639e-03 1.573274e-03 1.484686e-03 1.355706e-03 1.202283e-03 1.049856e-03 9.360411e-04 5.367439e-03
0.805033 S 8.962863e-04 1.526570e-03 1.100516e-03 5.957837e-04 -5.026810e-05 -6.125873e-04 -6.967429e-04 -4.005279e-04 -1.584427e-04 -9.246051e-05 -6.737329e-05 -1.705522e-05 2.429929e-05 -4.062845e-04
0.805033 lor 2.225998e-04 -1.453976e-04 -1.351454e-03 -2.598695e-03 -3.778046e-03 -4.588330e-03 -4.451056e-03 -3.443807e-03 -2.083064e-03 -5.372420e-04 1.024914e-03 2.251549e-03 2.915389e-03 1.601771e-02
0.805033 advK 4.489300e-04 8.296153e-04 7.377714e-04 6.349731e-04 3.654240e-04 -8.499276e-05 -5.160123e-04 -7.528815e-04 -8.121885e-04 -7.546679e-04 -5.883849e-04 -3.496482e-04 -1.121480e-04 1.051111e-03
0.805033 pres -2.094569e-06 1.271074e-04 3.906212e-04 6.981374e-04 1.194636e-03 1.787816e-03 1.999154e-03 1.679991e-03 1.091464e-03 2.854737e-04 -6.710684e-04 -1.468899e-03 -1.846990e-03 -5.155431e-03
0.805033 difK -4.233517e-04 -6.329025e-04 -2.848931e-04 2.697286e-05 2.437992e-04 2.797849e-04 1.702456e-04 7.870369e-05 4.155876e-05 5.409970e-06 -2.752171e-05 -4.604203e-05 -5.009395e-05 5.213930e-04
0.805033 advM -6.807105e-05 -4.086260e-04 -8.162475e-04 -1.158183e-03 -1.569462e-03 -1.958140e-03 -1.849421e-03 -1.212129e-03 -4.282985e-04 4.293178e-04 1.305700e-03 1.939703e-03 2.147369e-03 3.994047e-03
0.805033 difM -4.947926e-04 -7.016423e-04 -2.534121e-04 -6.214346e-05 -3.645314e-04 -7.190005e-04 -4.528735e-04 9.675080e-05 3.522794e-04 3.772940e-04 3.289068e-04 2.588433e-04 2.318955e-04 1.196001e-03
0.805033 cmpM 4.495052e-05 7.488791e-05 3.645081e-05 -2.286080e-05 -6.111299e-05 -6.265757e-05 -6.970875e-05 -8.777342e-05 -8.767756e-05 -7.611662e-05 -6.636768e-05 -5.727929e-05 -4.685456e-05 5.594242e-04
0.805033 injK 0.000000e+00 0.000000e+00 0.000000e+00 0.000000e+00 2.388442e-04 8.406949e-04 1.385384e-03 1.516582e-03 1.345752e-03 1.177826e-03 1.018158e-03 8.678214e-04 7.279441e-04 2.393168e-03
0.805033 injM 0.000000e+00 0.000000e+00 0.000000e+00 0.000000e+00 1.369184e-03 3.002673e-03 3.229777e-03 1.846934e-03 1.396413e-03 1.204582e-03 1.049512e-03 9.222728e-04 8.191545e-04 7.850709e-03
0.905662 eK 7.309924e-03 1.378113e-02 1.253030e-02 1.127288e-02 1.014291e-02 9.210932e-03 8.448033e-03 7.770417e-03 7.122861e-03 6.486580e-03 5.854318e-03 5.225503e-03 4.603457e-03 1.937368e-02
0.905662 eM 6.992875e-03 1.316376e-02 1.203851e-02 1.105926e-02 1.028012e-02 9.520531e-03 8.573565e-03 7.510474e-03 6.538880e-03 5.747764e-03 5.108997e-03 4.548126e-03 4.006332e-03 2.779316e-02
0.905662 visc 1.592201e-04 3.901669e-04 5.221668e-04 6.429511e-04 7.299129e-04 7.534347e-04 7.061554e-04 6.250287e-04 5.427000e-04 4.697489e-04 4.119667e-04 3.724823e-04 3.496791e-04 2.885715e-03
0.905662 ohm 6.132703e-04 1.278634e-03 1.356133e-03 1.419513e-03 1.498921e-03 1.608408e-03 1.715442e-03 1.735169e-03 1.653635e-03 1.500261e-03 1.292329e-03 1.091541e-03 9.614689e-04 5.646209e-03
0.905662 S 9.717427e-04 1.586766e-03 1.004412e-03 3.895924e-04 -2.574250e-04 -7.359745e-04 -7.709428e-04 -5.045647e-04 -3.139416e-04 -2.469724e-04 -1.524202e-04 -1.813359e-05 6.434002e-05 -2.293403e-04
0.905662 lor 3.829568e-04 1.822740e-05 -1.404764e-03 -2.777555e-03 -4.031609e-03 -4.913555e-03 -4.839656e-03 -3.833047e-03 -2.356436e-03 -5.857428e-04 1.172021e-03 2.432879e-03 2.998466e-03 1.821241e-02
0.905662 advK 5.393192e-04 9.672679e-04 8.375868e-04 7.107497e-04 4.093070e-04 -6.260241e-05 -5.134987e-04 -7.683501e-04 -8.348243e-04 -7.692236e-04 -5.814704e-04 -3.247576e-04 -8.985573e-05 7.637472e-04
0.905662 pres -4.768152e-04 -7.149345e-04 -3.041030e-04 1.815814e-04 9.475732e-04 1.876028e-03 2.395167e-03 2.286582e-03 1.746677e-03 7.954660e-04 -3.717449e-04 -1.291541e-03 -1.685013e-03 -4.857447e-03
0.905662 difK -5.501755e-04 -7.891613e-04 -3.117777e-04 9.116679e-05 3.564212e-04 3.831558e-04 2.371470e-04 1.066618e-04 3.712450e-05 -1.590413e-05 -5.627828e-05 -7.720771e-05 -7.716542e-05 5.267501e-04
0.905662 advM -5.488327e-05 -4.198631e-04 -8.272696e-04 -1.126301e-03 -1.549259e-03 -2.045536e-03 -2.065048e-03 -1.478256e-03 -6.198117e-04 4.291605e-04 1.473066e-03 2.113630e-03 2.193662e-03 4.330702e-03
0.905662 difM -5.647006e-04 -7.727518e-04 -2.802555e-04 -7.360435e-05 -3.192848e-04 -6.195988e-04 -3.737802e-04 1.437758e-04 4.192863e-04 4.321842e-04 3.050865e-04 1.663558e-04 1.358271e-04 1.116314e-03
0.905662 cmpM 3.165526e-04 5.734229e-04 4.616414e-04 3.334514e-04 2.377065e-04 1.708188e-04 8.683843e-05 -3.623665e-06 -6.266789e-05 -9.813780e-05 -1.266229e-04 -1.474822e-04 -1.563614e-04 -1.342550e-03
0.905662 injK 0.000000e+00 0.000000e+00 0.000000e+00 0.000000e+00 2.339458e-04 8.213189e-04 1.352715e-03 1.482838e-03 1.319376e-03 1.158710e-03 1.005500e-03 8.605613e-04 7.249465e-04 2.428222e-03
0.905662 injM 0.000000e+00 0.000000e+00 0.000000e+00 0.000000e+00 1.197704e-03 2.646809e-03 2.861843e-03 1.649507e-03 1.261718e-03 1.106491e-03 9.829780e-04 8.787278e-04 7.896635e-04 7.737449e-03
0.998928 eK 7.293074e-03 1.371059e-02 1.237434e-02 1.104477e-02 9.887395e-03 8.973259e-03 8.254888e-03 7.635296e-03 7.051167e-03 6.476420e-03 5.900208e-03 5.318688e-03 4.732173e-03 2.082289e-02
0.998928 eM 6.942509e-03 1.303213e-02 1.185712e-02 1.083357e-02 1.001253e-02 9.232192e-03 8.313532e-03 7.319725e-03 6.439200e-03 5.758427e-03 5.226539e-03 4.729881e-03 4.196488e-03 2.833397e-02
0.998928 visc 1.696291e-04 4.452729e-04 6.227197e-04 7.586515e-04 8.267462e-04 8.169481e-04 7.486381e-04 6.599875e-04 5.743695e-04 5.001026e-04 4.433222e-04 4.072604e-04 3.898495e-04 3.288766e-03
0.998928 ohm 6.405849e-04 1.362970e-03 1.472635e-03 1.548396e-03 1.636840e-03 1.759779e-03 1.882290e-03 1.918937e-03 1.836607e-03 1.637619e-03 1.359513e-03 1.113835e-03 9.823514e-04 5.920557e-03
0.998928 S 7.439318e-04 1.073123e-03 4.034818e-04 -2.240774e-04 -7.714649e-04 -1.094546e-03 -1.025909e-03 -7.411095e-04 -5.578692e-04 -4.481912e-04 -2.684246e-04 -7.792289e-05 -4.419997e-06 -2.222475e-03
0.998928 lor 6.417297e-04 4.068134e-04 -1.141937e-03 -2.536783e-03 -3.762966e-03 -4.591268e-03 -4.449492e-03 -3.373332e-03 -1.794629e-03 6.777572e-05 1.784805e-03 2.849956e-03 3.192528e-03 1.961593e-02
0.998928 advK 6.119458e-04 1.048420e-03 8.453811e-04 6.621307e-04 3.141214e-04 -1.957581e-04 -6.883491e-04 -9.646375e-04 -1.014538e-03 -8.956162e-04 -6.397454e-04 -3.319118e-04 -7.801397e-05 1.164695e-03
0.998928 pres -6.692344e-04 -1.048827e-03 -6.204317e-04 -9.066471e-05 8.340580e-04 1.943829e-03 2.544772e-03 2.420497e-03 1.786399e-03 7.222845e-04 -4.542781e-04 -1.248082e-03 -1.483059e-03 -4.493606e-03
0.998928 difK -7.062907e-04 -9.645492e-04 -3.100626e-04 1.943325e-04 4.747910e-04 4.591219e-04 2.770838e-04 1.231651e-04 3.378960e-05 -3.070386e-05 -7.918565e-05 -1.039892e-04 -9.892362e-05 5.418143e-04
0.998928 advM -1.338909e-04 -5.741002e-04 -9.068986e-04 -1.130431e-03 -1.560807e-03 -2.094080e-03 -2.085290e-03 -1.410229e-03 -4.165009e-04 7.610090e-04 1.794237e-03 2.258455e-03 2.128782e-03 3.996546e-03
0.998928 difM -6.495718e-04 -8.495370e-04 -2.968908e-04 -8.103053e-05 -2.797811e-04 -5.180025e-04 -2.766986e-04 2.211336e-04 5.043142e-04 4.638747e-04 2.308554e-04 3.859282e-05 4.076351e-05 1.067569e-03
0.998928 cmpM -3.032120e-04 -5.319072e-04 -4.499358e-04 -3.765681e-04 -2.794888e-04 -1.698006e-04 -8.817334e-05 -3.290218e-05 2.535590e-05 8.387957e-05 1.295060e-04 1.595814e-04 1.747857e-04 1.535188e-03
0.998928 injK 0.000000e+00 0.000000e+00 0.000000e+00 0.000000e+00 2.292793e-04 8.031598e-04 1.322689e-03 1.452373e-03 1.296034e-03 1.142274e-03 9.951414e-04 8.551499e-04 7.232933e-04 2.468139e-03
0.998928 injM 0.000000e+00 0.000000e+00 0.000000e+00 0.000000e+00 1.040437e-03 2.316636e-03 2.519026e-03 1.465919e-03 1.139023e-03 1.020523e-03 9.273327e-04 8.432219e-04 7.648726e-04 7.629143e-03
