# tg_mhd (Kokkos FP64)  tgc_slip_cond_n65_re200_drive0.1_bdrive0.1  N=65 Re=200 h=4.90873852e-02 delta=7.07106781e-02 delta/h=1.440506 layers=33
# layer k: the nodes k cells from the nearest wall, i.e. the slab [(k-1/2)h, (k+1/2)h] ([0, h/2] for k = 0)
# row 'vol': each layer's share of the volume; then per probe: t and each layer's OHMIC dissipation as a share of the total eps
# vol 4.614639e-02 8.798981e-02 8.240509e-02 7.700348e-02 7.178497e-02 6.674957e-02 6.189728e-02 5.722809e-02 5.274200e-02 4.843903e-02 4.431915e-02 4.038239e-02 3.662872e-02 3.305817e-02 2.967072e-02 2.646637e-02 2.344513e-02 2.060699e-02 1.795197e-02 1.548004e-02 1.319122e-02 1.108551e-02 9.162903e-03 7.423401e-03 5.867004e-03 4.493713e-03 3.303528e-03 2.296448e-03 1.472473e-03 8.316040e-04 3.738403e-04 9.918213e-05 3.814697e-06
0.000000 2.49874e-02 5.03651e-02 5.12302e-02 5.21033e-02 5.25926e-02 5.24274e-02 5.14855e-02 4.97917e-02 4.74895e-02 4.47904e-02 4.19137e-02 3.90318e-02 3.62339e-02 3.35174e-02 3.08071e-02 2.79948e-02 2.49874e-02 2.17482e-02 1.83202e-02 1.48242e-02 1.14342e-02 8.33829e-03 5.69549e-03 3.60295e-03 2.08032e-03 1.07482e-03 4.82956e-04 1.80703e-04 5.24206e-05 1.03567e-05 1.06091e-06 2.68546e-08 0.00000e+00
0.100629 2.43665e-02 4.91243e-02 4.97526e-02 4.95806e-02 4.91021e-02 5.05735e-02 5.33911e-02 5.28968e-02 4.89933e-02 4.52229e-02 4.22126e-02 3.93199e-02 3.65113e-02 3.37814e-02 3.10455e-02 2.81906e-02 2.51246e-02 2.18198e-02 1.83315e-02 1.47916e-02 1.13807e-02 8.28521e-03 5.65703e-03 3.58352e-03 2.07653e-03 1.07954e-03 4.89638e-04 1.85710e-04 5.49852e-05 1.12534e-05 1.24679e-06 4.08377e-08 7.60790e-36
0.201258 2.35420e-02 4.74498e-02 4.78270e-02 4.71680e-02 4.66219e-02 4.90935e-02 5.38988e-02 5.45107e-02 5.01507e-02 4.56422e-02 4.22935e-02 3.93499e-02 3.65647e-02 3.38580e-02 3.11215e-02 2.82278e-02 2.50865e-02 2.16878e-02 1.81158e-02 1.45292e-02 1.11210e-02 8.07174e-03 5.51320e-03 3.50904e-03 2.05368e-03 1.08473e-03 5.03320e-04 1.97057e-04 6.10989e-05 1.34759e-05 1.72391e-06 7.77597e-08 3.60741e-36
0.301887 2.27530e-02 4.58402e-02 4.60571e-02 4.53368e-02 4.51216e-02 4.81877e-02 5.37509e-02 5.48779e-02 5.05459e-02 4.57382e-02 4.20679e-02 3.89793e-02 3.61976e-02 3.35576e-02 3.08909e-02 2.80303e-02 2.48685e-02 2.14093e-02 1.77737e-02 1.41597e-02 1.07805e-02 7.80987e-03 5.35247e-03 3.44096e-03 2.04905e-03 1.10966e-03 5.32124e-04 2.17272e-04 7.11455e-05 1.69324e-05 2.43347e-06 1.30808e-07 2.49611e-35
0.402517 2.20823e-02 4.44828e-02 4.46740e-02 4.41764e-02 4.44491e-02 4.78625e-02 5.34582e-02 5.45872e-02 5.03827e-02 4.55444e-02 4.16628e-02 3.83999e-02 3.55870e-02 3.30320e-02 3.04867e-02 2.77063e-02 2.45385e-02 2.09952e-02 1.72512e-02 1.35704e-02 1.02067e-02 7.33211e-03 5.01660e-03 3.24811e-03 1.96695e-03 1.09352e-03 5.43014e-04 2.31438e-04 7.97690e-05 2.02005e-05 3.13651e-06 1.84341e-07 1.22201e-36
0.503146 2.12781e-02 4.29015e-02 4.32291e-02 4.31569e-02 4.39845e-02 4.75554e-02 5.27619e-02 5.37177e-02 4.97787e-02 4.51119e-02 4.11502e-02 3.77343e-02 3.48701e-02 3.24321e-02 3.01097e-02 2.75349e-02 2.44572e-02 2.08661e-02 1.69911e-02 1.31844e-02 9.76753e-03 6.93062e-03 4.71653e-03 3.06778e-03 1.88679e-03 1.07621e-03 5.52822e-04 2.45181e-04 8.82791e-05 2.34110e-05 3.81076e-06 2.33943e-07 1.35948e-35
0.603775 2.06154e-02 4.16751e-02 4.22845e-02 4.27267e-02 4.41045e-02 4.77262e-02 5.23284e-02 5.29406e-02 4.92224e-02 4.47383e-02 4.06501e-02 3.69533e-02 3.39005e-02 3.15157e-02 2.94448e-02 2.71533e-02 2.42436e-02 2.06593e-02 1.66798e-02 1.27510e-02 9.27401e-03 6.46756e-03 4.35350e-03 2.83018e-03 1.76062e-03 1.02677e-03 5.43603e-04 2.49671e-04 9.32424e-05 2.56097e-05 4.29708e-06 2.69677e-07 2.77005e-35
0.704404 2.00280e-02 4.07115e-02 4.17604e-02 4.27515e-02 4.46061e-02 4.81528e-02 5.20851e-02 5.24019e-02 4.89713e-02 4.46305e-02 4.02097e-02 3.59818e-02 3.25930e-02 3.02453e-02 2.84795e-02 2.65380e-02 2.38678e-02 2.03744e-02 1.63757e-02 1.23857e-02 8.87028e-03 6.08324e-03 4.04313e-03 2.61951e-03 1.64361e-03 9.77663e-04 5.32164e-04 2.52297e-04 9.72544e-05 2.74524e-05 4.69198e-06 2.96438e-07 1.86891e-35
0.805033 1.93078e-02 3.96344e-02 4.12768e-02 4.27984e-02 4.50179e-02 4.84274e-02 5.18531e-02 5.21726e-02 4.92349e-02 4.49577e-02 3.98699e-02 3.48151e-02 3.10408e-02 2.88450e-02 2.74763e-02 2.58959e-02 2.34547e-02 2.00774e-02 1.61197e-02 1.21256e-02 8.59229e-03 5.80598e-03 3.80140e-03 2.44076e-03 1.53432e-03 9.25200e-04 5.15121e-04 2.50935e-04 9.93822e-05 2.86839e-05 4.96200e-06 3.13043e-07 3.23886e-35
0.905662 1.86222e-02 3.88262e-02 4.11795e-02 4.31040e-02 4.55153e-02 4.88399e-02 5.20900e-02 5.26890e-02 5.02132e-02 4.55560e-02 3.92420e-02 3.31450e-02 2.91953e-02 2.74372e-02 2.65330e-02 2.51860e-02 2.28185e-02 1.94873e-02 1.56028e-02 1.16962e-02 8.23812e-03 5.50898e-03 3.55684e-03 2.25513e-03 1.41130e-03 8.57258e-04 4.85782e-04 2.42242e-04 9.82603e-05 2.89144e-05 5.04864e-06 3.16846e-07 1.65668e-35
0.998928 1.79309e-02 3.81515e-02 4.12212e-02 4.33419e-02 4.58175e-02 4.92588e-02 5.26880e-02 5.37139e-02 5.14093e-02 4.58394e-02 3.80548e-02 3.11779e-02 2.74975e-02 2.63809e-02 2.58527e-02 2.45509e-02 2.21191e-02 1.87878e-02 1.50065e-02 1.12578e-02 7.94528e-03 5.31124e-03 3.40909e-03 2.13937e-03 1.32795e-03 8.07230e-04 4.62634e-04 2.34950e-04 9.71789e-05 2.90349e-05 5.09977e-06 3.17359e-07 1.74894e-35
