# tg_mhd (Kokkos FP64)  tgc_slip_cond_n65_re200_drive0.1_bdrive0.1  N=65 L=65 Re=200 Pm=1 u0=0.05 nu_lat=5.092958e-03 eta_lat=5.092958e-03 tau_f=0.515279 tau_m=0.520372 dt=2.454369e-03 fw=profile
# t E_V E_M E_T H_C Omega_V Omega_M eps EM/EV OmM/OmV j_max w_max skew divb/j divb_wall/j mass_drift umax_lat fw1 fw2 fw4 tau_wall
0.000000 1.25014462e-01 1.25000000e-01 2.50014462e-01 3.17811063e-20 3.74742266e-01 1.49518705e+00 1.86992931e-02 9.998843e-01 3.989908e+00 3.458540e+00 1.999197e+00 4.106256e-18 9.0030e-16 1.3209e-15 +0.0000e+00 0.05000 9.04198e-02 1.82670e-01 3.69891e-01 0.00000e+00
0.100629 1.25535464e-01 1.25751913e-01 2.51287376e-01 5.42929925e-06 3.85196408e-01 1.51174413e+00 1.89694054e-02 1.001724e+00 3.924606e+00 3.518431e+00 1.998736e+00 1.361193e-01 5.9146e-04 1.5500e-04 +3.2690e-06 0.05072 8.84630e-02 1.78129e-01 3.59024e-01 0.00000e+00
0.201258 1.26355778e-01 1.27007860e-01 2.53363638e-01 1.90402899e-05 4.14646850e-01 1.54928833e+00 1.96393518e-02 1.005161e+00 3.736404e+00 3.611411e+00 2.040223e+00 3.896405e-02 9.8141e-04 4.8280e-04 -4.4290e-05 0.05122 8.59185e-02 1.72772e-01 3.49834e-01 0.00000e+00
0.301887 1.27127919e-01 1.28543508e-01 2.55671427e-01 3.95841884e-05 4.59521795e-01 1.60599223e+00 2.06551402e-02 1.011135e+00 3.494921e+00 3.729890e+00 2.110244e+00 2.050442e-01 1.3245e-03 1.0325e-03 -2.4996e-05 0.05216 8.33779e-02 1.67859e-01 3.43859e-01 0.00000e+00
0.402517 1.27472642e-01 1.29919207e-01 2.57391850e-01 7.09498350e-05 5.16742509e-01 1.67909083e+00 2.19583334e-02 1.019193e+00 3.249376e+00 3.890097e+00 2.196168e+00 2.188191e-01 1.6812e-03 1.7783e-03 +4.4606e-05 0.05283 8.10791e-02 1.63895e-01 3.41446e-01 0.00000e+00
0.503146 1.28125745e-01 1.30960522e-01 2.59086267e-01 1.18215591e-04 5.85891574e-01 1.76864568e+00 2.35453726e-02 1.022125e+00 3.018725e+00 4.088314e+00 2.304842e+00 2.108832e-01 2.0910e-03 2.7064e-03 -3.1496e-05 0.05269 7.83714e-02 1.59619e-01 3.39476e-01 0.00000e+00
0.603775 1.28429891e-01 1.31911657e-01 2.60341548e-01 1.86138842e-04 6.64180948e-01 1.88001471e+00 2.54419565e-02 1.027110e+00 2.830576e+00 4.367358e+00 2.515995e+00 3.228251e-01 2.6122e-03 3.8155e-03 -3.6039e-05 0.05368 7.60981e-02 1.56735e-01 3.40665e-01 0.00000e+00
0.704404 1.28572398e-01 1.32744208e-01 2.61316606e-01 2.86249288e-04 7.51522388e-01 2.01449343e+00 2.76601581e-02 1.032447e+00 2.680550e+00 4.676735e+00 2.827806e+00 2.919719e-01 3.2928e-03 5.1221e-03 +2.1775e-05 0.05419 7.42349e-02 1.55254e-01 3.44198e-01 0.00000e+00
0.805033 1.28949977e-01 1.33072212e-01 2.62022188e-01 4.25967368e-04 8.49167619e-01 2.16635007e+00 3.01551769e-02 1.031968e+00 2.551145e+00 4.941121e+00 3.205759e+00 3.639756e-01 4.1553e-03 6.6121e-03 -1.2874e-05 0.05499 7.23828e-02 1.54339e-01 3.47651e-01 0.00000e+00
0.905662 1.29132923e-01 1.32882360e-01 2.62015283e-01 6.17499311e-04 9.56132884e-01 2.33709353e+00 3.29322642e-02 1.029035e+00 2.444319e+00 5.262195e+00 3.595304e+00 4.205983e-01 5.2332e-03 8.2649e-03 -5.7407e-06 0.05596 7.11159e-02 1.55028e-01 3.52458e-01 0.00000e+00
0.998928 1.29475151e-01 1.32227806e-01 2.61702957e-01 8.50840851e-04 1.06522628e+00 2.50729155e+00 3.57251782e-02 1.021260e+00 2.353764e+00 5.611561e+00 4.018446e+00 3.875524e-01 6.4175e-03 9.9086e-03 -6.3228e-06 0.05674 7.02831e-02 1.56551e-01 3.56906e-01 0.00000e+00
