# tg_mhd (host FP64)  tgc_slip_cond_n65_re200  N=65 L=65 Re=200 Pm=1 u0=0.05 nu_lat=5.092958e-03 eta_lat=5.092958e-03 tau_f=0.515279 tau_m=0.520372 dt=2.454369e-03 fw=profile
# t E_V E_M E_T H_C Omega_V Omega_M eps EM/EV OmM/OmV j_max w_max skew divb/j divb_wall/j mass_drift umax_lat fw1 fw2 fw4 tau_wall
0.000000 1.25000000e-01 1.25000000e-01 2.50000000e-01 -4.92586055e-22 3.74698900e-01 1.49518705e+00 1.86988595e-02 1.000000e+00 3.990369e+00 3.458540e+00 1.999197e+00 -2.699668e-18 9.0030e-16 1.3209e-15 +0.0000e+00 0.05000 9.04219e-02 1.82675e-01 3.69904e-01 0.00000e+00
0.100629 1.24337160e-01 1.22865601e-01 2.47202761e-01 2.30529784e-06 3.81323505e-01 1.47593425e+00 1.85725776e-02 9.881648e-01 3.870557e+00 3.518275e+00 1.998609e+00 1.364675e-01 1.0680e-04 1.5656e-04 +3.0496e-06 0.05069 9.03386e-02 1.82635e-01 3.70355e-01 0.00000e+00
0.201258 1.23968809e-01 1.21275000e-01 2.45243808e-01 7.01748440e-06 4.05600093e-01 1.47601563e+00 1.88161573e-02 9.782703e-01 3.639091e+00 3.610875e+00 2.038305e+00 3.628571e-02 3.0457e-04 4.6513e-04 -4.5726e-05 0.05116 8.96598e-02 1.81711e-01 3.70357e-01 0.00000e+00
0.301887 1.23532969e-01 1.20028670e-01 2.43561639e-01 1.46020377e-05 4.43014346e-01 1.49421749e+00 1.93723183e-02 9.716327e-01 3.372842e+00 3.729367e+00 2.103021e+00 2.058751e-01 6.0743e-04 9.4423e-04 -2.6620e-05 0.05202 8.88896e-02 1.80953e-01 3.71722e-01 0.00000e+00
0.402517 1.22673329e-01 1.18747889e-01 2.41421219e-01 2.94902624e-05 4.90083961e-01 1.52806269e+00 2.01814665e-02 9.680009e-01 3.117961e+00 3.890143e+00 2.178379e+00 2.245039e-01 1.0121e-03 1.5928e-03 +4.2463e-05 0.05258 8.82035e-02 1.80776e-01 3.75191e-01 0.00000e+00
0.503146 1.22115647e-01 1.17284126e-01 2.39399773e-01 5.59659501e-05 5.46166353e-01 1.57669689e+00 2.12286324e-02 9.604349e-01 2.886844e+00 4.053186e+00 2.269478e+00 2.169264e-01 1.5164e-03 2.4134e-03 -3.4254e-05 0.05236 8.68763e-02 1.79784e-01 3.77848e-01 0.00000e+00
0.603775 1.21215363e-01 1.15905830e-01 2.37121193e-01 9.75347788e-05 6.08658388e-01 1.64485542e+00 2.25351380e-02 9.561975e-01 2.702428e+00 4.223423e+00 2.358944e+00 3.337699e-01 2.1333e-03 3.4248e-03 -3.8843e-05 0.05323 8.58027e-02 1.79867e-01 3.82842e-01 0.00000e+00
0.704404 1.20166439e-01 1.14589687e-01 2.34756126e-01 1.57888827e-04 6.77488308e-01 1.73261174e+00 2.41010004e-02 9.535914e-01 2.557405e+00 4.373908e+00 2.541729e+00 2.869771e-01 2.8823e-03 4.6550e-03 +1.8412e-05 0.05361 8.49834e-02 1.81063e-01 3.89538e-01 0.00000e+00
0.805033 1.19344829e-01 1.12989579e-01 2.32334408e-01 2.39308540e-04 7.53468778e-01 1.83336361e+00 2.58683239e-02 9.467489e-01 2.433231e+00 4.494699e+00 2.828033e+00 3.637550e-01 3.7655e-03 6.0818e-03 -1.6309e-05 0.05420 8.40102e-02 1.82397e-01 3.95524e-01 0.00000e+00
0.905662 1.18342458e-01 1.11149523e-01 2.29491982e-01 3.43534880e-04 8.35190428e-01 1.94846443e+00 2.78365486e-02 9.392193e-01 2.332958e+00 4.641109e+00 3.122817e+00 4.212138e-01 4.8012e-03 7.6674e-03 -9.0922e-06 0.05496 8.35318e-02 1.84969e-01 4.02442e-01 0.00000e+00
1.006291 1.17515348e-01 1.09022035e-01 2.26537383e-01 4.72008060e-04 9.23519198e-01 2.07204594e+00 2.99556513e-02 9.277259e-01 2.243641e+00 5.181034e+00 3.447400e+00 3.694472e-01 5.9682e-03 9.3222e-03 -1.7376e-05 0.05530 8.32760e-02 1.87953e-01 4.08788e-01 0.00000e+00
1.106921 1.16845100e-01 1.06565255e-01 2.23410354e-01 6.25101303e-04 1.01701639e+00 2.20060221e+00 3.21761860e-02 9.120216e-01 2.163782e+00 6.181762e+00 3.820464e+00 4.007144e-01 7.2675e-03 1.1030e-02 -2.0638e-05 0.05617 8.32771e-02 1.91186e-01 4.14597e-01 0.00000e+00
1.207550 1.16113184e-01 1.03746925e-01 2.19860109e-01 8.05026059e-04 1.11264812e+00 2.33124782e+00 3.44389594e-02 8.934982e-01 2.095225e+00 7.237323e+00 4.205836e+00 4.277251e-01 8.7249e-03 1.2849e-02 +2.1683e-05 0.05656 8.35968e-02 1.94650e-01 4.20588e-01 0.00000e+00
1.308179 1.15755783e-01 1.00440777e-01 2.16196560e-01 1.01379883e-03 1.20837235e+00 2.45118679e+00 3.65955914e-02 8.676955e-01 2.028503e+00 8.244940e+00 4.597392e+00 3.864520e-01 1.0344e-02 1.4839e-02 -2.4964e-05 0.05592 8.35495e-02 1.96834e-01 4.24310e-01 0.00000e+00
1.408808 1.15383880e-01 9.68367398e-02 2.12220620e-01 1.25289669e-03 1.30017503e+00 2.56320399e+00 3.86337902e-02 8.392571e-01 1.971430e+00 9.134826e+00 4.971452e+00 3.966649e-01 1.2216e-02 1.7086e-02 -2.2927e-05 0.05675 8.35109e-02 1.98618e-01 4.27945e-01 0.00000e+00
1.509437 1.14986357e-01 9.29604960e-02 2.07946853e-01 1.52497681e-03 1.38442249e+00 2.66146473e+00 4.04588723e-02 8.084480e-01 1.922437e+00 9.811030e+00 5.228969e+00 3.566912e-01 1.4340e-02 1.9483e-02 +2.2472e-05 0.05538 8.33200e-02 1.99822e-01 4.31642e-01 0.00000e+00
1.610066 1.14825928e-01 8.87641789e-02 2.03590107e-01 1.83031211e-03 1.45856573e+00 2.73366224e+00 4.19222797e-02 7.730325e-01 1.874213e+00 1.016652e+01 5.358902e+00 3.689669e-01 1.6623e-02 2.1810e-02 -1.5172e-05 0.05449 8.24535e-02 1.99441e-01 4.33426e-01 0.00000e+00
1.710695 1.14519463e-01 8.44375270e-02 1.98956990e-01 2.16884635e-03 1.51969855e+00 2.78102755e+00 4.30072610e-02 7.373203e-01 1.829986e+00 1.020576e+01 5.363205e+00 3.678218e-01 1.8990e-02 2.3866e-02 -3.7427e-06 0.05353 8.13928e-02 1.98806e-01 4.36177e-01 0.00000e+00
1.811325 1.14188892e-01 8.00342521e-02 1.94223144e-01 2.53970168e-03 1.56880732e+00 2.79490338e+00 4.36371070e-02 7.008935e-01 1.781547e+00 9.934639e+00 5.276235e+00 3.095793e-01 2.1338e-02 2.5526e-02 +7.1295e-06 0.05113 8.00106e-02 1.97803e-01 4.38823e-01 0.00000e+00
1.911954 1.13878447e-01 7.56079620e-02 1.89486408e-01 2.93834548e-03 1.60692781e+00 2.76852611e+00 4.37545392e-02 6.639357e-01 1.722869e+00 9.392989e+00 5.243548e+00 3.150730e-01 2.3520e-02 2.6783e-02 -8.8770e-06 0.04941 7.83632e-02 1.96689e-01 4.41096e-01 0.00000e+00
2.000311 1.13423363e-01 7.18026542e-02 1.85226017e-01 3.30788087e-03 1.63202214e+00 2.71503139e+00 4.34705352e-02 6.330499e-01 1.663600e+00 8.739066e+00 5.249702e+00 3.299358e-01 2.5106e-02 2.7583e-02 +1.4318e-05 0.04855 7.70058e-02 1.96547e-01 4.43870e-01 0.00000e+00
