# tg_mhd (Kokkos FP64)  tgc_slip_cond_n65_re200  N=65 Re=200 h=4.90873852e-02 delta=7.07106781e-02 delta/h=1.440506 layers=33
# layer k: the nodes k cells from the nearest wall, i.e. the slab [(k-1/2)h, (k+1/2)h] ([0, h/2] for k = 0)
# row 'vol': each layer's share of the volume; then per probe: t and each layer's OHMIC dissipation as a share of the total eps
# vol 4.614639e-02 8.798981e-02 8.240509e-02 7.700348e-02 7.178497e-02 6.674957e-02 6.189728e-02 5.722809e-02 5.274200e-02 4.843903e-02 4.431915e-02 4.038239e-02 3.662872e-02 3.305817e-02 2.967072e-02 2.646637e-02 2.344513e-02 2.060699e-02 1.795197e-02 1.548004e-02 1.319122e-02 1.108551e-02 9.162903e-03 7.423401e-03 5.867004e-03 4.493713e-03 3.303528e-03 2.296448e-03 1.472473e-03 8.316040e-04 3.738403e-04 9.918213e-05 3.814697e-06
0.000000 2.49879e-02 5.03663e-02 5.12314e-02 5.21045e-02 5.25938e-02 5.24287e-02 5.14867e-02 4.97929e-02 4.74906e-02 4.47914e-02 4.19147e-02 3.90327e-02 3.62347e-02 3.35182e-02 3.08078e-02 2.79954e-02 2.49879e-02 2.17487e-02 1.83206e-02 1.48245e-02 1.14345e-02 8.33848e-03 5.69562e-03 3.60303e-03 2.08037e-03 1.07485e-03 4.82968e-04 1.80708e-04 5.24218e-05 1.03570e-05 1.06094e-06 2.68553e-08 0.00000e+00
0.100629 2.48853e-02 5.01606e-02 5.10242e-02 5.18937e-02 5.23758e-02 5.21995e-02 5.12434e-02 4.95355e-02 4.72238e-02 4.45241e-02 4.16581e-02 3.87971e-02 3.60246e-02 3.33300e-02 3.06301e-02 2.78129e-02 2.47881e-02 2.15278e-02 1.80864e-02 1.45943e-02 1.12292e-02 8.17510e-03 5.58194e-03 3.53603e-03 2.04902e-03 1.06525e-03 4.83160e-04 1.83253e-04 5.42613e-05 1.11072e-05 1.23115e-06 4.03841e-08 8.24287e-36
0.201258 2.45598e-02 4.95187e-02 5.04062e-02 5.13059e-02 5.18150e-02 5.16567e-02 5.07089e-02 4.90043e-02 4.66982e-02 4.40143e-02 4.11797e-02 3.83658e-02 3.56492e-02 3.30048e-02 3.03323e-02 2.75087e-02 2.44460e-02 2.11339e-02 1.76538e-02 1.41597e-02 1.08391e-02 7.86779e-03 5.37423e-03 3.42071e-03 2.00200e-03 1.05743e-03 4.90668e-04 1.92130e-04 5.95955e-05 1.31575e-05 1.68702e-06 7.64457e-08 1.00008e-35
0.301887 2.42289e-02 4.88887e-02 4.98462e-02 5.08106e-02 5.13450e-02 5.11599e-02 5.01425e-02 4.83469e-02 4.59521e-02 4.32019e-02 4.03390e-02 3.75443e-02 3.48924e-02 3.23406e-02 2.97582e-02 2.69920e-02 2.39409e-02 2.06088e-02 1.71102e-02 1.36336e-02 1.03826e-02 7.52351e-03 5.15731e-03 3.31595e-03 1.97472e-03 1.06942e-03 5.12860e-04 2.09474e-04 6.86579e-05 1.63773e-05 2.36438e-06 1.28004e-07 2.29716e-35
0.402517 2.39627e-02 4.84210e-02 4.95149e-02 5.05929e-02 5.11553e-02 5.09012e-02 4.97461e-02 4.77833e-02 4.52220e-02 4.23258e-02 3.93575e-02 3.65221e-02 3.39111e-02 3.14702e-02 2.90224e-02 2.63542e-02 2.33270e-02 1.99531e-02 1.63962e-02 1.29029e-02 9.71049e-03 6.98034e-03 4.77882e-03 3.09551e-03 1.87496e-03 1.04243e-03 5.17669e-04 2.20725e-04 7.61845e-05 1.93600e-05 3.02636e-06 1.79588e-07 5.89351e-36
0.503146 2.34872e-02 4.75854e-02 4.89146e-02 5.01817e-02 5.08035e-02 5.04922e-02 4.92249e-02 4.71467e-02 4.44781e-02 4.14675e-02 3.83771e-02 3.54543e-02 3.28544e-02 3.05517e-02 2.83246e-02 2.58638e-02 2.29471e-02 1.95669e-02 1.59344e-02 1.23726e-02 9.17655e-03 6.52039e-03 4.44353e-03 2.89342e-03 1.78069e-03 1.01585e-03 5.21752e-04 2.31435e-04 8.34485e-05 2.22244e-05 3.64939e-06 2.26835e-07 2.12107e-35
0.603775 2.30962e-02 4.70062e-02 4.87076e-02 5.02151e-02 5.08569e-02 5.04184e-02 4.89961e-02 4.68040e-02 4.40389e-02 4.08717e-02 3.75298e-02 3.43361e-02 3.15903e-02 2.93562e-02 2.73676e-02 2.51780e-02 2.24404e-02 1.91049e-02 1.54237e-02 1.18006e-02 8.59724e-03 6.00962e-03 4.05562e-03 2.64241e-03 1.64611e-03 9.60330e-04 5.08177e-04 2.33265e-04 8.71834e-05 2.40514e-05 4.07807e-06 2.59966e-07 3.11633e-35
0.704404 2.27235e-02 4.66042e-02 4.88438e-02 5.05947e-02 5.11700e-02 5.05391e-02 4.89815e-02 4.67668e-02 4.39827e-02 4.06201e-02 3.68420e-02 3.31343e-02 3.00714e-02 2.78586e-02 2.61433e-02 2.42870e-02 2.18000e-02 1.85893e-02 1.49359e-02 1.13030e-02 8.10914e-03 5.57824e-03 3.72197e-03 2.42055e-03 1.52270e-03 9.06405e-04 4.92875e-04 2.33248e-04 8.98561e-05 2.54597e-05 4.40304e-06 2.83653e-07 1.87608e-36
0.805033 2.21481e-02 4.59861e-02 4.89105e-02 5.08482e-02 5.12980e-02 5.05351e-02 4.90368e-02 4.70488e-02 4.44078e-02 4.08066e-02 3.63618e-02 3.18964e-02 2.84193e-02 2.62664e-02 2.48849e-02 2.33855e-02 2.11598e-02 1.81057e-02 1.45300e-02 1.09269e-02 7.74905e-03 5.25059e-03 3.45424e-03 2.23024e-03 1.40806e-03 8.50347e-04 4.72709e-04 2.29480e-04 9.06398e-05 2.62217e-05 4.59368e-06 2.96784e-07 7.82433e-36
0.905662 2.15627e-02 4.55936e-02 4.92912e-02 5.12539e-02 5.15012e-02 5.07140e-02 4.95076e-02 4.79438e-02 4.54334e-02 4.13039e-02 3.57904e-02 3.03543e-02 2.65467e-02 2.46355e-02 2.36495e-02 2.24307e-02 2.03590e-02 1.74114e-02 1.39391e-02 1.04345e-02 7.33958e-03 4.91162e-03 3.18459e-03 2.03325e-03 1.28090e-03 7.80389e-04 4.41412e-04 2.18934e-04 8.83273e-05 2.59972e-05 4.59823e-06 2.96894e-07 9.06824e-36
1.006291 2.08563e-02 4.52051e-02 4.96906e-02 5.15065e-02 5.15695e-02 5.09718e-02 5.03040e-02 4.92616e-02 4.67234e-02 4.17082e-02 3.48411e-02 2.84857e-02 2.46448e-02 2.31952e-02 2.26034e-02 2.15424e-02 1.95154e-02 1.66366e-02 1.32966e-02 9.95260e-03 6.99676e-03 4.66320e-03 2.99606e-03 1.89142e-03 1.18354e-03 7.23193e-04 4.14160e-04 2.09060e-04 8.58501e-05 2.56176e-05 4.55955e-06 2.93149e-07 1.07644e-35
1.106921 2.00814e-02 4.48816e-02 5.01016e-02 5.16264e-02 5.16134e-02 5.14397e-02 5.14491e-02 5.08404e-02 4.79537e-02 4.16904e-02 3.34031e-02 2.64468e-02 2.29519e-02 2.20938e-02 2.17966e-02 2.07377e-02 1.86472e-02 1.57931e-02 1.25914e-02 9.44688e-03 6.67938e-03 4.47503e-03 2.87446e-03 1.80145e-03 1.11713e-03 6.80926e-04 3.92878e-04 2.01165e-04 8.38637e-05 2.52997e-05 4.51935e-06 2.88555e-07 1.28501e-35
1.207550 1.93260e-02 4.47178e-02 5.05725e-02 5.17563e-02 5.18808e-02 5.23455e-02 5.30499e-02 5.26130e-02 4.88921e-02 4.10535e-02 3.15470e-02 2.45019e-02 2.16725e-02 2.13855e-02 2.12052e-02 1.99828e-02 1.77221e-02 1.48325e-02 1.17430e-02 8.80458e-03 6.26184e-03 4.23610e-03 2.74052e-03 1.71517e-03 1.05466e-03 6.38631e-04 3.69389e-04 1.91158e-04 8.06850e-05 2.45379e-05 4.38946e-06 2.78068e-07 4.09720e-35
1.308179 1.84486e-02 4.42374e-02 5.06060e-02 5.15519e-02 5.20508e-02 5.32581e-02 5.45731e-02 5.40105e-02 4.91655e-02 3.99623e-02 2.98918e-02 2.31776e-02 2.09421e-02 2.09961e-02 2.07990e-02 1.93772e-02 1.69436e-02 1.40096e-02 1.10061e-02 8.24004e-03 5.89831e-03 4.04517e-03 2.65631e-03 1.67366e-03 1.02376e-03 6.14000e-04 3.54029e-04 1.84308e-04 7.84900e-05 2.39676e-05 4.27698e-06 2.68373e-07 3.80821e-35
1.408808 1.76216e-02 4.37742e-02 5.05721e-02 5.14602e-02 5.25425e-02 5.45354e-02 5.62449e-02 5.49798e-02 4.85886e-02 3.83983e-02 2.85402e-02 2.24758e-02 2.06193e-02 2.07355e-02 2.04072e-02 1.87767e-02 1.61862e-02 1.32163e-02 1.02911e-02 7.67813e-03 5.52061e-03 3.83959e-03 2.57205e-03 1.64583e-03 1.00922e-03 6.00859e-04 3.44554e-04 1.79868e-04 7.70778e-05 2.35409e-05 4.16967e-06 2.58499e-07 1.94977e-35
1.509437 1.68361e-02 4.32286e-02 5.04337e-02 5.15465e-02 5.34117e-02 5.62045e-02 5.78914e-02 5.51733e-02 4.71018e-02 3.66739e-02 2.77551e-02 2.24315e-02 2.06195e-02 2.05040e-02 1.99712e-02 1.81730e-02 1.54732e-02 1.24908e-02 9.64142e-03 7.15862e-03 5.15437e-03 3.62474e-03 2.47818e-03 1.61954e-03 1.00377e-03 5.96728e-04 3.40616e-04 1.77908e-04 7.64711e-05 2.32389e-05 4.05480e-06 2.47291e-07 3.52378e-35
1.610066 1.59593e-02 4.22083e-02 4.98386e-02 5.14984e-02 5.43168e-02 5.78168e-02 5.88405e-02 5.41908e-02 4.50314e-02 3.53319e-02 2.77554e-02 2.30499e-02 2.09460e-02 2.03208e-02 1.95455e-02 1.76886e-02 1.49724e-02 1.20107e-02 9.22444e-03 6.82706e-03 4.91452e-03 3.47975e-03 2.42112e-03 1.61958e-03 1.02173e-03 6.11236e-04 3.48736e-04 1.82214e-04 7.83467e-05 2.35428e-05 3.99999e-06 2.37897e-07 3.04889e-35
1.710695 1.51254e-02 4.10784e-02 4.92808e-02 5.18737e-02 5.58723e-02 5.97264e-02 5.90536e-02 5.21588e-02 4.26480e-02 3.42258e-02 2.80209e-02 2.38999e-02 2.14812e-02 2.01839e-02 1.90243e-02 1.71316e-02 1.44813e-02 1.15915e-02 8.88483e-03 6.56374e-03 4.71538e-03 3.34275e-03 2.35102e-03 1.60474e-03 1.03374e-03 6.27491e-04 3.60892e-04 1.89441e-04 8.14597e-05 2.40840e-05 3.93179e-06 2.24942e-07 2.84202e-35
1.811325 1.42718e-02 3.97107e-02 4.87068e-02 5.26432e-02 5.79059e-02 6.12292e-02 5.78687e-02 4.92274e-02 4.03187e-02 3.33663e-02 2.83227e-02 2.47299e-02 2.21250e-02 2.01545e-02 1.84607e-02 1.65140e-02 1.40462e-02 1.13249e-02 8.73451e-03 6.48232e-03 4.66010e-03 3.29825e-03 2.33028e-03 1.61638e-03 1.06523e-03 6.61401e-04 3.87539e-04 2.06025e-04 8.89357e-05 2.58403e-05 3.99469e-06 2.14633e-07 1.25846e-35
1.911954 1.33813e-02 3.81194e-02 4.82098e-02 5.39525e-02 6.02484e-02 6.17219e-02 5.53034e-02 4.59702e-02 3.82289e-02 3.25527e-02 2.83897e-02 2.52702e-02 2.26815e-02 2.02429e-02 1.79400e-02 1.57949e-02 1.35598e-02 1.11334e-02 8.73197e-03 6.56651e-03 4.74869e-03 3.35197e-03 2.36308e-03 1.65500e-03 1.11414e-03 7.11137e-04 4.28619e-04 2.33006e-04 1.01688e-04 2.91528e-05 4.22288e-06 2.06016e-07 1.24348e-35
2.000311 1.26249e-02 3.67843e-02 4.82400e-02 5.59969e-02 6.25351e-02 6.11013e-02 5.22660e-02 4.31571e-02 3.64976e-02 3.16804e-02 2.81090e-02 2.53484e-02 2.28703e-02 2.02488e-02 1.75165e-02 1.50607e-02 1.29462e-02 1.08636e-02 8.72972e-03 6.69621e-03 4.89902e-03 3.45640e-03 2.42203e-03 1.70084e-03 1.16306e-03 7.61485e-04 4.72944e-04 2.64010e-04 1.17150e-04 3.34663e-05 4.58819e-06 2.00030e-07 1.01976e-35
