# tg_mhd (Kokkos FP64)  tgc_slip_cond_n65_re200_drive0.1_bdrive0.1  N=65 Re=200 h=4.90873852e-02 delta=7.07106781e-02 delta/h=1.440506 layers=33
# layer k: the nodes k cells from the nearest wall, i.e. the slab [(k-1/2)h, (k+1/2)h] ([0, h/2] for k = 0)
# row 'vol': each layer's share of the volume; then per probe: t and each layer's VISCOUS dissipation as a share of the total eps
# vol 4.614639e-02 8.798981e-02 8.240509e-02 7.700348e-02 7.178497e-02 6.674957e-02 6.189728e-02 5.722809e-02 5.274200e-02 4.843903e-02 4.431915e-02 4.038239e-02 3.662872e-02 3.305817e-02 2.967072e-02 2.646637e-02 2.344513e-02 2.060699e-02 1.795197e-02 1.548004e-02 1.319122e-02 1.108551e-02 9.162903e-03 7.423401e-03 5.867004e-03 4.493713e-03 3.303528e-03 2.296448e-03 1.472473e-03 8.316040e-04 3.738403e-04 9.918213e-05 3.814697e-06
0.000000 6.26192e-03 1.25483e-02 1.26029e-02 1.26572e-02 1.26823e-02 1.26533e-02 1.25491e-02 1.23501e-02 1.20408e-02 1.16147e-02 1.10720e-02 1.04184e-02 9.66556e-03 8.83033e-03 7.93406e-03 7.00115e-03 6.05764e-03 5.12971e-03 4.24212e-03 3.41681e-03 2.67169e-03 2.01974e-03 1.46844e-03 1.01968e-03 6.69965e-04 4.11087e-04 2.31110e-04 1.15593e-04 4.89890e-05 1.60849e-05 3.37511e-06 2.64230e-07 3.45294e-46
0.100629 6.19579e-03 1.24391e-02 1.25454e-02 1.26349e-02 1.26711e-02 1.27090e-02 1.27451e-02 1.26727e-02 1.23951e-02 1.19162e-02 1.12978e-02 1.05774e-02 9.77559e-03 8.91091e-03 8.00266e-03 7.07133e-03 6.13874e-03 5.22678e-03 4.35568e-03 3.54268e-03 2.80156e-03 2.14299e-03 1.57494e-03 1.10257e-03 7.27285e-04 4.45643e-04 2.48761e-04 1.22894e-04 5.12521e-05 1.65375e-05 3.41587e-06 2.64427e-07 2.63932e-34
0.201258 6.12483e-03 1.23602e-02 1.26055e-02 1.28377e-02 1.30711e-02 1.34279e-02 1.36708e-02 1.35920e-02 1.31995e-02 1.25387e-02 1.17244e-02 1.08381e-02 9.92319e-03 9.00135e-03 8.08472e-03 7.18155e-03 6.30011e-03 5.44899e-03 4.63533e-03 3.86380e-03 3.13813e-03 2.46425e-03 1.85285e-03 1.31870e-03 8.76560e-04 5.35526e-04 2.94595e-04 1.41773e-04 5.70330e-05 1.76512e-05 3.50150e-06 2.62881e-07 3.31099e-34
0.301887 6.01096e-03 1.22285e-02 1.26819e-02 1.31578e-02 1.37793e-02 1.46557e-02 1.51283e-02 1.49167e-02 1.42642e-02 1.32995e-02 1.21953e-02 1.10865e-02 1.00377e-02 9.06570e-03 8.16665e-03 7.32876e-03 6.53879e-03 5.78426e-03 5.05319e-03 4.33448e-03 3.62150e-03 2.91773e-03 2.24035e-03 1.61814e-03 1.08338e-03 6.60848e-04 3.59314e-04 1.68949e-04 6.55902e-05 1.93793e-05 3.65403e-06 2.62863e-07 4.46855e-34
0.402517 5.84739e-03 1.20286e-02 1.27641e-02 1.36051e-02 1.47838e-02 1.62567e-02 1.68914e-02 1.64171e-02 1.53840e-02 1.40406e-02 1.26100e-02 1.12742e-02 1.01096e-02 9.11999e-03 8.27636e-03 7.53829e-03 6.86468e-03 6.21731e-03 5.56314e-03 4.87782e-03 4.15107e-03 3.39198e-03 2.63029e-03 1.91083e-03 1.28161e-03 7.79637e-04 4.20325e-04 1.94432e-04 7.34763e-05 2.08699e-05 3.74625e-06 2.57186e-07 8.09368e-34
0.503146 5.65023e-03 1.17958e-02 1.28991e-02 1.42312e-02 1.60507e-02 1.80298e-02 1.86570e-02 1.77977e-02 1.63319e-02 1.46194e-02 1.29083e-02 1.14069e-02 1.01855e-02 9.22735e-03 8.47814e-03 7.86734e-03 7.32268e-03 6.77784e-03 6.17912e-03 5.49348e-03 4.71572e-03 3.87017e-03 3.00541e-03 2.18287e-03 1.46227e-03 8.87389e-04 4.76154e-04 2.18212e-04 8.10434e-05 2.23544e-05 3.84677e-06 2.52262e-07 4.85797e-34
0.603775 5.41850e-03 1.15561e-02 1.31544e-02 1.50954e-02 1.75334e-02 1.97819e-02 2.01580e-02 1.88128e-02 1.69075e-02 1.48805e-02 1.29839e-02 1.14194e-02 1.02281e-02 9.36223e-03 8.74181e-03 8.27071e-03 7.84934e-03 7.38672e-03 6.81260e-03 6.09110e-03 5.22985e-03 4.27652e-03 3.30305e-03 2.38620e-03 1.59156e-03 9.62666e-04 5.14841e-04 2.34661e-04 8.61968e-05 2.32771e-05 3.86890e-06 2.43181e-07 3.03024e-34
0.704404 5.18308e-03 1.14134e-02 1.36668e-02 1.62772e-02 1.91584e-02 2.12970e-02 2.11612e-02 1.93072e-02 1.70413e-02 1.48158e-02 1.28631e-02 1.13487e-02 1.02745e-02 9.55742e-03 9.08862e-03 8.74948e-03 8.42322e-03 8.00715e-03 7.42534e-03 6.64441e-03 5.68542e-03 4.61880e-03 3.53985e-03 2.53949e-03 1.68561e-03 1.01702e-03 5.43327e-04 2.47210e-04 9.02785e-05 2.40250e-05 3.88315e-06 2.34916e-07 9.07349e-34
0.805033 4.98833e-03 1.14941e-02 1.45551e-02 1.77834e-02 2.07656e-02 2.23626e-02 2.15716e-02 1.93246e-02 1.68615e-02 1.45838e-02 1.26912e-02 1.13080e-02 1.04062e-02 9.87118e-03 9.56065e-03 9.33131e-03 9.05772e-03 8.64254e-03 8.02083e-03 7.16819e-03 6.11291e-03 4.93742e-03 3.75535e-03 2.67344e-03 1.76419e-03 1.06118e-03 5.66401e-04 2.57485e-04 9.36335e-05 2.46186e-05 3.88405e-06 2.27011e-07 5.44878e-34
0.905662 4.83478e-03 1.18476e-02 1.58558e-02 1.95234e-02 2.21641e-02 2.28783e-02 2.14427e-02 1.89792e-02 1.64793e-02 1.42641e-02 1.25095e-02 1.13106e-02 1.06181e-02 1.02855e-02 1.01286e-02 9.97508e-03 9.69792e-03 9.22338e-03 8.51929e-03 7.58386e-03 6.44843e-03 5.18959e-03 3.92441e-03 2.77329e-03 1.81796e-03 1.08928e-03 5.80806e-04 2.63929e-04 9.56090e-05 2.48356e-05 3.82683e-06 2.16547e-07 7.31166e-34
0.998928 4.74817e-03 1.24638e-02 1.74308e-02 2.12358e-02 2.31418e-02 2.28676e-02 2.09555e-02 1.84740e-02 1.60774e-02 1.39986e-02 1.24092e-02 1.13998e-02 1.09125e-02 1.07697e-02 1.07414e-02 1.06255e-02 1.02995e-02 9.72350e-03 8.91194e-03 7.89654e-03 6.71032e-03 5.40735e-03 4.08822e-03 2.87996e-03 1.87972e-03 1.12349e-03 5.99439e-04 2.72886e-04 9.86447e-05 2.53172e-05 3.80831e-06 2.09179e-07 1.93876e-34
