# tg_mhd (CUDA FP64)  hydro_noslip_nofield_n256_re250  N=256 L=256 Re=250 Pm=1 u0=0.05 nu_lat=1.623380e-02 eta_lat=1.623380e-02 tau_f=0.548701 tau_m=0.564935 dt=6.159986e-04
# t E_V E_M E_T H_C Omega_V Omega_M eps EM/EV OmM/OmV j_max w_max skew divb/j divb_wall/j mass_drift umax_lat fw1 fw2 fw4 tau_wall
0.000000 1.23046905e-01 0.00000000e+00 1.23046905e-01 0.00000000e+00 3.56133182e+01 0.00000000e+00 2.84906546e-01 0.000000e+00 0.000000e+00 0.000000e+00 1.217420e+02 3.587055e-20 0.0000e+00 0.0000e+00 +0.0000e+00 0.04999 9.90380e-01 9.91211e-01 9.92883e-01 2.38073e-01
0.049896 1.17267109e-01 0.00000000e+00 1.17267109e-01 0.00000000e+00 8.68178216e+00 0.00000000e+00 6.94542573e-02 0.000000e+00 0.000000e+00 0.000000e+00 3.951422e+01 1.499663e-01 0.0000e+00 0.0000e+00 +4.0781e-06 0.05000 9.60607e-01 9.64008e-01 9.70851e-01 7.55197e-02
0.099792 1.14240484e-01 0.00000000e+00 1.14240484e-01 0.00000000e+00 6.26884082e+00 0.00000000e+00 5.01507265e-02 0.000000e+00 0.000000e+00 0.000000e+00 2.896885e+01 1.426579e-01 0.0000e+00 0.0000e+00 +1.1493e-05 0.05012 9.44778e-01 9.50224e-01 9.59684e-01 5.40610e-02
0.149688 1.11943028e-01 0.00000000e+00 1.11943028e-01 0.00000000e+00 5.17031482e+00 0.00000000e+00 4.13625186e-02 0.000000e+00 0.000000e+00 0.000000e+00 2.369434e+01 5.086226e-02 0.0000e+00 0.0000e+00 +1.3396e-05 0.04948 9.28234e-01 9.39641e-01 9.51100e-01 4.42900e-02
0.199584 1.10150983e-01 0.00000000e+00 1.10150983e-01 0.00000000e+00 4.50248501e+00 0.00000000e+00 3.60198801e-02 0.000000e+00 0.000000e+00 0.000000e+00 2.039873e+01 2.390277e-02 0.0000e+00 0.0000e+00 +7.7042e-06 0.04925 9.08251e-01 9.30595e-01 9.43727e-01 3.82009e-02
0.249479 1.08492582e-01 0.00000000e+00 1.08492582e-01 0.00000000e+00 4.04648888e+00 0.00000000e+00 3.23719111e-02 0.000000e+00 0.000000e+00 0.000000e+00 1.850664e+01 1.223453e-01 0.0000e+00 0.0000e+00 +1.0321e-06 0.04927 8.85953e-01 9.22655e-01 9.37213e-01 3.39773e-02
0.299375 1.06933718e-01 0.00000000e+00 1.06933718e-01 0.00000000e+00 3.70199569e+00 0.00000000e+00 2.96159655e-02 0.000000e+00 0.000000e+00 0.000000e+00 1.672718e+01 2.440006e-01 0.0000e+00 0.0000e+00 +7.5723e-07 0.04903 8.62483e-01 9.15319e-01 9.31199e-01 3.11329e-02
0.349271 1.05463439e-01 0.00000000e+00 1.05463439e-01 0.00000000e+00 3.43791870e+00 0.00000000e+00 2.75033496e-02 0.000000e+00 0.000000e+00 0.000000e+00 1.547639e+01 3.181734e-01 0.0000e+00 0.0000e+00 +7.6686e-06 0.04862 8.39128e-01 9.08563e-01 9.25740e-01 2.89034e-02
0.399167 1.04009628e-01 0.00000000e+00 1.04009628e-01 0.00000000e+00 3.23721851e+00 0.00000000e+00 2.58977481e-02 0.000000e+00 0.000000e+00 0.000000e+00 1.502100e+01 2.860746e-01 0.0000e+00 0.0000e+00 +1.2765e-05 0.04847 8.16855e-01 9.02373e-01 9.20892e-01 2.69216e-02
0.449063 1.02797532e-01 0.00000000e+00 1.02797532e-01 0.00000000e+00 3.07706012e+00 0.00000000e+00 2.46164810e-02 0.000000e+00 0.000000e+00 0.000000e+00 1.448647e+01 2.215086e-01 0.0000e+00 0.0000e+00 +1.0343e-05 0.04825 7.95658e-01 8.96353e-01 9.16391e-01 2.56733e-02
0.498959 1.01692151e-01 0.00000000e+00 1.01692151e-01 0.00000000e+00 2.93058499e+00 0.00000000e+00 2.34446799e-02 0.000000e+00 0.000000e+00 0.000000e+00 1.357632e+01 2.225898e-01 0.0000e+00 0.0000e+00 +3.3955e-06 0.04758 7.74546e-01 8.89772e-01 9.11694e-01 2.46276e-02
0.548855 1.00570130e-01 0.00000000e+00 1.00570130e-01 0.00000000e+00 2.78631356e+00 0.00000000e+00 2.22905085e-02 0.000000e+00 0.000000e+00 0.000000e+00 1.277724e+01 3.417518e-01 0.0000e+00 0.0000e+00 -5.7772e-07 0.04745 7.53025e-01 8.82281e-01 9.06558e-01 2.32147e-02
0.598751 9.94678611e-02 0.00000000e+00 9.94678611e-02 0.00000000e+00 2.66697687e+00 0.00000000e+00 2.13358149e-02 0.000000e+00 0.000000e+00 0.000000e+00 1.228199e+01 4.613112e-01 0.0000e+00 0.0000e+00 +3.5349e-06 0.04750 7.33413e-01 8.74970e-01 9.01844e-01 2.18966e-02
0.648646 9.83111772e-02 0.00000000e+00 9.83111772e-02 0.00000000e+00 2.57338489e+00 0.00000000e+00 2.05870791e-02 0.000000e+00 0.000000e+00 0.000000e+00 1.201079e+01 4.820149e-01 0.0000e+00 0.0000e+00 +1.0436e-05 0.04713 7.16101e-01 8.68088e-01 8.97720e-01 2.13391e-02
0.698542 9.72513021e-02 0.00000000e+00 9.72513021e-02 0.00000000e+00 2.52025281e+00 0.00000000e+00 2.01620224e-02 0.000000e+00 0.000000e+00 0.000000e+00 1.225247e+01 3.929464e-01 0.0000e+00 0.0000e+00 +1.1780e-05 0.04643 7.02975e-01 8.62563e-01 8.94875e-01 2.13795e-02
0.748438 9.63724155e-02 0.00000000e+00 9.63724155e-02 0.00000000e+00 2.45527750e+00 0.00000000e+00 1.96422200e-02 0.000000e+00 0.000000e+00 0.000000e+00 1.194970e+01 3.522909e-01 0.0000e+00 0.0000e+00 +6.4489e-06 0.04618 6.88380e-01 8.55738e-01 8.91236e-01 2.06841e-02
0.798334 9.54496325e-02 0.00000000e+00 9.54496325e-02 0.00000000e+00 2.36091109e+00 0.00000000e+00 1.88872887e-02 0.000000e+00 0.000000e+00 0.000000e+00 1.107557e+01 4.425216e-01 0.0000e+00 0.0000e+00 +5.1974e-07 0.04590 6.69950e-01 8.46471e-01 8.85953e-01 1.94556e-02
0.848230 9.45112324e-02 0.00000000e+00 9.45112324e-02 0.00000000e+00 2.28018603e+00 0.00000000e+00 1.82414882e-02 0.000000e+00 0.000000e+00 0.000000e+00 1.053088e+01 5.682986e-01 0.0000e+00 0.0000e+00 +8.0802e-07 0.04571 6.53267e-01 8.37409e-01 8.81000e-01 1.88066e-02
0.898126 9.35607577e-02 0.00000000e+00 9.35607577e-02 0.00000000e+00 2.23926192e+00 0.00000000e+00 1.79140954e-02 0.000000e+00 0.000000e+00 0.000000e+00 1.074095e+01 5.944875e-01 0.0000e+00 0.0000e+00 +6.7518e-06 0.04552 6.42611e-01 8.30739e-01 8.77922e-01 1.87674e-02
0.948022 9.25941163e-02 0.00000000e+00 9.25941163e-02 0.00000000e+00 2.20404463e+00 0.00000000e+00 1.76323570e-02 0.000000e+00 0.000000e+00 0.000000e+00 1.080524e+01 5.552671e-01 0.0000e+00 0.0000e+00 +1.1365e-05 0.04508 6.32811e-01 8.24155e-01 8.74979e-01 1.85581e-02
0.997918 9.17661355e-02 0.00000000e+00 9.17661355e-02 0.00000000e+00 2.16487281e+00 0.00000000e+00 1.73189825e-02 0.000000e+00 0.000000e+00 0.000000e+00 1.077452e+01 5.160868e-01 0.0000e+00 0.0000e+00 +9.1672e-06 0.04442 6.22222e-01 8.16834e-01 8.71580e-01 1.82361e-02
1.047814 9.09757881e-02 0.00000000e+00 9.09757881e-02 0.00000000e+00 2.12335056e+00 0.00000000e+00 1.69868045e-02 0.000000e+00 0.000000e+00 0.000000e+00 1.040923e+01 5.257522e-01 0.0000e+00 0.0000e+00 +2.9036e-06 0.04412 6.11206e-01 8.08905e-01 8.67809e-01 1.79034e-02
1.097709 9.01458663e-02 0.00000000e+00 9.01458663e-02 0.00000000e+00 2.07720104e+00 0.00000000e+00 1.66176083e-02 0.000000e+00 0.000000e+00 0.000000e+00 1.014278e+01 6.010633e-01 0.0000e+00 0.0000e+00 -7.4459e-07 0.04400 5.99449e-01 8.00241e-01 8.63574e-01 1.74617e-02
1.147605 8.93240864e-02 0.00000000e+00 8.93240864e-02 0.00000000e+00 2.02295254e+00 0.00000000e+00 1.61836203e-02 0.000000e+00 0.000000e+00 0.000000e+00 9.690833e+00 6.926782e-01 0.0000e+00 0.0000e+00 +3.3948e-06 0.04375 5.86148e-01 7.90514e-01 8.58635e-01 1.66875e-02
1.197501 8.84397409e-02 0.00000000e+00 8.84397409e-02 0.00000000e+00 1.99134323e+00 0.00000000e+00 1.59307458e-02 0.000000e+00 0.000000e+00 0.000000e+00 9.678507e+00 7.087026e-01 0.0000e+00 0.0000e+00 +9.3995e-06 0.04346 5.77348e-01 7.82841e-01 8.55093e-01 1.65805e-02
1.247397 8.76108355e-02 0.00000000e+00 8.76108355e-02 0.00000000e+00 1.99226157e+00 0.00000000e+00 1.59380926e-02 0.000000e+00 0.000000e+00 0.000000e+00 1.028249e+01 6.338323e-01 0.0000e+00 0.0000e+00 +1.0392e-05 0.04296 5.75269e-01 7.78528e-01 8.53754e-01 1.71527e-02
1.297293 8.69026006e-02 0.00000000e+00 8.69026006e-02 0.00000000e+00 1.98273507e+00 0.00000000e+00 1.58618806e-02 0.000000e+00 0.000000e+00 0.000000e+00 1.034152e+01 5.931160e-01 0.0000e+00 0.0000e+00 +5.5734e-06 0.04232 5.70881e-01 7.72910e-01 8.51503e-01 1.72263e-02
1.347189 8.61518336e-02 0.00000000e+00 8.61518336e-02 0.00000000e+00 1.93190953e+00 0.00000000e+00 1.54552762e-02 0.000000e+00 0.000000e+00 0.000000e+00 9.590170e+00 6.573607e-01 0.0000e+00 0.0000e+00 +3.4328e-07 0.04203 5.57482e-01 7.62282e-01 8.45953e-01 1.61806e-02
1.397085 8.53863212e-02 0.00000000e+00 8.53863212e-02 0.00000000e+00 1.88432783e+00 0.00000000e+00 1.50746227e-02 0.000000e+00 0.000000e+00 0.000000e+00 9.242837e+00 7.546395e-01 0.0000e+00 0.0000e+00 +6.6505e-07 0.04213 5.44719e-01 7.51719e-01 8.40436e-01 1.54858e-02
1.446981 8.45937447e-02 0.00000000e+00 8.45937447e-02 0.00000000e+00 1.86956401e+00 0.00000000e+00 1.49565121e-02 0.000000e+00 0.000000e+00 0.000000e+00 9.454282e+00 7.743707e-01 0.0000e+00 0.0000e+00 +6.1696e-06 0.04188 5.39841e-01 7.45370e-01 8.37585e-01 1.57382e-02
1.496876 8.37836625e-02 0.00000000e+00 8.37836625e-02 0.00000000e+00 1.87103229e+00 0.00000000e+00 1.49682584e-02 0.000000e+00 0.000000e+00 0.000000e+00 9.778903e+00 7.354793e-01 0.0000e+00 0.0000e+00 +1.0194e-05 0.04118 5.38852e-01 7.41205e-01 8.36063e-01 1.61912e-02
1.546772 8.30792481e-02 0.00000000e+00 8.30792481e-02 0.00000000e+00 1.86564468e+00 0.00000000e+00 1.49251575e-02 0.000000e+00 0.000000e+00 0.000000e+00 9.971899e+00 6.838325e-01 0.0000e+00 0.0000e+00 +7.9716e-06 0.04066 5.36009e-01 7.36021e-01 8.33817e-01 1.61635e-02
1.596668 8.23940420e-02 0.00000000e+00 8.23940420e-02 0.00000000e+00 1.83860703e+00 0.00000000e+00 1.47088562e-02 0.000000e+00 0.000000e+00 0.000000e+00 9.612413e+00 6.962659e-01 0.0000e+00 0.0000e+00 +2.4002e-06 0.04044 5.27771e-01 7.27674e-01 8.29511e-01 1.56025e-02
1.646564 8.16606899e-02 0.00000000e+00 8.16606899e-02 0.00000000e+00 1.80813114e+00 0.00000000e+00 1.44650491e-02 0.000000e+00 0.000000e+00 0.000000e+00 9.318758e+00 7.603454e-01 0.0000e+00 0.0000e+00 -6.0725e-07 0.04023 5.18690e-01 7.18692e-01 8.24766e-01 1.52076e-02
1.696460 8.09423651e-02 0.00000000e+00 8.09423651e-02 0.00000000e+00 1.78572806e+00 0.00000000e+00 1.42858245e-02 0.000000e+00 0.000000e+00 0.000000e+00 9.142348e+00 8.199709e-01 0.0000e+00 0.0000e+00 +3.0776e-06 0.04004 5.11817e-01 7.10927e-01 8.20744e-01 1.50197e-02
1.746356 8.01713754e-02 0.00000000e+00 8.01713754e-02 0.00000000e+00 1.77770321e+00 0.00000000e+00 1.42216257e-02 0.000000e+00 0.000000e+00 0.000000e+00 9.415057e+00 8.029693e-01 0.0000e+00 0.0000e+00 +8.3436e-06 0.03976 5.08864e-01 7.05517e-01 8.18125e-01 1.50765e-02
1.796252 7.94414101e-02 0.00000000e+00 7.94414101e-02 0.00000000e+00 1.77832907e+00 0.00000000e+00 1.42266325e-02 0.000000e+00 0.000000e+00 0.000000e+00 9.701177e+00 7.585995e-01 0.0000e+00 0.0000e+00 +9.2368e-06 0.03920 5.08201e-01 7.01573e-01 8.16321e-01 1.53224e-02
1.846148 7.87871298e-02 0.00000000e+00 7.87871298e-02 0.00000000e+00 1.78021918e+00 0.00000000e+00 1.42417535e-02 0.000000e+00 0.000000e+00 0.000000e+00 9.906911e+00 7.234084e-01 0.0000e+00 0.0000e+00 +4.8313e-06 0.03866 5.07827e-01 6.97861e-01 8.14567e-01 1.55451e-02
1.896044 7.81034897e-02 0.00000000e+00 7.81034897e-02 0.00000000e+00 1.75998171e+00 0.00000000e+00 1.40798537e-02 0.000000e+00 0.000000e+00 0.000000e+00 9.502324e+00 7.504746e-01 0.0000e+00 0.0000e+00 +8.1642e-08 0.03844 5.01385e-01 6.90400e-01 8.10446e-01 1.50351e-02
1.945939 7.74072723e-02 0.00000000e+00 7.74072723e-02 0.00000000e+00 1.72565611e+00 0.00000000e+00 1.38052489e-02 0.000000e+00 0.000000e+00 0.000000e+00 9.119229e+00 8.176767e-01 0.0000e+00 0.0000e+00 +5.0962e-07 0.03842 4.90981e-01 6.80401e-01 8.04732e-01 1.43259e-02
1.995835 7.66914028e-02 0.00000000e+00 7.66914028e-02 0.00000000e+00 1.70710445e+00 0.00000000e+00 1.36568356e-02 0.000000e+00 0.000000e+00 0.000000e+00 9.101802e+00 8.479479e-01 0.0000e+00 0.0000e+00 +5.6865e-06 0.03820 4.85182e-01 6.73278e-01 8.00737e-01 1.42267e-02
2.045731 7.59518586e-02 0.00000000e+00 7.59518586e-02 0.00000000e+00 1.72245378e+00 0.00000000e+00 1.37796303e-02 0.000000e+00 0.000000e+00 0.000000e+00 9.729018e+00 7.932227e-01 0.0000e+00 0.0000e+00 +8.9965e-06 0.03768 4.89499e-01 6.72685e-01 8.00644e-01 1.50058e-02
2.095627 7.52994775e-02 0.00000000e+00 7.52994775e-02 0.00000000e+00 1.73418129e+00 0.00000000e+00 1.38734503e-02 0.000000e+00 0.000000e+00 0.000000e+00 1.003919e+01 7.338974e-01 0.0000e+00 0.0000e+00 +6.8685e-06 0.03712 4.92571e-01 6.71467e-01 8.00058e-01 1.52382e-02
2.145523 7.46512053e-02 0.00000000e+00 7.46512053e-02 0.00000000e+00 1.70894111e+00 0.00000000e+00 1.36715289e-02 0.000000e+00 0.000000e+00 0.000000e+00 9.652441e+00 7.423294e-01 0.0000e+00 0.0000e+00 +1.9358e-06 0.03680 4.84761e-01 6.63239e-01 7.95113e-01 1.44827e-02
2.195419 7.39706987e-02 0.00000000e+00 7.39706987e-02 0.00000000e+00 1.67959399e+00 0.00000000e+00 1.34367519e-02 0.000000e+00 0.000000e+00 0.000000e+00 9.236322e+00 7.945490e-01 0.0000e+00 0.0000e+00 -5.5088e-07 0.03673 4.75687e-01 6.54107e-01 7.89567e-01 1.39873e-02
2.245315 7.32956295e-02 0.00000000e+00 7.32956295e-02 0.00000000e+00 1.67205940e+00 0.00000000e+00 1.33764752e-02 0.000000e+00 0.000000e+00 0.000000e+00 9.308194e+00 8.220698e-01 0.0000e+00 0.0000e+00 +2.6692e-06 0.03657 4.73511e-01 6.49514e-01 7.86750e-01 1.41447e-02
2.295211 7.25864125e-02 0.00000000e+00 7.25864125e-02 0.00000000e+00 1.67160064e+00 0.00000000e+00 1.33728052e-02 0.000000e+00 0.000000e+00 0.000000e+00 9.592912e+00 7.986397e-01 0.0000e+00 0.0000e+00 +7.4060e-06 0.03618 4.73626e-01 6.46551e-01 7.84863e-01 1.42693e-02
2.345107 7.19065025e-02 0.00000000e+00 7.19065025e-02 0.00000000e+00 1.66906503e+00 0.00000000e+00 1.33525203e-02 0.000000e+00 0.000000e+00 0.000000e+00 9.815865e+00 7.540685e-01 0.0000e+00 0.0000e+00 +8.1215e-06 0.03565 4.73082e-01 6.43270e-01 7.82673e-01 1.43156e-02
2.395002 7.12833418e-02 0.00000000e+00 7.12833418e-02 0.00000000e+00 1.66873755e+00 0.00000000e+00 1.33499004e-02 0.000000e+00 0.000000e+00 0.000000e+00 9.922133e+00 7.143726e-01 0.0000e+00 0.0000e+00 +4.0536e-06 0.03528 4.73267e-01 6.40565e-01 7.80720e-01 1.44103e-02
2.444898 7.06290365e-02 0.00000000e+00 7.06290365e-02 0.00000000e+00 1.65490459e+00 0.00000000e+00 1.32392367e-02 0.000000e+00 0.000000e+00 0.000000e+00 9.638400e+00 7.301755e-01 0.0000e+00 0.0000e+00 -1.5330e-07 0.03506 4.69305e-01 6.35046e-01 7.76974e-01 1.41001e-02
2.494794 6.99759383e-02 0.00000000e+00 6.99759383e-02 0.00000000e+00 1.62919478e+00 0.00000000e+00 1.30335583e-02 0.000000e+00 0.000000e+00 0.000000e+00 9.339178e+00 7.758769e-01 0.0000e+00 0.0000e+00 +3.9608e-07 0.03489 4.61601e-01 6.26934e-01 7.71610e-01 1.35797e-02
2.544690 6.93067054e-02 0.00000000e+00 6.93067054e-02 0.00000000e+00 1.61325428e+00 0.00000000e+00 1.29060342e-02 0.000000e+00 0.000000e+00 0.000000e+00 9.298763e+00 7.857313e-01 0.0000e+00 0.0000e+00 +5.0286e-06 0.03473 4.57148e-01 6.21083e-01 7.67591e-01 1.34651e-02
2.594586 6.86207190e-02 0.00000000e+00 6.86207190e-02 0.00000000e+00 1.61998263e+00 0.00000000e+00 1.29598610e-02 0.000000e+00 0.000000e+00 0.000000e+00 9.727982e+00 7.318601e-01 0.0000e+00 0.0000e+00 +7.8856e-06 0.03431 4.60336e-01 6.20656e-01 7.66807e-01 1.39286e-02
2.644482 6.79986116e-02 0.00000000e+00 6.79986116e-02 0.00000000e+00 1.62679497e+00 0.00000000e+00 1.30143598e-02 0.000000e+00 0.000000e+00 0.000000e+00 9.989485e+00 6.804944e-01 0.0000e+00 0.0000e+00 +5.9148e-06 0.03377 4.63538e-01 6.20371e-01 7.65995e-01 1.41800e-02
2.694378 6.73808681e-02 0.00000000e+00 6.73808681e-02 0.00000000e+00 1.61083824e+00 0.00000000e+00 1.28867059e-02 0.000000e+00 0.000000e+00 0.000000e+00 9.749815e+00 6.702685e-01 0.0000e+00 0.0000e+00 +1.4309e-06 0.03346 4.59269e-01 6.14858e-01 7.61861e-01 1.37314e-02
2.744274 6.67395782e-02 0.00000000e+00 6.67395782e-02 0.00000000e+00 1.58270587e+00 0.00000000e+00 1.26616469e-02 0.000000e+00 0.000000e+00 0.000000e+00 9.268379e+00 7.044306e-01 0.0000e+00 0.0000e+00 -6.6387e-07 0.03341 4.50908e-01 6.06393e-01 7.55850e-01 1.31693e-02
2.794169 6.61071100e-02 0.00000000e+00 6.61071100e-02 0.00000000e+00 1.56648254e+00 0.00000000e+00 1.25318603e-02 0.000000e+00 0.000000e+00 0.000000e+00 9.219734e+00 7.275171e-01 0.0000e+00 0.0000e+00 +2.3191e-06 0.03327 4.46688e-01 6.00873e-01 7.51643e-01 1.30997e-02
2.844065 6.54479961e-02 0.00000000e+00 6.54479961e-02 0.00000000e+00 1.56530187e+00 0.00000000e+00 1.25224149e-02 0.000000e+00 0.000000e+00 0.000000e+00 9.493931e+00 7.007838e-01 0.0000e+00 0.0000e+00 +6.5442e-06 0.03289 4.47852e-01 5.99298e-01 7.49836e-01 1.33605e-02
2.893961 6.48152748e-02 0.00000000e+00 6.48152748e-02 0.00000000e+00 1.56775793e+00 0.00000000e+00 1.25420634e-02 0.000000e+00 0.000000e+00 0.000000e+00 9.729417e+00 6.411365e-01 0.0000e+00 0.0000e+00 +6.9569e-06 0.03252 4.50344e-01 5.98796e-01 7.48592e-01 1.35622e-02
2.943857 6.42254412e-02 0.00000000e+00 6.42254412e-02 0.00000000e+00 1.55515834e+00 0.00000000e+00 1.24412667e-02 0.000000e+00 0.000000e+00 0.000000e+00 9.607099e+00 6.088802e-01 0.0000e+00 0.0000e+00 +3.3347e-06 0.03226 4.47585e-01 5.94539e-01 7.44881e-01 1.32695e-02
2.993753 6.36108152e-02 0.00000000e+00 6.36108152e-02 0.00000000e+00 1.53396846e+00 0.00000000e+00 1.22717477e-02 0.000000e+00 0.000000e+00 0.000000e+00 9.326276e+00 6.222497e-01 0.0000e+00 0.0000e+00 -3.3763e-07 0.03203 4.41805e-01 5.88060e-01 7.39699e-01 1.29238e-02
3.043649 6.30024388e-02 0.00000000e+00 6.30024388e-02 0.00000000e+00 1.51746115e+00 0.00000000e+00 1.21396892e-02 0.000000e+00 0.000000e+00 0.000000e+00 9.126079e+00 6.497576e-01 0.0000e+00 0.0000e+00 +2.0357e-07 0.03188 4.37780e-01 5.82852e-01 7.35304e-01 1.27911e-02
3.093545 6.23846431e-02 0.00000000e+00 6.23846431e-02 0.00000000e+00 1.50391530e+00 0.00000000e+00 1.20313224e-02 0.000000e+00 0.000000e+00 0.000000e+00 9.097837e+00 6.456915e-01 0.0000e+00 0.0000e+00 +4.3297e-06 0.03171 4.34917e-01 5.78527e-01 7.31449e-01 1.26788e-02
3.143441 6.17570864e-02 0.00000000e+00 6.17570864e-02 0.00000000e+00 1.49535589e+00 0.00000000e+00 1.19628471e-02 0.000000e+00 0.000000e+00 0.000000e+00 9.290463e+00 6.022645e-01 0.0000e+00 0.0000e+00 +6.8998e-06 0.03141 4.33958e-01 5.75690e-01 7.28459e-01 1.27090e-02
3.193337 6.11783991e-02 0.00000000e+00 6.11783991e-02 0.00000000e+00 1.49410684e+00 0.00000000e+00 1.19528547e-02 0.000000e+00 0.000000e+00 0.000000e+00 9.454163e+00 5.525828e-01 0.0000e+00 0.0000e+00 +5.0202e-06 0.03113 4.35824e-01 5.75052e-01 7.26761e-01 1.29441e-02
3.243232 6.06030995e-02 0.00000000e+00 6.06030995e-02 0.00000000e+00 1.48344234e+00 0.00000000e+00 1.18675388e-02 0.000000e+00 0.000000e+00 0.000000e+00 9.286467e+00 5.356313e-01 0.0000e+00 0.0000e+00 +9.2290e-07 0.03094 4.34215e-01 5.71844e-01 7.23332e-01 1.27675e-02
3.293128 6.00127583e-02 0.00000000e+00 6.00127583e-02 0.00000000e+00 1.45548538e+00 0.00000000e+00 1.16438831e-02 0.000000e+00 0.000000e+00 0.000000e+00 8.884418e+00 5.636269e-01 0.0000e+00 0.0000e+00 -7.9191e-07 0.03075 4.25961e-01 5.63597e-01 7.16618e-01 1.21821e-02
3.343024 5.94349988e-02 0.00000000e+00 5.94349988e-02 0.00000000e+00 1.43372921e+00 0.00000000e+00 1.14698336e-02 0.000000e+00 0.000000e+00 0.000000e+00 8.730875e+00 5.812335e-01 0.0000e+00 0.0000e+00 +1.9853e-06 0.03055 4.20028e-01 5.57097e-01 7.11031e-01 1.19911e-02
3.392920 5.88361961e-02 0.00000000e+00 5.88361961e-02 0.00000000e+00 1.42906658e+00 0.00000000e+00 1.14325326e-02 0.000000e+00 0.000000e+00 0.000000e+00 8.937584e+00 5.508815e-01 0.0000e+00 0.0000e+00 +5.6778e-06 0.03037 4.21022e-01 5.55917e-01 7.08875e-01 1.22495e-02
3.442816 5.82623129e-02 0.00000000e+00 5.82623129e-02 0.00000000e+00 1.42778510e+00 0.00000000e+00 1.14222808e-02 0.000000e+00 0.000000e+00 0.000000e+00 9.141038e+00 4.970170e-01 0.0000e+00 0.0000e+00 +5.9335e-06 0.03013 4.23450e-01 5.55925e-01 7.07413e-01 1.24260e-02
3.492712 5.77198039e-02 0.00000000e+00 5.77198039e-02 0.00000000e+00 1.41113388e+00 0.00000000e+00 1.12890710e-02 0.000000e+00 0.000000e+00 0.000000e+00 8.994178e+00 4.682280e-01 0.0000e+00 0.0000e+00 +2.6842e-06 0.02990 4.19684e-01 5.51238e-01 7.02762e-01 1.20818e-02
3.542608 5.71606660e-02 0.00000000e+00 5.71606660e-02 0.00000000e+00 1.38859981e+00 0.00000000e+00 1.11087985e-02 0.000000e+00 0.000000e+00 0.000000e+00 8.691058e+00 4.755347e-01 0.0000e+00 0.0000e+00 -5.6477e-07 0.02970 4.13444e-01 5.44635e-01 6.96787e-01 1.17469e-02
3.592504 5.66095355e-02 0.00000000e+00 5.66095355e-02 0.00000000e+00 1.37113590e+00 0.00000000e+00 1.09690872e-02 0.000000e+00 0.000000e+00 0.000000e+00 8.522175e+00 4.988110e-01 0.0000e+00 0.0000e+00 +1.7931e-08 0.02954 4.09302e-01 5.39639e-01 6.91891e-01 1.16339e-02
3.642399 5.60551218e-02 0.00000000e+00 5.60551218e-02 0.00000000e+00 1.35739200e+00 0.00000000e+00 1.08591360e-02 0.000000e+00 0.000000e+00 0.000000e+00 8.535640e+00 4.937713e-01 0.0000e+00 0.0000e+00 +3.7308e-06 0.02931 4.06778e-01 5.35925e-01 6.87860e-01 1.15730e-02
3.692295 5.54932778e-02 0.00000000e+00 5.54932778e-02 0.00000000e+00 1.34655039e+00 0.00000000e+00 1.07724031e-02 0.000000e+00 0.000000e+00 0.000000e+00 8.628518e+00 4.513927e-01 0.0000e+00 0.0000e+00 +5.9548e-06 0.02909 4.05547e-01 5.33285e-01 6.84490e-01 1.15552e-02
3.742191 5.49726216e-02 0.00000000e+00 5.49726216e-02 0.00000000e+00 1.33807749e+00 0.00000000e+00 1.07046199e-02 0.000000e+00 0.000000e+00 0.000000e+00 8.692705e+00 4.051722e-01 0.0000e+00 0.0000e+00 +4.1811e-06 0.02893 4.05401e-01 5.31563e-01 6.81646e-01 1.15953e-02
3.792087 5.44526407e-02 0.00000000e+00 5.44526407e-02 0.00000000e+00 1.32277001e+00 0.00000000e+00 1.05821601e-02 0.000000e+00 0.000000e+00 0.000000e+00 8.521088e+00 3.949587e-01 0.0000e+00 0.0000e+00 +5.3889e-07 0.02872 4.02249e-01 5.27509e-01 6.77161e-01 1.13969e-02
3.841983 5.39255214e-02 0.00000000e+00 5.39255214e-02 0.00000000e+00 1.30101484e+00 0.00000000e+00 1.04081187e-02 0.000000e+00 0.000000e+00 0.000000e+00 8.249170e+00 4.163740e-01 0.0000e+00 0.0000e+00 -9.1415e-07 0.02849 3.96135e-01 5.21113e-01 6.71074e-01 1.10817e-02
3.891879 5.34096797e-02 0.00000000e+00 5.34096797e-02 0.00000000e+00 1.28194219e+00 0.00000000e+00 1.02555375e-02 0.000000e+00 0.000000e+00 0.000000e+00 8.102700e+00 4.272645e-01 0.0000e+00 0.0000e+00 +1.6139e-06 0.02831 3.91167e-01 5.15622e-01 6.65636e-01 1.08978e-02
3.941775 5.28807310e-02 0.00000000e+00 5.28807310e-02 0.00000000e+00 1.26972089e+00 0.00000000e+00 1.01577671e-02 0.000000e+00 0.000000e+00 0.000000e+00 8.182891e+00 4.007735e-01 0.0000e+00 0.0000e+00 +4.9161e-06 0.02813 3.89417e-01 5.12719e-01 6.61967e-01 1.08992e-02
3.991671 5.23719933e-02 0.00000000e+00 5.23719933e-02 0.00000000e+00 1.26281981e+00 0.00000000e+00 1.01025585e-02 0.000000e+00 0.000000e+00 0.000000e+00 8.314338e+00 3.552266e-01 0.0000e+00 0.0000e+00 +5.0732e-06 0.02791 3.90267e-01 5.11959e-01 6.59716e-01 1.10368e-02
4.041567 5.18884609e-02 0.00000000e+00 5.18884609e-02 0.00000000e+00 1.25032358e+00 0.00000000e+00 1.00025887e-02 0.000000e+00 0.000000e+00 0.000000e+00 8.231299e+00 3.266186e-01 0.0000e+00 0.0000e+00 +2.0662e-06 0.02772 3.88465e-01 5.09136e-01 6.55961e-01 1.08953e-02
4.091462 5.13915750e-02 0.00000000e+00 5.13915750e-02 0.00000000e+00 1.22841757e+00 0.00000000e+00 9.82734053e-03 0.000000e+00 0.000000e+00 0.000000e+00 7.943225e+00 3.329361e-01 0.0000e+00 0.0000e+00 -7.6847e-07 0.02770 3.81978e-01 5.02564e-01 6.49557e-01 1.05066e-02
4.141358 5.09058616e-02 0.00000000e+00 5.09058616e-02 0.00000000e+00 1.20800645e+00 0.00000000e+00 9.66405163e-03 0.000000e+00 0.000000e+00 0.000000e+00 7.752338e+00 3.547852e-01 0.0000e+00 0.0000e+00 -1.1029e-07 0.02773 3.76081e-01 4.96453e-01 6.43507e-01 1.03152e-02
4.191254 5.04182657e-02 0.00000000e+00 5.04182657e-02 0.00000000e+00 1.19553641e+00 0.00000000e+00 9.56429132e-03 0.000000e+00 0.000000e+00 0.000000e+00 7.786131e+00 3.479272e-01 0.0000e+00 0.0000e+00 +3.1977e-06 0.02770 3.74227e-01 4.93616e-01 6.39800e-01 1.03447e-02
4.241150 4.99270786e-02 0.00000000e+00 4.99270786e-02 0.00000000e+00 1.18617045e+00 0.00000000e+00 9.48936362e-03 0.000000e+00 0.000000e+00 0.000000e+00 7.863125e+00 3.079828e-01 0.0000e+00 0.0000e+00 +5.0849e-06 0.02758 3.74023e-01 4.92165e-01 6.37046e-01 1.03617e-02
4.291046 4.94679173e-02 0.00000000e+00 4.94679173e-02 0.00000000e+00 1.17272989e+00 0.00000000e+00 9.38183909e-03 0.000000e+00 0.000000e+00 0.000000e+00 7.819716e+00 2.690316e-01 0.0000e+00 0.0000e+00 +3.4688e-06 0.02750 3.71665e-01 4.89029e-01 6.33017e-01 1.02073e-02
4.340942 4.90101890e-02 0.00000000e+00 4.90101890e-02 0.00000000e+00 1.15553681e+00 0.00000000e+00 9.24429448e-03 0.000000e+00 0.000000e+00 0.000000e+00 7.643425e+00 2.604076e-01 0.0000e+00 0.0000e+00 +2.2764e-07 0.02748 3.67234e-01 4.84235e-01 6.27754e-01 1.00060e-02
4.390838 4.85486752e-02 0.00000000e+00 4.85486752e-02 0.00000000e+00 1.13895443e+00 0.00000000e+00 9.11163544e-03 0.000000e+00 0.000000e+00 0.000000e+00 7.478811e+00 2.775591e-01 0.0000e+00 0.0000e+00 -1.0236e-06 0.02747 3.63056e-01 4.79635e-01 6.22653e-01 9.88242e-03
4.440734 4.80982029e-02 0.00000000e+00 4.80982029e-02 0.00000000e+00 1.12226887e+00 0.00000000e+00 8.97815092e-03 0.000000e+00 0.000000e+00 0.000000e+00 7.346498e+00 2.871881e-01 0.0000e+00 0.0000e+00 +1.2995e-06 0.02745 3.58727e-01 4.74912e-01 6.17512e-01 9.71217e-03
4.490629 4.76378877e-02 0.00000000e+00 4.76378877e-02 0.00000000e+00 1.10782824e+00 0.00000000e+00 8.86262593e-03 0.000000e+00 0.000000e+00 0.000000e+00 7.336024e+00 2.629489e-01 0.0000e+00 0.0000e+00 +4.2512e-06 0.02739 3.55581e-01 4.71187e-01 6.13095e-01 9.59985e-03
4.540525 4.71956657e-02 0.00000000e+00 4.71956657e-02 0.00000000e+00 1.09841460e+00 0.00000000e+00 8.78731684e-03 0.000000e+00 0.000000e+00 0.000000e+00 7.409651e+00 2.213562e-01 0.0000e+00 0.0000e+00 +4.3069e-06 0.02731 3.55325e-01 4.69880e-01 6.10388e-01 9.66318e-03
4.590421 4.67727344e-02 0.00000000e+00 4.67727344e-02 0.00000000e+00 1.08708021e+00 0.00000000e+00 8.69664165e-03 0.000000e+00 0.000000e+00 0.000000e+00 7.338775e+00 1.968179e-01 0.0000e+00 0.0000e+00 +1.5570e-06 0.02725 3.53945e-01 4.67687e-01 6.06983e-01 9.60049e-03
4.640317 4.63397549e-02 0.00000000e+00 4.63397549e-02 0.00000000e+00 1.06805494e+00 0.00000000e+00 8.54443951e-03 0.000000e+00 0.000000e+00 0.000000e+00 7.090542e+00 2.044081e-01 0.0000e+00 0.0000e+00 -9.1105e-07 0.02723 3.47879e-01 4.61641e-01 6.00730e-01 9.27754e-03
4.690213 4.59176272e-02 0.00000000e+00 4.59176272e-02 0.00000000e+00 1.05010772e+00 0.00000000e+00 8.40086175e-03 0.000000e+00 0.000000e+00 0.000000e+00 6.914641e+00 2.215251e-01 0.0000e+00 0.0000e+00 -2.3346e-07 0.02720 3.42256e-01 4.55948e-01 5.94777e-01 9.10735e-03
4.740109 4.54952140e-02 0.00000000e+00 4.54952140e-02 0.00000000e+00 1.03772813e+00 0.00000000e+00 8.30182502e-03 0.000000e+00 0.000000e+00 0.000000e+00 6.914152e+00 2.139931e-01 0.0000e+00 0.0000e+00 +2.7345e-06 0.02714 3.39984e-01 4.53025e-01 5.90919e-01 9.08785e-03
4.790005 4.50712179e-02 0.00000000e+00 4.50712179e-02 0.00000000e+00 1.02787127e+00 0.00000000e+00 8.22297015e-03 0.000000e+00 0.000000e+00 0.000000e+00 6.950942e+00 1.799379e-01 0.0000e+00 0.0000e+00 +4.3582e-06 0.02706 3.39273e-01 4.51431e-01 5.88029e-01 9.09400e-03
4.839901 4.46724412e-02 0.00000000e+00 4.46724412e-02 0.00000000e+00 1.01576019e+00 0.00000000e+00 8.12608153e-03 0.000000e+00 0.000000e+00 0.000000e+00 6.897130e+00 1.463975e-01 0.0000e+00 0.0000e+00 +2.8500e-06 0.02700 3.37059e-01 4.48636e-01 5.84180e-01 8.96660e-03
4.889797 4.42743190e-02 0.00000000e+00 4.42743190e-02 0.00000000e+00 1.00025912e+00 0.00000000e+00 8.00207296e-03 0.000000e+00 0.000000e+00 0.000000e+00 6.727271e+00 1.379623e-01 0.0000e+00 0.0000e+00 -4.6751e-08 0.02695 3.32505e-01 4.43907e-01 5.78842e-01 8.76046e-03
4.939692 4.38750521e-02 0.00000000e+00 4.38750521e-02 0.00000000e+00 9.84865978e-01 0.00000000e+00 7.87892782e-03 0.000000e+00 0.000000e+00 0.000000e+00 6.563563e+00 1.541540e-01 0.0000e+00 0.0000e+00 -1.0696e-06 0.02690 3.27846e-01 4.39070e-01 5.73448e-01 8.63726e-03
4.989588 4.34859556e-02 0.00000000e+00 4.34859556e-02 0.00000000e+00 9.71212067e-01 0.00000000e+00 7.76969654e-03 0.000000e+00 0.000000e+00 0.000000e+00 6.481481e+00 1.632444e-01 0.0000e+00 0.0000e+00 +1.0502e-06 0.02685 3.24217e-01 4.35085e-01 5.68750e-01 8.54442e-03
5.039484 4.30886630e-02 0.00000000e+00 4.30886630e-02 0.00000000e+00 9.59474851e-01 0.00000000e+00 7.67579881e-03 0.000000e+00 0.000000e+00 0.000000e+00 6.455456e+00 1.406510e-01 0.0000e+00 0.0000e+00 +3.6475e-06 0.02677 3.21795e-01 4.32126e-01 5.64838e-01 8.45537e-03
5.089380 4.27068949e-02 0.00000000e+00 4.27068949e-02 0.00000000e+00 9.49028211e-01 0.00000000e+00 7.59222568e-03 0.000000e+00 0.000000e+00 0.000000e+00 6.448532e+00 1.042181e-01 0.0000e+00 0.0000e+00 +3.6446e-06 0.02669 3.20178e-01 4.29873e-01 5.61420e-01 8.40541e-03
5.139276 4.23400960e-02 0.00000000e+00 4.23400960e-02 0.00000000e+00 9.37393088e-01 0.00000000e+00 7.49914471e-03 0.000000e+00 0.000000e+00 0.000000e+00 6.365075e+00 8.503942e-02 0.0000e+00 0.0000e+00 +1.1639e-06 0.02664 3.17609e-01 4.26841e-01 5.57360e-01 8.31803e-03
5.189172 4.19660012e-02 0.00000000e+00 4.19660012e-02 0.00000000e+00 9.23335889e-01 0.00000000e+00 7.38668711e-03 0.000000e+00 0.000000e+00 0.000000e+00 6.204942e+00 9.258648e-02 0.0000e+00 0.0000e+00 -1.0169e-06 0.02658 3.13130e-01 4.22196e-01 5.52059e-01 8.15438e-03
5.239068 4.16006902e-02 0.00000000e+00 4.16006902e-02 0.00000000e+00 9.09382905e-01 0.00000000e+00 7.27506324e-03 0.000000e+00 0.000000e+00 0.000000e+00 6.058609e+00 1.070856e-01 0.0000e+00 0.0000e+00 -3.4180e-07 0.02649 3.08526e-01 4.17427e-01 5.46706e-01 8.02337e-03
5.288964 4.12359702e-02 0.00000000e+00 4.12359702e-02 0.00000000e+00 8.97084344e-01 0.00000000e+00 7.17667475e-03 0.000000e+00 0.000000e+00 0.000000e+00 5.995707e+00 1.010643e-01 0.0000e+00 0.0000e+00 +2.3503e-06 0.02642 3.04980e-01 4.13547e-01 5.42074e-01 7.91122e-03
5.338860 4.08707716e-02 0.00000000e+00 4.08707716e-02 0.00000000e+00 8.87864439e-01 0.00000000e+00 7.10291551e-03 0.000000e+00 0.000000e+00 0.000000e+00 6.026163e+00 7.176575e-02 0.0000e+00 0.0000e+00 +3.7416e-06 0.02635 3.03682e-01 4.11583e-01 5.38916e-01 7.90739e-03
5.388755 4.05257152e-02 0.00000000e+00 4.05257152e-02 0.00000000e+00 8.78854167e-01 0.00000000e+00 7.03083334e-03 0.000000e+00 0.000000e+00 0.000000e+00 5.994017e+00 4.348635e-02 0.0000e+00 0.0000e+00 +2.3142e-06 0.02628 3.02459e-01 4.09705e-01 5.35784e-01 7.87300e-03
5.438651 4.01797653e-02 0.00000000e+00 4.01797653e-02 0.00000000e+00 8.65714760e-01 0.00000000e+00 6.92571808e-03 0.000000e+00 0.000000e+00 0.000000e+00 5.831775e+00 3.812169e-02 0.0000e+00 0.0000e+00 -2.6085e-07 0.02620 2.97800e-01 4.04919e-01 5.30349e-01 7.65746e-03
5.488547 3.98345933e-02 0.00000000e+00 3.98345933e-02 0.00000000e+00 8.52226481e-01 0.00000000e+00 6.81781185e-03 0.000000e+00 0.000000e+00 0.000000e+00 5.687268e+00 5.319331e-02 0.0000e+00 0.0000e+00 -1.0816e-06 0.02611 2.92616e-01 3.99667e-01 5.24572e-01 7.51853e-03
5.538443 3.94976261e-02 0.00000000e+00 3.94976261e-02 0.00000000e+00 8.41740752e-01 0.00000000e+00 6.73392602e-03 0.000000e+00 0.000000e+00 0.000000e+00 5.647200e+00 6.036771e-02 0.0000e+00 0.0000e+00 +8.4253e-07 0.02602 2.89724e-01 3.96342e-01 5.20369e-01 7.48740e-03
5.588339 3.91544751e-02 0.00000000e+00 3.91544751e-02 0.00000000e+00 8.32557496e-01 0.00000000e+00 6.66045997e-03 0.000000e+00 0.000000e+00 0.000000e+00 5.627619e+00 4.166732e-02 0.0000e+00 0.0000e+00 +3.1265e-06 0.02594 2.87792e-01 3.93839e-01 5.16829e-01 7.42621e-03
5.638235 3.88234577e-02 0.00000000e+00 3.88234577e-02 0.00000000e+00 8.23017761e-01 0.00000000e+00 6.58414209e-03 0.000000e+00 0.000000e+00 0.000000e+00 5.588581e+00 1.196064e-02 0.0000e+00 0.0000e+00 +3.0777e-06 0.02587 2.85409e-01 3.90975e-01 5.12968e-01 7.32254e-03
5.688131 3.85043511e-02 0.00000000e+00 3.85043511e-02 0.00000000e+00 8.12875978e-01 0.00000000e+00 6.50300782e-03 0.000000e+00 0.000000e+00 0.000000e+00 5.514149e+00 -3.820681e-03 0.0000e+00 0.0000e+00 +8.3547e-07 0.02579 2.82342e-01 3.87533e-01 5.08616e-01 7.22586e-03
5.738027 3.81793179e-02 0.00000000e+00 3.81793179e-02 0.00000000e+00 8.02256947e-01 0.00000000e+00 6.41805557e-03 0.000000e+00 0.000000e+00 0.000000e+00 5.417401e+00 3.555004e-03 0.0000e+00 0.0000e+00 -1.0822e-06 0.02569 2.78684e-01 3.83564e-01 5.03855e-01 7.14339e-03
5.787922 3.78620894e-02 0.00000000e+00 3.78620894e-02 0.00000000e+00 7.91434095e-01 0.00000000e+00 6.33147276e-03 0.000000e+00 0.000000e+00 0.000000e+00 5.316894e+00 1.784796e-02 0.0000e+00 0.0000e+00 -4.1222e-07 0.02559 2.74654e-01 3.79257e-01 4.98869e-01 7.03784e-03
5.837818 3.75445792e-02 0.00000000e+00 3.75445792e-02 0.00000000e+00 7.81441120e-01 0.00000000e+00 6.25152896e-03 0.000000e+00 0.000000e+00 0.000000e+00 5.254032e+00 1.270550e-02 0.0000e+00 0.0000e+00 +2.0088e-06 0.02550 2.71182e-01 3.75426e-01 4.94300e-01 6.92803e-03
5.887714 3.72275419e-02 0.00000000e+00 3.72275419e-02 0.00000000e+00 7.73571129e-01 0.00000000e+00 6.18856903e-03 0.000000e+00 0.000000e+00 0.000000e+00 5.264732e+00 -1.268401e-02 0.0000e+00 0.0000e+00 +3.2035e-06 0.02541 2.69523e-01 3.73156e-01 4.90984e-01 6.90014e-03
5.937610 3.69263398e-02 0.00000000e+00 3.69263398e-02 0.00000000e+00 7.66083208e-01 0.00000000e+00 6.12866566e-03 0.000000e+00 0.000000e+00 0.000000e+00 5.248237e+00 -3.478277e-02 0.0000e+00 0.0000e+00 +1.8734e-06 0.02534 2.68100e-01 3.71096e-01 4.87814e-01 6.87462e-03
5.987506 3.66239290e-02 0.00000000e+00 3.66239290e-02 0.00000000e+00 7.56079873e-01 0.00000000e+00 6.04863898e-03 0.000000e+00 0.000000e+00 0.000000e+00 5.143442e+00 -3.710387e-02 0.0000e+00 0.0000e+00 -4.2522e-07 0.02525 2.64119e-01 3.66831e-01 4.82845e-01 6.71807e-03
6.037402 3.63220888e-02 0.00000000e+00 3.63220888e-02 0.00000000e+00 7.45757511e-01 0.00000000e+00 5.96606009e-03 0.000000e+00 0.000000e+00 0.000000e+00 5.032988e+00 -2.409164e-02 0.0000e+00 0.0000e+00 -1.0924e-06 0.02513 2.59615e-01 3.62093e-01 4.77524e-01 6.61355e-03
6.087298 3.60272696e-02 0.00000000e+00 3.60272696e-02 0.00000000e+00 7.37114879e-01 0.00000000e+00 5.89691903e-03 0.000000e+00 0.000000e+00 0.000000e+00 4.997285e+00 -1.780716e-02 0.0000e+00 0.0000e+00 +6.7356e-07 0.02502 2.56582e-01 3.58605e-01 4.73274e-01 6.56148e-03
6.137194 3.57275289e-02 0.00000000e+00 3.57275289e-02 0.00000000e+00 7.29607001e-01 0.00000000e+00 5.83685601e-03 0.000000e+00 0.000000e+00 0.000000e+00 4.997673e+00 -3.233959e-02 0.0000e+00 0.0000e+00 +2.6877e-06 0.02494 2.54541e-01 3.55976e-01 4.69745e-01 6.50327e-03
6.187090 3.54375869e-02 0.00000000e+00 3.54375869e-02 0.00000000e+00 7.22639020e-01 0.00000000e+00 5.78111216e-03 0.000000e+00 0.000000e+00 0.000000e+00 4.979401e+00 -5.654004e-02 0.0000e+00 0.0000e+00 +2.5781e-06 0.02486 2.52916e-01 3.53719e-01 4.66506e-01 6.45759e-03
6.236985 3.51561760e-02 0.00000000e+00 3.51561760e-02 0.00000000e+00 7.14420065e-01 0.00000000e+00 5.71536052e-03 0.000000e+00 0.000000e+00 0.000000e+00 4.908802e+00 -6.872805e-02 0.0000e+00 0.0000e+00 +5.5342e-07 0.02477 2.49846e-01 3.50209e-01 4.62220e-01 6.34559e-03
6.286881 3.48704601e-02 0.00000000e+00 3.48704601e-02 0.00000000e+00 7.05533572e-01 0.00000000e+00 5.64426858e-03 0.000000e+00 0.000000e+00 0.000000e+00 4.834622e+00 -6.071189e-02 0.0000e+00 0.0000e+00 -1.1095e-06 0.02466 2.45897e-01 3.45916e-01 4.57305e-01 6.24917e-03
6.336777 3.45913290e-02 0.00000000e+00 3.45913290e-02 0.00000000e+00 6.97552973e-01 0.00000000e+00 5.58042378e-03 0.000000e+00 0.000000e+00 0.000000e+00 4.792137e+00 -4.771544e-02 0.0000e+00 0.0000e+00 -4.6069e-07 0.02454 2.42747e-01 3.42298e-01 4.52999e-01 6.20449e-03
6.386673 3.43114283e-02 0.00000000e+00 3.43114283e-02 0.00000000e+00 6.90293983e-01 0.00000000e+00 5.52235187e-03 0.000000e+00 0.000000e+00 0.000000e+00 4.755232e+00 -5.182007e-02 0.0000e+00 0.0000e+00 +1.6990e-06 0.02444 2.40230e-01 3.39229e-01 4.49184e-01 6.13576e-03
6.436569 3.40320614e-02 0.00000000e+00 3.40320614e-02 0.00000000e+00 6.83503434e-01 0.00000000e+00 5.46802748e-03 0.000000e+00 0.000000e+00 0.000000e+00 4.736998e+00 -7.198433e-02 0.0000e+00 0.0000e+00 +2.7336e-06 0.02436 2.38078e-01 3.36484e-01 4.45638e-01 6.05985e-03
6.486465 3.37654238e-02 0.00000000e+00 3.37654238e-02 0.00000000e+00 6.77140217e-01 0.00000000e+00 5.41712174e-03 0.000000e+00 0.000000e+00 0.000000e+00 4.726498e+00 -8.895120e-02 0.0000e+00 0.0000e+00 +1.5047e-06 0.02428 2.36265e-01 3.34037e-01 4.42329e-01 6.02381e-03
6.536361 3.34973650e-02 0.00000000e+00 3.34973650e-02 0.00000000e+00 6.70018007e-01 0.00000000e+00 5.36014406e-03 0.000000e+00 0.000000e+00 0.000000e+00 4.674994e+00 -8.942664e-02 0.0000e+00 0.0000e+00 -5.5683e-07 0.02418 2.33471e-01 3.30722e-01 4.38299e-01 5.95257e-03
6.586257 3.32297902e-02 0.00000000e+00 3.32297902e-02 0.00000000e+00 6.62214954e-01 0.00000000e+00 5.29771964e-03 0.000000e+00 0.000000e+00 0.000000e+00 4.594071e+00 -7.703188e-02 0.0000e+00 0.0000e+00 -1.0970e-06 0.02406 2.29747e-01 3.26580e-01 4.33612e-01 5.86232e-03
6.636152 3.29677654e-02 0.00000000e+00 3.29677654e-02 0.00000000e+00 6.55004901e-01 0.00000000e+00 5.24003920e-03 0.000000e+00 0.000000e+00 0.000000e+00 4.544398e+00 -7.063533e-02 0.0000e+00 0.0000e+00 +5.2958e-07 0.02395 2.26550e-01 3.22892e-01 4.29350e-01 5.78891e-03
6.686048 3.27019547e-02 0.00000000e+00 3.27019547e-02 0.00000000e+00 6.49096794e-01 0.00000000e+00 5.19277435e-03 0.000000e+00 0.000000e+00 0.000000e+00 4.556762e+00 -8.236532e-02 0.0000e+00 0.0000e+00 +2.3018e-06 0.02385 2.24753e-01 3.20433e-01 4.26142e-01 5.74981e-03
6.735944 3.24441787e-02 0.00000000e+00 3.24441787e-02 0.00000000e+00 6.43994120e-01 0.00000000e+00 5.15195296e-03 0.000000e+00 0.000000e+00 0.000000e+00 4.561772e+00 -1.011132e-01 0.0000e+00 0.0000e+00 +2.1430e-06 0.02378 2.23813e-01 3.18731e-01 4.23567e-01 5.73922e-03
6.785840 3.21923865e-02 0.00000000e+00 3.21923865e-02 0.00000000e+00 6.37455366e-01 0.00000000e+00 5.09964292e-03 0.000000e+00 0.000000e+00 0.000000e+00 4.500611e+00 -1.089281e-01 0.0000e+00 0.0000e+00 +3.1529e-07 0.02370 2.21026e-01 3.15409e-01 4.19616e-01 5.62887e-03
6.835736 3.19373217e-02 0.00000000e+00 3.19373217e-02 0.00000000e+00 6.30284878e-01 0.00000000e+00 5.04227902e-03 0.000000e+00 0.000000e+00 0.000000e+00 4.430167e+00 -1.007316e-01 0.0000e+00 0.0000e+00 -1.1264e-06 0.02359 2.17320e-01 3.11267e-01 4.14991e-01 5.54076e-03
6.885632 3.16877864e-02 0.00000000e+00 3.16877864e-02 0.00000000e+00 6.24181968e-01 0.00000000e+00 4.99345574e-03 0.000000e+00 0.000000e+00 0.000000e+00 4.406877e+00 -8.902961e-02 0.0000e+00 0.0000e+00 -4.9931e-07 0.02347 2.14812e-01 3.08166e-01 4.11294e-01 5.52006e-03
6.935528 3.14374944e-02 0.00000000e+00 3.14374944e-02 0.00000000e+00 6.18574331e-01 0.00000000e+00 4.94859465e-03 0.000000e+00 0.000000e+00 0.000000e+00 4.391532e+00 -9.105281e-02 0.0000e+00 0.0000e+00 +1.4291e-06 0.02337 2.12823e-01 3.05528e-01 4.08023e-01 5.46387e-03
6.985424 3.11875716e-02 0.00000000e+00 3.11875716e-02 0.00000000e+00 6.13196605e-01 0.00000000e+00 4.90557284e-03 0.000000e+00 0.000000e+00 0.000000e+00 4.371706e+00 -1.063089e-01 0.0000e+00 0.0000e+00 +2.3148e-06 0.02329 2.11018e-01 3.03064e-01 4.04903e-01 5.40151e-03
7.035320 3.09478172e-02 0.00000000e+00 3.09478172e-02 0.00000000e+00 6.07995921e-01 0.00000000e+00 4.86396737e-03 0.000000e+00 0.000000e+00 0.000000e+00 4.354284e+00 -1.189990e-01 0.0000e+00 0.0000e+00 +1.1792e-06 0.02322 2.09331e-01 3.00708e-01 4.01867e-01 5.35956e-03
7.085215 3.07066071e-02 0.00000000e+00 3.07066071e-02 0.00000000e+00 6.02278762e-01 0.00000000e+00 4.81823009e-03 0.000000e+00 0.000000e+00 0.000000e+00 4.316875e+00 -1.174065e-01 0.0000e+00 0.0000e+00 -6.5748e-07 0.02313 2.06875e-01 2.97663e-01 3.98250e-01 5.29913e-03
7.135111 3.04661691e-02 0.00000000e+00 3.04661691e-02 0.00000000e+00 5.96313636e-01 0.00000000e+00 4.77050909e-03 0.000000e+00 0.000000e+00 0.000000e+00 4.264067e+00 -1.051155e-01 0.0000e+00 0.0000e+00 -1.0921e-06 0.02302 2.03994e-01 2.94238e-01 3.94340e-01 5.24315e-03
7.185007 3.02298349e-02 0.00000000e+00 3.02298349e-02 0.00000000e+00 5.90724087e-01 0.00000000e+00 4.72579270e-03 0.000000e+00 0.000000e+00 0.000000e+00 4.222806e+00 -9.885684e-02 0.0000e+00 0.0000e+00 +3.9100e-07 0.02291 2.01514e-01 2.91172e-01 3.90777e-01 5.19000e-03
7.234903 2.99906476e-02 0.00000000e+00 2.99906476e-02 0.00000000e+00 5.85772540e-01 0.00000000e+00 4.68618032e-03 0.000000e+00 0.000000e+00 0.000000e+00 4.218565e+00 -1.076047e-01 0.0000e+00 0.0000e+00 +1.9557e-06 0.02283 1.99797e-01 2.88792e-01 3.87819e-01 5.13714e-03
7.284799 2.97580750e-02 0.00000000e+00 2.97580750e-02 0.00000000e+00 5.81496395e-01 0.00000000e+00 4.65197116e-03 0.000000e+00 0.000000e+00 0.000000e+00 4.226922e+00 -1.211996e-01 0.0000e+00 0.0000e+00 +1.7691e-06 0.02279 1.98920e-01 2.87166e-01 3.85505e-01 5.12630e-03
7.334695 2.95300087e-02 0.00000000e+00 2.95300087e-02 0.00000000e+00 5.76580079e-01 0.00000000e+00 4.61264063e-03 0.000000e+00 0.000000e+00 0.000000e+00 4.191458e+00 -1.257998e-01 0.0000e+00 0.0000e+00 +1.0933e-07 0.02274 1.97088e-01 2.84696e-01 3.82460e-01 5.06742e-03
7.384591 2.92991221e-02 0.00000000e+00 2.92991221e-02 0.00000000e+00 5.70864839e-01 0.00000000e+00 4.56691871e-03 0.000000e+00 0.000000e+00 0.000000e+00 4.126752e+00 -1.174227e-01 0.0000e+00 0.0000e+00 -1.1445e-06 0.02268 1.94054e-01 2.81152e-01 3.78506e-01 4.98678e-03
7.434487 2.90730442e-02 0.00000000e+00 2.90730442e-02 0.00000000e+00 5.65652556e-01 0.00000000e+00 4.52522045e-03 0.000000e+00 0.000000e+00 0.000000e+00 4.092071e+00 -1.062329e-01 0.0000e+00 0.0000e+00 -5.3108e-07 0.02262 1.91639e-01 2.78160e-01 3.75067e-01 4.95210e-03
7.484382 2.88463045e-02 0.00000000e+00 2.88463045e-02 0.00000000e+00 5.61089963e-01 0.00000000e+00 4.48871970e-03 0.000000e+00 0.000000e+00 0.000000e+00 4.089713e+00 -1.066975e-01 0.0000e+00 0.0000e+00 +1.1913e-06 0.02261 1.90083e-01 2.75945e-01 3.72327e-01 4.91390e-03
7.534278 2.86201113e-02 0.00000000e+00 2.86201113e-02 0.00000000e+00 5.57004848e-01 0.00000000e+00 4.45603879e-03 0.000000e+00 0.000000e+00 0.000000e+00 4.088512e+00 -1.183256e-01 0.0000e+00 0.0000e+00 +1.9363e-06 0.02267 1.89153e-01 2.74304e-01 3.70086e-01 4.88771e-03
7.584174 2.84017174e-02 0.00000000e+00 2.84017174e-02 0.00000000e+00 5.52578632e-01 0.00000000e+00 4.42062906e-03 0.000000e+00 0.000000e+00 0.000000e+00 4.060785e+00 -1.271679e-01 0.0000e+00 0.0000e+00 +8.9011e-07 0.02275 1.87654e-01 2.72163e-01 3.67402e-01 4.83128e-03
7.634070 2.81821958e-02 0.00000000e+00 2.81821958e-02 0.00000000e+00 5.47606157e-01 0.00000000e+00 4.38084926e-03 0.000000e+00 0.000000e+00 0.000000e+00 4.018354e+00 -1.238457e-01 0.0000e+00 0.0000e+00 -7.3717e-07 0.02275 1.85276e-01 2.69233e-01 3.64040e-01 4.76687e-03
7.683966 2.79636329e-02 0.00000000e+00 2.79636329e-02 0.00000000e+00 5.42896179e-01 0.00000000e+00 4.34316943e-03 0.000000e+00 0.000000e+00 0.000000e+00 3.988307e+00 -1.124746e-01 0.0000e+00 0.0000e+00 -1.0860e-06 0.02268 1.83227e-01 2.66601e-01 3.60964e-01 4.74386e-03
7.733862 2.77482870e-02 0.00000000e+00 2.77482870e-02 0.00000000e+00 5.38432984e-01 0.00000000e+00 4.30746387e-03 0.000000e+00 0.000000e+00 0.000000e+00 3.960866e+00 -1.064436e-01 0.0000e+00 0.0000e+00 +2.5988e-07 0.02264 1.81500e-01 2.64269e-01 3.58183e-01 4.70497e-03
7.783758 2.75306287e-02 0.00000000e+00 2.75306287e-02 0.00000000e+00 5.34131262e-01 0.00000000e+00 4.27305009e-03 0.000000e+00 0.000000e+00 0.000000e+00 3.943332e+00 -1.125236e-01 0.0000e+00 0.0000e+00 +1.6429e-06 0.02270 1.79955e-01 2.62116e-01 3.55569e-01 4.64688e-03
7.833654 2.73186614e-02 0.00000000e+00 2.73186614e-02 0.00000000e+00 5.30352069e-01 0.00000000e+00 4.24281655e-03 0.000000e+00 0.000000e+00 0.000000e+00 3.945509e+00 -1.226251e-01 0.0000e+00 0.0000e+00 +1.4375e-06 0.02279 1.79148e-01 2.60637e-01 3.53536e-01 4.63169e-03
7.883550 2.71100435e-02 0.00000000e+00 2.71100435e-02 0.00000000e+00 5.26374416e-01 0.00000000e+00 4.21099533e-03 0.000000e+00 0.000000e+00 0.000000e+00 3.926850e+00 -1.252483e-01 0.0000e+00 0.0000e+00 -6.8590e-08 0.02281 1.77987e-01 2.58845e-01 3.51225e-01 4.60087e-03
7.933445 2.68992614e-02 0.00000000e+00 2.68992614e-02 0.00000000e+00 5.21686597e-01 0.00000000e+00 4.17349278e-03 0.000000e+00 0.000000e+00 0.000000e+00 3.874972e+00 -1.168955e-01 0.0000e+00 0.0000e+00 -1.1591e-06 0.02277 1.75668e-01 2.56013e-01 3.48022e-01 4.53567e-03
7.983341 2.66925233e-02 0.00000000e+00 2.66925233e-02 0.00000000e+00 5.17178182e-01 0.00000000e+00 4.13742546e-03 0.000000e+00 0.000000e+00 0.000000e+00 3.833419e+00 -1.065328e-01 0.0000e+00 0.0000e+00 -5.6559e-07 0.02273 1.73575e-01 2.53397e-01 3.45037e-01 4.49921e-03
8.033237 2.64853455e-02 0.00000000e+00 2.64853455e-02 0.00000000e+00 5.13212381e-01 0.00000000e+00 4.10569905e-03 0.000000e+00 0.000000e+00 0.000000e+00 3.831078e+00 -1.064934e-01 0.0000e+00 0.0000e+00 +9.7372e-07 0.02274 1.72301e-01 2.51532e-01 3.42734e-01 4.46422e-03
8.083133 2.62788623e-02 0.00000000e+00 2.62788623e-02 0.00000000e+00 5.09758499e-01 0.00000000e+00 4.07806799e-03 0.000000e+00 0.000000e+00 0.000000e+00 3.838584e+00 -1.154989e-01 0.0000e+00 0.0000e+00 +1.6000e-06 0.02280 1.71813e-01 2.50391e-01 3.41065e-01 4.45250e-03
8.133029 2.60785633e-02 0.00000000e+00 2.60785633e-02 0.00000000e+00 5.06021547e-01 0.00000000e+00 4.04817238e-03 0.000000e+00 0.000000e+00 0.000000e+00 3.815198e+00 -1.218140e-01 0.0000e+00 0.0000e+00 +6.3337e-07 0.02286 1.70822e-01 2.48807e-01 3.38998e-01 4.41118e-03
8.182925 2.58772735e-02 0.00000000e+00 2.58772735e-02 0.00000000e+00 5.01658196e-01 0.00000000e+00 4.01326557e-03 0.000000e+00 0.000000e+00 0.000000e+00 3.770663e+00 -1.181253e-01 0.0000e+00 0.0000e+00 -8.1014e-07 0.02286 1.68750e-01 2.46248e-01 3.36078e-01 4.34482e-03
8.232821 2.56771328e-02 0.00000000e+00 2.56771328e-02 0.00000000e+00 4.97529882e-01 0.00000000e+00 3.98023906e-03 0.000000e+00 0.000000e+00 0.000000e+00 3.742549e+00 -1.077846e-01 0.0000e+00 0.0000e+00 -1.0803e-06 0.02280 1.67023e-01 2.44009e-01 3.33463e-01 4.32368e-03
8.282717 2.54796765e-02 0.00000000e+00 2.54796765e-02 0.00000000e+00 4.93728159e-01 0.00000000e+00 3.94982527e-03 0.000000e+00 0.000000e+00 0.000000e+00 3.727196e+00 -1.022288e-01 0.0000e+00 0.0000e+00 +1.4116e-07 0.02277 1.65817e-01 2.42257e-01 3.31305e-01 4.29783e-03
8.332613 2.52804544e-02 0.00000000e+00 2.52804544e-02 0.00000000e+00 4.90050597e-01 0.00000000e+00 3.92040478e-03 0.000000e+00 0.000000e+00 0.000000e+00 3.714609e+00 -1.072324e-01 0.0000e+00 0.0000e+00 +1.3550e-06 0.02281 1.64787e-01 2.40681e-01 3.29311e-01 4.25498e-03
8.382508 2.50859740e-02 0.00000000e+00 2.50859740e-02 0.00000000e+00 4.86588292e-01 0.00000000e+00 3.89270634e-03 0.000000e+00 0.000000e+00 0.000000e+00 3.706092e+00 -1.153755e-01 0.0000e+00 0.0000e+00 +1.1378e-06 0.02288 1.64076e-01 2.39405e-01 3.27575e-01 4.23069e-03
8.432404 2.48941435e-02 0.00000000e+00 2.48941435e-02 0.00000000e+00 4.82951499e-01 0.00000000e+00 3.86361199e-03 0.000000e+00 0.000000e+00 0.000000e+00 3.686807e+00 -1.167312e-01 0.0000e+00 0.0000e+00 -2.2038e-07 0.02290 1.63023e-01 2.37825e-01 3.25564e-01 4.19824e-03
8.482300 2.47008386e-02 0.00000000e+00 2.47008386e-02 0.00000000e+00 4.78994808e-01 0.00000000e+00 3.83195846e-03 0.000000e+00 0.000000e+00 0.000000e+00 3.651499e+00 -1.091513e-01 0.0000e+00 0.0000e+00 -1.1707e-06 0.02285 1.61388e-01 2.35723e-01 3.23107e-01 4.15747e-03
8.532196 2.45108859e-02 0.00000000e+00 2.45108859e-02 0.00000000e+00 4.75116591e-01 0.00000000e+00 3.80093273e-03 0.000000e+00 0.000000e+00 0.000000e+00 3.617673e+00 -1.004620e-01 0.0000e+00 0.0000e+00 -6.0635e-07 0.02281 1.59864e-01 2.33735e-01 3.20778e-01 4.12842e-03
8.582092 2.43206604e-02 0.00000000e+00 2.43206604e-02 0.00000000e+00 4.71456548e-01 0.00000000e+00 3.77165238e-03 0.000000e+00 0.000000e+00 0.000000e+00 3.603100e+00 -1.002955e-01 0.0000e+00 0.0000e+00 +7.7269e-07 0.02282 1.58692e-01 2.32082e-01 3.18762e-01 4.08700e-03
8.631988 2.41313523e-02 0.00000000e+00 2.41313523e-02 0.00000000e+00 4.68235303e-01 0.00000000e+00 3.74588242e-03 0.000000e+00 0.000000e+00 0.000000e+00 3.608180e+00 -1.078298e-01 0.0000e+00 0.0000e+00 +1.3009e-06 0.02287 1.58267e-01 2.31123e-01 3.17361e-01 4.07444e-03
8.681884 2.39470472e-02 0.00000000e+00 2.39470472e-02 0.00000000e+00 4.65016983e-01 0.00000000e+00 3.72013586e-03 0.000000e+00 0.000000e+00 0.000000e+00 3.597227e+00 -1.134736e-01 0.0000e+00 0.0000e+00 +4.0409e-07 0.02290 1.57820e-01 2.30153e-01 3.15942e-01 4.05738e-03
8.731780 2.37618550e-02 0.00000000e+00 2.37618550e-02 0.00000000e+00 4.61169835e-01 0.00000000e+00 3.68935868e-03 0.000000e+00 0.000000e+00 0.000000e+00 3.556055e+00 -1.101591e-01 0.0000e+00 0.0000e+00 -8.7753e-07 0.02288 1.56201e-01 2.28119e-01 3.13582e-01 3.99608e-03
8.781675 2.35779838e-02 0.00000000e+00 2.35779838e-02 0.00000000e+00 4.57342585e-01 0.00000000e+00 3.65874068e-03 0.000000e+00 0.000000e+00 0.000000e+00 3.521862e+00 -1.009673e-01 0.0000e+00 0.0000e+00 -1.0775e-06 0.02283 1.54583e-01 2.26097e-01 3.11252e-01 3.96537e-03
8.831571 2.33963971e-02 0.00000000e+00 2.33963971e-02 0.00000000e+00 4.53892606e-01 0.00000000e+00 3.63114085e-03 0.000000e+00 0.000000e+00 0.000000e+00 3.511822e+00 -9.659332e-02 0.0000e+00 0.0000e+00 +3.0864e-08 0.02280 1.53643e-01 2.24707e-01 3.09510e-01 3.94510e-03
8.881467 2.32135751e-02 0.00000000e+00 2.32135751e-02 0.00000000e+00 4.50673687e-01 0.00000000e+00 3.60538950e-03 0.000000e+00 0.000000e+00 0.000000e+00 3.508207e+00 -1.016895e-01 0.0000e+00 0.0000e+00 +1.0920e-06 0.02282 1.53117e-01 2.23710e-01 3.08125e-01 3.92160e-03
8.931363 2.30347041e-02 0.00000000e+00 2.30347041e-02 0.00000000e+00 4.47463827e-01 0.00000000e+00 3.57971062e-03 0.000000e+00 0.000000e+00 0.000000e+00 3.493788e+00 -1.091279e-01 0.0000e+00 0.0000e+00 +8.6712e-07 0.02286 1.52574e-01 2.22708e-01 3.06727e-01 3.89503e-03
8.981259 2.28580103e-02 0.00000000e+00 2.28580103e-02 0.00000000e+00 4.43985594e-01 0.00000000e+00 3.55188475e-03 0.000000e+00 0.000000e+00 0.000000e+00 3.469071e+00 -1.104055e-01 0.0000e+00 0.0000e+00 -3.5451e-07 0.02287 1.51482e-01 2.21209e-01 3.04881e-01 3.85224e-03
9.031155 2.26803693e-02 0.00000000e+00 2.26803693e-02 0.00000000e+00 4.40456562e-01 0.00000000e+00 3.52365249e-03 0.000000e+00 0.000000e+00 0.000000e+00 3.444070e+00 -1.041931e-01 0.0000e+00 0.0000e+00 -1.1808e-06 0.02282 1.50268e-01 2.19606e-01 3.02956e-01 3.82593e-03
9.081051 2.25056569e-02 0.00000000e+00 2.25056569e-02 0.00000000e+00 4.37030288e-01 0.00000000e+00 3.49624230e-03 0.000000e+00 0.000000e+00 0.000000e+00 3.419059e+00 -9.727483e-02 0.0000e+00 0.0000e+00 -6.4808e-07 0.02276 1.49244e-01 2.18188e-01 3.01220e-01 3.80565e-03
9.130947 2.23307552e-02 0.00000000e+00 2.23307552e-02 0.00000000e+00 4.33628978e-01 0.00000000e+00 3.46903182e-03 0.000000e+00 0.000000e+00 0.000000e+00 3.400632e+00 -9.799276e-02 0.0000e+00 0.0000e+00 +5.8509e-07 0.02275 1.48246e-01 2.16809e-01 2.99535e-01 3.76344e-03
9.180843 2.21569288e-02 0.00000000e+00 2.21569288e-02 0.00000000e+00 4.30525246e-01 0.00000000e+00 3.44420197e-03 0.000000e+00 0.000000e+00 0.000000e+00 3.398319e+00 -1.055315e-01 0.0000e+00 0.0000e+00 +1.0300e-06 0.02278 1.47796e-01 2.15944e-01 2.98305e-01 3.74681e-03
9.230738 2.19872142e-02 0.00000000e+00 2.19872142e-02 0.00000000e+00 4.27538296e-01 0.00000000e+00 3.42030637e-03 0.000000e+00 0.000000e+00 0.000000e+00 3.390470e+00 -1.112894e-01 0.0000e+00 0.0000e+00 +2.0167e-07 0.02278 1.47548e-01 2.15270e-01 2.97240e-01 3.73902e-03
9.280634 2.18168789e-02 0.00000000e+00 2.18168789e-02 0.00000000e+00 4.24096137e-01 0.00000000e+00 3.39276909e-03 0.000000e+00 0.000000e+00 0.000000e+00 3.358067e+00 -1.091329e-01 0.0000e+00 0.0000e+00 -9.3705e-07 0.02275 1.46371e-01 2.13748e-01 2.95418e-01 3.68885e-03
9.330530 2.16478319e-02 0.00000000e+00 2.16478319e-02 0.00000000e+00 4.20576197e-01 0.00000000e+00 3.36460957e-03 0.000000e+00 0.000000e+00 0.000000e+00 3.323853e+00 -1.018552e-01 0.0000e+00 0.0000e+00 -1.0814e-06 0.02270 1.45011e-01 2.12068e-01 2.93473e-01 3.65663e-03
9.380426 2.14807880e-02 0.00000000e+00 2.14807880e-02 0.00000000e+00 4.17329198e-01 0.00000000e+00 3.33863358e-03 0.000000e+00 0.000000e+00 0.000000e+00 3.310285e+00 -9.893548e-02 0.0000e+00 0.0000e+00 -7.3851e-08 0.02266 1.44183e-01 2.10889e-01 2.91999e-01 3.63499e-03
9.430322 2.13129837e-02 0.00000000e+00 2.13129837e-02 0.00000000e+00 4.14309496e-01 0.00000000e+00 3.31447597e-03 0.000000e+00 0.000000e+00 0.000000e+00 3.307971e+00 -1.047370e-01 0.0000e+00 0.0000e+00 +8.5494e-07 0.02265 1.43800e-01 2.10131e-01 2.90906e-01 3.61619e-03
9.480218 2.11485578e-02 0.00000000e+00 2.11485578e-02 0.00000000e+00 4.11355269e-01 0.00000000e+00 3.29084215e-03 0.000000e+00 0.000000e+00 0.000000e+00 3.296873e+00 -1.129532e-01 0.0000e+00 0.0000e+00 +6.2294e-07 0.02265 1.43525e-01 2.09479e-01 2.89902e-01 3.60184e-03
9.530114 2.09858570e-02 0.00000000e+00 2.09858570e-02 0.00000000e+00 4.08097625e-01 0.00000000e+00 3.26478100e-03 0.000000e+00 0.000000e+00 0.000000e+00 3.270132e+00 -1.152101e-01 0.0000e+00 0.0000e+00 -4.7663e-07 0.02264 1.42579e-01 2.08214e-01 2.88342e-01 3.55730e-03
9.580010 2.08226997e-02 0.00000000e+00 2.08226997e-02 0.00000000e+00 4.04767896e-01 0.00000000e+00 3.23814317e-03 0.000000e+00 0.000000e+00 0.000000e+00 3.243398e+00 -1.102965e-01 0.0000e+00 0.0000e+00 -1.1898e-06 0.02258 1.41449e-01 2.06784e-01 2.86645e-01 3.52580e-03
9.629905 2.06621132e-02 0.00000000e+00 2.06621132e-02 0.00000000e+00 4.01621800e-01 0.00000000e+00 3.21297440e-03 0.000000e+00 0.000000e+00 0.000000e+00 3.225447e+00 -1.053479e-01 0.0000e+00 0.0000e+00 -6.8830e-07 0.02252 1.40693e-01 2.05710e-01 2.85288e-01 3.51110e-03
9.679801 2.05014477e-02 0.00000000e+00 2.05014477e-02 0.00000000e+00 3.98533725e-01 0.00000000e+00 3.18826980e-03 0.000000e+00 0.000000e+00 0.000000e+00 3.211041e+00 -1.077751e-01 0.0000e+00 0.0000e+00 +4.0942e-07 0.02248 1.40042e-01 2.04746e-01 2.84043e-01 3.48137e-03
9.729697 2.03418929e-02 0.00000000e+00 2.03418929e-02 0.00000000e+00 3.95558884e-01 0.00000000e+00 3.16447107e-03 0.000000e+00 0.000000e+00 0.000000e+00 3.200463e+00 -1.160949e-01 0.0000e+00 0.0000e+00 +7.8290e-07 0.02247 1.39596e-01 2.03976e-01 2.82969e-01 3.46095e-03
9.779593 2.01858060e-02 0.00000000e+00 2.01858060e-02 0.00000000e+00 3.92630056e-01 0.00000000e+00 3.14104045e-03 0.000000e+00 0.000000e+00 0.000000e+00 3.188228e+00 -1.225459e-01 0.0000e+00 0.0000e+00 +2.2984e-08 0.02246 1.39205e-01 2.03262e-01 2.81936e-01 3.44466e-03
9.829489 2.00293356e-02 0.00000000e+00 2.00293356e-02 0.00000000e+00 3.89517613e-01 0.00000000e+00 3.11614091e-03 0.000000e+00 0.000000e+00 0.000000e+00 3.165307e+00 -1.218531e-01 0.0000e+00 0.0000e+00 -9.8934e-07 0.02240 1.38382e-01 2.02152e-01 2.80548e-01 3.41025e-03
9.879385 1.98741213e-02 0.00000000e+00 1.98741213e-02 0.00000000e+00 3.86354458e-01 0.00000000e+00 3.09083566e-03 0.000000e+00 0.000000e+00 0.000000e+00 3.137190e+00 -1.165786e-01 0.0000e+00 0.0000e+00 -1.0906e-06 0.02233 1.37422e-01 2.00923e-01 2.79069e-01 3.38410e-03
9.929281 1.97206117e-02 0.00000000e+00 1.97206117e-02 0.00000000e+00 3.83268054e-01 0.00000000e+00 3.06614443e-03 0.000000e+00 0.000000e+00 0.000000e+00 3.117026e+00 -1.152218e-01 0.0000e+00 0.0000e+00 -1.7395e-07 0.02227 1.36600e-01 1.99833e-01 2.77732e-01 3.35513e-03
9.979177 1.95667275e-02 0.00000000e+00 1.95667275e-02 0.00000000e+00 3.80374380e-01 0.00000000e+00 3.04299504e-03 0.000000e+00 0.000000e+00 0.000000e+00 3.111410e+00 -1.220484e-01 0.0000e+00 0.0000e+00 +6.4018e-07 0.02224 1.36174e-01 1.99115e-01 2.76732e-01 3.33655e-03
10.000121 1.95029024e-02 0.00000000e+00 1.95029024e-02 0.00000000e+00 3.79239050e-01 0.00000000e+00 3.03391240e-03 0.000000e+00 0.000000e+00 0.000000e+00 3.110268e+00 -1.262047e-01 0.0000e+00 0.0000e+00 +6.8203e-07 0.02223 1.36163e-01 1.98970e-01 2.76452e-01 3.33862e-03
