# tg_mhd (CUDA FP64)  tgi_slip_pv_n384_re500  N=384 L=384 Re=500 Pm=1 u0=0.05 nu_lat=1.219127e-02 eta_lat=1.219127e-02 tau_f=0.536574 tau_m=0.548765 dt=4.101296e-04 fw=profile
# t E_V E_M E_T H_C Omega_V Omega_M eps EM/EV OmM/OmV j_max w_max skew divb/j divb_wall/j mass_drift umax_lat fw1 fw2 fw4 tau_wall
0.000000 1.25000000e-01 1.25000000e-01 2.50000000e-01 -3.40941376e-22 3.74991590e-01 3.74991590e-01 2.99993272e-03 1.000000e+00 1.000000e+00 1.732017e+00 1.999944e+00 1.027046e-18 7.4968e-15 3.4079e-15 +0.0000e+00 0.05000 8.37858e-02 1.64293e-01 3.15213e-01 0.00000e+00
0.100072 1.24313486e-01 1.24277280e-01 2.48590766e-01 1.00649024e-02 3.74062156e-01 3.73894250e-01 2.99182563e-03 9.997087e-01 9.995511e-01 1.741031e+00 1.954493e+00 3.043161e-01 3.1235e-07 4.4038e-09 +2.0432e-05 0.04999 8.40503e-02 1.64757e-01 3.15907e-01 0.00000e+00
0.200143 1.24422169e-01 1.24578064e-01 2.49000233e-01 2.43978660e-02 3.78649974e-01 3.77913277e-01 3.02625300e-03 1.001253e+00 9.980544e-01 1.732294e+00 1.900091e+00 1.840687e-02 6.5036e-07 9.0915e-09 +1.3114e-05 0.04957 8.35203e-02 1.63736e-01 3.14089e-01 0.00000e+00
0.300215 1.23999602e-01 1.24852170e-01 2.48851771e-01 3.22971450e-02 3.85707263e-01 3.84074046e-01 3.07912524e-03 1.006876e+00 9.957657e-01 1.728859e+00 1.797670e+00 5.025185e-01 1.5089e-06 2.0934e-08 +2.6463e-06 0.04944 8.28453e-02 1.62397e-01 3.11575e-01 0.00000e+00
0.400286 1.22979086e-01 1.24666506e-01 2.47645592e-01 4.19995273e-02 3.94018112e-01 3.91267113e-01 3.14114090e-03 1.013721e+00 9.930181e-01 1.727811e+00 1.659686e+00 5.028092e-01 2.4542e-06 3.5790e-08 +2.3845e-05 0.04890 8.27219e-02 1.62102e-01 3.10917e-01 0.00000e+00
0.500358 1.22863496e-01 1.25340983e-01 2.48204479e-01 5.37582313e-02 4.07488856e-01 4.03421590e-01 3.24364178e-03 1.020165e+00 9.900187e-01 1.719959e+00 1.516212e+00 3.754789e-01 3.7684e-06 5.6862e-08 +5.5920e-06 0.04767 8.21148e-02 1.60882e-01 3.08599e-01 0.00000e+00
0.600430 1.22161289e-01 1.25787057e-01 2.47948345e-01 5.67808101e-02 4.23243699e-01 4.17764060e-01 3.36403103e-03 1.029680e+00 9.870532e-01 1.711203e+00 1.361001e+00 8.180906e-01 5.1097e-06 8.4963e-08 +9.0272e-06 0.04793 8.22352e-02 1.61049e-01 3.08762e-01 0.00000e+00
0.700501 1.20741755e-01 1.25989918e-01 2.46731673e-01 6.70251344e-02 4.41511978e-01 4.35129726e-01 3.50656681e-03 1.043466e+00 9.855446e-01 1.713627e+00 1.334567e+00 6.069182e-01 6.7109e-06 1.3308e-07 +2.2249e-05 0.04624 8.32071e-02 1.62802e-01 3.11590e-01 0.00000e+00
0.800573 1.20206933e-01 1.27174753e-01 2.47381685e-01 7.10686957e-02 4.65609821e-01 4.58277265e-01 3.69554834e-03 1.057965e+00 9.842517e-01 1.720581e+00 1.455286e+00 6.871631e-01 8.3358e-06 2.0582e-07 +8.4674e-07 0.04518 8.42142e-02 1.64632e-01 3.14562e-01 0.00000e+00
0.900645 1.18857943e-01 1.27625855e-01 2.46483798e-01 7.39778811e-02 4.91811858e-01 4.85076592e-01 3.90755380e-03 1.073768e+00 9.863052e-01 1.829815e+00 1.588351e+00 9.547222e-01 1.0170e-05 3.4442e-07 +1.6598e-05 0.04505 8.70762e-02 1.69888e-01 3.23137e-01 0.00000e+00
1.000716 1.17558089e-01 1.28579951e-01 2.46138040e-01 7.91171613e-02 5.23322756e-01 5.18420014e-01 4.16697108e-03 1.093757e+00 9.906315e-01 2.016359e+00 1.737642e+00 6.941292e-01 1.2111e-05 5.7114e-07 +1.6462e-05 0.04330 9.09239e-02 1.76896e-01 3.34236e-01 0.00000e+00
1.100788 1.16158152e-01 1.29951521e-01 2.46109673e-01 8.02419144e-02 5.60621571e-01 5.59768929e-01 4.48156200e-03 1.118746e+00 9.984791e-01 2.288207e+00 1.898767e+00 9.323000e-01 1.4345e-05 9.3686e-07 +7.8347e-07 0.04249 9.61041e-02 1.86158e-01 3.48160e-01 0.00000e+00
1.200859 1.14121589e-01 1.30803496e-01 2.44925085e-01 7.99076343e-02 6.02224701e-01 6.10056275e-01 4.84912390e-03 1.146177e+00 1.013004e+00 2.680217e+00 2.080609e+00 9.750425e-01 1.6892e-05 1.5066e-06 +2.2006e-05 0.04243 1.04615e-01 2.01065e-01 3.69532e-01 0.00000e+00
1.300931 1.12623222e-01 1.32429857e-01 2.45053078e-01 8.31303436e-02 6.51681302e-01 6.72894923e-01 5.29830490e-03 1.175866e+00 1.032552e+00 3.174352e+00 2.275933e+00 8.190090e-01 1.9845e-05 2.2541e-06 +9.1101e-06 0.04347 1.15184e-01 2.18809e-01 3.92710e-01 0.00000e+00
1.401003 1.10473162e-01 1.34065679e-01 2.44538841e-01 7.93027662e-02 7.08254729e-01 7.51487555e-01 5.83896913e-03 1.213559e+00 1.061041e+00 3.937084e+00 2.494257e+00 1.057541e+00 2.3312e-05 3.1557e-06 +5.3596e-06 0.04289 1.30006e-01 2.42503e-01 4.21067e-01 0.00000e+00
1.501074 1.07686202e-01 1.35549832e-01 2.43236034e-01 7.91519837e-02 7.72496923e-01 8.51072326e-01 6.49427700e-03 1.258748e+00 1.101716e+00 5.005059e+00 2.755464e+00 9.663187e-01 2.7465e-05 4.1333e-06 +2.2970e-05 0.04539 1.50886e-01 2.73956e-01 4.55577e-01 0.00000e+00
1.601146 1.05409477e-01 1.37810486e-01 2.43219963e-01 7.81109133e-02 8.47144984e-01 9.76363523e-01 7.29403403e-03 1.307382e+00 1.152534e+00 6.311301e+00 3.056598e+00 9.079074e-01 3.2849e-05 5.3584e-06 +3.1844e-06 0.04819 1.75854e-01 3.08596e-01 4.89361e-01 0.00000e+00
1.701218 1.02493332e-01 1.39837684e-01 2.42331016e-01 7.23319492e-02 9.30823739e-01 1.13671166e+00 8.27014158e-03 1.364359e+00 1.221189e+00 8.009238e+00 3.444721e+00 1.095044e+00 4.0737e-05 7.8213e-06 +1.2579e-05 0.04917 2.08683e-01 3.50946e-01 5.27940e-01 0.00000e+00
1.801289 9.90430070e-02 1.42052020e-01 2.41095027e-01 7.15539455e-02 1.02457279e+00 1.34094874e+00 9.46208615e-03 1.434246e+00 1.308788e+00 1.005683e+01 3.904165e+00 8.957763e-01 5.3030e-05 1.2543e-05 +1.9487e-05 0.05341 2.47360e-01 3.96839e-01 5.66596e-01 0.00000e+00
1.901361 9.56500977e-02 1.44882409e-01 2.40532507e-01 6.66362311e-02 1.12928380e+00 1.59278328e+00 1.08882683e-02 1.514713e+00 1.410437e+00 1.237855e+01 4.414308e+00 9.755458e-01 7.0871e-05 1.9585e-05 +7.0146e-07 0.05528 2.87830e-01 4.41003e-01 6.01347e-01 0.00000e+00
2.001432 9.16715075e-02 1.47250001e-01 2.38921508e-01 6.05563880e-02 1.24132232e+00 1.91146861e+00 1.26111637e-02 1.606279e+00 1.539865e+00 1.505774e+01 4.949758e+00 9.676769e-01 9.5362e-05 2.8616e-05 +1.9457e-05 0.05678 3.33395e-01 4.87605e-01 6.37150e-01 0.00000e+00
2.101504 8.77198800e-02 1.50173702e-01 2.37893582e-01 5.82831080e-02 1.36202744e+00 2.29126763e+00 1.46131803e-02 1.711969e+00 1.682248e+00 1.784974e+01 5.489757e+00 8.396127e-01 1.2743e-04 3.8851e-05 +1.3070e-05 0.06004 3.75104e-01 5.27496e-01 6.66843e-01 0.00000e+00
2.201576 8.32136802e-02 1.53104275e-01 2.36317955e-01 5.07503982e-02 1.48785767e+00 2.73386260e+00 1.68868811e-02 1.839893e+00 1.837449e+00 2.048259e+01 5.983488e+00 8.637674e-01 1.6866e-04 4.8857e-05 +2.8326e-06 0.05980 4.11619e-01 5.60484e-01 6.90983e-01 0.00000e+00
2.301647 7.83224728e-02 1.55747720e-01 2.34070193e-01 4.49560810e-02 1.61753193e+00 3.25657901e+00 1.94964437e-02 1.988544e+00 2.013301e+00 2.322596e+01 6.526248e+00 7.759832e-01 2.2954e-04 5.9728e-05 +2.2776e-05 0.06077 4.45242e-01 5.90080e-01 7.13556e-01 0.00000e+00
2.401719 7.37158723e-02 1.58686670e-01 2.32402543e-01 4.13968403e-02 1.75069092e+00 3.81640510e+00 2.22683841e-02 2.152680e+00 2.179942e+00 2.525818e+01 6.946648e+00 6.568977e-01 3.2882e-04 6.8708e-05 +6.3989e-06 0.06101 4.65709e-01 6.07340e-01 7.27009e-01 0.00000e+00
2.501790 6.87391433e-02 1.61308678e-01 2.30047821e-01 3.17641571e-02 1.88845537e+00 4.43746513e+00 2.53036820e-02 2.346679e+00 2.349786e+00 2.713842e+01 7.462846e+00 6.194474e-01 5.2858e-04 7.9705e-05 +8.6777e-06 0.05877 4.79745e-01 6.19278e-01 7.37776e-01 0.00000e+00
2.601862 6.34417480e-02 1.63455430e-01 2.26897178e-01 2.77779816e-02 2.02933108e+00 5.09098983e+00 2.84812836e-02 2.576465e+00 2.508703e+00 2.845181e+01 9.405265e+00 4.634932e-01 8.9571e-04 9.5323e-05 +2.1401e-05 0.05803 4.86116e-01 6.24932e-01 7.44436e-01 0.00000e+00
2.701934 5.85440598e-02 1.65727068e-01 2.24271128e-01 2.18989024e-02 2.17572430e+00 5.71908182e+00 3.15792245e-02 2.830809e+00 2.628588e+00 3.282162e+01 1.185590e+01 3.240887e-01 1.3682e-03 1.1478e-04 +1.7703e-06 0.05545 4.81532e-01 6.21436e-01 7.44282e-01 0.00000e+00
2.802005 5.37822845e-02 1.66997108e-01 2.20779392e-01 1.23040329e-02 2.31801888e+00 6.30363903e+00 3.44866316e-02 3.105058e+00 2.719408e+00 3.939862e+01 1.410757e+01 2.528853e-01 1.7082e-03 1.2752e-04 +1.5682e-05 0.05208 4.76344e-01 6.17376e-01 7.43043e-01 0.00000e+00
2.902077 4.92420168e-02 1.67984987e-01 2.17227003e-01 1.01681610e-02 2.44960264e+00 6.78084105e+00 3.69217748e-02 3.411416e+00 2.768139e+00 4.280582e+01 1.574323e+01 1.273165e-01 1.8589e-03 1.3277e-04 +1.6037e-05 0.05072 4.67089e-01 6.09937e-01 7.38295e-01 0.00000e+00
3.002149 4.49811379e-02 1.68427552e-01 2.13408690e-01 1.46594454e-03 2.56488310e+00 7.10925135e+00 3.86965378e-02 3.744404e+00 2.771764e+00 4.284681e+01 1.648550e+01 8.720427e-02 1.8277e-03 1.3288e-04 +8.0258e-07 0.05022 4.55058e-01 5.99954e-01 7.30092e-01 0.00000e+00
3.102220 4.12680318e-02 1.67988884e-01 2.09256916e-01 -4.32219650e-03 2.65542929e+00 7.32570373e+00 3.99245321e-02 4.070678e+00 2.758764e+00 4.150529e+01 1.659675e+01 3.762255e-02 1.6868e-03 1.3334e-04 +2.0419e-05 0.05307 4.47552e-01 5.94038e-01 7.24256e-01 0.00000e+00
3.202292 3.81874096e-02 1.67264668e-01 2.05452078e-01 -7.01725762e-03 2.71564487e+00 7.38839874e+00 4.04161745e-02 4.380100e+00 2.720679e+00 3.904423e+01 1.673187e+01 2.365024e-02 1.4880e-03 1.3276e-04 +8.7525e-06 0.05428 4.36503e-01 5.85129e-01 7.15121e-01 0.00000e+00
3.302363 3.53384707e-02 1.66028313e-01 2.01366784e-01 -1.46178192e-02 2.74522924e+00 7.34865037e+00 4.03755184e-02 4.698231e+00 2.676880e+00 3.620924e+01 1.647907e+01 -5.184011e-03 1.2710e-03 1.3345e-04 +4.0560e-06 0.05386 4.26919e-01 5.77708e-01 7.06771e-01 0.00000e+00
3.402435 3.28208688e-02 1.64161075e-01 1.96981943e-01 -1.78357989e-02 2.74368470e+00 7.23990312e+00 3.99343513e-02 5.001728e+00 2.638752e+00 3.336552e+01 1.595417e+01 2.431721e-02 1.0712e-03 1.3508e-04 +2.0697e-05 0.05372 4.20080e-01 5.72949e-01 7.00373e-01 0.00000e+00
3.502507 3.09280905e-02 1.62356821e-01 1.93284911e-01 -1.93909927e-02 2.71757794e+00 7.05460711e+00 3.90887402e-02 5.249494e+00 2.595917e+00 3.061733e+01 1.519982e+01 3.427752e-02 9.2766e-04 1.3640e-04 +2.3670e-06 0.05397 4.09011e-01 5.64459e-01 6.90923e-01 0.00000e+00
3.602578 2.93791760e-02 1.60014008e-01 1.89393184e-01 -2.68614214e-02 2.67179610e+00 6.84440121e+00 3.80647892e-02 5.446511e+00 2.561723e+00 2.879986e+01 1.436025e+01 3.424561e-02 8.4585e-04 1.3888e-04 +1.0085e-05 0.05051 4.00842e-01 5.58643e-01 6.83708e-01 0.00000e+00
3.702650 2.79350539e-02 1.57506331e-01 1.85441384e-01 -2.54132433e-02 2.61161963e+00 6.60825599e+00 3.68795025e-02 5.638304e+00 2.530329e+00 2.787942e+01 1.358649e+01 9.398246e-02 8.3044e-04 1.4156e-04 +1.6809e-05 0.05191 3.92017e-01 5.52169e-01 6.76171e-01 0.00000e+00
3.802722 2.67916537e-02 1.55080244e-01 1.81871897e-01 -2.93653948e-02 2.54443277e+00 6.34748422e+00 3.55676680e-02 5.788379e+00 2.494656e+00 2.702342e+01 1.281785e+01 8.222376e-02 8.6391e-04 1.4332e-04 -9.9206e-07 0.04874 3.79844e-01 5.42209e-01 6.65944e-01 0.00000e+00
3.902793 2.60903724e-02 1.52182777e-01 1.78273150e-01 -3.26284934e-02 2.47189083e+00 6.09586137e+00 3.42710088e-02 5.832909e+00 2.466072e+00 2.595242e+01 1.207258e+01 1.063754e-01 9.1708e-04 1.4618e-04 +1.5987e-05 0.04788 3.71128e-01 5.35397e-01 6.58610e-01 0.00000e+00
4.002865 2.56084925e-02 1.49410529e-01 1.75019021e-01 -3.09376772e-02 2.39987578e+00 5.83099774e+00 3.29234941e-02 5.834413e+00 2.429708e+00 2.510088e+01 1.202694e+01 1.830851e-01 9.8416e-04 1.4782e-04 +1.0360e-05 0.04725 3.59287e-01 5.25102e-01 6.48834e-01 0.00000e+00
4.102936 2.51767054e-02 1.46538027e-01 1.71714733e-01 -3.47115509e-02 2.33107823e+00 5.56700126e+00 3.15923180e-02 5.820381e+00 2.388166e+00 2.406107e+01 1.187787e+01 1.680197e-01 1.0570e-03 1.4855e-04 +3.7914e-08 0.04530 3.46676e-01 5.13486e-01 6.38240e-01 0.00000e+00
4.203008 2.50068270e-02 1.43366347e-01 1.68373174e-01 -3.53367975e-02 2.26336575e+00 5.31659864e+00 3.03198576e-02 5.733088e+00 2.348979e+00 2.301654e+01 1.148040e+01 2.130572e-01 1.1352e-03 1.5025e-04 +1.8677e-05 0.04411 3.36854e-01 5.04413e-01 6.30280e-01 0.00000e+00
4.303080 2.52620188e-02 1.40376826e-01 1.65638845e-01 -3.34011015e-02 2.20193410e+00 5.06167916e+00 2.90544530e-02 5.556833e+00 2.298742e+00 2.213861e+01 1.101398e+01 3.071229e-01 1.2235e-03 1.4962e-04 +3.7325e-06 0.04437 3.23572e-01 4.90895e-01 6.18847e-01 0.00000e+00
4.403151 2.55796086e-02 1.37210674e-01 1.62790282e-01 -3.73577316e-02 2.14164649e+00 4.81614962e+00 2.78311844e-02 5.364065e+00 2.248807e+00 2.101436e+01 1.041593e+01 2.617062e-01 1.3167e-03 1.4960e-04 +4.9660e-06 0.04152 3.11982e-01 4.78715e-01 6.08949e-01 0.00000e+00
4.503223 2.58929920e-02 1.33862745e-01 1.59755737e-01 -3.47879212e-02 2.08328577e+00 4.58497530e+00 2.66730443e-02 5.169845e+00 2.200838e+00 1.981911e+01 9.828362e+00 3.666654e-01 1.4080e-03 1.4951e-04 +1.7132e-05 0.04226 3.01935e-01 4.67594e-01 6.00098e-01 0.00000e+00
4.603295 2.65179280e-02 1.30828268e-01 1.57346196e-01 -3.45131214e-02 2.02791808e+00 4.35389119e+00 2.55272371e-02 4.933578e+00 2.146976e+00 1.863827e+01 9.316659e+00 3.834380e-01 1.5071e-03 1.4797e-04 -9.6248e-07 0.04082 2.89262e-01 4.52794e-01 5.88374e-01 0.00000e+00
4.703366 2.73362199e-02 1.27448730e-01 1.54784950e-01 -3.66423282e-02 1.97171844e+00 4.14179110e+00 2.44540381e-02 4.662266e+00 2.100600e+00 1.855928e+01 8.654309e+00 3.636745e-01 1.5911e-03 1.4752e-04 +1.1441e-05 0.03946 2.80227e-01 4.41677e-01 5.79687e-01 0.00000e+00
4.803438 2.81030717e-02 1.24264401e-01 1.52367473e-01 -3.28369291e-02 1.91615095e+00 3.93449702e+00 2.34025919e-02 4.421737e+00 2.053334e+00 1.850395e+01 8.961236e+00 4.475282e-01 1.6724e-03 1.4676e-04 +1.2240e-05 0.03983 2.70549e-01 4.29369e-01 5.70097e-01 0.00000e+00
4.903509 2.88619737e-02 1.21209457e-01 1.50071431e-01 -3.39051777e-02 1.86303775e+00 3.74021122e+00 2.24129959e-02 4.199625e+00 2.007587e+00 1.851293e+01 9.216278e+00 4.047816e-01 1.7417e-03 1.4508e-04 -2.0575e-06 0.03812 2.60505e-01 4.15968e-01 5.59049e-01 0.00000e+00
5.003581 2.97324997e-02 1.17984100e-01 1.47716599e-01 -3.36084443e-02 1.80820729e+00 3.55703966e+00 2.14609878e-02 3.968186e+00 1.967164e+00 1.834476e+01 9.387826e+00 3.984072e-01 1.7862e-03 1.4548e-04 +1.6122e-05 0.03727 2.53602e-01 4.06421e-01 5.51278e-01 0.00000e+00
5.103653 3.07597743e-02 1.15047093e-01 1.45806867e-01 -3.01426966e-02 1.75720101e+00 3.38466805e+00 2.05674762e-02 3.740180e+00 1.926170e+00 1.822846e+01 9.400459e+00 4.282016e-01 1.8154e-03 1.4481e-04 +5.9634e-06 0.03711 2.45244e-01 3.94559e-01 5.40719e-01 0.00000e+00
5.203724 3.15989379e-02 1.12206848e-01 1.43805786e-01 -3.17151430e-02 1.70738261e+00 3.22038549e+00 1.97110724e-02 3.550969e+00 1.886153e+00 1.797738e+01 9.327036e+00 3.662929e-01 1.8182e-03 1.4515e-04 +9.8097e-07 0.03531 2.37634e-01 3.83681e-01 5.30662e-01 0.00000e+00
5.303796 3.22947040e-02 1.09234109e-01 1.41528813e-01 -2.92379259e-02 1.65995728e+00 3.07092236e+00 1.89235186e-02 3.382416e+00 1.850001e+00 1.757789e+01 9.132891e+00 3.524272e-01 1.7855e-03 1.4709e-04 +1.6926e-05 0.03453 2.32137e-01 3.75356e-01 5.22144e-01 0.00000e+00
5.403867 3.32448897e-02 1.06738420e-01 1.39983310e-01 -2.70766953e-02 1.61760597e+00 2.93028350e+00 1.81915579e-02 3.210672e+00 1.811494e+00 1.714802e+01 8.913849e+00 3.572490e-01 1.7375e-03 1.4834e-04 +3.7157e-07 0.03407 2.24418e-01 3.64121e-01 5.10561e-01 0.00000e+00
5.503939 3.40635903e-02 1.04090483e-01 1.38154073e-01 -2.79146506e-02 1.57837609e+00 2.80273996e+00 1.75244642e-02 3.055770e+00 1.775711e+00 1.676018e+01 8.671526e+00 2.960211e-01 1.6562e-03 1.5095e-04 +6.9788e-06 0.03177 2.18627e-01 3.55342e-01 5.00710e-01 0.00000e+00
5.604011 3.46358623e-02 1.01635828e-01 1.36271691e-01 -2.43894370e-02 1.54369211e+00 2.68843061e+00 1.69284909e-02 2.934410e+00 1.741559e+00 1.636954e+01 8.399963e+00 3.303522e-01 1.5556e-03 1.5352e-04 +1.3819e-05 0.03210 2.12808e-01 3.46628e-01 4.90856e-01 0.00000e+00
5.704082 3.52055872e-02 9.95077663e-02 1.34713353e-01 -2.33864962e-02 1.51425662e+00 2.58684736e+00 1.64044159e-02 2.826477e+00 1.708328e+00 1.589479e+01 8.188774e+00 3.094658e-01 1.4503e-03 1.5439e-04 -2.5587e-06 0.03314 2.05820e-01 3.36304e-01 4.79456e-01 0.00000e+00
5.804154 3.57222420e-02 9.72825350e-02 1.33004777e-01 -2.28027363e-02 1.48671424e+00 2.49872801e+00 1.59417690e-02 2.723304e+00 1.680705e+00 1.547347e+01 7.928328e+00 3.463181e-01 1.3344e-03 1.5546e-04 +1.2899e-05 0.03479 2.01023e-01 3.29147e-01 4.71458e-01 0.00000e+00
5.904226 3.61157271e-02 9.54050592e-02 1.31520786e-01 -1.93258899e-02 1.46273585e+00 2.42340890e+00 1.55445790e-02 2.641649e+00 1.656765e+00 1.505761e+01 7.745053e+00 3.684000e-01 1.2341e-03 1.5437e-04 +8.3987e-06 0.03554 1.95513e-01 3.21193e-01 4.63129e-01 0.00000e+00
6.004297 3.62213957e-02 9.37751187e-02 1.29996514e-01 -1.88844228e-02 1.44030143e+00 2.35791075e+00 1.51928487e-02 2.588943e+00 1.637095e+00 1.465965e+01 7.562426e+00 4.151410e-01 1.1507e-03 1.5187e-04 -1.6606e-06 0.03684 1.90306e-01 3.13918e-01 4.56029e-01 0.00000e+00
6.104369 3.61266566e-02 9.21024241e-02 1.28229081e-01 -1.69110675e-02 1.41745100e+00 2.30254890e+00 1.48799996e-02 2.549431e+00 1.624429e+00 1.440245e+01 7.351911e+00 4.274588e-01 1.0797e-03 1.4974e-04 +1.5913e-05 0.03723 1.87576e-01 3.10161e-01 4.52793e-01 0.00000e+00
6.204440 3.61278732e-02 9.08936640e-02 1.27021537e-01 -1.42206889e-02 1.39613724e+00 2.25483481e+00 1.46038882e-02 2.515887e+00 1.615052e+00 1.412404e+01 7.170305e+00 4.786589e-01 1.0312e-03 1.4609e-04 +2.5527e-06 0.03687 1.84093e-01 3.05445e-01 4.49019e-01 0.00000e+00
6.304512 3.58191689e-02 8.97581717e-02 1.25577341e-01 -1.37232708e-02 1.37347329e+00 2.21472883e+00 1.43528085e-02 2.505870e+00 1.612502e+00 1.394400e+01 6.949993e+00 4.729912e-01 9.9259e-04 1.4302e-04 +3.0245e-06 0.03716 1.82578e-01 3.03261e-01 4.47969e-01 0.00000e+00
6.404584 3.51827668e-02 8.86911075e-02 1.23873874e-01 -1.10217128e-02 1.34990990e+00 2.18441025e+00 1.41372806e-02 2.520868e+00 1.618190e+00 1.390342e+01 6.703545e+00 4.987270e-01 9.6071e-04 1.4198e-04 +1.4867e-05 0.03645 1.83123e-01 3.03487e-01 4.49348e-01 0.00000e+00
6.504655 3.46513630e-02 8.80321175e-02 1.22683481e-01 -9.29674645e-03 1.32730545e+00 2.16246609e+00 1.39590862e-02 2.540510e+00 1.629215e+00 1.383123e+01 6.433268e+00 5.040587e-01 9.3551e-04 1.4357e-04 -1.7091e-06 0.03562 1.83193e-01 3.02792e-01 4.49857e-01 0.00000e+00
6.604727 3.39999169e-02 8.72419624e-02 1.21241879e-01 -8.18560897e-03 1.30320294e+00 2.14956246e+00 1.38110616e-02 2.565946e+00 1.649446e+00 1.395213e+01 6.512570e+00 4.961536e-01 9.0733e-04 1.5209e-04 +9.2960e-06 0.03530 1.86042e-01 3.05271e-01 4.53248e-01 0.00000e+00
6.704799 3.31761994e-02 8.66664928e-02 1.19842692e-01 -5.91033349e-03 1.28056325e+00 2.14635054e+00 1.37076552e-02 2.612309e+00 1.676099e+00 1.409855e+01 6.824224e+00 5.118580e-01 8.8223e-04 1.6461e-04 +1.0665e-05 0.03370 1.88940e-01 3.07578e-01 4.56219e-01 0.00000e+00
6.804870 3.22513869e-02 8.62336921e-02 1.18485079e-01 -4.51121164e-03 1.25931141e+00 2.14651569e+00 1.36233084e-02 2.673798e+00 1.704515e+00 1.425809e+01 7.065501e+00 4.995794e-01 8.6148e-04 1.7884e-04 -2.8494e-06 0.03294 1.91210e-01 3.08804e-01 4.57766e-01 0.00000e+00
6.904942 3.13466215e-02 8.56590365e-02 1.17005658e-01 -3.22481639e-03 1.23786491e+00 2.15627501e+00 1.35765597e-02 2.732640e+00 1.741931e+00 1.454409e+01 7.232548e+00 4.885821e-01 8.4555e-04 1.9419e-04 +1.3970e-05 0.03218 1.95301e-01 3.12261e-01 4.61153e-01 0.00000e+00
7.005013 3.05497773e-02 8.52512071e-02 1.15800984e-01 -1.47290634e-03 1.21856846e+00 2.16647791e+00 1.35401855e-02 2.790567e+00 1.777888e+00 1.476451e+01 7.341134e+00 4.937774e-01 8.3441e-04 2.0654e-04 +5.0508e-06 0.03263 1.97254e-01 3.13014e-01 4.61663e-01 0.00000e+00
7.105085 2.96129726e-02 8.48533920e-02 1.14466365e-01 -4.61028191e-04 1.20014427e+00 2.18049574e+00 1.35225600e-02 2.865413e+00 1.816861e+00 1.493331e+01 7.399936e+00 4.651754e-01 8.2659e-04 2.1646e-04 -1.5242e-07 0.03282 1.98754e-01 3.13388e-01 4.61741e-01 0.00000e+00
7.205157 2.85840365e-02 8.42487408e-02 1.12832777e-01 9.13019150e-04 1.18101208e+00 2.19516792e+00 1.35047200e-02 2.947405e+00 1.858718e+00 1.518988e+01 7.400927e+00 4.594688e-01 8.2434e-04 2.2639e-04 +1.4964e-05 0.03309 2.01054e-01 3.14787e-01 4.62828e-01 0.00000e+00
7.305228 2.78768430e-02 8.38589416e-02 1.11735785e-01 1.99570106e-03 1.16470383e+00 2.20558818e+00 1.34811680e-02 3.008194e+00 1.893690e+00 1.519112e+01 7.368496e+00 4.598905e-01 8.2634e-04 2.3113e-04 -7.2637e-08 0.03351 2.00397e-01 3.12968e-01 4.61124e-01 0.00000e+00
7.405300 2.71301858e-02 8.32385483e-02 1.10368734e-01 2.93129290e-03 1.14732848e+00 2.21179950e+00 1.34365119e-02 3.068116e+00 1.927782e+00 1.524407e+01 7.292126e+00 4.225866e-01 8.3658e-04 2.3705e-04 +5.4176e-06 0.03334 2.00761e-01 3.12425e-01 4.60915e-01 0.00000e+00
7.505371 2.63035274e-02 8.25794165e-02 1.08882944e-01 3.86754907e-03 1.13093375e+00 2.21163412e+00 1.33702715e-02 3.139481e+00 1.955582e+00 1.518667e+01 7.809403e+00 4.234401e-01 8.5200e-04 2.3985e-04 +1.2281e-05 0.03345 2.00573e-01 3.11604e-01 4.60910e-01 0.00000e+00
7.605443 2.56420546e-02 8.19939594e-02 1.07636014e-01 4.69384508e-03 1.11557808e+00 2.19889308e+00 1.32578847e-02 3.197636e+00 1.971079e+00 1.494871e+01 8.235908e+00 4.070133e-01 8.6656e-04 2.3916e-04 -2.9374e-06 0.03348 1.98478e-01 3.08661e-01 4.59187e-01 0.00000e+00
7.705515 2.51079179e-02 8.11628573e-02 1.06270775e-01 5.51298837e-03 1.09876537e+00 2.17974420e+00 1.31140383e-02 3.232560e+00 1.983812e+00 1.474987e+01 8.476781e+00 3.512555e-01 8.7458e-04 2.3787e-04 +1.1045e-05 0.03317 1.98101e-01 3.08145e-01 4.60091e-01 0.00000e+00
7.805586 2.46443811e-02 8.03752984e-02 1.05019679e-01 5.91018165e-03 1.08197273e+00 2.14836628e+00 1.29213561e-02 3.261405e+00 1.985601e+00 1.440603e+01 8.518690e+00 3.601643e-01 8.7084e-04 2.3400e-04 +7.3654e-06 0.03369 1.96176e-01 3.06069e-01 4.59539e-01 0.00000e+00
7.905658 2.41563874e-02 7.95964669e-02 1.03752854e-01 6.79830333e-03 1.06514665e+00 2.10918152e+00 1.26973127e-02 3.295048e+00 1.980179e+00 1.393867e+01 8.493488e+00 3.029525e-01 8.5784e-04 2.2885e-04 -2.3581e-06 0.03315 1.93659e-01 3.03688e-01 4.58654e-01 0.00000e+00
8.005730 2.37101707e-02 7.85750306e-02 1.02285201e-01 7.16659929e-03 1.04573657e+00 2.06490279e+00 1.24425574e-02 3.313980e+00 1.974592e+00 1.357547e+01 8.386462e+00 3.166485e-01 8.4129e-04 2.2619e-04 +1.3943e-05 0.03325 1.92838e-01 3.03590e-01 4.59967e-01 0.00000e+00
8.105801 2.35619079e-02 7.77213283e-02 1.01283236e-01 7.57544597e-03 1.02737285e+00 2.01456334e+00 1.21677448e-02 3.298601e+00 1.960888e+00 1.300221e+01 8.268870e+00 2.819701e-01 8.2477e-04 2.2102e-04 +1.9907e-06 0.03305 1.89861e-01 3.01240e-01 4.59130e-01 0.00000e+00
8.205873 2.33304317e-02 7.67413649e-02 1.00071797e-01 8.07158698e-03 1.00770897e+00 1.96232190e+00 1.18801235e-02 3.289325e+00 1.947310e+00 1.248694e+01 8.192812e+00 3.071109e-01 8.1432e-04 2.1773e-04 +1.7302e-06 0.03246 1.87609e-01 2.99885e-01 4.59383e-01 0.00000e+00
8.305944 2.30155600e-02 7.56585111e-02 9.86740711e-02 8.34624324e-03 9.87619291e-01 1.90931606e+00 1.15877414e-02 3.287277e+00 1.933251e+00 1.199915e+01 8.242129e+00 2.841845e-01 8.1342e-04 2.1527e-04 +1.3103e-05 0.03206 1.85922e-01 2.99382e-01 4.60730e-01 0.00000e+00
8.406016 2.29614679e-02 7.47437119e-02 9.77051799e-02 8.57781100e-03 9.69029184e-01 1.85379982e+00 1.12913160e-02 3.255180e+00 1.913048e+00 1.137987e+01 8.245844e+00 3.361375e-01 8.2179e-04 2.1131e-04 -2.0935e-06 0.03175 1.82278e-01 2.96445e-01 4.59654e-01 0.00000e+00
8.506088 2.29369581e-02 7.36348859e-02 9.65718440e-02 8.87085565e-03 9.50333456e-01 1.79929911e+00 1.09985303e-02 3.210316e+00 1.893334e+00 1.094954e+01 8.161268e+00 3.079668e-01 8.4022e-04 2.0945e-04 +7.4941e-06 0.03049 1.80096e-01 2.95282e-01 4.60529e-01 0.00000e+00
8.606159 2.28564250e-02 7.25700740e-02 9.54264991e-02 8.83852087e-03 9.33216839e-01 1.74339988e+00 1.07064669e-02 3.175040e+00 1.868162e+00 1.057429e+01 7.988452e+00 3.689579e-01 8.6390e-04 2.0680e-04 +9.3334e-06 0.03060 1.77154e-01 2.93071e-01 4.60333e-01 0.00000e+00
8.706231 2.28091565e-02 7.16076194e-02 9.44167759e-02 9.08713143e-03 9.18384374e-01 1.68610206e+00 1.04179457e-02 3.139424e+00 1.835944e+00 1.014091e+01 7.782691e+00 3.521659e-01 8.8761e-04 2.0319e-04 -3.4052e-06 0.02951 1.73176e-01 2.89359e-01 4.58443e-01 0.00000e+00
8.806303 2.28136976e-02 7.04501955e-02 9.32638931e-02 8.95046581e-03 9.04309267e-01 1.62931267e+00 1.01344877e-02 3.088066e+00 1.801721e+00 1.017960e+01 7.485196e+00 4.202401e-01 9.0892e-04 2.0129e-04 +1.1933e-05 0.02924 1.70726e-01 2.87526e-01 4.58550e-01 0.00000e+00
8.906374 2.29555873e-02 6.94584402e-02 9.24140274e-02 8.96739832e-03 8.92882690e-01 1.57039360e+00 9.85310517e-03 3.025775e+00 1.758791e+00 1.012798e+01 7.259849e+00 3.824241e-01 9.2145e-04 1.9756e-04 +4.2504e-06 0.02929 1.66743e-01 2.83524e-01 4.56137e-01 0.00000e+00
9.006446 2.29708220e-02 6.84659646e-02 9.14367866e-02 8.78250653e-03 8.83351268e-01 1.51167217e+00 9.58009375e-03 2.980562e+00 1.711292e+00 1.003886e+01 7.245710e+00 4.575957e-01 9.2499e-04 1.9368e-04 -1.1994e-06 0.02937 1.62845e-01 2.79521e-01 4.53612e-01 0.00000e+00
9.106517 2.29084372e-02 6.73555915e-02 9.02640286e-02 8.60275252e-03 8.74366515e-01 1.45411965e+00 9.31394464e-03 2.940209e+00 1.663055e+00 9.884574e+00 7.215348e+00 4.414721e-01 9.1975e-04 1.9098e-04 +1.3072e-05 0.02947 1.59872e-01 2.76691e-01 4.52302e-01 0.00000e+00
9.206589 2.30879583e-02 6.64724760e-02 8.95604342e-02 8.52832605e-03 8.67880228e-01 1.39681051e+00 9.05876296e-03 2.879097e+00 1.609451e+00 9.691592e+00 7.188579e+00 4.683514e-01 9.0645e-04 1.8572e-04 -4.9846e-07 0.03022 1.55426e-01 2.71732e-01 4.48428e-01 0.00000e+00
9.306661 2.31740138e-02 6.54832705e-02 8.86572843e-02 7.89536021e-03 8.61333806e-01 1.34259217e+00 8.81570390e-03 2.825720e+00 1.558736e+00 9.478947e+00 7.162697e+00 4.827045e-01 8.9003e-04 1.8161e-04 +3.8433e-06 0.03022 1.51855e-01 2.67899e-01 4.45741e-01 0.00000e+00
9.406732 2.31141088e-02 6.45202492e-02 8.76343580e-02 7.88863596e-03 8.55356605e-01 1.29177104e+00 8.58851057e-03 2.791379e+00 1.510213e+00 9.282192e+00 7.150931e+00 4.893039e-01 8.7473e-04 1.7692e-04 +1.0827e-05 0.03148 1.48445e-01 2.64222e-01 4.43163e-01 0.00000e+00
9.506804 2.31514818e-02 6.37402978e-02 8.68917796e-02 7.46791439e-03 8.50018035e-01 1.24333048e+00 8.37339406e-03 2.753184e+00 1.462711e+00 9.036887e+00 7.130862e+00 4.912499e-01 8.6050e-04 1.7082e-04 -3.2985e-06 0.03168 1.44091e-01 2.58997e-01 4.38461e-01 0.00000e+00
9.606875 2.31900725e-02 6.28231357e-02 8.60132081e-02 6.70053493e-03 8.43682378e-01 1.20049832e+00 8.17672278e-03 2.709053e+00 1.422927e+00 8.959146e+00 7.140838e+00 5.208086e-01 8.5285e-04 1.6610e-04 +9.1850e-06 0.03178 1.41046e-01 2.55560e-01 4.35814e-01 0.00000e+00
9.706947 2.32016627e-02 6.20419115e-02 8.52435742e-02 6.81820302e-03 8.37055323e-01 1.16045121e+00 7.99002612e-03 2.674029e+00 1.386349e+00 9.003985e+00 7.163469e+00 4.781435e-01 8.4790e-04 1.6045e-04 +6.4858e-06 0.03232 1.37365e-01 2.50971e-01 4.31421e-01 0.00000e+00
9.807019 2.31054897e-02 6.13655474e-02 8.44710371e-02 5.87424491e-03 8.30157646e-01 1.12398776e+00 7.81658162e-03 2.655886e+00 1.353945e+00 9.007195e+00 7.230338e+00 5.158712e-01 8.4781e-04 1.5448e-04 -3.0021e-06 0.03191 1.33608e-01 2.46004e-01 4.26200e-01 0.00000e+00
9.907090 2.29670638e-02 6.05532242e-02 8.35202881e-02 5.38695741e-03 8.21041365e-01 1.09192297e+00 7.65185734e-03 2.636524e+00 1.329924e+00 8.935682e+00 7.303121e+00 5.202798e-01 8.5572e-04 1.5037e-04 +1.2167e-05 0.03173 1.30839e-01 2.42371e-01 4.22394e-01 0.00000e+00
10.000190 2.30009831e-02 6.00105383e-02 8.30115214e-02 5.42243783e-03 8.12651138e-01 1.06330050e+00 7.50380656e-03 2.609042e+00 1.308434e+00 8.833933e+00 7.361832e+00 4.773364e-01 8.6756e-04 1.4545e-04 +2.7410e-06 0.03171 1.27571e-01 2.37669e-01 4.16743e-01 0.00000e+00
