# tg_mhd (CUDA FP64)  tgc_slip_cond_n384_re1000  N=384 L=384 Re=1000 Pm=0.5 u0=0.05 nu_lat=6.095634e-03 eta_lat=1.219127e-02 tau_f=0.518287 tau_m=0.548765 dt=4.101296e-04 fw=profile
# t E_V E_M E_T H_C Omega_V Omega_M eps EM/EV OmM/OmV j_max w_max skew divb/j divb_wall/j mass_drift umax_lat fw1 fw2 fw4 tau_wall
0.000000 1.25000000e-01 1.25000000e-01 2.50000000e-01 -2.32193453e-20 3.74991590e-01 1.49986544e+00 6.74944494e-03 1.000000e+00 3.999731e+00 3.463888e+00 1.999944e+00 1.811384e-18 5.4336e-15 1.1048e-14 +0.0000e+00 0.05000 4.03098e-02 8.08570e-02 1.63173e-01 0.00000e+00
0.100072 1.24816022e-01 1.24186597e-01 2.49002619e-01 1.01226407e-07 3.83312547e-01 1.49653476e+00 6.75276412e-03 9.949572e-01 3.904215e+00 3.544611e+00 2.003283e+00 1.395998e-01 2.9717e-06 4.4774e-06 +3.4086e-07 0.05087 4.03186e-02 8.08824e-02 1.63277e-01 0.00000e+00
0.200143 1.24759109e-01 1.23452712e-01 2.48211821e-01 5.73382061e-07 4.10139195e-01 1.50764968e+00 6.85087712e-03 9.895286e-01 3.675946e+00 3.656662e+00 2.047500e+00 3.435922e-02 8.5209e-06 1.3694e-05 -8.6778e-06 0.05129 4.01124e-02 8.04988e-02 1.62713e-01 0.00000e+00
0.300215 1.24727954e-01 1.23113706e-01 2.47841660e-01 2.20108820e-06 4.52389620e-01 1.53886158e+00 7.06022555e-03 9.870578e-01 3.401629e+00 3.795578e+00 2.120731e+00 2.060708e-01 1.7197e-05 2.8488e-05 -4.2974e-06 0.05225 3.99318e-02 8.01984e-02 1.62519e-01 0.00000e+00
0.400286 1.24250307e-01 1.22713423e-01 2.46963729e-01 6.19597152e-06 5.07186501e-01 1.58797463e+00 7.36627150e-03 9.876307e-01 3.130948e+00 3.989900e+00 2.209464e+00 2.337283e-01 2.9041e-05 4.9293e-05 +8.9858e-06 0.05291 3.98161e-02 8.00729e-02 1.62946e-01 0.00000e+00
0.500358 1.24194987e-01 1.22056569e-01 2.46251556e-01 1.40534403e-05 5.74793716e-01 1.65521560e+00 7.77044983e-03 9.827818e-01 2.879669e+00 4.204884e+00 2.320986e+00 2.278390e-01 4.4219e-05 7.7225e-05 -7.3713e-06 0.05294 3.93062e-02 7.92239e-02 1.62282e-01 0.00000e+00
0.600430 1.23792599e-01 1.21570684e-01 2.45363283e-01 2.72123417e-05 6.53689867e-01 1.74924566e+00 8.30436239e-03 9.820513e-01 2.675957e+00 4.442166e+00 2.441513e+00 3.456906e-01 6.3552e-05 1.1555e-04 -9.1111e-06 0.05427 3.88505e-02 7.86003e-02 1.62582e-01 0.00000e+00
0.700501 1.23267250e-01 1.21278284e-01 2.44545533e-01 4.72165631e-05 7.45512554e-01 1.87390147e+00 8.98663098e-03 9.838646e-01 2.513575e+00 4.680942e+00 2.742142e+00 3.055938e-01 8.8538e-05 1.7200e-04 +5.4632e-06 0.05496 3.84275e-02 7.82551e-02 1.64087e-01 0.00000e+00
0.800573 1.23085420e-01 1.20657877e-01 2.43743297e-01 7.52496740e-05 8.53836765e-01 2.02336491e+00 9.80113316e-03 9.802776e-01 2.369733e+00 4.867250e+00 3.119003e+00 4.096368e-01 1.2052e-04 2.5706e-04 -1.6463e-06 0.05577 3.77064e-02 7.76493e-02 1.65564e-01 0.00000e+00
0.900645 1.22764499e-01 1.19789888e-01 2.42554387e-01 1.12278542e-04 9.80884758e-01 2.20499601e+00 1.07817536e-02 9.757698e-01 2.247966e+00 5.262920e+00 3.571580e+00 4.881874e-01 1.6235e-04 3.8441e-04 -4.7239e-06 0.05725 3.71197e-02 7.78132e-02 1.68620e-01 0.00000e+00
1.000716 1.22695689e-01 1.18740770e-01 2.41436459e-01 1.59143423e-04 1.13322137e+00 2.42047831e+00 1.19483560e-02 9.677664e-01 2.135927e+00 6.422687e+00 4.153977e+00 4.180358e-01 2.1576e-04 5.5507e-04 -4.3154e-06 0.05861 3.67989e-02 7.90639e-02 1.73180e-01 0.00000e+00
1.100788 1.22887692e-01 1.17410577e-01 2.40298269e-01 2.16232087e-04 1.31571309e+00 2.67348814e+00 1.33253787e-02 9.554299e-01 2.031969e+00 8.218386e+00 5.388689e+00 4.603197e-01 2.8411e-04 7.5848e-04 -1.7520e-06 0.06035 3.69531e-02 8.16772e-02 1.79081e-01 0.00000e+00
1.200859 1.23125518e-01 1.15673229e-01 2.38798747e-01 2.84679120e-04 1.53082951e+00 2.96896443e+00 1.49375167e-02 9.394740e-01 1.939448e+00 1.040393e+01 6.723200e+00 5.475555e-01 3.7539e-04 9.8224e-04 +5.3785e-06 0.06165 3.77172e-02 8.56482e-02 1.85859e-01 0.00000e+00
1.300931 1.23825644e-01 1.13393736e-01 2.37219380e-01 3.66282868e-04 1.78182212e+00 3.29751191e+00 1.67536919e-02 9.157533e-01 1.850640e+00 1.284958e+01 8.115962e+00 4.985936e-01 5.0260e-04 1.2233e-03 -8.0043e-06 0.06181 3.86605e-02 8.98130e-02 1.91309e-01 0.00000e+00
1.401003 1.24619256e-01 1.10873251e-01 2.35492507e-01 4.63669467e-04 2.06936563e+00 3.67810167e+00 1.88511379e-02 8.896960e-01 1.777405e+00 1.543900e+01 9.357261e+00 4.857696e-01 6.8576e-04 1.5212e-03 -6.2937e-06 0.06436 4.00243e-02 9.45329e-02 1.96251e-01 0.00000e+00
1.501074 1.25271764e-01 1.08113830e-01 2.33385595e-01 5.80704216e-04 2.38921220e+00 4.11042535e+00 2.12201258e-02 8.630343e-01 1.720410e+00 1.786078e+01 1.134156e+01 5.107489e-01 9.2455e-04 1.8860e-03 +8.7072e-06 0.06383 4.16159e-02 9.90857e-02 1.99814e-01 0.00000e+00
1.601146 1.26354794e-01 1.04899533e-01 2.31254327e-01 7.20878632e-04 2.73070928e+00 4.56168081e+00 2.37081418e-02 8.301983e-01 1.670511e+00 1.966091e+01 1.344204e+01 6.051065e-01 1.1916e-03 2.2813e-03 -3.2476e-06 0.06401 4.27678e-02 1.01762e-01 1.99787e-01 0.00000e+00
1.701218 1.27120945e-01 1.01524752e-01 2.28645698e-01 8.86979857e-04 3.07637077e+00 5.03069685e+00 2.62755289e-02 7.986469e-01 1.635270e+00 2.074091e+01 1.530783e+01 5.798341e-01 1.4640e-03 2.6522e-03 -5.7729e-06 0.06398 4.36446e-02 1.02912e-01 1.97911e-01 0.00000e+00
1.801289 1.27800602e-01 9.80795173e-02 2.25880119e-01 1.08107012e-03 3.40743564e+00 5.49086673e+00 2.87783382e-02 7.674417e-01 1.611437e+00 2.115802e+01 1.666647e+01 5.287088e-01 1.7392e-03 2.9735e-03 +2.7743e-06 0.06173 4.39506e-02 1.02287e-01 1.94684e-01 0.00000e+00
1.901361 1.28452162e-01 9.44654987e-02 2.22917660e-01 1.30375470e-03 3.70000130e+00 5.87585884e+00 3.09034380e-02 7.354138e-01 1.588069e+00 2.092263e+01 1.705721e+01 5.570336e-01 2.0161e-03 3.2494e-03 +9.9609e-07 0.06042 4.32815e-02 9.96380e-02 1.90344e-01 0.00000e+00
2.001432 1.28877274e-01 9.07931578e-02 2.19670432e-01 1.55537542e-03 3.94406671e+00 6.13565052e+00 3.24307355e-02 7.044932e-01 1.555666e+00 2.170676e+01 1.635637e+01 5.786357e-01 2.2825e-03 3.4677e-03 +2.8808e-06 0.05945 4.17851e-02 9.58803e-02 1.87150e-01 0.00000e+00
2.101504 1.29258353e-01 8.70825430e-02 2.16340896e-01 1.83486679e-03 4.15681203e+00 6.23173162e+00 3.32405505e-02 6.737092e-01 1.499161e+00 2.269034e+01 1.548552e+01 5.088731e-01 2.4936e-03 3.6359e-03 -3.5934e-06 0.05651 3.95177e-02 9.14163e-02 1.86264e-01 0.00000e+00
2.201576 1.29551130e-01 8.35060211e-02 2.13057151e-01 2.13766255e-03 4.36308570e+00 6.20172639e+00 3.35330770e-02 6.445796e-01 1.421408e+00 2.331876e+01 1.499105e+01 4.924915e-01 2.5891e-03 3.7942e-03 -8.6792e-07 0.05557 3.71137e-02 8.74091e-02 1.90760e-01 0.00000e+00
2.301647 1.29483873e-01 8.00222603e-02 2.09506134e-01 2.45879710e-03 4.56754891e+00 6.09126640e+00 3.35001634e-02 6.180095e-01 1.333596e+00 2.349899e+01 1.477612e+01 5.513186e-01 2.5337e-03 3.9587e-03 +1.0543e-05 0.05335 3.49254e-02 8.46136e-02 2.02029e-01 0.00000e+00
2.401719 1.29674529e-01 7.66018209e-02 2.06276350e-01 2.79177752e-03 4.77461682e+00 5.94535247e+00 3.33306435e-02 5.907237e-01 1.245200e+00 2.313329e+01 1.474654e+01 5.901390e-01 2.3769e-03 4.1804e-03 -3.0269e-06 0.05439 3.30294e-02 8.36067e-02 2.14914e-01 0.00000e+00
2.501790 1.29535034e-01 7.33393442e-02 2.02874378e-01 3.12853023e-03 4.96853797e+00 5.83166176e+00 3.32637230e-02 5.661738e-01 1.173718e+00 2.237169e+01 1.458247e+01 5.610459e-01 2.2211e-03 4.5395e-03 -3.5201e-06 0.05667 3.23131e-02 8.64719e-02 2.27176e-01 0.00000e+00
2.601862 1.29183495e-01 7.02466990e-02 1.99430194e-01 3.46187721e-03 5.14285057e+00 5.75488579e+00 3.33052443e-02 5.437746e-01 1.119007e+00 2.130954e+01 1.464442e+01 5.471505e-01 2.1098e-03 4.4916e-03 +8.6931e-06 0.05765 3.29552e-02 9.30669e-02 2.35810e-01 0.00000e+00
2.701934 1.28994719e-01 6.72001415e-02 1.96194861e-01 3.78489348e-03 5.28945696e+00 5.67725362e+00 3.32879284e-02 5.209527e-01 1.073315e+00 2.006760e+01 1.724998e+01 5.603187e-01 2.0411e-03 4.6757e-03 +1.4131e-06 0.05804 3.48137e-02 1.00392e-01 2.38257e-01 0.00000e+00
2.802005 1.28519873e-01 6.42354270e-02 1.92755300e-01 4.09232459e-03 5.40712586e+00 5.60541081e+00 3.32358950e-02 4.998093e-01 1.036671e+00 1.903131e+01 1.927406e+01 5.501603e-01 2.0124e-03 5.1077e-03 +2.4893e-07 0.05926 3.74238e-02 1.06137e-01 2.36641e-01 0.00000e+00
2.902077 1.27986441e-01 6.14081767e-02 1.89394618e-01 4.37815068e-03 5.50439842e+00 5.53188046e+00 3.31363187e-02 4.798022e-01 1.004993e+00 1.863547e+01 2.021018e+01 5.392332e-01 2.0218e-03 5.4779e-03 +1.4867e-06 0.05968 3.92790e-02 1.07995e-01 2.31123e-01 0.00000e+00
3.002149 1.27389006e-01 5.87575133e-02 1.86146519e-01 4.63525903e-03 5.59430176e+00 5.46574384e+00 3.30515789e-02 4.612448e-01 9.770198e-01 1.763984e+01 2.104776e+01 5.434763e-01 2.0669e-03 5.6356e-03 +2.0016e-06 0.06050 3.93209e-02 1.05478e-01 2.22093e-01 0.00000e+00
3.102220 1.26464665e-01 5.62114168e-02 1.82676082e-01 4.86254996e-03 5.67031123e+00 5.42457199e+00 3.30389104e-02 4.444832e-01 9.566621e-01 1.699858e+01 2.175970e+01 5.585095e-01 2.1488e-03 5.5371e-03 +8.3112e-06 0.06013 3.76286e-02 9.97841e-02 2.11298e-01 0.00000e+00
3.202292 1.25587980e-01 5.38360632e-02 1.79424044e-01 5.06216005e-03 5.73631465e+00 5.42438113e+00 3.31701538e-02 4.286721e-01 9.456213e-01 1.855685e+01 2.238159e+01 5.531337e-01 2.2862e-03 5.2471e-03 -2.3525e-06 0.05967 3.45777e-02 9.16791e-02 1.98600e-01 0.00000e+00
3.302363 1.24440356e-01 5.16596103e-02 1.76099966e-01 5.23712059e-03 5.78235425e+00 5.49660303e+00 3.35511206e-02 4.151355e-01 9.505822e-01 2.132026e+01 2.259144e+01 5.496895e-01 2.5026e-03 4.9828e-03 -1.0782e-06 0.06025 3.15573e-02 8.38538e-02 1.87831e-01 0.00000e+00
3.402435 1.22877823e-01 4.96354585e-02 1.72513281e-01 5.39151882e-03 5.80713819e+00 5.62866033e+00 3.41289177e-02 4.039416e-01 9.692658e-01 2.347558e+01 2.173336e+01 5.400345e-01 2.8265e-03 4.8092e-03 +1.1031e-05 0.05912 2.91961e-02 7.75333e-02 1.80695e-01 0.00000e+00
3.502507 1.21490854e-01 4.77135677e-02 1.69204422e-01 5.52749235e-03 5.81754774e+00 5.76024792e+00 3.46760871e-02 3.927338e-01 9.901505e-01 2.426807e+01 1.858885e+01 5.353442e-01 3.2116e-03 4.5016e-03 -1.4279e-09 0.05743 2.74263e-02 7.28957e-02 1.76597e-01 0.00000e+00
3.602578 1.19727603e-01 4.58862616e-02 1.65613864e-01 5.64522517e-03 5.81270558e+00 5.87172287e+00 3.51123026e-02 3.832555e-01 1.010153e+00 2.411850e+01 1.744587e+01 5.121724e-01 3.5344e-03 4.1224e-03 -1.2315e-06 0.05686 2.65926e-02 7.14190e-02 1.77660e-01 0.00000e+00
3.702650 1.17833463e-01 4.41686521e-02 1.62002116e-01 5.74430031e-03 5.79414800e+00 5.94369965e+00 3.53630946e-02 3.748396e-01 1.025811e+00 2.281488e+01 1.817998e+01 5.009468e-01 3.6666e-03 3.9008e-03 +6.1073e-06 0.05395 2.67062e-02 7.33483e-02 1.82331e-01 0.00000e+00
3.802722 1.15954456e-01 4.25298819e-02 1.58484338e-01 5.82365242e-03 5.76138048e+00 5.96911643e+00 3.53992267e-02 3.667809e-01 1.036057e+00 2.081759e+01 1.844825e+01 4.926605e-01 3.5871e-03 3.9325e-03 +2.5950e-06 0.05283 2.76171e-02 7.79374e-02 1.87404e-01 0.00000e+00
3.902793 1.13932404e-01 4.09125226e-02 1.54844927e-01 5.88515996e-03 5.70637515e+00 5.96580865e+00 3.52759849e-02 3.590947e-01 1.045464e+00 1.865456e+01 1.836433e+01 4.902318e-01 3.4093e-03 4.1826e-03 +4.5920e-06 0.05318 2.94220e-02 8.48209e-02 1.92829e-01 0.00000e+00
4.002865 1.11973699e-01 3.93413537e-02 1.51315053e-01 5.93087544e-03 5.63253335e+00 5.92321244e+00 3.49579165e-02 3.513446e-01 1.051607e+00 1.699971e+01 1.820146e+01 4.688687e-01 3.2573e-03 4.5389e-03 -1.8100e-07 0.05291 3.17668e-02 9.17426e-02 1.96602e-01 0.00000e+00
4.102936 1.10022856e-01 3.78171082e-02 1.47839965e-01 5.96133623e-03 5.54187070e+00 5.84113720e+00 3.44482902e-02 3.437205e-01 1.054001e+00 1.603793e+01 1.802392e+01 4.578706e-01 3.1783e-03 4.9097e-03 +8.9897e-07 0.05259 3.43667e-02 9.70348e-02 1.99478e-01 0.00000e+00
4.203008 1.07946978e-01 3.62978771e-02 1.44244855e-01 5.97579882e-03 5.43526199e+00 5.70460388e+00 3.36889395e-02 3.362565e-01 1.049555e+00 1.541797e+01 1.779225e+01 4.551234e-01 3.1692e-03 5.2274e-03 +1.0116e-05 0.05162 3.65902e-02 9.89710e-02 2.01602e-01 0.00000e+00
4.303080 1.06185156e-01 3.48255837e-02 1.41010740e-01 5.97258413e-03 5.32495780e+00 5.49364272e+00 3.26244865e-02 3.279704e-01 1.031678e+00 1.597451e+01 1.766260e+01 4.529980e-01 3.2131e-03 5.4301e-03 -1.2901e-06 0.05080 3.67644e-02 9.50491e-02 1.99443e-01 0.00000e+00
4.403151 1.04334737e-01 3.34176217e-02 1.37752359e-01 5.95278850e-03 5.21624175e+00 5.24448108e+00 3.14104078e-02 3.202924e-01 1.005414e+00 1.570993e+01 1.759987e+01 4.355623e-01 3.2872e-03 5.4913e-03 -1.2408e-06 0.05077 3.46699e-02 8.81097e-02 1.95556e-01 0.00000e+00
4.503223 1.02424743e-01 3.21036203e-02 1.34528363e-01 5.92373043e-03 5.11648553e+00 4.99097192e+00 3.01968587e-02 3.134362e-01 9.754688e-01 1.474662e+01 1.749974e+01 4.316224e-01 3.3348e-03 5.5810e-03 +9.0747e-06 0.04999 3.11138e-02 8.19926e-02 1.91593e-01 0.00000e+00
4.603295 1.00743970e-01 3.08742138e-02 1.31618183e-01 5.89694199e-03 5.02783203e+00 4.75780539e+00 2.90868856e-02 3.064622e-01 9.462936e-01 1.464666e+01 1.734042e+01 4.419082e-01 3.3192e-03 6.0263e-03 +1.5445e-06 0.04928 2.84572e-02 7.98478e-02 1.88770e-01 0.00000e+00
4.703366 9.89715248e-02 2.97154498e-02 1.28686975e-01 5.88103221e-03 4.94740663e+00 4.56905756e+00 2.81710435e-02 3.002424e-01 9.235258e-01 1.456552e+01 1.691283e+01 4.468167e-01 3.2455e-03 6.5493e-03 +1.4804e-06 0.04884 2.88341e-02 8.29480e-02 1.90285e-01 0.00000e+00
4.803438 9.72451575e-02 2.86251860e-02 1.25870343e-01 5.87800614e-03 4.87742605e+00 4.41112336e+00 2.73993455e-02 2.943610e-01 9.043957e-01 1.445525e+01 1.666673e+01 4.321653e-01 3.1378e-03 6.6986e-03 +3.2957e-06 0.04810 3.15215e-02 8.81193e-02 1.94380e-01 0.00000e+00
4.903509 9.55483219e-02 2.75983781e-02 1.23146700e-01 5.88662771e-03 4.81961287e+00 4.26233216e+00 2.66885544e-02 2.888421e-01 8.843723e-01 1.431153e+01 1.904360e+01 4.465947e-01 3.0330e-03 6.5114e-03 +2.1354e-06 0.04760 3.42818e-02 9.20335e-02 1.97672e-01 0.00000e+00
5.003581 9.38207684e-02 2.66057697e-02 1.20426538e-01 5.90462917e-03 4.76943148e+00 4.10221168e+00 2.59477097e-02 2.835808e-01 8.601050e-01 1.414622e+01 2.172285e+01 4.677483e-01 2.9637e-03 6.1854e-03 +7.4967e-06 0.05017 3.58619e-02 9.41301e-02 1.99532e-01 0.00000e+00
5.103653 9.22277471e-02 2.56702438e-02 1.17897991e-01 5.93034436e-03 4.72526776e+00 3.93422552e+00 2.51874376e-02 2.783354e-01 8.325931e-01 1.392006e+01 2.401986e+01 4.640187e-01 2.9222e-03 5.8304e-03 -8.5631e-07 0.05336 3.60207e-02 9.40783e-02 1.98633e-01 0.00000e+00
5.203724 9.06067230e-02 2.47915295e-02 1.15398253e-01 5.96254722e-03 4.67866449e+00 3.77068936e+00 2.44400864e-02 2.736169e-01 8.059328e-01 1.370331e+01 2.527345e+01 4.651435e-01 2.9021e-03 5.5694e-03 -2.7252e-07 0.05425 3.60406e-02 9.35927e-02 1.97721e-01 0.00000e+00
5.303796 8.88820770e-02 2.39731304e-02 1.12855207e-01 5.99924023e-03 4.62218968e+00 3.62018916e+00 2.37251360e-02 2.697184e-01 7.832195e-01 1.342436e+01 2.514229e+01 4.704588e-01 2.8932e-03 5.5002e-03 +9.6958e-06 0.05477 3.63595e-02 9.31907e-02 1.97895e-01 0.00000e+00
5.403867 8.73934752e-02 2.31910518e-02 1.10584527e-01 6.03901929e-03 4.55196474e+00 3.47995048e+00 2.30237314e-02 2.653637e-01 7.644942e-01 1.308774e+01 2.384314e+01 4.802812e-01 2.8737e-03 5.5463e-03 -3.7145e-07 0.05330 3.66003e-02 9.26166e-02 1.98327e-01 0.00000e+00
5.503939 8.58161672e-02 2.24591233e-02 1.08275291e-01 6.08086296e-03 4.47147902e+00 3.35110477e+00 2.23473771e-02 2.617120e-01 7.494399e-01 1.242076e+01 2.200458e+01 4.772904e-01 2.8261e-03 5.5705e-03 -8.0876e-07 0.05004 3.69806e-02 9.31156e-02 2.00633e-01 0.00000e+00
5.604011 8.42377199e-02 2.17726986e-02 1.06010418e-01 6.12278470e-03 4.38594132e+00 3.22463463e+00 2.16704212e-02 2.584673e-01 7.352207e-01 1.233976e+01 2.019098e+01 4.612116e-01 2.7404e-03 5.5268e-03 +5.7247e-06 0.04876 3.72954e-02 9.45114e-02 2.03797e-01 0.00000e+00
5.704082 8.27372006e-02 2.11281766e-02 1.03865377e-01 6.16142943e-03 4.30041944e+00 3.08932663e+00 2.09581454e-02 2.553649e-01 7.183780e-01 1.182706e+01 1.873705e+01 4.762718e-01 2.6379e-03 5.5359e-03 +1.0701e-06 0.04822 3.71683e-02 9.57552e-02 2.05640e-01 0.00000e+00
5.804154 8.12404018e-02 2.05413423e-02 1.01781744e-01 6.19093976e-03 4.21923046e+00 2.94164458e+00 2.02050392e-02 2.528464e-01 6.971993e-01 1.094650e+01 1.770137e+01 4.877134e-01 2.5545e-03 5.7215e-03 +3.2084e-06 0.04801 3.68694e-02 9.69812e-02 2.07170e-01 0.00000e+00
5.904226 7.97735603e-02 2.00180204e-02 9.97915807e-02 6.20594708e-03 4.14670820e+00 2.79530327e+00 1.94746295e-02 2.509355e-01 6.741018e-01 9.875181e+00 1.697782e+01 4.649265e-01 2.4795e-03 5.9114e-03 -3.6279e-08 0.04804 3.67042e-02 9.82462e-02 2.09004e-01 0.00000e+00
6.004297 7.82872898e-02 1.95633049e-02 9.78505947e-02 6.20498563e-03 4.08583722e+00 2.66963929e+00 1.88502316e-02 2.498912e-01 6.533886e-01 1.018692e+01 1.650585e+01 4.703742e-01 2.3954e-03 5.9283e-03 -3.6914e-07 0.04743 3.71573e-02 1.00774e-01 2.13344e-01 0.00000e+00
6.104369 7.67424008e-02 1.91771536e-02 9.59195544e-02 6.18804075e-03 4.03677169e+00 2.56762560e+00 1.83440458e-02 2.498899e-01 6.360592e-01 1.147977e+01 1.623835e+01 4.866994e-01 2.3178e-03 5.7698e-03 +7.2890e-06 0.04681 3.81027e-02 1.04532e-01 2.19649e-01 0.00000e+00
6.204440 7.53239750e-02 1.88261396e-02 9.41501145e-02 6.15449115e-03 3.99779817e+00 2.48768522e+00 1.79463372e-02 2.499356e-01 6.222638e-01 1.257286e+01 1.602785e+01 4.924832e-01 2.2417e-03 5.3574e-03 -2.3293e-06 0.04700 3.95281e-02 1.08841e-01 2.26402e-01 0.00000e+00
6.304512 7.38275697e-02 1.85250053e-02 9.23525750e-02 6.10366407e-03 3.96626104e+00 2.43561274e+00 1.76749731e-02 2.509226e-01 6.140828e-01 1.857512e+01 1.581605e+01 5.188764e-01 2.2454e-03 5.1689e-03 -2.2886e-06 0.04665 4.15382e-02 1.13926e-01 2.34765e-01 0.00000e+00
6.404584 7.22543436e-02 1.82611677e-02 9.05155113e-02 6.03372686e-03 3.93836377e+00 2.40263312e+00 1.74872600e-02 2.527345e-01 6.100587e-01 2.193183e+01 1.596869e+01 5.289192e-01 2.3235e-03 5.1299e-03 +6.5141e-06 0.04652 4.34128e-02 1.18306e-01 2.42537e-01 0.00000e+00
6.504655 7.07985551e-02 1.80002588e-02 8.87988140e-02 5.94265522e-03 3.91021391e+00 2.37095563e+00 1.73042504e-02 2.542461e-01 6.063493e-01 2.324323e+01 1.668453e+01 5.536981e-01 2.4446e-03 5.0156e-03 -1.0214e-06 0.04548 4.44200e-02 1.20293e-01 2.46543e-01 0.00000e+00
6.604727 6.93012716e-02 1.77605641e-02 8.70618357e-02 5.83056397e-03 3.87976733e+00 2.33575115e+00 1.71025393e-02 2.562805e-01 6.020338e-01 2.319864e+01 1.736074e+01 5.695677e-01 2.5627e-03 4.7932e-03 -3.6069e-07 0.04463 4.50244e-02 1.21234e-01 2.48595e-01 0.00000e+00
6.704799 6.78061379e-02 1.75348525e-02 8.53409904e-02 5.70073160e-03 3.84469503e+00 2.29386286e+00 1.68648415e-02 2.586027e-01 5.966306e-01 2.246492e+01 1.786606e+01 5.553080e-01 2.6255e-03 4.5255e-03 +1.8587e-06 0.04366 4.53252e-02 1.21308e-01 2.49105e-01 0.00000e+00
6.804870 6.63194548e-02 1.73152721e-02 8.36347269e-02 5.55744623e-03 3.80422641e+00 2.24899414e+00 1.66044294e-02 2.610889e-01 5.911830e-01 2.138237e+01 1.802421e+01 5.572102e-01 2.6199e-03 4.2480e-03 -4.9165e-07 0.04228 4.54161e-02 1.20631e-01 2.48369e-01 0.00000e+00
6.904942 6.48579950e-02 1.71090712e-02 8.19670662e-02 5.40469014e-03 3.75980491e+00 2.20760964e+00 1.63500484e-02 2.637928e-01 5.871607e-01 2.013379e+01 1.820587e+01 5.552557e-01 2.5613e-03 3.9799e-03 +4.3704e-06 0.04056 4.55941e-02 1.19987e-01 2.47787e-01 0.00000e+00
7.005013 6.34608066e-02 1.68914401e-02 8.03522467e-02 5.24596103e-03 3.71221967e+00 2.16806975e+00 1.60967183e-02 2.661712e-01 5.840360e-01 1.887945e+01 1.803339e+01 5.305243e-01 2.4965e-03 3.7414e-03 -2.0405e-06 0.04093 4.55356e-02 1.18522e-01 2.46152e-01 0.00000e+00
7.105085 6.20619131e-02 1.66801105e-02 7.87420236e-02 5.08464570e-03 3.66202154e+00 2.13419607e+00 1.58608273e-02 2.687657e-01 5.827918e-01 1.780526e+01 1.783169e+01 5.244302e-01 2.4340e-03 3.5542e-03 -2.0505e-06 0.03951 4.55307e-02 1.17249e-01 2.45181e-01 0.00000e+00
7.205157 6.06208774e-02 1.64734970e-02 7.70943744e-02 4.92409490e-03 3.60952535e+00 2.10530132e+00 1.56402560e-02 2.717463e-01 5.832626e-01 1.701639e+01 1.758897e+01 5.081015e-01 2.3769e-03 3.4207e-03 +6.5129e-06 0.03913 4.56195e-02 1.16300e-01 2.45141e-01 0.00000e+00
7.305228 5.93442369e-02 1.62353526e-02 7.55795895e-02 4.76684876e-03 3.55400834e+00 2.07617749e+00 1.54127266e-02 2.735793e-01 5.841791e-01 1.641225e+01 1.718703e+01 4.917447e-01 2.3214e-03 3.3142e-03 -2.3431e-06 0.03895 4.55781e-02 1.15006e-01 2.44837e-01 0.00000e+00
7.405300 5.80334718e-02 1.59967605e-02 7.40302323e-02 4.61464730e-03 3.49598112e+00 2.05031296e+00 1.51932141e-02 2.756471e-01 5.864771e-01 1.588891e+01 1.683217e+01 4.812279e-01 2.2590e-03 3.2208e-03 -2.1443e-06 0.03817 4.57485e-02 1.14279e-01 2.45703e-01 0.00000e+00
7.505371 5.67320057e-02 1.57530033e-02 7.24850090e-02 4.46849599e-03 3.43488464e+00 2.02611587e+00 1.49742328e-02 2.776740e-01 5.898643e-01 1.546239e+01 1.645148e+01 4.576783e-01 2.2037e-03 3.1313e-03 +3.8681e-06 0.03799 4.60936e-02 1.14049e-01 2.47467e-01 0.00000e+00
7.605443 5.55005331e-02 1.54827501e-02 7.09832832e-02 4.32883362e-03 3.37119174e+00 1.99930846e+00 1.47396173e-02 2.789658e-01 5.930569e-01 1.500826e+01 1.612074e+01 4.546670e-01 2.1712e-03 3.0486e-03 -1.1649e-06 0.03823 4.63478e-02 1.13622e-01 2.48536e-01 0.00000e+00
7.705515 5.43126543e-02 1.52081639e-02 6.95208182e-02 4.19601876e-03 3.30531489e+00 1.97059317e+00 1.44930025e-02 2.800114e-01 5.961892e-01 1.451762e+01 1.576436e+01 4.560870e-01 2.1493e-03 2.9769e-03 +1.3181e-06 0.03863 4.66914e-02 1.13619e-01 2.49974e-01 0.00000e+00
7.805586 5.31561576e-02 1.49182142e-02 6.80743718e-02 4.07036588e-03 3.23844396e+00 1.93876709e+00 1.42319563e-02 2.806488e-01 5.986724e-01 1.401562e+01 1.542920e+01 4.441629e-01 2.1350e-03 2.9191e-03 -5.4051e-07 0.03951 4.69096e-02 1.13452e-01 2.50429e-01 0.00000e+00
7.905658 5.20217260e-02 1.46220356e-02 6.66437616e-02 3.95203027e-03 3.17127608e+00 1.90524800e+00 1.39635442e-02 2.810756e-01 6.007828e-01 1.355131e+01 1.517373e+01 4.555526e-01 2.1145e-03 2.8764e-03 -1.6729e-06 0.03975 4.70780e-02 1.13343e-01 2.50357e-01 0.00000e+00
8.005730 5.08916181e-02 1.43299865e-02 6.52216046e-02 3.84118972e-03 3.10429596e+00 1.87127167e+00 1.36936786e-02 2.815785e-01 6.028007e-01 1.307050e+01 1.492642e+01 4.698777e-01 2.0833e-03 2.8385e-03 +5.0989e-06 0.03983 4.72504e-02 1.13462e-01 2.50234e-01 0.00000e+00
8.105801 4.98764540e-02 1.40158056e-02 6.38922596e-02 3.73793340e-03 3.03715768e+00 1.83498556e+00 1.34142576e-02 2.810105e-01 6.041786e-01 1.258588e+01 1.473832e+01 4.775207e-01 2.0575e-03 2.8033e-03 -2.7112e-06 0.03968 4.72243e-02 1.13146e-01 2.48821e-01 0.00000e+00
8.205873 4.88416217e-02 1.37092927e-02 6.25509144e-02 3.64239533e-03 2.96996385e+00 1.80017357e+00 1.31406220e-02 2.806887e-01 6.061264e-01 1.213022e+01 1.465469e+01 4.877879e-01 2.0422e-03 2.7718e-03 -2.6319e-06 0.03993 4.72438e-02 1.13050e-01 2.47757e-01 0.00000e+00
8.305944 4.77881328e-02 1.34104191e-02 6.11985519e-02 3.55500845e-03 2.90191743e+00 1.76656732e+00 1.28701042e-02 2.806224e-01 6.087586e-01 1.173317e+01 1.457417e+01 4.943412e-01 2.0366e-03 2.7461e-03 +5.0785e-06 0.03930 4.73453e-02 1.13228e-01 2.47402e-01 0.00000e+00
8.406016 4.68454267e-02 1.30934201e-02 5.99388467e-02 3.47634459e-03 2.83284979e+00 1.73095329e+00 1.25895127e-02 2.795026e-01 6.110290e-01 1.133246e+01 1.440750e+01 5.058540e-01 2.0393e-03 2.7210e-03 -2.0285e-06 0.03891 4.72616e-02 1.12994e-01 2.46305e-01 0.00000e+00
8.506088 4.59035503e-02 1.27859367e-02 5.86894870e-02 3.40738023e-03 2.76246786e+00 1.69493291e+00 1.23046674e-02 2.785392e-01 6.135575e-01 1.095807e+01 1.427923e+01 5.113963e-01 2.0365e-03 2.7015e-03 -9.1052e-07 0.03825 4.72581e-02 1.13158e-01 2.46160e-01 0.00000e+00
8.606159 4.49729589e-02 1.24805445e-02 5.74535034e-02 3.34919859e-03 2.69075904e+00 1.65760967e+00 1.20119568e-02 2.775122e-01 6.160379e-01 1.063466e+01 1.401878e+01 4.963194e-01 2.0288e-03 2.6900e-03 +1.6326e-06 0.03821 4.72249e-02 1.13440e-01 2.46223e-01 0.00000e+00
8.706231 4.40732016e-02 1.21711076e-02 5.62443092e-02 3.30301501e-03 2.61760408e+00 1.61796394e+00 1.17070639e-02 2.761566e-01 6.181087e-01 1.034299e+01 1.370968e+01 5.031158e-01 2.0177e-03 2.6893e-03 -1.4433e-06 0.03751 4.70858e-02 1.13619e-01 2.45983e-01 0.00000e+00
8.806303 4.32055575e-02 1.18734610e-02 5.50790184e-02 3.26997482e-03 2.54271687e+00 1.57664103e+00 1.13919979e-02 2.748133e-01 6.200616e-01 1.006986e+01 1.334113e+01 5.031028e-01 2.0010e-03 2.7021e-03 +3.0777e-06 0.03733 4.69733e-02 1.14010e-01 2.46163e-01 0.00000e+00
8.906374 4.23936935e-02 1.15705870e-02 5.39642806e-02 3.25098201e-03 2.46668745e+00 1.53253258e+00 1.10635052e-02 2.729318e-01 6.212918e-01 9.816067e+00 1.312332e+01 4.934621e-01 1.9851e-03 2.7264e-03 -1.6856e-06 0.03711 4.66119e-02 1.13770e-01 2.45148e-01 0.00000e+00
9.006446 4.15830285e-02 1.12777850e-02 5.28608135e-02 3.24672467e-03 2.39035018e+00 1.48776774e+00 1.07317713e-02 2.712112e-01 6.224058e-01 9.596706e+00 1.288383e+01 4.811456e-01 1.9619e-03 2.7645e-03 -2.1887e-06 0.03718 4.60749e-02 1.13094e-01 2.43555e-01 0.00000e+00
9.106517 4.07551888e-02 1.09989112e-02 5.17541000e-02 3.25726210e-03 2.31466386e+00 1.44308317e+00 1.04016604e-02 2.698776e-01 6.234526e-01 9.393361e+00 1.235326e+01 4.802696e-01 1.9294e-03 2.8148e-03 +5.2960e-06 0.03650 4.53139e-02 1.11909e-01 2.41469e-01 0.00000e+00
9.206589 4.00457466e-02 1.07157645e-02 5.07615111e-02 3.28207970e-03 2.24067027e+00 1.39546909e+00 1.00632169e-02 2.675881e-01 6.227909e-01 9.268066e+00 1.166379e+01 4.649763e-01 1.8983e-03 2.8684e-03 -2.3649e-06 0.03610 4.39163e-02 1.09199e-01 2.37047e-01 0.00000e+00
9.306661 3.93133203e-02 1.04488062e-02 4.97621265e-02 3.31972293e-03 2.16994646e+00 1.34804173e+00 9.73205984e-03 2.657828e-01 6.212327e-01 9.265462e+00 1.161984e+01 4.438297e-01 1.8742e-03 2.9273e-03 -1.9006e-06 0.03546 4.21810e-02 1.05828e-01 2.32021e-01 0.00000e+00
9.406732 3.85741429e-02 1.01970758e-02 4.87712187e-02 3.36753725e-03 2.10320129e+00 1.30014547e+00 9.40698444e-03 2.643500e-01 6.181745e-01 9.195800e+00 1.183112e+01 4.055334e-01 1.8621e-03 2.9801e-03 +3.6777e-06 0.03478 4.01461e-02 1.01880e-01 2.26483e-01 0.00000e+00
9.506804 3.78928734e-02 9.94913972e-03 4.78420131e-02 3.42237829e-03 2.04122165e+00 1.25029501e+00 9.08362334e-03 2.625597e-01 6.125229e-01 9.078682e+00 1.202888e+01 3.869989e-01 1.8575e-03 3.0111e-03 -1.5362e-06 0.03352 3.78430e-02 9.73116e-02 2.19888e-01 0.00000e+00
9.606875 3.72297930e-02 9.72203811e-03 4.69518311e-02 3.48092861e-03 1.98362245e+00 1.20079918e+00 8.77044162e-03 2.611360e-01 6.053567e-01 9.034215e+00 1.213858e+01 3.569668e-01 1.8399e-03 2.9967e-03 +1.0676e-06 0.03290 3.57352e-02 9.32866e-02 2.14410e-01 0.00000e+00
9.706947 3.65778940e-02 9.50573314e-03 4.60836272e-02 3.54025218e-03 1.93081112e+00 1.15213475e+00 8.47016124e-03 2.598764e-01 5.967102e-01 9.319533e+00 1.220322e+01 3.113467e-01 1.8091e-03 2.9417e-03 +2.3303e-07 0.03252 3.38936e-02 8.98535e-02 2.09572e-01 0.00000e+00
9.807019 3.59321064e-02 9.30422188e-03 4.52363283e-02 3.59847268e-03 1.88216377e+00 1.10629015e+00 8.18948816e-03 2.589389e-01 5.877757e-01 9.475447e+00 1.217716e+01 2.850877e-01 1.7674e-03 2.8682e-03 -1.5987e-06 0.03264 3.24974e-02 8.74392e-02 2.06022e-01 0.00000e+00
9.907090 3.52821340e-02 9.12031054e-03 4.44024445e-02 3.65443376e-03 1.83761387e+00 1.06497409e+00 7.93512409e-03 2.584966e-01 5.795418e-01 9.514916e+00 1.280180e+01 2.745805e-01 1.7166e-03 2.8059e-03 +4.4268e-06 0.03226 3.17011e-02 8.64291e-02 2.04451e-01 0.00000e+00
10.000190 3.47482724e-02 8.95463775e-03 4.37029102e-02 3.70430730e-03 1.79880347e+00 1.02989317e+00 7.71717963e-03 2.577002e-01 5.725435e-01 9.484900e+00 1.340274e+01 2.497205e-01 1.6681e-03 2.7647e-03 -1.5961e-06 0.03207 3.13038e-02 8.61064e-02 2.03355e-01 0.00000e+00
