# tg_mhd (CUDA FP64)  tgc_slip_cond_n192_re250_drive0.1_bdrive0.4  N=192 L=192 Re=250 Pm=1 u0=0.05 nu_lat=1.215944e-02 eta_lat=1.215944e-02 tau_f=0.536478 tau_m=0.548638 dt=8.224065e-04 fw=profile
# t E_V E_M E_T H_C Omega_V Omega_M eps EM/EV OmM/OmV j_max w_max skew divb/j divb_wall/j mass_drift umax_lat fw1 fw2 fw4 tau_wall
0.000000 1.25004843e-01 1.25000000e-01 2.50004843e-01 2.20433889e-20 3.74980713e-01 1.49945900e+00 1.49955177e-02 9.999613e-01 3.998763e+00 3.463243e+00 1.999775e+00 -1.225395e-18 2.8400e-15 6.1194e-15 +0.0000e+00 0.05000 8.08379e-02 1.63018e-01 3.30724e-01 0.00000e+00
0.250012 1.27336362e-01 1.52642313e-01 2.79978675e-01 1.83062388e-04 4.65183769e-01 1.99721645e+00 1.96992018e-02 1.198733e+00 4.293392e+00 4.224508e+00 2.318205e+00 1.062377e-01 5.8973e-04 8.8992e-05 -4.4683e-06 0.05265 6.26161e-02 1.25420e-01 2.59846e-01 0.00000e+00
0.500023 1.30288248e-01 1.81009681e-01 3.11297929e-01 7.10677986e-04 7.61475528e-01 2.67671974e+00 2.75055622e-02 1.389302e+00 3.515175e+00 5.247063e+00 3.654435e+00 1.639746e-01 7.6379e-04 4.0513e-04 -1.1493e-05 0.05365 4.93015e-02 9.97077e-02 2.48392e-01 0.00000e+00
0.750035 1.33881006e-01 2.06428590e-01 3.40309596e-01 1.71793285e-03 1.24681155e+00 3.57812137e+00 3.85994633e-02 1.541881e+00 2.869817e+00 6.507467e+00 5.097589e+00 2.843293e-01 8.2414e-04 1.1469e-03 -1.2110e-05 0.05673 4.17012e-02 8.87985e-02 2.55781e-01 0.00000e+00
1.000046 1.38830496e-01 2.25494698e-01 3.64325195e-01 3.63738473e-03 1.98438552e+00 4.84374328e+00 5.46250305e-02 1.624245e+00 2.440929e+00 8.294986e+00 6.439094e+00 3.934649e-01 1.1554e-03 2.9796e-03 -3.0869e-06 0.06208 3.89702e-02 9.19397e-02 2.67731e-01 0.00000e+00
1.250058 1.45832310e-01 2.35311197e-01 3.81143507e-01 6.85668874e-03 3.04267347e+00 6.58023111e+00 7.69832366e-02 1.613574e+00 2.162648e+00 1.462142e+01 9.907914e+00 4.104839e-01 2.2412e-03 5.9681e-03 +9.7989e-06 0.06913 4.29289e-02 1.08656e-01 2.72057e-01 0.00000e+00
1.500069 1.52551043e-01 2.36761949e-01 3.89312992e-01 1.14743747e-02 4.16207022e+00 8.80775956e+00 1.03758638e-01 1.552018e+00 2.116197e+00 2.175025e+01 1.540638e+01 4.375434e-01 4.1130e-03 8.5537e-03 +1.7269e-05 0.06869 4.81044e-02 1.14126e-01 2.77243e-01 0.00000e+00
1.750081 1.56840595e-01 2.32462535e-01 3.89303130e-01 1.75625488e-02 4.94453814e+00 1.12735336e+01 1.29744574e-01 1.482158e+00 2.279997e+00 2.838689e+01 1.461575e+01 3.718717e-01 5.1592e-03 1.1273e-02 +1.3910e-05 0.06195 4.32787e-02 1.03294e-01 3.30687e-01 0.00000e+00
2.000092 1.60173473e-01 2.21886503e-01 3.82059975e-01 2.51161079e-02 5.45212740e+00 1.27521491e+01 1.45634212e-01 1.385289e+00 2.338931e+00 3.015587e+01 1.340275e+01 3.413164e-01 5.2383e-03 1.1241e-02 +2.9230e-06 0.06319 3.80851e-02 1.42887e-01 3.71597e-01 0.00000e+00
2.250104 1.63933927e-01 2.05260542e-01 3.69194469e-01 3.33942270e-02 5.84253766e+00 1.29694828e+01 1.50496163e-01 1.252093e+00 2.219837e+00 3.046735e+01 1.312783e+01 3.516483e-01 5.2040e-03 1.4292e-02 -7.3734e-06 0.06964 7.63709e-02 2.06787e-01 4.03924e-01 0.00000e+00
2.500116 1.67551749e-01 1.86008032e-01 3.53559781e-01 4.15382788e-02 6.11482004e+00 1.22086559e+01 1.46587807e-01 1.110153e+00 1.996568e+00 3.005581e+01 1.352740e+01 3.183193e-01 4.8591e-03 1.5104e-02 -7.3161e-06 0.07384 9.15175e-02 2.15439e-01 4.13056e-01 0.00000e+00
2.750127 1.70168135e-01 1.67864084e-01 3.38032219e-01 4.93318760e-02 6.37740813e+00 1.12058495e+01 1.40666061e-01 9.864602e-01 1.757117e+00 2.660221e+01 1.232774e+01 2.137134e-01 4.5174e-03 1.3375e-02 -2.9626e-06 0.07498 8.26781e-02 2.03669e-01 4.08793e-01 0.00000e+00
3.000139 1.70716093e-01 1.52241215e-01 3.22957308e-01 5.64529087e-02 6.48123630e+00 1.03257185e+01 1.34455638e-01 8.917801e-01 1.593171e+00 1.934733e+01 1.286479e+01 1.218074e-01 4.8238e-03 1.2728e-02 -7.0625e-07 0.07303 8.49638e-02 2.05446e-01 4.05943e-01 0.00000e+00
3.250150 1.68874710e-01 1.40121548e-01 3.08996258e-01 6.33983018e-02 6.34117249e+00 9.48418738e+00 1.26602879e-01 8.297367e-01 1.495652e+00 1.582064e+01 1.234540e+01 7.196827e-02 5.2151e-03 1.3234e-02 -1.5681e-06 0.07098 8.37711e-02 2.04227e-01 3.98916e-01 0.00000e+00
3.500162 1.64787365e-01 1.31936014e-01 2.96723379e-01 7.05189387e-02 6.09321798e+00 8.74225416e+00 1.18683777e-01 8.006440e-01 1.434752e+00 1.439654e+01 1.569356e+01 8.895505e-02 4.9630e-03 1.3859e-02 -3.6773e-06 0.07076 7.50418e-02 1.92235e-01 3.82847e-01 0.00000e+00
3.750173 1.58741902e-01 1.26939924e-01 2.85681825e-01 7.75831951e-02 6.00086033e+00 8.27543610e+00 1.14210371e-01 7.996624e-01 1.379042e+00 1.859013e+01 1.708716e+01 1.501654e-01 4.7329e-03 1.3326e-02 -3.5364e-06 0.07315 6.50726e-02 1.74556e-01 3.62656e-01 0.00000e+00
4.000185 1.51699182e-01 1.23270071e-01 2.74969253e-01 8.41913471e-02 5.96066495e+00 8.09189583e+00 1.12420486e-01 8.125955e-01 1.357549e+00 2.461517e+01 1.604436e+01 1.826155e-01 5.0506e-03 1.2544e-02 +1.9013e-07 0.06668 6.38985e-02 1.66306e-01 3.51909e-01 0.00000e+00
4.250197 1.45226349e-01 1.18960821e-01 2.64187171e-01 8.99804135e-02 5.86027200e+00 7.83067743e+00 1.09527595e-01 8.191408e-01 1.336231e+00 2.527965e+01 1.388444e+01 1.634795e-01 4.7250e-03 1.0292e-02 +6.4366e-06 0.06159 6.99355e-02 1.65603e-01 3.45769e-01 0.00000e+00
4.500208 1.39990323e-01 1.13862301e-01 2.53852624e-01 9.44945000e-02 5.67594507e+00 7.32461131e+00 1.04004451e-01 8.133584e-01 1.290466e+00 1.898917e+01 1.182868e+01 1.424319e-01 4.1215e-03 9.4039e-03 +1.1662e-05 0.05907 6.97121e-02 1.57858e-01 3.29376e-01 0.00000e+00
4.750220 1.35448770e-01 1.09347411e-01 2.44796181e-01 9.74302191e-02 5.46577249e+00 6.76692553e+00 9.78615842e-02 8.072972e-01 1.238055e+00 1.570779e+01 1.114256e+01 1.321168e-01 4.0517e-03 9.6823e-03 +1.2683e-05 0.05726 6.22089e-02 1.42573e-01 3.04169e-01 0.00000e+00
5.000231 1.30650882e-01 1.06694242e-01 2.37345124e-01 9.86288529e-02 5.27101100e+00 6.41571662e+00 9.34938210e-02 8.166362e-01 1.217170e+00 1.459793e+01 1.124810e+01 1.263206e-01 3.8359e-03 9.2611e-03 +9.4289e-06 0.05464 5.70481e-02 1.32995e-01 2.87900e-01 0.00000e+00
5.250243 1.25135512e-01 1.06564274e-01 2.31699786e-01 9.82576299e-02 5.04497566e+00 6.13811780e+00 8.94647477e-02 8.515910e-01 1.216679e+00 1.363872e+01 1.052851e+01 1.445979e-01 3.7610e-03 9.8107e-03 +4.4229e-06 0.05499 5.43203e-02 1.27676e-01 2.82130e-01 0.00000e+00
5.500254 1.19112732e-01 1.09350139e-01 2.28462871e-01 9.69453524e-02 4.69661131e+00 5.87309806e+00 8.45576750e-02 9.180391e-01 1.250497e+00 1.281986e+01 1.014552e+01 1.650608e-01 3.4610e-03 9.3853e-03 +3.5334e-07 0.05431 5.08515e-02 1.21850e-01 2.80163e-01 0.00000e+00
5.750266 1.13724995e-01 1.14299732e-01 2.28024727e-01 9.52941157e-02 4.33526177e+00 5.71251696e+00 8.03822299e-02 1.005054e+00 1.317687e+00 1.169024e+01 1.019004e+01 1.734362e-01 3.1854e-03 8.4904e-03 -1.3454e-06 0.05333 4.89445e-02 1.21486e-01 2.86707e-01 0.00000e+00
6.000277 1.10403772e-01 1.19747916e-01 2.30151688e-01 9.35329990e-02 4.19216491e+00 5.57544033e+00 7.81408419e-02 1.084636e+00 1.329967e+00 1.058292e+01 1.031819e+01 1.650934e-01 3.1605e-03 8.2546e-03 -1.3597e-06 0.05429 4.86042e-02 1.26319e-01 2.98834e-01 0.00000e+00
6.250289 1.09285703e-01 1.24829815e-01 2.34115517e-01 9.15980460e-02 4.19275024e+00 5.56755910e+00 7.80824747e-02 1.142234e+00 1.327901e+00 1.087524e+01 1.035218e+01 1.434920e-01 3.1712e-03 8.2066e-03 -9.5671e-07 0.05731 4.98087e-02 1.32940e-01 3.12061e-01 0.00000e+00
6.500301 1.10503595e-01 1.28405868e-01 2.38909463e-01 8.93414688e-02 4.29774389e+00 5.72584963e+00 8.01887482e-02 1.162006e+00 1.332292e+00 1.026307e+01 9.658569e+00 1.732701e-01 3.2031e-03 8.7236e-03 -5.7871e-07 0.05999 5.22096e-02 1.40593e-01 3.25811e-01 0.00000e+00
6.750312 1.13156444e-01 1.30228593e-01 2.43385037e-01 8.66036577e-02 4.52517154e+00 6.01427363e+00 8.43155614e-02 1.150872e+00 1.329071e+00 1.118895e+01 9.164198e+00 2.413335e-01 3.4424e-03 9.9809e-03 +7.3333e-07 0.06456 5.45986e-02 1.48856e-01 3.33769e-01 0.00000e+00
7.000324 1.15159949e-01 1.31444428e-01 2.46604376e-01 8.32015341e-02 4.78995653e+00 6.38653460e+00 8.94119290e-02 1.141407e+00 1.333318e+00 1.262106e+01 1.036443e+01 3.180962e-01 3.8117e-03 1.1523e-02 +3.6095e-06 0.06985 5.93266e-02 1.54313e-01 3.34881e-01 0.00000e+00
7.250335 1.15135335e-01 1.33041560e-01 2.48176895e-01 7.88562101e-02 4.87839650e+00 6.85757214e+00 9.38877491e-02 1.155523e+00 1.405702e+00 1.367009e+01 1.099044e+01 3.697034e-01 3.9347e-03 1.2599e-02 +7.8000e-06 0.07184 6.21676e-02 1.52595e-01 3.31983e-01 0.00000e+00
7.500347 1.13132469e-01 1.34926944e-01 2.48059413e-01 7.31997310e-02 4.78333471e+00 7.43774292e+00 9.77686210e-02 1.192646e+00 1.554928e+00 1.401380e+01 1.063026e+01 3.965276e-01 3.8899e-03 1.3098e-02 +1.1732e-05 0.06942 5.94617e-02 1.45851e-01 3.25187e-01 0.00000e+00
7.750358 1.10347577e-01 1.35895857e-01 2.46243433e-01 6.62489184e-02 4.62398858e+00 8.00835667e+00 1.01058762e-01 1.231526e+00 1.731915e+00 1.484610e+01 1.037613e+01 3.991503e-01 3.7984e-03 1.2634e-02 +1.3576e-05 0.06335 5.68916e-02 1.44657e-01 3.21141e-01 0.00000e+00
8.000370 1.07988808e-01 1.34746743e-01 2.42735551e-01 5.85117091e-02 4.52950370e+00 8.26622221e+00 1.02365807e-01 1.247784e+00 1.824973e+00 1.699826e+01 1.062248e+01 3.783864e-01 3.9346e-03 1.1108e-02 +1.2607e-05 0.05986 5.83276e-02 1.52932e-01 3.34972e-01 0.00000e+00
8.250382 1.06077964e-01 1.32242236e-01 2.38320200e-01 5.09786363e-02 4.48546405e+00 8.15927906e+00 1.01157945e-01 1.246651e+00 1.819049e+00 1.834951e+01 1.217179e+01 3.753289e-01 3.9010e-03 9.1695e-03 +9.2840e-06 0.05856 6.27423e-02 1.67332e-01 3.50109e-01 0.00000e+00
8.500393 1.04472194e-01 1.29495204e-01 2.33967398e-01 4.47701080e-02 4.40437721e+00 8.11613922e+00 1.00164131e-01 1.239518e+00 1.842744e+00 1.955989e+01 1.332445e+01 4.551429e-01 3.9615e-03 1.0208e-02 +5.2180e-06 0.05440 7.85619e-02 1.76155e-01 3.60142e-01 0.00000e+00
8.750405 1.03512875e-01 1.26340038e-01 2.29852913e-01 4.05122721e-02 4.34413630e+00 7.97336298e+00 9.85399942e-02 1.220525e+00 1.835431e+00 2.067032e+01 1.399477e+01 5.858941e-01 3.9727e-03 9.9383e-03 +3.0670e-06 0.05913 8.02284e-02 1.73520e-01 3.70697e-01 0.00000e+00
9.000416 1.02650924e-01 1.23533466e-01 2.26184390e-01 3.81477688e-02 4.38127945e+00 7.87220013e+00 9.80278367e-02 1.203433e+00 1.796781e+00 1.875946e+01 1.433959e+01 6.088769e-01 3.8377e-03 9.1835e-03 +2.0110e-06 0.06540 8.64193e-02 1.86622e-01 3.92785e-01 0.00000e+00
9.250428 1.01469838e-01 1.21268593e-01 2.22738431e-01 3.70157039e-02 4.41412251e+00 7.95299038e+00 9.89369031e-02 1.195120e+00 1.801715e+00 1.469561e+01 1.655922e+01 5.911528e-01 3.8699e-03 9.9533e-03 +1.2526e-06 0.06520 9.77323e-02 2.16856e-01 4.23921e-01 0.00000e+00
9.500439 1.00363835e-01 1.19351468e-01 2.19715303e-01 3.68230997e-02 4.44816736e+00 8.00465612e+00 9.96225878e-02 1.189188e+00 1.799540e+00 1.719819e+01 1.309383e+01 5.440081e-01 4.0047e-03 1.0886e-02 +1.0844e-06 0.06079 1.12687e-01 2.47669e-01 4.51568e-01 0.00000e+00
9.750451 9.96300322e-02 1.18186380e-01 2.17816412e-01 3.76096734e-02 4.43357184e+00 7.87279588e+00 9.84509418e-02 1.186253e+00 1.775723e+00 1.843629e+01 1.043509e+01 4.691127e-01 4.1010e-03 1.1527e-02 +2.2784e-06 0.05806 1.24602e-01 2.67320e-01 4.67146e-01 0.00000e+00
10.000462 9.98108088e-02 1.18094458e-01 2.17905267e-01 3.93478497e-02 4.41518958e+00 7.42019310e+00 9.46830614e-02 1.183183e+00 1.680606e+00 1.922317e+01 1.116624e+01 4.484154e-01 4.2430e-03 1.1879e-02 +5.1767e-06 0.05679 1.25529e-01 2.64472e-01 4.63233e-01 0.00000e+00
10.250474 1.01434781e-01 1.18978154e-01 2.20412935e-01 4.16197944e-02 4.50513372e+00 6.74581420e+00 9.00075833e-02 1.172952e+00 1.497362e+00 1.854798e+01 1.124148e+01 4.461151e-01 4.0507e-03 1.1807e-02 +9.0788e-06 0.05572 1.13077e-01 2.41108e-01 4.39932e-01 0.00000e+00
10.500486 1.04057831e-01 1.20839348e-01 2.24897179e-01 4.40380230e-02 4.68802369e+00 6.14235006e+00 8.66429900e-02 1.161271e+00 1.310222e+00 1.519776e+01 1.063849e+01 4.422712e-01 4.0747e-03 1.2938e-02 +1.2481e-05 0.05536 8.89880e-02 2.07108e-01 4.06519e-01 0.00000e+00
10.750497 1.06787216e-01 1.23681782e-01 2.30468997e-01 4.65006331e-02 4.86093129e+00 5.90222484e+00 8.61052490e-02 1.158208e+00 1.214217e+00 1.242851e+01 1.047841e+01 4.229542e-01 4.1996e-03 1.6772e-02 +1.3662e-05 0.05623 6.99754e-02 1.76049e-01 3.72900e-01 0.00000e+00
11.000509 1.09149250e-01 1.26938285e-01 2.36087536e-01 4.91157097e-02 4.96291530e+00 6.12444272e+00 8.86988642e-02 1.162979e+00 1.234041e+00 1.344629e+01 1.073398e+01 3.772706e-01 4.1656e-03 1.7744e-02 +1.2455e-05 0.05730 6.31929e-02 1.54693e-01 3.43821e-01 0.00000e+00
11.250520 1.11226500e-01 1.29905106e-01 2.41131606e-01 5.19743642e-02 5.01311519e+00 6.57929715e+00 9.27392988e-02 1.167933e+00 1.312417e+00 1.506614e+01 1.215050e+01 3.297703e-01 4.1661e-03 1.6898e-02 +1.0014e-05 0.05766 5.85867e-02 1.38909e-01 3.18967e-01 0.00000e+00
11.500532 1.13292278e-01 1.32126122e-01 2.45418400e-01 5.48950120e-02 5.08870201e+00 7.06724711e+00 9.72475930e-02 1.166241e+00 1.388811e+00 1.441697e+01 1.307404e+01 3.234033e-01 4.0284e-03 1.4922e-02 +7.6912e-06 0.05734 5.31233e-02 1.30899e-01 3.07311e-01 0.00000e+00
11.750543 1.15106245e-01 1.33634954e-01 2.48741199e-01 5.75769242e-02 5.25343451e+00 7.49392712e+00 1.01978893e-01 1.160970e+00 1.426481e+00 1.229942e+01 1.310012e+01 3.551470e-01 3.8879e-03 1.1676e-02 +6.1628e-06 0.05811 5.25137e-02 1.38217e-01 3.19081e-01 0.00000e+00
12.000555 1.15545664e-01 1.35189046e-01 2.50734709e-01 5.99550354e-02 5.47475549e+00 7.96322453e+00 1.07503840e-01 1.170005e+00 1.454535e+00 1.703388e+01 1.319508e+01 3.595174e-01 4.4862e-03 1.2401e-02 +5.1455e-06 0.05755 5.99171e-02 1.63083e-01 3.55816e-01 0.00000e+00
12.250567 1.13729100e-01 1.37261895e-01 2.50990995e-01 6.18975259e-02 5.61165302e+00 8.54162863e+00 1.13226253e-01 1.206920e+00 1.522123e+00 2.065610e+01 1.256797e+01 3.288812e-01 4.6246e-03 1.1874e-02 +4.3233e-06 0.05466 7.67006e-02 1.99013e-01 4.06364e-01 0.00000e+00
12.500578 1.09920247e-01 1.39483693e-01 2.49403940e-01 6.33811515e-02 5.61359707e+00 8.72902607e+00 1.14740985e-01 1.268954e+00 1.554979e+00 2.222339e+01 1.302440e+01 3.533578e-01 4.9450e-03 1.3960e-02 +4.2107e-06 0.05346 9.60267e-02 2.24629e-01 4.31967e-01 0.00000e+00
12.750590 1.04793179e-01 1.42781461e-01 2.47574640e-01 6.41067873e-02 5.41461680e+00 8.20949497e+00 1.08992894e-01 1.362507e+00 1.516173e+00 1.628401e+01 1.319567e+01 3.513974e-01 4.3602e-03 1.1550e-02 +3.9937e-06 0.05425 8.60003e-02 2.13942e-01 4.14511e-01 0.00000e+00
13.000601 9.88748423e-02 1.47807107e-01 2.46681949e-01 6.39438928e-02 5.00409150e+00 7.83009097e+00 1.02673460e-01 1.494891e+00 1.564738e+00 1.525922e+01 1.278371e+01 3.040676e-01 3.9908e-03 1.0321e-02 +2.2213e-06 0.05098 7.81276e-02 1.90924e-01 3.91705e-01 0.00000e+00
13.250613 9.41092062e-02 1.52590217e-01 2.46699423e-01 6.30865778e-02 4.62788771e+00 7.77603343e+00 9.92313692e-02 1.621416e+00 1.680255e+00 1.628575e+01 9.632936e+00 2.819317e-01 3.7828e-03 9.5248e-03 +2.3253e-07 0.05788 7.40879e-02 1.77260e-01 3.82984e-01 0.00000e+00
13.500624 9.25230913e-02 1.54372685e-01 2.46895776e-01 6.14730476e-02 4.67862829e+00 7.96908349e+00 1.01181694e-01 1.668477e+00 1.703295e+00 1.763430e+01 1.225968e+01 3.277799e-01 3.8277e-03 9.5884e-03 -1.3198e-07 0.06478 7.96768e-02 1.90470e-01 3.97386e-01 0.00000e+00
13.750636 9.35474758e-02 1.52811992e-01 2.46359468e-01 5.90353660e-02 5.10058485e+00 8.25354807e+00 1.06833063e-01 1.633523e+00 1.618157e+00 1.900019e+01 1.297403e+01 3.635235e-01 4.2132e-03 1.1018e-02 +1.1640e-06 0.06925 8.64639e-02 2.17438e-01 4.22947e-01 0.00000e+00
14.000647 9.48521909e-02 1.49820029e-01 2.44672220e-01 5.61024276e-02 5.54323127e+00 8.59322877e+00 1.13091680e-01 1.579510e+00 1.550220e+00 1.976961e+01 1.358243e+01 3.644283e-01 4.8020e-03 1.3786e-02 +2.3123e-06 0.07010 8.69477e-02 2.34959e-01 4.43141e-01 0.00000e+00
14.250659 9.51172627e-02 1.47082258e-01 2.42199520e-01 5.31594962e-02 5.78823000e+00 8.76678379e+00 1.16440110e-01 1.546326e+00 1.514588e+00 1.999295e+01 1.271775e+01 2.726319e-01 5.2989e-03 1.6710e-02 +1.8893e-06 0.06295 8.39950e-02 2.40950e-01 4.40321e-01 0.00000e+00
14.500671 9.41346661e-02 1.45867628e-01 2.40002295e-01 5.03066845e-02 5.82200455e+00 8.52809705e+00 1.14800813e-01 1.549563e+00 1.464804e+00 2.067477e+01 1.400038e+01 3.466164e-01 5.0792e-03 1.5318e-02 +1.5040e-06 0.05748 9.16042e-02 2.35803e-01 4.19537e-01 0.00000e+00
14.750682 9.22601217e-02 1.47131427e-01 2.39391549e-01 4.78767191e-02 5.62030074e+00 8.03628196e+00 1.09252662e-01 1.594746e+00 1.429867e+00 1.952473e+01 1.346866e+01 4.032031e-01 5.1939e-03 1.3014e-02 +1.3337e-06 0.05848 7.81241e-02 2.02299e-01 3.84888e-01 0.00000e+00
15.000694 9.05564739e-02 1.50513028e-01 2.41069502e-01 4.54590454e-02 5.38736597e+00 7.57123774e+00 1.03668830e-01 1.662090e+00 1.405369e+00 1.939692e+01 1.417549e+01 3.569716e-01 4.8170e-03 1.1849e-02 +3.0532e-07 0.05840 6.70371e-02 1.71214e-01 3.55674e-01 0.00000e+00
15.250705 8.95336224e-02 1.54814391e-01 2.44348013e-01 4.25664209e-02 5.30447532e+00 7.46957640e+00 1.02192414e-01 1.729120e+00 1.408165e+00 1.947087e+01 1.381467e+01 2.961645e-01 4.4312e-03 1.1215e-02 -3.0308e-07 0.05963 5.83710e-02 1.50398e-01 3.39744e-01 0.00000e+00
15.500717 8.86483912e-02 1.59314716e-01 2.47963107e-01 3.92263373e-02 5.35368621e+00 7.62568678e+00 1.03834984e-01 1.797153e+00 1.424381e+00 1.910993e+01 1.266060e+01 2.780814e-01 4.4022e-03 1.0327e-02 -5.9799e-07 0.06331 5.33462e-02 1.40221e-01 3.30726e-01 0.00000e+00
15.750728 8.78028248e-02 1.63221200e-01 2.51024025e-01 3.57612664e-02 5.45994815e+00 7.88400509e+00 1.06751626e-01 1.858952e+00 1.443971e+00 1.888449e+01 1.233069e+01 2.548014e-01 4.2663e-03 9.9268e-03 -1.5223e-07 0.06681 5.37328e-02 1.36803e-01 3.25946e-01 0.00000e+00
16.000740 8.78370478e-02 1.65452322e-01 2.53289370e-01 3.23567483e-02 5.64651021e+00 7.93000979e+00 1.08612160e-01 1.883628e+00 1.404409e+00 2.080051e+01 1.245387e+01 2.401115e-01 4.1456e-03 1.0625e-02 +1.1240e-06 0.06853 5.08104e-02 1.31076e-01 3.21891e-01 0.00000e+00
16.250752 8.88002701e-02 1.66306171e-01 2.55106441e-01 2.93769734e-02 5.76388394e+00 7.82230592e+00 1.08689519e-01 1.872812e+00 1.357124e+00 2.035267e+01 1.284356e+01 2.340818e-01 4.2116e-03 1.2835e-02 +2.2039e-06 0.06854 4.74162e-02 1.25739e-01 3.16732e-01 0.00000e+00
16.500763 9.05335242e-02 1.66310624e-01 2.56844148e-01 2.74086751e-02 5.73921871e+00 7.74852422e+00 1.07901943e-01 1.837006e+00 1.350101e+00 2.171663e+01 1.203656e+01 2.547025e-01 4.7123e-03 1.2503e-02 +2.7070e-06 0.06761 4.61246e-02 1.22916e-01 3.08070e-01 0.00000e+00
16.750775 9.36054035e-02 1.64898028e-01 2.58503431e-01 2.69466779e-02 5.72051234e+00 7.81194921e+00 1.08259692e-01 1.761629e+00 1.365603e+00 2.158617e+01 1.087115e+01 3.024257e-01 4.4397e-03 1.1158e-02 +3.1340e-06 0.06655 4.56260e-02 1.21879e-01 2.97482e-01 0.00000e+00
17.000786 9.84781900e-02 1.61167093e-01 2.59645283e-01 2.79355737e-02 5.78014698e+00 7.88421865e+00 1.09314925e-01 1.636577e+00 1.364017e+00 2.020253e+01 1.063015e+01 3.311347e-01 4.1336e-03 1.0331e-02 +3.9029e-06 0.06626 4.64557e-02 1.21977e-01 2.89355e-01 0.00000e+00
17.250798 1.04706915e-01 1.55340318e-01 2.60047233e-01 3.00527545e-02 5.87864286e+00 7.77614854e+00 1.09238331e-01 1.483573e+00 1.322780e+00 1.898306e+01 1.073681e+01 3.391626e-01 4.2170e-03 9.7506e-03 +4.5964e-06 0.06694 4.54185e-02 1.17375e-01 2.83556e-01 0.00000e+00
17.500809 1.10932224e-01 1.48521782e-01 2.59454007e-01 3.29593792e-02 6.03014417e+00 7.61130055e+00 1.09131558e-01 1.338852e+00 1.262209e+00 1.615691e+01 1.007555e+01 3.486052e-01 4.3597e-03 1.0393e-02 +4.6938e-06 0.06826 4.09216e-02 1.07881e-01 2.79306e-01 0.00000e+00
17.750821 1.15662023e-01 1.41678941e-01 2.57340963e-01 3.65354290e-02 6.24924295e+00 7.52878267e+00 1.10224205e-01 1.224939e+00 1.204751e+00 1.367953e+01 1.046790e+01 3.534274e-01 4.3824e-03 1.1007e-02 +4.0492e-06 0.06997 3.66257e-02 1.02295e-01 2.77596e-01 0.00000e+00
18.000832 1.17939171e-01 1.35542743e-01 2.53481914e-01 4.07217758e-02 6.50816467e+00 7.46358021e+00 1.11773959e-01 1.149260e+00 1.146803e+00 1.301899e+01 1.184367e+01 3.360913e-01 4.4406e-03 1.2262e-02 +3.0058e-06 0.07015 3.77661e-02 1.06272e-01 2.82399e-01 0.00000e+00
18.250844 1.17375154e-01 1.30866052e-01 2.48241206e-01 4.52794365e-02 6.65877326e+00 7.50025214e+00 1.13272203e-01 1.114938e+00 1.126371e+00 1.245028e+01 1.254757e+01 3.445481e-01 4.4669e-03 1.2763e-02 +2.1573e-06 0.06736 4.06799e-02 1.11276e-01 2.89624e-01 0.00000e+00
18.500856 1.14831364e-01 1.27414839e-01 2.42246203e-01 4.97690974e-02 6.59595534e+00 7.59530343e+00 1.13530070e-01 1.109582e+00 1.151509e+00 1.240104e+01 1.245554e+01 3.194118e-01 4.5186e-03 1.2721e-02 +1.7303e-06 0.06320 4.21392e-02 1.15035e-01 2.99757e-01 0.00000e+00
18.750867 1.11949580e-01 1.24511902e-01 2.36461481e-01 5.39388024e-02 6.50320457e+00 7.48939967e+00 1.11940834e-01 1.112214e+00 1.151648e+00 1.229266e+01 1.169120e+01 2.774484e-01 4.5821e-03 1.3063e-02 +1.8588e-06 0.05955 4.42408e-02 1.20172e-01 3.15102e-01 0.00000e+00
19.000879 1.09653882e-01 1.21858340e-01 2.31512222e-01 5.74850278e-02 6.47044644e+00 7.20162306e+00 1.09376556e-01 1.111300e+00 1.113002e+00 1.220975e+01 1.120520e+01 2.335906e-01 4.6837e-03 1.3935e-02 +2.5764e-06 0.05942 4.62150e-02 1.23798e-01 3.28603e-01 0.00000e+00
19.250890 1.07938935e-01 1.19380033e-01 2.27318968e-01 6.00920625e-02 6.45067113e+00 6.88571463e+00 1.06691086e-01 1.105996e+00 1.067442e+00 1.366436e+01 1.297495e+01 2.172868e-01 4.5895e-03 1.4540e-02 +3.6491e-06 0.05744 4.72668e-02 1.25925e-01 3.38578e-01 0.00000e+00
19.500902 1.06492583e-01 1.17163682e-01 2.23656266e-01 6.18868558e-02 6.39862183e+00 6.57334174e+00 1.03775709e-01 1.100205e+00 1.027306e+00 1.436012e+01 1.369966e+01 1.907790e-01 4.3967e-03 1.4397e-02 +4.6195e-06 0.05402 4.98791e-02 1.30616e-01 3.47688e-01 0.00000e+00
19.750913 1.05112786e-01 1.15411472e-01 2.20524258e-01 6.31359585e-02 6.34329894e+00 6.30100006e+00 1.01154392e-01 1.097977e+00 9.933317e-01 1.406885e+01 1.399143e+01 1.717466e-01 4.2703e-03 1.3737e-02 +5.1952e-06 0.05083 5.40930e-02 1.37938e-01 3.56511e-01 0.00000e+00
20.000925 1.03401518e-01 1.14621800e-01 2.18023318e-01 6.40928565e-02 6.31241531e+00 6.15870952e+00 9.97689986e-02 1.108512e+00 9.756502e-01 1.293173e+01 1.346247e+01 2.045647e-01 4.1655e-03 1.2294e-02 +5.4213e-06 0.04926 5.76348e-02 1.47403e-01 3.69357e-01 0.00000e+00
20.250937 1.00861247e-01 1.15408437e-01 2.16269685e-01 6.49377605e-02 6.26802930e+00 6.22442520e+00 9.99396360e-02 1.144230e+00 9.930434e-01 1.325935e+01 1.223897e+01 2.754148e-01 4.0873e-03 1.0665e-02 +5.3616e-06 0.04836 6.07390e-02 1.60536e-01 3.85155e-01 0.00000e+00
20.500948 9.73827914e-02 1.17924411e-01 2.15307202e-01 6.57683470e-02 6.12900938e+00 6.49500066e+00 1.00992080e-01 1.210937e+00 1.059715e+00 1.563308e+01 1.100707e+01 3.203048e-01 4.2653e-03 1.0651e-02 +4.9239e-06 0.04803 6.43734e-02 1.72572e-01 3.99961e-01 0.00000e+00
20.750960 9.36522065e-02 1.21513764e-01 2.15165971e-01 6.66005018e-02 5.93039543e+00 6.74234485e+00 1.01381922e-01 1.297500e+00 1.136913e+00 1.589672e+01 1.012857e+01 3.420153e-01 4.2617e-03 1.0686e-02 +4.2270e-06 0.04744 6.76017e-02 1.76859e-01 4.09639e-01 0.00000e+00
21.000971 9.05470321e-02 1.25495791e-01 2.16042823e-01 6.72593210e-02 5.71885657e+00 6.78834456e+00 1.00057609e-01 1.385974e+00 1.187011e+00 1.553947e+01 1.053752e+01 3.554146e-01 4.0734e-03 1.0030e-02 +3.4940e-06 0.04691 6.70188e-02 1.74541e-01 4.11636e-01 0.00000e+00
21.250983 8.81640521e-02 1.29986139e-01 2.18150191e-01 6.75431980e-02 5.47840802e+00 6.75333650e+00 9.78539561e-02 1.474367e+00 1.232719e+00 1.465605e+01 1.187294e+01 3.484252e-01 4.0145e-03 9.2948e-03 +2.5712e-06 0.04806 6.27635e-02 1.67991e-01 4.07105e-01 0.00000e+00
21.500994 8.61307217e-02 1.35212481e-01 2.21343203e-01 6.72797542e-02 5.26103096e+00 6.79858270e+00 9.64769093e-02 1.569852e+00 1.292253e+00 1.461064e+01 1.150618e+01 3.391084e-01 3.8461e-03 9.2014e-03 +1.5062e-06 0.05012 5.93727e-02 1.61710e-01 4.00052e-01 0.00000e+00
21.751006 8.41390253e-02 1.41114301e-01 2.25253327e-01 6.62871735e-02 5.10759871e+00 6.91679826e+00 9.61951758e-02 1.677156e+00 1.354217e+00 1.490768e+01 1.140722e+01 3.390898e-01 3.6747e-03 1.0758e-02 +6.3700e-07 0.05327 5.74088e-02 1.55871e-01 3.91814e-01 0.00000e+00
22.001017 8.22171197e-02 1.47505513e-01 2.29722632e-01 6.45164432e-02 5.00261990e+00 7.05099634e+00 9.64289299e-02 1.794097e+00 1.409461e+00 1.582680e+01 1.132069e+01 3.670489e-01 3.5688e-03 1.1251e-02 +1.0858e-07 0.05573 5.55738e-02 1.50272e-01 3.87261e-01 0.00000e+00
22.251029 8.07654265e-02 1.53952235e-01 2.34717661e-01 6.20602270e-02 4.95796057e+00 7.18351792e+00 9.71318279e-02 1.906165e+00 1.448886e+00 1.658543e+01 1.204419e+01 4.124879e-01 3.4477e-03 1.0919e-02 +8.8079e-10 0.05615 5.35203e-02 1.46705e-01 3.88135e-01 0.00000e+00
22.501041 8.01010189e-02 1.59954893e-01 2.40055912e-01 5.90705620e-02 4.97944653e+00 7.38977877e+00 9.89538024e-02 1.996915e+00 1.484056e+00 1.718672e+01 1.186386e+01 4.607956e-01 3.3203e-03 1.1177e-02 +1.3655e-07 0.05730 5.38185e-02 1.50389e-01 3.90553e-01 0.00000e+00
22.751052 8.03290301e-02 1.64937657e-01 2.45266687e-01 5.54972830e-02 5.06058834e+00 7.67133097e+00 1.01855354e-01 2.053276e+00 1.515897e+00 1.762196e+01 1.109298e+01 5.176365e-01 3.4033e-03 1.3132e-02 +6.3636e-07 0.05827 5.74940e-02 1.57645e-01 3.94403e-01 0.00000e+00
23.001064 8.14864616e-02 1.68475899e-01 2.49962361e-01 5.13583233e-02 5.17138529e+00 7.92272850e+00 1.04752910e-01 2.067532e+00 1.532032e+00 1.797745e+01 1.045844e+01 5.696473e-01 3.4497e-03 1.3081e-02 +1.6637e-06 0.05912 5.82911e-02 1.64452e-01 3.95605e-01 0.00000e+00
23.251075 8.31417518e-02 1.70761707e-01 2.53903459e-01 4.70041419e-02 5.30331763e+00 8.17957713e+00 1.07863158e-01 2.053862e+00 1.542351e+00 1.836211e+01 1.157722e+01 6.043371e-01 3.3720e-03 1.2234e-02 +2.7992e-06 0.05979 5.98465e-02 1.72906e-01 3.95088e-01 0.00000e+00
23.501087 8.43915756e-02 1.72398634e-01 2.56790210e-01 4.28269090e-02 5.44132588e+00 8.50157323e+00 1.11543193e-01 2.042842e+00 1.562408e+00 1.845597e+01 1.333406e+01 6.084765e-01 3.3247e-03 1.1827e-02 +3.5803e-06 0.05967 6.18450e-02 1.81525e-01 3.93934e-01 0.00000e+00
23.751098 8.45558102e-02 1.73801234e-01 2.58357045e-01 3.89785236e-02 5.49829479e+00 8.89918929e+00 1.15179873e-01 2.055462e+00 1.618536e+00 1.814447e+01 1.459935e+01 5.780068e-01 3.4736e-03 1.4442e-02 +3.7781e-06 0.05925 6.93252e-02 1.85058e-01 3.96016e-01 0.00000e+00
24.001110 8.37087699e-02 1.75081491e-01 2.58790260e-01 3.54678918e-02 5.38196761e+00 9.15026725e+00 1.16257879e-01 2.091555e+00 1.700171e+00 1.752144e+01 1.348485e+01 5.442746e-01 3.5209e-03 1.4830e-02 +3.6079e-06 0.05842 6.69398e-02 1.79880e-01 3.99976e-01 0.00000e+00
24.251122 8.23340820e-02 1.76483462e-01 2.58817544e-01 3.24811433e-02 5.20184767e+00 9.20234969e+00 1.15233579e-01 2.143504e+00 1.769054e+00 1.626566e+01 1.263908e+01 5.352932e-01 3.4611e-03 1.2779e-02 +2.2712e-06 0.05745 6.04143e-02 1.79140e-01 4.09364e-01 0.00000e+00
24.501133 8.05233675e-02 1.78236909e-01 2.58760277e-01 3.01290616e-02 5.05919893e+00 9.21136884e+00 1.14164542e-01 2.213481e+00 1.820717e+00 1.543038e+01 1.136834e+01 5.259076e-01 3.5454e-03 1.1852e-02 -5.7799e-07 0.05668 6.50293e-02 1.96330e-01 4.27547e-01 0.00000e+00
24.751145 7.86467888e-02 1.80085501e-01 2.58732290e-01 2.84004263e-02 5.00230726e+00 9.08341564e+00 1.12685783e-01 2.289801e+00 1.815845e+00 1.527958e+01 1.005852e+01 4.905137e-01 3.5600e-03 1.1587e-02 -3.3773e-06 0.05584 7.55850e-02 2.16391e-01 4.43287e-01 0.00000e+00
25.001156 7.74109142e-02 1.81613127e-01 2.59024042e-01 2.71429238e-02 5.01785816e+00 8.72469635e+00 1.09940436e-01 2.346092e+00 1.738729e+00 1.693451e+01 9.067278e+00 4.564446e-01 3.5120e-03 1.1867e-02 -4.7985e-06 0.05503 8.39599e-02 2.25054e-01 4.46822e-01 0.00000e+00
25.251168 7.69177120e-02 1.82964333e-01 2.59882045e-01 2.58308830e-02 5.12278239e+00 8.29784759e+00 1.07365040e-01 2.378702e+00 1.619793e+00 1.844486e+01 1.028554e+01 4.563106e-01 3.4590e-03 1.2553e-02 -5.2359e-06 0.05480 8.82855e-02 2.27656e-01 4.42213e-01 0.00000e+00
25.501179 7.63299096e-02 1.84648006e-01 2.60977916e-01 2.39426517e-02 5.31842243e+00 8.09848741e+00 1.07335279e-01 2.419078e+00 1.522724e+00 1.930234e+01 1.367765e+01 5.105556e-01 3.6072e-03 1.3195e-02 -5.5866e-06 0.05543 9.47081e-02 2.28539e-01 4.41508e-01 0.00000e+00
25.751191 7.49927696e-02 1.86860631e-01 2.61853401e-01 2.13079683e-02 5.43803919e+00 8.11689669e+00 1.08439487e-01 2.491715e+00 1.492615e+00 1.961072e+01 1.580931e+01 5.389819e-01 3.8652e-03 1.3079e-02 -6.2826e-06 0.05838 9.46794e-02 2.20194e-01 4.34034e-01 0.00000e+00
26.001202 7.37908233e-02 1.88980481e-01 2.62771304e-01 1.81573787e-02 5.41783017e+00 8.20784088e+00 1.09005368e-01 2.561030e+00 1.514968e+00 2.036120e+01 1.498816e+01 5.124684e-01 3.8039e-03 1.1255e-02 -7.2244e-06 0.06034 8.49258e-02 2.04732e-01 4.12622e-01 0.00000e+00
26.251214 7.39228144e-02 1.90101630e-01 2.64024445e-01 1.48481942e-02 5.46347832e+00 8.39374256e+00 1.10857767e-01 2.571623e+00 1.536337e+00 2.138671e+01 1.271187e+01 4.893894e-01 3.7736e-03 1.0729e-02 -7.4635e-06 0.05771 8.00112e-02 1.94742e-01 3.94109e-01 0.00000e+00
26.501226 7.44983187e-02 1.90820738e-01 2.65319057e-01 1.14819096e-02 5.63363187e+00 8.73696638e+00 1.14964786e-01 2.561410e+00 1.550859e+00 2.810326e+01 1.453793e+01 4.154442e-01 4.1760e-03 1.2346e-02 -6.3481e-06 0.06315 8.19291e-02 1.93687e-01 3.85394e-01 0.00000e+00
26.751237 7.40237348e-02 1.92312346e-01 2.66336080e-01 7.94625557e-03 5.79425774e+00 9.04201595e+00 1.18690190e-01 2.597982e+00 1.560513e+00 3.094115e+01 1.457737e+01 3.522897e-01 4.8950e-03 1.5980e-02 -4.6994e-06 0.06520 8.22209e-02 1.88210e-01 3.76431e-01 0.00000e+00
27.001249 7.22363887e-02 1.95478028e-01 2.67714416e-01 4.26266038e-03 5.79001648e+00 9.12031409e+00 1.19282645e-01 2.706088e+00 1.575179e+00 2.349815e+01 1.387957e+01 3.493982e-01 4.8870e-03 1.4657e-02 -3.7266e-06 0.06480 6.51799e-02 1.67021e-01 3.56295e-01 0.00000e+00
27.251260 6.97386140e-02 2.00128828e-01 2.69867442e-01 3.81995391e-04 5.69378216e+00 9.45248446e+00 1.21170133e-01 2.869699e+00 1.660142e+00 2.331872e+01 1.394272e+01 3.468557e-01 5.0543e-03 1.1885e-02 -4.3571e-06 0.06354 6.36946e-02 1.62377e-01 3.49372e-01 0.00000e+00
27.501272 6.73371040e-02 2.05331089e-01 2.72668193e-01 -3.98762326e-03 5.61856723e+00 9.74057916e+00 1.22873171e-01 3.049301e+00 1.733641e+00 2.210983e+01 1.418200e+01 3.439606e-01 5.1734e-03 1.1331e-02 -4.5560e-06 0.06188 6.57639e-02 1.64413e-01 3.49218e-01 0.00000e+00
27.751283 6.54353480e-02 2.11019057e-01 2.76454405e-01 -8.76945969e-03 5.54351340e+00 9.86756812e+00 1.23288652e-01 3.224848e+00 1.780021e+00 2.220709e+01 1.392131e+01 3.347353e-01 5.0356e-03 1.1909e-02 -4.0534e-06 0.05996 6.58241e-02 1.65939e-01 3.49160e-01 0.00000e+00
28.001295 6.44411532e-02 2.17025037e-01 2.81466190e-01 -1.36792337e-02 5.44851244e+00 9.90502024e+00 1.22828261e-01 3.367802e+00 1.817931e+00 2.232823e+01 1.371338e+01 3.170759e-01 4.6855e-03 1.2647e-02 -2.9816e-06 0.05821 6.57958e-02 1.66321e-01 3.47414e-01 0.00000e+00
28.251307 6.50286770e-02 2.22651336e-01 2.87680013e-01 -1.85010540e-02 5.34390987e+00 9.89992977e+00 1.21950717e-01 3.423895e+00 1.852563e+00 2.197311e+01 1.404225e+01 2.899447e-01 4.2639e-03 1.3001e-02 -1.7133e-06 0.05732 6.51834e-02 1.63992e-01 3.42062e-01 0.00000e+00
28.501318 6.81563615e-02 2.26675021e-01 2.94831382e-01 -2.31052758e-02 5.28107867e+00 9.84194424e+00 1.20984183e-01 3.325809e+00 1.863624e+00 2.114917e+01 1.370523e+01 2.446238e-01 3.8235e-03 1.2912e-02 -4.4842e-07 0.05934 6.28331e-02 1.57691e-01 3.32356e-01 0.00000e+00
28.751330 7.43591297e-02 2.27938696e-01 3.02297826e-01 -2.72475289e-02 5.35978702e+00 9.78066600e+00 1.21123624e-01 3.065376e+00 1.824824e+00 2.167299e+01 1.302345e+01 1.985473e-01 3.6272e-03 1.2680e-02 +8.4006e-07 0.06124 5.92482e-02 1.48156e-01 3.17940e-01 0.00000e+00
29.001341 8.28695364e-02 2.26145275e-01 3.09014811e-01 -3.04524433e-02 5.64713462e+00 9.75433676e+00 1.23211771e-01 2.728931e+00 1.727307e+00 2.168975e+01 1.237035e+01 1.953080e-01 3.7574e-03 1.2504e-02 +2.1214e-06 0.06238 5.52221e-02 1.37233e-01 3.02169e-01 0.00000e+00
29.251353 9.15546701e-02 2.22370765e-01 3.13925435e-01 -3.22397748e-02 6.01852216e+00 9.80191361e+00 1.26563486e-01 2.428830e+00 1.628625e+00 1.926872e+01 1.380160e+01 1.707701e-01 4.1655e-03 1.2335e-02 +3.2564e-06 0.06291 5.09815e-02 1.27341e-01 2.95227e-01 0.00000e+00
29.501364 9.77959363e-02 2.18430511e-01 3.16226447e-01 -3.25381443e-02 6.30537653e+00 1.01720800e+01 1.31819652e-01 2.233534e+00 1.613239e+00 1.842052e+01 1.434146e+01 1.443171e-01 4.1942e-03 1.2078e-02 +4.0628e-06 0.06297 4.70039e-02 1.24928e-01 3.01216e-01 0.00000e+00
29.751376 1.00668774e-01 2.14415706e-01 3.15084480e-01 -3.15706661e-02 6.59633557e+00 1.08403470e+01 1.39493461e-01 2.129913e+00 1.643389e+00 1.800831e+01 1.608431e+01 2.015561e-01 4.0436e-03 1.2853e-02 +4.3497e-06 0.06484 5.10647e-02 1.45246e-01 3.14246e-01 0.00000e+00
30.001387 1.00957682e-01 2.09310421e-01 3.10268103e-01 -2.96621073e-02 6.85868145e+00 1.12708318e+01 1.45036106e-01 2.073249e+00 1.643294e+00 2.067807e+01 1.612900e+01 2.907737e-01 4.0600e-03 1.4683e-02 +4.4651e-06 0.06622 6.67107e-02 1.59862e-01 3.22787e-01 0.00000e+00
30.251399 1.00079684e-01 2.02933575e-01 3.03013258e-01 -2.71632357e-02 6.93422283e+00 1.11271719e+01 1.44491158e-01 2.027720e+00 1.604675e+00 1.911706e+01 1.629004e+01 3.446348e-01 4.0734e-03 1.5204e-02 +4.3538e-06 0.06203 6.62615e-02 1.50053e-01 3.15931e-01 0.00000e+00
30.501411 9.91117166e-02 1.95750038e-01 2.94861755e-01 -2.45055538e-02 6.82496229e+00 1.07012573e+01 1.40209757e-01 1.975044e+00 1.567958e+00 1.884911e+01 1.529778e+01 3.227064e-01 4.1447e-03 1.4599e-02 +3.6285e-06 0.06007 6.04256e-02 1.40412e-01 3.11548e-01 0.00000e+00
30.751422 9.84242519e-02 1.88447933e-01 2.86872185e-01 -2.21615858e-02 6.59380757e+00 1.01984282e+01 1.34337886e-01 1.914649e+00 1.546668e+00 1.770816e+01 1.278868e+01 2.665317e-01 4.2003e-03 1.4065e-02 +2.6159e-06 0.05870 5.87999e-02 1.39682e-01 3.18539e-01 0.00000e+00
31.001434 9.76555725e-02 1.82108827e-01 2.79764399e-01 -2.03733116e-02 6.31649487e+00 9.76322149e+00 1.28637731e-01 1.864807e+00 1.545671e+00 1.769145e+01 1.140000e+01 2.246524e-01 3.9509e-03 1.3162e-02 +1.6422e-06 0.06286 5.99732e-02 1.44640e-01 3.32066e-01 0.00000e+00
31.251445 9.60515382e-02 1.77833047e-01 2.73884585e-01 -1.90520002e-02 6.01822156e+00 9.56899739e+00 1.24697752e-01 1.851434e+00 1.590004e+00 1.753771e+01 1.100223e+01 2.035482e-01 3.6431e-03 1.2158e-02 +8.5616e-07 0.06271 6.25644e-02 1.53884e-01 3.43512e-01 0.00000e+00
31.501457 9.34382816e-02 1.75798593e-01 2.69236875e-01 -1.79060598e-02 5.73059626e+00 9.55319230e+00 1.22270309e-01 1.881441e+00 1.667050e+00 1.715295e+01 1.050254e+01 1.879764e-01 3.7068e-03 1.1981e-02 +3.3879e-07 0.05816 6.61941e-02 1.63752e-01 3.51059e-01 0.00000e+00
31.751468 9.03465925e-02 1.75508693e-01 2.65855285e-01 -1.68555854e-02 5.46394232e+00 9.50126106e+00 1.19721627e-01 1.942616e+00 1.738902e+00 1.879470e+01 9.816396e+00 1.744136e-01 3.8932e-03 1.3028e-02 +2.3195e-07 0.05201 7.13199e-02 1.67084e-01 3.52316e-01 0.00000e+00
32.001480 8.75539748e-02 1.76442720e-01 2.63996695e-01 -1.60280373e-02 5.24215505e+00 9.21827742e+00 1.15683460e-01 2.015245e+00 1.758490e+00 1.651950e+01 9.148850e+00 1.794006e-01 3.9043e-03 1.3965e-02 +1.0177e-06 0.05201 6.47458e-02 1.58547e-01 3.41402e-01 0.00000e+00
32.251491 8.52460633e-02 1.78655990e-01 2.63902053e-01 -1.55368708e-02 5.05574104e+00 9.01742235e+00 1.12585307e-01 2.095768e+00 1.783601e+00 1.669223e+01 8.627726e+00 2.033916e-01 3.7400e-03 1.3264e-02 +1.3207e-06 0.05165 5.74071e-02 1.48988e-01 3.29248e-01 0.00000e+00
32.501503 8.32691806e-02 1.81901566e-01 2.65170747e-01 -1.54639626e-02 4.89587892e+00 9.03304624e+00 1.11431401e-01 2.184500e+00 1.845031e+00 1.664557e+01 8.889925e+00 2.281997e-01 3.7627e-03 1.2597e-02 +8.1872e-07 0.05215 5.62956e-02 1.44933e-01 3.22971e-01 0.00000e+00
32.751515 8.16380521e-02 1.85870435e-01 2.67508488e-01 -1.59007709e-02 4.78211480e+00 9.10271899e+00 1.11078670e-01 2.276762e+00 1.903492e+00 1.740061e+01 9.110096e+00 2.500510e-01 3.8181e-03 1.1831e-02 +2.8449e-07 0.05625 5.49922e-02 1.41225e-01 3.19869e-01 0.00000e+00
33.001526 8.04951142e-02 1.90218725e-01 2.70713839e-01 -1.68956555e-02 4.71770071e+00 9.16337939e+00 1.11048641e-01 2.363109e+00 1.942340e+00 1.860773e+01 9.770908e+00 2.656150e-01 3.9325e-03 1.1538e-02 +1.2191e-07 0.05851 5.36015e-02 1.38638e-01 3.19063e-01 0.00000e+00
33.251538 8.00943558e-02 1.94381710e-01 2.74476066e-01 -1.84879504e-02 4.71031812e+00 9.18366874e+00 1.11151895e-01 2.426909e+00 1.949692e+00 1.875243e+01 1.198861e+01 2.940713e-01 4.1320e-03 1.1954e-02 +2.1863e-07 0.05900 5.37531e-02 1.39465e-01 3.22270e-01 0.00000e+00
33.501549 8.07200563e-02 1.97671155e-01 2.78391211e-01 -2.08099366e-02 4.76723091e+00 9.18135893e+00 1.11588719e-01 2.448848e+00 1.925931e+00 1.998538e+01 1.468826e+01 3.400322e-01 4.1781e-03 1.2362e-02 +2.6415e-07 0.06373 5.50208e-02 1.42537e-01 3.28266e-01 0.00000e+00
33.751561 8.22842641e-02 1.99629286e-01 2.81913550e-01 -2.38517582e-02 4.85522916e+00 9.25703171e+00 1.12898087e-01 2.426093e+00 1.906611e+00 1.889365e+01 1.482055e+01 3.717788e-01 4.0297e-03 1.2413e-02 +1.6432e-07 0.06586 5.60937e-02 1.45244e-01 3.34885e-01 0.00000e+00
34.001572 8.44807699e-02 1.99935102e-01 2.84415872e-01 -2.73972672e-02 4.97588027e+00 9.40084401e+00 1.15013794e-01 2.366634e+00 1.889283e+00 1.812917e+01 1.262966e+01 3.920346e-01 3.8848e-03 1.2786e-02 +6.9222e-08 0.06335 5.69837e-02 1.47634e-01 3.42318e-01 0.00000e+00
34.251584 8.68713941e-02 1.98630473e-01 2.85501867e-01 -3.12313689e-02 5.14362328e+00 9.50649017e+00 1.17200908e-01 2.286489e+00 1.848209e+00 2.075981e+01 1.198506e+01 4.222645e-01 3.8405e-03 1.3155e-02 -7.9081e-08 0.06566 5.95859e-02 1.52761e-01 3.45690e-01 0.00000e+00
34.501596 8.90744817e-02 1.96205263e-01 2.85279745e-01 -3.53020437e-02 5.27215756e+00 9.57058662e+00 1.18741953e-01 2.202710e+00 1.815307e+00 2.244228e+01 1.203699e+01 4.305218e-01 3.7438e-03 1.3240e-02 -4.4749e-07 0.06705 6.37895e-02 1.61823e-01 3.48076e-01 0.00000e+00
34.751607 9.04884201e-02 1.93457835e-01 2.83946255e-01 -3.96337536e-02 5.35952823e+00 9.75598133e+00 1.20924077e-01 2.137929e+00 1.820306e+00 2.251078e+01 1.203816e+01 4.331234e-01 3.5852e-03 1.2841e-02 -1.1477e-06 0.06704 7.04691e-02 1.71492e-01 3.54436e-01 0.00000e+00
35.001619 9.06375735e-02 1.90882425e-01 2.81519999e-01 -4.39817471e-02 5.45440162e+00 1.00050294e+01 1.23675448e-01 2.105997e+00 1.834304e+00 2.164950e+01 1.126621e+01 4.204710e-01 3.6223e-03 1.2741e-02 -1.5164e-06 0.06589 7.54730e-02 1.76545e-01 3.61491e-01 0.00000e+00
35.251630 8.98607324e-02 1.88621085e-01 2.78481817e-01 -4.82592209e-02 5.53457981e+00 1.01146445e+01 1.25193794e-01 2.099038e+00 1.827536e+00 2.045462e+01 1.035335e+01 4.009565e-01 3.7034e-03 1.2696e-02 -8.7291e-07 0.06438 7.20943e-02 1.72508e-01 3.61425e-01 0.00000e+00
35.501642 8.87851657e-02 1.86663610e-01 2.75448776e-01 -5.25823592e-02 5.59177616e+00 1.00419887e+01 1.25070119e-01 2.102419e+00 1.795850e+00 1.928779e+01 1.069707e+01 3.957753e-01 3.7611e-03 1.2723e-02 +4.5658e-07 0.06235 6.44457e-02 1.61040e-01 3.53965e-01 0.00000e+00
35.751653 8.75533891e-02 1.85294289e-01 2.72847678e-01 -5.70304825e-02 5.58782442e+00 9.84345123e+00 1.23450205e-01 2.116358e+00 1.761589e+00 1.827820e+01 1.109894e+01 3.792525e-01 3.7811e-03 1.3371e-02 +1.9399e-06 0.05924 5.62645e-02 1.46466e-01 3.39732e-01 0.00000e+00
36.001665 8.59920250e-02 1.84932281e-01 2.70924306e-01 -6.15198650e-02 5.48375501e+00 9.59614906e+00 1.20639233e-01 2.150575e+00 1.749923e+00 1.899772e+01 1.156398e+01 3.531086e-01 3.7461e-03 1.4111e-02 +3.1209e-06 0.05587 4.93894e-02 1.34787e-01 3.22861e-01 0.00000e+00
36.251676 8.41212476e-02 1.85779324e-01 2.69900572e-01 -6.58174831e-02 5.29475107e+00 9.30774719e+00 1.16819986e-01 2.208471e+00 1.757920e+00 1.903459e+01 1.217987e+01 3.183064e-01 3.6994e-03 1.4252e-02 +3.7738e-06 0.05499 4.42287e-02 1.26228e-01 3.06780e-01 0.00000e+00
36.501688 8.20599271e-02 1.87987176e-01 2.70047103e-01 -6.97055013e-02 5.05358635e+00 9.01566829e+00 1.12554037e-01 2.290852e+00 1.784014e+00 1.831802e+01 1.232359e+01 2.758092e-01 3.6185e-03 1.3083e-02 +3.7836e-06 0.05416 4.06607e-02 1.19392e-01 2.93874e-01 0.00000e+00
36.751700 7.99103138e-02 1.91574776e-01 2.71485090e-01 -7.30733510e-02 4.80715088e+00 8.81039245e+00 1.08940347e-01 2.397372e+00 1.832768e+00 1.738393e+01 1.153715e+01 2.499261e-01 3.5178e-03 1.1702e-02 +3.1612e-06 0.05332 4.01514e-02 1.18343e-01 2.88466e-01 0.00000e+00
37.001711 7.79224140e-02 1.96169715e-01 2.74092129e-01 -7.59215122e-02 4.61175659e+00 8.69289804e+00 1.06437237e-01 2.517500e+00 1.884943e+00 1.659237e+01 1.033415e+01 2.568967e-01 3.4441e-03 1.1810e-02 +2.3653e-06 0.05205 4.35918e-02 1.23805e-01 2.89094e-01 0.00000e+00
37.251723 7.63221277e-02 2.01431170e-01 2.77753298e-01 -7.83356453e-02 4.50624377e+00 8.59753296e+00 1.04830214e-01 2.639224e+00 1.907916e+00 1.579267e+01 9.227045e+00 2.865694e-01 3.3386e-03 1.2126e-02 +1.8689e-06 0.05000 4.74211e-02 1.28173e-01 2.90432e-01 0.00000e+00
37.501734 7.50907811e-02 2.07367969e-01 2.82458750e-01 -8.04073975e-02 4.48955141e+00 8.49776839e+00 1.03898558e-01 2.761564e+00 1.892788e+00 1.512100e+01 8.639908e+00 3.092127e-01 3.2275e-03 1.2431e-02 +1.8102e-06 0.04782 4.72383e-02 1.26685e-01 2.89221e-01 0.00000e+00
37.751746 7.40806806e-02 2.14069890e-01 2.88150571e-01 -8.21764608e-02 4.53589813e+00 8.42778079e+00 1.03709431e-01 2.889686e+00 1.858018e+00 1.506630e+01 8.477892e+00 3.067975e-01 3.2410e-03 1.3026e-02 +2.1326e-06 0.04830 4.36906e-02 1.21127e-01 2.85336e-01 0.00000e+00
38.001757 7.30864003e-02 2.21507570e-01 2.94593971e-01 -8.36921975e-02 4.61275871e+00 8.41959430e+00 1.04258824e-01 3.030763e+00 1.825284e+00 1.511735e+01 8.569968e+00 2.849910e-01 3.3734e-03 1.3551e-02 +2.6090e-06 0.05126 4.02039e-02 1.15475e-01 2.80213e-01 0.00000e+00
38.251769 7.19045855e-02 2.29581250e-01 3.01485836e-01 -8.50577325e-02 4.67378147e+00 8.46907215e+00 1.05142829e-01 3.192860e+00 1.812039e+00 1.643880e+01 8.781195e+00 2.615614e-01 3.5339e-03 1.3785e-02 +2.9551e-06 0.05342 3.82812e-02 1.11108e-01 2.74462e-01 0.00000e+00
38.501781 7.04502262e-02 2.38193906e-01 3.08644132e-01 -8.63563494e-02 4.66793642e+00 8.55516806e+00 1.05784836e-01 3.381024e+00 1.832752e+00 1.708337e+01 9.405721e+00 2.559154e-01 3.6355e-03 1.3643e-02 +3.0303e-06 0.05413 3.69966e-02 1.07696e-01 2.68561e-01 0.00000e+00
38.751792 6.88121485e-02 2.47186324e-01 3.15998472e-01 -8.75615849e-02 4.58211410e+00 8.66724066e+00 1.05994838e-01 3.592190e+00 1.891538e+00 1.707646e+01 9.393295e+00 2.657791e-01 3.6026e-03 1.3222e-02 +2.8844e-06 0.05372 3.58931e-02 1.05067e-01 2.62748e-01 0.00000e+00
39.001804 6.70841703e-02 2.56388794e-01 3.23472964e-01 -8.86115532e-02 4.43512473e+00 8.81312817e+00 1.05986023e-01 3.821897e+00 1.987121e+00 1.898266e+01 9.593035e+00 2.762831e-01 3.4478e-03 1.2602e-02 +2.6534e-06 0.05309 3.48550e-02 1.02508e-01 2.56067e-01 0.00000e+00
39.251815 6.52949458e-02 2.65682613e-01 3.30977559e-01 -8.95425432e-02 4.26343649e+00 8.99149327e+00 1.06039438e-01 4.068961e+00 2.108978e+00 2.060744e+01 9.057839e+00 2.903091e-01 3.2711e-03 1.1949e-02 +2.4508e-06 0.05271 3.38336e-02 9.97952e-02 2.48191e-01 0.00000e+00
39.501827 6.35458378e-02 2.74908291e-01 3.38454129e-01 -9.04727832e-02 4.12016879e+00 9.17840598e+00 1.06388598e-01 4.326142e+00 2.227677e+00 2.171829e+01 8.425215e+00 3.093517e-01 3.1407e-03 1.1399e-02 +2.3768e-06 0.05262 3.29162e-02 9.72428e-02 2.40095e-01 0.00000e+00
39.751838 6.19073027e-02 2.83952614e-01 3.45859917e-01 -9.15295682e-02 4.04020092e+00 9.36441302e+00 1.07236912e-01 4.586739e+00 2.317809e+00 2.187139e+01 8.203659e+00 3.324416e-01 3.0325e-03 1.1080e-02 +2.4971e-06 0.05274 3.22227e-02 9.51615e-02 2.32807e-01 0.00000e+00
40.001850 6.03132280e-02 2.92824607e-01 3.53137835e-01 -9.28340126e-02 4.01103135e+00 9.56299350e+00 1.08592199e-01 4.855064e+00 2.384173e+00 2.102192e+01 8.730690e+00 3.565676e-01 2.9076e-03 1.1076e-02 +2.7892e-06 0.05265 3.19185e-02 9.39088e-02 2.27078e-01 0.00000e+00
40.251861 5.86859339e-02 3.01565570e-01 3.60251504e-01 -9.44844857e-02 4.00107539e+00 9.76684725e+00 1.10143381e-01 5.138635e+00 2.441056e+00 1.946453e+01 9.180815e+00 3.748967e-01 2.8074e-03 1.1372e-02 +3.1804e-06 0.05207 3.21169e-02 9.37378e-02 2.23242e-01 0.00000e+00
40.501873 5.70614276e-02 3.10183604e-01 3.67245031e-01 -9.65211938e-02 3.98792624e+00 9.94745513e+00 1.11483051e-01 5.435959e+00 2.494393e+00 1.778320e+01 9.158136e+00 3.774434e-01 2.7536e-03 1.1875e-02 +3.6259e-06 0.05083 3.26471e-02 9.43051e-02 2.20994e-01 0.00000e+00
40.751885 5.55152774e-02 3.18716394e-01 3.74231672e-01 -9.89148337e-02 3.95664018e+00 1.00982176e+01 1.12438862e-01 5.741057e+00 2.552220e+00 1.719745e+01 9.249780e+00 3.606712e-01 2.7227e-03 1.2368e-02 +4.1233e-06 0.04902 3.31172e-02 9.47057e-02 2.19831e-01 0.00000e+00
41.001896 5.40856360e-02 3.27236209e-01 3.81321845e-01 -1.01591022e-01 3.89908341e+00 1.02365982e+01 1.13085453e-01 6.050335e+00 2.625386e+00 1.643445e+01 9.665474e+00 3.311288e-01 2.7117e-03 1.2593e-02 +4.6818e-06 0.04684 3.31697e-02 9.42345e-02 2.19851e-01 0.00000e+00
41.251908 5.27813675e-02 3.35780957e-01 3.88562324e-01 -1.04436988e-01 3.81458804e+00 1.03835194e+01 1.13584860e-01 6.361733e+00 2.722055e+00 1.577374e+01 9.875194e+00 2.948785e-01 2.7362e-03 1.2599e-02 +5.2966e-06 0.04456 3.27415e-02 9.30520e-02 2.21942e-01 0.00000e+00
41.501919 5.16224848e-02 3.44301483e-01 3.95923968e-01 -1.07286501e-01 3.70840284e+00 1.05455750e+01 1.14031823e-01 6.669603e+00 2.843697e+00 1.583169e+01 9.907814e+00 2.551652e-01 2.7961e-03 1.2640e-02 +5.9399e-06 0.04223 3.21336e-02 9.20376e-02 2.26864e-01 0.00000e+00
41.751931 5.06555788e-02 3.52678826e-01 4.03334405e-01 -1.09940770e-01 3.58982693e+00 1.07147923e+01 1.14436954e-01 6.962290e+00 2.984766e+00 1.603663e+01 1.012138e+01 2.193385e-01 2.8548e-03 1.2814e-02 +6.5633e-06 0.04126 3.17138e-02 9.20749e-02 2.33847e-01 0.00000e+00
42.001942 4.99342733e-02 3.60771905e-01 4.10706179e-01 -1.12231902e-01 3.47252745e+00 1.08788689e+01 1.14811171e-01 7.224936e+00 3.132839e+00 1.597808e+01 9.967162e+00 1.987275e-01 2.8764e-03 1.3043e-02 +7.1214e-06 0.04222 3.15977e-02 9.37315e-02 2.40772e-01 0.00000e+00
42.251954 4.95135931e-02 3.68425838e-01 4.17939432e-01 -1.14087087e-01 3.37181021e+00 1.10274171e+01 1.15193819e-01 7.440903e+00 3.270474e+00 1.568603e+01 9.508778e+00 1.982831e-01 2.8537e-03 1.3185e-02 +7.5969e-06 0.04259 3.18629e-02 9.72528e-02 2.46176e-01 0.00000e+00
42.501966 4.94473066e-02 3.75467522e-01 4.24914829e-01 -1.15545738e-01 3.29737712e+00 1.11522774e+01 1.15597236e-01 7.593286e+00 3.382166e+00 1.527013e+01 8.965133e+00 2.106708e-01 2.8029e-03 1.3087e-02 +8.0012e-06 0.04213 3.28349e-02 1.02103e-01 2.50017e-01 0.00000e+00
42.751977 4.97867880e-02 3.81714037e-01 4.31500825e-01 -1.16720385e-01 3.24827639e+00 1.12462907e+01 1.15956537e-01 7.666975e+00 3.462233e+00 1.522461e+01 8.331471e+00 2.284074e-01 2.7395e-03 1.2696e-02 +8.3476e-06 0.04142 3.46268e-02 1.06332e-01 2.51959e-01 0.00000e+00
43.001989 5.05739123e-02 3.86992962e-01 4.37566874e-01 -1.17746150e-01 3.22121918e+00 1.13097737e+01 1.16247943e-01 7.652027e+00 3.511023e+00 1.521386e+01 8.435694e+00 2.480616e-01 2.6734e-03 1.1981e-02 +8.6239e-06 0.04041 3.67023e-02 1.08169e-01 2.51265e-01 0.00000e+00
43.252000 5.18078323e-02 3.91161926e-01 4.42969759e-01 -1.18750533e-01 3.21850736e+00 1.13568103e+01 1.16602541e-01 7.550247e+00 3.528595e+00 1.525041e+01 8.178509e+00 2.618984e-01 2.6096e-03 1.1075e-02 +8.7958e-06 0.03980 3.84823e-02 1.07803e-01 2.47830e-01 0.00000e+00
43.502012 5.34450835e-02 3.94108806e-01 4.47553889e-01 -1.19848745e-01 3.23797673e+00 1.14034325e+01 1.17131274e-01 7.374089e+00 3.521777e+00 1.536217e+01 8.083465e+00 2.659940e-01 2.5529e-03 1.0409e-02 +8.8565e-06 0.03918 3.88901e-02 1.05014e-01 2.41237e-01 0.00000e+00
43.752023 5.54441670e-02 3.95746466e-01 4.51190633e-01 -1.21157804e-01 3.27776658e+00 1.14681376e+01 1.17967233e-01 7.137748e+00 3.498766e+00 1.547736e+01 7.574742e+00 2.573466e-01 2.5111e-03 9.9176e-03 +8.7964e-06 0.03866 3.69359e-02 9.97119e-02 2.31259e-01 0.00000e+00
44.002035 5.77672418e-02 3.95995816e-01 4.53763058e-01 -1.22799491e-01 3.34356275e+00 1.15877797e+01 1.19450740e-01 6.855024e+00 3.465698e+00 1.551863e+01 8.421217e+00 2.272450e-01 2.5069e-03 9.3153e-03 +8.6134e-06 0.03829 3.38674e-02 9.35536e-02 2.19161e-01 0.00000e+00
44.252046 6.03796443e-02 3.94759066e-01 4.55138711e-01 -1.24918277e-01 3.45024339e+00 1.17815292e+01 1.21854181e-01 6.537950e+00 3.414695e+00 1.545617e+01 1.014419e+01 1.731494e-01 2.5602e-03 8.7027e-03 +8.4359e-06 0.03975 3.11672e-02 8.74559e-02 2.06283e-01 0.00000e+00
44.502058 6.32690762e-02 3.91941373e-01 4.55210449e-01 -1.27671071e-01 3.60471063e+00 1.20322927e+01 1.25096026e-01 6.194833e+00 3.337936e+00 1.579411e+01 1.190830e+01 1.010538e-01 2.6747e-03 8.1562e-03 +8.3599e-06 0.04282 2.87666e-02 8.13211e-02 1.93678e-01 0.00000e+00
44.752070 6.63852629e-02 3.87548805e-01 4.53934068e-01 -1.31207134e-01 3.78563732e+00 1.23087860e+01 1.28755386e-01 5.837874e+00 3.251444e+00 1.619045e+01 1.347659e+01 1.739728e-02 2.7622e-03 7.5113e-03 +8.3869e-06 0.04481 2.68862e-02 7.60738e-02 1.83186e-01 0.00000e+00
45.002081 6.95617551e-02 3.81767777e-01 4.51329532e-01 -1.35655188e-01 3.96794281e+00 1.25502112e+01 1.32145232e-01 5.488185e+00 3.162901e+00 1.587881e+01 1.468560e+01 -3.234331e-02 2.7412e-03 7.1002e-03 +8.4850e-06 0.04549 2.57595e-02 7.25153e-02 1.75786e-01 0.00000e+00
45.252093 7.24979452e-02 3.75000050e-01 4.47497995e-01 -1.41039952e-01 4.14893132e+00 1.26716600e+01 1.34564730e-01 5.172561e+00 3.054199e+00 1.615356e+01 1.557346e+01 2.805430e-03 2.6907e-03 6.9629e-03 +8.5252e-06 0.04530 2.53973e-02 7.05639e-02 1.71556e-01 0.00000e+00
45.502104 7.47518709e-02 3.67926161e-01 4.42678032e-01 -1.47174632e-01 4.33471449e+00 1.25982556e+01 1.35463761e-01 4.921966e+00 2.906363e+00 1.805823e+01 1.588638e+01 8.341601e-02 2.6934e-03 6.9201e-03 +8.3695e-06 0.04948 2.56808e-02 6.99595e-02 1.70366e-01 0.00000e+00
45.752116 7.59345792e-02 3.61401084e-01 4.37335663e-01 -1.53728917e-01 4.48930397e+00 1.23157619e+01 1.34440527e-01 4.759374e+00 2.743357e+00 1.937444e+01 1.561330e+01 1.520367e-01 2.8146e-03 6.8453e-03 +7.9701e-06 0.05279 2.62090e-02 7.01516e-02 1.71885e-01 0.00000e+00
46.002127 7.60245570e-02 3.56164786e-01 4.32189343e-01 -1.60431623e-01 4.55289325e+00 1.18654671e+01 1.31346882e-01 4.684865e+00 2.606138e+00 1.987081e+01 1.487710e+01 1.941170e-01 2.9983e-03 6.5154e-03 +7.3639e-06 0.05454 2.69205e-02 7.08864e-02 1.77084e-01 0.00000e+00
46.252139 7.54157882e-02 3.52618766e-01 4.28034554e-01 -1.67163130e-01 4.50246232e+00 1.13042010e+01 1.26453307e-01 4.675662e+00 2.510671e+00 1.961720e+01 1.383181e+01 2.072883e-01 3.1373e-03 6.2841e-03 +6.6775e-06 0.05469 2.77482e-02 7.15929e-02 1.84601e-01 0.00000e+00
46.502151 7.45851907e-02 3.50877443e-01 4.25462634e-01 -1.73936008e-01 4.35520071e+00 1.07143098e+01 1.20556084e-01 4.704385e+00 2.460119e+00 1.873485e+01 1.240290e+01 1.897912e-01 3.1879e-03 6.0805e-03 +6.0552e-06 0.05408 2.79989e-02 7.13025e-02 1.89559e-01 0.00000e+00
46.752162 7.38503108e-02 3.50832138e-01 4.24682449e-01 -1.80890337e-01 4.14769538e+00 1.02026491e+01 1.14802756e-01 4.750584e+00 2.459836e+00 1.765766e+01 1.083112e+01 1.602720e-01 3.1585e-03 5.9165e-03 +5.6714e-06 0.05337 2.71371e-02 6.96977e-02 1.89327e-01 0.00000e+00
47.002174 7.34125189e-02 3.52159443e-01 4.25571962e-01 -1.88162439e-01 3.93560266e+00 9.82274955e+00 1.10066818e-01 4.796994e+00 2.495869e+00 1.717927e+01 9.146198e+00 1.464175e-01 3.1009e-03 6.0042e-03 +5.6492e-06 0.05306 2.52806e-02 6.70117e-02 1.85647e-01 0.00000e+00
47.252185 7.33585300e-02 3.54489076e-01 4.27847606e-01 -1.95674732e-01 3.77424900e+00 9.57180841e+00 1.06768459e-01 4.832282e+00 2.536083e+00 1.673276e+01 8.935329e+00 1.553145e-01 3.0643e-03 6.5475e-03 +5.9788e-06 0.05282 2.27593e-02 6.32072e-02 1.80603e-01 0.00000e+00
47.502197 7.36474181e-02 3.57542669e-01 4.31190087e-01 -2.03153679e-01 3.67458461e+00 9.42705309e+00 1.04813102e-01 4.854789e+00 2.565474e+00 1.611087e+01 8.950618e+00 1.674549e-01 3.0880e-03 7.4412e-03 +6.5372e-06 0.05273 2.01122e-02 5.86293e-02 1.74418e-01 0.00000e+00
47.752208 7.42044669e-02 3.61133840e-01 4.35338307e-01 -2.10305902e-01 3.60601590e+00 9.34693071e+00 1.03623573e-01 4.866740e+00 2.592038e+00 1.588389e+01 8.864338e+00 1.682497e-01 3.0982e-03 8.2712e-03 +7.1663e-06 0.05277 1.79457e-02 5.41860e-02 1.67506e-01 0.00000e+00
48.002220 7.50187450e-02 3.65076229e-01 4.40094974e-01 -2.16926937e-01 3.54227411e+00 9.29778170e+00 1.02720446e-01 4.866467e+00 2.624806e+00 1.639988e+01 8.758805e+00 1.604222e-01 3.0046e-03 8.6315e-03 +7.7297e-06 0.05232 1.64507e-02 5.05704e-02 1.61196e-01 0.00000e+00
48.252231 7.61098211e-02 3.69152706e-01 4.45262527e-01 -2.22956744e-01 3.48295897e+00 9.26414433e+00 1.01976826e-01 4.850264e+00 2.659849e+00 1.659168e+01 9.134588e+00 1.514452e-01 2.8249e-03 8.5762e-03 +8.1397e-06 0.05171 1.55695e-02 4.81302e-02 1.57062e-01 0.00000e+00
48.502243 7.74422405e-02 3.73177413e-01 4.50619653e-01 -2.28489614e-01 3.44176180e+00 9.24422001e+00 1.01487854e-01 4.818784e+00 2.685898e+00 1.668918e+01 9.566003e+00 1.470747e-01 2.6310e-03 8.3968e-03 +8.4105e-06 0.05127 1.52501e-02 4.72138e-02 1.55787e-01 0.00000e+00
48.752255 7.89047187e-02 3.77031209e-01 4.55935927e-01 -2.33687856e-01 3.42983692e+00 9.24992107e+00 1.01438064e-01 4.778310e+00 2.696898e+00 1.709576e+01 9.884737e+00 1.498199e-01 2.4793e-03 8.2343e-03 +8.6492e-06 0.05057 1.54560e-02 4.79038e-02 1.56358e-01 0.00000e+00
49.002266 8.03245571e-02 3.80683408e-01 4.61007966e-01 -2.38661762e-01 3.44643751e+00 9.29204396e+00 1.01907852e-01 4.739315e+00 2.696130e+00 1.739003e+01 9.987722e+00 1.574725e-01 2.3904e-03 8.0702e-03 +8.9382e-06 0.05029 1.60048e-02 4.94773e-02 1.56828e-01 0.00000e+00
49.252278 8.15048253e-02 3.84195725e-01 4.65700551e-01 -2.43422350e-01 3.48304647e+00 9.36819581e+00 1.02809938e-01 4.713779e+00 2.689656e+00 1.754744e+01 9.898276e+00 1.676014e-01 2.3618e-03 7.8915e-03 +9.2635e-06 0.05100 1.65725e-02 5.08629e-02 1.56107e-01 0.00000e+00
49.502289 8.23102977e-02 3.87637224e-01 4.69947522e-01 -2.47910485e-01 3.53163350e+00 9.46609334e+00 1.03981815e-01 4.709462e+00 2.680373e+00 1.755958e+01 9.659156e+00 1.781694e-01 2.3816e-03 7.8007e-03 +9.5679e-06 0.05225 1.69395e-02 5.16044e-02 1.54606e-01 0.00000e+00
49.752301 8.27410895e-02 3.90977528e-01 4.73718618e-01 -2.52048079e-01 3.58634223e+00 9.56806809e+00 1.05235283e-01 4.725313e+00 2.667918e+00 1.749155e+01 9.350340e+00 1.877090e-01 2.4296e-03 7.8826e-03 +9.8054e-06 0.05356 1.70897e-02 5.20042e-02 1.53370e-01 0.00000e+00
49.999845 8.29030056e-02 3.94059311e-01 4.76962317e-01 -2.55743732e-01 3.64044771e+00 9.65434490e+00 1.06358341e-01 4.753257e+00 2.651966e+00 1.732096e+01 9.088273e+00 1.957354e-01 2.4828e-03 8.1122e-03 +9.9348e-06 0.05466 1.71219e-02 5.26398e-02 1.53144e-01 0.00000e+00
