# tg_mhd (CUDA FP64)  tgc_noslip_cond_n192_re250_drive0.1_bdrive0.4  N=192 L=192 Re=250 Pm=1 u0=0.05 nu_lat=1.215944e-02 eta_lat=1.215944e-02 tau_f=0.536478 tau_m=0.548638 dt=8.224065e-04 fw=profile
# t E_V E_M E_T H_C Omega_V Omega_M eps EM/EV OmM/OmV j_max w_max skew divb/j divb_wall/j mass_drift umax_lat fw1 fw2 fw4 tau_wall
0.000000 1.22400748e-01 1.25000000e-01 2.47400748e-01 4.00834131e-20 2.66941395e+01 1.49945900e+00 2.25548788e-01 1.021236e+00 5.617184e-02 3.463243e+00 9.118036e+01 4.176534e-19 2.8424e-15 6.1549e-15 +0.0000e+00 0.04998 9.38890e-01 9.44354e-01 9.55503e-01 1.77452e-01
0.250012 1.11441782e-01 1.52520746e-01 2.63962528e-01 -5.31178782e-05 4.12399563e+00 2.07440110e+00 4.95871739e-02 1.368614e+00 5.030076e-01 4.224891e+00 2.199189e+01 8.873009e-02 9.8780e-04 3.8819e-03 -8.3474e-06 0.05142 5.93380e-01 6.52621e-01 7.06076e-01 3.46959e-02
0.500023 1.08599542e-01 1.80390338e-01 2.88989880e-01 1.21944731e-04 3.30792171e+00 2.85368183e+00 4.92928283e-02 1.661060e+00 8.626812e-01 5.242895e+00 1.794300e+01 1.526811e-01 1.1294e-03 4.6468e-03 -1.7673e-05 0.05214 4.02403e-01 4.95515e-01 5.80586e-01 2.59224e-02
0.750035 1.08252585e-01 2.04712252e-01 3.12964838e-01 7.85905419e-04 3.33912414e+00 3.79384602e+00 5.70637612e-02 1.891061e+00 1.136180e+00 6.583694e+00 1.785055e+01 2.817573e-01 1.1872e-03 5.1391e-03 -1.8473e-05 0.05450 2.87855e-01 3.82127e-01 4.95292e-01 2.24537e-02
1.000046 1.10281001e-01 2.22351356e-01 3.32632357e-01 2.52971260e-03 3.82493484e+00 4.97002967e+00 7.03597161e-02 2.016225e+00 1.299376e+00 8.522576e+00 2.012764e+01 3.880659e-01 1.3739e-03 5.5948e-03 -1.0319e-05 0.05585 2.15186e-01 2.99666e-01 4.28595e-01 2.12330e-02
1.250058 1.14324307e-01 2.31360062e-01 3.45684368e-01 5.80308148e-03 4.68566135e+00 6.48249956e+00 8.93452873e-02 2.023717e+00 1.383476e+00 1.376247e+01 2.609944e+01 3.973456e-01 2.1524e-03 5.7904e-03 -2.5818e-06 0.05479 1.69638e-01 2.45139e-01 3.68457e-01 2.13259e-02
1.500069 1.17413596e-01 2.33762461e-01 3.51176057e-01 1.05499365e-02 5.38364884e+00 8.42971375e+00 1.10506901e-01 1.990932e+00 1.565799e+00 2.036347e+01 2.802897e+01 4.626855e-01 3.7780e-03 5.9865e-03 -2.4848e-06 0.05373 1.28749e-01 1.95803e-01 3.13081e-01 2.08699e-02
1.750081 1.17256538e-01 2.32557719e-01 3.49814257e-01 1.65937733e-02 5.72377006e+00 1.06718619e+01 1.31165055e-01 1.983324e+00 1.864481e+00 2.767264e+01 2.717028e+01 4.023287e-01 5.0938e-03 6.0572e-03 -1.1499e-05 0.06001 9.79066e-02 1.56082e-01 3.32829e-01 1.96702e-02
2.000092 1.15669150e-01 2.27070282e-01 3.42739432e-01 2.38679869e-02 5.90571250e+00 1.20140614e+01 1.43358192e-01 1.963102e+00 2.034312e+00 2.976428e+01 2.563180e+01 3.893597e-01 6.0652e-03 6.3468e-03 -2.2630e-05 0.06078 8.40479e-02 1.39437e-01 3.58884e-01 1.81592e-02
2.250104 1.15511034e-01 2.16129533e-01 3.31640567e-01 3.19647368e-02 6.26320459e+00 1.16701689e+01 1.43466988e-01 1.871073e+00 1.863290e+00 2.657937e+01 2.448077e+01 4.017603e-01 5.9543e-03 7.0814e-03 -3.0332e-05 0.05963 8.32732e-02 1.61362e-01 3.70675e-01 1.79563e-02
2.500116 1.16410107e-01 2.01753327e-01 3.18163434e-01 4.06616106e-02 6.76417103e+00 1.09966070e+01 1.42086224e-01 1.733126e+00 1.625714e+00 2.427617e+01 2.265799e+01 3.539617e-01 4.8194e-03 1.1751e-02 -3.2798e-05 0.06434 9.81841e-02 1.88192e-01 3.98914e-01 1.87034e-02
2.750127 1.16725859e-01 1.86303438e-01 3.03029297e-01 4.97707833e-02 7.27909473e+00 1.03237819e+01 1.40823013e-01 1.596077e+00 1.418278e+00 2.208528e+01 2.674846e+01 2.750102e-01 4.2309e-03 1.2652e-02 -3.4054e-05 0.06486 1.17607e-01 2.23694e-01 4.28831e-01 2.04596e-02
3.000139 1.16555949e-01 1.71231347e-01 2.87787296e-01 5.89204934e-02 7.52809619e+00 9.49959389e+00 1.36221521e-01 1.469091e+00 1.261885e+00 2.029477e+01 3.201442e+01 2.014715e-01 4.1082e-03 1.1982e-02 -3.6916e-05 0.06141 1.33189e-01 2.52498e-01 4.39407e-01 2.15427e-02
3.250150 1.16291062e-01 1.57595997e-01 2.73887058e-01 6.77097665e-02 7.57233284e+00 8.75066337e+00 1.30583970e-01 1.355186e+00 1.155610e+00 2.060511e+01 3.249792e+01 1.344244e-01 4.1094e-03 1.1666e-02 -4.0499e-05 0.05807 1.42973e-01 2.63867e-01 4.37687e-01 2.16724e-02
3.500162 1.14420607e-01 1.47157046e-01 2.61577653e-01 7.57310272e-02 7.55653650e+00 8.33295962e+00 1.27115969e-01 1.286106e+00 1.102749e+00 1.948280e+01 3.009573e+01 9.402593e-02 4.2567e-03 1.1594e-02 -4.1519e-05 0.05756 1.43363e-01 2.54648e-01 4.26619e-01 2.14076e-02
3.750173 1.09622989e-01 1.40859723e-01 2.50482712e-01 8.22899407e-02 7.39751053e+00 8.18010895e+00 1.24620956e-01 1.284947e+00 1.105792e+00 2.031925e+01 2.746619e+01 1.052179e-01 4.3600e-03 1.1167e-02 -3.9701e-05 0.06163 1.34408e-01 2.33379e-01 4.06874e-01 2.13512e-02
4.000185 1.03767237e-01 1.36643009e-01 2.40410246e-01 8.68929942e-02 7.11777108e+00 8.04528717e+00 1.21304466e-01 1.316822e+00 1.130310e+00 2.127451e+01 2.471441e+01 1.478938e-01 4.7396e-03 1.0897e-02 -3.6764e-05 0.06227 1.21177e-01 2.14589e-01 3.87352e-01 2.07714e-02
4.250197 9.95283348e-02 1.31841135e-01 2.31369470e-01 8.94920257e-02 6.82896139e+00 7.76173896e+00 1.16725603e-01 1.324659e+00 1.136591e+00 2.115076e+01 2.230261e+01 1.869468e-01 5.0464e-03 1.1824e-02 -3.5430e-05 0.06395 1.14799e-01 2.04831e-01 3.74579e-01 1.99545e-02
4.500208 9.70727450e-02 1.26595851e-01 2.23668596e-01 9.00924865e-02 6.56236127e+00 7.33802816e+00 1.11203115e-01 1.304134e+00 1.118199e+00 2.028622e+01 1.987548e+01 2.873965e-01 5.1403e-03 1.2835e-02 -3.6861e-05 0.06697 1.12360e-01 1.95943e-01 3.59307e-01 1.90254e-02
4.750220 9.43020919e-02 1.23376965e-01 2.17679057e-01 8.90371021e-02 6.20836184e+00 6.90702611e+00 1.04923104e-01 1.308316e+00 1.112536e+00 1.990078e+01 1.754893e+01 3.627449e-01 5.1434e-03 1.2605e-02 -4.0502e-05 0.06771 1.07519e-01 1.81705e-01 3.38847e-01 1.79915e-02
5.000231 9.06992373e-02 1.23022724e-01 2.13721962e-01 8.70076844e-02 5.78654719e+00 6.57350867e+00 9.88804469e-02 1.356381e+00 1.135998e+00 1.974217e+01 1.563229e+01 3.551433e-01 5.0700e-03 1.1832e-02 -4.4546e-05 0.06631 9.87190e-02 1.64590e-01 3.17585e-01 1.67833e-02
5.250243 8.76109456e-02 1.24144256e-01 2.11755201e-01 8.45097697e-02 5.40815872e+00 6.37478368e+00 9.42635393e-02 1.416995e+00 1.178735e+00 1.795853e+01 1.494412e+01 2.845940e-01 4.7920e-03 1.1813e-02 -4.7565e-05 0.06379 9.01313e-02 1.51679e-01 3.02879e-01 1.55733e-02
5.500254 8.61363680e-02 1.25349793e-01 2.11486161e-01 8.18096322e-02 5.12749337e+00 6.22782337e+00 9.08425340e-02 1.455248e+00 1.214594e+00 1.504447e+01 1.441024e+01 2.351701e-01 4.4756e-03 1.1829e-02 -4.9093e-05 0.06041 8.59256e-02 1.46470e-01 2.96425e-01 1.49870e-02
5.750266 8.64793053e-02 1.26112334e-01 2.12591639e-01 7.91300521e-02 4.97932722e+00 6.05571744e+00 8.82803573e-02 1.458295e+00 1.216172e+00 1.279383e+01 1.440454e+01 2.167946e-01 4.1537e-03 1.1432e-02 -4.9645e-05 0.05981 8.65545e-02 1.47405e-01 2.99432e-01 1.53556e-02
6.000277 8.80472550e-02 1.26767345e-01 2.14814600e-01 7.65937789e-02 4.94247475e+00 5.85885653e+00 8.64106503e-02 1.439765e+00 1.185410e+00 1.263720e+01 1.436415e+01 1.796642e-01 3.9585e-03 1.1239e-02 -4.9688e-05 0.06409 8.97269e-02 1.51292e-01 3.08572e-01 1.57757e-02
6.250289 8.96368561e-02 1.28247070e-01 2.17883926e-01 7.41569305e-02 4.93723534e+00 5.76884785e+00 8.56486655e-02 1.430740e+00 1.168437e+00 1.198738e+01 1.709857e+01 1.254795e-01 3.8549e-03 1.1667e-02 -4.9450e-05 0.06514 9.42230e-02 1.58715e-01 3.14130e-01 1.62653e-02
6.500301 9.03545467e-02 1.30816171e-01 2.21170717e-01 7.17992515e-02 4.95209537e+00 5.84209436e+00 8.63535178e-02 1.447809e+00 1.179722e+00 1.215961e+01 1.953336e+01 7.491364e-02 3.6445e-03 1.2645e-02 -4.8878e-05 0.06450 1.00152e-01 1.64722e-01 3.16355e-01 1.68247e-02
6.750312 9.01538397e-02 1.33734103e-01 2.23887942e-01 6.97841254e-02 4.98944264e+00 6.01152700e+00 8.80077572e-02 1.483399e+00 1.204849e+00 1.178899e+01 1.847525e+01 5.671741e-02 3.3302e-03 1.3190e-02 -4.8071e-05 0.06352 1.02173e-01 1.64764e-01 3.13697e-01 1.72290e-02
7.000324 8.96141931e-02 1.35931577e-01 2.25545771e-01 6.85306494e-02 5.00858576e+00 6.19501825e+00 8.96288321e-02 1.516853e+00 1.236880e+00 1.142383e+01 1.749312e+01 4.565554e-02 3.1215e-03 1.2934e-02 -4.7552e-05 0.06267 9.93794e-02 1.60304e-01 3.09067e-01 1.74017e-02
7.250335 8.95331260e-02 1.36502594e-01 2.26035720e-01 6.84354190e-02 5.00983870e+00 6.30301118e+00 9.05027991e-02 1.524604e+00 1.258127e+00 1.261217e+01 1.703699e+01 2.351314e-02 3.0801e-03 1.2658e-02 -4.8067e-05 0.06196 9.53495e-02 1.54402e-01 3.06598e-01 1.73258e-02
7.500347 9.00868811e-02 1.35487799e-01 2.25574680e-01 6.96791664e-02 5.02128204e+00 6.33643033e+00 9.08616989e-02 1.503968e+00 1.261915e+00 1.427940e+01 1.691280e+01 3.158064e-02 3.0837e-03 1.1997e-02 -4.9796e-05 0.06091 9.12374e-02 1.49421e-01 3.07764e-01 1.71132e-02
7.750358 9.04213895e-02 1.33981153e-01 2.24402542e-01 7.20935807e-02 5.04282060e+00 6.43501688e+00 9.18226998e-02 1.481742e+00 1.276075e+00 1.584296e+01 1.556161e+01 8.257344e-02 3.0684e-03 1.1278e-02 -5.2259e-05 0.05889 8.74741e-02 1.46264e-01 3.12724e-01 1.68749e-02
8.000370 8.94206423e-02 1.33211240e-01 2.22631882e-01 7.51742143e-02 5.03335018e+00 6.71884307e+00 9.40175460e-02 1.489715e+00 1.334865e+00 1.720355e+01 1.342475e+01 1.363911e-01 3.0746e-03 1.1301e-02 -5.4641e-05 0.05517 8.55407e-02 1.45317e-01 3.20340e-01 1.67975e-02
8.250382 8.66916707e-02 1.33756096e-01 2.20447766e-01 7.83564932e-02 4.96419794e+00 7.12923614e+00 9.67474727e-02 1.542894e+00 1.436131e+00 1.819264e+01 1.377572e+01 1.564763e-01 3.1142e-03 1.1322e-02 -5.6409e-05 0.05002 8.60193e-02 1.47912e-01 3.30758e-01 1.70257e-02
8.500393 8.27379847e-02 1.35541642e-01 2.18279627e-01 8.13864403e-02 4.86317102e+00 7.47921884e+00 9.87391189e-02 1.638203e+00 1.537930e+00 1.835366e+01 1.550676e+01 1.555549e-01 3.0929e-03 1.0467e-02 -5.7507e-05 0.04870 8.82503e-02 1.54629e-01 3.43857e-01 1.74051e-02
8.750405 7.86117150e-02 1.38043549e-01 2.16655264e-01 8.43237471e-02 4.74465078e+00 7.62607841e+00 9.89658335e-02 1.756018e+00 1.607300e+00 1.761113e+01 1.648766e+01 1.386077e-01 3.0550e-03 9.3440e-03 -5.8125e-05 0.04659 9.12039e-02 1.65866e-01 3.57181e-01 1.76277e-02
9.000416 7.56387523e-02 1.40421807e-01 2.16060559e-01 8.74085378e-02 4.63301590e+00 7.49786797e+00 9.70470710e-02 1.856480e+00 1.618356e+00 1.681734e+01 1.744001e+01 9.376559e-02 3.0188e-03 8.5994e-03 -5.8287e-05 0.04574 9.70057e-02 1.81297e-01 3.68713e-01 1.74426e-02
9.250428 7.45586156e-02 1.42278236e-01 2.16836852e-01 9.09135989e-02 4.61400952e+00 7.11569095e+00 9.38376037e-02 1.908274e+00 1.542193e+00 1.627759e+01 1.912084e+01 3.739853e-02 2.9627e-03 8.5310e-03 -5.7908e-05 0.04938 1.08104e-01 1.96833e-01 3.77602e-01 1.71773e-02
9.500439 7.50909439e-02 1.43951965e-01 2.19042909e-01 9.49815495e-02 4.70337582e+00 6.63348485e+00 9.06948854e-02 1.917035e+00 1.410367e+00 1.573862e+01 2.093034e+01 -2.717544e-03 2.8669e-03 8.3467e-03 -5.7143e-05 0.05182 1.20910e-01 2.09396e-01 3.83454e-01 1.72145e-02
9.750451 7.67466520e-02 1.45695444e-01 2.22442096e-01 9.94947527e-02 4.85204986e+00 6.20105370e+00 8.84248285e-02 1.898395e+00 1.278028e+00 1.508308e+01 2.296443e+01 -1.276701e-03 2.7056e-03 7.6648e-03 -5.6360e-05 0.05406 1.32236e-01 2.20263e-01 3.88311e-01 1.75922e-02
10.000462 7.89498052e-02 1.47723834e-01 2.26673639e-01 1.04130409e-01 4.99635132e+00 5.88887721e+00 8.70818282e-02 1.871111e+00 1.178636e+00 1.439863e+01 2.473049e+01 3.438184e-02 2.5528e-03 6.8875e-03 -5.5862e-05 0.05513 1.41630e-01 2.28932e-01 3.92380e-01 1.81786e-02
10.250474 8.09995675e-02 1.50375154e-01 2.31374722e-01 1.08545435e-01 5.08771589e+00 5.73047635e+00 8.65455380e-02 1.856493e+00 1.126336e+00 1.382288e+01 2.594503e+01 7.751687e-02 2.4717e-03 6.4660e-03 -5.5823e-05 0.05488 1.48142e-01 2.32771e-01 3.92371e-01 1.89478e-02
10.500486 8.24543461e-02 1.53713927e-01 2.36168273e-01 1.12466123e-01 5.12889708e+00 5.73310896e+00 8.68960484e-02 1.864231e+00 1.117805e+00 1.365738e+01 2.639034e+01 1.164611e-01 2.4354e-03 6.4338e-03 -5.6278e-05 0.05406 1.49876e-01 2.29820e-01 3.84805e-01 1.96359e-02
10.750497 8.32537807e-02 1.57394977e-01 2.40648757e-01 1.15651675e-01 5.15564821e+00 5.87270798e+00 8.82268495e-02 1.890544e+00 1.139082e+00 1.434586e+01 2.597155e+01 1.483730e-01 2.4704e-03 6.5527e-03 -5.7148e-05 0.05305 1.46416e-01 2.20688e-01 3.71304e-01 2.00344e-02
11.000509 8.35302387e-02 1.60945282e-01 2.44475520e-01 1.17870371e-01 5.18569729e+00 6.08788222e+00 9.01886360e-02 1.926791e+00 1.173976e+00 1.461990e+01 2.480407e+01 1.685126e-01 2.5717e-03 6.9721e-03 -5.8263e-05 0.05347 1.39238e-01 2.07860e-01 3.56818e-01 2.00820e-02
11.250520 8.32951697e-02 1.64214363e-01 2.47509533e-01 1.18908056e-01 5.19656444e+00 6.34003083e+00 9.22927622e-02 1.971475e+00 1.220043e+00 1.454050e+01 2.310288e+01 1.738657e-01 2.7093e-03 7.9577e-03 -5.9460e-05 0.05692 1.30027e-01 1.93622e-01 3.44053e-01 1.98680e-02
11.500532 8.25289981e-02 1.67278728e-01 2.49807726e-01 1.18633620e-01 5.17985092e+00 6.60843467e+00 9.43062847e-02 2.026908e+00 1.275796e+00 1.439611e+01 2.114835e+01 1.662759e-01 2.8586e-03 8.6411e-03 -6.0631e-05 0.06077 1.19835e-01 1.79768e-01 3.33477e-01 1.95248e-02
11.750543 8.13110492e-02 1.70220367e-01 2.51531417e-01 1.17064739e-01 5.14980545e+00 6.86673454e+00 9.61323199e-02 2.093447e+00 1.333397e+00 1.577145e+01 1.920046e+01 1.530861e-01 3.0000e-03 8.4798e-03 -6.1708e-05 0.06444 1.09898e-01 1.67636e-01 3.26108e-01 1.90991e-02
12.000555 7.97945849e-02 1.73097400e-01 2.52891985e-01 1.14342955e-01 5.11829296e+00 7.08154459e+00 9.75987004e-02 2.169288e+00 1.383575e+00 1.676045e+01 1.751804e+01 1.412480e-01 3.1599e-03 8.2549e-03 -6.2649e-05 0.06726 1.01736e-01 1.58446e-01 3.23045e-01 1.87061e-02
12.250567 7.81684498e-02 1.76006983e-01 2.54175433e-01 1.10675969e-01 5.09083744e+00 7.21868078e+00 9.84761457e-02 2.251637e+00 1.417975e+00 1.665477e+01 1.629262e+01 1.299061e-01 3.2389e-03 8.2547e-03 -6.3475e-05 0.06913 9.62496e-02 1.53071e-01 3.24646e-01 1.84728e-02
12.500578 7.66463268e-02 1.79110775e-01 2.55757102e-01 1.06331764e-01 5.07234627e+00 7.27523590e+00 9.87806574e-02 2.336847e+00 1.434294e+00 1.594489e+01 1.709991e+01 1.133402e-01 3.1540e-03 8.4116e-03 -6.4282e-05 0.07025 9.35322e-02 1.51674e-01 3.29781e-01 1.84532e-02
12.750590 7.54182928e-02 1.82605358e-01 2.58023651e-01 1.01609116e-01 5.07541311e+00 7.28347188e+00 9.88710799e-02 2.421234e+00 1.435050e+00 1.544685e+01 1.941715e+01 9.508507e-02 2.9737e-03 8.8271e-03 -6.5158e-05 0.07091 9.30789e-02 1.53752e-01 3.35988e-01 1.86589e-02
13.000601 7.45860397e-02 1.86672640e-01 2.61258680e-01 9.67338474e-02 5.11254443e+00 7.28149529e+00 9.91523178e-02 2.502783e+00 1.424241e+00 1.551423e+01 2.149341e+01 8.249648e-02 2.8811e-03 9.5393e-03 -6.6119e-05 0.07124 9.37674e-02 1.57744e-01 3.40453e-01 1.90108e-02
13.250613 7.41733735e-02 1.91390073e-01 2.65563447e-01 9.17773324e-02 5.18669287e+00 7.30044552e+00 9.98971072e-02 2.580307e+00 1.407534e+00 1.513967e+01 2.241267e+01 8.132471e-02 2.9171e-03 1.0491e-02 -6.7085e-05 0.07152 9.43789e-02 1.61507e-01 3.41638e-01 1.94271e-02
13.500624 7.41190893e-02 1.96688001e-01 2.70807090e-01 8.66289427e-02 5.30057151e+00 7.37867201e+00 1.01433948e-01 2.653675e+00 1.392052e+00 1.489273e+01 2.125924e+01 9.568669e-02 2.9246e-03 1.0883e-02 -6.7919e-05 0.07176 9.48216e-02 1.63993e-01 3.40358e-01 1.99368e-02
13.750636 7.42508813e-02 2.02373637e-01 2.76624519e-01 8.10203931e-02 5.44406814e+00 7.55999299e+00 1.04032489e-01 2.725539e+00 1.388666e+00 1.441901e+01 1.799838e+01 1.309558e-01 2.8866e-03 1.0681e-02 -6.8515e-05 0.07149 9.57457e-02 1.65129e-01 3.37825e-01 2.04101e-02
14.000647 7.43985883e-02 2.08091706e-01 2.82490294e-01 7.46567461e-02 5.59049519e+00 7.86567438e+00 1.07649357e-01 2.796985e+00 1.406973e+00 1.581720e+01 1.616688e+01 1.915624e-01 2.9249e-03 1.0714e-02 -6.8864e-05 0.07068 9.63288e-02 1.64479e-01 3.33007e-01 2.06695e-02
14.250659 7.46405798e-02 2.13158979e-01 2.87799559e-01 6.73519088e-02 5.72412287e+00 8.27730857e+00 1.12011451e-01 2.855806e+00 1.446040e+00 1.860592e+01 1.716449e+01 2.588140e-01 3.0648e-03 1.0962e-02 -6.9024e-05 0.06905 9.50505e-02 1.61527e-01 3.24622e-01 2.07169e-02
14.500671 7.53565647e-02 2.16560828e-01 2.91917392e-01 5.91458700e-02 5.86173284e+00 8.72367601e+00 1.16683271e-01 2.873815e+00 1.488242e+00 2.128791e+01 1.774013e+01 2.964513e-01 3.2267e-03 1.0697e-02 -6.9067e-05 0.06698 9.24011e-02 1.56765e-01 3.13245e-01 2.06725e-02
14.750682 7.66953958e-02 2.17568258e-01 2.94263654e-01 5.04512125e-02 6.00023678e+00 9.12526687e+00 1.21004029e-01 2.836784e+00 1.520818e+00 2.391410e+01 1.777593e+01 3.073052e-01 3.4560e-03 1.0505e-02 -6.9094e-05 0.06533 9.00321e-02 1.51928e-01 3.00491e-01 2.05374e-02
15.000694 7.82099528e-02 2.16217619e-01 2.94427572e-01 4.19810625e-02 6.08031662e+00 9.47674689e+00 1.24456508e-01 2.764579e+00 1.558594e+00 2.679385e+01 1.773674e+01 3.264341e-01 3.6115e-03 1.0701e-02 -6.9166e-05 0.06274 8.84082e-02 1.47842e-01 2.87259e-01 2.04570e-02
15.250705 7.95158746e-02 2.12619504e-01 2.92135379e-01 3.43663677e-02 6.09913873e+00 9.76994934e+00 1.26952705e-01 2.673925e+00 1.601857e+00 2.838060e+01 1.772642e+01 3.418103e-01 3.6790e-03 1.1077e-02 -6.9274e-05 0.05693 8.77814e-02 1.45720e-01 2.81094e-01 2.06347e-02
15.500717 8.06181487e-02 2.06664281e-01 2.87282430e-01 2.80588315e-02 6.17170952e+00 9.88533070e+00 1.28456322e-01 2.563496e+00 1.601717e+00 2.724294e+01 1.733120e+01 3.384899e-01 3.8123e-03 1.1750e-02 -6.9466e-05 0.04869 9.04275e-02 1.47749e-01 2.91764e-01 2.10543e-02
15.750728 8.11491758e-02 1.99070996e-01 2.80220172e-01 2.34027962e-02 6.33711830e+00 9.81387157e+00 1.29207919e-01 2.453149e+00 1.548633e+00 2.397102e+01 1.654707e+01 3.390861e-01 3.9319e-03 1.2386e-02 -7.0012e-05 0.04566 9.66580e-02 1.60977e-01 3.10650e-01 2.17463e-02
16.000740 8.04173505e-02 1.91142096e-01 2.71559446e-01 2.02979830e-02 6.46575207e+00 9.76628507e+00 1.29856297e-01 2.376876e+00 1.510464e+00 2.165314e+01 1.890797e+01 3.477901e-01 3.8681e-03 1.4758e-02 -7.1185e-05 0.04572 1.07528e-01 1.87938e-01 3.37653e-01 2.26043e-02
16.250752 7.82541088e-02 1.83573152e-01 2.61827260e-01 1.81483433e-02 6.39092439e+00 9.66788510e+00 1.28470476e-01 2.345860e+00 1.512752e+00 2.085621e+01 1.968460e+01 3.496540e-01 3.8848e-03 1.6620e-02 -7.2384e-05 0.04559 1.19612e-01 2.02882e-01 3.56530e-01 2.30987e-02
16.500763 7.51456435e-02 1.76853860e-01 2.51999504e-01 1.61495795e-02 6.13843671e+00 9.27226349e+00 1.23285602e-01 2.353481e+00 1.510525e+00 2.042423e+01 1.807843e+01 3.423048e-01 3.8683e-03 1.4221e-02 -7.3642e-05 0.05173 1.20695e-01 2.01190e-01 3.62697e-01 2.27040e-02
16.750775 7.18386012e-02 1.71355134e-01 2.43193735e-01 1.41844220e-02 5.80302489e+00 8.70145367e+00 1.16035829e-01 2.385279e+00 1.499469e+00 1.993945e+01 1.767602e+01 3.595891e-01 3.6346e-03 1.1012e-02 -7.5427e-05 0.05650 1.15567e-01 1.92477e-01 3.59538e-01 2.20217e-02
17.000786 6.86918503e-02 1.67414311e-01 2.36106161e-01 1.25574218e-02 5.47086428e+00 8.14799727e+00 1.08950892e-01 2.437179e+00 1.489344e+00 1.878294e+01 1.673845e+01 3.673515e-01 3.3280e-03 9.2939e-03 -7.7495e-05 0.05695 1.09501e-01 1.84169e-01 3.50165e-01 2.11952e-02
17.250798 6.54767583e-02 1.65491531e-01 2.30968289e-01 1.15476508e-02 5.13128798e+00 7.72378497e+00 1.02840584e-01 2.527485e+00 1.505233e+00 1.738203e+01 1.537756e+01 3.230104e-01 3.2764e-03 9.1442e-03 -7.9473e-05 0.05456 1.03396e-01 1.71697e-01 3.38741e-01 2.02523e-02
17.500809 6.26006534e-02 1.65115151e-01 2.27715804e-01 1.11795346e-02 4.79944010e+00 7.43525032e+00 9.78775234e-02 2.637595e+00 1.549191e+00 1.599765e+01 1.482713e+01 2.703580e-01 3.4044e-03 8.7693e-03 -8.1253e-05 0.05126 9.44343e-02 1.58431e-01 3.26231e-01 1.92118e-02
17.750821 6.10788466e-02 1.64994348e-01 2.26073195e-01 1.13862324e-02 4.59291073e+00 7.25767529e+00 9.48046882e-02 2.701334e+00 1.580191e+00 1.792207e+01 1.385196e+01 2.532712e-01 3.5088e-03 9.0430e-03 -8.2663e-05 0.04770 8.69654e-02 1.52812e-01 3.23626e-01 1.82346e-02
18.000832 6.12957098e-02 1.64248617e-01 2.25544327e-01 1.21598087e-02 4.57203526e+00 7.10827755e+00 9.34425025e-02 2.679610e+00 1.554729e+00 1.979858e+01 1.306381e+01 2.545931e-01 3.5494e-03 1.0591e-02 -8.3560e-05 0.04408 8.49054e-02 1.55887e-01 3.34134e-01 1.75260e-02
18.250844 6.25604352e-02 1.63111384e-01 2.25671819e-01 1.33205902e-02 4.65820660e+00 6.96619558e+00 9.29952174e-02 2.607261e+00 1.495467e+00 1.962595e+01 1.267095e+01 2.501659e-01 3.5030e-03 1.1893e-02 -8.4032e-05 0.04307 8.87585e-02 1.68364e-01 3.52488e-01 1.74036e-02
18.500856 6.37496301e-02 1.62312052e-01 2.26061682e-01 1.46066550e-02 4.75344748e+00 6.90768174e+00 9.32890338e-02 2.546086e+00 1.453194e+00 1.706951e+01 1.374792e+01 2.405169e-01 3.3123e-03 1.1950e-02 -8.4199e-05 0.04382 9.72233e-02 1.84630e-01 3.68684e-01 1.76783e-02
18.750867 6.41031463e-02 1.62265245e-01 2.26368391e-01 1.56878947e-02 4.81105692e+00 6.93239476e+00 9.39476134e-02 2.531315e+00 1.440930e+00 1.555976e+01 1.478630e+01 2.315516e-01 3.2218e-03 1.1891e-02 -8.4169e-05 0.04464 1.09402e-01 1.96753e-01 3.75051e-01 1.82361e-02
19.000879 6.37859993e-02 1.62703142e-01 2.26489141e-01 1.61248573e-02 4.86418775e+00 6.96043143e+00 9.45969534e-02 2.550766e+00 1.430955e+00 1.785042e+01 1.728356e+01 2.410365e-01 3.1613e-03 1.1705e-02 -8.4114e-05 0.04447 1.23454e-01 2.02225e-01 3.73600e-01 1.92217e-02
19.250890 6.33787172e-02 1.63198537e-01 2.26577254e-01 1.56094200e-02 4.91918118e+00 6.91333057e+00 9.46600940e-02 2.574974e+00 1.405382e+00 1.918003e+01 2.113533e+01 2.565314e-01 3.0281e-03 1.1076e-02 -8.4232e-05 0.04301 1.34670e-01 2.03070e-01 3.70538e-01 2.03891e-02
19.500902 6.32444077e-02 1.63664944e-01 2.26909352e-01 1.41409330e-02 4.91516511e+00 6.80282476e+00 9.37439190e-02 2.587817e+00 1.384048e+00 1.922241e+01 2.370338e+01 2.595962e-01 2.8906e-03 9.9557e-03 -8.4633e-05 0.04286 1.39892e-01 2.02859e-01 3.68902e-01 2.12752e-02
19.750913 6.35550471e-02 1.64098783e-01 2.27653830e-01 1.19677901e-02 4.83405227e+00 6.68310088e+00 9.21372252e-02 2.581995e+00 1.382505e+00 1.825007e+01 2.425874e+01 2.335705e-01 2.7598e-03 8.8978e-03 -8.5223e-05 0.04119 1.40414e-01 2.03014e-01 3.68196e-01 2.16733e-02
20.000925 6.43592566e-02 1.64352171e-01 2.28711428e-01 9.46362101e-03 4.73639138e+00 6.60730191e+00 9.07495463e-02 2.553668e+00 1.395008e+00 1.693317e+01 2.306989e+01 2.018653e-01 2.6276e-03 8.3797e-03 -8.5731e-05 0.04113 1.37636e-01 2.01202e-01 3.65231e-01 2.16623e-02
20.250937 6.54681723e-02 1.64235557e-01 2.29703730e-01 6.99341109e-03 4.68746072e+00 6.61141846e+00 9.03910334e-02 2.508632e+00 1.410448e+00 1.574402e+01 2.153171e+01 1.911949e-01 2.5408e-03 8.0972e-03 -8.5974e-05 0.04175 1.32158e-01 1.95767e-01 3.59073e-01 2.14282e-02
20.500948 6.64731124e-02 1.63715764e-01 2.30188877e-01 4.79144207e-03 4.67853264e+00 6.70313011e+00 9.10533020e-02 2.462887e+00 1.432742e+00 1.479708e+01 2.042700e+01 1.916219e-01 2.4993e-03 7.9580e-03 -8.6004e-05 0.04337 1.25582e-01 1.88586e-01 3.53193e-01 2.10507e-02
20.750960 6.69629212e-02 1.62955509e-01 2.29918431e-01 2.90833717e-03 4.65180917e+00 6.86816458e+00 9.21597900e-02 2.433519e+00 1.476450e+00 1.419986e+01 1.949608e+01 1.948906e-01 2.4935e-03 8.1157e-03 -8.5978e-05 0.04511 1.19036e-01 1.81653e-01 3.50710e-01 2.04887e-02
21.000971 6.68259672e-02 1.62108319e-01 2.28934286e-01 1.26829547e-03 4.58570318e+00 7.04683283e+00 9.30602880e-02 2.425828e+00 1.536696e+00 1.392717e+01 1.851320e+01 2.229650e-01 2.5183e-03 8.4706e-03 -8.6019e-05 0.04519 1.12386e-01 1.75252e-01 3.50417e-01 1.96871e-02
21.250983 6.62226283e-02 1.61241578e-01 2.27464206e-01 -2.72124837e-04 4.49197839e+00 7.20023083e+00 9.35376738e-02 2.434841e+00 1.602909e+00 1.433382e+01 1.743924e+01 2.660870e-01 2.5489e-03 9.0887e-03 -8.6192e-05 0.04464 1.05664e-01 1.69509e-01 3.48733e-01 1.87656e-02
21.500994 6.54176786e-02 1.60313392e-01 2.25731071e-01 -1.92449006e-03 4.39055079e+00 7.32543339e+00 9.37278734e-02 2.450613e+00 1.668454e+00 1.492794e+01 1.627403e+01 3.009440e-01 2.6209e-03 9.5565e-03 -8.6493e-05 0.04311 1.00025e-01 1.65232e-01 3.45104e-01 1.79423e-02
21.751006 6.46783407e-02 1.59209436e-01 2.23887777e-01 -3.90001630e-03 4.29522897e+00 7.41402942e+00 9.36740671e-02 2.461557e+00 1.726108e+00 1.547401e+01 1.509391e+01 3.166926e-01 2.7275e-03 9.9132e-03 -8.6831e-05 0.04398 9.67549e-02 1.63142e-01 3.41282e-01 1.73737e-02
22.001017 6.42996857e-02 1.57769339e-01 2.22069024e-01 -6.36016061e-03 4.20890674e+00 7.45582056e+00 9.33178184e-02 2.453656e+00 1.771439e+00 1.587232e+01 1.409191e+01 3.150208e-01 2.8023e-03 1.0190e-02 -8.7120e-05 0.04281 9.54937e-02 1.62225e-01 3.37359e-01 1.70227e-02
22.251029 6.45596119e-02 1.55848112e-01 2.20407724e-01 -9.36141182e-03 4.15418733e+00 7.44202935e+00 9.27697335e-02 2.414019e+00 1.791453e+00 1.610834e+01 1.374498e+01 3.095276e-01 2.8463e-03 1.0236e-02 -8.7332e-05 0.04384 9.48037e-02 1.61535e-01 3.32567e-01 1.67395e-02
22.501041 6.54591673e-02 1.53534371e-01 2.18993539e-01 -1.28221676e-02 4.15438228e+00 7.39223711e+00 9.23729551e-02 2.345498e+00 1.779383e+00 1.626464e+01 1.476614e+01 3.010568e-01 2.8594e-03 1.0141e-02 -8.7474e-05 0.04454 9.42642e-02 1.61422e-01 3.27197e-01 1.64651e-02
22.751052 6.66620790e-02 1.51222759e-01 2.17884838e-01 -1.65495141e-02 4.21457191e+00 7.34152934e+00 9.24488100e-02 2.268497e+00 1.741940e+00 1.634609e+01 1.548607e+01 2.756086e-01 2.8623e-03 1.0046e-02 -8.7573e-05 0.04509 9.40796e-02 1.61739e-01 3.22379e-01 1.62986e-02
23.001064 6.75693509e-02 1.49582595e-01 2.17151946e-01 -2.02842813e-02 4.31640348e+00 7.33818038e+00 9.32366709e-02 2.213764e+00 1.700068e+00 1.639117e+01 1.596432e+01 2.380759e-01 2.9001e-03 9.9247e-03 -8.7682e-05 0.04554 9.34740e-02 1.60825e-01 3.18427e-01 1.63134e-02
23.251075 6.75560869e-02 1.49273140e-01 2.16829227e-01 -2.37271035e-02 4.42417080e+00 7.45654145e+00 9.50456979e-02 2.209618e+00 1.685410e+00 1.640147e+01 1.628577e+01 2.152750e-01 2.9859e-03 9.9415e-03 -8.7857e-05 0.04704 9.09132e-02 1.57347e-01 3.14810e-01 1.63611e-02
23.501087 6.64410270e-02 1.50374878e-01 2.16815905e-01 -2.65225741e-02 4.52406841e+00 7.73457454e+00 9.80691436e-02 2.263283e+00 1.709650e+00 1.628626e+01 1.677989e+01 2.136718e-01 3.0785e-03 1.0341e-02 -8.8119e-05 0.04845 8.61907e-02 1.52035e-01 3.11182e-01 1.63006e-02
23.751098 6.46074401e-02 1.52304412e-01 2.16911852e-01 -2.82923279e-02 4.64105965e+00 8.08915020e+00 1.01841679e-01 2.357382e+00 1.742953e+00 1.603279e+01 1.718153e+01 2.207239e-01 3.1741e-03 1.1125e-02 -8.8431e-05 0.04965 8.09740e-02 1.46631e-01 3.08950e-01 1.61698e-02
24.001110 6.27302777e-02 1.54360711e-01 2.17090989e-01 -2.87755568e-02 4.82610613e+00 8.27315089e+00 1.04794056e-01 2.460705e+00 1.714250e+00 1.549462e+01 1.692887e+01 2.359322e-01 3.3422e-03 1.1848e-02 -8.8757e-05 0.05082 7.80276e-02 1.44463e-01 3.12611e-01 1.62845e-02
24.251122 6.14786820e-02 1.56322934e-01 2.17801616e-01 -2.79736099e-02 5.10314091e+00 8.08510436e+00 1.05505962e-01 2.542718e+00 1.584339e+00 1.463501e+01 1.582853e+01 2.617409e-01 3.4646e-03 1.2108e-02 -8.9120e-05 0.05257 8.00494e-02 1.48506e-01 3.24786e-01 1.68388e-02
24.501133 6.12960791e-02 1.58072327e-01 2.19368406e-01 -2.61331371e-02 5.43790601e+00 7.98110958e+00 1.07352125e-01 2.578833e+00 1.467681e+00 1.565100e+01 1.590996e+01 2.893696e-01 3.4550e-03 1.1960e-02 -8.9605e-05 0.05552 8.47558e-02 1.54820e-01 3.38901e-01 1.77608e-02
24.751145 6.26527787e-02 1.58479927e-01 2.21132706e-01 -2.34643770e-02 5.83016998e+00 7.97898766e+00 1.10473261e-01 2.529496e+00 1.368569e+00 2.354611e+01 1.759077e+01 2.934469e-01 4.1253e-03 1.1226e-02 -9.0222e-05 0.05852 9.05225e-02 1.63551e-01 3.52750e-01 1.88120e-02
25.001156 6.46727973e-02 1.58354157e-01 2.23026954e-01 -1.99702710e-02 6.17864163e+00 7.81878949e+00 1.11979449e-01 2.448543e+00 1.265454e+00 1.548781e+01 2.331480e+01 2.673706e-01 3.8195e-03 1.0553e-02 -9.0769e-05 0.06004 1.01226e-01 1.77354e-01 3.64101e-01 2.01044e-02
25.251168 6.52845694e-02 1.59532498e-01 2.24817067e-01 -1.62266575e-02 6.33111932e+00 7.94596259e+00 1.14216655e-01 2.443648e+00 1.255064e+00 1.474523e+01 2.316823e+01 2.529997e-01 3.9037e-03 1.0727e-02 -9.1257e-05 0.05750 1.09135e-01 1.88138e-01 3.65220e-01 2.12656e-02
25.501179 6.40518159e-02 1.62402833e-01 2.26454648e-01 -1.26549977e-02 6.26900953e+00 8.12338824e+00 1.15139182e-01 2.535491e+00 1.295801e+00 1.548123e+01 2.071767e+01 2.661420e-01 4.0388e-03 1.1469e-02 -9.1683e-05 0.05221 1.11468e-01 1.92183e-01 3.57143e-01 2.17510e-02
25.751191 6.16811858e-02 1.66958001e-01 2.28639187e-01 -9.47297776e-03 6.11500606e+00 8.07060528e+00 1.13484891e-01 2.706790e+00 1.319803e+00 1.440564e+01 2.034541e+01 3.219167e-01 3.9553e-03 1.1888e-02 -9.1990e-05 0.05149 1.11392e-01 1.93068e-01 3.46178e-01 2.15611e-02
26.001202 5.87127917e-02 1.73416705e-01 2.32129497e-01 -7.05668626e-03 5.91202559e+00 7.93989833e+00 1.10815391e-01 2.953644e+00 1.343008e+00 1.479145e+01 2.171104e+01 3.905657e-01 3.8266e-03 1.2224e-02 -9.2163e-05 0.05268 1.11816e-01 1.88113e-01 3.36123e-01 2.09428e-02
26.251214 5.54615220e-02 1.81675541e-01 2.37137063e-01 -5.82004797e-03 5.68149804e+00 7.94718496e+00 1.09029464e-01 3.275704e+00 1.398783e+00 1.492244e+01 2.357019e+01 4.249912e-01 3.7646e-03 1.3111e-02 -9.2070e-05 0.05173 1.07433e-01 1.73488e-01 3.19144e-01 1.99669e-02
26.501226 5.23738121e-02 1.91038542e-01 2.43412354e-01 -5.88751769e-03 5.45952692e+00 8.14352486e+00 1.08824414e-01 3.647597e+00 1.491617e+00 1.531661e+01 2.347512e+01 3.974968e-01 3.6450e-03 1.2060e-02 -9.1902e-05 0.04760 9.54518e-02 1.51670e-01 2.93482e-01 1.88189e-02
26.751237 4.99972532e-02 2.00621815e-01 2.50619068e-01 -6.95587246e-03 5.24119239e+00 8.40236001e+00 1.09148419e-01 4.012657e+00 1.603139e+00 1.628021e+01 2.079217e+01 3.723186e-01 3.6698e-03 1.0827e-02 -9.1907e-05 0.04215 8.32161e-02 1.31393e-01 2.69169e-01 1.76968e-02
27.001249 4.83796935e-02 2.10086048e-01 2.58465741e-01 -8.68607728e-03 4.99387693e+00 8.74334160e+00 1.09897748e-01 4.342443e+00 1.750812e+00 1.639327e+01 1.902674e+01 3.656613e-01 3.6611e-03 9.7971e-03 -9.2100e-05 0.04206 7.34066e-02 1.15709e-01 2.49369e-01 1.67210e-02
27.251260 4.76729870e-02 2.18737721e-01 2.66410708e-01 -1.10564120e-02 4.75762683e+00 9.16902503e+00 1.11413215e-01 4.588295e+00 1.927227e+00 1.701084e+01 1.902054e+01 3.168678e-01 3.6406e-03 9.3014e-03 -9.2432e-05 0.04135 6.65046e-02 1.05181e-01 2.32935e-01 1.61317e-02
27.501272 4.84561317e-02 2.25500615e-01 2.73956747e-01 -1.41905139e-02 4.57482082e+00 9.45699384e+00 1.12254517e-01 4.653707e+00 2.067183e+00 1.769669e+01 1.863483e+01 2.057903e-01 3.5744e-03 9.2333e-03 -9.2813e-05 0.04076 6.25253e-02 9.97012e-02 2.20826e-01 1.58821e-02
27.751283 5.08183419e-02 2.30162273e-01 2.80980615e-01 -1.80962961e-02 4.41062347e+00 9.52068277e+00 1.11450450e-01 4.529118e+00 2.158580e+00 1.671228e+01 1.695523e+01 1.218245e-01 3.2941e-03 9.5183e-03 -9.3147e-05 0.04082 6.05207e-02 9.75588e-02 2.11519e-01 1.56739e-02
28.001295 5.42698259e-02 2.33118095e-01 2.87387921e-01 -2.27956028e-02 4.24892843e+00 9.52553114e+00 1.10195677e-01 4.295538e+00 2.241867e+00 1.555485e+01 1.411335e+01 1.014694e-01 3.0773e-03 9.9238e-03 -9.3406e-05 0.04256 5.86033e-02 9.44142e-02 2.00651e-01 1.51648e-02
28.251307 5.80993542e-02 2.34635638e-01 2.92734992e-01 -2.82992852e-02 4.17012349e+00 9.60188459e+00 1.10176065e-01 4.038524e+00 2.302542e+00 1.603539e+01 1.357385e+01 1.230744e-01 3.0863e-03 9.7592e-03 -9.3631e-05 0.04424 5.72619e-02 9.08484e-02 1.90684e-01 1.47538e-02
28.501318 6.14005208e-02 2.34994095e-01 2.96394616e-01 -3.45996469e-02 4.20203933e+00 9.77594103e+00 1.11823843e-01 3.827233e+00 2.326475e+00 1.647652e+01 1.371166e+01 1.433456e-01 2.9762e-03 9.6409e-03 -9.3920e-05 0.04703 5.73541e-02 8.94208e-02 1.84960e-01 1.48993e-02
28.751330 6.32996743e-02 2.34669917e-01 2.97969592e-01 -4.16082056e-02 4.27494314e+00 1.00468967e+01 1.14574719e-01 3.707285e+00 2.350183e+00 1.722817e+01 1.427955e+01 1.611083e-01 2.8677e-03 9.3674e-03 -9.4413e-05 0.04830 5.75206e-02 8.96030e-02 1.83705e-01 1.51074e-02
29.001341 6.32884468e-02 2.34272579e-01 2.97561026e-01 -4.89907539e-02 4.29874962e+00 1.04213607e+01 1.17760883e-01 3.701664e+00 2.424277e+00 1.771470e+01 1.419915e+01 1.813665e-01 3.0214e-03 8.7563e-03 -9.5081e-05 0.04953 5.76131e-02 9.00324e-02 1.86802e-01 1.50277e-02
29.251353 6.18863502e-02 2.33959900e-01 2.95846250e-01 -5.61629574e-02 4.25936077e+00 1.07674157e+01 1.20214211e-01 3.780477e+00 2.527942e+00 1.864555e+01 1.358606e+01 1.894725e-01 3.2940e-03 9.5489e-03 -9.5620e-05 0.04837 5.74236e-02 8.89727e-02 1.93872e-01 1.47163e-02
29.501364 6.01898259e-02 2.33709804e-01 2.93899630e-01 -6.26339755e-02 4.20018853e+00 1.09067272e+01 1.20855326e-01 3.882879e+00 2.596723e+00 1.908449e+01 1.288761e+01 1.935695e-01 3.4991e-03 9.4503e-03 -9.5940e-05 0.04745 5.52644e-02 8.51140e-02 2.01945e-01 1.43460e-02
29.751376 5.87522531e-02 2.33905525e-01 2.92657778e-01 -6.81921907e-02 4.15013918e+00 1.09033508e+01 1.20427919e-01 3.981218e+00 2.627225e+00 1.982220e+01 1.224160e+01 2.036119e-01 3.5538e-03 8.3625e-03 -9.6197e-05 0.04811 5.19017e-02 8.17005e-02 2.09595e-01 1.39634e-02
30.001387 5.78616441e-02 2.34646234e-01 2.92507879e-01 -7.27761695e-02 4.15515786e+00 1.08613890e+01 1.20132375e-01 4.055298e+00 2.613953e+00 2.010393e+01 1.191724e+01 2.224834e-01 3.5080e-03 7.1677e-03 -9.6400e-05 0.04928 4.91638e-02 8.04619e-02 2.14914e-01 1.36033e-02
30.251399 5.75985718e-02 2.35717116e-01 2.93315687e-01 -7.62952117e-02 4.25306657e+00 1.08244017e+01 1.20619746e-01 4.092413e+00 2.545082e+00 2.016516e+01 1.196144e+01 2.497581e-01 3.4532e-03 6.6523e-03 -9.6454e-05 0.04967 4.73039e-02 8.02474e-02 2.16977e-01 1.33532e-02
30.501411 5.78055820e-02 2.36816913e-01 2.94622495e-01 -7.86168541e-02 4.42300016e+00 1.08276895e+01 1.22005517e-01 4.096783e+00 2.448042e+00 2.027390e+01 1.203674e+01 2.546209e-01 3.3882e-03 6.6973e-03 -9.6365e-05 0.04847 4.60607e-02 8.03912e-02 2.17257e-01 1.33546e-02
30.751422 5.81195954e-02 2.37727473e-01 2.95847068e-01 -7.96072895e-02 4.62089416e+00 1.09229453e+01 1.24350716e-01 4.090315e+00 2.363816e+00 2.058673e+01 1.320668e+01 2.163675e-01 3.2773e-03 6.9369e-03 -9.6246e-05 0.04549 4.59094e-02 8.16661e-02 2.17945e-01 1.36586e-02
31.001434 5.80678071e-02 2.38344232e-01 2.96412039e-01 -7.91874994e-02 4.81496678e+00 1.10931471e+01 1.27264911e-01 4.104585e+00 2.303889e+00 2.126179e+01 1.421373e+01 1.471025e-01 3.2717e-03 7.4213e-03 -9.6222e-05 0.04468 4.72054e-02 8.40736e-02 2.20770e-01 1.42144e-02
31.251445 5.78134626e-02 2.38173057e-01 2.95986520e-01 -7.74328573e-02 4.99536466e+00 1.12045198e+01 1.29599076e-01 4.119682e+00 2.242983e+00 2.212547e+01 1.497869e+01 8.279510e-02 3.3118e-03 8.1101e-03 -9.6353e-05 0.04533 4.96330e-02 8.72567e-02 2.26865e-01 1.48628e-02
31.501457 5.80166121e-02 2.36543900e-01 2.94560512e-01 -7.47577896e-02 5.18484411e+00 1.11447534e+01 1.30636780e-01 4.077175e+00 2.149487e+00 2.286446e+01 1.548694e+01 4.990712e-02 3.2532e-03 8.5363e-03 -9.6627e-05 0.04597 5.28906e-02 9.14604e-02 2.36529e-01 1.53782e-02
31.751468 5.86967057e-02 2.33460029e-01 2.92156734e-01 -7.17104236e-02 5.32982610e+00 1.10196498e+01 1.30795807e-01 3.977396e+00 2.067544e+00 2.334042e+01 1.556831e+01 4.605390e-02 3.0932e-03 8.9020e-03 -9.7033e-05 0.04596 5.63927e-02 9.65321e-02 2.45338e-01 1.57169e-02
32.001480 5.95767646e-02 2.29131218e-01 2.88707983e-01 -6.87224869e-02 5.40002055e+00 1.08802501e+01 1.30242165e-01 3.845983e+00 2.014853e+00 2.376501e+01 1.504227e+01 6.984786e-02 3.0289e-03 9.4225e-03 -9.7568e-05 0.04535 5.91714e-02 1.01182e-01 2.49118e-01 1.58139e-02
32.251491 6.03939756e-02 2.23793417e-01 2.84187392e-01 -6.60678977e-02 5.40423555e+00 1.07075341e+01 1.28894157e-01 3.705559e+00 1.981323e+00 2.399039e+01 1.474556e+01 1.050052e-01 3.0723e-03 9.8498e-03 -9.8204e-05 0.04700 6.09611e-02 1.03832e-01 2.47178e-01 1.57898e-02
32.501503 6.05160044e-02 2.18184614e-01 2.78700618e-01 -6.37712028e-02 5.35645049e+00 1.04932723e+01 1.26797782e-01 3.605403e+00 1.958997e+00 2.361279e+01 1.518873e+01 1.456526e-01 3.2511e-03 9.7508e-03 -9.8921e-05 0.04849 6.18172e-02 1.03954e-01 2.41664e-01 1.56900e-02
32.751515 5.95114402e-02 2.12996315e-01 2.72507756e-01 -6.17353699e-02 5.25424909e+00 1.02631983e+01 1.24139579e-01 3.579082e+00 1.953314e+00 2.284197e+01 1.537340e+01 1.747418e-01 3.5302e-03 9.3241e-03 -9.9687e-05 0.04746 6.20448e-02 1.02490e-01 2.34979e-01 1.54861e-02
33.001526 5.75970944e-02 2.08466361e-01 2.66063456e-01 -5.99582382e-02 5.10215147e+00 9.97987996e+00 1.20656251e-01 3.619390e+00 1.956014e+00 2.192112e+01 1.534580e+01 1.938556e-01 3.7845e-03 9.0095e-03 -1.0045e-04 0.04568 6.19302e-02 1.01222e-01 2.30254e-01 1.52127e-02
33.251538 5.53465703e-02 2.04648800e-01 2.59995370e-01 -5.84710002e-02 4.92381271e+00 9.61902723e+00 1.16342719e-01 3.697588e+00 1.953573e+00 2.121812e+01 1.509203e+01 2.208866e-01 3.8775e-03 8.9837e-03 -1.0118e-04 0.04322 6.15814e-02 1.01381e-01 2.27618e-01 1.49291e-02
33.501549 5.32383418e-02 2.01646054e-01 2.54884396e-01 -5.71503876e-02 4.72967854e+00 9.23866544e+00 1.11746752e-01 3.787610e+00 1.953339e+00 2.072310e+01 1.462432e+01 2.389602e-01 3.7196e-03 9.4888e-03 -1.0186e-04 0.04285 6.11199e-02 1.01860e-01 2.25060e-01 1.46325e-02
33.751561 5.15601097e-02 1.99557901e-01 2.51118011e-01 -5.57896963e-02 4.54501463e+00 8.85298645e+00 1.07184009e-01 3.870393e+00 1.947846e+00 2.016215e+01 1.395929e+01 2.474502e-01 3.5082e-03 1.0155e-02 -1.0246e-04 0.04586 6.04903e-02 1.01101e-01 2.22742e-01 1.43334e-02
34.001572 5.04634490e-02 1.98473159e-01 2.48936608e-01 -5.43809655e-02 4.38713746e+00 8.39256930e+00 1.02237654e-01 3.933008e+00 1.912994e+00 1.931724e+01 1.320489e+01 2.560542e-01 3.5046e-03 1.0182e-02 -1.0298e-04 0.04721 6.00551e-02 9.97958e-02 2.24145e-01 1.40311e-02
34.251584 4.99069833e-02 1.98580506e-01 2.48487489e-01 -5.31831494e-02 4.22800242e+00 7.88376291e+00 9.68941227e-02 3.979012e+00 1.864654e+00 1.803551e+01 1.255666e+01 2.628492e-01 3.5055e-03 9.6753e-03 -1.0343e-04 0.04663 6.07484e-02 1.00160e-01 2.31378e-01 1.37883e-02
34.501596 4.98661569e-02 1.99793253e-01 2.49659410e-01 -5.23613997e-02 4.06261418e+00 7.48290255e+00 9.23641338e-02 4.006590e+00 1.841893e+00 1.704739e+01 1.211376e+01 2.510953e-01 3.3546e-03 9.1161e-03 -1.0383e-04 0.04716 6.25795e-02 1.02665e-01 2.40944e-01 1.36768e-02
34.751607 5.03275367e-02 2.01670981e-01 2.51998518e-01 -5.18019030e-02 3.92309976e+00 7.28961710e+00 8.97017349e-02 4.007170e+00 1.858127e+00 1.710349e+01 1.177615e+01 2.181834e-01 3.0958e-03 8.9280e-03 -1.0419e-04 0.04789 6.44752e-02 1.05620e-01 2.47692e-01 1.36971e-02
35.001619 5.10977041e-02 2.03807818e-01 2.54905522e-01 -5.13000499e-02 3.83826730e+00 7.26586850e+00 8.88330864e-02 3.988591e+00 1.893007e+00 1.730553e+01 1.164246e+01 1.846452e-01 2.9106e-03 8.9657e-03 -1.0454e-04 0.04919 6.52695e-02 1.07271e-01 2.50135e-01 1.37427e-02
35.251630 5.18789135e-02 2.06033972e-01 2.57912886e-01 -5.06740437e-02 3.81059769e+00 7.32122169e+00 8.90545551e-02 3.971440e+00 1.921279e+00 1.718122e+01 1.191000e+01 1.559603e-01 2.8720e-03 8.7345e-03 -1.0489e-04 0.05055 6.48253e-02 1.07516e-01 2.50417e-01 1.37500e-02
35.501642 5.23987539e-02 2.08356011e-01 2.60754765e-01 -4.97492140e-02 3.82660256e+00 7.38944681e+00 8.97283950e-02 3.976354e+00 1.931072e+00 1.675731e+01 1.195785e+01 1.312076e-01 2.9247e-03 8.4728e-03 -1.0524e-04 0.05160 6.39146e-02 1.07124e-01 2.50451e-01 1.37448e-02
35.751653 5.24938784e-02 2.10803865e-01 2.63297743e-01 -4.83030126e-02 3.87047085e+00 7.44726917e+00 9.05419202e-02 4.015780e+00 1.924125e+00 1.621484e+01 1.181440e+01 1.088842e-01 2.9683e-03 8.3477e-03 -1.0559e-04 0.05205 6.31122e-02 1.06590e-01 2.50460e-01 1.37615e-02
36.001665 5.22593504e-02 2.13223010e-01 2.65482360e-01 -4.60998573e-02 3.94465897e+00 7.47918654e+00 9.13907641e-02 4.080093e+00 1.896029e+00 1.562971e+01 1.154018e+01 8.812345e-02 2.9804e-03 8.2678e-03 -1.0599e-04 0.05204 6.26568e-02 1.06224e-01 2.49852e-01 1.38449e-02
36.251676 5.19128695e-02 2.15378202e-01 2.67291072e-01 -4.30089343e-02 4.04807589e+00 7.47237204e+00 9.21635835e-02 4.148840e+00 1.845907e+00 1.578728e+01 1.183278e+01 7.390150e-02 2.9851e-03 8.2294e-03 -1.0646e-04 0.05186 6.26016e-02 1.06131e-01 2.48866e-01 1.40354e-02
36.501688 5.15420969e-02 2.17193739e-01 2.68735836e-01 -3.90455118e-02 4.14829724e+00 7.43766378e+00 9.26876881e-02 4.213910e+00 1.792944e+00 1.606156e+01 1.210440e+01 7.196009e-02 2.9940e-03 8.2022e-03 -1.0704e-04 0.05167 6.29066e-02 1.06420e-01 2.48183e-01 1.43200e-02
36.751700 5.11540164e-02 2.18704981e-01 2.69858997e-01 -3.43269461e-02 4.20915937e+00 7.39816851e+00 9.28586231e-02 4.275421e+00 1.757636e+00 1.599501e+01 1.217020e+01 8.240892e-02 2.9914e-03 8.1150e-03 -1.0770e-04 0.05160 6.35673e-02 1.07261e-01 2.48284e-01 1.46767e-02
37.001711 5.08295725e-02 2.19876022e-01 2.70705595e-01 -2.90249757e-02 4.22434730e+00 7.37206354e+00 9.27712867e-02 4.325750e+00 1.745137e+00 1.571596e+01 1.206272e+01 9.747918e-02 2.9620e-03 8.0687e-03 -1.0844e-04 0.05161 6.45635e-02 1.08471e-01 2.49005e-01 1.50710e-02
37.251723 5.06979809e-02 2.20583950e-01 2.71281931e-01 -2.33371687e-02 4.21021860e+00 7.36397134e+00 9.25935195e-02 4.350942e+00 1.749071e+00 1.548594e+01 1.181004e+01 1.116692e-01 2.9185e-03 8.2004e-03 -1.0919e-04 0.05168 6.56990e-02 1.09556e-01 2.49633e-01 1.54576e-02
37.501734 5.08379496e-02 2.20721807e-01 2.71559756e-01 -1.74604938e-02 4.18404416e+00 7.36291239e+00 9.23756524e-02 4.341674e+00 1.759760e+00 1.528341e+01 1.171469e+01 1.260253e-01 2.8907e-03 8.3736e-03 -1.0994e-04 0.05139 6.66789e-02 1.10286e-01 2.49584e-01 1.57845e-02
37.751746 5.12368106e-02 2.20282609e-01 2.71519420e-01 -1.15569975e-02 4.15426819e+00 7.35190443e+00 9.20493809e-02 4.299304e+00 1.769723e+00 1.514739e+01 1.164166e+01 1.424342e-01 2.8936e-03 8.3626e-03 -1.1066e-04 0.05090 6.73661e-02 1.10861e-01 2.48973e-01 1.60130e-02
38.001757 5.18126341e-02 2.19370807e-01 2.71183441e-01 -5.73252350e-03 4.12011338e+00 7.32282291e+00 9.15434903e-02 4.233925e+00 1.777335e+00 1.505926e+01 1.132234e+01 1.609077e-01 2.9202e-03 8.1218e-03 -1.1133e-04 0.05007 6.77875e-02 1.11458e-01 2.48320e-01 1.61287e-02
38.251769 5.24683511e-02 2.18148461e-01 2.70616812e-01 -5.15319003e-05 4.07507882e+00 7.28023298e+00 9.08424944e-02 4.157715e+00 1.786526e+00 1.508798e+01 1.090094e+01 1.796569e-01 2.9650e-03 7.7520e-03 -1.1194e-04 0.04920 6.79226e-02 1.11819e-01 2.47805e-01 1.61288e-02
38.501781 5.31467719e-02 2.16762408e-01 2.69909180e-01 5.42718257e-03 4.01710826e+00 7.22492331e+00 8.99362525e-02 4.078562e+00 1.798538e+00 1.513029e+01 1.049485e+01 1.962917e-01 3.0436e-03 7.3883e-03 -1.1247e-04 0.04814 6.76602e-02 1.11518e-01 2.47112e-01 1.60142e-02
38.751792 5.38384261e-02 2.15322000e-01 2.69160426e-01 1.06296407e-02 3.95412189e+00 7.14600591e+00 8.88010224e-02 3.999411e+00 1.807230e+00 1.522816e+01 1.015316e+01 2.112018e-01 3.1504e-03 7.0906e-03 -1.1292e-04 0.04717 6.69318e-02 1.10489e-01 2.45797e-01 1.57899e-02
39.001804 5.45356937e-02 2.13925271e-01 2.68460964e-01 1.54822931e-02 3.89569220e+00 7.03847913e+00 8.74733706e-02 3.922665e+00 1.806734e+00 1.541829e+01 1.075509e+01 2.275530e-01 3.2819e-03 6.8237e-03 -1.1330e-04 0.04628 6.57482e-02 1.08934e-01 2.43629e-01 1.54727e-02
39.251815 5.51987360e-02 2.12675821e-01 2.67874557e-01 1.99493224e-02 3.84489868e+00 6.90819328e+00 8.60247356e-02 3.852911e+00 1.796717e+00 1.566036e+01 1.086143e+01 2.458270e-01 3.4317e-03 6.5824e-03 -1.1363e-04 0.04550 6.41785e-02 1.06987e-01 2.40709e-01 1.50890e-02
39.501827 5.57654464e-02 2.11683624e-01 2.67449070e-01 2.40477552e-02 3.79986367e+00 6.76225136e+00 8.44969202e-02 3.795964e+00 1.779604e+00 1.585797e+01 1.048047e+01 2.656120e-01 3.5536e-03 6.3895e-03 -1.1392e-04 0.04499 6.23532e-02 1.04717e-01 2.37249e-01 1.46499e-02
39.751838 5.61732622e-02 2.11060960e-01 2.67234223e-01 2.78274922e-02 3.75714726e+00 6.60890481e+00 8.29284165e-02 3.757321e+00 1.759022e+00 1.582889e+01 9.843009e+00 2.870902e-01 3.6305e-03 6.2143e-03 -1.1419e-04 0.04437 6.04575e-02 1.02299e-01 2.33497e-01 1.41760e-02
40.001850 5.63712551e-02 2.10912606e-01 2.67283861e-01 3.13393504e-02 3.71242703e+00 6.46039891e+00 8.13826075e-02 3.741492e+00 1.740209e+00 1.560301e+01 9.767387e+00 3.081015e-01 3.6704e-03 6.0240e-03 -1.1445e-04 0.04374 5.87022e-02 1.00009e-01 2.29774e-01 1.37102e-02
40.251861 5.63279958e-02 2.11322271e-01 2.67650267e-01 3.46195005e-02 3.66225725e+00 6.33014025e+00 7.99391800e-02 3.751638e+00 1.728481e+00 1.520597e+01 1.007758e+01 3.259596e-01 3.6734e-03 5.8472e-03 -1.1471e-04 0.04310 5.72456e-02 9.80531e-02 2.26340e-01 1.32915e-02
40.501873 5.60368184e-02 2.12338703e-01 2.68375521e-01 3.76945991e-02 3.60605184e+00 6.23054674e+00 7.86927886e-02 3.789271e+00 1.727803e+00 1.495209e+01 1.043777e+01 3.393545e-01 3.6353e-03 5.7429e-03 -1.1498e-04 0.04248 5.60944e-02 9.63963e-02 2.23132e-01 1.29348e-02
40.751885 5.55169761e-02 2.13965802e-01 2.69482778e-01 4.05889856e-02 3.54550657e+00 6.16981384e+00 7.77225633e-02 3.854061e+00 1.740178e+00 1.477298e+01 1.084330e+01 3.473718e-01 3.5690e-03 5.7343e-03 -1.1526e-04 0.04190 5.50831e-02 9.47619e-02 2.19700e-01 1.26321e-02
41.001896 5.48112183e-02 2.16164014e-01 2.70975232e-01 4.33256010e-02 3.48201798e+00 6.14815318e+00 7.70413693e-02 3.943791e+00 1.765687e+00 1.465156e+01 1.124857e+01 3.491940e-01 3.5004e-03 5.7837e-03 -1.1555e-04 0.04129 5.39711e-02 9.28339e-02 2.15600e-01 1.23638e-02
41.251908 5.39826708e-02 2.18858139e-01 2.72840810e-01 4.59254860e-02 3.41574435e+00 6.15864976e+00 7.65951529e-02 4.054230e+00 1.803018e+00 1.485919e+01 1.160758e+01 3.452172e-01 3.4463e-03 5.8315e-03 -1.1587e-04 0.04222 5.25797e-02 9.05033e-02 2.10790e-01 1.21156e-02
41.501919 5.31073617e-02 2.21949257e-01 2.75056619e-01 4.84093204e-02 3.34742260e+00 6.19058878e+00 7.63040910e-02 4.179256e+00 1.849360e+00 1.490725e+01 1.183209e+01 3.373977e-01 3.4078e-03 5.8559e-03 -1.1619e-04 0.04312 5.08799e-02 8.79100e-02 2.05507e-01 1.18820e-02
41.751931 5.22589375e-02 2.25334739e-01 2.77593677e-01 5.08018646e-02 3.27924226e+00 6.23293188e+00 7.60973931e-02 4.311889e+00 1.900723e+00 1.461413e+01 1.187138e+01 3.285419e-01 3.3751e-03 5.8780e-03 -1.1649e-04 0.04363 4.89957e-02 8.52525e-02 1.99963e-01 1.16628e-02
42.001942 5.14934078e-02 2.28930552e-01 2.80423960e-01 5.31351222e-02 3.21358524e+00 6.27699948e+00 7.59246777e-02 4.445823e+00 1.953270e+00 1.457467e+01 1.170303e+01 3.209271e-01 3.3341e-03 5.9264e-03 -1.1676e-04 0.04384 4.71279e-02 8.25679e-02 1.94364e-01 1.14597e-02
42.251954 5.08435578e-02 2.32683961e-01 2.83527519e-01 5.54460778e-02 3.15238377e+00 6.31748132e+00 7.57589207e-02 4.576469e+00 2.004033e+00 1.451545e+01 1.137113e+01 3.150607e-01 3.2714e-03 5.9728e-03 -1.1700e-04 0.04424 4.54287e-02 7.97757e-02 1.88912e-01 1.12723e-02
42.501966 5.03208825e-02 2.36573414e-01 2.86894296e-01 5.77718405e-02 3.09773688e+00 6.35260342e+00 7.56027224e-02 4.701297e+00 2.050724e+00 1.456916e+01 1.091951e+01 3.097231e-01 3.1797e-03 5.8987e-03 -1.1718e-04 0.04432 4.39124e-02 7.69189e-02 1.83696e-01 1.10962e-02
42.751977 4.99190940e-02 2.40599931e-01 2.90519025e-01 6.01474601e-02 3.05206576e+00 6.38407547e+00 7.54891298e-02 4.819798e+00 2.091723e+00 1.446748e+01 1.040348e+01 3.030548e-01 3.0615e-03 5.6177e-03 -1.1732e-04 0.04413 4.25118e-02 7.41737e-02 1.78724e-01 1.09279e-02
43.001989 4.96199557e-02 2.44773825e-01 2.94393781e-01 6.26067970e-02 3.01761136e+00 6.41581101e+00 7.54673790e-02 4.932971e+00 2.126122e+00 1.426889e+01 9.862921e+00 2.936491e-01 2.9278e-03 5.2325e-03 -1.1744e-04 0.04400 4.12011e-02 7.16932e-02 1.73999e-01 1.07642e-02
43.252000 4.94017953e-02 2.49101611e-01 2.98503407e-01 6.51827254e-02 2.99613179e+00 6.45170068e+00 7.55826598e-02 5.042359e+00 2.153343e+00 1.402376e+01 9.351699e+00 2.810902e-01 2.7933e-03 4.9331e-03 -1.1754e-04 0.04483 4.00147e-02 6.95470e-02 1.69528e-01 1.06080e-02
43.502012 4.92468182e-02 2.53577616e-01 3.02824434e-01 6.79043547e-02 2.98880841e+00 6.49430546e+00 7.58649110e-02 5.149117e+00 2.172874e+00 1.377162e+01 8.874607e+00 2.658562e-01 2.6712e-03 4.7968e-03 -1.1762e-04 0.04567 3.89969e-02 6.77376e-02 1.65313e-01 1.04717e-02
43.752023 4.91439261e-02 2.58181022e-01 3.07324948e-01 7.07925140e-02 2.99609881e+00 6.54493939e+00 7.63283056e-02 5.253569e+00 2.184487e+00 1.351912e+01 8.428931e+00 2.488591e-01 2.5716e-03 4.7867e-03 -1.1771e-04 0.04656 3.81767e-02 6.62291e-02 1.61355e-01 1.03691e-02
44.002035 4.90870057e-02 2.62876703e-01 3.11963708e-01 7.38559966e-02 3.01756730e+00 6.60426730e+00 7.69746768e-02 5.355322e+00 2.188606e+00 1.327262e+01 7.994296e+00 2.310451e-01 2.5009e-03 4.8544e-03 -1.1779e-04 0.04746 3.75711e-02 6.49728e-02 1.57692e-01 1.03098e-02
44.252046 4.90718513e-02 2.67617323e-01 3.16689174e-01 7.70895212e-02 3.05184748e+00 6.67264312e+00 7.77959248e-02 5.453581e+00 2.186427e+00 1.305736e+01 7.561839e+00 2.133834e-01 2.4610e-03 4.9918e-03 -1.1785e-04 0.04844 3.71953e-02 6.39328e-02 1.54408e-01 1.03022e-02
44.502058 4.90948684e-02 2.72345292e-01 3.21440160e-01 8.04726639e-02 3.09685921e+00 6.74981490e+00 7.87733929e-02 5.547327e+00 2.179568e+00 1.333972e+01 7.418791e+00 1.971171e-01 2.4482e-03 5.2148e-03 -1.1790e-04 0.04945 3.70606e-02 6.30971e-02 1.51631e-01 1.03558e-02
44.752070 4.91525031e-02 2.76996549e-01 3.26149052e-01 8.39698097e-02 3.15001210e+00 6.83429620e+00 7.98744664e-02 5.635452e+00 2.169610e+00 1.360066e+01 7.785751e+00 1.836262e-01 2.4553e-03 5.5219e-03 -1.1793e-04 0.05043 3.71608e-02 6.24777e-02 1.49508e-01 1.04730e-02
45.002081 4.92383378e-02 2.81508482e-01 3.30746819e-01 8.75333471e-02 3.20804129e+00 6.92326242e+00 8.10504297e-02 5.717262e+00 2.158096e+00 1.377281e+01 8.102153e+00 1.739370e-01 2.4727e-03 5.8807e-03 -1.1793e-04 0.05133 3.74628e-02 6.21072e-02 1.48161e-01 1.06462e-02
45.252093 4.93383660e-02 2.85829823e-01 3.35168189e-01 9.11112600e-02 3.26677841e+00 7.01312491e+00 8.22392265e-02 5.793257e+00 2.146802e+00 1.387420e+01 8.346294e+00 1.683522e-01 2.4917e-03 6.2473e-03 -1.1792e-04 0.05213 3.79136e-02 6.20284e-02 1.47645e-01 1.08564e-02
45.502104 4.94285670e-02 2.89927760e-01 3.39356327e-01 9.46561166e-02 3.32127236e+00 7.10000104e+00 8.33701872e-02 5.865591e+00 2.137735e+00 1.394064e+01 8.511137e+00 1.663783e-01 2.5059e-03 6.5904e-03 -1.1791e-04 0.05276 3.84582e-02 6.22682e-02 1.47930e-01 1.10806e-02
45.752116 4.94785075e-02 2.93789010e-01 3.43267517e-01 9.81308320e-02 3.36635940e+00 7.17957169e+00 8.43674487e-02 5.937710e+00 2.132741e+00 1.405506e+01 8.566844e+00 1.671841e-01 2.5118e-03 6.9012e-03 -1.1791e-04 0.05313 3.90523e-02 6.28113e-02 1.48901e-01 1.12976e-02
46.002127 4.94596742e-02 2.97416471e-01 3.46876145e-01 1.01509599e-01 3.39759728e+00 7.24665219e+00 8.51539957e-02 6.013312e+00 2.132876e+00 1.413491e+01 8.548253e+00 1.701384e-01 2.5104e-03 7.1802e-03 -1.1794e-04 0.05324 3.96682e-02 6.35992e-02 1.50396e-01 1.14884e-02
46.252139 4.93525721e-02 3.00827098e-01 3.50179670e-01 1.04776306e-01 3.41201848e+00 7.29554683e+00 8.56605225e-02 6.095470e+00 2.138191e+00 1.415653e+01 9.076505e+00 1.747965e-01 2.5063e-03 7.4033e-03 -1.1800e-04 0.05296 4.02926e-02 6.45514e-02 1.52255e-01 1.16413e-02
46.502151 4.91496737e-02 3.04052836e-01 3.53202510e-01 1.07923038e-01 3.40821461e+00 7.32173863e+00 8.58396259e-02 6.186264e+00 2.148262e+00 1.408618e+01 9.597276e+00 1.806200e-01 2.5044e-03 7.5156e-03 -1.1810e-04 0.05248 4.09121e-02 6.55818e-02 1.54323e-01 1.17542e-02
46.752162 4.88569810e-02 3.07139839e-01 3.55996820e-01 1.10948866e-01 3.38598273e+00 7.32392641e+00 8.56792732e-02 6.286509e+00 2.163014e+00 1.397979e+01 9.994400e+00 1.869798e-01 2.5060e-03 7.4746e-03 -1.1822e-04 0.05170 4.14927e-02 6.66046e-02 1.56425e-01 1.18332e-02
47.002174 4.84960695e-02 3.10141922e-01 3.58637992e-01 1.13857836e-01 3.34611990e+00 7.30499320e+00 8.52089048e-02 6.395197e+00 2.183124e+00 1.393051e+01 1.028223e+01 1.933486e-01 2.5068e-03 7.2973e-03 -1.1838e-04 0.05076 4.19744e-02 6.75415e-02 1.58353e-01 1.18851e-02
47.252185 4.81044750e-02 3.13109491e-01 3.61213966e-01 1.16655621e-01 3.29074500e+00 7.27122608e+00 8.44957686e-02 6.508947e+00 2.209599e+00 1.400854e+01 1.043510e+01 1.990427e-01 2.4977e-03 7.0564e-03 -1.1854e-04 0.04972 4.22989e-02 6.83338e-02 1.59907e-01 1.19175e-02
47.502197 4.77319702e-02 3.16078563e-01 3.63810533e-01 1.19345746e-01 3.22395133e+00 7.22981045e+00 8.36300943e-02 6.621947e+00 2.242531e+00 1.410300e+01 1.045797e+01 2.025030e-01 2.4732e-03 6.8403e-03 -1.1870e-04 0.04867 4.24479e-02 6.89464e-02 1.60944e-01 1.19348e-02
47.752208 4.74312795e-02 3.19066510e-01 3.66497790e-01 1.21927436e-01 3.15185623e+00 7.18606762e+00 8.27033908e-02 6.726922e+00 2.279948e+00 1.417595e+01 1.032032e+01 2.016995e-01 2.4366e-03 6.7202e-03 -1.1886e-04 0.04763 4.24497e-02 6.93494e-02 1.61429e-01 1.19371e-02
48.002220 4.72431055e-02 3.22078581e-01 3.69321687e-01 1.24396196e-01 3.08131662e+00 7.14292161e+00 8.17939058e-02 6.817473e+00 2.318139e+00 1.421812e+01 1.004490e+01 1.961430e-01 2.3971e-03 6.7350e-03 -1.1900e-04 0.04673 4.23405e-02 6.95035e-02 1.61459e-01 1.19232e-02
48.252231 4.71807129e-02 3.25119701e-01 3.72300414e-01 1.26745487e-01 3.01795127e+00 7.10257675e+00 8.09642241e-02 6.890945e+00 2.353443e+00 1.419692e+01 9.627011e+00 1.876813e-01 2.3623e-03 6.8792e-03 -1.1914e-04 0.04595 4.21278e-02 6.93837e-02 1.61208e-01 1.18957e-02
48.502243 4.72233251e-02 3.28201613e-01 3.75424938e-01 1.28967107e-01 2.96466339e+00 7.06775205e+00 8.02593235e-02 6.949989e+00 2.383998e+00 1.416551e+01 9.122192e+00 1.791572e-01 2.3330e-03 7.1050e-03 -1.1928e-04 0.04531 4.18031e-02 6.90140e-02 1.60815e-01 1.18553e-02
48.752255 4.73230173e-02 3.31341507e-01 3.78664524e-01 1.31051134e-01 2.92145970e+00 7.04120193e+00 7.97012930e-02 7.001699e+00 2.410166e+00 1.410296e+01 8.579658e+00 1.729633e-01 2.3064e-03 7.3488e-03 -1.1945e-04 0.04477 4.13766e-02 6.84703e-02 1.60373e-01 1.18024e-02
49.002266 4.74209305e-02 3.34555361e-01 3.81976291e-01 1.32988297e-01 2.88641842e+00 7.02436914e+00 7.92863005e-02 7.055015e+00 2.433594e+00 1.403446e+01 8.361963e+00 1.702356e-01 2.2806e-03 7.5585e-03 -1.1966e-04 0.04438 4.08867e-02 6.78548e-02 1.59954e-01 1.17381e-02
49.252278 4.74646927e-02 3.37851782e-01 3.85316474e-01 1.34775395e-01 2.85664098e+00 7.01637620e+00 7.89841375e-02 7.117960e+00 2.456163e+00 1.396897e+01 8.320253e+00 1.707434e-01 2.2564e-03 7.7043e-03 -1.1991e-04 0.04408 4.03838e-02 6.72656e-02 1.59609e-01 1.16646e-02
49.502289 4.74208902e-02 3.41230145e-01 3.88651036e-01 1.36421374e-01 2.82876298e+00 7.01406254e+00 7.87426042e-02 7.195777e+00 2.479551e+00 1.393343e+01 8.235048e+00 1.734715e-01 2.2349e-03 7.7763e-03 -1.2021e-04 0.04384 3.99113e-02 6.67692e-02 1.59361e-01 1.15849e-02
49.752301 4.72795112e-02 3.44682995e-01 3.91962507e-01 1.37951178e-01 2.79952357e+00 7.01310354e+00 7.85010168e-02 7.290325e+00 2.505106e+00 1.391739e+01 8.117958e+00 1.772641e-01 2.2164e-03 7.7797e-03 -1.2056e-04 0.04360 3.94979e-02 6.63905e-02 1.59208e-01 1.15018e-02
49.999845 4.70530483e-02 3.48165113e-01 3.95218162e-01 1.39391324e-01 2.76686565e+00 7.00961679e+00 7.82118595e-02 7.399417e+00 2.533414e+00 1.391120e+01 7.976444e+00 1.810262e-01 2.1997e-03 7.7300e-03 -1.2094e-04 0.04333 3.91653e-02 6.61259e-02 1.59141e-01 1.14187e-02
