# tg_mhd (CUDA FP64)  hydro_noslip_nofield_n384_re1000  N=384 L=384 Re=1000 Pm=1 u0=0.05 nu_lat=6.095634e-03 eta_lat=6.095634e-03 tau_f=0.518287 tau_m=0.524383 dt=4.101296e-04 fw=profile
# t E_V E_M E_T H_C Omega_V Omega_M eps EM/EV OmM/OmV j_max w_max skew divb/j divb_wall/j mass_drift umax_lat fw1 fw2 fw4 tau_wall
0.000000 1.23697926e-01 0.00000000e+00 1.23697926e-01 0.00000000e+00 5.34487759e+01 0.00000000e+00 1.06897552e-01 0.000000e+00 0.000000e+00 0.000000e+00 1.828613e+02 -4.622608e-19 0.0000e+00 0.0000e+00 +0.0000e+00 0.05000 9.93267e-01 9.93550e-01 9.94118e-01 8.98305e-02
0.100072 1.19401551e-01 0.00000000e+00 1.19401551e-01 0.00000000e+00 1.22460793e+01 0.00000000e+00 2.44921586e-02 0.000000e+00 0.000000e+00 0.000000e+00 5.643656e+01 1.440892e-01 0.0000e+00 0.0000e+00 +7.9103e-06 0.05029 9.65553e-01 9.71884e-01 9.74359e-01 2.69931e-02
0.200143 1.17463486e-01 0.00000000e+00 1.17463486e-01 0.00000000e+00 8.86446486e+00 0.00000000e+00 1.77289297e-02 0.000000e+00 0.000000e+00 0.000000e+00 4.066004e+01 2.357470e-02 0.0000e+00 0.0000e+00 +5.2023e-06 0.04982 9.22847e-01 9.61022e-01 9.64441e-01 1.94255e-02
0.300215 1.15894928e-01 0.00000000e+00 1.15894928e-01 0.00000000e+00 7.31865087e+00 0.00000000e+00 1.46373017e-02 0.000000e+00 0.000000e+00 0.000000e+00 3.349553e+01 2.527393e-01 0.0000e+00 0.0000e+00 +8.4060e-07 0.04978 8.71501e-01 9.52210e-01 9.56664e-01 1.59739e-02
0.400286 1.14340394e-01 0.00000000e+00 1.14340394e-01 0.00000000e+00 6.43427410e+00 0.00000000e+00 1.28685482e-02 0.000000e+00 0.000000e+00 0.000000e+00 3.014561e+01 2.853586e-01 0.0000e+00 0.0000e+00 +9.0898e-06 0.04952 8.23037e-01 9.43799e-01 9.50389e-01 1.39168e-02
0.500358 1.13276320e-01 0.00000000e+00 1.13276320e-01 0.00000000e+00 5.86695919e+00 0.00000000e+00 1.17339184e-02 0.000000e+00 0.000000e+00 0.000000e+00 2.767422e+01 2.200407e-01 0.0000e+00 0.0000e+00 +2.2240e-06 0.04894 7.80192e-01 9.34392e-01 9.44972e-01 1.27991e-02
0.600430 1.12159454e-01 0.00000000e+00 1.12159454e-01 0.00000000e+00 5.35021587e+00 0.00000000e+00 1.07004317e-02 0.000000e+00 0.000000e+00 0.000000e+00 2.478342e+01 4.787876e-01 0.0000e+00 0.0000e+00 +3.0278e-06 0.04899 7.38508e-01 9.22067e-01 9.38903e-01 1.14552e-02
0.700501 1.10942694e-01 0.00000000e+00 1.10942694e-01 0.00000000e+00 5.11996143e+00 0.00000000e+00 1.02399229e-02 0.000000e+00 0.000000e+00 0.000000e+00 2.516653e+01 3.808364e-01 0.0000e+00 0.0000e+00 +8.4519e-06 0.04820 7.10447e-01 9.11143e-01 9.35288e-01 1.12651e-02
0.800573 1.10129357e-01 0.00000000e+00 1.10129357e-01 0.00000000e+00 4.80547435e+00 0.00000000e+00 9.61094870e-03 0.000000e+00 0.000000e+00 0.000000e+00 2.279736e+01 4.581844e-01 0.0000e+00 0.0000e+00 +2.6803e-07 0.04785 6.77462e-01 8.96136e-01 9.29779e-01 1.03109e-02
0.900645 1.09103541e-01 0.00000000e+00 1.09103541e-01 0.00000000e+00 4.60146540e+00 0.00000000e+00 9.20293081e-03 0.000000e+00 0.000000e+00 0.000000e+00 2.231887e+01 6.022772e-01 0.0000e+00 0.0000e+00 +5.6022e-06 0.04766 6.52556e-01 8.81717e-01 9.25309e-01 1.00334e-02
1.000716 1.08174425e-01 0.00000000e+00 1.08174425e-01 0.00000000e+00 4.49604159e+00 0.00000000e+00 8.99208317e-03 0.000000e+00 0.000000e+00 0.000000e+00 2.259446e+01 5.140636e-01 0.0000e+00 0.0000e+00 +6.4247e-06 0.04679 6.34807e-01 8.68461e-01 9.21864e-01 9.84574e-03
1.100788 1.07376900e-01 0.00000000e+00 1.07376900e-01 0.00000000e+00 4.33854592e+00 0.00000000e+00 8.67709184e-03 0.000000e+00 0.000000e+00 0.000000e+00 2.131962e+01 6.210520e-01 0.0000e+00 0.0000e+00 -2.8200e-07 0.04653 6.13262e-01 8.52468e-01 9.16899e-01 9.47240e-03
1.200859 1.06391628e-01 0.00000000e+00 1.06391628e-01 0.00000000e+00 4.20099829e+00 0.00000000e+00 8.40199657e-03 0.000000e+00 0.000000e+00 0.000000e+00 2.069038e+01 7.172607e-01 0.0000e+00 0.0000e+00 +7.6300e-06 0.04624 5.93809e-01 8.36449e-01 9.11797e-01 9.12747e-03
1.300931 1.05643445e-01 0.00000000e+00 1.05643445e-01 0.00000000e+00 4.25195459e+00 0.00000000e+00 8.50390918e-03 0.000000e+00 0.000000e+00 0.000000e+00 2.216238e+01 5.975225e-01 0.0000e+00 0.0000e+00 +3.6755e-06 0.04524 5.91831e-01 8.27109e-01 9.09990e-01 9.56482e-03
1.401003 1.04838351e-01 0.00000000e+00 1.04838351e-01 0.00000000e+00 4.04269131e+00 0.00000000e+00 8.08538262e-03 0.000000e+00 0.000000e+00 0.000000e+00 1.982233e+01 7.912282e-01 0.0000e+00 0.0000e+00 +1.2157e-06 0.04537 5.64395e-01 8.06353e-01 9.01884e-01 8.64856e-03
1.501074 1.03873771e-01 0.00000000e+00 1.03873771e-01 0.00000000e+00 4.11277852e+00 0.00000000e+00 8.22555705e-03 0.000000e+00 0.000000e+00 0.000000e+00 2.145865e+01 7.376927e-01 0.0000e+00 0.0000e+00 +8.1385e-06 0.04452 5.66140e-01 7.98435e-01 8.99831e-01 9.25083e-03
1.601146 1.03194407e-01 0.00000000e+00 1.03194407e-01 0.00000000e+00 4.06419962e+00 0.00000000e+00 8.12839923e-03 0.000000e+00 0.000000e+00 0.000000e+00 2.088692e+01 7.282993e-01 0.0000e+00 0.0000e+00 +1.3129e-06 0.04410 5.54480e-01 7.84404e-01 8.94216e-01 8.89887e-03
1.701218 1.02368682e-01 0.00000000e+00 1.02368682e-01 0.00000000e+00 4.00370602e+00 0.00000000e+00 8.00741205e-03 0.000000e+00 0.000000e+00 0.000000e+00 2.022980e+01 8.549773e-01 0.0000e+00 0.0000e+00 +3.4935e-06 0.04390 5.41752e-01 7.69602e-01 8.87742e-01 8.69860e-03
1.801289 1.01464873e-01 0.00000000e+00 1.01464873e-01 0.00000000e+00 4.07244147e+00 0.00000000e+00 8.14488295e-03 0.000000e+00 0.000000e+00 0.000000e+00 2.144818e+01 7.788916e-01 0.0000e+00 0.0000e+00 +7.1007e-06 0.04330 5.43276e-01 7.62276e-01 8.84404e-01 9.04551e-03
1.901361 1.00758406e-01 0.00000000e+00 1.00758406e-01 0.00000000e+00 4.07651516e+00 0.00000000e+00 8.15303032e-03 0.000000e+00 0.000000e+00 0.000000e+00 2.091716e+01 7.988436e-01 0.0000e+00 0.0000e+00 -1.3504e-07 0.04290 5.36825e-01 7.51078e-01 8.78677e-01 8.81270e-03
2.001432 9.98741413e-02 0.00000000e+00 9.98741413e-02 0.00000000e+00 4.01773108e+00 0.00000000e+00 8.03546216e-03 0.000000e+00 0.000000e+00 0.000000e+00 2.039719e+01 8.950239e-01 0.0000e+00 0.0000e+00 +5.7929e-06 0.04286 5.23357e-01 7.36111e-01 8.70704e-01 8.57757e-03
2.101504 9.90731412e-02 0.00000000e+00 9.90731412e-02 0.00000000e+00 4.19619699e+00 0.00000000e+00 8.39239398e-03 0.000000e+00 0.000000e+00 0.000000e+00 2.224896e+01 7.662695e-01 0.0000e+00 0.0000e+00 +4.9171e-06 0.04207 5.36636e-01 7.36398e-01 8.69769e-01 9.19742e-03
2.201576 9.82784973e-02 0.00000000e+00 9.82784973e-02 0.00000000e+00 4.09842457e+00 0.00000000e+00 8.19684915e-03 0.000000e+00 0.000000e+00 0.000000e+00 2.038910e+01 8.622113e-01 0.0000e+00 0.0000e+00 +4.9885e-08 0.04201 5.17935e-01 7.18870e-01 8.59632e-01 8.53549e-03
2.301647 9.73516185e-02 0.00000000e+00 9.73516185e-02 0.00000000e+00 4.19078481e+00 0.00000000e+00 8.38156962e-03 0.000000e+00 0.000000e+00 0.000000e+00 2.137799e+01 8.436462e-01 0.0000e+00 0.0000e+00 +7.1088e-06 0.04162 5.21387e-01 7.14206e-01 8.55596e-01 8.85676e-03
2.401719 9.65848267e-02 0.00000000e+00 9.65848267e-02 0.00000000e+00 4.28242898e+00 0.00000000e+00 8.56485795e-03 0.000000e+00 0.000000e+00 0.000000e+00 2.191548e+01 7.586303e-01 0.0000e+00 0.0000e+00 +2.4623e-06 0.04115 5.24049e-01 7.09673e-01 8.51240e-01 9.03341e-03
2.501790 9.57424333e-02 0.00000000e+00 9.57424333e-02 0.00000000e+00 4.22949613e+00 0.00000000e+00 8.45899227e-03 0.000000e+00 0.000000e+00 0.000000e+00 2.092735e+01 8.435900e-01 0.0000e+00 0.0000e+00 +1.5791e-06 0.04102 5.10331e-01 6.95273e-01 8.41473e-01 8.52489e-03
2.601862 9.47779618e-02 0.00000000e+00 9.47779618e-02 0.00000000e+00 4.34846233e+00 0.00000000e+00 8.69692466e-03 0.000000e+00 0.000000e+00 0.000000e+00 2.236964e+01 7.632505e-01 0.0000e+00 0.0000e+00 +7.0181e-06 0.04068 5.16573e-01 6.93267e-01 8.37883e-01 9.04122e-03
2.701934 9.39997150e-02 0.00000000e+00 9.39997150e-02 0.00000000e+00 4.38562386e+00 0.00000000e+00 8.77124772e-03 0.000000e+00 0.000000e+00 0.000000e+00 2.235224e+01 7.162569e-01 0.0000e+00 0.0000e+00 +5.0493e-07 0.04027 5.13140e-01 6.85653e-01 8.30854e-01 8.79641e-03
2.802005 9.30982971e-02 0.00000000e+00 9.30982971e-02 0.00000000e+00 4.35221177e+00 0.00000000e+00 8.70442353e-03 0.000000e+00 0.000000e+00 0.000000e+00 2.242982e+01 7.737614e-01 0.0000e+00 0.0000e+00 +3.6645e-06 0.04023 5.02206e-01 6.73013e-01 8.20852e-01 8.62732e-03
2.902077 9.21756668e-02 0.00000000e+00 9.21756668e-02 0.00000000e+00 4.47842105e+00 0.00000000e+00 8.95684210e-03 0.000000e+00 0.000000e+00 0.000000e+00 2.341220e+01 6.518132e-01 0.0000e+00 0.0000e+00 +5.6472e-06 0.03977 5.09502e-01 6.72406e-01 8.17014e-01 8.99921e-03
3.002149 9.13283607e-02 0.00000000e+00 9.13283607e-02 0.00000000e+00 4.44705157e+00 0.00000000e+00 8.89410314e-03 0.000000e+00 0.000000e+00 0.000000e+00 2.343284e+01 6.558659e-01 0.0000e+00 0.0000e+00 -4.0664e-07 0.03948 4.99165e-01 6.60331e-01 8.06318e-01 8.66525e-03
3.102220 9.03895732e-02 0.00000000e+00 9.03895732e-02 0.00000000e+00 4.43833469e+00 0.00000000e+00 8.87666938e-03 0.000000e+00 0.000000e+00 0.000000e+00 2.341139e+01 6.553039e-01 0.0000e+00 0.0000e+00 +5.5002e-06 0.03927 4.91730e-01 6.49888e-01 7.96182e-01 8.57374e-03
3.202292 8.95186194e-02 0.00000000e+00 8.95186194e-02 0.00000000e+00 4.54472348e+00 0.00000000e+00 9.08944696e-03 0.000000e+00 0.000000e+00 0.000000e+00 2.455071e+01 5.374416e-01 0.0000e+00 0.0000e+00 +3.5031e-06 0.03882 4.97624e-01 6.48738e-01 7.90978e-01 8.96349e-03
3.302363 8.86309820e-02 0.00000000e+00 8.86309820e-02 0.00000000e+00 4.43839262e+00 0.00000000e+00 8.87678525e-03 0.000000e+00 0.000000e+00 0.000000e+00 2.374985e+01 5.733953e-01 0.0000e+00 0.0000e+00 +1.7136e-07 0.03847 4.79313e-01 6.30854e-01 7.75298e-01 8.32265e-03
3.402435 8.76639071e-02 0.00000000e+00 8.76639071e-02 0.00000000e+00 4.49988543e+00 0.00000000e+00 8.99977086e-03 0.000000e+00 0.000000e+00 0.000000e+00 2.480712e+01 5.152549e-01 0.0000e+00 0.0000e+00 +6.2676e-06 0.03808 4.80847e-01 6.26559e-01 7.67578e-01 8.69823e-03
3.502507 8.68263519e-02 0.00000000e+00 8.68263519e-02 0.00000000e+00 4.48775250e+00 0.00000000e+00 8.97550500e-03 0.000000e+00 0.000000e+00 0.000000e+00 2.449706e+01 4.344453e-01 0.0000e+00 0.0000e+00 +1.3732e-06 0.03755 4.73795e-01 6.16505e-01 7.55718e-01 8.44668e-03
3.602578 8.59292572e-02 0.00000000e+00 8.59292572e-02 0.00000000e+00 4.43125079e+00 0.00000000e+00 8.86250158e-03 0.000000e+00 0.000000e+00 0.000000e+00 2.478920e+01 4.755102e-01 0.0000e+00 0.0000e+00 +1.7348e-06 0.03718 4.61535e-01 6.02478e-01 7.41049e-01 8.27366e-03
3.702650 8.49800429e-02 0.00000000e+00 8.49800429e-02 0.00000000e+00 4.44480535e+00 0.00000000e+00 8.88961069e-03 0.000000e+00 0.000000e+00 0.000000e+00 2.474209e+01 3.852160e-01 0.0000e+00 0.0000e+00 +5.8159e-06 0.03657 4.57962e-01 5.94729e-01 7.30235e-01 8.32734e-03
3.802722 8.41387219e-02 0.00000000e+00 8.41387219e-02 0.00000000e+00 4.42697776e+00 0.00000000e+00 8.85395551e-03 0.000000e+00 0.000000e+00 0.000000e+00 2.498200e+01 3.538778e-01 0.0000e+00 0.0000e+00 -2.1168e-07 0.03605 4.50689e-01 5.84540e-01 7.17515e-01 8.19250e-03
3.902793 8.32443606e-02 0.00000000e+00 8.32443606e-02 0.00000000e+00 4.33815900e+00 0.00000000e+00 8.67631800e-03 0.000000e+00 0.000000e+00 0.000000e+00 2.442460e+01 3.757656e-01 0.0000e+00 0.0000e+00 +3.6687e-06 0.03612 4.34405e-01 5.67404e-01 7.00119e-01 7.87282e-03
4.002865 8.23582777e-02 0.00000000e+00 8.23582777e-02 0.00000000e+00 4.38910647e+00 0.00000000e+00 8.77821294e-03 0.000000e+00 0.000000e+00 0.000000e+00 2.527272e+01 2.841572e-01 0.0000e+00 0.0000e+00 +4.2510e-06 0.03563 4.36638e-01 5.64418e-01 6.92547e-01 8.15011e-03
4.102936 8.15022005e-02 0.00000000e+00 8.15022005e-02 0.00000000e+00 4.27859114e+00 0.00000000e+00 8.55718228e-03 0.000000e+00 0.000000e+00 0.000000e+00 2.420383e+01 2.951394e-01 0.0000e+00 0.0000e+00 -5.8995e-07 0.03596 4.17917e-01 5.45689e-01 6.73882e-01 7.62360e-03
4.203008 8.06133309e-02 0.00000000e+00 8.06133309e-02 0.00000000e+00 4.26085684e+00 0.00000000e+00 8.52171368e-03 0.000000e+00 0.000000e+00 0.000000e+00 2.460266e+01 2.863090e-01 0.0000e+00 0.0000e+00 +5.0391e-06 0.03650 4.12063e-01 5.36722e-01 6.62587e-01 7.70950e-03
4.303080 7.97913500e-02 0.00000000e+00 7.97913500e-02 0.00000000e+00 4.22720800e+00 0.00000000e+00 8.45441600e-03 0.000000e+00 0.000000e+00 0.000000e+00 2.410146e+01 2.139442e-01 0.0000e+00 0.0000e+00 +2.2646e-06 0.03688 4.04801e-01 5.27035e-01 6.50859e-01 7.53745e-03
4.403151 7.89497705e-02 0.00000000e+00 7.89497705e-02 0.00000000e+00 4.14923952e+00 0.00000000e+00 8.29847905e-03 0.000000e+00 0.000000e+00 0.000000e+00 2.358038e+01 2.517189e-01 0.0000e+00 0.0000e+00 +2.2988e-07 0.03755 3.91769e-01 5.12949e-01 6.36144e-01 7.34515e-03
4.503223 7.80765531e-02 0.00000000e+00 7.80765531e-02 0.00000000e+00 4.10187921e+00 0.00000000e+00 8.20375843e-03 0.000000e+00 0.000000e+00 0.000000e+00 2.348673e+01 2.117989e-01 0.0000e+00 0.0000e+00 +5.4032e-06 0.03799 3.83824e-01 5.02880e-01 6.24795e-01 7.24595e-03
4.603295 7.72947262e-02 0.00000000e+00 7.72947262e-02 0.00000000e+00 4.06754698e+00 0.00000000e+00 8.13509396e-03 0.000000e+00 0.000000e+00 0.000000e+00 2.349074e+01 1.762437e-01 0.0000e+00 0.0000e+00 +3.9663e-07 0.03846 3.78799e-01 4.95526e-01 6.15508e-01 7.16730e-03
4.703366 7.64881268e-02 0.00000000e+00 7.64881268e-02 0.00000000e+00 3.96029541e+00 0.00000000e+00 7.92059082e-03 0.000000e+00 0.000000e+00 0.000000e+00 2.424473e+01 2.212054e-01 0.0000e+00 0.0000e+00 +1.8782e-06 0.03900 3.62801e-01 4.79379e-01 5.99798e-01 6.90025e-03
4.803438 7.56636474e-02 0.00000000e+00 7.56636474e-02 0.00000000e+00 3.94235123e+00 0.00000000e+00 7.88470245e-03 0.000000e+00 0.000000e+00 0.000000e+00 2.352517e+01 1.667210e-01 0.0000e+00 0.0000e+00 +4.5927e-06 0.03930 3.61749e-01 4.75387e-01 5.93548e-01 6.93804e-03
4.903509 7.49000512e-02 0.00000000e+00 7.49000512e-02 0.00000000e+00 3.85112407e+00 0.00000000e+00 7.70224815e-03 0.000000e+00 0.000000e+00 0.000000e+00 2.365302e+01 1.742277e-01 0.0000e+00 0.0000e+00 -6.8188e-07 0.03962 3.49278e-01 4.62407e-01 5.80256e-01 6.66138e-03
5.003581 7.41255028e-02 0.00000000e+00 7.41255028e-02 0.00000000e+00 3.78064537e+00 0.00000000e+00 7.56129074e-03 0.000000e+00 0.000000e+00 0.000000e+00 2.342232e+01 2.032583e-01 0.0000e+00 0.0000e+00 +3.5416e-06 0.03989 3.40326e-01 4.52221e-01 5.69335e-01 6.55648e-03
5.103653 7.33743420e-02 0.00000000e+00 7.33743420e-02 0.00000000e+00 3.73860766e+00 0.00000000e+00 7.47721532e-03 0.000000e+00 0.000000e+00 0.000000e+00 2.336982e+01 1.544416e-01 0.0000e+00 0.0000e+00 +3.0238e-06 0.03986 3.36857e-01 4.46694e-01 5.62037e-01 6.48968e-03
5.203724 7.26299198e-02 0.00000000e+00 7.26299198e-02 0.00000000e+00 3.65208287e+00 0.00000000e+00 7.30416574e-03 0.000000e+00 0.000000e+00 0.000000e+00 2.311550e+01 1.903403e-01 0.0000e+00 0.0000e+00 -6.4034e-07 0.03994 3.25571e-01 4.34855e-01 5.49690e-01 6.28467e-03
5.303796 7.18811613e-02 0.00000000e+00 7.18811613e-02 0.00000000e+00 3.59048434e+00 0.00000000e+00 7.18096869e-03 0.000000e+00 0.000000e+00 0.000000e+00 2.294823e+01 1.935921e-01 0.0000e+00 0.0000e+00 +4.5477e-06 0.03981 3.18653e-01 4.26520e-01 5.40383e-01 6.18257e-03
5.403867 7.11883348e-02 0.00000000e+00 7.11883348e-02 0.00000000e+00 3.54741121e+00 0.00000000e+00 7.09482242e-03 0.000000e+00 0.000000e+00 0.000000e+00 2.269166e+01 1.593911e-01 0.0000e+00 0.0000e+00 +1.2170e-06 0.03958 3.15561e-01 4.21538e-01 5.33660e-01 6.08424e-03
5.503939 7.04833890e-02 0.00000000e+00 7.04833890e-02 0.00000000e+00 3.46326160e+00 0.00000000e+00 6.92652319e-03 0.000000e+00 0.000000e+00 0.000000e+00 2.227560e+01 2.098744e-01 0.0000e+00 0.0000e+00 +4.3713e-07 0.03941 3.04105e-01 4.09543e-01 5.21467e-01 5.93271e-03
5.604011 6.97607348e-02 0.00000000e+00 6.97607348e-02 0.00000000e+00 3.42394098e+00 0.00000000e+00 6.84788196e-03 0.000000e+00 0.000000e+00 0.000000e+00 2.198762e+01 1.829012e-01 0.0000e+00 0.0000e+00 +4.5244e-06 0.03906 3.01376e-01 4.04781e-01 5.15319e-01 5.84021e-03
5.704082 6.91014396e-02 0.00000000e+00 6.91014396e-02 0.00000000e+00 3.37149503e+00 0.00000000e+00 6.74299006e-03 0.000000e+00 0.000000e+00 0.000000e+00 2.159201e+01 1.764765e-01 0.0000e+00 0.0000e+00 -2.5552e-07 0.03870 2.95913e-01 3.97830e-01 5.07380e-01 5.73738e-03
5.804154 6.84307399e-02 0.00000000e+00 6.84307399e-02 0.00000000e+00 3.30674672e+00 0.00000000e+00 6.61349344e-03 0.000000e+00 0.000000e+00 0.000000e+00 2.154031e+01 2.157565e-01 0.0000e+00 0.0000e+00 +2.0257e-06 0.03842 2.87226e-01 3.88050e-01 4.97353e-01 5.60579e-03
5.904226 6.77557594e-02 0.00000000e+00 6.77557594e-02 0.00000000e+00 3.28362511e+00 0.00000000e+00 6.56725022e-03 0.000000e+00 0.000000e+00 0.000000e+00 2.150781e+01 1.760950e-01 0.0000e+00 0.0000e+00 +3.5362e-06 0.03793 2.87221e-01 3.85601e-01 4.93473e-01 5.59466e-03
6.004297 6.71055264e-02 0.00000000e+00 6.71055264e-02 0.00000000e+00 3.22449407e+00 0.00000000e+00 6.44898815e-03 0.000000e+00 0.000000e+00 0.000000e+00 2.165901e+01 1.918469e-01 0.0000e+00 0.0000e+00 -8.8670e-07 0.03751 2.78955e-01 3.76177e-01 4.83772e-01 5.41913e-03
6.104369 6.64568218e-02 0.00000000e+00 6.64568218e-02 0.00000000e+00 3.18727294e+00 0.00000000e+00 6.37454588e-03 0.000000e+00 0.000000e+00 0.000000e+00 2.201981e+01 2.089818e-01 0.0000e+00 0.0000e+00 +3.3928e-06 0.03710 2.74754e-01 3.70097e-01 4.77106e-01 5.37961e-03
6.204440 6.58284453e-02 0.00000000e+00 6.58284453e-02 0.00000000e+00 3.16170503e+00 0.00000000e+00 6.32341006e-03 0.000000e+00 0.000000e+00 0.000000e+00 2.153263e+01 1.721514e-01 0.0000e+00 0.0000e+00 +2.0212e-06 0.03653 2.72853e-01 3.66044e-01 4.72003e-01 5.28807e-03
6.304512 6.51942082e-02 0.00000000e+00 6.51942082e-02 0.00000000e+00 3.11816757e+00 0.00000000e+00 6.23633514e-03 0.000000e+00 0.000000e+00 0.000000e+00 2.219541e+01 2.057778e-01 0.0000e+00 0.0000e+00 -5.1971e-07 0.03614 2.66053e-01 3.57772e-01 4.63384e-01 5.22820e-03
6.404584 6.45516870e-02 0.00000000e+00 6.45516870e-02 0.00000000e+00 3.09020928e+00 0.00000000e+00 6.18041855e-03 0.000000e+00 0.000000e+00 0.000000e+00 2.175976e+01 1.981194e-01 0.0000e+00 0.0000e+00 +4.0292e-06 0.03596 2.62136e-01 3.51937e-01 4.56921e-01 5.13041e-03
6.504655 6.39536876e-02 0.00000000e+00 6.39536876e-02 0.00000000e+00 3.07479144e+00 0.00000000e+00 6.14958288e-03 0.000000e+00 0.000000e+00 0.000000e+00 2.187246e+01 1.793751e-01 0.0000e+00 0.0000e+00 +4.3627e-07 0.03649 2.60829e-01 3.48466e-01 4.52228e-01 5.11094e-03
6.604727 6.33397975e-02 0.00000000e+00 6.33397975e-02 0.00000000e+00 3.03142259e+00 0.00000000e+00 6.06284519e-03 0.000000e+00 0.000000e+00 0.000000e+00 2.193257e+01 2.145768e-01 0.0000e+00 0.0000e+00 +6.7986e-07 0.03624 2.52017e-01 3.38483e-01 4.42091e-01 5.00218e-03
6.704799 6.27123483e-02 0.00000000e+00 6.27123483e-02 0.00000000e+00 3.02608406e+00 0.00000000e+00 6.05216812e-03 0.000000e+00 0.000000e+00 0.000000e+00 2.170546e+01 1.890063e-01 0.0000e+00 0.0000e+00 +3.6926e-06 0.03688 2.52162e-01 3.36342e-01 4.38603e-01 4.99824e-03
6.804870 6.21193579e-02 0.00000000e+00 6.21193579e-02 0.00000000e+00 2.99263099e+00 0.00000000e+00 5.98526198e-03 0.000000e+00 0.000000e+00 0.000000e+00 2.144124e+01 1.913253e-01 0.0000e+00 0.0000e+00 -6.6071e-07 0.03719 2.45063e-01 3.27984e-01 4.29603e-01 4.84621e-03
6.904942 6.15222745e-02 0.00000000e+00 6.15222745e-02 0.00000000e+00 2.97167058e+00 0.00000000e+00 5.94334116e-03 0.000000e+00 0.000000e+00 0.000000e+00 2.162385e+01 2.179060e-01 0.0000e+00 0.0000e+00 +2.1045e-06 0.03718 2.40621e-01 3.21980e-01 4.22739e-01 4.83478e-03
7.005013 6.09223246e-02 0.00000000e+00 6.09223246e-02 0.00000000e+00 2.95767883e+00 0.00000000e+00 5.91535765e-03 0.000000e+00 0.000000e+00 0.000000e+00 2.086815e+01 1.966144e-01 0.0000e+00 0.0000e+00 +2.6266e-06 0.03828 2.37838e-01 3.17516e-01 4.17057e-01 4.74972e-03
7.105085 6.03298485e-02 0.00000000e+00 6.03298485e-02 0.00000000e+00 2.93394254e+00 0.00000000e+00 5.86788509e-03 0.000000e+00 0.000000e+00 0.000000e+00 2.097845e+01 2.231137e-01 0.0000e+00 0.0000e+00 -9.5186e-07 0.03825 2.32290e-01 3.10692e-01 4.09188e-01 4.68971e-03
7.205157 5.97359492e-02 0.00000000e+00 5.97359492e-02 0.00000000e+00 2.91046360e+00 0.00000000e+00 5.82092719e-03 0.000000e+00 0.000000e+00 0.000000e+00 2.046455e+01 2.424678e-01 0.0000e+00 0.0000e+00 +3.1863e-06 0.03858 2.26379e-01 3.03550e-01 4.01166e-01 4.60196e-03
7.305228 5.91646033e-02 0.00000000e+00 5.91646033e-02 0.00000000e+00 2.90770132e+00 0.00000000e+00 5.81540263e-03 0.000000e+00 0.000000e+00 0.000000e+00 2.001322e+01 2.342623e-01 0.0000e+00 0.0000e+00 +1.1795e-06 0.03897 2.25881e-01 3.01289e-01 3.97098e-01 4.58844e-03
7.405300 5.85808506e-02 0.00000000e+00 5.85808506e-02 0.00000000e+00 2.87404902e+00 0.00000000e+00 5.74809804e-03 0.000000e+00 0.000000e+00 0.000000e+00 1.980148e+01 2.744150e-01 0.0000e+00 0.0000e+00 -3.2412e-07 0.03869 2.16647e-01 2.91277e-01 3.86269e-01 4.47035e-03
7.505371 5.79875615e-02 0.00000000e+00 5.79875615e-02 0.00000000e+00 2.86937315e+00 0.00000000e+00 5.73874630e-03 0.000000e+00 0.000000e+00 0.000000e+00 1.925435e+01 2.758047e-01 0.0000e+00 0.0000e+00 +3.4705e-06 0.03857 2.15001e-01 2.88032e-01 3.81351e-01 4.44637e-03
7.605443 5.74289135e-02 0.00000000e+00 5.74289135e-02 0.00000000e+00 2.85224389e+00 0.00000000e+00 5.70448779e-03 0.000000e+00 0.000000e+00 0.000000e+00 1.870440e+01 2.799683e-01 0.0000e+00 0.0000e+00 -1.3913e-07 0.03856 2.09693e-01 2.81569e-01 3.73364e-01 4.33416e-03
7.705515 5.68588838e-02 0.00000000e+00 5.68588838e-02 0.00000000e+00 2.83400255e+00 0.00000000e+00 5.66800509e-03 0.000000e+00 0.000000e+00 0.000000e+00 1.850835e+01 3.078295e-01 0.0000e+00 0.0000e+00 +8.7985e-07 0.03765 2.03614e-01 2.74429e-01 3.64828e-01 4.28907e-03
7.805586 5.62764965e-02 0.00000000e+00 5.62764965e-02 0.00000000e+00 2.82910536e+00 0.00000000e+00 5.65821071e-03 0.000000e+00 0.000000e+00 0.000000e+00 1.773463e+01 2.963773e-01 0.0000e+00 0.0000e+00 +2.9338e-06 0.03805 2.00923e-01 2.70327e-01 3.58899e-01 4.24740e-03
7.905658 5.57162423e-02 0.00000000e+00 5.57162423e-02 0.00000000e+00 2.81711302e+00 0.00000000e+00 5.63422605e-03 0.000000e+00 0.000000e+00 0.000000e+00 1.736318e+01 3.033682e-01 0.0000e+00 0.0000e+00 -9.2446e-07 0.03783 1.95730e-01 2.64009e-01 3.50801e-01 4.14781e-03
8.005730 5.51506347e-02 0.00000000e+00 5.51506347e-02 0.00000000e+00 2.80307399e+00 0.00000000e+00 5.60614798e-03 0.000000e+00 0.000000e+00 0.000000e+00 1.694512e+01 3.184107e-01 0.0000e+00 0.0000e+00 +2.1312e-06 0.03763 1.89158e-01 2.56423e-01 3.41678e-01 4.08578e-03
8.105801 5.45882909e-02 0.00000000e+00 5.45882909e-02 0.00000000e+00 2.81031769e+00 0.00000000e+00 5.62063538e-03 0.000000e+00 0.000000e+00 0.000000e+00 1.619892e+01 2.989035e-01 0.0000e+00 0.0000e+00 +1.8063e-06 0.03797 1.88161e-01 2.53871e-01 3.36864e-01 4.08710e-03
8.205873 5.40239087e-02 0.00000000e+00 5.40239087e-02 0.00000000e+00 2.79688664e+00 0.00000000e+00 5.59377328e-03 0.000000e+00 0.000000e+00 0.000000e+00 1.592078e+01 3.110995e-01 0.0000e+00 0.0000e+00 -9.0518e-07 0.03803 1.80227e-01 2.45035e-01 3.26362e-01 3.96476e-03
8.305944 5.34508235e-02 0.00000000e+00 5.34508235e-02 0.00000000e+00 2.79869857e+00 0.00000000e+00 5.59739714e-03 0.000000e+00 0.000000e+00 0.000000e+00 1.591542e+01 3.035894e-01 0.0000e+00 0.0000e+00 +2.8922e-06 0.03817 1.76100e-01 2.39629e-01 3.19033e-01 3.92320e-03
8.406016 5.29016199e-02 0.00000000e+00 5.29016199e-02 0.00000000e+00 2.80827378e+00 0.00000000e+00 5.61654756e-03 0.000000e+00 0.000000e+00 0.000000e+00 1.594429e+01 2.852271e-01 0.0000e+00 0.0000e+00 +4.8514e-07 0.03827 1.73631e-01 2.35746e-01 3.12928e-01 3.92848e-03
8.506088 5.23360112e-02 0.00000000e+00 5.23360112e-02 0.00000000e+00 2.80162287e+00 0.00000000e+00 5.60324575e-03 0.000000e+00 0.000000e+00 0.000000e+00 1.551594e+01 2.908957e-01 0.0000e+00 0.0000e+00 -1.2847e-07 0.03826 1.65840e-01 2.27037e-01 3.02549e-01 3.79512e-03
8.606159 5.17563753e-02 0.00000000e+00 5.17563753e-02 0.00000000e+00 2.81514328e+00 0.00000000e+00 5.63028657e-03 0.000000e+00 0.000000e+00 0.000000e+00 1.565813e+01 2.743019e-01 0.0000e+00 0.0000e+00 +2.8862e-06 0.03825 1.63802e-01 2.23579e-01 2.97019e-01 3.84651e-03
8.706231 5.12018846e-02 0.00000000e+00 5.12018846e-02 0.00000000e+00 2.82093109e+00 0.00000000e+00 5.64186218e-03 0.000000e+00 0.000000e+00 0.000000e+00 1.529290e+01 2.681024e-01 0.0000e+00 0.0000e+00 -5.8915e-07 0.03820 1.59257e-01 2.17877e-01 2.89394e-01 3.73672e-03
8.806303 5.06353464e-02 0.00000000e+00 5.06353464e-02 0.00000000e+00 2.82357979e+00 0.00000000e+00 5.64715958e-03 0.000000e+00 0.000000e+00 0.000000e+00 1.505780e+01 2.816577e-01 0.0000e+00 0.0000e+00 +1.0183e-06 0.03807 1.53570e-01 2.11165e-01 2.81012e-01 3.67962e-03
8.906374 5.00573233e-02 0.00000000e+00 5.00573233e-02 0.00000000e+00 2.84023669e+00 0.00000000e+00 5.68047337e-03 0.000000e+00 0.000000e+00 0.000000e+00 1.526215e+01 2.788631e-01 0.0000e+00 0.0000e+00 +2.1876e-06 0.03792 1.52078e-01 2.08313e-01 2.76202e-01 3.74257e-03
9.006446 4.94895501e-02 0.00000000e+00 4.94895501e-02 0.00000000e+00 2.84844408e+00 0.00000000e+00 5.69688815e-03 0.000000e+00 0.000000e+00 0.000000e+00 1.549342e+01 2.991659e-01 0.0000e+00 0.0000e+00 -1.0850e-06 0.03768 1.47618e-01 2.02770e-01 2.68917e-01 3.63192e-03
9.106517 4.89114180e-02 0.00000000e+00 4.89114180e-02 0.00000000e+00 2.85605781e+00 0.00000000e+00 5.71211561e-03 0.000000e+00 0.000000e+00 0.000000e+00 1.573781e+01 3.237387e-01 0.0000e+00 0.0000e+00 +2.0412e-06 0.03749 1.42671e-01 1.96782e-01 2.61369e-01 3.57092e-03
9.206589 4.83406078e-02 0.00000000e+00 4.83406078e-02 0.00000000e+00 2.88407423e+00 0.00000000e+00 5.76814846e-03 0.000000e+00 0.000000e+00 0.000000e+00 1.594176e+01 3.321110e-01 0.0000e+00 0.0000e+00 +1.0522e-06 0.03708 1.43257e-01 1.95899e-01 2.58480e-01 3.72389e-03
9.306661 4.77576010e-02 0.00000000e+00 4.77576010e-02 0.00000000e+00 2.89094936e+00 0.00000000e+00 5.78189871e-03 0.000000e+00 0.000000e+00 0.000000e+00 1.616440e+01 3.627027e-01 0.0000e+00 0.0000e+00 -8.2496e-07 0.03762 1.36602e-01 1.88327e-01 2.49429e-01 3.49268e-03
9.406732 4.71627441e-02 0.00000000e+00 4.71627441e-02 0.00000000e+00 2.91984395e+00 0.00000000e+00 5.83968789e-03 0.000000e+00 0.000000e+00 0.000000e+00 1.710921e+01 3.753306e-01 0.0000e+00 0.0000e+00 +2.4922e-06 0.04031 1.35566e-01 1.85928e-01 2.45223e-01 3.61301e-03
9.506804 4.65843160e-02 0.00000000e+00 4.65843160e-02 0.00000000e+00 2.94764011e+00 0.00000000e+00 5.89528023e-03 0.000000e+00 0.000000e+00 0.000000e+00 1.840207e+01 3.852169e-01 0.0000e+00 0.0000e+00 -1.0830e-07 0.04379 1.33060e-01 1.82159e-01 2.39676e-01 3.58902e-03
9.606875 4.59888047e-02 0.00000000e+00 4.59888047e-02 0.00000000e+00 2.97256915e+00 0.00000000e+00 5.94513830e-03 0.000000e+00 0.000000e+00 0.000000e+00 1.990184e+01 3.962380e-01 0.0000e+00 0.0000e+00 +1.1602e-08 0.04690 1.29164e-01 1.77148e-01 2.33061e-01 3.46654e-03
9.706947 4.53752019e-02 0.00000000e+00 4.53752019e-02 0.00000000e+00 3.00521339e+00 0.00000000e+00 6.01042677e-03 0.000000e+00 0.000000e+00 0.000000e+00 2.131339e+01 3.958231e-01 0.0000e+00 0.0000e+00 +2.2608e-06 0.04983 1.27913e-01 1.74653e-01 2.28926e-01 3.60240e-03
9.807019 4.47756806e-02 0.00000000e+00 4.47756806e-02 0.00000000e+00 3.03636188e+00 0.00000000e+00 6.07272376e-03 0.000000e+00 0.000000e+00 0.000000e+00 2.215881e+01 4.014147e-01 0.0000e+00 0.0000e+00 -9.5105e-07 0.05141 1.26435e-01 1.72044e-01 2.24766e-01 3.53598e-03
9.907090 4.41619282e-02 0.00000000e+00 4.41619282e-02 0.00000000e+00 3.05952370e+00 0.00000000e+00 6.11904740e-03 0.000000e+00 0.000000e+00 0.000000e+00 2.235111e+01 4.224388e-01 0.0000e+00 0.0000e+00 +1.0534e-06 0.05139 1.22306e-01 1.67003e-01 2.18499e-01 3.43001e-03
10.000190 4.35812456e-02 0.00000000e+00 4.35812456e-02 0.00000000e+00 3.10167557e+00 0.00000000e+00 6.20335115e-03 0.000000e+00 0.000000e+00 0.000000e+00 2.187467e+01 4.379828e-01 0.0000e+00 0.0000e+00 +1.6649e-06 0.05079 1.23754e-01 1.67264e-01 2.17413e-01 3.65417e-03
