Decaying MHD turbulence in a confined disc -- Neffaa, Bos & Schneider (2008)   DEMONSTRATOR
backend Threads   precision FP64   D2Q9 fluid + D2Q5 magnetic   operator MhdCMS

  Eq. (11) mixing: beta 0.349698 gives cos(theta) 0.473611 against Table I's 0.473611  (<u.w> = -0.0000)
  vector potential: max|curl a - b| / max|b| = 4.426e-15
  N 321   disc, half-width 152.5 (48% of the box)   73045 fluid nodes
  OPERATOR (dispatched) MhdCMS   fluid forcing FieldGuo (penalisation ACTIVE)   magnetic source penalised B.n
  Re 1750   Pr_m 1.00   nu 0.00871 (tau 0.5261)   eta 0.00871 (omega_mag 1.9006)
  wall PENALISATION   eps 2.00 (fluid)  eps_m 2.00 (magnetic)  chi width 1.00 cells   no solid, no wall condition
  NEFFAA REGIME 3 (Table I)   spectrum E(k) ~ k/[0.98 + k/((3/4)sqrt(2)pi)]^4   r = (19/20)pi in a 2pi box
  u_rms 0.0500 (Ma 0.0866)   k^-3 spectrum   E_kin/E_mag 1.300   walls penalised, B.n = 0 (perfect conductor)   seed 99
  one turnover 2R/u0 = 6099 steps; running 304950 (50.0 turnovers)

      step    t/T_e       E_kin       E_mag   E_k/E_m        E/A   enstrophy       <j^2>     L_u     L_b      H_c       |<b>|      max|b|     dv/cl      bulk  Bn/B|wall
  --------------------------------------------------------------------------------------------------------------------------------------------------------------------
         0     0.00  1.2500e-03  9.6154e-04    1.3000      10.61  3.7655e-05  2.6209e-05    8.15    8.57  +0.4736  2.2437e-07  1.9075e-01  8.26e-16  8.27e-16  3.497e-02
      6099     1.00  1.7036e-04  4.6010e-04    0.3703      3.539  3.1060e-06  4.1446e-06   10.47   14.90  +0.6375  4.3247e-04  7.7217e-02  1.92e-02  1.74e-02  1.764e-02
     12198     2.00  7.6993e-05  3.3876e-04    0.2273      2.569  8.9250e-07  1.5534e-06   13.14   20.88  +0.7942  5.9139e-04  5.7824e-02  3.21e-02  2.99e-02  1.576e-02
     18297     3.00  5.0595e-05  2.7712e-04    0.1826        2.2  4.8679e-07  9.3318e-07   14.42   24.37  +0.8995  9.0441e-04  5.2806e-02  4.99e-02  4.73e-02  1.194e-02
     24396     4.00  4.3387e-05  2.3289e-04    0.1863      2.001  3.1915e-07  6.1523e-07   16.49   27.52  +0.9195  1.1231e-03  4.8678e-02  6.20e-02  5.88e-02  8.406e-03
     30495     5.00  4.2594e-05  2.0093e-04    0.2120      1.894  3.0635e-07  4.8455e-07   16.68   28.80  +0.9031  1.2547e-03  5.0128e-02  7.08e-02  6.68e-02  7.278e-03
     36594     6.00  4.1719e-05  1.7343e-04    0.2406      1.789  3.2297e-07  4.0892e-07   16.07   29.12  +0.8693  1.3635e-03  5.0634e-02  8.06e-02  7.59e-02  7.285e-03
     42693     7.00  3.7928e-05  1.5011e-04    0.2527      1.668  3.3912e-07  3.6163e-07   14.96   28.81  +0.8275  1.4546e-03  5.2521e-02  9.28e-02  8.77e-02  7.352e-03
     48792     8.00  3.1554e-05  1.3144e-04    0.2401      1.538  3.7602e-07  3.6389e-07   12.95   26.88  +0.7872  1.5337e-03  5.7484e-02  1.03e-01  9.76e-02  9.962e-03
     54891     9.00  2.3239e-05  1.1559e-04    0.2010      1.392  3.8783e-07  3.8999e-07   10.95   24.35  +0.7534  1.6086e-03  6.0235e-02  1.12e-01  1.06e-01  1.214e-02
     60990    10.00  1.3639e-05  1.0127e-04    0.1347      1.222  2.4126e-07  3.4004e-07   10.63   24.41  +0.7307  1.6777e-03  5.5205e-02  1.31e-01  1.24e-01  1.501e-02
     67089    11.00  7.1866e-06  8.8705e-05    0.0810      1.079  4.9465e-08  2.0096e-07   17.05   29.71  +0.6709  1.7215e-03  3.8118e-02  1.68e-01  1.62e-01  1.289e-02
     73188    12.00  7.9260e-06  7.8318e-05    0.1012      1.024  6.4112e-08  1.6849e-07   15.72   30.49  +0.4812  1.7371e-03  3.2448e-02  1.74e-01  1.68e-01  1.338e-02
     79287    13.00  8.6584e-06  6.8983e-05    0.1255     0.9733  8.8145e-08  1.7333e-07   14.02   28.21  +0.4269  1.7583e-03  3.3952e-02  1.71e-01  1.64e-01  1.361e-02
     85386    14.00  8.3108e-06  5.9840e-05    0.1389     0.9017  9.6250e-08  1.7463e-07   13.14   26.18  +0.4400  1.7722e-03  3.1591e-02  1.69e-01  1.62e-01  1.266e-02
     91485    15.00  7.5265e-06  5.1948e-05    0.1449     0.8297  9.5629e-08  1.6647e-07   12.55   24.98  +0.4742  1.7674e-03  2.7711e-02  1.69e-01  1.63e-01  1.222e-02
     97584    16.00  6.8099e-06  4.5118e-05    0.1509     0.7633  9.8526e-08  1.4398e-07   11.76   25.03  +0.4891  1.7416e-03  2.7093e-02  1.74e-01  1.69e-01  1.182e-02
    103683    17.00  6.0140e-06  3.9307e-05    0.1530     0.7011  9.4119e-08  1.2312e-07   11.30   25.27  +0.4810  1.6968e-03  2.7318e-02  1.79e-01  1.74e-01  1.087e-02
    109782    18.00  5.0193e-06  3.4395e-05    0.1459     0.6406  8.3082e-08  1.0881e-07   10.99   25.14  +0.4558  1.6397e-03  2.7469e-02  1.81e-01  1.77e-01  8.363e-03
    115881    19.00  3.8939e-06  3.0217e-05    0.1289     0.5813  6.8538e-08  9.7959e-08   10.66   24.84  +0.4173  1.5751e-03  2.7280e-02  1.83e-01  1.79e-01  7.808e-03
    121980    20.00  2.7951e-06  2.6669e-05    0.1048     0.5253  5.2117e-08  8.7965e-08   10.36   24.62  +0.3675  1.5059e-03  2.6660e-02  1.86e-01  1.82e-01  7.950e-03
    128079    21.00  1.8771e-06  2.3683e-05    0.0793     0.4758  3.6236e-08  7.7965e-08   10.18   24.65  +0.3075  1.4337e-03  2.5614e-02  1.91e-01  1.86e-01  7.945e-03
    134178    22.00  1.2258e-06  2.1189e-05    0.0579     0.4348  2.3617e-08  6.8414e-08   10.19   24.89  +0.2394  1.3600e-03  2.4270e-02  1.96e-01  1.91e-01  7.864e-03
    140277    23.00  8.3350e-07  1.9097e-05    0.0436     0.4023  1.5562e-08  6.0226e-08   10.35   25.18  +0.1680  1.2860e-03  2.2899e-02  2.00e-01  1.95e-01  7.878e-03
    146376    24.00  6.2352e-07  1.7313e-05    0.0360     0.3761  1.1204e-08  5.3792e-08   10.55   25.37  +0.1034  1.2130e-03  2.1664e-02  2.02e-01  1.97e-01  7.813e-03
    152475    25.00  5.1114e-07  1.5763e-05    0.0324     0.3541  8.8864e-09  4.8776e-08   10.73   25.42  +0.0577  1.1420e-03  2.0628e-02  2.02e-01  1.97e-01  7.722e-03
    158574    26.00  4.4099e-07  1.4399e-05    0.0306     0.3347  7.4684e-09  4.4701e-08   10.87   25.38  +0.0350  1.0733e-03  1.9714e-02  2.00e-01  1.96e-01  7.624e-03
    164673    27.00  3.8756e-07  1.3186e-05    0.0294     0.3169  6.4291e-09  4.1153e-08   10.98   25.31  +0.0301  1.0070e-03  1.8859e-02  1.98e-01  1.94e-01  7.510e-03
    170772    28.00  3.4362e-07  1.2101e-05    0.0284     0.3004  5.6058e-09  3.7838e-08   11.07   25.29  +0.0339  9.4288e-04  1.8024e-02  1.96e-01  1.92e-01  7.446e-03
    176871    29.00  3.0753e-07  1.1128e-05    0.0276     0.2852  4.9381e-09  3.4649e-08   11.16   25.34  +0.0395  8.8088e-04  1.7214e-02  1.94e-01  1.90e-01  7.333e-03
    182970    30.00  2.7741e-07  1.0259e-05    0.0270     0.2711  4.3720e-09  3.1596e-08   11.27   25.48  +0.0435  8.2082e-04  1.6422e-02  1.91e-01  1.88e-01  7.174e-03
    189069    31.00  2.5086e-07  9.4858e-06    0.0264     0.2581  3.8623e-09  2.8717e-08   11.40   25.70  +0.0450  7.6266e-04  1.5682e-02  1.89e-01  1.85e-01  6.971e-03
    195168    32.00  2.2587e-07  8.7983e-06    0.0257     0.2463  3.3822e-09  2.6034e-08   11.56   26.00  +0.0445  7.0639e-04  1.5006e-02  1.86e-01  1.83e-01  6.719e-03
    201267    33.00  2.0129e-07  8.1881e-06    0.0246     0.2355  2.9236e-09  2.3555e-08   11.73   26.37  +0.0429  6.5200e-04  1.4370e-02  1.82e-01  1.80e-01  6.435e-03
    207366    34.00  1.7677e-07  7.6470e-06    0.0231     0.2257  2.4908e-09  2.1279e-08   11.91   26.81  +0.0407  5.9947e-04  1.3768e-02  1.79e-01  1.76e-01  6.123e-03
    213465    35.00  1.5265e-07  7.1670e-06    0.0213     0.2168  2.0947e-09  1.9199e-08   12.07   27.32  +0.0386  5.4877e-04  1.3197e-02  1.75e-01  1.73e-01  5.786e-03
    219564    36.00  1.2961e-07  6.7411e-06    0.0192     0.2088  1.7465e-09  1.7308e-08   12.18   27.91  +0.0367  4.9985e-04  1.2651e-02  1.72e-01  1.69e-01  5.425e-03
    225663    37.00  1.0848e-07  6.3625e-06    0.0171     0.2017  1.4548e-09  1.5598e-08   12.21   28.56  +0.0351  4.5266e-04  1.2128e-02  1.68e-01  1.65e-01  5.042e-03
    231762    38.00  9.0049e-08  6.0252e-06    0.0149     0.1953  1.2228e-09  1.4064e-08   12.14   29.27  +0.0340  4.0716e-04  1.1623e-02  1.63e-01  1.61e-01  4.640e-03
    237861    39.00  7.4873e-08  5.7238e-06    0.0131     0.1897  1.0492e-09  1.2697e-08   11.95   30.03  +0.0333  3.6330e-04  1.1137e-02  1.59e-01  1.57e-01  4.223e-03
    243960    40.00  6.3263e-08  5.4533e-06    0.0116     0.1847  9.2817e-10  1.1490e-08   11.68   30.81  +0.0328  3.2108e-04  1.0671e-02  1.54e-01  1.52e-01  3.795e-03
    250059    41.00  5.5258e-08  5.2095e-06    0.0106     0.1804  8.5163e-10  1.0434e-08   11.39   31.60  +0.0324  2.8051e-04  1.0229e-02  1.50e-01  1.48e-01  3.363e-03
    256158    42.00  5.0661e-08  4.9886e-06    0.0102     0.1766  8.1054e-10  9.5143e-09   11.18   32.38  +0.0320  2.4169e-04  9.8137e-03  1.45e-01  1.43e-01  2.934e-03
    262257    43.00  4.9105e-08  4.7873e-06    0.0103     0.1732  7.9617e-10  8.7187e-09   11.11   33.14  +0.0314  2.0477e-04  9.4303e-03  1.41e-01  1.38e-01  2.515e-03
    268356    44.00  5.0110e-08  4.6029e-06    0.0109     0.1703  8.0082e-10  8.0323e-09   11.19   33.85  +0.0307  1.7008e-04  9.0761e-03  1.38e-01  1.34e-01  2.116e-03
    274455    45.00  5.3155e-08  4.4331e-06    0.0120     0.1677  8.1818e-10  7.4405e-09   11.40   34.52  +0.0300  1.3825e-04  8.7479e-03  1.35e-01  1.30e-01  1.742e-03
