# tg_mhd (CUDA FP64)  tgi_slip_pv_n384_re1000  N=384 L=384 Re=1000 Pm=1 u0=0.05 nu_lat=6.095634e-03 eta_lat=6.095634e-03 tau_f=0.518287 tau_m=0.524383 dt=4.101296e-04 fw=profile
# t E_V E_M E_T H_C Omega_V Omega_M eps EM/EV OmM/OmV j_max w_max skew divb/j divb_wall/j mass_drift umax_lat fw1 fw2 fw4 tau_wall
0.000000 1.25000000e-01 1.25000000e-01 2.50000000e-01 -3.40941376e-22 3.74991590e-01 3.74991590e-01 1.49996636e-03 1.000000e+00 1.000000e+00 1.732017e+00 1.999944e+00 1.027046e-18 7.4968e-15 3.4079e-15 +0.0000e+00 0.05000 5.95714e-02 1.17530e-01 2.28481e-01 0.00000e+00
0.100072 1.24388002e-01 1.24351652e-01 2.48739654e-01 1.00742923e-02 3.74287191e-01 3.74118901e-01 1.49681218e-03 9.997078e-01 9.995504e-01 1.741569e+00 1.955032e+00 3.044604e-01 3.1496e-07 4.4408e-09 +2.0441e-05 0.05000 5.97653e-02 1.17885e-01 2.29067e-01 0.00000e+00
0.200143 1.24571618e-01 1.24728076e-01 2.49299694e-01 2.44438426e-02 3.79115389e-01 3.78375277e-01 1.51498133e-03 1.001256e+00 9.980478e-01 1.733357e+00 1.901057e+00 1.866250e-02 6.5637e-07 9.1756e-09 +1.3131e-05 0.04960 5.93876e-02 1.17146e-01 2.27681e-01 0.00000e+00
0.300215 1.24224573e-01 1.25079262e-01 2.49303835e-01 3.23932823e-02 3.86442014e-01 3.84796742e-01 1.54247751e-03 1.006880e+00 9.957425e-01 1.730442e+00 1.798841e+00 5.029216e-01 1.5237e-06 2.1140e-08 +2.6598e-06 0.04948 5.89101e-02 1.16191e-01 2.25820e-01 0.00000e+00
0.400286 1.23278598e-01 1.24971410e-01 2.48250008e-01 4.21621533e-02 3.95063128e-01 3.92283952e-01 1.57469416e-03 1.013732e+00 9.929652e-01 1.729918e+00 1.660794e+00 5.035551e-01 2.4800e-06 3.6180e-08 +2.3887e-05 0.04895 5.88293e-02 1.16000e-01 2.25371e-01 0.00000e+00
0.500358 1.23241377e-01 1.25729266e-01 2.48970643e-01 5.40105684e-02 4.08915541e-01 4.04794439e-01 1.62741996e-03 1.020187e+00 9.899219e-01 1.722568e+00 1.517026e+00 3.764951e-01 3.8104e-06 5.7566e-08 +5.6215e-06 0.04774 5.84039e-02 1.15139e-01 2.23670e-01 0.00000e+00
0.600430 1.22617623e-01 1.26261772e-01 2.48879395e-01 5.71053258e-02 4.25138286e-01 4.19567835e-01 1.68941224e-03 1.029720e+00 9.868973e-01 1.714310e+00 1.361338e+00 8.191684e-01 5.1707e-06 8.6265e-08 +9.0660e-06 0.04802 5.85039e-02 1.15296e-01 2.23863e-01 0.00000e+00
0.700501 1.21274436e-01 1.26554351e-01 2.47828787e-01 6.74517451e-02 4.43989477e-01 4.37475172e-01 1.76292930e-03 1.043537e+00 9.853278e-01 1.717413e+00 1.339978e+00 6.085650e-01 6.7965e-06 1.3586e-07 +2.2321e-05 0.04632 5.92262e-02 1.16639e-01 2.26185e-01 0.00000e+00
0.800573 1.20823384e-01 1.27840568e-01 2.48663951e-01 7.15799337e-02 4.68839753e-01 4.61323844e-01 1.86032719e-03 1.058078e+00 9.839691e-01 1.727456e+00 1.462690e+00 6.889988e-01 8.4515e-06 2.1204e-07 +8.8465e-07 0.04528 5.99848e-02 1.18060e-01 2.28658e-01 0.00000e+00
0.900645 1.19554611e-01 1.28395946e-01 2.47950558e-01 7.45635590e-02 4.95996965e-01 4.89048686e-01 1.97009130e-03 1.073952e+00 9.859913e-01 1.842794e+00 1.598311e+00 9.564860e-01 1.0328e-05 3.5944e-07 +1.6679e-05 0.04516 6.21095e-02 1.22074e-01 2.35704e-01 0.00000e+00
1.000716 1.18337900e-01 1.29467121e-01 2.47805021e-01 7.97877527e-02 5.28753963e-01 5.23643799e-01 2.10479552e-03 1.094046e+00 9.903355e-01 2.038871e+00 1.750854e+00 6.970451e-01 1.2331e-05 6.0651e-07 +1.6553e-05 0.04345 6.49959e-02 1.27505e-01 2.45065e-01 0.00000e+00
1.100788 1.17023156e-01 1.30970773e-01 2.47993929e-01 8.09685863e-02 5.67694361e-01 5.66733747e-01 2.26885622e-03 1.119187e+00 9.983079e-01 2.326426e+00 1.915906e+00 9.348780e-01 1.4667e-05 1.0179e-06 +8.4103e-07 0.04266 6.89428e-02 1.34851e-01 2.57294e-01 0.00000e+00
1.200859 1.15067469e-01 1.31964987e-01 2.47032456e-01 8.06720930e-02 6.11468786e-01 6.19533562e-01 2.46200470e-03 1.146849e+00 1.013189e+00 2.745691e+00 2.103017e+00 9.776819e-01 1.7393e-05 1.6864e-06 +2.2141e-05 0.04267 7.55098e-02 1.46915e-01 2.76636e-01 0.00000e+00
1.300931 1.13656237e-01 1.33759106e-01 2.47415343e-01 8.39371881e-02 6.63870659e-01 6.86076624e-01 2.69989457e-03 1.176874e+00 1.033449e+00 3.285431e+00 2.305003e+00 8.234010e-01 2.0638e-05 2.6203e-06 +9.2145e-06 0.04386 8.39491e-02 1.61991e-01 2.99074e-01 0.00000e+00
1.401003 1.11588017e-01 1.35585328e-01 2.47173345e-01 8.01015353e-02 7.24468180e-01 7.70361922e-01 2.98966020e-03 1.215053e+00 1.063348e+00 4.131597e+00 2.533382e+00 1.059924e+00 2.4573e-05 3.8322e-06 +5.4650e-06 0.04337 9.62268e-02 1.83146e-01 3.28109e-01 0.00000e+00
1.501074 1.08875755e-01 1.37287538e-01 2.46163292e-01 7.99198461e-02 7.94313025e-01 8.79086870e-01 3.34679979e-03 1.260956e+00 1.106726e+00 5.347347e+00 2.812159e+00 9.699813e-01 2.9443e-05 5.2493e-06 +2.3158e-05 0.04617 1.14329e-01 2.12858e-01 3.65330e-01 0.00000e+00
1.601146 1.06676197e-01 1.39810708e-01 2.46486905e-01 7.88613905e-02 8.76850333e-01 1.01908403e+00 3.79186872e-03 1.310608e+00 1.162210e+00 6.901125e+00 3.147867e+00 9.116902e-01 3.5892e-05 7.1168e-06 +3.3121e-06 0.04925 1.37541e-01 2.48367e-01 4.04760e-01 0.00000e+00
1.701218 1.03824157e-01 1.42142281e-01 2.45966438e-01 7.29370994e-02 9.71673507e-01 1.20396304e+00 4.35127310e-03 1.369068e+00 1.239061e+00 9.008128e+00 3.602323e+00 1.095729e+00 4.5648e-05 1.1084e-05 +1.2768e-05 0.05060 1.69915e-01 2.94426e-01 4.51474e-01 0.00000e+00
1.801289 1.00423651e-01 1.44719239e-01 2.45142890e-01 7.20872294e-02 1.08110606e+00 1.44875244e+00 5.05971700e-03 1.441087e+00 1.340065e+00 1.168473e+01 4.176661e+00 8.976590e-01 6.1473e-05 1.9245e-05 +1.9728e-05 0.05523 2.10819e-01 3.47806e-01 5.00657e-01 0.00000e+00
1.901361 9.70673553e-02 1.47986831e-01 2.45054186e-01 6.69734187e-02 1.20744738e+00 1.76473408e+00 5.94436290e-03 1.524579e+00 1.461541e+00 1.489194e+01 4.861977e+00 9.740730e-01 8.5327e-05 3.2202e-05 +8.7876e-07 0.05761 2.56954e-01 4.02765e-01 5.47170e-01 0.00000e+00
2.001432 9.30982780e-02 1.50862426e-01 2.43960704e-01 6.06662810e-02 1.34845287e+00 2.18497868e+00 7.06686311e-03 1.620464e+00 1.620360e+00 1.876692e+01 5.626733e+00 9.598234e-01 1.1891e-04 4.9543e-05 +1.9765e-05 0.05964 3.11041e-01 4.62235e-01 5.95281e-01 0.00000e+00
2.101504 8.91313605e-02 1.54394302e-01 2.43525662e-01 5.81723806e-02 1.50669888e+00 2.71304581e+00 8.43948938e-03 1.732211e+00 1.800656e+00 2.300643e+01 6.472062e+00 8.312577e-01 1.6305e-04 6.9851e-05 +1.3371e-05 0.06337 3.63373e-01 5.15274e-01 6.36308e-01 0.00000e+00
2.201576 8.45721423e-02 1.58025223e-01 2.42597365e-01 5.03000219e-02 1.67905107e+00 3.36026561e+00 1.00786334e-02 1.868526e+00 2.001289e+00 2.719808e+01 7.276416e+00 8.415551e-01 2.1982e-04 9.0159e-05 +3.1154e-06 0.06359 4.10799e-01 5.60054e-01 6.70052e-01 0.00000e+00
2.301647 7.95880042e-02 1.61470564e-01 2.41058568e-01 4.41300896e-02 1.86536629e+00 4.16156517e+00 1.20538629e-02 2.028830e+00 2.230964e+00 3.163568e+01 8.181015e+00 7.425096e-01 3.0524e-04 1.1215e-04 +2.3225e-05 0.06485 4.53957e-01 5.98869e-01 6.99885e-01 0.00000e+00
2.401719 7.48532361e-02 1.65313711e-01 2.40166947e-01 4.02289233e-02 2.06592460e+00 5.06223748e+00 1.42563242e-02 2.208505e+00 2.450350e+00 3.512329e+01 8.958354e+00 6.053528e-01 4.5546e-04 1.3048e-04 +6.7916e-06 0.06510 4.81036e-01 6.21808e-01 7.17764e-01 0.00000e+00
2.501790 6.97071700e-02 1.68928215e-01 2.38635385e-01 2.99978132e-02 2.28712643e+00 6.11397894e+00 1.68022108e-02 2.423398e+00 2.673214e+00 3.838693e+01 1.001919e+01 5.230560e-01 8.7202e-04 1.5473e-04 +9.1465e-06 0.06279 4.97597e-01 6.35168e-01 7.29876e-01 0.00000e+00
2.601862 6.42168279e-02 1.72125095e-01 2.36341923e-01 2.54774366e-02 2.53552993e+00 7.28357768e+00 1.96382152e-02 2.680374e+00 2.872606e+00 4.572021e+01 1.438862e+01 3.083295e-01 1.9455e-03 2.0375e-04 +2.2009e-05 0.06166 5.01848e-01 6.37725e-01 7.34562e-01 0.00000e+00
2.701934 5.91288270e-02 1.75476621e-01 2.34605448e-01 1.89080837e-02 2.81858132e+00 8.45931960e+00 2.25558018e-02 2.967700e+00 3.001269e+00 6.021239e+01 1.889485e+01 1.088823e-01 3.2668e-03 2.5875e-04 +2.2971e-06 0.05865 4.91843e-01 6.27630e-01 7.29003e-01 0.00000e+00
2.802005 5.42384982e-02 1.77764989e-01 2.32003487e-01 8.33588134e-03 3.12114450e+00 9.59046822e+00 2.54232254e-02 3.277469e+00 3.072741e+00 6.895800e+01 2.331554e+01 2.183387e-02 4.0323e-03 2.8895e-04 +1.6368e-05 0.05589 4.80488e-01 6.16189e-01 7.21012e-01 0.00000e+00
2.902077 4.96515104e-02 1.79688500e-01 2.29340010e-01 5.52336253e-03 3.42740015e+00 1.05506925e+01 2.79561852e-02 3.618994e+00 3.078337e+00 7.104206e+01 2.639825e+01 -1.019365e-01 4.3262e-03 3.1028e-04 +1.6739e-05 0.05689 4.65661e-01 6.02013e-01 7.09481e-01 0.00000e+00
3.002149 4.54416972e-02 1.80938643e-01 2.26380341e-01 -4.19221605e-03 3.71708079e+00 1.12375061e+01 2.99091737e-02 3.981776e+00 3.023207e+00 6.844556e+01 2.796485e+01 -1.526800e-01 4.2189e-03 3.2555e-04 +1.4182e-06 0.05932 4.49639e-01 5.87016e-01 6.95771e-01 0.00000e+00
3.102220 4.18970537e-02 1.81179372e-01 2.23076426e-01 -1.07343537e-02 3.96159235e+00 1.16965902e+01 3.13163650e-02 4.324394e+00 2.952497e+00 6.471370e+01 2.856310e+01 -1.971469e-01 3.8378e-03 3.4036e-04 +2.1226e-05 0.06244 4.39776e-01 5.77926e-01 6.86108e-01 0.00000e+00
3.202292 3.90580710e-02 1.81034348e-01 2.20092419e-01 -1.40587947e-02 4.13768602e+00 1.18695992e+01 3.20145704e-02 4.635005e+00 2.868656e+00 5.985271e+01 2.789569e+01 -1.794525e-01 3.3262e-03 3.5096e-04 +9.4530e-06 0.06361 4.27819e-01 5.67576e-01 6.74805e-01 0.00000e+00
3.302363 3.65103163e-02 1.80291636e-01 2.16801953e-01 -2.23522100e-02 4.24420816e+00 1.18568597e+01 3.22021356e-02 4.938101e+00 2.793656e+00 5.498745e+01 2.663042e+01 -1.564533e-01 2.8104e-03 3.6080e-04 +4.7524e-06 0.06276 4.18159e-01 5.59861e-01 6.65722e-01 0.00000e+00
3.402435 3.43378697e-02 1.78850855e-01 2.13188725e-01 -2.60773480e-02 4.28454344e+00 1.17323658e+01 3.20338184e-02 5.208560e+00 2.738300e+00 5.315023e+01 2.545106e+01 -7.427203e-02 2.4108e-03 3.7173e-04 +2.1552e-05 0.06219 4.11547e-01 5.55395e-01 6.59583e-01 0.00000e+00
3.502507 3.27948710e-02 1.77436806e-01 2.10231677e-01 -2.79270947e-02 4.27513039e+00 1.14844410e+01 3.15191427e-02 5.410505e+00 2.686337e+00 5.239115e+01 2.428337e+01 -2.859748e-02 2.2343e-03 3.8519e-04 +3.0648e-06 0.06210 4.00360e-01 5.46842e-01 6.50254e-01 0.00000e+00
3.602578 3.16149441e-02 1.75431128e-01 2.07046072e-01 -3.60035445e-02 4.23008476e+00 1.11997528e+01 3.08596752e-02 5.548994e+00 2.647643e+00 5.108295e+01 2.677225e+01 -2.525315e-02 2.2593e-03 4.0170e-04 +1.0916e-05 0.05827 3.91581e-01 5.40470e-01 6.42959e-01 0.00000e+00
3.702650 3.05384639e-02 1.73221020e-01 2.03759484e-01 -3.46241553e-02 4.16218853e+00 1.08743772e+01 3.00731315e-02 5.672224e+00 2.612658e+00 4.995400e+01 2.752871e+01 7.189036e-02 2.4177e-03 4.1923e-04 +1.7681e-05 0.05946 3.81487e-01 5.32604e-01 6.34587e-01 0.00000e+00
3.802722 2.97616859e-02 1.71054468e-01 2.00816154e-01 -3.89184320e-02 4.08789696e+00 1.05142964e+01 2.92043867e-02 5.747472e+00 2.572055e+00 4.891175e+01 2.791063e+01 7.866934e-02 2.5855e-03 4.3518e-04 -2.4841e-07 0.05612 3.67272e-01 5.20188e-01 6.22562e-01 0.00000e+00
3.902793 2.94591455e-02 1.68335655e-01 1.97794800e-01 -4.24388532e-02 4.01366350e+00 1.01755940e+01 2.83785150e-02 5.714207e+00 2.535238e+00 4.767800e+01 2.799923e+01 1.338401e-01 2.7345e-03 4.5222e-04 +1.6957e-05 0.05517 3.55918e-01 5.10156e-01 6.12883e-01 0.00000e+00
4.002865 2.93977423e-02 1.65680135e-01 1.95077877e-01 -4.07005290e-02 3.94630301e+00 9.80982467e+00 2.75122554e-02 5.635812e+00 2.485827e+00 4.632834e+01 2.793749e+01 2.402598e-01 2.9288e-03 4.6660e-04 +1.1246e-05 0.05443 3.41079e-01 4.95843e-01 5.99762e-01 0.00000e+00
4.102936 2.94138677e-02 1.62848120e-01 1.92261987e-01 -4.46992876e-02 3.88618499e+00 9.44285248e+00 2.66580749e-02 5.536440e+00 2.429852e+00 4.448177e+01 2.731071e+01 2.741388e-01 3.1569e-03 4.7957e-04 +8.7099e-07 0.05268 3.25332e-01 4.79723e-01 5.85146e-01 0.00000e+00
4.203008 2.97242854e-02 1.59621497e-01 1.89345782e-01 -4.53106712e-02 3.82649823e+00 9.09366353e+00 2.58403235e-02 5.370070e+00 2.376498e+00 4.244896e+01 2.640996e+01 3.598266e-01 3.4014e-03 4.9375e-04 +1.9743e-05 0.05150 3.12359e-01 4.65901e-01 5.72802e-01 0.00000e+00
4.303080 3.04914821e-02 1.56531959e-01 1.87023442e-01 -4.31744445e-02 3.77314456e+00 8.73711122e+00 2.50205115e-02 5.133629e+00 2.315605e+00 4.040007e+01 2.571149e+01 5.038801e-01 3.6672e-03 5.0219e-04 +4.6143e-06 0.05179 2.96147e-01 4.47467e-01 5.56451e-01 0.00000e+00
4.403151 3.13411723e-02 1.53185380e-01 1.84526552e-01 -4.72442991e-02 3.71730308e+00 8.38992465e+00 2.42144555e-02 4.887672e+00 2.256992e+00 3.758442e+01 2.454550e+01 4.869816e-01 3.9214e-03 5.1022e-04 +5.9405e-06 0.04911 2.81903e-01 4.30562e-01 5.41718e-01 0.00000e+00
4.503223 3.21814260e-02 1.49608154e-01 1.81789580e-01 -4.43306702e-02 3.66033693e+00 8.06395464e+00 2.34485831e-02 4.648898e+00 2.203063e+00 3.464770e+01 2.351163e+01 6.183687e-01 4.1493e-03 5.1430e-04 +1.8210e-05 0.04964 2.69516e-01 4.15013e-01 5.28235e-01 0.00000e+00
4.603295 3.33388279e-02 1.46342208e-01 1.79681036e-01 -4.38476435e-02 3.60282815e+00 7.73706662e+00 2.26797895e-02 4.389543e+00 2.147498e+00 3.206655e+01 2.236887e+01 6.367880e-01 4.3751e-03 5.1003e-04 -7.2971e-08 0.04827 2.55059e-01 3.96282e-01 5.12019e-01 0.00000e+00
4.703366 3.46532639e-02 1.42689872e-01 1.77343135e-01 -4.58845919e-02 3.53880124e+00 7.43465314e+00 2.19469088e-02 4.117646e+00 2.100896e+00 3.183398e+01 2.082643e+01 6.019151e-01 4.5328e-03 5.0261e-04 +1.2551e-05 0.04685 2.44529e-01 3.81777e-01 4.99348e-01 0.00000e+00
4.803438 3.58917987e-02 1.39249515e-01 1.75141313e-01 -4.15768518e-02 3.46969774e+00 7.13089556e+00 2.12011866e-02 3.879703e+00 2.055192e+00 3.192922e+01 1.954898e+01 6.612687e-01 4.6571e-03 4.9054e-04 +1.3288e-05 0.04686 2.33951e-01 3.66858e-01 4.86168e-01 0.00000e+00
4.903509 3.70778222e-02 1.35961573e-01 1.73039395e-01 -4.24971991e-02 3.39826890e+00 6.84198329e+00 2.04805044e-02 3.666924e+00 2.013373e+00 3.214857e+01 1.844579e+01 5.906894e-01 4.7471e-03 4.7974e-04 -1.1420e-06 0.04502 2.23621e-01 3.51782e-01 4.72103e-01 0.00000e+00
5.003581 3.83338449e-02 1.32489030e-01 1.70822875e-01 -4.18638943e-02 3.31989663e+00 6.54702495e+00 1.97338432e-02 3.456189e+00 1.972057e+00 3.186450e+01 1.717474e+01 5.594767e-01 4.7693e-03 4.7718e-04 +1.7311e-05 0.04389 2.16753e-01 3.41335e-01 4.62080e-01 0.00000e+00
5.103653 3.97156174e-02 1.29352018e-01 1.69067636e-01 -3.79337489e-02 3.24460699e+00 6.26240692e+00 1.90140278e-02 3.256956e+00 1.930097e+00 3.167410e+01 1.603799e+01 5.725448e-01 4.7649e-03 4.7739e-04 +6.9582e-06 0.04337 2.08895e-01 3.29397e-01 4.49806e-01 0.00000e+00
5.203724 4.08773159e-02 1.26336142e-01 1.67213458e-01 -3.92996620e-02 3.17103901e+00 5.97465719e+00 1.82913924e-02 3.090617e+00 1.884132e+00 3.103685e+01 1.497860e+01 5.027703e-01 4.6906e-03 4.8123e-04 +1.9794e-06 0.04126 2.01938e-01 3.18925e-01 4.38575e-01 0.00000e+00
5.303796 4.18198524e-02 1.23188905e-01 1.65008758e-01 -3.62683346e-02 3.10376447e+00 5.70381891e+00 1.76151668e-02 2.945704e+00 1.837710e+00 3.004030e+01 1.422976e+01 4.933594e-01 4.5365e-03 4.8988e-04 +1.8124e-05 0.04010 1.96762e-01 3.10851e-01 4.29042e-01 0.00000e+00
5.403867 4.30081277e-02 1.20608571e-01 1.63616699e-01 -3.36638168e-02 3.04671455e+00 5.45188123e+00 1.69971916e-02 2.804320e+00 1.789430e+00 2.888211e+01 1.375143e+01 5.216929e-01 4.3579e-03 4.9813e-04 +1.3267e-06 0.03930 1.89433e-01 3.00039e-01 4.16839e-01 0.00000e+00
5.503939 4.39713802e-02 1.17891095e-01 1.61862475e-01 -3.40189929e-02 2.99461489e+00 5.22498381e+00 1.64391974e-02 2.681087e+00 1.744793e+00 2.732353e+01 1.392721e+01 4.768057e-01 4.1263e-03 5.0987e-04 +8.1310e-06 0.03782 1.83675e-01 2.91394e-01 4.06875e-01 0.00000e+00
5.604011 4.46093643e-02 1.15453800e-01 1.60063165e-01 -2.97916466e-02 2.94708239e+00 5.02969882e+00 1.59535624e-02 2.588107e+00 1.706671e+00 2.610928e+01 1.361276e+01 5.429980e-01 3.8910e-03 5.1984e-04 +1.4996e-05 0.03985 1.77930e-01 2.83032e-01 3.97940e-01 0.00000e+00
5.704082 4.51504628e-02 1.13452658e-01 1.58603121e-01 -2.82093733e-02 2.90420072e+00 4.86773561e+00 1.55438727e-02 2.512768e+00 1.676102e+00 2.547027e+01 1.314088e+01 5.300564e-01 3.7074e-03 5.2548e-04 -1.5725e-06 0.04137 1.71261e-01 2.73610e-01 3.88683e-01 0.00000e+00
5.804154 4.55172135e-02 1.11418720e-01 1.56935934e-01 -2.68689356e-02 2.86252003e+00 4.72765233e+00 1.51803447e-02 2.447837e+00 1.651570e+00 2.521836e+01 1.284476e+01 5.384015e-01 3.5483e-03 5.3189e-04 +1.4223e-05 0.04173 1.66758e-01 2.67489e-01 3.83530e-01 0.00000e+00
5.904226 4.56740506e-02 1.09844511e-01 1.55518562e-01 -2.26764955e-02 2.82817651e+00 4.61042474e+00 1.48772025e-02 2.404965e+00 1.630176e+00 2.516631e+01 1.251032e+01 5.474806e-01 3.4479e-03 5.3616e-04 +9.5598e-06 0.04326 1.61658e-01 2.60768e-01 3.78009e-01 0.00000e+00
6.004297 4.54694649e-02 1.08592184e-01 1.54061649e-01 -2.15022861e-02 2.79761310e+00 4.50898769e+00 1.46132016e-02 2.388244e+00 1.611727e+00 2.536986e+01 1.247086e+01 5.255158e-01 3.3458e-03 5.4482e-04 -5.6035e-07 0.04248 1.57048e-01 2.54873e-01 3.73318e-01 0.00000e+00
6.104369 4.49938730e-02 1.07301845e-01 1.52295718e-01 -1.87373734e-02 2.76527694e+00 4.42917793e+00 1.43889097e-02 2.384810e+00 1.601712e+00 2.608274e+01 1.232413e+01 4.869761e-01 3.1940e-03 5.7202e-04 +1.7318e-05 0.04262 1.55067e-01 2.52483e-01 3.72154e-01 0.00000e+00
6.204440 4.46403494e-02 1.06508495e-01 1.51148845e-01 -1.54235879e-02 2.73428080e+00 4.37367116e+00 1.42159039e-02 2.385924e+00 1.599569e+00 2.701819e+01 1.214113e+01 4.922444e-01 3.0362e-03 6.2085e-04 +3.6767e-06 0.04174 1.52911e-01 2.49470e-01 3.70235e-01 0.00000e+00
6.304512 4.39883107e-02 1.05741469e-01 1.49729779e-01 -1.42650521e-02 2.70009760e+00 4.33354214e+00 1.40672795e-02 2.403854e+00 1.604958e+00 2.833333e+01 1.301875e+01 4.317010e-01 2.8747e-03 6.9523e-04 +4.2745e-06 0.04027 1.53050e-01 2.48916e-01 3.70680e-01 0.00000e+00
6.404584 4.30356126e-02 1.04970728e-01 1.48006340e-01 -1.09860572e-02 2.66545797e+00 4.30925853e+00 1.39494330e-02 2.439160e+00 1.616705e+00 3.001384e+01 1.359511e+01 4.237849e-01 2.7279e-03 7.8811e-04 +1.6219e-05 0.03904 1.55262e-01 2.50338e-01 3.72802e-01 0.00000e+00
6.504655 4.22874193e-02 1.04568790e-01 1.46856209e-01 -8.90456527e-03 2.63602142e+00 4.29648128e+00 1.38650054e-02 2.472811e+00 1.629911e+00 3.150384e+01 1.395028e+01 4.090444e-01 2.6157e-03 8.7390e-04 -6.5263e-07 0.03771 1.56844e-01 2.50387e-01 3.73084e-01 0.00000e+00
6.604727 4.14595225e-02 1.03922695e-01 1.45382218e-01 -7.29712127e-03 2.60661266e+00 4.29282431e+00 1.37988739e-02 2.506606e+00 1.646898e+00 3.314177e+01 1.419294e+01 3.594583e-01 2.5366e-03 9.4896e-04 +1.0670e-05 0.03738 1.60617e-01 2.52766e-01 3.75309e-01 0.00000e+00
6.704799 4.05432152e-02 1.03431568e-01 1.43974783e-01 -4.87039273e-03 2.58287677e+00 4.30054162e+00 1.37668368e-02 2.551144e+00 1.665020e+00 3.437906e+01 1.436460e+01 3.807611e-01 2.4862e-03 9.8992e-04 +1.1877e-05 0.03770 1.63747e-01 2.54264e-01 3.76353e-01 0.00000e+00
6.804870 3.95975900e-02 1.03015081e-01 1.42612671e-01 -3.21314884e-03 2.56184581e+00 4.31076977e+00 1.37452312e-02 2.601549e+00 1.682681e+00 3.516302e+01 1.447417e+01 3.567041e-01 2.4502e-03 1.0012e-03 -1.8062e-06 0.03761 1.65663e-01 2.54265e-01 3.75687e-01 0.00000e+00
6.904942 3.87058276e-02 1.02369846e-01 1.41075674e-01 -1.73239359e-03 2.53865420e+00 4.33472426e+00 1.37467569e-02 2.644817e+00 1.707489e+00 3.574775e+01 1.459589e+01 3.501604e-01 2.4220e-03 9.9393e-04 +1.5376e-05 0.03831 1.68802e-01 2.56072e-01 3.77036e-01 0.00000e+00
7.005013 3.80059014e-02 1.01852962e-01 1.39858863e-01 4.32978405e-05 2.51656940e+00 4.35971136e+00 1.37525615e-02 2.679925e+00 1.732403e+00 3.568104e+01 1.468045e+01 3.749992e-01 2.4022e-03 9.6639e-04 +6.1373e-06 0.03855 1.69462e-01 2.55196e-01 3.75930e-01 0.00000e+00
7.105085 3.72084423e-02 1.01296502e-01 1.38504944e-01 1.22960877e-03 2.49386315e+00 4.39253158e+00 1.37727895e-02 2.722406e+00 1.761336e+00 3.506503e+01 1.475389e+01 3.609037e-01 2.3828e-03 9.3040e-04 +9.7334e-07 0.03871 1.69500e-01 2.53963e-01 3.74947e-01 0.00000e+00
7.205157 3.63157965e-02 1.00469219e-01 1.36785016e-01 2.71594558e-03 2.46670807e+00 4.42731878e+00 1.37880537e-02 2.766543e+00 1.794829e+00 3.424464e+01 1.472740e+01 3.737523e-01 2.3659e-03 8.9457e-04 +1.6308e-05 0.04050 1.70061e-01 2.53587e-01 3.75195e-01 0.00000e+00
7.305228 3.58332873e-02 9.98583492e-02 1.35691636e-01 3.92369700e-03 2.44324799e+00 4.45881336e+00 1.38041227e-02 2.786748e+00 1.824953e+00 3.251094e+01 1.453311e+01 3.796587e-01 2.3387e-03 8.3427e-04 +9.2025e-07 0.04179 1.67553e-01 2.50134e-01 3.72385e-01 0.00000e+00
7.405300 3.52969169e-02 9.89652619e-02 1.34262179e-01 5.05497274e-03 2.41368380e+00 4.48371535e+00 1.37947983e-02 2.803793e+00 1.857623e+00 3.067187e+01 1.421675e+01 3.320431e-01 2.2987e-03 7.7999e-04 +6.6880e-06 0.04057 1.65642e-01 2.47803e-01 3.70210e-01 0.00000e+00
7.505371 3.46932042e-02 9.80156226e-02 1.32708827e-01 6.27977410e-03 2.38476888e+00 4.49951259e+00 1.37685629e-02 2.825211e+00 1.886771e+00 2.852373e+01 1.377491e+01 3.338897e-01 2.2743e-03 7.3528e-04 +1.3490e-05 0.04142 1.62847e-01 2.44953e-01 3.67034e-01 0.00000e+00
7.605443 3.42952455e-02 9.71499785e-02 1.31445224e-01 7.40381143e-03 2.35740566e+00 4.49750982e+00 1.37098310e-02 2.832754e+00 1.907822e+00 2.610533e+01 1.323946e+01 3.193163e-01 2.2741e-03 7.0329e-04 -1.9872e-06 0.04072 1.58208e-01 2.40053e-01 3.61520e-01 0.00000e+00
7.705515 3.39880428e-02 9.59946152e-02 1.29982658e-01 8.52494867e-03 2.32835790e+00 4.48305439e+00 1.36228246e-02 2.824364e+00 1.925415e+00 2.395104e+01 1.366134e+01 2.733359e-01 2.3072e-03 6.9402e-04 +1.2404e-05 0.04073 1.55018e-01 2.37036e-01 3.58472e-01 0.00000e+00
7.805586 3.37788977e-02 9.49011453e-02 1.28680043e-01 9.49419046e-03 2.30063004e+00 4.44761664e+00 1.34964934e-02 2.809480e+00 1.933217e+00 2.370555e+01 1.410127e+01 2.976182e-01 2.3719e-03 6.9382e-04 +8.4277e-06 0.04262 1.50372e-01 2.32200e-01 3.53839e-01 0.00000e+00
7.905658 3.35427476e-02 9.38204135e-02 1.27363161e-01 1.06457468e-02 2.27426495e+00 4.39563662e+00 1.33398032e-02 2.797040e+00 1.932772e+00 2.374044e+01 1.438628e+01 2.561063e-01 2.4651e-03 7.0049e-04 -1.3690e-06 0.04164 1.45235e-01 2.26638e-01 3.48682e-01 0.00000e+00
8.005730 3.32963203e-02 9.24704233e-02 1.25766744e-01 1.14535661e-02 2.24430410e+00 4.32058661e+00 1.31297814e-02 2.777196e+00 1.925134e+00 2.375271e+01 1.454127e+01 2.769077e-01 2.5748e-03 7.1157e-04 +1.5268e-05 0.04164 1.41341e-01 2.22381e-01 3.45040e-01 0.00000e+00
8.105801 3.33955160e-02 9.13265863e-02 1.24722102e-01 1.24768508e-02 2.21853396e+00 4.22375494e+00 1.28845778e-02 2.734696e+00 1.903850e+00 2.395424e+01 1.445899e+01 2.459346e-01 2.6828e-03 7.1119e-04 +2.9311e-06 0.04115 1.35771e-01 2.15830e-01 3.38773e-01 0.00000e+00
8.205873 3.33772947e-02 9.00481121e-02 1.23425407e-01 1.29975580e-02 2.19314489e+00 4.10267548e+00 1.25916407e-02 2.697885e+00 1.870681e+00 2.422351e+01 1.460755e+01 2.645513e-01 2.7683e-03 7.0730e-04 +2.8435e-06 0.03978 1.30830e-01 2.09853e-01 3.32933e-01 0.00000e+00
8.305944 3.32405483e-02 8.86729540e-02 1.21913502e-01 1.38403719e-02 2.17005719e+00 3.96126945e+00 1.22626533e-02 2.667614e+00 1.825422e+00 2.471848e+01 1.504811e+01 2.378994e-01 2.8225e-03 7.0126e-04 +1.4306e-05 0.03846 1.26389e-01 2.04448e-01 3.27586e-01 0.00000e+00
8.406016 3.33953951e-02 8.75119399e-02 1.20907335e-01 1.44173210e-02 2.15204533e+00 3.80344098e+00 1.19109726e-02 2.620479e+00 1.767361e+00 2.549229e+01 1.568351e+01 2.724828e-01 2.8406e-03 6.9015e-04 -1.2258e-06 0.03889 1.20740e-01 1.97456e-01 3.20053e-01 0.00000e+00
8.506088 3.35200748e-02 8.61615204e-02 1.19681595e-01 1.45032507e-02 2.13447384e+00 3.63860459e+00 1.15461569e-02 2.570445e+00 1.704685e+00 2.609734e+01 1.597849e+01 2.503604e-01 2.8347e-03 6.8698e-04 +8.7593e-06 0.03869 1.16211e-01 1.91981e-01 3.14275e-01 0.00000e+00
8.606159 3.35713665e-02 8.49024348e-02 1.18473801e-01 1.51620972e-02 2.11830484e+00 3.47272305e+00 1.11820558e-02 2.529013e+00 1.639388e+00 2.705805e+01 1.570330e+01 2.926903e-01 2.8206e-03 6.8526e-04 +1.0400e-05 0.04011 1.11294e-01 1.86079e-01 3.07945e-01 0.00000e+00
8.706231 3.36347804e-02 8.37997678e-02 1.17434548e-01 1.51732702e-02 2.10210717e+00 3.31120212e+00 1.08266186e-02 2.491462e+00 1.575182e+00 2.805806e+01 1.498250e+01 2.877647e-01 2.8159e-03 6.8407e-04 -2.5187e-06 0.03930 1.05952e-01 1.79588e-01 3.00820e-01 0.00000e+00
8.806303 3.36691469e-02 8.25273662e-02 1.16196513e-01 1.49215842e-02 2.08075797e+00 3.15987353e+00 1.04812630e-02 2.451127e+00 1.518617e+00 2.841552e+01 1.382368e+01 3.331528e-01 2.8261e-03 6.9015e-04 +1.3265e-05 0.03899 1.01734e-01 1.74611e-01 2.95736e-01 0.00000e+00
8.906374 3.38415001e-02 8.14878282e-02 1.15329328e-01 1.54048799e-02 2.05584320e+00 3.01514452e+00 1.01419754e-02 2.407926e+00 1.466622e+00 2.865856e+01 1.345343e+01 3.170005e-01 2.8386e-03 6.9133e-04 +5.2092e-06 0.03856 9.69536e-02 1.68758e-01 2.89360e-01 0.00000e+00
9.006446 3.38322866e-02 8.04966800e-02 1.14328967e-01 1.44986573e-02 2.02498186e+00 2.88075966e+00 9.81148304e-03 2.379286e+00 1.422610e+00 2.836343e+01 1.307655e+01 3.574916e-01 2.8513e-03 6.9568e-04 -1.8187e-07 0.03751 9.26849e-02 1.63487e-01 2.83560e-01 0.00000e+00
9.106517 3.36752002e-02 7.94099371e-02 1.13085137e-01 1.43750026e-02 1.98578290e+00 2.75627920e+00 9.48412422e-03 2.358113e+00 1.388006e+00 2.746676e+01 1.324287e+01 3.479663e-01 2.8569e-03 7.0605e-04 +1.4353e-05 0.03650 8.93819e-02 1.59548e-01 2.79388e-01 0.00000e+00
9.206589 3.37790492e-02 7.86203120e-02 1.12399361e-01 1.42662568e-02 1.94358930e+00 2.63877112e+00 9.16472084e-03 2.327487e+00 1.357679e+00 2.631134e+01 1.356292e+01 3.615876e-01 2.8519e-03 7.0648e-04 +3.9527e-07 0.03584 8.59443e-02 1.55258e-01 2.74297e-01 0.00000e+00
9.306661 3.37367801e-02 7.77292381e-02 1.11466018e-01 1.26502641e-02 1.89515326e+00 2.53309789e+00 8.85650229e-03 2.303991e+00 1.336619e+00 2.481240e+01 1.386919e+01 3.640860e-01 2.8439e-03 7.0243e-04 +5.0637e-06 0.03435 8.34614e-02 1.52312e-01 2.70795e-01 0.00000e+00
9.406732 3.35238274e-02 7.69008332e-02 1.10424661e-01 1.28015687e-02 1.84403957e+00 2.44039876e+00 8.56887667e-03 2.293916e+00 1.323398e+00 2.348063e+01 1.417746e+01 3.775338e-01 2.8581e-03 6.8904e-04 +1.1999e-05 0.03369 8.14841e-02 1.50005e-01 2.67903e-01 0.00000e+00
9.506804 3.34275712e-02 7.62724967e-02 1.09700068e-01 1.16835096e-02 1.79231475e+00 2.35649385e+00 8.29761721e-03 2.281724e+00 1.314777e+00 2.218436e+01 1.441191e+01 3.901719e-01 2.9169e-03 6.6835e-04 -2.4120e-06 0.03272 7.93444e-02 1.47278e-01 2.64057e-01 0.00000e+00
9.606875 3.32936251e-02 7.55112094e-02 1.08804835e-01 1.00157583e-02 1.73976796e+00 2.29016812e+00 8.05987216e-03 2.268038e+00 1.316364e+00 2.068796e+01 1.466084e+01 4.157880e-01 3.0437e-03 6.5854e-04 +1.0563e-05 0.03176 7.79866e-02 1.45584e-01 2.61686e-01 0.00000e+00
9.706947 3.31596257e-02 7.48869976e-02 1.08046623e-01 1.01280740e-02 1.68994097e+00 2.23284439e+00 7.84557071e-03 2.258379e+00 1.321256e+00 1.959310e+01 1.474233e+01 4.090820e-01 3.1867e-03 6.4275e-04 +7.5394e-06 0.03175 7.64223e-02 1.43319e-01 2.58286e-01 0.00000e+00
9.807019 3.29158299e-02 7.43889642e-02 1.07304794e-01 8.00920079e-03 1.64470029e+00 2.18775958e+00 7.66491973e-03 2.259975e+00 1.330187e+00 1.834338e+01 1.485114e+01 4.352984e-01 3.3096e-03 6.1164e-04 -2.0280e-06 0.03195 7.48942e-02 1.40762e-01 2.54267e-01 0.00000e+00
9.907090 3.26041190e-02 7.37146738e-02 1.06318793e-01 6.91494281e-03 1.60143107e+00 2.15506970e+00 7.51300154e-03 2.260901e+00 1.345715e+00 1.710898e+01 1.481427e+01 4.418480e-01 3.3927e-03 5.6192e-04 +1.3559e-05 0.03255 7.40236e-02 1.38945e-01 2.51185e-01 0.00000e+00
10.000190 3.25185971e-02 7.33338442e-02 1.05852441e-01 6.68172103e-03 1.56565006e+00 2.12859919e+00 7.38849848e-03 2.255136e+00 1.359563e+00 1.615282e+01 1.480942e+01 4.150831e-01 3.4731e-03 5.1190e-04 +3.7224e-06 0.03283 7.30946e-02 1.36738e-01 2.47138e-01 0.00000e+00
