# tg_mhd (CUDA FP64)  tgc_slip_cond_n384_re500  N=384 L=384 Re=500 Pm=1 u0=0.05 nu_lat=1.219127e-02 eta_lat=1.219127e-02 tau_f=0.536574 tau_m=0.548765 dt=4.101296e-04 fw=profile
# t E_V E_M E_T H_C Omega_V Omega_M eps EM/EV OmM/OmV j_max w_max skew divb/j divb_wall/j mass_drift umax_lat fw1 fw2 fw4 tau_wall
0.000000 1.25000000e-01 1.25000000e-01 2.50000000e-01 -2.32193453e-20 3.74991590e-01 1.49986544e+00 7.49942812e-03 1.000000e+00 3.999731e+00 3.463888e+00 1.999944e+00 1.811384e-18 5.4336e-15 1.1048e-14 +0.0000e+00 0.05000 5.70547e-02 1.14678e-01 2.32241e-01 0.00000e+00
0.100072 1.24740238e-01 1.24186731e-01 2.48926969e-01 1.03844768e-07 3.83057094e-01 1.49653432e+00 7.51836566e-03 9.955627e-01 3.906818e+00 3.544594e+00 2.002641e+00 1.395246e-01 2.9706e-06 4.4757e-06 +3.3644e-07 0.05085 5.69895e-02 1.14582e-01 2.32272e-01 0.00000e+00
0.200143 1.24603057e-01 1.23454699e-01 2.48057757e-01 6.93210696e-07 4.09444230e-01 1.50765308e+00 7.66838923e-03 9.907839e-01 3.682194e+00 3.656491e+00 2.045893e+00 3.405721e-02 8.5095e-06 1.3674e-05 -8.6706e-06 0.05125 5.65069e-02 1.13737e-01 2.31341e-01 0.00000e+00
0.300215 1.24482070e-01 1.23118677e-01 2.47600747e-01 2.80860817e-06 4.50903211e-01 1.53883398e+00 7.95894878e-03 9.890475e-01 3.412781e+00 3.795049e+00 2.117480e+00 2.057386e-01 1.7156e-05 2.8411e-05 -4.3087e-06 0.05219 5.59407e-02 1.12835e-01 2.30903e-01 0.00000e+00
0.400286 1.23904713e-01 1.22723687e-01 2.46628400e-01 8.03659888e-06 5.04400565e-01 1.58783321e+00 8.36893511e-03 9.904683e-01 3.147961e+00 3.988437e+00 2.203509e+00 2.327169e-01 2.8936e-05 4.9090e-05 +8.9375e-06 0.05282 5.53833e-02 1.12097e-01 2.31499e-01 0.00000e+00
0.500358 1.23734003e-01 1.22075334e-01 2.45809337e-01 1.83224642e-05 5.70019247e-01 1.65479308e+00 8.89924932e-03 9.865949e-01 2.903048e+00 4.201651e+00 2.310785e+00 2.255064e-01 4.3996e-05 7.6768e-05 -7.3767e-06 0.05281 5.43074e-02 1.10511e-01 2.31164e-01 0.00000e+00
0.600430 1.23202949e-01 1.21598858e-01 2.44801806e-01 3.55437825e-05 6.46002332e-01 1.74821838e+00 9.57688285e-03 9.869801e-01 2.706211e+00 4.436376e+00 2.425029e+00 3.432677e-01 6.3118e-05 1.1453e-04 -9.0987e-06 0.05408 5.33463e-02 1.09460e-01 2.32726e-01 0.00000e+00
0.700501 1.22532598e-01 1.21315779e-01 2.43848377e-01 6.16608676e-05 7.33605277e-01 1.87175591e+00 1.04214448e-02 9.900694e-01 2.551448e+00 4.671525e+00 2.712408e+00 3.008784e-01 8.7716e-05 1.6961e-04 +5.3982e-06 0.05470 5.25543e-02 1.09214e-01 2.36514e-01 0.00000e+00
0.800573 1.22185221e-01 1.20707206e-01 2.42892427e-01 9.81695498e-05 8.35805746e-01 2.01941604e+00 1.14208871e-02 9.879035e-01 2.416131e+00 4.851907e+00 3.072883e+00 4.027325e-01 1.1901e-04 2.5134e-04 -1.7229e-06 0.05542 5.16163e-02 1.09225e-01 2.40662e-01 0.00000e+00
0.900645 1.21678098e-01 1.19854407e-01 2.41532505e-01 1.46312554e-04 9.53844782e-01 2.19829488e+00 1.26085586e-02 9.850122e-01 2.304667e+00 5.230330e+00 3.500909e+00 4.797502e-01 1.5965e-04 3.7166e-04 -4.7395e-06 0.05678 5.11722e-02 1.10782e-01 2.46675e-01 0.00000e+00
1.000716 1.21396348e-01 1.18823614e-01 2.40219962e-01 2.07212091e-04 1.09268207e+00 2.40979094e+00 1.40098920e-02 9.788072e-01 2.205391e+00 6.387754e+00 4.023241e+00 4.064194e-01 2.1121e-04 5.3096e-04 -4.3432e-06 0.05799 5.14326e-02 1.14048e-01 2.53907e-01 0.00000e+00
1.100788 1.21345279e-01 1.17516200e-01 2.38861479e-01 2.81490109e-04 1.25489269e+00 2.65726790e+00 1.56486423e-02 9.684448e-01 2.117526e+00 8.156323e+00 4.736421e+00 4.469367e-01 2.7689e-04 7.2034e-04 -1.8754e-06 0.05953 5.26010e-02 1.19005e-01 2.61654e-01 0.00000e+00
1.200859 1.21307905e-01 1.15808408e-01 2.37116313e-01 3.70741530e-04 1.43998919e+00 2.94537197e+00 1.75414446e-02 9.546650e-01 2.045413e+00 1.030206e+01 5.712926e+00 5.301783e-01 3.6401e-04 9.3009e-04 +5.2161e-06 0.06060 5.47125e-02 1.25328e-01 2.69275e-01 0.00000e+00
1.300931 1.21695620e-01 1.13565150e-01 2.35260770e-01 4.77279297e-04 1.64778391e+00 3.26457032e+00 1.96494169e-02 9.331901e-01 1.981188e+00 1.269982e+01 6.939392e+00 4.753088e-01 4.8410e-04 1.1574e-03 -8.0628e-06 0.06048 5.70255e-02 1.31331e-01 2.74286e-01 0.00000e+00
1.401003 1.22143499e-01 1.11084782e-01 2.33228281e-01 6.04068803e-04 1.87497407e+00 3.63331612e+00 2.20331607e-02 9.094613e-01 1.937795e+00 1.524309e+01 8.348817e+00 4.597072e-01 6.5530e-04 1.4360e-03 -6.4155e-06 0.06269 5.97592e-02 1.37311e-01 2.78175e-01 0.00000e+00
1.501074 1.22425664e-01 1.08367419e-01 2.30793083e-01 7.55243213e-04 2.11394003e+00 4.05136534e+00 2.46612215e-02 8.851691e-01 1.916500e+00 1.763613e+01 9.811020e+00 4.741033e-01 8.7815e-04 1.7725e-03 +8.4060e-06 0.06179 6.25298e-02 1.42321e-01 2.80507e-01 0.00000e+00
1.601146 1.23108571e-01 1.05193927e-01 2.28302498e-01 9.34091549e-04 2.35310662e+00 4.48709082e+00 2.73607898e-02 8.544809e-01 1.906880e+00 1.943950e+01 1.117796e+01 5.556229e-01 1.1296e-03 2.1335e-03 -3.4909e-06 0.06152 6.42941e-02 1.44423e-01 2.78982e-01 0.00000e+00
1.701218 1.23467363e-01 1.01854842e-01 2.25322205e-01 1.14300065e-03 2.57807565e+00 4.94107170e+00 3.00765894e-02 8.249536e-01 1.916574e+00 2.055233e+01 1.215521e+01 5.256444e-01 1.3912e-03 2.4714e-03 -5.9487e-06 0.06108 6.52816e-02 1.44494e-01 2.76306e-01 0.00000e+00
1.801289 1.23738676e-01 9.84343192e-02 2.22172995e-01 1.38344602e-03 2.77924699e+00 5.38917768e+00 3.26736987e-02 7.955016e-01 1.939078e+00 2.101760e+01 1.258471e+01 4.610448e-01 1.6634e-03 2.7582e-03 +2.4563e-06 0.05848 6.52496e-02 1.42709e-01 2.73515e-01 0.00000e+00
1.901361 1.23990079e-01 9.48288174e-02 2.18818897e-01 1.65461659e-03 2.94807537e+00 5.76837346e+00 3.48657953e-02 7.648097e-01 1.956657e+00 2.083308e+01 1.230264e+01 4.887780e-01 1.9471e-03 2.9913e-03 +5.7761e-07 0.05672 6.38999e-02 1.39104e-01 2.71411e-01 0.00000e+00
2.001432 1.24028650e-01 9.11454025e-02 2.15174053e-01 1.95523294e-03 3.08602075e+00 6.02984023e+00 3.64634439e-02 7.348738e-01 1.953921e+00 2.065983e+01 1.162934e+01 5.157819e-01 2.2269e-03 3.1634e-03 +2.5181e-06 0.05541 6.17221e-02 1.35042e-01 2.73616e-01 0.00000e+00
2.101504 1.24041326e-01 8.73978404e-02 2.11439167e-01 2.28341590e-03 3.20708356e+00 6.12911707e+00 3.73448025e-02 7.045865e-01 1.911119e+00 2.154425e+01 1.126365e+01 4.514159e-01 2.4546e-03 3.2893e-03 -3.8625e-06 0.05235 5.88077e-02 1.30873e-01 2.80400e-01 0.00000e+00
2.201576 1.23984060e-01 8.37604227e-02 2.07744483e-01 2.63519560e-03 3.32299244e+00 6.09337538e+00 3.76654712e-02 6.755741e-01 1.833701e+00 2.210054e+01 1.128394e+01 4.460714e-01 2.5660e-03 3.3873e-03 -1.2654e-06 0.05196 5.58128e-02 1.27826e-01 2.91933e-01 0.00000e+00
2.301647 1.23592926e-01 8.01988637e-02 2.03791790e-01 3.00759927e-03 3.43020144e+00 5.96012761e+00 3.75613162e-02 6.488953e-01 1.737544e+00 2.226634e+01 1.146895e+01 5.028417e-01 2.5148e-03 3.4804e-03 +1.0018e-05 0.05210 5.30023e-02 1.26751e-01 3.05292e-01 0.00000e+00
2.401719 1.23465601e-01 7.66937535e-02 2.00159355e-01 3.39543961e-03 3.53071708e+00 5.77261180e+00 3.72133155e-02 6.211751e-01 1.634969e+00 2.194859e+01 1.164508e+01 5.340848e-01 2.3398e-03 3.5256e-03 -3.3230e-06 0.05339 5.01891e-02 1.27617e-01 3.13791e-01 0.00000e+00
2.501790 1.23030938e-01 7.33545188e-02 1.96385457e-01 3.79082972e-03 3.61496268e+00 5.60742790e+00 3.68895623e-02 5.962282e-01 1.551172e+00 2.134697e+01 1.160370e+01 5.107818e-01 2.1363e-03 3.6550e-03 -3.7774e-06 0.05546 4.84739e-02 1.32323e-01 3.19401e-01 0.00000e+00
2.601862 1.22398882e-01 7.02028693e-02 1.92601751e-01 4.18620736e-03 3.68426004e+00 5.48420604e+00 3.66738643e-02 5.735581e-01 1.488550e+00 2.055305e+01 1.141283e+01 5.083560e-01 1.9758e-03 3.9356e-03 +8.2267e-06 0.05633 4.85011e-02 1.39605e-01 3.21615e-01 0.00000e+00
2.701934 1.21924697e-01 6.71157613e-02 1.89040458e-01 4.57184642e-03 3.73959688e+00 5.37288270e+00 3.64499183e-02 5.504690e-01 1.436755e+00 1.955971e+01 1.115561e+01 5.315124e-01 1.8610e-03 3.9901e-03 +9.6931e-07 0.05664 5.00272e-02 1.45302e-01 3.18619e-01 0.00000e+00
2.802005 1.21174011e-01 6.41257517e-02 1.85299762e-01 4.94043647e-03 3.78037260e+00 5.28381231e+00 3.62567396e-02 5.292038e-01 1.397696e+00 1.871634e+01 1.082115e+01 5.279535e-01 1.7973e-03 4.1765e-03 -4.5335e-08 0.05776 5.29414e-02 1.48736e-01 3.13506e-01 0.00000e+00
2.902077 1.20370740e-01 6.12770583e-02 1.81647798e-01 5.28524057e-03 3.81053129e+00 5.20725991e+00 3.60711648e-02 5.090694e-01 1.366544e+00 1.861697e+01 1.083308e+01 5.200128e-01 1.7837e-03 4.5693e-03 +1.1530e-06 0.05816 5.58687e-02 1.49049e-01 3.06688e-01 0.00000e+00
3.002149 1.19518535e-01 5.85972305e-02 1.78115765e-01 5.59768899e-03 3.83464740e+00 5.14283520e+00 3.59099304e-02 4.902773e-01 1.341149e+00 1.797976e+01 1.103546e+01 5.280291e-01 1.8147e-03 4.9238e-03 +1.5111e-06 0.05894 5.72898e-02 1.46048e-01 2.98175e-01 0.00000e+00
3.102220 1.18374389e-01 5.60013848e-02 1.74375774e-01 5.87429825e-03 3.84626370e+00 5.09433884e+00 3.57624102e-02 4.730870e-01 1.324490e+00 1.694053e+01 1.108053e+01 5.451465e-01 1.8816e-03 5.0588e-03 +7.8045e-06 0.05855 5.66646e-02 1.40628e-01 2.89351e-01 0.00000e+00
3.202292 1.17311880e-01 5.35509620e-02 1.70862842e-01 6.11421257e-03 3.85208312e+00 5.06314387e+00 3.56609080e-02 4.564837e-01 1.314391e+00 1.840459e+01 1.117182e+01 5.379852e-01 1.9923e-03 4.9395e-03 -2.5864e-06 0.05804 5.36913e-02 1.32611e-01 2.78726e-01 0.00000e+00
3.302363 1.16035280e-01 5.12755091e-02 1.67310790e-01 6.31795862e-03 3.84643139e+00 5.07531920e+00 3.56870023e-02 4.418959e-01 1.319488e+00 2.017791e+01 1.147469e+01 5.317936e-01 2.1655e-03 4.6444e-03 -1.3700e-06 0.05846 4.99404e-02 1.24823e-01 2.69872e-01 0.00000e+00
3.402435 1.14410610e-01 4.91387643e-02 1.63549374e-01 6.48852524e-03 3.82821211e+00 5.12746610e+00 3.58227128e-02 4.294948e-01 1.339389e+00 2.183711e+01 1.192490e+01 5.201541e-01 2.4174e-03 4.2455e-03 +1.0535e-05 0.05709 4.64016e-02 1.18663e-01 2.63603e-01 0.00000e+00
3.502507 1.12991920e-01 4.71017702e-02 1.60093690e-01 6.62766568e-03 3.80019980e+00 5.17894923e+00 3.59165961e-02 4.168596e-01 1.362810e+00 2.268985e+01 1.239135e+01 5.166577e-01 2.7184e-03 3.8294e-03 -2.7025e-07 0.05520 4.34102e-02 1.14216e-01 2.57974e-01 0.00000e+00
3.602578 1.11246621e-01 4.51646286e-02 1.56411250e-01 6.73665080e-03 3.75825195e+00 5.22553857e+00 3.59351621e-02 4.059865e-01 1.390417e+00 2.242921e+01 1.277564e+01 4.924621e-01 2.9915e-03 3.5259e-03 -1.3394e-06 0.05442 4.19885e-02 1.13668e-01 2.55604e-01 0.00000e+00
3.702650 1.09402564e-01 4.33467507e-02 1.52749315e-01 6.81748495e-03 3.70305695e+00 5.24844376e+00 3.58060028e-02 3.962133e-01 1.417327e+00 2.129928e+01 1.298721e+01 4.719061e-01 3.1526e-03 3.4010e-03 +5.8280e-06 0.05133 4.22036e-02 1.17013e-01 2.55967e-01 0.00000e+00
3.802722 1.07596880e-01 4.16220562e-02 1.49218936e-01 6.87228516e-03 3.63637872e+00 5.23268177e+00 3.54762420e-02 3.868333e-01 1.438982e+00 1.979323e+01 1.297848e+01 4.657962e-01 3.1652e-03 3.4408e-03 +2.2497e-06 0.04934 4.37309e-02 1.22497e-01 2.56842e-01 0.00000e+00
3.902793 1.05662560e-01 3.99373934e-02 1.45599953e-01 6.90592335e-03 3.55588986e+00 5.19250951e+00 3.49935975e-02 3.779711e-01 1.460256e+00 1.835487e+01 1.271327e+01 4.701429e-01 3.0689e-03 3.6171e-03 +4.3702e-06 0.04745 4.67540e-02 1.29392e-01 2.59211e-01 0.00000e+00
4.002865 1.03802556e-01 3.83232701e-02 1.42125827e-01 6.92342449e-03 3.46795210e+00 5.12084001e+00 3.43551684e-02 3.691939e-01 1.476618e+00 1.716686e+01 1.237356e+01 4.389094e-01 2.9446e-03 3.9000e-03 -2.5037e-07 0.04813 5.06047e-02 1.35113e-01 2.61879e-01 0.00000e+00
4.102936 1.01958081e-01 3.67801444e-02 1.38738225e-01 6.92831371e-03 3.37731994e+00 5.02301218e+00 3.36013285e-02 3.607379e-01 1.487278e+00 1.628644e+01 1.203576e+01 4.345422e-01 2.8502e-03 4.2570e-03 +6.5443e-07 0.04846 5.47758e-02 1.38828e-01 2.65024e-01 0.00000e+00
4.203008 9.99940705e-02 3.52604093e-02 1.35254480e-01 6.92283500e-03 3.28668626e+00 4.88922169e+00 3.27036318e-02 3.526250e-01 1.487584e+00 1.561449e+01 1.173659e+01 4.413250e-01 2.7988e-03 4.6219e-03 +9.7096e-06 0.04779 5.83587e-02 1.39810e-01 2.67939e-01 0.00000e+00
4.303080 9.83294187e-02 3.38000366e-02 1.32129455e-01 6.90833292e-03 3.20402849e+00 4.69746822e+00 3.16059868e-02 3.437429e-01 1.466113e+00 1.504463e+01 1.151785e+01 4.449028e-01 2.7818e-03 4.9047e-03 -1.3763e-06 0.04725 5.89786e-02 1.36145e-01 2.66856e-01 0.00000e+00
4.403151 9.65788512e-02 3.24070560e-02 1.28985907e-01 6.88774113e-03 3.12897361e+00 4.47496960e+00 3.04157729e-02 3.355502e-01 1.430172e+00 1.464748e+01 1.135376e+01 4.271320e-01 2.7969e-03 5.0584e-03 -1.3107e-06 0.04742 5.63774e-02 1.30685e-01 2.63998e-01 0.00000e+00
4.503223 9.47705091e-02 3.11072884e-02 1.25877798e-01 6.86701814e-03 3.06268908e+00 4.24143067e+00 2.92164790e-02 3.282381e-01 1.384871e+00 1.437858e+01 1.123518e+01 4.193600e-01 2.8221e-03 5.0512e-03 +8.7298e-06 0.04686 5.08153e-02 1.25093e-01 2.60231e-01 0.00000e+00
4.603295 9.31808948e-02 2.98971332e-02 1.23078028e-01 6.85458768e-03 3.00462888e+00 4.01374831e+00 2.80735088e-02 3.208505e-01 1.335855e+00 1.413931e+01 1.116676e+01 4.342132e-01 2.8276e-03 4.9997e-03 +1.2883e-06 0.04628 4.47327e-02 1.20410e-01 2.56257e-01 0.00000e+00
4.703366 9.14957249e-02 2.87658870e-02 1.20261612e-01 6.85692307e-03 2.95296147e+00 3.82653451e+00 2.71179839e-02 3.143960e-01 1.295829e+00 1.391183e+01 1.109383e+01 4.430424e-01 2.8044e-03 5.1697e-03 +1.4008e-06 0.04597 4.23666e-02 1.19169e-01 2.55262e-01 0.00000e+00
4.803438 8.98460554e-02 2.77154019e-02 1.17561457e-01 6.87514922e-03 2.90907297e+00 3.68000725e+00 2.63563209e-02 3.084766e-01 1.265010e+00 1.373740e+01 1.102215e+01 4.122985e-01 2.7565e-03 5.5460e-03 +3.1473e-06 0.04533 4.44714e-02 1.21045e-01 2.56373e-01 0.00000e+00
4.903509 8.82169646e-02 2.67382735e-02 1.14955238e-01 6.90685020e-03 2.87309029e+00 3.55763173e+00 2.57228881e-02 3.030967e-01 1.238260e+00 1.356506e+01 1.098646e+01 4.308392e-01 2.6975e-03 5.7959e-03 +1.8016e-06 0.04487 4.81782e-02 1.24357e-01 2.57642e-01 0.00000e+00
5.003581 8.65350420e-02 2.57997932e-02 1.12334835e-01 6.94810869e-03 2.84063057e+00 3.43532237e+00 2.51038118e-02 2.981427e-01 1.209352e+00 1.335933e+01 1.147487e+01 4.572751e-01 2.6499e-03 5.7748e-03 +7.1414e-06 0.04413 5.09382e-02 1.27533e-01 2.58880e-01 0.00000e+00
5.103653 8.49718191e-02 2.49232722e-02 1.09895091e-01 6.99588477e-03 2.81058014e+00 3.30655128e+00 2.44685257e-02 2.933122e-01 1.176466e+00 1.320876e+01 1.235576e+01 4.419810e-01 2.6195e-03 5.5646e-03 -8.9845e-07 0.04620 5.17073e-02 1.28292e-01 2.57954e-01 0.00000e+00
5.203724 8.33647849e-02 2.41069944e-02 1.07471779e-01 7.04820830e-03 2.77829995e+00 3.17798006e+00 2.38251200e-02 2.891748e-01 1.143858e+00 1.307482e+01 1.315422e+01 4.427597e-01 2.6137e-03 5.3011e-03 -4.0673e-07 0.04627 5.18484e-02 1.28053e-01 2.57460e-01 0.00000e+00
5.303796 8.16442294e-02 2.33553869e-02 1.04999616e-01 7.10277344e-03 2.73990530e+00 3.05514161e+00 2.31801876e-02 2.860629e-01 1.115054e+00 1.288274e+01 1.386155e+01 4.514736e-01 2.6193e-03 5.0636e-03 +9.3219e-06 0.04672 5.18602e-02 1.27321e-01 2.57969e-01 0.00000e+00
5.403867 8.01373009e-02 2.26518193e-02 1.02789120e-01 7.15778376e-03 2.69318731e+00 2.93670632e+00 2.25195745e-02 2.826626e-01 1.090420e+00 1.253270e+01 1.444829e+01 4.692904e-01 2.6170e-03 4.8777e-03 -4.2852e-07 0.04598 5.13582e-02 1.25586e-01 2.58019e-01 0.00000e+00
5.503939 7.85329146e-02 2.20056799e-02 1.00538594e-01 7.21151108e-03 2.63936182e+00 2.82900649e+00 2.18734732e-02 2.802096e-01 1.071852e+00 1.217646e+01 1.492223e+01 4.704054e-01 2.6052e-03 4.7589e-03 -6.9107e-07 0.04369 5.09977e-02 1.24468e-01 2.59639e-01 0.00000e+00
5.604011 7.69181224e-02 2.14088696e-02 9.83269920e-02 7.26170538e-03 2.58143176e+00 2.72956441e+00 2.12439847e-02 2.783332e-01 1.057384e+00 1.184338e+01 1.528468e+01 4.460691e-01 2.5780e-03 4.6753e-03 +5.6531e-06 0.04197 5.08669e-02 1.24182e-01 2.62518e-01 0.00000e+00
5.704082 7.53858898e-02 2.08493184e-02 9.62352083e-02 7.30635498e-03 2.52287927e+00 2.63172468e+00 2.06184158e-02 2.765679e-01 1.043143e+00 1.123468e+01 1.553621e+01 4.766351e-01 2.5315e-03 4.6228e-03 +9.7199e-07 0.04043 5.07511e-02 1.24090e-01 2.64907e-01 0.00000e+00
5.804154 7.38538205e-02 2.03290000e-02 9.41828205e-02 7.34229091e-03 2.46659785e+00 2.52694544e+00 1.99741732e-02 2.752600e-01 1.024466e+00 1.000320e+01 1.570931e+01 5.031919e-01 2.4756e-03 4.6317e-03 +3.2464e-06 0.04010 5.08359e-02 1.24683e-01 2.67622e-01 0.00000e+00
5.904226 7.23705145e-02 1.98492939e-02 9.22198083e-02 7.36551845e-03 2.41618101e+00 2.41195588e+00 1.93125476e-02 2.742732e-01 9.982513e-01 9.630767e+00 1.583382e+01 4.760378e-01 2.4103e-03 4.6708e-03 +1.4742e-07 0.04078 5.07511e-02 1.25259e-01 2.69198e-01 0.00000e+00
6.004297 7.08858348e-02 1.94185050e-02 9.03043397e-02 7.37272068e-03 2.37337144e+00 2.29188951e+00 1.86610438e-02 2.739406e-01 9.656683e-01 9.248673e+00 1.585051e+01 4.956564e-01 2.3278e-03 4.6447e-03 -3.8606e-07 0.04083 5.09176e-02 1.26707e-01 2.71141e-01 0.00000e+00
6.104369 6.93572219e-02 1.90444491e-02 8.84016709e-02 7.36265602e-03 2.33767353e+00 2.18030796e+00 1.80719260e-02 2.745849e-01 9.326828e-01 8.793367e+00 1.583556e+01 5.255294e-01 2.2132e-03 4.4596e-03 +7.0613e-06 0.04092 5.19133e-02 1.30023e-01 2.75298e-01 0.00000e+00
6.204440 6.79681368e-02 1.87016250e-02 8.66697618e-02 7.33637229e-03 2.30771855e+00 2.08570090e+00 1.75736778e-02 2.751528e-01 9.037934e-01 8.301184e+00 1.574294e+01 5.176008e-01 2.0642e-03 4.1477e-03 -2.2348e-06 0.04170 5.34837e-02 1.34205e-01 2.80254e-01 0.00000e+00
6.304512 6.65143514e-02 1.84073569e-02 8.49217083e-02 7.29470276e-03 2.28155818e+00 2.01327440e+00 1.71793303e-02 2.767426e-01 8.824120e-01 8.563321e+00 1.557918e+01 5.268280e-01 1.9115e-03 3.8844e-03 -2.2560e-06 0.04181 5.56771e-02 1.39506e-01 2.86869e-01 0.00000e+00
6.404584 6.49949906e-02 1.81539061e-02 8.31488967e-02 7.23662775e-03 2.25789647e+00 1.95836530e+00 1.68650471e-02 2.793124e-01 8.673406e-01 9.398591e+00 1.537243e+01 5.099970e-01 1.7862e-03 3.7334e-03 +6.1726e-06 0.04240 5.81372e-02 1.45163e-01 2.93875e-01 0.00000e+00
6.504655 6.35963985e-02 1.79107551e-02 8.15071537e-02 7.16104189e-03 2.23584627e+00 1.91283746e+00 1.65947350e-02 2.816316e-01 8.555317e-01 9.888386e+00 1.518887e+01 5.287000e-01 1.6940e-03 3.6086e-03 -1.2790e-06 0.04202 6.03036e-02 1.49813e-01 2.99166e-01 0.00000e+00
6.604727 6.21544939e-02 1.76944250e-02 7.98489189e-02 7.06738780e-03 2.21406416e+00 1.88008730e+00 1.63766058e-02 2.846846e-01 8.491567e-01 1.000162e+01 1.501277e+01 5.430501e-01 1.6304e-03 3.4690e-03 -4.9657e-07 0.04183 6.26342e-02 1.54645e-01 3.04932e-01 0.00000e+00
6.704799 6.07113825e-02 1.74932854e-02 7.82046679e-02 6.95571656e-03 2.19143317e+00 1.85838304e+00 1.61992648e-02 2.881385e-01 8.480218e-01 1.245147e+01 1.484542e+01 5.198516e-01 1.5975e-03 3.3407e-03 +1.6230e-06 0.04165 6.47972e-02 1.59012e-01 3.10515e-01 0.00000e+00
6.804870 5.92772596e-02 1.72940236e-02 7.65712832e-02 6.82658899e-03 2.16712626e+00 1.84574653e+00 1.60514912e-02 2.917480e-01 8.517024e-01 1.528179e+01 1.462971e+01 5.362190e-01 1.6016e-03 3.2413e-03 -8.9136e-07 0.04077 6.65429e-02 1.62360e-01 3.15115e-01 0.00000e+00
6.904942 5.78531589e-02 1.71031425e-02 7.49563014e-02 6.68133940e-03 2.14060542e+00 1.84008021e+00 1.59227425e-02 2.956302e-01 8.596074e-01 1.718501e+01 1.434239e+01 5.527844e-01 1.6655e-03 3.1613e-03 +3.9452e-06 0.03946 6.81802e-02 1.65346e-01 3.19587e-01 0.00000e+00
7.005013 5.64920619e-02 1.68941105e-02 7.33861725e-02 6.52250381e-03 2.11126498e+00 1.83167551e+00 1.57717619e-02 2.990528e-01 8.675725e-01 1.829999e+01 1.396127e+01 5.271095e-01 1.8025e-03 3.0760e-03 -2.1492e-06 0.03850 6.93133e-02 1.66877e-01 3.21964e-01 0.00000e+00
7.105085 5.51224734e-02 1.66876919e-02 7.18101653e-02 6.35398380e-03 2.07834530e+00 1.81846479e+00 1.55872404e-02 3.027384e-01 8.749580e-01 1.881878e+01 1.344460e+01 5.380921e-01 1.9578e-03 2.9880e-03 -2.2770e-06 0.03820 7.05265e-02 1.68247e-01 3.24049e-01 0.00000e+00
7.205157 5.37122788e-02 1.64863495e-02 7.01986283e-02 6.18040432e-03 2.04174820e+00 1.79796662e+00 1.53588593e-02 3.069382e-01 8.806015e-01 1.888846e+01 1.283785e+01 5.300789e-01 2.0638e-03 2.8984e-03 +6.0084e-06 0.03812 7.17903e-02 1.69566e-01 3.26100e-01 0.00000e+00
7.305228 5.24572719e-02 1.62594935e-02 6.87167654e-02 6.00607555e-03 2.00161578e+00 1.76666715e+00 1.50731317e-02 3.099569e-01 8.826205e-01 1.863874e+01 1.219543e+01 5.209900e-01 2.1063e-03 2.7963e-03 -2.5150e-06 0.03771 7.24160e-02 1.69682e-01 3.26594e-01 0.00000e+00
7.405300 5.11716668e-02 1.60406513e-02 6.72123181e-02 5.83463692e-03 1.95839015e+00 1.73126493e+00 1.47586203e-02 3.134674e-01 8.840245e-01 1.816496e+01 1.156621e+01 5.244936e-01 2.0870e-03 2.6841e-03 -2.2091e-06 0.03771 7.28829e-02 1.69794e-01 3.27416e-01 0.00000e+00
7.505371 4.98922993e-02 1.58277622e-02 6.57200614e-02 5.66882360e-03 1.91234910e+00 1.69436975e+00 1.44268754e-02 3.172386e-01 8.860149e-01 1.760431e+01 1.093663e+01 4.967841e-01 2.0401e-03 2.5648e-03 +3.5696e-06 0.03722 7.31813e-02 1.69929e-01 3.28685e-01 0.00000e+00
7.605443 4.86889812e-02 1.55979028e-02 6.42868840e-02 5.51045506e-03 1.86444756e+00 1.65478175e+00 1.40769172e-02 3.203580e-01 8.875453e-01 1.694386e+01 1.032214e+01 5.033884e-01 1.9897e-03 2.4462e-03 -1.4561e-06 0.03664 7.30854e-02 1.69363e-01 3.29155e-01 0.00000e+00
7.705515 4.75247751e-02 1.53736878e-02 6.28984629e-02 5.36068162e-03 1.81491893e+00 1.61602342e+00 1.37237694e-02 3.234879e-01 8.904108e-01 1.621236e+01 9.765587e+00 5.109832e-01 1.9293e-03 2.3312e-03 +1.1409e-06 0.03622 7.31724e-02 1.69333e-01 3.30681e-01 0.00000e+00
7.805586 4.64004683e-02 1.51390225e-02 6.15394908e-02 5.22008702e-03 1.76478456e+00 1.57744759e+00 1.33689286e-02 3.262687e-01 8.938471e-01 1.547090e+01 9.223548e+00 4.890297e-01 1.8775e-03 2.2204e-03 -5.8145e-07 0.03530 7.31758e-02 1.69083e-01 3.31962e-01 0.00000e+00
7.905658 4.53047316e-02 1.49000180e-02 6.02047496e-02 5.08887428e-03 1.71434073e+00 1.54037863e+00 1.30188774e-02 3.288844e-01 8.985254e-01 1.475305e+01 8.730162e+00 5.018964e-01 1.8296e-03 2.1141e-03 -1.8786e-06 0.03524 7.33003e-02 1.69042e-01 3.33594e-01 0.00000e+00
8.005730 4.42227735e-02 1.46653979e-02 5.88881714e-02 4.96708370e-03 1.66396019e+00 1.50515546e+00 1.26764626e-02 3.316255e-01 9.045622e-01 1.402395e+01 8.281132e+00 5.124971e-01 1.7804e-03 2.0153e-03 +4.7242e-06 0.03423 7.36457e-02 1.69420e-01 3.35975e-01 0.00000e+00
8.105801 4.32614484e-02 1.44041851e-02 5.76656335e-02 4.85465591e-03 1.61405377e+00 1.46933048e+00 1.23335370e-02 3.329566e-01 9.103355e-01 1.331310e+01 7.857618e+00 5.089210e-01 1.7395e-03 1.9262e-03 -2.7050e-06 0.03325 7.37993e-02 1.69247e-01 3.37519e-01 0.00000e+00
8.205873 4.22936743e-02 1.41469743e-02 5.64406487e-02 4.75148030e-03 1.56467529e+00 1.43540847e+00 1.20003350e-02 3.344939e-01 9.173843e-01 1.263745e+01 7.477512e+00 5.221459e-01 1.6997e-03 1.8563e-03 -2.6613e-06 0.03310 7.40670e-02 1.69267e-01 3.39533e-01 0.00000e+00
8.305944 4.13202375e-02 1.38935414e-02 5.52137789e-02 4.65743720e-03 1.51564503e+00 1.40336437e+00 1.16760376e-02 3.362406e-01 9.259189e-01 1.201756e+01 7.127316e+00 5.198957e-01 1.6608e-03 1.8108e-03 +4.7236e-06 0.03209 7.44148e-02 1.69489e-01 3.42107e-01 0.00000e+00
8.406016 4.04629725e-02 1.36154296e-02 5.40784021e-02 4.57229638e-03 1.46755763e+00 1.37008391e+00 1.13505662e-02 3.364911e-01 9.335810e-01 1.142077e+01 6.795152e+00 5.318731e-01 1.6283e-03 1.7921e-03 -2.1980e-06 0.03108 7.43725e-02 1.68913e-01 3.43366e-01 0.00000e+00
8.506088 3.96165316e-02 1.33435765e-02 5.29601082e-02 4.49583379e-03 1.41996653e+00 1.33759934e+00 1.10302635e-02 3.368184e-01 9.419936e-01 1.086371e+01 6.722963e+00 5.439975e-01 1.5950e-03 1.7996e-03 -9.5708e-07 0.03104 7.43216e-02 1.68575e-01 3.45115e-01 0.00000e+00
8.606159 3.87886569e-02 1.30698256e-02 5.18584826e-02 4.42769434e-03 1.37344015e+00 1.30525680e+00 1.07147878e-02 3.369497e-01 9.503558e-01 1.038435e+01 6.783480e+00 5.242209e-01 1.5677e-03 1.8278e-03 +1.4909e-06 0.03112 7.40940e-02 1.68112e-01 3.46525e-01 0.00000e+00
8.706231 3.79989865e-02 1.27866685e-02 5.07856550e-02 4.36748491e-03 1.32824015e+00 1.27241312e+00 1.04026131e-02 3.365003e-01 9.579692e-01 1.012604e+01 6.835026e+00 5.383364e-01 1.5477e-03 1.8691e-03 -1.6908e-06 0.03060 7.36418e-02 1.67375e-01 3.47203e-01 0.00000e+00
8.806303 3.72433178e-02 1.25132272e-02 4.97565450e-02 4.31481209e-03 1.28422710e+00 1.23937955e+00 1.00944266e-02 3.359858e-01 9.650782e-01 1.001531e+01 6.840681e+00 5.486551e-01 1.5275e-03 1.9098e-03 +2.8082e-06 0.03052 7.31848e-02 1.66895e-01 3.48259e-01 0.00000e+00
8.906374 3.65446648e-02 1.22292708e-02 4.87739357e-02 4.26927486e-03 1.24197412e+00 1.20536774e+00 9.78936745e-03 3.346390e-01 9.705257e-01 9.826450e+00 6.845855e+00 5.321309e-01 1.5130e-03 1.9496e-03 -1.6645e-06 0.03027 7.24722e-02 1.65941e-01 3.48253e-01 0.00000e+00
9.006446 3.58488989e-02 1.19517953e-02 4.78006942e-02 4.23053913e-03 1.20138879e+00 1.17167818e+00 9.49226786e-03 3.333937e-01 9.752698e-01 9.576259e+00 6.836175e+00 5.321621e-01 1.4984e-03 1.9840e-03 -2.2959e-06 0.03040 7.16837e-02 1.64955e-01 3.48142e-01 0.00000e+00
9.106517 3.51400049e-02 1.16864823e-02 4.68264873e-02 4.19829201e-03 1.16239563e+00 1.13863850e+00 9.20413653e-03 3.325692e-01 9.795619e-01 9.281421e+00 6.792752e+00 5.365476e-01 1.4793e-03 2.0096e-03 +4.9051e-06 0.02985 7.08489e-02 1.64035e-01 3.48239e-01 0.00000e+00
9.206589 3.45403098e-02 1.14104477e-02 4.59507576e-02 4.17226915e-03 1.12516290e+00 1.10424556e+00 8.91763386e-03 3.303516e-01 9.814095e-01 8.955208e+00 6.750329e+00 5.330682e-01 1.4596e-03 2.0310e-03 -2.4184e-06 0.02979 6.95570e-02 1.62124e-01 3.46567e-01 0.00000e+00
9.306661 3.39209290e-02 1.11481980e-02 4.50691270e-02 4.15225328e-03 1.08947357e+00 1.07055727e+00 8.64012336e-03 3.286525e-01 9.826372e-01 8.622592e+00 6.678674e+00 5.378364e-01 1.4324e-03 2.0430e-03 -1.9030e-06 0.02960 6.81117e-02 1.60021e-01 3.44693e-01 0.00000e+00
9.406732 3.32945798e-02 1.08970524e-02 4.41916322e-02 4.13789954e-03 1.05519317e+00 1.03720386e+00 8.36958815e-03 3.272921e-01 9.829516e-01 8.308754e+00 6.587945e+00 5.100271e-01 1.3988e-03 2.0494e-03 +3.4143e-06 0.02958 6.64520e-02 1.57525e-01 3.42230e-01 0.00000e+00
9.506804 3.27233271e-02 1.06429384e-02 4.33662656e-02 4.12884354e-03 1.02251346e+00 1.00278733e+00 8.10120317e-03 3.252401e-01 9.807082e-01 8.009947e+00 6.508488e+00 5.235497e-01 1.3631e-03 2.0563e-03 -1.7486e-06 0.02911 6.43340e-02 1.53950e-01 3.37720e-01 0.00000e+00
9.606875 3.21697492e-02 1.04066457e-02 4.25763949e-02 4.12454894e-03 9.91039387e-01 9.68397178e-01 7.83774626e-03 3.234917e-01 9.771531e-01 7.707560e+00 6.387166e+00 5.297312e-01 1.3188e-03 2.0597e-03 +9.3491e-07 0.02892 6.20949e-02 1.50172e-01 3.32928e-01 0.00000e+00
9.706947 3.16276052e-02 1.01753900e-02 4.18029953e-02 4.12423190e-03 9.61104358e-01 9.33493226e-01 7.57839033e-03 3.217250e-01 9.712715e-01 7.383670e+00 6.279480e+00 4.869003e-01 1.2731e-03 2.0697e-03 +1.9553e-07 0.02877 5.96225e-02 1.45777e-01 3.26728e-01 0.00000e+00
9.807019 3.10927498e-02 9.95342826e-03 4.10461781e-02 4.12705323e-03 9.32552196e-01 8.98560346e-01 7.32445017e-03 3.201206e-01 9.635497e-01 7.009068e+00 6.174420e+00 4.874918e-01 1.2254e-03 2.0844e-03 -1.7680e-06 0.02846 5.70724e-02 1.41134e-01 3.19786e-01 0.00000e+00
9.907090 3.05564272e-02 9.74833849e-03 4.03047657e-02 4.13192114e-03 9.05487995e-01 8.64772599e-01 7.08104238e-03 3.190274e-01 9.550349e-01 6.580881e+00 6.057493e+00 4.907536e-01 1.1742e-03 2.0935e-03 +4.0995e-06 0.02797 5.46995e-02 1.36842e-01 3.13251e-01 0.00000e+00
10.000190 3.01248507e-02 9.55959718e-03 3.96844479e-02 4.13733049e-03 8.81503793e-01 8.33554180e-01 6.86023189e-03 3.173326e-01 9.456048e-01 6.096264e+00 5.956813e+00 4.526001e-01 1.1284e-03 2.0976e-03 -1.5465e-06 0.02771 5.25235e-02 1.32707e-01 3.06444e-01 0.00000e+00
