# tg_mhd (CUDA FP32)  tgc_noslip_cond_n512_re2000  N=512 L=512 Re=2000 Pm=1 u0=0.05 nu_lat=4.066409e-03 eta_lat=4.066409e-03 tau_f=0.512199 tau_m=0.516266 dt=3.073965e-04 fw=profile
# t E_V E_M E_T H_C Omega_V Omega_M eps EM/EV OmM/OmV j_max w_max skew divb/j divb_wall/j mass_drift umax_lat fw1 fw2 fw4 tau_wall
0.000000 1.24023448e-01 1.25000000e-01 2.49023448e-01 1.31881966e-20 7.12827726e+01 1.49992441e+00 7.27826970e-02 1.007874e+00 2.104189e-02 3.463982e+00 2.439788e+02 2.694483e-20 1.6734e-06 2.6006e-06 +0.0000e+00 0.05000 9.74973e-01 9.75709e-01 9.77194e-01 6.00718e-02
0.099904 1.21054069e-01 1.24634154e-01 2.45688223e-01 -2.51674189e-05 1.72788390e+01 1.56221706e+00 1.88410561e-02 1.029574e+00 9.041215e-02 5.981543e+00 8.476558e+01 1.335293e-01 4.4808e-04 2.1868e-03 -7.2066e-07 0.05108 8.98490e-01 9.05634e-01 9.11396e-01 1.92149e-02
0.199808 1.19626750e-01 1.24335790e-01 2.43962540e-01 -6.55918004e-05 1.25282169e+01 1.69085713e+00 1.42190741e-02 1.039364e+00 1.349639e-01 8.419385e+00 6.237573e+01 3.479303e-02 5.7330e-04 2.6035e-03 -7.9394e-06 0.05130 8.35251e-01 8.71945e-01 8.79757e-01 1.40108e-02
0.299712 1.18554358e-01 1.24422599e-01 2.42976956e-01 -1.22001448e-04 1.04766052e+01 1.86666053e+00 1.23432657e-02 1.049498e+00 1.781742e-01 1.019148e+01 5.208215e+01 2.112443e-01 6.3121e-04 2.8194e-03 -5.2875e-06 0.05211 7.72211e-01 8.45418e-01 8.55569e-01 1.18041e-02
0.399616 1.17231825e-01 1.24415842e-01 2.41647667e-01 -1.87056646e-04 9.34041203e+00 2.07806927e+00 1.14184813e-02 1.061280e+00 2.224815e-01 1.129842e+01 5.120175e+01 2.276265e-01 6.6194e-04 2.9666e-03 +3.4206e-06 0.05243 7.16364e-01 8.20912e-01 8.34999e-01 1.04724e-02
0.499519 1.16390690e-01 1.24154106e-01 2.40544796e-01 -2.58973024e-04 8.60129443e+00 2.31221169e+00 1.09135061e-02 1.066701e+00 2.688214e-01 1.205214e+01 4.954758e+01 2.194419e-01 6.7673e-04 3.0863e-03 -9.4431e-06 0.05214 6.65968e-01 7.95304e-01 8.15096e-01 9.69259e-03
0.599423 1.15332786e-01 1.24068251e-01 2.39401037e-01 -3.41070855e-04 8.07509051e+00 2.58376028e+00 1.06588508e-02 1.075741e+00 3.199667e-01 1.280396e+01 4.636332e+01 3.331877e-01 6.8596e-04 3.1831e-03 -1.1121e-05 0.05321 6.19898e-01 7.67690e-01 7.94548e-01 9.02451e-03
0.699327 1.14212736e-01 1.24171649e-01 2.38384385e-01 -4.22659548e-04 7.96220202e+00 2.90002966e+00 1.08622317e-02 1.087196e+00 3.642246e-01 1.378360e+01 4.624208e+01 3.052636e-01 6.9802e-04 3.3000e-03 -6.0687e-07 0.05349 5.86698e-01 7.44525e-01 7.78550e-01 9.09572e-03
0.799231 1.13489374e-01 1.23936713e-01 2.37426087e-01 -5.05008019e-04 7.63179799e+00 3.23766993e+00 1.08694679e-02 1.092056e+00 4.242342e-01 1.486928e+01 4.611077e+01 3.887628e-01 7.1338e-04 3.4332e-03 -7.3055e-06 0.05388 5.42745e-01 7.11588e-01 7.54801e-01 8.45482e-03
0.899135 1.12673566e-01 1.23466257e-01 2.36139823e-01 -5.88326269e-04 7.54603210e+00 3.61642863e+00 1.11624607e-02 1.095787e+00 4.792490e-01 1.579864e+01 4.681184e+01 4.554305e-01 7.3269e-04 3.5802e-03 -1.0748e-05 0.05497 5.06620e-01 6.80474e-01 7.33275e-01 8.27711e-03
0.999039 1.12171310e-01 1.22865397e-01 2.35036707e-01 -6.67942324e-04 7.70643755e+00 4.03647648e+00 1.17429140e-02 1.095337e+00 5.237798e-01 1.648890e+01 4.696656e+01 3.896765e-01 7.6010e-04 3.7565e-03 -9.4041e-06 0.05572 4.78826e-01 6.52205e-01 7.14529e-01 8.41153e-03
1.098943 1.11966858e-01 1.21980522e-01 2.33947379e-01 -7.31385664e-04 7.81718840e+00 4.49945291e+00 1.23166413e-02 1.089434e+00 5.755846e-01 1.697536e+01 4.970332e+01 4.282523e-01 7.9684e-04 3.9550e-03 -8.8200e-06 0.05673 4.46659e-01 6.18230e-01 6.91179e-01 8.30283e-03
1.198847 1.11911404e-01 1.20712974e-01 2.32624378e-01 -7.94305302e-04 7.84768267e+00 5.02406521e+00 1.28717479e-02 1.078648e+00 6.401973e-01 1.728295e+01 5.092418e+01 5.010906e-01 8.4529e-04 4.1847e-03 -5.6043e-06 0.05726 4.08627e-01 5.77453e-01 6.61919e-01 7.92935e-03
1.298750 1.12225469e-01 1.19014683e-01 2.31240152e-01 -8.23785192e-04 8.14639642e+00 5.60189765e+00 1.37482941e-02 1.060496e+00 6.876535e-01 1.775405e+01 5.083213e+01 4.386119e-01 9.1653e-04 4.4650e-03 -1.4925e-05 0.05672 3.80220e-01 5.40787e-01 6.34750e-01 7.91266e-03
1.398654 1.12732152e-01 1.17170463e-01 2.29902615e-01 -8.60317166e-04 8.45735622e+00 6.30613906e+00 1.47634953e-02 1.039370e+00 7.456395e-01 1.872919e+01 5.809970e+01 4.271961e-01 1.0393e-03 4.7657e-03 -1.3836e-05 0.05836 3.49657e-01 5.00557e-01 6.02668e-01 7.98838e-03
1.498558 1.13080968e-01 1.15212768e-01 2.28293736e-01 -8.51323119e-04 8.79186008e+00 7.18560709e+00 1.59774672e-02 1.018852e+00 8.173023e-01 2.355127e+01 5.722761e+01 4.801352e-01 1.2542e-03 5.1017e-03 -4.1404e-06 0.05688 3.17283e-01 4.57707e-01 5.65582e-01 7.97387e-03
1.598462 1.13769967e-01 1.12935808e-01 2.26705774e-01 -8.21222261e-04 9.01427107e+00 8.22781882e+00 1.72420899e-02 9.926680e-01 9.127548e-01 2.845026e+01 5.673639e+01 5.655322e-01 1.5852e-03 5.4296e-03 -1.4446e-05 0.05569 2.78197e-01 4.08081e-01 5.19212e-01 7.53404e-03
1.698366 1.14125279e-01 1.10676144e-01 2.24801423e-01 -7.73954909e-04 9.37693742e+00 9.54826032e+00 1.89251977e-02 9.697776e-01 1.018271e+00 3.285365e+01 5.776251e+01 5.253596e-01 2.0434e-03 5.7507e-03 -1.6819e-05 0.05478 2.44452e-01 3.62678e-01 4.72821e-01 7.47238e-03
1.798270 1.14330997e-01 1.08484484e-01 2.22815481e-01 -6.98633910e-04 9.81464446e+00 1.11941728e+01 2.10088172e-02 9.488633e-01 1.140558e+00 3.664286e+01 5.575576e+01 4.876915e-01 2.6534e-03 6.0863e-03 -9.4867e-06 0.05502 2.14587e-01 3.21476e-01 4.27440e-01 7.58845e-03
1.898174 1.14482252e-01 1.06156418e-01 2.20638670e-01 -5.75426917e-04 1.00097026e+01 1.30666100e+01 2.30763126e-02 9.272740e-01 1.305394e+00 4.401295e+01 5.251146e+01 4.914484e-01 3.4081e-03 6.3812e-03 -1.3123e-05 0.05772 1.80022e-01 2.77155e-01 3.77965e-01 7.12806e-03
1.998078 1.14407766e-01 1.03738393e-01 2.18146159e-01 -4.66921680e-04 1.01903667e+01 1.50354656e+01 2.52258324e-02 9.067426e-01 1.475459e+00 5.124221e+01 4.870485e+01 4.585850e-01 4.2253e-03 6.6648e-03 -1.4148e-05 0.05977 1.52115e-01 2.40663e-01 3.35651e-01 6.74807e-03
2.097981 1.14284688e-01 1.01167260e-01 2.15451948e-01 -2.88645521e-04 1.04896368e+01 1.68201797e+01 2.73098165e-02 8.852215e-01 1.603504e+00 5.771158e+01 4.239781e+01 3.673486e-01 5.0084e-03 6.9098e-03 -1.6641e-05 0.06078 1.34492e-01 2.15633e-01 3.04879e-01 6.81509e-03
2.197885 1.14206907e-01 9.84754041e-02 2.12682311e-01 -1.20211822e-04 1.06413050e+01 1.81859992e+01 2.88273042e-02 8.622544e-01 1.709001e+00 6.291109e+01 4.192077e+01 3.507362e-01 5.7019e-03 7.1284e-03 -1.5564e-05 0.05923 1.16778e-01 1.92490e-01 2.77792e-01 6.40522e-03
2.297789 1.13997363e-01 9.55977274e-02 2.09595090e-01 9.18052739e-05 1.08840212e+01 1.89569904e+01 2.98410116e-02 8.385960e-01 1.741727e+00 6.616267e+01 3.586536e+01 3.981720e-01 6.1921e-03 7.3404e-03 -9.9914e-06 0.05641 1.04608e-01 1.76073e-01 2.58806e-01 6.16124e-03
2.397693 1.14048205e-01 9.25144575e-02 2.06562663e-01 3.39785164e-04 1.12237526e+01 1.91092127e+01 3.03329652e-02 8.111873e-01 1.702569e+00 6.723969e+01 3.482554e+01 4.308460e-01 6.3814e-03 7.5246e-03 -1.9671e-05 0.05763 9.61558e-02 1.63650e-01 2.44402e-01 6.03648e-03
2.497597 1.14057853e-01 8.94142468e-02 2.03472100e-01 6.06592385e-04 1.15115507e+01 1.89673583e+01 3.04789090e-02 7.839377e-01 1.647681e+00 6.698135e+01 3.424989e+01 4.074603e-01 6.3073e-03 7.7027e-03 -1.9726e-05 0.06011 8.69258e-02 1.50973e-01 2.30664e-01 5.68989e-03
2.597501 1.13939330e-01 8.63326666e-02 2.00271997e-01 9.01374592e-04 1.19127138e+01 1.87519263e+01 3.06646401e-02 7.577073e-01 1.574110e+00 6.571693e+01 3.221140e+01 4.139911e-01 6.0916e-03 7.9060e-03 -1.0943e-05 0.06094 8.21688e-02 1.42732e-01 2.21323e-01 5.70052e-03
2.697405 1.14099893e-01 8.31475522e-02 1.97247446e-01 1.23959855e-03 1.22613968e+01 1.84453422e+01 3.07067390e-02 7.287259e-01 1.504343e+00 6.346192e+01 3.316296e+01 4.133567e-01 5.8309e-03 8.0032e-03 -1.8484e-05 0.06126 7.73759e-02 1.34165e-01 2.11314e-01 5.53280e-03
2.797309 1.14049288e-01 7.99799399e-02 1.94029228e-01 1.54442588e-03 1.25317732e+01 1.81732282e+01 3.07050014e-02 7.012752e-01 1.450172e+00 6.055333e+01 3.300301e+01 3.837883e-01 5.6323e-03 8.2086e-03 -2.0593e-05 0.06271 7.14362e-02 1.24756e-01 2.00640e-01 5.33268e-03
2.897212 1.13968224e-01 7.69073810e-02 1.90875605e-01 1.89046825e-03 1.29796004e+01 1.79151048e+01 3.08947053e-02 6.748142e-01 1.380251e+00 5.738284e+01 3.530207e+01 3.647926e-01 5.5378e-03 8.5840e-03 -1.6705e-05 0.06300 7.14134e-02 1.21328e-01 1.95541e-01 5.54101e-03
2.997116 1.13855239e-01 7.39555032e-02 1.87810742e-01 2.21356214e-03 1.32909183e+01 1.76894374e+01 3.09803557e-02 6.495573e-01 1.330942e+00 5.395260e+01 3.733289e+01 3.569361e-01 5.5796e-03 9.2709e-03 -1.8319e-05 0.06316 6.72163e-02 1.14105e-01 1.86686e-01 5.25941e-03
3.097020 1.13456529e-01 7.10929421e-02 1.84549471e-01 2.51717906e-03 1.36714312e+01 1.75664607e+01 3.12378918e-02 6.266095e-01 1.284903e+00 5.042216e+01 3.859801e+01 3.463367e-01 5.7817e-03 1.0199e-02 -1.7087e-05 0.06286 6.55076e-02 1.09642e-01 1.80670e-01 5.24019e-03
3.196924 1.12930549e-01 6.84271557e-02 1.81357705e-01 2.84100517e-03 1.41462119e+01 1.75402175e+01 3.16864294e-02 6.059225e-01 1.239923e+00 5.151372e+01 3.933073e+01 3.246183e-01 6.0414e-03 1.0970e-02 -2.2034e-05 0.06193 6.72513e-02 1.08649e-01 1.77846e-01 5.57108e-03
3.296828 1.12185747e-01 6.59959640e-02 1.78181711e-01 3.13166630e-03 1.43418640e+01 1.76656733e+01 3.20075373e-02 5.882741e-01 1.231756e+00 6.075616e+01 3.954443e+01 2.985503e-01 6.3636e-03 1.1290e-02 -2.1208e-05 0.06138 6.25982e-02 1.01887e-01 1.70193e-01 5.19161e-03
3.396732 1.11016634e-01 6.37574826e-02 1.74774116e-01 3.42428916e-03 1.46368921e+01 1.79889491e+01 3.26258412e-02 5.743057e-01 1.229014e+00 6.974510e+01 3.914635e+01 2.853105e-01 6.8632e-03 1.1323e-02 -1.4512e-05 0.05948 6.35943e-02 1.00774e-01 1.68634e-01 5.50090e-03
3.496636 1.09843667e-01 6.16634454e-02 1.71507113e-01 3.73525434e-03 1.48144558e+01 1.84000034e+01 3.32144592e-02 5.613746e-01 1.242030e+00 7.848056e+01 3.826385e+01 2.764889e-01 7.8152e-03 1.1056e-02 -2.3109e-05 0.05702 6.37333e-02 9.88605e-02 1.66726e-01 5.45335e-03
3.596540 1.08329728e-01 5.97449271e-02 1.68074655e-01 4.02620369e-03 1.47812034e+01 1.88503944e+01 3.36315978e-02 5.515100e-01 1.275295e+00 8.279681e+01 3.682066e+01 2.573964e-01 9.0033e-03 1.0900e-02 -2.3937e-05 0.05693 5.98481e-02 9.35972e-02 1.62581e-01 5.21167e-03
3.696443 1.06577745e-01 5.79664883e-02 1.64544233e-01 4.32931126e-03 1.49632632e+01 1.91687429e+01 3.41320061e-02 5.438892e-01 1.281054e+00 8.012937e+01 3.751055e+01 2.516942e-01 9.7560e-03 1.0935e-02 -1.6745e-05 0.05554 6.33064e-02 9.63103e-02 1.66318e-01 5.68139e-03
3.796347 1.04852529e-01 5.62823200e-02 1.61134849e-01 4.63344025e-03 1.49580634e+01 1.91760147e+01 3.41340782e-02 5.367760e-01 1.281985e+00 7.022459e+01 3.689337e+01 2.467717e-01 9.7912e-03 1.1250e-02 -2.1789e-05 0.05978 6.25795e-02 9.61267e-02 1.67169e-01 5.45433e-03
3.896251 1.02933308e-01 5.46701345e-02 1.57603443e-01 4.89164392e-03 1.48673218e+01 1.89449833e+01 3.38123051e-02 5.311219e-01 1.274270e+00 5.370040e+01 3.404427e+01 2.590301e-01 8.8684e-03 1.1922e-02 -2.2786e-05 0.06381 6.05543e-02 9.61784e-02 1.68667e-01 5.18747e-03
3.996155 1.00959728e-01 5.31837263e-02 1.54143454e-01 5.18055580e-03 1.50605961e+01 1.88183321e+01 3.38789282e-02 5.267816e-01 1.249508e+00 4.145796e+01 3.761608e+01 2.725883e-01 7.2158e-03 1.2349e-02 -2.1843e-05 0.06168 6.73919e-02 1.05490e-01 1.78329e-01 5.88364e-03
4.096059 9.89302997e-02 5.17894072e-02 1.50719707e-01 5.44803300e-03 1.48849619e+01 1.89620836e+01 3.38470455e-02 5.234939e-01 1.273909e+00 4.294890e+01 4.078729e+01 2.996706e-01 6.9837e-03 1.2337e-02 -2.2410e-05 0.05827 6.42010e-02 1.05355e-01 1.78819e-01 5.31708e-03
4.195963 9.67664155e-02 5.04172885e-02 1.47183704e-01 5.72257573e-03 1.48793835e+01 1.93660512e+01 3.42454347e-02 5.210205e-01 1.301536e+00 5.714672e+01 4.253247e+01 3.256992e-01 7.3362e-03 1.1989e-02 -1.9240e-05 0.05750 6.62206e-02 1.10479e-01 1.84613e-01 5.47751e-03
4.295867 9.46130635e-02 4.90555036e-02 1.43668567e-01 6.01173750e-03 1.49834235e+01 1.98768639e+01 3.48602874e-02 5.184855e-01 1.326590e+00 6.646542e+01 3.856406e+01 3.371279e-01 7.8611e-03 1.1258e-02 -2.5366e-05 0.05689 7.17259e-02 1.19488e-01 1.95698e-01 5.64823e-03
4.395771 9.23968835e-02 4.76935252e-02 1.40090409e-01 6.29225656e-03 1.49650758e+01 2.03166000e+01 3.52816758e-02 5.161811e-01 1.357601e+00 6.503542e+01 3.908320e+01 3.224351e-01 8.4438e-03 1.0640e-02 -2.5127e-05 0.05678 7.61307e-02 1.27236e-01 2.06444e-01 5.52050e-03
4.495674 9.00431189e-02 4.63115600e-02 1.36354679e-01 6.55701579e-03 1.51217845e+01 2.04951089e+01 3.56168934e-02 5.143265e-01 1.355337e+00 5.995095e+01 4.423351e+01 3.138373e-01 8.7954e-03 1.0029e-02 -1.8150e-05 0.05632 8.74507e-02 1.40129e-01 2.21295e-01 5.83183e-03
4.595578 8.78333926e-02 4.49248073e-02 1.32758200e-01 6.82097485e-03 1.52645897e+01 2.02821092e+01 3.55466989e-02 5.114775e-01 1.328703e+00 5.525181e+01 6.877735e+01 3.123565e-01 8.7997e-03 9.7537e-03 -2.5247e-05 0.05624 9.62986e-02 1.49670e-01 2.31432e-01 5.91594e-03
4.695482 8.54962579e-02 4.35894733e-02 1.29085731e-01 7.02518413e-03 1.51579475e+01 1.98872606e+01 3.50452081e-02 5.098407e-01 1.312002e+00 5.318582e+01 8.325923e+01 3.096634e-01 8.6088e-03 1.0216e-02 -2.6187e-05 0.05753 9.83323e-02 1.52188e-01 2.34446e-01 5.75324e-03
4.795386 8.31261830e-02 4.23408274e-02 1.25467010e-01 7.22317288e-03 1.52201635e+01 1.94337337e+01 3.46538973e-02 5.093561e-01 1.276841e+00 5.140081e+01 7.874254e+01 2.870599e-01 8.4737e-03 1.0784e-02 -2.1117e-05 0.05774 1.06457e-01 1.59992e-01 2.41611e-01 6.29854e-03
4.895290 8.08029885e-02 4.11595539e-02 1.21962542e-01 7.39192778e-03 1.49193712e+01 1.89301260e+01 3.38494972e-02 5.093816e-01 1.268829e+00 5.341781e+01 7.835301e+01 2.700772e-01 8.2970e-03 1.1255e-02 -2.4398e-05 0.05717 1.06947e-01 1.60641e-01 2.41733e-01 5.97525e-03
4.995194 7.84838660e-02 4.00242451e-02 1.18508111e-01 7.53925155e-03 1.45529099e+01 1.83394581e+01 3.28923680e-02 5.099678e-01 1.260192e+00 5.473933e+01 7.535892e+01 2.519140e-01 8.2242e-03 1.1628e-02 -2.4095e-05 0.05600 1.07639e-01 1.61987e-01 2.43157e-01 5.90686e-03
5.095098 7.62243884e-02 3.89480498e-02 1.15172438e-01 7.69081580e-03 1.42783742e+01 1.76156119e+01 3.18939861e-02 5.109657e-01 1.233727e+00 5.447813e+01 6.485495e+01 2.404729e-01 8.2732e-03 1.1859e-02 -2.5651e-05 0.05402 1.12027e-01 1.67054e-01 2.48836e-01 6.14101e-03
5.195002 7.40349915e-02 3.79373518e-02 1.11972343e-01 7.82668216e-03 1.37799082e+01 1.68444235e+01 3.06243317e-02 5.124246e-01 1.222390e+00 5.260649e+01 5.526684e+01 2.454257e-01 8.1141e-03 1.1797e-02 -2.5969e-05 0.05230 1.10134e-01 1.66378e-01 2.51119e-01 5.82396e-03
5.294905 7.18610402e-02 3.69852760e-02 1.08846316e-01 7.95148990e-03 1.33903827e+01 1.61630346e+01 2.95534173e-02 5.146777e-01 1.207063e+00 4.979347e+01 5.756145e+01 2.590075e-01 7.7668e-03 1.1461e-02 -2.1583e-05 0.05094 1.10627e-01 1.67882e-01 2.57335e-01 5.73465e-03
5.394809 6.98302896e-02 3.60616489e-02 1.05891939e-01 8.09588936e-03 1.30858906e+01 1.55770665e+01 2.86629571e-02 5.164184e-01 1.190371e+00 4.840979e+01 5.776903e+01 2.664035e-01 7.4431e-03 1.1076e-02 -2.8090e-05 0.04942 1.12791e-01 1.70940e-01 2.64854e-01 5.71507e-03
5.494713 6.78247643e-02 3.51827277e-02 1.03007492e-01 8.22149114e-03 1.25444269e+01 1.51199568e+01 2.76643838e-02 5.187298e-01 1.205313e+00 4.554364e+01 5.360339e+01 2.766449e-01 7.2588e-03 1.0926e-02 -2.8399e-05 0.04766 1.06836e-01 1.67191e-01 2.66246e-01 5.43039e-03
5.594617 6.58326542e-02 3.43287423e-02 1.00161396e-01 8.35574776e-03 1.22500429e+01 1.47461637e+01 2.69962066e-02 5.214546e-01 1.203764e+00 4.632306e+01 5.229044e+01 2.902292e-01 7.1826e-03 1.0917e-02 -2.2211e-05 0.04700 1.08327e-01 1.70941e-01 2.74098e-01 5.57426e-03
5.694521 6.40230383e-02 3.34512386e-02 9.74742769e-02 8.49612876e-03 1.18564010e+01 1.43943101e+01 2.62507111e-02 5.224875e-01 1.214054e+00 5.363560e+01 5.039939e+01 3.008243e-01 7.1888e-03 1.0772e-02 -2.7805e-05 0.04694 1.06150e-01 1.71008e-01 2.77637e-01 5.33684e-03
5.794425 6.22453118e-02 3.25664232e-02 9.48117350e-02 8.61564618e-03 1.13725735e+01 1.40522520e+01 2.54248256e-02 5.231948e-01 1.235626e+00 5.713024e+01 4.710096e+01 2.970457e-01 7.1657e-03 1.0477e-02 -2.8456e-05 0.04651 1.00790e-01 1.67954e-01 2.77882e-01 5.05743e-03
5.894329 6.05563370e-02 3.16723687e-02 9.22287057e-02 8.74596849e-03 1.11352810e+01 1.36896310e+01 2.48249120e-02 5.230232e-01 1.229392e+00 5.933437e+01 4.476472e+01 2.869158e-01 7.1127e-03 1.0083e-02 -2.5627e-05 0.04594 1.04189e-01 1.72513e-01 2.83587e-01 5.38948e-03
5.994233 5.89688536e-02 3.07587258e-02 8.97275794e-02 8.86062270e-03 1.06891493e+01 1.32998077e+01 2.39889570e-02 5.216097e-01 1.244234e+00 6.244020e+01 4.190040e+01 2.911769e-01 7.0475e-03 9.6721e-03 -2.7595e-05 0.04549 9.98062e-02 1.69152e-01 2.80604e-01 4.97300e-03
6.094136 5.74689249e-02 2.98402370e-02 8.73091619e-02 8.95038056e-03 1.03047832e+01 1.29322837e+01 2.32370669e-02 5.192413e-01 1.254979e+00 6.358880e+01 4.059091e+01 2.918504e-01 6.9378e-03 9.3011e-03 -2.5826e-05 0.04500 9.74901e-02 1.67027e-01 2.77079e-01 4.84097e-03
6.194040 5.60539087e-02 2.89073267e-02 8.49612355e-02 9.05163197e-03 1.00259607e+01 1.25543206e+01 2.25802813e-02 5.157058e-01 1.252181e+00 6.211577e+01 3.913026e+01 2.798329e-01 7.0453e-03 9.0417e-03 -2.8893e-05 0.04401 9.92226e-02 1.67764e-01 2.74473e-01 4.88189e-03
6.293944 5.47186536e-02 2.79809227e-02 8.26995763e-02 9.11892385e-03 9.60382010e+00 1.21345009e+01 2.17383210e-02 5.113599e-01 1.263508e+00 5.809282e+01 3.648745e+01 2.672852e-01 7.4024e-03 8.8406e-03 -2.9011e-05 0.04290 9.54169e-02 1.63202e-01 2.66649e-01 4.68871e-03
6.393848 5.34084323e-02 2.70735190e-02 8.04819513e-02 9.16912031e-03 9.26000353e+00 1.16649942e+01 2.09249977e-02 5.069147e-01 1.259718e+00 5.237721e+01 3.813110e+01 2.614508e-01 7.3070e-03 8.7224e-03 -2.3875e-05 0.04186 9.48223e-02 1.61502e-01 2.61071e-01 4.55043e-03
6.493752 5.22452692e-02 2.61697259e-02 7.84149952e-02 9.22253689e-03 8.97358583e+00 1.11733269e+01 2.01469128e-02 5.009014e-01 1.245135e+00 4.742536e+01 3.960998e+01 2.517501e-01 6.5408e-03 8.7252e-03 -2.9741e-05 0.04083 9.57935e-02 1.60537e-01 2.55339e-01 4.50253e-03
6.593656 5.10847460e-02 2.53064357e-02 7.63911817e-02 9.23675602e-03 8.58670510e+00 1.07389806e+01 1.93256857e-02 4.953815e-01 1.250652e+00 4.390220e+01 3.761201e+01 2.473146e-01 5.9653e-03 8.7422e-03 -3.0093e-05 0.04153 9.08016e-02 1.53758e-01 2.44779e-01 4.22242e-03
6.693560 4.99403929e-02 2.44856855e-02 7.44260784e-02 9.24837709e-03 8.38626076e+00 1.03434557e+01 1.87297165e-02 4.902982e-01 1.233381e+00 4.192884e+01 3.889462e+01 2.488995e-01 5.8866e-03 8.6848e-03 -2.4952e-05 0.04232 9.33652e-02 1.54003e-01 2.41307e-01 4.42458e-03
6.793464 4.88812359e-02 2.36864633e-02 7.25676991e-02 9.24798590e-03 8.07981639e+00 9.93010871e+00 1.80099251e-02 4.845717e-01 1.229002e+00 4.107928e+01 3.695485e+01 2.601081e-01 5.9096e-03 8.5573e-03 -2.8921e-05 0.04239 8.97957e-02 1.48647e-01 2.33269e-01 4.07281e-03
6.893367 4.78308391e-02 2.29322006e-02 7.07630397e-02 9.21804215e-03 7.80631669e+00 9.51025115e+00 1.73165678e-02 4.794438e-01 1.218276e+00 4.078391e+01 3.630848e+01 2.666746e-01 5.9070e-03 8.3049e-03 -2.8786e-05 0.04250 8.73318e-02 1.44749e-01 2.27381e-01 3.96217e-03
6.993271 4.68003974e-02 2.22201040e-02 6.90205014e-02 9.19250869e-03 7.62581045e+00 9.09555867e+00 1.67213691e-02 4.747845e-01 1.192733e+00 4.101048e+01 3.631899e+01 2.678847e-01 5.8084e-03 8.0176e-03 -2.7837e-05 0.04134 8.96115e-02 1.45459e-01 2.26260e-01 4.04129e-03
7.093175 4.58030103e-02 2.15463578e-02 6.73493681e-02 9.14575339e-03 7.35888416e+00 8.70386377e+00 1.60627479e-02 4.704136e-01 1.182770e+00 4.148983e+01 3.464531e+01 2.729455e-01 5.7495e-03 7.7233e-03 -2.9006e-05 0.04002 8.72118e-02 1.41875e-01 2.21830e-01 3.87995e-03
7.193079 4.48191443e-02 2.09160074e-02 6.57351517e-02 9.07810572e-03 7.10422101e+00 8.33843820e+00 1.54426592e-02 4.666757e-01 1.173730e+00 4.171429e+01 3.294792e+01 2.772069e-01 5.8007e-03 7.4222e-03 -2.6100e-05 0.03949 8.58755e-02 1.39697e-01 2.19773e-01 3.73936e-03
7.292983 4.38846905e-02 2.03130346e-02 6.41977251e-02 9.01764681e-03 6.92071291e+00 7.98777494e+00 1.49084879e-02 4.628729e-01 1.154184e+00 4.120792e+01 3.277454e+01 2.747379e-01 5.8976e-03 7.2116e-03 -3.0018e-05 0.03930 8.90910e-02 1.42250e-01 2.22719e-01 3.79563e-03
7.392887 4.29597327e-02 1.97516373e-02 6.27113699e-02 8.93257203e-03 6.63375113e+00 7.66990943e+00 1.43036606e-02 4.597710e-01 1.156195e+00 4.002518e+01 3.002990e+01 2.750212e-01 5.9645e-03 7.1641e-03 -3.0227e-05 0.03910 8.59731e-02 1.39534e-01 2.21518e-01 3.63244e-03
7.492791 4.20192576e-02 1.92305816e-02 6.12498393e-02 8.84695981e-03 6.43970820e+00 7.37473239e+00 1.38144406e-02 4.576611e-01 1.145197e+00 3.872065e+01 3.064693e+01 2.766875e-01 5.9282e-03 7.4008e-03 -2.5141e-05 0.03926 8.87003e-02 1.42553e-01 2.25670e-01 3.66485e-03
7.592695 4.11688934e-02 1.87267903e-02 5.98956838e-02 8.76463944e-03 6.22229729e+00 7.07869814e+00 1.33009954e-02 4.548772e-01 1.137634e+00 3.821429e+01 2.935515e+01 2.800815e-01 5.8098e-03 7.9387e-03 -3.0187e-05 0.03900 8.92820e-02 1.43013e-01 2.26650e-01 3.51234e-03
7.692598 4.02990983e-02 1.82600801e-02 5.85591784e-02 8.66701063e-03 5.98984278e+00 6.79863583e+00 1.27884786e-02 4.531139e-01 1.135027e+00 3.814415e+01 2.769105e+01 2.856862e-01 5.6506e-03 8.4083e-03 -3.0531e-05 0.03803 8.76927e-02 1.41120e-01 2.24966e-01 3.40992e-03
7.792502 3.94380778e-02 1.78267298e-02 5.72648075e-02 8.57764400e-03 5.83029715e+00 6.53867773e+00 1.23689749e-02 4.520182e-01 1.121500e+00 3.646425e+01 2.879415e+01 2.846727e-01 5.5371e-03 8.4769e-03 -2.6835e-05 0.03738 8.99289e-02 1.42750e-01 2.25771e-01 3.47471e-03
7.892406 3.86236040e-02 1.74117784e-02 5.60353824e-02 8.48847869e-03 5.61938137e+00 6.29015555e+00 1.19095369e-02 4.508067e-01 1.119368e+00 3.111057e+01 2.763851e+01 2.909377e-01 5.5426e-03 8.3007e-03 -2.9733e-05 0.03678 8.71244e-02 1.39556e-01 2.21443e-01 3.27093e-03
7.992310 3.78196833e-02 1.70264992e-02 5.48461824e-02 8.39187440e-03 5.40875097e+00 6.06123504e+00 1.14699860e-02 4.502021e-01 1.120635e+00 2.830444e+01 2.585088e+01 2.953716e-01 5.5598e-03 8.0883e-03 -2.8798e-05 0.03682 8.35521e-02 1.35752e-01 2.16366e-01 3.14132e-03
8.092214 3.70329098e-02 1.66607464e-02 5.36936562e-02 8.30861738e-03 5.27368092e+00 5.85038748e+00 1.11240684e-02 4.498903e-01 1.109356e+00 2.863933e+01 2.773362e+01 2.943354e-01 5.4645e-03 7.9019e-03 -2.9502e-05 0.03684 8.52489e-02 1.36838e-01 2.15559e-01 3.17077e-03
8.192118 3.62708738e-02 1.63133309e-02 5.25842047e-02 8.22044484e-03 5.07501600e+00 5.65917618e+00 1.07341922e-02 4.497639e-01 1.115105e+00 2.736096e+01 2.714179e+01 2.997038e-01 5.2786e-03 7.7059e-03 -3.0347e-05 0.03671 8.06550e-02 1.31942e-01 2.09377e-01 2.96897e-03
8.292022 3.55067178e-02 1.59881545e-02 5.14948723e-02 8.13321230e-03 4.92598575e+00 5.48786089e+00 1.04138466e-02 4.502853e-01 1.114063e+00 2.475176e+01 2.780611e+01 3.076303e-01 5.0551e-03 7.5428e-03 -2.6779e-05 0.03584 7.94186e-02 1.30094e-01 2.06223e-01 2.88842e-03
8.391926 3.48006579e-02 1.56666887e-02 5.04673466e-02 8.05326329e-03 4.80983199e+00 5.32785179e+00 1.01376838e-02 4.501837e-01 1.107700e+00 2.171006e+01 2.791257e+01 3.088134e-01 4.8846e-03 7.3438e-03 -3.1014e-05 0.03418 8.00484e-02 1.29594e-01 2.04156e-01 2.86180e-03
8.491829 3.40884188e-02 1.53621969e-02 4.94506157e-02 7.96575297e-03 4.64887316e+00 5.18482093e+00 9.83369409e-03 4.506574e-01 1.115286e+00 1.969471e+01 2.664938e+01 3.111291e-01 4.8260e-03 7.1590e-03 -3.1345e-05 0.03260 7.57361e-02 1.24306e-01 1.97910e-01 2.69464e-03
8.591733 3.33692232e-02 1.50740260e-02 4.84432492e-02 7.88232208e-03 4.54477307e+00 5.05408384e+00 9.59885691e-03 4.517344e-01 1.112065e+00 2.127968e+01 2.619166e+01 3.185616e-01 4.8178e-03 6.9986e-03 -2.6777e-05 0.03248 7.62773e-02 1.23444e-01 1.95927e-01 2.73523e-03
8.691637 3.27132804e-02 1.47851011e-02 4.74983815e-02 7.80217120e-03 4.42377300e+00 4.92730272e+00 9.35107572e-03 4.519602e-01 1.113824e+00 2.610409e+01 2.431273e+01 3.323139e-01 4.7638e-03 6.7949e-03 -3.0938e-05 0.03225 7.47446e-02 1.20409e-01 1.91808e-01 2.59723e-03
8.791541 3.20488305e-02 1.45112097e-02 4.65600402e-02 7.71427867e-03 4.27869770e+00 4.81249469e+00 9.09119239e-03 4.527844e-01 1.124757e+00 2.987101e+01 2.214425e+01 3.390409e-01 4.6639e-03 6.5897e-03 -3.0959e-05 0.03213 7.05962e-02 1.15006e-01 1.85683e-01 2.46126e-03
8.891445 3.13905952e-02 1.42472234e-02 4.56378186e-02 7.63380839e-03 4.19530837e+00 4.70537102e+00 8.90067939e-03 4.538692e-01 1.121579e+00 3.222620e+01 2.215372e+01 3.389973e-01 4.5751e-03 6.3712e-03 -2.8738e-05 0.03085 7.27169e-02 1.15705e-01 1.85341e-01 2.60841e-03
8.991349 3.07643940e-02 1.39838284e-02 4.47482224e-02 7.55292751e-03 4.05899485e+00 4.59912687e+00 8.65812172e-03 4.545459e-01 1.133070e+00 3.309350e+01 1.978718e+01 3.456253e-01 4.5191e-03 6.1379e-03 -3.0829e-05 0.03047 6.90888e-02 1.11131e-01 1.80202e-01 2.39350e-03
9.091253 3.01470129e-02 1.37337157e-02 4.38807285e-02 7.46845572e-03 3.93315866e+00 4.49632433e+00 8.42948299e-03 4.555581e-01 1.143184e+00 3.270532e+01 1.861854e+01 3.502089e-01 4.4917e-03 5.9612e-03 -2.9060e-05 0.03035 6.64261e-02 1.07687e-01 1.76402e-01 2.30994e-03
9.191157 2.95538976e-02 1.34832856e-02 4.30371832e-02 7.39037356e-03 3.85958174e+00 4.38989966e+00 8.24948141e-03 4.562270e-01 1.137403e+00 3.147281e+01 1.823215e+01 3.488068e-01 4.4671e-03 5.7888e-03 -3.0919e-05 0.02999 6.91598e-02 1.09384e-01 1.77430e-01 2.46010e-03
9.291060 2.89727792e-02 1.32383833e-02 4.22111625e-02 7.30744777e-03 3.72895221e+00 4.28295305e+00 8.01190525e-03 4.569249e-01 1.148567e+00 2.976061e+01 1.697169e+01 3.528766e-01 4.4228e-03 5.6192e-03 -3.1563e-05 0.02990 6.46313e-02 1.04323e-01 1.72394e-01 2.20836e-03
9.390964 2.83905283e-02 1.30047129e-02 4.13952412e-02 7.22506856e-03 3.64139656e+00 4.18061142e+00 7.82200798e-03 4.580652e-01 1.148079e+00 2.780173e+01 1.628820e+01 3.664085e-01 4.3636e-03 5.4610e-03 -2.7712e-05 0.02941 6.44030e-02 1.03383e-01 1.71366e-01 2.24746e-03
9.490868 2.78605771e-02 1.27649467e-02 4.06255238e-02 7.14549717e-03 3.56987079e+00 4.07921226e+00 7.64908305e-03 4.581724e-01 1.142678e+00 2.593396e+01 1.636346e+01 3.798426e-01 4.3193e-03 5.2796e-03 -3.1797e-05 0.02943 6.54538e-02 1.03588e-01 1.71284e-01 2.22551e-03
9.590772 2.73254012e-02 1.25331542e-02 3.98585554e-02 7.06040914e-03 3.45920471e+00 3.98619751e+00 7.44540222e-03 4.586631e-01 1.152345e+00 2.408842e+01 1.574087e+01 3.874310e-01 4.3037e-03 5.1121e-03 -3.2092e-05 0.02985 6.11823e-02 9.88656e-02 1.66810e-01 2.04722e-03
9.690676 2.67886867e-02 1.23084512e-02 3.90971379e-02 6.97929637e-03 3.40327374e+00 3.90037595e+00 7.30364969e-03 4.594645e-01 1.146066e+00 2.235213e+01 1.582592e+01 3.988192e-01 4.2915e-03 4.9724e-03 -2.8343e-05 0.03105 6.36807e-02 1.00670e-01 1.68533e-01 2.20721e-03
9.790580 2.62971376e-02 1.20770204e-02 3.83741580e-02 6.90149428e-03 3.32154580e+00 3.81372146e+00 7.13526726e-03 4.592523e-01 1.148177e+00 2.071092e+01 1.534451e+01 4.110638e-01 4.2554e-03 4.8564e-03 -3.1650e-05 0.03148 6.27274e-02 9.92473e-02 1.67015e-01 2.07436e-03
9.890484 2.58059826e-02 1.18553833e-02 3.76613658e-02 6.81936459e-03 3.22445428e+00 3.73055217e+00 6.95500645e-03 4.594045e-01 1.156956e+00 2.076968e+01 1.491149e+01 4.117340e-01 4.1822e-03 4.7871e-03 -3.1155e-05 0.03172 5.96805e-02 9.60112e-02 1.63734e-01 1.94854e-03
9.990388 2.53227730e-02 1.16363168e-02 3.69590898e-02 6.74456950e-03 3.18545399e+00 3.64818551e+00 6.83363950e-03 4.595198e-01 1.145264e+00 2.216971e+01 1.632413e+01 4.008703e-01 4.1096e-03 4.7620e-03 -3.0300e-05 0.03229 6.46275e-02 1.00476e-01 1.67381e-01 2.19493e-03
9.999917 2.52796556e-02 1.16148964e-02 3.68945520e-02 6.73758449e-03 3.17889765e+00 3.64016726e+00 6.81906492e-03 4.594563e-01 1.145104e+00 2.231549e+01 1.634716e+01 4.007381e-01 4.1042e-03 4.7617e-03 -3.0926e-05 0.03230 6.47226e-02 1.00542e-01 1.67369e-01 2.17607e-03
