# tg_mhd (CUDA FP64)  tgc_noslip_cond_n512_re2000  N=512 L=512 Re=2000 Pm=1 u0=0.05 nu_lat=4.066409e-03 eta_lat=4.066409e-03 tau_f=0.512199 tau_m=0.516266 dt=3.073965e-04 fw=profile
# t E_V E_M E_T H_C Omega_V Omega_M eps EM/EV OmM/OmV j_max w_max skew divb/j divb_wall/j mass_drift umax_lat fw1 fw2 fw4 tau_wall
0.000000 1.24023441e-01 1.25000000e-01 2.49023441e-01 1.11119718e-20 7.12827690e+01 1.49992441e+00 7.27826934e-02 1.007874e+00 2.104189e-02 3.463982e+00 2.439788e+02 -4.118742e-19 7.5643e-15 2.0714e-14 +0.0000e+00 0.05000 9.74973e-01 9.75709e-01 9.77194e-01 6.00718e-02
0.099904 1.21054061e-01 1.24634146e-01 2.45688207e-01 -2.51673174e-05 1.72788108e+01 1.56221671e+00 1.88410275e-02 1.029574e+00 9.041228e-02 5.981517e+00 8.476492e+01 1.335293e-01 4.4789e-04 2.1867e-03 -6.4929e-07 0.05108 8.98489e-01 9.05634e-01 9.11396e-01 1.92149e-02
0.199808 1.19626754e-01 1.24335777e-01 2.43962531e-01 -6.55919221e-05 1.25281883e+01 1.69085612e+00 1.42190445e-02 1.039364e+00 1.349641e-01 8.419354e+00 6.237521e+01 3.479455e-02 5.7315e-04 2.6035e-03 -7.8173e-06 0.05130 8.35250e-01 8.71945e-01 8.79757e-01 1.40108e-02
0.299712 1.18554357e-01 1.24422579e-01 2.42976936e-01 -1.22002142e-04 1.04765756e+01 1.86665865e+00 1.23432343e-02 1.049498e+00 1.781745e-01 1.019141e+01 5.208191e+01 2.112463e-01 6.3109e-04 2.8193e-03 -5.1129e-06 0.05211 7.72210e-01 8.45418e-01 8.55569e-01 1.18040e-02
0.399616 1.17231826e-01 1.24415814e-01 2.41647640e-01 -1.87057382e-04 9.34038271e+00 2.07806637e+00 1.14184491e-02 1.061280e+00 2.224819e-01 1.129842e+01 5.120113e+01 2.276265e-01 6.6184e-04 2.9666e-03 +3.6471e-06 0.05243 7.16363e-01 8.20911e-01 8.34999e-01 1.04723e-02
0.499519 1.16390692e-01 1.24154073e-01 2.40544765e-01 -2.58973738e-04 8.60126305e+00 2.31220782e+00 1.09134709e-02 1.066701e+00 2.688219e-01 1.205206e+01 4.954750e+01 2.194435e-01 6.7665e-04 3.0863e-03 -9.1651e-06 0.05214 6.65966e-01 7.95303e-01 8.15095e-01 9.69254e-03
0.599423 1.15332786e-01 1.24068215e-01 2.39401001e-01 -3.41071260e-04 8.07505779e+00 2.58375563e+00 1.06588134e-02 1.075741e+00 3.199674e-01 1.280376e+01 4.636289e+01 3.331883e-01 6.8589e-04 3.1831e-03 -1.0791e-05 0.05321 6.19895e-01 7.67688e-01 7.94547e-01 9.02445e-03
0.699327 1.14212741e-01 1.24171606e-01 2.38384347e-01 -4.22659571e-04 7.96216523e+00 2.90002415e+00 1.08621894e-02 1.087196e+00 3.642256e-01 1.378349e+01 4.624118e+01 3.052644e-01 6.9796e-04 3.3000e-03 -2.2512e-07 0.05349 5.86695e-01 7.44524e-01 7.78549e-01 9.09565e-03
0.799231 1.13489376e-01 1.23936665e-01 2.37426041e-01 -5.05008015e-04 7.63176053e+00 3.23766361e+00 1.08694241e-02 1.092055e+00 4.242355e-01 1.486915e+01 4.611037e+01 3.887639e-01 7.1332e-04 3.4332e-03 -6.8712e-06 0.05388 5.42742e-01 7.11587e-01 7.54800e-01 8.45475e-03
0.899135 1.12673564e-01 1.23466207e-01 2.36139770e-01 -5.88326132e-04 7.54599624e+00 3.61642153e+00 1.11624178e-02 1.095787e+00 4.792504e-01 1.579857e+01 4.681097e+01 4.554307e-01 7.3264e-04 3.5802e-03 -1.0261e-05 0.05497 5.06617e-01 6.80472e-01 7.33274e-01 8.27705e-03
0.999039 1.12171318e-01 1.22865343e-01 2.35036661e-01 -6.67941643e-04 7.70639570e+00 4.03646838e+00 1.17428641e-02 1.095337e+00 5.237816e-01 1.648890e+01 4.696598e+01 3.896770e-01 7.6006e-04 3.7565e-03 -8.8665e-06 0.05572 4.78823e-01 6.52203e-01 7.14528e-01 8.41145e-03
1.098943 1.11966861e-01 1.21980464e-01 2.33947324e-01 -7.31384889e-04 7.81714059e+00 4.49944362e+00 1.23165842e-02 1.089434e+00 5.755869e-01 1.697533e+01 4.970276e+01 4.282541e-01 7.9680e-04 3.9551e-03 -8.2295e-06 0.05673 4.46656e-01 6.18227e-01 6.91177e-01 8.30274e-03
1.198847 1.11911404e-01 1.20712912e-01 2.32624316e-01 -7.94303742e-04 7.84763872e+00 5.02405426e+00 1.28716930e-02 1.078647e+00 6.401995e-01 1.728295e+01 5.092342e+01 5.010902e-01 8.4526e-04 4.1848e-03 -4.9611e-06 0.05726 4.08624e-01 5.77450e-01 6.61918e-01 7.92927e-03
1.298750 1.12225474e-01 1.19014619e-01 2.31240093e-01 -8.23783691e-04 8.14634795e+00 5.60188529e+00 1.37482332e-02 1.060496e+00 6.876560e-01 1.775386e+01 5.083135e+01 4.386127e-01 9.1651e-04 4.4650e-03 -1.4231e-05 0.05672 3.80217e-01 5.40784e-01 6.34748e-01 7.91257e-03
1.398654 1.12732153e-01 1.17170397e-01 2.29902550e-01 -8.60314954e-04 8.45730219e+00 6.30612520e+00 1.47634274e-02 1.039370e+00 7.456426e-01 1.872900e+01 5.809879e+01 4.271977e-01 1.0393e-03 4.7657e-03 -1.3089e-05 0.05836 3.49653e-01 5.00554e-01 6.02666e-01 7.98827e-03
1.498558 1.13080972e-01 1.15212698e-01 2.28293670e-01 -8.51320479e-04 8.79180546e+00 7.18559082e+00 1.59773963e-02 1.018851e+00 8.173055e-01 2.355117e+01 5.722585e+01 4.801371e-01 1.2541e-03 5.1018e-03 -3.3420e-06 0.05688 3.17279e-01 4.57704e-01 5.65579e-01 7.97377e-03
1.598462 1.13769965e-01 1.12935738e-01 2.26705703e-01 -8.21219738e-04 9.01421888e+00 8.22780126e+00 1.72420201e-02 9.926674e-01 9.127581e-01 2.845013e+01 5.673481e+01 5.655329e-01 1.5852e-03 5.4296e-03 -1.3596e-05 0.05569 2.78193e-01 4.08078e-01 5.19210e-01 7.53394e-03
1.698366 1.14125276e-01 1.10676075e-01 2.24801351e-01 -7.73951766e-04 9.37688599e+00 9.54824158e+00 1.89251276e-02 9.697771e-01 1.018274e+00 3.285357e+01 5.776181e+01 5.253609e-01 2.0434e-03 5.7507e-03 -1.5916e-05 0.05478 2.44449e-01 3.62675e-01 4.72818e-01 7.47228e-03
1.798270 1.14330998e-01 1.08484413e-01 2.22815411e-01 -6.98630106e-04 9.81458909e+00 1.11941517e+01 2.10087408e-02 9.488626e-01 1.140562e+00 3.664282e+01 5.575523e+01 4.876940e-01 2.6534e-03 6.0864e-03 -8.5334e-06 0.05502 2.14584e-01 3.21472e-01 4.27437e-01 7.58834e-03
1.898174 1.14482248e-01 1.06156347e-01 2.20638595e-01 -5.75423495e-04 1.00096516e+01 1.30665866e+01 2.30762382e-02 9.272734e-01 1.305399e+00 4.401285e+01 5.251097e+01 4.914494e-01 3.4081e-03 6.3812e-03 -1.2117e-05 0.05772 1.80019e-01 2.77152e-01 3.77962e-01 7.12796e-03
1.998078 1.14407757e-01 1.03738322e-01 2.18146078e-01 -4.66917138e-04 1.01903214e+01 1.50354387e+01 2.52257601e-02 9.067420e-01 1.475463e+00 5.124202e+01 4.870462e+01 4.585854e-01 4.2253e-03 6.6649e-03 -1.3090e-05 0.05977 1.52113e-01 2.40660e-01 3.35649e-01 6.74799e-03
2.097981 1.14284685e-01 1.01167190e-01 2.15451875e-01 -2.88641804e-04 1.04895886e+01 1.68201486e+01 2.73097372e-02 8.852209e-01 1.603509e+00 5.771139e+01 4.239739e+01 3.673498e-01 5.0084e-03 6.9099e-03 -1.5533e-05 0.06078 1.34490e-01 2.15630e-01 3.04876e-01 6.81499e-03
2.197885 1.14206899e-01 9.84753326e-02 2.12682232e-01 -1.20208045e-04 1.06412584e+01 1.81859626e+01 2.88272210e-02 8.622538e-01 1.709005e+00 6.291093e+01 4.192011e+01 3.507379e-01 5.7019e-03 7.1285e-03 -1.4404e-05 0.05923 1.16776e-01 1.92487e-01 2.77790e-01 6.40512e-03
2.297789 1.13997355e-01 9.55976547e-02 2.09595010e-01 9.18085680e-05 1.08839804e+01 1.89569485e+01 2.98409289e-02 8.385954e-01 1.741729e+00 6.616233e+01 3.586464e+01 3.981733e-01 6.1921e-03 7.3404e-03 -8.7790e-06 0.05641 1.04606e-01 1.76071e-01 2.58804e-01 6.16116e-03
2.397693 1.14048196e-01 9.25143870e-02 2.06562583e-01 3.39786755e-04 1.12237111e+01 1.91091709e+01 3.03328820e-02 8.111868e-01 1.702572e+00 6.723944e+01 3.482466e+01 4.308462e-01 6.3814e-03 7.5247e-03 -1.8408e-05 0.05763 9.61538e-02 1.63647e-01 2.44400e-01 6.03640e-03
2.497597 1.14057841e-01 8.94141776e-02 2.03472018e-01 6.06592782e-04 1.15115113e+01 1.89673189e+01 3.04788302e-02 7.839371e-01 1.647683e+00 6.698104e+01 3.424864e+01 4.074615e-01 6.3073e-03 7.7028e-03 -1.8411e-05 0.06011 8.69240e-02 1.50971e-01 2.30662e-01 5.68980e-03
2.597501 1.13939324e-01 8.63325958e-02 2.00271920e-01 9.01373946e-04 1.19126745e+01 1.87518891e+01 3.06645637e-02 7.577068e-01 1.574112e+00 6.571661e+01 3.221107e+01 4.139924e-01 6.0915e-03 7.9061e-03 -9.5771e-06 0.06094 8.21671e-02 1.42730e-01 2.21321e-01 5.70043e-03
2.697405 1.14099878e-01 8.31474828e-02 1.97247361e-01 1.23959513e-03 1.22613577e+01 1.84453111e+01 3.07066689e-02 7.287254e-01 1.504345e+00 6.346157e+01 3.316255e+01 4.133568e-01 5.8309e-03 8.0033e-03 -1.7066e-05 0.06126 7.73742e-02 1.34163e-01 2.11312e-01 5.53272e-03
2.797309 1.14049269e-01 7.99798722e-02 1.94029141e-01 1.54442227e-03 1.25317380e+01 1.81732022e+01 3.07049402e-02 7.012747e-01 1.450174e+00 6.055306e+01 3.300300e+01 3.837891e-01 5.6323e-03 8.2087e-03 -1.9122e-05 0.06271 7.14348e-02 1.24754e-01 2.00639e-01 5.33261e-03
2.897212 1.13968208e-01 7.69073139e-02 1.90875522e-01 1.89046232e-03 1.29795613e+01 1.79150827e+01 3.08946440e-02 6.748138e-01 1.380253e+00 5.738263e+01 3.530194e+01 3.647938e-01 5.5378e-03 8.5842e-03 -1.5185e-05 0.06300 7.14119e-02 1.21326e-01 1.95540e-01 5.54093e-03
2.997116 1.13855216e-01 7.39554361e-02 1.87810652e-01 2.21355438e-03 1.32908830e+01 1.76894190e+01 3.09803019e-02 6.495569e-01 1.330944e+00 5.395238e+01 3.733289e+01 3.569370e-01 5.5795e-03 9.2710e-03 -1.6747e-05 0.06316 6.72149e-02 1.14103e-01 1.86684e-01 5.25934e-03
3.097020 1.13456498e-01 7.10928780e-02 1.84549376e-01 2.51717092e-03 1.36713996e+01 1.75664445e+01 3.12378441e-02 6.266091e-01 1.284905e+00 5.042195e+01 3.859800e+01 3.463380e-01 5.7817e-03 1.0199e-02 -1.5462e-05 0.06286 6.55063e-02 1.09641e-01 1.80668e-01 5.24013e-03
3.196924 1.12930517e-01 6.84270956e-02 1.81357613e-01 2.84099456e-03 1.41461734e+01 1.75402045e+01 3.16863779e-02 6.059221e-01 1.239926e+00 5.151361e+01 3.933098e+01 3.246194e-01 6.0414e-03 1.0970e-02 -2.0359e-05 0.06193 6.72498e-02 1.08647e-01 1.77844e-01 5.57101e-03
3.296828 1.12185704e-01 6.59959068e-02 1.78181611e-01 3.13165415e-03 1.43418293e+01 1.76656630e+01 3.20074923e-02 5.882738e-01 1.231758e+00 6.075617e+01 3.954476e+01 2.985518e-01 6.3635e-03 1.1290e-02 -1.9481e-05 0.06138 6.25969e-02 1.01885e-01 1.70191e-01 5.19155e-03
3.396732 1.11016591e-01 6.37574291e-02 1.74774020e-01 3.42427590e-03 1.46368555e+01 1.79889399e+01 3.26257954e-02 5.743054e-01 1.229017e+00 6.974491e+01 3.914665e+01 2.853123e-01 6.8632e-03 1.1323e-02 -1.2734e-05 0.05948 6.35930e-02 1.00773e-01 1.68632e-01 5.50084e-03
3.496636 1.09843611e-01 6.16633987e-02 1.71507010e-01 3.73523835e-03 1.48144133e+01 1.83999973e+01 3.32144107e-02 5.613745e-01 1.242033e+00 7.847974e+01 3.826411e+01 2.764906e-01 7.8152e-03 1.1057e-02 -2.1280e-05 0.05702 6.37320e-02 9.88589e-02 1.66724e-01 5.45328e-03
3.596540 1.08329665e-01 5.97448869e-02 1.68074551e-01 4.02618696e-03 1.47811646e+01 1.88503898e+01 3.36315544e-02 5.515099e-01 1.275298e+00 8.279658e+01 3.682090e+01 2.573990e-01 9.0034e-03 1.0900e-02 -2.2056e-05 0.05693 5.98469e-02 9.35957e-02 1.62579e-01 5.21161e-03
3.696443 1.06577682e-01 5.79664534e-02 1.64544135e-01 4.32929369e-03 1.49632154e+01 1.91687367e+01 3.41319521e-02 5.438892e-01 1.281057e+00 8.012923e+01 3.750998e+01 2.516964e-01 9.7561e-03 1.0935e-02 -1.4814e-05 0.05554 6.33051e-02 9.63086e-02 1.66316e-01 5.68131e-03
3.796347 1.04852455e-01 5.62822905e-02 1.61134746e-01 4.63342083e-03 1.49580136e+01 1.91760051e+01 3.41340186e-02 5.367761e-01 1.281989e+00 7.022390e+01 3.689283e+01 2.467737e-01 9.7913e-03 1.1250e-02 -1.9806e-05 0.05978 6.25782e-02 9.61250e-02 1.67167e-01 5.45426e-03
3.896251 1.02933228e-01 5.46701117e-02 1.57603340e-01 4.89162590e-03 1.48672780e+01 1.89449738e+01 3.38122519e-02 5.311221e-01 1.274273e+00 5.369964e+01 3.404397e+01 2.590326e-01 8.8684e-03 1.1922e-02 -2.0751e-05 0.06381 6.05532e-02 9.61768e-02 1.68665e-01 5.18743e-03
3.996155 1.00959650e-01 5.31837073e-02 1.54143358e-01 5.18053714e-03 1.50605358e+01 1.88183312e+01 3.38788669e-02 5.267818e-01 1.249513e+00 4.145789e+01 3.761598e+01 2.725911e-01 7.2157e-03 1.2349e-02 -1.9758e-05 0.06168 6.73905e-02 1.05488e-01 1.78327e-01 5.88355e-03
4.096059 9.89302209e-02 5.17893885e-02 1.50719609e-01 5.44801529e-03 1.48849085e+01 1.89620862e+01 3.38469947e-02 5.234941e-01 1.273914e+00 4.294895e+01 4.078693e+01 2.996732e-01 6.9837e-03 1.2337e-02 -2.0273e-05 0.05827 6.41998e-02 1.05353e-01 1.78817e-01 5.31702e-03
4.195963 9.67663388e-02 5.04172691e-02 1.47183608e-01 5.72255873e-03 1.48793302e+01 1.93660490e+01 3.42453792e-02 5.210207e-01 1.301540e+00 5.714623e+01 4.253248e+01 3.257015e-01 7.3362e-03 1.1989e-02 -1.7052e-05 0.05750 6.62194e-02 1.10477e-01 1.84611e-01 5.47746e-03
4.295867 9.46129949e-02 4.90554812e-02 1.43668476e-01 6.01171990e-03 1.49833633e+01 1.98768498e+01 3.48602131e-02 5.184857e-01 1.326595e+00 6.646414e+01 3.856445e+01 3.371290e-01 7.8611e-03 1.1258e-02 -2.3127e-05 0.05689 7.17246e-02 1.19486e-01 1.95697e-01 5.64817e-03
4.395771 9.23968222e-02 4.76934969e-02 1.40090319e-01 6.29223827e-03 1.49650211e+01 2.03165701e+01 3.52815912e-02 5.161811e-01 1.357604e+00 6.503443e+01 3.908286e+01 3.224359e-01 8.4437e-03 1.0640e-02 -2.2837e-05 0.05678 7.61296e-02 1.27235e-01 2.06443e-01 5.52044e-03
4.495674 9.00430782e-02 4.63115256e-02 1.36354604e-01 6.55699751e-03 1.51217295e+01 2.04950683e+01 3.56167978e-02 5.143263e-01 1.355339e+00 5.994981e+01 4.423350e+01 3.138376e-01 8.7953e-03 1.0029e-02 -1.5809e-05 0.05632 8.74497e-02 1.40128e-01 2.21294e-01 5.83177e-03
4.595578 8.78333557e-02 4.49247688e-02 1.32758125e-01 6.82095421e-03 1.52645296e+01 2.02820677e+01 3.55465973e-02 5.114773e-01 1.328706e+00 5.525027e+01 6.877692e+01 3.123569e-01 8.7996e-03 9.7538e-03 -2.2854e-05 0.05624 9.62975e-02 1.49668e-01 2.31430e-01 5.91587e-03
4.695482 8.54962332e-02 4.35894312e-02 1.29085664e-01 7.02516445e-03 1.51578992e+01 1.98872187e+01 3.50451179e-02 5.098404e-01 1.312004e+00 5.318540e+01 8.325894e+01 3.096634e-01 8.6087e-03 1.0216e-02 -2.3743e-05 0.05753 9.83315e-02 1.52186e-01 2.34445e-01 5.75319e-03
4.795386 8.31261750e-02 4.23407810e-02 1.25466956e-01 7.22315291e-03 1.52201053e+01 1.94336907e+01 3.46537960e-02 5.093556e-01 1.276843e+00 5.139961e+01 7.874221e+01 2.870598e-01 8.4736e-03 1.0784e-02 -1.8623e-05 0.05774 1.06456e-01 1.59990e-01 2.41609e-01 6.29846e-03
4.895290 8.08029899e-02 4.11595042e-02 1.21962494e-01 7.39190833e-03 1.49193200e+01 1.89300831e+01 3.38494031e-02 5.093810e-01 1.268830e+00 5.341766e+01 7.835262e+01 2.700754e-01 8.2970e-03 1.1255e-02 -2.1853e-05 0.05717 1.06946e-01 1.60639e-01 2.41731e-01 5.97519e-03
4.995194 7.84838725e-02 4.00241943e-02 1.18508067e-01 7.53923371e-03 1.45528653e+01 1.83394157e+01 3.28922810e-02 5.099671e-01 1.260193e+00 5.473919e+01 7.535829e+01 2.519117e-01 8.2242e-03 1.1628e-02 -2.1498e-05 0.05600 1.07638e-01 1.61985e-01 2.43156e-01 5.90681e-03
5.095098 7.62244072e-02 3.89479986e-02 1.15172406e-01 7.69079878e-03 1.42783253e+01 1.76155699e+01 3.18938952e-02 5.109649e-01 1.233728e+00 5.447798e+01 6.485442e+01 2.404708e-01 8.2732e-03 1.1859e-02 -2.3004e-05 0.05402 1.12026e-01 1.67052e-01 2.48834e-01 6.14093e-03
5.195002 7.40350148e-02 3.79373009e-02 1.11972316e-01 7.82666647e-03 1.37798717e+01 1.68443783e+01 3.06242500e-02 5.124238e-01 1.222390e+00 5.260611e+01 5.526526e+01 2.454232e-01 8.1142e-03 1.1797e-02 -2.3271e-05 0.05230 1.10133e-01 1.66376e-01 2.51118e-01 5.82390e-03
5.294905 7.18610700e-02 3.69852271e-02 1.08846297e-01 7.95147573e-03 1.33903520e+01 1.61629857e+01 2.95533377e-02 5.146768e-01 1.207062e+00 4.979327e+01 5.756004e+01 2.590041e-01 7.7669e-03 1.1461e-02 -1.8834e-05 0.05094 1.10626e-01 1.67880e-01 2.57333e-01 5.73460e-03
5.394809 6.98303188e-02 3.60616048e-02 1.05891924e-01 8.09587417e-03 1.30858516e+01 1.55770220e+01 2.86628736e-02 5.164176e-01 1.190371e+00 4.840951e+01 5.776806e+01 2.664012e-01 7.4431e-03 1.1076e-02 -2.5290e-05 0.04942 1.12789e-01 1.70938e-01 2.64851e-01 5.71500e-03
5.494713 6.78247943e-02 3.51826865e-02 1.03007481e-01 8.22147599e-03 1.25444028e+01 1.51199214e+01 2.76643243e-02 5.187290e-01 1.205312e+00 4.554312e+01 5.360320e+01 2.766446e-01 7.2588e-03 1.0926e-02 -2.5547e-05 0.04766 1.06835e-01 1.67190e-01 2.66244e-01 5.43034e-03
5.594617 6.58326948e-02 3.43287013e-02 1.00161396e-01 8.35573153e-03 1.22500136e+01 1.47461389e+01 2.69961525e-02 5.214537e-01 1.203765e+00 4.632272e+01 5.229030e+01 2.902302e-01 7.1826e-03 1.0917e-02 -1.9309e-05 0.04700 1.08326e-01 1.70939e-01 2.74096e-01 5.57418e-03
5.694521 6.40230743e-02 3.34511986e-02 9.74742729e-02 8.49611080e-03 1.18563724e+01 1.43942939e+01 2.62506663e-02 5.224866e-01 1.214055e+00 5.363565e+01 5.039876e+01 3.008255e-01 7.1888e-03 1.0772e-02 -2.4852e-05 0.04694 1.06148e-01 1.71006e-01 2.77635e-01 5.33677e-03
5.794425 6.22453487e-02 3.25663831e-02 9.48117318e-02 8.61562843e-03 1.13725595e+01 1.40522336e+01 2.54247931e-02 5.231938e-01 1.235626e+00 5.713028e+01 4.710024e+01 2.970489e-01 7.1658e-03 1.0477e-02 -2.5451e-05 0.04651 1.00789e-01 1.67952e-01 2.77880e-01 5.05739e-03
5.894329 6.05563787e-02 3.16723289e-02 9.22287075e-02 8.74594958e-03 1.11352546e+01 1.36896047e+01 2.48248592e-02 5.230222e-01 1.229393e+00 5.933382e+01 4.476405e+01 2.869216e-01 7.1127e-03 1.0083e-02 -2.2573e-05 0.04594 1.04187e-01 1.72510e-01 2.83585e-01 5.38940e-03
5.994233 5.89688952e-02 3.07586890e-02 8.97275842e-02 8.86060402e-03 1.06891323e+01 1.32997835e+01 2.39889158e-02 5.216087e-01 1.244234e+00 6.243943e+01 4.189977e+01 2.911821e-01 7.0475e-03 9.6721e-03 -2.4489e-05 0.04549 9.98046e-02 1.69150e-01 2.80602e-01 4.97294e-03
6.094136 5.74689582e-02 2.98402043e-02 8.73091625e-02 8.95036433e-03 1.03047711e+01 1.29322705e+01 2.32370416e-02 5.192404e-01 1.254979e+00 6.358818e+01 4.059009e+01 2.918537e-01 6.9378e-03 9.3011e-03 -2.2668e-05 0.04500 9.74886e-02 1.67025e-01 2.77077e-01 4.84093e-03
6.194040 5.60539396e-02 2.89072997e-02 8.49612394e-02 9.05161603e-03 1.00259401e+01 1.25543154e+01 2.25802555e-02 5.157050e-01 1.252183e+00 6.211450e+01 3.912940e+01 2.798361e-01 7.0455e-03 9.0417e-03 -2.5685e-05 0.04401 9.92207e-02 1.67761e-01 2.74471e-01 4.88183e-03
6.293944 5.47186760e-02 2.79809014e-02 8.26995774e-02 9.11891091e-03 9.60380735e+00 1.21344932e+01 2.17383005e-02 5.113593e-01 1.263509e+00 5.809262e+01 3.648719e+01 2.672898e-01 7.4027e-03 8.8407e-03 -2.5750e-05 0.04290 9.54153e-02 1.63199e-01 2.66647e-01 4.68866e-03
6.393848 5.34084534e-02 2.70735035e-02 8.04819569e-02 9.16911170e-03 9.25999495e+00 1.16649826e+01 2.09249776e-02 5.069142e-01 1.259718e+00 5.237673e+01 3.813051e+01 2.614553e-01 7.3072e-03 8.7224e-03 -2.0564e-05 0.04186 9.48206e-02 1.61500e-01 2.61068e-01 4.55039e-03
6.493752 5.22452754e-02 2.61697190e-02 7.84149944e-02 9.22253036e-03 8.97357182e+00 1.11733187e+01 2.01468905e-02 5.009012e-01 1.245136e+00 4.742551e+01 3.960908e+01 2.517550e-01 6.5408e-03 8.7253e-03 -2.6379e-05 0.04084 9.57915e-02 1.60535e-01 2.55336e-01 4.50247e-03
6.593656 5.10847438e-02 2.53064361e-02 7.63911799e-02 9.23675395e-03 8.58670268e+00 1.07389770e+01 1.93256797e-02 4.953815e-01 1.250652e+00 4.390261e+01 3.761159e+01 2.473204e-01 5.9654e-03 8.7423e-03 -2.6678e-05 0.04153 9.08001e-02 1.53756e-01 2.44776e-01 4.22239e-03
6.693560 4.99403893e-02 2.44856914e-02 7.44260806e-02 9.24837766e-03 8.38624763e+00 1.03434578e+01 1.87297054e-02 4.902984e-01 1.233383e+00 4.192884e+01 3.889392e+01 2.489055e-01 5.8866e-03 8.6849e-03 -2.1487e-05 0.04232 9.33631e-02 1.54000e-01 2.41305e-01 4.42451e-03
6.793464 4.88812208e-02 2.36864753e-02 7.25676961e-02 9.24798846e-03 8.07981111e+00 9.93012090e+00 1.80099320e-02 4.845721e-01 1.229004e+00 4.107952e+01 3.695509e+01 2.601125e-01 5.9096e-03 8.5574e-03 -2.5405e-05 0.04239 8.97939e-02 1.48645e-01 2.33267e-01 4.07276e-03
6.893367 4.78308135e-02 2.29322165e-02 7.07630300e-02 9.21804912e-03 7.80631862e+00 9.51027392e+00 1.73165925e-02 4.794444e-01 1.218279e+00 4.078388e+01 3.630690e+01 2.666782e-01 5.9070e-03 8.3050e-03 -2.5217e-05 0.04250 8.73301e-02 1.44747e-01 2.27379e-01 3.96213e-03
6.993271 4.68003693e-02 2.22201214e-02 6.90204907e-02 9.19251755e-03 7.62580844e+00 9.09559091e+00 1.67213994e-02 4.747852e-01 1.192738e+00 4.100999e+01 3.631826e+01 2.678888e-01 5.8084e-03 8.0176e-03 -2.4220e-05 0.04134 8.96094e-02 1.45457e-01 2.26258e-01 4.04124e-03
7.093175 4.58029771e-02 2.15463752e-02 6.73493523e-02 9.14576492e-03 7.35889050e+00 8.70390023e+00 1.60627907e-02 4.704143e-01 1.182773e+00 4.148883e+01 3.464553e+01 2.729501e-01 5.7495e-03 7.7233e-03 -2.5336e-05 0.04002 8.72099e-02 1.41872e-01 2.21828e-01 3.87991e-03
7.193079 4.48191040e-02 2.09160233e-02 6.57351273e-02 9.07812072e-03 7.10423627e+00 8.33847201e+00 1.54427083e-02 4.666765e-01 1.173732e+00 4.171363e+01 3.294812e+01 2.772118e-01 5.8008e-03 7.4222e-03 -2.2379e-05 0.03949 8.58740e-02 1.39695e-01 2.19771e-01 3.73934e-03
7.292983 4.38846430e-02 2.03130511e-02 6.41976941e-02 9.01766160e-03 6.92072486e+00 7.98780463e+00 1.49085295e-02 4.628738e-01 1.154186e+00 4.120685e+01 3.277442e+01 2.747435e-01 5.8977e-03 7.2115e-03 -2.6247e-05 0.03930 8.90890e-02 1.42248e-01 2.22717e-01 3.79559e-03
7.392887 4.29596761e-02 1.97516551e-02 6.27113312e-02 8.93258864e-03 6.63377524e+00 7.66993570e+00 1.43037109e-02 4.597720e-01 1.156195e+00 4.002466e+01 3.002953e+01 2.750267e-01 5.9645e-03 7.1641e-03 -2.6404e-05 0.03910 8.59718e-02 1.39533e-01 2.21516e-01 3.63241e-03
7.492791 4.20191998e-02 1.92306014e-02 6.12498012e-02 8.84697740e-03 6.43973011e+00 7.37475943e+00 1.38144895e-02 4.576622e-01 1.145197e+00 3.872038e+01 3.064660e+01 2.766921e-01 5.9281e-03 7.4009e-03 -2.1268e-05 0.03926 8.86989e-02 1.42552e-01 2.25669e-01 3.66482e-03
7.592695 4.11688165e-02 1.87268155e-02 5.98956320e-02 8.76465697e-03 6.22231884e+00 7.07873296e+00 1.33010518e-02 4.548786e-01 1.137636e+00 3.821369e+01 2.935453e+01 2.800846e-01 5.8097e-03 7.9389e-03 -2.6262e-05 0.03900 8.92808e-02 1.43011e-01 2.26648e-01 3.51233e-03
7.692598 4.02990094e-02 1.82601099e-02 5.85591193e-02 8.66703031e-03 5.98986570e+00 6.79868220e+00 1.27885479e-02 4.531156e-01 1.135031e+00 3.814290e+01 2.769017e+01 2.856866e-01 5.6506e-03 8.4086e-03 -2.6555e-05 0.03803 8.76918e-02 1.41119e-01 2.24965e-01 3.40990e-03
7.792502 3.94379827e-02 1.78267624e-02 5.72647451e-02 8.57766413e-03 5.83030870e+00 6.53873686e+00 1.23690456e-02 4.520201e-01 1.121508e+00 3.646175e+01 2.879299e+01 2.846718e-01 5.5371e-03 8.4771e-03 -2.2810e-05 0.03738 8.99275e-02 1.42748e-01 2.25769e-01 3.47467e-03
7.892406 3.86234967e-02 1.74118137e-02 5.60353103e-02 8.48849886e-03 5.61938974e+00 6.29022687e+00 1.19096166e-02 4.508088e-01 1.119379e+00 3.110804e+01 2.763734e+01 2.909350e-01 5.5426e-03 8.3009e-03 -2.5657e-05 0.03678 8.71231e-02 1.39554e-01 2.21442e-01 3.27091e-03
7.992310 3.78195617e-02 1.70265343e-02 5.48460960e-02 8.39189565e-03 5.40875711e+00 6.06131301e+00 1.14700701e-02 4.502044e-01 1.120648e+00 2.830608e+01 2.584972e+01 2.953669e-01 5.5599e-03 8.0884e-03 -2.4669e-05 0.03682 8.35510e-02 1.35751e-01 2.16366e-01 3.14130e-03
8.092214 3.70327849e-02 1.66607796e-02 5.36935645e-02 8.30863737e-03 5.27367402e+00 5.85046521e+00 1.11241392e-02 4.498927e-01 1.109372e+00 2.864161e+01 2.773268e+01 2.943283e-01 5.4647e-03 7.9020e-03 -2.5324e-05 0.03684 8.52471e-02 1.36835e-01 2.15560e-01 3.17073e-03
8.192118 3.62707442e-02 1.63133606e-02 5.25841047e-02 8.22046466e-03 5.07501134e+00 5.65924743e+00 1.07342588e-02 4.497664e-01 1.115120e+00 2.736396e+01 2.714117e+01 2.996932e-01 5.2788e-03 7.7060e-03 -2.6118e-05 0.03671 8.06539e-02 1.31941e-01 2.09379e-01 2.96896e-03
8.292022 3.55065885e-02 1.59881784e-02 5.14947669e-02 8.13323188e-03 4.92597806e+00 5.48792005e+00 1.04138981e-02 4.502877e-01 1.114077e+00 2.475505e+01 2.780527e+01 3.076183e-01 5.0553e-03 7.5430e-03 -2.2499e-05 0.03584 7.94178e-02 1.30093e-01 2.06225e-01 2.88841e-03
8.391926 3.48005240e-02 1.56667081e-02 5.04672320e-02 8.05328168e-03 4.80981584e+00 5.32789557e+00 1.01377114e-02 4.501860e-01 1.107713e+00 2.171440e+01 2.791198e+01 3.088047e-01 4.8847e-03 7.3441e-03 -2.6683e-05 0.03418 8.00475e-02 1.29594e-01 2.04159e-01 2.86178e-03
8.491829 3.40882872e-02 1.53622108e-02 4.94504980e-02 7.96577235e-03 4.64886047e+00 5.18484747e+00 9.83370794e-03 4.506595e-01 1.115294e+00 1.969471e+01 2.664891e+01 3.111275e-01 4.8260e-03 7.1593e-03 -2.6962e-05 0.03260 7.57359e-02 1.24307e-01 1.97914e-01 2.69464e-03
8.591733 3.33691042e-02 1.50740334e-02 4.84431376e-02 7.88234224e-03 4.54475576e+00 5.05409475e+00 9.59885051e-03 4.517362e-01 1.112072e+00 2.127380e+01 2.619087e+01 3.185657e-01 4.8178e-03 6.9990e-03 -2.2346e-05 0.03248 7.62768e-02 1.23445e-01 1.95930e-01 2.73521e-03
8.691637 3.27131606e-02 1.47851043e-02 4.74982649e-02 7.80219197e-03 4.42375580e+00 4.92730181e+00 9.35105761e-03 4.519620e-01 1.113828e+00 2.609897e+01 2.431167e+01 3.323200e-01 4.7637e-03 6.7954e-03 -2.6454e-05 0.03225 7.47440e-02 1.20409e-01 1.91811e-01 2.59723e-03
8.791541 3.20487150e-02 1.45112078e-02 4.65599228e-02 7.71430220e-03 4.27868755e+00 4.81248479e+00 9.09117234e-03 4.527859e-01 1.124757e+00 2.986686e+01 2.214416e+01 3.390469e-01 4.6639e-03 6.5902e-03 -2.6423e-05 0.03213 7.05961e-02 1.15007e-01 1.85685e-01 2.46127e-03
8.891445 3.13904915e-02 1.42472165e-02 4.56377080e-02 7.63383319e-03 4.19529215e+00 4.70535619e+00 8.90064834e-03 4.538705e-01 1.121580e+00 3.222279e+01 2.215290e+01 3.390010e-01 4.5751e-03 6.3717e-03 -2.4154e-05 0.03085 7.27159e-02 1.15705e-01 1.85343e-01 2.60837e-03
8.991349 3.07642967e-02 1.39838181e-02 4.47481148e-02 7.55295391e-03 4.05898330e+00 4.59911092e+00 8.65809421e-03 4.545470e-01 1.133070e+00 3.309047e+01 1.978670e+01 3.456262e-01 4.5191e-03 6.1383e-03 -2.6193e-05 0.03047 6.90881e-02 1.11131e-01 1.80204e-01 2.39350e-03
9.091253 3.01469183e-02 1.37337008e-02 4.38806191e-02 7.46848473e-03 3.93314923e+00 4.49630723e+00 8.42945646e-03 4.555590e-01 1.143182e+00 3.270273e+01 1.861843e+01 3.502102e-01 4.4917e-03 5.9615e-03 -2.4373e-05 0.03035 6.64256e-02 1.07687e-01 1.76403e-01 2.30994e-03
9.191157 2.95538100e-02 1.34832680e-02 4.30370780e-02 7.39040353e-03 3.85956153e+00 4.38988006e+00 8.24944159e-03 4.562277e-01 1.137404e+00 3.147014e+01 1.823196e+01 3.488114e-01 4.4671e-03 5.7891e-03 -2.6183e-05 0.02999 6.91583e-02 1.09383e-01 1.77430e-01 2.46005e-03
9.291060 2.89726973e-02 1.32383638e-02 4.22110611e-02 7.30747938e-03 3.72893677e+00 4.28292775e+00 8.01186452e-03 4.569255e-01 1.148565e+00 2.975802e+01 1.697117e+01 3.528834e-01 4.4228e-03 5.6193e-03 -2.6774e-05 0.02990 6.46305e-02 1.04322e-01 1.72395e-01 2.20835e-03
9.390964 2.83904566e-02 1.30046914e-02 4.13951480e-02 7.22510133e-03 3.64137831e+00 4.18057786e+00 7.82195617e-03 4.580656e-01 1.148076e+00 2.779928e+01 1.628717e+01 3.664155e-01 4.3635e-03 5.4610e-03 -2.2873e-05 0.02941 6.44020e-02 1.03382e-01 1.71366e-01 2.24744e-03
9.490868 2.78605034e-02 1.27649270e-02 4.06254305e-02 7.14553001e-03 3.56984672e+00 4.07917287e+00 7.64901959e-03 4.581729e-01 1.142675e+00 2.593139e+01 1.636309e+01 3.798506e-01 4.3191e-03 5.2796e-03 -2.6907e-05 0.02943 6.54523e-02 1.03587e-01 1.71284e-01 2.22547e-03
9.590772 2.73253311e-02 1.25331362e-02 3.98584674e-02 7.06044361e-03 3.45918760e+00 3.98615505e+00 7.44534265e-03 4.586637e-01 1.152339e+00 2.408597e+01 1.573984e+01 3.874432e-01 4.3036e-03 5.1120e-03 -2.7149e-05 0.02985 6.11816e-02 9.88648e-02 1.66811e-01 2.04722e-03
9.690676 2.67886289e-02 1.23084338e-02 3.90970628e-02 6.97933134e-03 3.40325187e+00 3.90033126e+00 7.30358314e-03 4.594649e-01 1.146060e+00 2.234980e+01 1.582505e+01 3.988334e-01 4.2913e-03 4.9723e-03 -2.3352e-05 0.03105 6.36791e-02 1.00668e-01 1.68533e-01 2.20716e-03
9.790580 2.62970806e-02 1.20770055e-02 3.83740860e-02 6.90152931e-03 3.32152635e+00 3.81367439e+00 7.13520075e-03 4.592527e-01 1.148169e+00 2.070915e+01 1.534338e+01 4.110808e-01 4.2553e-03 4.8562e-03 -2.6607e-05 0.03147 6.27258e-02 9.92456e-02 1.67015e-01 2.07434e-03
9.890484 2.58059275e-02 1.18553687e-02 3.76612962e-02 6.81940204e-03 3.22444333e+00 3.73050092e+00 6.95494426e-03 4.594049e-01 1.156944e+00 2.076201e+01 1.491014e+01 4.117587e-01 4.1821e-03 4.7869e-03 -2.6060e-05 0.03172 5.96795e-02 9.60101e-02 1.63734e-01 1.94853e-03
9.990388 2.53227275e-02 1.16363027e-02 3.69590301e-02 6.74460788e-03 3.18543645e+00 3.64813062e+00 6.83356708e-03 4.595201e-01 1.145253e+00 2.216204e+01 1.632261e+01 4.009044e-01 4.1095e-03 4.7618e-03 -2.5156e-05 0.03229 6.46251e-02 1.00473e-01 1.67380e-01 2.19485e-03
9.999917 2.52796100e-02 1.16148825e-02 3.68944924e-02 6.73762294e-03 3.17888034e+00 3.64011221e+00 6.81899255e-03 4.594566e-01 1.145093e+00 2.230783e+01 1.634552e+01 4.007728e-01 4.1040e-03 4.7615e-03 -2.5778e-05 0.03230 6.47201e-02 1.00539e-01 1.67368e-01 2.17600e-03
