# tg_mhd (CUDA FP64)  hydro_noslip_nofield_n128_re125  N=128 L=128 Re=125 Pm=1 u0=0.05 nu_lat=1.617014e-02 eta_lat=1.617014e-02 tau_f=0.548510 tau_m=0.564681 dt=1.236848e-03 fw=profile
# t E_V E_M E_T H_C Omega_V Omega_M eps EM/EV OmM/OmV j_max w_max skew divb/j divb_wall/j mass_drift umax_lat fw1 fw2 fw4 tau_wall
0.000000 1.21093992e-01 0.00000000e+00 1.21093992e-01 0.00000000e+00 1.77720037e+01 0.00000000e+00 2.84352060e-01 0.000000e+00 0.000000e+00 0.000000e+00 6.061484e+01 -1.722194e-18 0.0000e+00 0.0000e+00 +0.0000e+00 0.04997 9.81311e-01 9.83736e-01 9.88560e-01 2.33679e-01
0.049474 1.13451777e-01 0.00000000e+00 1.13451777e-01 0.00000000e+00 5.99199426e+00 0.00000000e+00 9.58719081e-02 0.000000e+00 0.000000e+00 0.000000e+00 2.671212e+01 1.462648e-01 0.0000e+00 0.0000e+00 +7.6307e-06 0.05004 9.44724e-01 9.51909e-01 9.66172e-01 9.98758e-02
0.098948 1.09421721e-01 0.00000000e+00 1.09421721e-01 0.00000000e+00 4.37993229e+00 0.00000000e+00 7.00789166e-02 0.000000e+00 0.000000e+00 0.000000e+00 2.024324e+01 1.415875e-01 0.0000e+00 0.0000e+00 +2.1959e-05 0.04999 9.21789e-01 9.34374e-01 9.53836e-01 7.36030e-02
0.148422 1.06276596e-01 0.00000000e+00 1.06276596e-01 0.00000000e+00 3.61244316e+00 0.00000000e+00 5.77990905e-02 0.000000e+00 0.000000e+00 0.000000e+00 1.653159e+01 5.582949e-02 0.0000e+00 0.0000e+00 +2.6041e-05 0.04894 8.96624e-01 9.20521e-01 9.44073e-01 6.06826e-02
0.197896 1.03743753e-01 0.00000000e+00 1.03743753e-01 0.00000000e+00 3.14502650e+00 0.00000000e+00 5.03204240e-02 0.000000e+00 0.000000e+00 0.000000e+00 1.431527e+01 2.255904e-02 0.0000e+00 0.0000e+00 +1.5582e-05 0.04854 8.69071e-01 9.08731e-01 9.35694e-01 5.24509e-02
0.247370 1.01434925e-01 0.00000000e+00 1.01434925e-01 0.00000000e+00 2.82744548e+00 0.00000000e+00 4.52391277e-02 0.000000e+00 0.000000e+00 0.000000e+00 1.308231e+01 1.171120e-01 0.0000e+00 0.0000e+00 +2.2933e-06 0.04848 8.41169e-01 8.98502e-01 9.28343e-01 4.66143e-02
0.296843 9.92848025e-02 0.00000000e+00 9.92848025e-02 0.00000000e+00 2.58016095e+00 0.00000000e+00 4.12825751e-02 0.000000e+00 0.000000e+00 0.000000e+00 1.175403e+01 2.246060e-01 0.0000e+00 0.0000e+00 +6.3610e-08 0.04807 8.13202e-01 8.88810e-01 9.21355e-01 4.25510e-02
0.346317 9.72859329e-02 0.00000000e+00 9.72859329e-02 0.00000000e+00 2.38875238e+00 0.00000000e+00 3.82200381e-02 0.000000e+00 0.000000e+00 0.000000e+00 1.078965e+01 3.169593e-01 0.0000e+00 0.0000e+00 +1.3257e-05 0.04741 7.86544e-01 8.79870e-01 9.14951e-01 3.94816e-02
0.395791 9.53358587e-02 0.00000000e+00 9.53358587e-02 0.00000000e+00 2.24553737e+00 0.00000000e+00 3.59285979e-02 0.000000e+00 0.000000e+00 0.000000e+00 1.039664e+01 2.855118e-01 0.0000e+00 0.0000e+00 +2.3356e-05 0.04719 7.62474e-01 8.71952e-01 9.09361e-01 3.66537e-02
0.445265 9.36318251e-02 0.00000000e+00 9.36318251e-02 0.00000000e+00 2.12746123e+00 0.00000000e+00 3.40393797e-02 0.000000e+00 0.000000e+00 0.000000e+00 1.007246e+01 2.236777e-01 0.0000e+00 0.0000e+00 +2.0222e-05 0.04692 7.39933e-01 8.64208e-01 9.04007e-01 3.47225e-02
0.494739 9.20725029e-02 0.00000000e+00 9.20725029e-02 0.00000000e+00 2.01941037e+00 0.00000000e+00 3.23105660e-02 0.000000e+00 0.000000e+00 0.000000e+00 9.369863e+00 2.178318e-01 0.0000e+00 0.0000e+00 +7.6655e-06 0.04598 7.17742e-01 8.55891e-01 8.98396e-01 3.32195e-02
0.544213 9.05289200e-02 0.00000000e+00 9.05289200e-02 0.00000000e+00 1.91735369e+00 0.00000000e+00 3.06776591e-02 0.000000e+00 0.000000e+00 0.000000e+00 8.890798e+00 3.215962e-01 0.0000e+00 0.0000e+00 -1.2676e-06 0.04577 6.95764e-01 8.46875e-01 8.92469e-01 3.14196e-02
0.593687 8.90351907e-02 0.00000000e+00 8.90351907e-02 0.00000000e+00 1.83336947e+00 0.00000000e+00 2.93339115e-02 0.000000e+00 0.000000e+00 0.000000e+00 8.558667e+00 4.303028e-01 0.0000e+00 0.0000e+00 +4.1989e-06 0.04571 6.76322e-01 8.38377e-01 8.87077e-01 2.96484e-02
0.643161 8.75325788e-02 0.00000000e+00 8.75325788e-02 0.00000000e+00 1.75779288e+00 0.00000000e+00 2.81246860e-02 0.000000e+00 0.000000e+00 0.000000e+00 8.219836e+00 4.726109e-01 0.0000e+00 0.0000e+00 +1.7235e-05 0.04525 6.57894e-01 8.29785e-01 8.81765e-01 2.85073e-02
0.692635 8.60963622e-02 0.00000000e+00 8.60963622e-02 0.00000000e+00 1.70941474e+00 0.00000000e+00 2.73506358e-02 0.000000e+00 0.000000e+00 0.000000e+00 8.186284e+00 4.033665e-01 0.0000e+00 0.0000e+00 +2.1657e-05 0.04445 6.44235e-01 8.23016e-01 8.77844e-01 2.81986e-02
0.742109 8.48406444e-02 0.00000000e+00 8.48406444e-02 0.00000000e+00 1.66412887e+00 0.00000000e+00 2.66260619e-02 0.000000e+00 0.000000e+00 0.000000e+00 8.140559e+00 3.452413e-01 0.0000e+00 0.0000e+00 +1.3524e-05 0.04411 6.31070e-01 8.15888e-01 8.73778e-01 2.74931e-02
0.791582 8.35901354e-02 0.00000000e+00 8.35901354e-02 0.00000000e+00 1.59984832e+00 0.00000000e+00 2.55975731e-02 0.000000e+00 0.000000e+00 0.000000e+00 7.667376e+00 4.061314e-01 0.0000e+00 0.0000e+00 +2.0281e-06 0.04372 6.13536e-01 8.05946e-01 8.67884e-01 2.60302e-02
0.841056 8.23394894e-02 0.00000000e+00 8.23394894e-02 0.00000000e+00 1.53779498e+00 0.00000000e+00 2.46047197e-02 0.000000e+00 0.000000e+00 0.000000e+00 7.165245e+00 5.264688e-01 0.0000e+00 0.0000e+00 -6.3395e-07 0.04335 5.96181e-01 7.95539e-01 8.61777e-01 2.49358e-02
0.890530 8.11055726e-02 0.00000000e+00 8.11055726e-02 0.00000000e+00 1.50040911e+00 0.00000000e+00 2.40065457e-02 0.000000e+00 0.000000e+00 0.000000e+00 7.201631e+00 5.744242e-01 0.0000e+00 0.0000e+00 +9.0768e-06 0.04311 5.85077e-01 7.87920e-01 8.57637e-01 2.45731e-02
0.940004 7.98610482e-02 0.00000000e+00 7.98610482e-02 0.00000000e+00 1.47015827e+00 0.00000000e+00 2.35225323e-02 0.000000e+00 0.000000e+00 0.000000e+00 7.245130e+00 5.406469e-01 0.0000e+00 0.0000e+00 +1.8587e-05 0.04267 5.75759e-01 7.80975e-01 8.53986e-01 2.42020e-02
0.989478 7.87144763e-02 0.00000000e+00 7.87144763e-02 0.00000000e+00 1.43651359e+00 0.00000000e+00 2.29842175e-02 0.000000e+00 0.000000e+00 0.000000e+00 7.121806e+00 5.053642e-01 0.0000e+00 0.0000e+00 +1.7686e-05 0.04193 5.65182e-01 7.73083e-01 8.49730e-01 2.36988e-02
1.038952 7.76484336e-02 0.00000000e+00 7.76484336e-02 0.00000000e+00 1.40398066e+00 0.00000000e+00 2.24636906e-02 0.000000e+00 0.000000e+00 0.000000e+00 6.970965e+00 4.973591e-01 0.0000e+00 0.0000e+00 +7.4427e-06 0.04147 5.54785e-01 7.64903e-01 8.45304e-01 2.31999e-02
1.088426 7.65565161e-02 0.00000000e+00 7.65565161e-02 0.00000000e+00 1.37018530e+00 0.00000000e+00 2.19229648e-02 0.000000e+00 0.000000e+00 0.000000e+00 6.808557e+00 5.525254e-01 0.0000e+00 0.0000e+00 -1.3177e-06 0.04129 5.43989e-01 7.56176e-01 8.40545e-01 2.26566e-02
1.137900 7.54883910e-02 0.00000000e+00 7.54883910e-02 0.00000000e+00 1.33178714e+00 0.00000000e+00 2.13085942e-02 0.000000e+00 0.000000e+00 0.000000e+00 6.521197e+00 6.315926e-01 0.0000e+00 0.0000e+00 +2.2785e-06 0.04094 5.31577e-01 7.46367e-01 8.35103e-01 2.18176e-02
1.187374 7.43985865e-02 0.00000000e+00 7.43985865e-02 0.00000000e+00 1.29964376e+00 0.00000000e+00 2.07943002e-02 0.000000e+00 0.000000e+00 0.000000e+00 6.361232e+00 6.764311e-01 0.0000e+00 0.0000e+00 +1.3148e-05 0.04056 5.21108e-01 7.37450e-01 8.30257e-01 2.12200e-02
1.236848 7.33229294e-02 0.00000000e+00 7.33229294e-02 0.00000000e+00 1.28688340e+00 0.00000000e+00 2.05901344e-02 0.000000e+00 0.000000e+00 0.000000e+00 6.598104e+00 6.181074e-01 0.0000e+00 0.0000e+00 +1.7881e-05 0.04010 5.17506e-01 7.32211e-01 8.27766e-01 2.14313e-02
1.286321 7.23519113e-02 0.00000000e+00 7.23519113e-02 0.00000000e+00 1.27497622e+00 0.00000000e+00 2.03996195e-02 0.000000e+00 0.000000e+00 0.000000e+00 6.712018e+00 5.652393e-01 0.0000e+00 0.0000e+00 +1.2095e-05 0.03942 5.14068e-01 7.26993e-01 8.25244e-01 2.16282e-02
1.335795 7.13908528e-02 0.00000000e+00 7.13908528e-02 0.00000000e+00 1.24492555e+00 0.00000000e+00 1.99188088e-02 0.000000e+00 0.000000e+00 0.000000e+00 6.419091e+00 5.942124e-01 0.0000e+00 0.0000e+00 +2.2814e-06 0.03894 5.03628e-01 7.17654e-01 8.20067e-01 2.08537e-02
1.385269 7.04143434e-02 0.00000000e+00 7.04143434e-02 0.00000000e+00 1.20974508e+00 0.00000000e+00 1.93559213e-02 0.000000e+00 0.000000e+00 0.000000e+00 6.099497e+00 6.761093e-01 0.0000e+00 0.0000e+00 -1.1629e-06 0.03885 4.91010e-01 7.06835e-01 8.13953e-01 1.98108e-02
1.434743 6.94498759e-02 0.00000000e+00 6.94498759e-02 0.00000000e+00 1.18863423e+00 0.00000000e+00 1.90181477e-02 0.000000e+00 0.000000e+00 0.000000e+00 6.089187e+00 7.140729e-01 0.0000e+00 0.0000e+00 +6.0962e-06 0.03869 4.84186e-01 6.99279e-01 8.09902e-01 1.96076e-02
1.484217 6.84614944e-02 0.00000000e+00 6.84614944e-02 0.00000000e+00 1.17564746e+00 0.00000000e+00 1.88103593e-02 0.000000e+00 0.000000e+00 0.000000e+00 6.167990e+00 6.996762e-01 0.0000e+00 0.0000e+00 +1.4857e-05 0.03809 4.80717e-01 6.93746e-01 8.07095e-01 1.97663e-02
1.533691 6.75308979e-02 0.00000000e+00 6.75308979e-02 0.00000000e+00 1.16609192e+00 0.00000000e+00 1.86574707e-02 0.000000e+00 0.000000e+00 0.000000e+00 6.316095e+00 6.496968e-01 0.0000e+00 0.0000e+00 +1.4992e-05 0.03742 4.78578e-01 6.89025e-01 8.04746e-01 1.98866e-02
1.583165 6.66581556e-02 0.00000000e+00 6.66581556e-02 0.00000000e+00 1.14889421e+00 0.00000000e+00 1.83823073e-02 0.000000e+00 0.000000e+00 0.000000e+00 6.241499e+00 6.295633e-01 0.0000e+00 0.0000e+00 +6.8378e-06 0.03704 4.72974e-01 6.82163e-01 8.00992e-01 1.94567e-02
1.632639 6.57624041e-02 0.00000000e+00 6.57624041e-02 0.00000000e+00 1.12422460e+00 0.00000000e+00 1.79875936e-02 0.000000e+00 0.000000e+00 0.000000e+00 6.032495e+00 6.720606e-01 0.0000e+00 0.0000e+00 -8.9827e-07 0.03677 4.63913e-01 6.73098e-01 7.95822e-01 1.88267e-02
1.682113 6.48784215e-02 0.00000000e+00 6.48784215e-02 0.00000000e+00 1.10206982e+00 0.00000000e+00 1.76331171e-02 0.000000e+00 0.000000e+00 0.000000e+00 5.830630e+00 7.311603e-01 0.0000e+00 0.0000e+00 +8.2627e-07 0.03651 4.55990e-01 6.64667e-01 7.91044e-01 1.84363e-02
1.731587 6.39867436e-02 0.00000000e+00 6.39867436e-02 0.00000000e+00 1.08745796e+00 0.00000000e+00 1.73993274e-02 0.000000e+00 0.000000e+00 0.000000e+00 5.875392e+00 7.412368e-01 0.0000e+00 0.0000e+00 +9.5276e-06 0.03621 4.51746e-01 6.58539e-01 7.87683e-01 1.82905e-02
1.781060 6.30922187e-02 0.00000000e+00 6.30922187e-02 0.00000000e+00 1.07753255e+00 0.00000000e+00 1.72405208e-02 0.000000e+00 0.000000e+00 0.000000e+00 6.024430e+00 7.025436e-01 0.0000e+00 0.0000e+00 +1.4600e-05 0.03572 4.49738e-01 6.53896e-01 7.85176e-01 1.82889e-02
1.830534 6.22632116e-02 0.00000000e+00 6.22632116e-02 0.00000000e+00 1.06844064e+00 0.00000000e+00 1.70950502e-02 0.000000e+00 0.000000e+00 0.000000e+00 6.102810e+00 6.669333e-01 0.0000e+00 0.0000e+00 +1.0763e-05 0.03510 4.48041e-01 6.49503e-01 7.82737e-01 1.83945e-02
1.880008 6.14476490e-02 0.00000000e+00 6.14476490e-02 0.00000000e+00 1.05522125e+00 0.00000000e+00 1.68835401e-02 0.000000e+00 0.000000e+00 0.000000e+00 6.031705e+00 6.622766e-01 0.0000e+00 0.0000e+00 +2.2450e-06 0.03471 4.44233e-01 6.43741e-01 7.79389e-01 1.82081e-02
1.929482 6.06193751e-02 0.00000000e+00 6.06193751e-02 0.00000000e+00 1.03378848e+00 0.00000000e+00 1.65406157e-02 0.000000e+00 0.000000e+00 0.000000e+00 5.809493e+00 7.059648e-01 0.0000e+00 0.0000e+00 -1.6417e-06 0.03455 4.36138e-01 6.35179e-01 7.74280e-01 1.75144e-02
1.978956 5.98029549e-02 0.00000000e+00 5.98029549e-02 0.00000000e+00 1.01293884e+00 0.00000000e+00 1.62070215e-02 0.000000e+00 0.000000e+00 0.000000e+00 5.660551e+00 7.483895e-01 0.0000e+00 0.0000e+00 +3.8661e-06 0.03435 4.28272e-01 6.26767e-01 7.69247e-01 1.69824e-02
2.028430 5.89683218e-02 0.00000000e+00 5.89683218e-02 0.00000000e+00 1.00281272e+00 0.00000000e+00 1.60450035e-02 0.000000e+00 0.000000e+00 0.000000e+00 5.758224e+00 7.368504e-01 0.0000e+00 0.0000e+00 +1.1528e-05 0.03394 4.26343e-01 6.22304e-01 7.66606e-01 1.71017e-02
2.077904 5.81646406e-02 0.00000000e+00 5.81646406e-02 0.00000000e+00 1.00183140e+00 0.00000000e+00 1.60293024e-02 0.000000e+00 0.000000e+00 0.000000e+00 6.021523e+00 6.779701e-01 0.0000e+00 0.0000e+00 +1.2416e-05 0.03336 4.29547e-01 6.21344e-01 7.66040e-01 1.75972e-02
2.127378 5.74062881e-02 0.00000000e+00 5.74062881e-02 0.00000000e+00 9.90428639e-01 0.00000000e+00 1.58468582e-02 0.000000e+00 0.000000e+00 0.000000e+00 5.989596e+00 6.523255e-01 0.0000e+00 0.0000e+00 +6.1176e-06 0.03287 4.26759e-01 6.16476e-01 7.62966e-01 1.72959e-02
2.176852 5.66355124e-02 0.00000000e+00 5.66355124e-02 0.00000000e+00 9.68877584e-01 0.00000000e+00 1.55020413e-02 0.000000e+00 0.000000e+00 0.000000e+00 5.747723e+00 6.809024e-01 0.0000e+00 0.0000e+00 -6.7693e-07 0.03264 4.18036e-01 6.07592e-01 7.57349e-01 1.65572e-02
2.226326 5.58702077e-02 0.00000000e+00 5.58702077e-02 0.00000000e+00 9.52511508e-01 0.00000000e+00 1.52401841e-02 0.000000e+00 0.000000e+00 0.000000e+00 5.608314e+00 7.180612e-01 0.0000e+00 0.0000e+00 -3.3969e-07 0.03249 4.12393e-01 6.00741e-01 7.52969e-01 1.62763e-02
2.275799 5.51063693e-02 0.00000000e+00 5.51063693e-02 0.00000000e+00 9.42979555e-01 0.00000000e+00 1.50876729e-02 0.000000e+00 0.000000e+00 0.000000e+00 5.659780e+00 7.190436e-01 0.0000e+00 0.0000e+00 +6.5790e-06 0.03220 4.10987e-01 5.96844e-01 7.50390e-01 1.63285e-02
2.325273 5.43361784e-02 0.00000000e+00 5.43361784e-02 0.00000000e+00 9.33536601e-01 0.00000000e+00 1.49365856e-02 0.000000e+00 0.000000e+00 0.000000e+00 5.753494e+00 6.905696e-01 0.0000e+00 0.0000e+00 +1.1651e-05 0.03171 4.09570e-01 5.93070e-01 7.47813e-01 1.62634e-02
2.374747 5.36104102e-02 0.00000000e+00 5.36104102e-02 0.00000000e+00 9.25117156e-01 0.00000000e+00 1.48018745e-02 0.000000e+00 0.000000e+00 0.000000e+00 5.840077e+00 6.500575e-01 0.0000e+00 0.0000e+00 +9.2058e-06 0.03121 4.08749e-01 5.89778e-01 7.45427e-01 1.62595e-02
2.424221 5.28985660e-02 0.00000000e+00 5.28985660e-02 0.00000000e+00 9.14810403e-01 0.00000000e+00 1.46369664e-02 0.000000e+00 0.000000e+00 0.000000e+00 5.784944e+00 6.347406e-01 0.0000e+00 0.0000e+00 +2.0534e-06 0.03087 4.06764e-01 5.85686e-01 7.42453e-01 1.61367e-02
2.473695 5.21787615e-02 0.00000000e+00 5.21787615e-02 0.00000000e+00 8.98528931e-01 0.00000000e+00 1.43764629e-02 0.000000e+00 0.000000e+00 0.000000e+00 5.595640e+00 6.632653e-01 0.0000e+00 0.0000e+00 -1.8937e-06 0.03066 4.00927e-01 5.78902e-01 7.37771e-01 1.56805e-02
2.523169 5.14714702e-02 0.00000000e+00 5.14714702e-02 0.00000000e+00 8.81922831e-01 0.00000000e+00 1.41107653e-02 0.000000e+00 0.000000e+00 0.000000e+00 5.461756e+00 6.924082e-01 0.0000e+00 0.0000e+00 +1.9533e-06 0.03048 3.94820e-01 5.71948e-01 7.32972e-01 1.52612e-02
2.572643 5.07546574e-02 0.00000000e+00 5.07546574e-02 0.00000000e+00 8.71912089e-01 0.00000000e+00 1.39505934e-02 0.000000e+00 0.000000e+00 0.000000e+00 5.519036e+00 6.772866e-01 0.0000e+00 0.0000e+00 +8.5337e-06 0.03017 3.93186e-01 5.68214e-01 7.30131e-01 1.52417e-02
2.622117 5.00537614e-02 0.00000000e+00 5.00537614e-02 0.00000000e+00 8.66942844e-01 0.00000000e+00 1.38710855e-02 0.000000e+00 0.000000e+00 0.000000e+00 5.668817e+00 6.307149e-01 0.0000e+00 0.0000e+00 +1.0142e-05 0.02967 3.95008e-01 5.67045e-01 7.28794e-01 1.54800e-02
2.671591 4.93893975e-02 0.00000000e+00 4.93893975e-02 0.00000000e+00 8.58426547e-01 0.00000000e+00 1.37348248e-02 0.000000e+00 0.000000e+00 0.000000e+00 5.678420e+00 6.012684e-01 0.0000e+00 0.0000e+00 +5.3067e-06 0.02921 3.94331e-01 5.64166e-01 7.26289e-01 1.54270e-02
2.721065 4.87198880e-02 0.00000000e+00 4.87198880e-02 0.00000000e+00 8.43241035e-01 0.00000000e+00 1.34918566e-02 0.000000e+00 0.000000e+00 0.000000e+00 5.510511e+00 6.077173e-01 0.0000e+00 0.0000e+00 -7.4709e-07 0.02898 3.88942e-01 5.57890e-01 7.21589e-01 1.49465e-02
2.770538 4.80554382e-02 0.00000000e+00 4.80554382e-02 0.00000000e+00 8.27400404e-01 0.00000000e+00 1.32384065e-02 0.000000e+00 0.000000e+00 0.000000e+00 5.331912e+00 6.347250e-01 0.0000e+00 0.0000e+00 -1.2483e-06 0.02886 3.83023e-01 5.51206e-01 7.16607e-01 1.45315e-02
2.820012 4.73968514e-02 0.00000000e+00 4.73968514e-02 0.00000000e+00 8.15679149e-01 0.00000000e+00 1.30508664e-02 0.000000e+00 0.000000e+00 0.000000e+00 5.299972e+00 6.420116e-01 0.0000e+00 0.0000e+00 +4.2672e-06 0.02862 3.80111e-01 5.46752e-01 7.13015e-01 1.44261e-02
2.869486 4.67340092e-02 0.00000000e+00 4.67340092e-02 0.00000000e+00 8.08442820e-01 0.00000000e+00 1.29350851e-02 0.000000e+00 0.000000e+00 0.000000e+00 5.396397e+00 6.113498e-01 0.0000e+00 0.0000e+00 +8.9626e-06 0.02820 3.80564e-01 5.44851e-01 7.10981e-01 1.45412e-02
2.918960 4.61003216e-02 0.00000000e+00 4.61003216e-02 0.00000000e+00 8.01343188e-01 0.00000000e+00 1.28214910e-02 0.000000e+00 0.000000e+00 0.000000e+00 5.467004e+00 5.675986e-01 0.0000e+00 0.0000e+00 +7.5539e-06 0.02778 3.81090e-01 5.43085e-01 7.08934e-01 1.45599e-02
2.968434 4.54830314e-02 0.00000000e+00 4.54830314e-02 0.00000000e+00 7.88958043e-01 0.00000000e+00 1.26233287e-02 0.000000e+00 0.000000e+00 0.000000e+00 5.365657e+00 5.531143e-01 0.0000e+00 0.0000e+00 +1.7972e-06 0.02747 3.77488e-01 5.38298e-01 7.04873e-01 1.42286e-02
3.017908 4.48608262e-02 0.00000000e+00 4.48608262e-02 0.00000000e+00 7.74712952e-01 0.00000000e+00 1.23954072e-02 0.000000e+00 0.000000e+00 0.000000e+00 5.196896e+00 5.713198e-01 0.0000e+00 0.0000e+00 -2.0656e-06 0.02728 3.72357e-01 5.32362e-01 7.00040e-01 1.38969e-02
3.067382 4.42506996e-02 0.00000000e+00 4.42506996e-02 0.00000000e+00 7.62849041e-01 0.00000000e+00 1.22055847e-02 0.000000e+00 0.000000e+00 0.000000e+00 5.094964e+00 5.879785e-01 0.0000e+00 0.0000e+00 +3.7206e-07 0.02711 3.69117e-01 5.27842e-01 6.96120e-01 1.37334e-02
3.116856 4.36377391e-02 0.00000000e+00 4.36377391e-02 0.00000000e+00 7.52452232e-01 0.00000000e+00 1.20392357e-02 0.000000e+00 0.000000e+00 0.000000e+00 5.095184e+00 5.757827e-01 0.0000e+00 0.0000e+00 +5.9806e-06 0.02685 3.67030e-01 5.24247e-01 6.92770e-01 1.35925e-02
3.166330 4.30342675e-02 0.00000000e+00 4.30342675e-02 0.00000000e+00 7.43651723e-01 0.00000000e+00 1.18984276e-02 0.000000e+00 0.000000e+00 0.000000e+00 5.156112e+00 5.400515e-01 0.0000e+00 0.0000e+00 +8.0752e-06 0.02646 3.66189e-01 5.21669e-01 6.89992e-01 1.35590e-02
3.215804 4.24584994e-02 0.00000000e+00 4.24584994e-02 0.00000000e+00 7.36038225e-01 0.00000000e+00 1.17766116e-02 0.000000e+00 0.000000e+00 0.000000e+00 5.170478e+00 5.066088e-01 0.0000e+00 0.0000e+00 +4.4259e-06 0.02608 3.66322e-01 5.19872e-01 6.87630e-01 1.36056e-02
3.265277 4.18838354e-02 0.00000000e+00 4.18838354e-02 0.00000000e+00 7.24873431e-01 0.00000000e+00 1.15979749e-02 0.000000e+00 0.000000e+00 0.000000e+00 5.049413e+00 5.028990e-01 0.0000e+00 0.0000e+00 -8.9214e-07 0.02585 3.63381e-01 5.15754e-01 6.83711e-01 1.33520e-02
3.314751 4.13129435e-02 0.00000000e+00 4.13129435e-02 0.00000000e+00 7.10292454e-01 0.00000000e+00 1.13646793e-02 0.000000e+00 0.000000e+00 0.000000e+00 4.868393e+00 5.248979e-01 0.0000e+00 0.0000e+00 -1.9168e-06 0.02572 3.57321e-01 5.09266e-01 6.78237e-01 1.29112e-02
3.364225 4.07510852e-02 0.00000000e+00 4.07510852e-02 0.00000000e+00 6.98451448e-01 0.00000000e+00 1.11752232e-02 0.000000e+00 0.000000e+00 0.000000e+00 4.794140e+00 5.317812e-01 0.0000e+00 0.0000e+00 +2.3644e-06 0.02554 3.53589e-01 5.04574e-01 6.73936e-01 1.27307e-02
3.413699 4.01865361e-02 0.00000000e+00 4.01865361e-02 0.00000000e+00 6.91135479e-01 0.00000000e+00 1.10581677e-02 0.000000e+00 0.000000e+00 0.000000e+00 4.855493e+00 5.038874e-01 0.0000e+00 0.0000e+00 +6.6175e-06 0.02523 3.53963e-01 5.03083e-01 6.71701e-01 1.28184e-02
3.463173 3.96423736e-02 0.00000000e+00 3.96423736e-02 0.00000000e+00 6.83963588e-01 0.00000000e+00 1.09434174e-02 0.000000e+00 0.000000e+00 0.000000e+00 4.904535e+00 4.653232e-01 0.0000e+00 0.0000e+00 +6.0444e-06 0.02487 3.54407e-01 5.01722e-01 6.69480e-01 1.28378e-02
3.512647 3.91135706e-02 0.00000000e+00 3.91135706e-02 0.00000000e+00 6.72866332e-01 0.00000000e+00 1.07658613e-02 0.000000e+00 0.000000e+00 0.000000e+00 4.818307e+00 4.481488e-01 0.0000e+00 0.0000e+00 +1.4230e-06 0.02460 3.51051e-01 4.97464e-01 6.65268e-01 1.25513e-02
3.562121 3.85832314e-02 0.00000000e+00 3.85832314e-02 0.00000000e+00 6.60582853e-01 0.00000000e+00 1.05693256e-02 0.000000e+00 0.000000e+00 0.000000e+00 4.665416e+00 4.571852e-01 0.0000e+00 0.0000e+00 -2.2353e-06 0.02443 3.46431e-01 4.92209e-01 6.60363e-01 1.22538e-02
3.611595 3.80630590e-02 0.00000000e+00 3.80630590e-02 0.00000000e+00 6.49870710e-01 0.00000000e+00 1.03979314e-02 0.000000e+00 0.000000e+00 0.000000e+00 4.557702e+00 4.710677e-01 0.0000e+00 0.0000e+00 -7.8957e-07 0.02430 3.43257e-01 4.88076e-01 6.56222e-01 1.21010e-02
3.661069 3.75448256e-02 0.00000000e+00 3.75448256e-02 0.00000000e+00 6.40265304e-01 0.00000000e+00 1.02442449e-02 0.000000e+00 0.000000e+00 0.000000e+00 4.533876e+00 4.634862e-01 0.0000e+00 0.0000e+00 +3.8814e-06 0.02408 3.41087e-01 4.84777e-01 6.52644e-01 1.19843e-02
3.710543 3.70317120e-02 0.00000000e+00 3.70317120e-02 0.00000000e+00 6.31918586e-01 0.00000000e+00 1.01106974e-02 0.000000e+00 0.000000e+00 0.000000e+00 4.573238e+00 4.308992e-01 0.0000e+00 0.0000e+00 +6.1590e-06 0.02377 3.40090e-01 4.82458e-01 6.49672e-01 1.19220e-02
3.760016 3.65402632e-02 0.00000000e+00 3.65402632e-02 0.00000000e+00 6.23936169e-01 0.00000000e+00 9.98297870e-03 0.000000e+00 0.000000e+00 0.000000e+00 4.576271e+00 3.984680e-01 0.0000e+00 0.0000e+00 +3.5467e-06 0.02353 3.39377e-01 4.80398e-01 6.46800e-01 1.18712e-02
3.809490 3.60528281e-02 0.00000000e+00 3.60528281e-02 0.00000000e+00 6.13869724e-01 0.00000000e+00 9.82191558e-03 0.000000e+00 0.000000e+00 0.000000e+00 4.466103e+00 3.928780e-01 0.0000e+00 0.0000e+00 -9.9028e-07 0.02332 3.36364e-01 4.76538e-01 6.42666e-01 1.16655e-02
3.858964 3.55687350e-02 0.00000000e+00 3.55687350e-02 0.00000000e+00 6.02590092e-01 0.00000000e+00 9.64144147e-03 0.000000e+00 0.000000e+00 0.000000e+00 4.318113e+00 4.079232e-01 0.0000e+00 0.0000e+00 -2.4099e-06 0.02315 3.31899e-01 4.71533e-01 6.37762e-01 1.13999e-02
3.908438 3.50934703e-02 0.00000000e+00 3.50934703e-02 0.00000000e+00 5.92546608e-01 0.00000000e+00 9.48074572e-03 0.000000e+00 0.000000e+00 0.000000e+00 4.244459e+00 4.128996e-01 0.0000e+00 0.0000e+00 +8.0297e-07 0.02301 3.28646e-01 4.67499e-01 6.33542e-01 1.12250e-02
3.957912 3.46180989e-02 0.00000000e+00 3.46180989e-02 0.00000000e+00 5.84205239e-01 0.00000000e+00 9.34728383e-03 0.000000e+00 0.000000e+00 0.000000e+00 4.257996e+00 3.920626e-01 0.0000e+00 0.0000e+00 +4.6583e-06 0.02279 3.27170e-01 4.64918e-01 6.30300e-01 1.11482e-02
4.007386 3.41563282e-02 0.00000000e+00 3.41563282e-02 0.00000000e+00 5.76965346e-01 0.00000000e+00 9.23144553e-03 0.000000e+00 0.000000e+00 0.000000e+00 4.287952e+00 3.588124e-01 0.0000e+00 0.0000e+00 +4.6987e-06 0.02253 3.26836e-01 4.63300e-01 6.27668e-01 1.11534e-02
4.056860 3.37085085e-02 0.00000000e+00 3.37085085e-02 0.00000000e+00 5.68629698e-01 0.00000000e+00 9.09807517e-03 0.000000e+00 0.000000e+00 0.000000e+00 4.239586e+00 3.381982e-01 0.0000e+00 0.0000e+00 +9.8730e-07 0.02233 3.25122e-01 4.60606e-01 6.24243e-01 1.10269e-02
4.106334 3.32607434e-02 0.00000000e+00 3.32607434e-02 0.00000000e+00 5.58288251e-01 0.00000000e+00 8.93261201e-03 0.000000e+00 0.000000e+00 0.000000e+00 4.107801e+00 3.422106e-01 0.0000e+00 0.0000e+00 -2.3680e-06 0.02218 3.20878e-01 4.55886e-01 6.19394e-01 1.07408e-02
4.155808 3.28214514e-02 0.00000000e+00 3.28214514e-02 0.00000000e+00 5.48228321e-01 0.00000000e+00 8.77165314e-03 0.000000e+00 0.000000e+00 0.000000e+00 3.986637e+00 3.553755e-01 0.0000e+00 0.0000e+00 -1.6190e-06 0.02211 3.16781e-01 4.51281e-01 6.14646e-01 1.05379e-02
4.205282 3.23860992e-02 0.00000000e+00 3.23860992e-02 0.00000000e+00 5.40034440e-01 0.00000000e+00 8.64055104e-03 0.000000e+00 0.000000e+00 0.000000e+00 3.960317e+00 3.496620e-01 0.0000e+00 0.0000e+00 +2.1808e-06 0.02198 3.14842e-01 4.48435e-01 6.11149e-01 1.04658e-02
4.254755 3.19540750e-02 0.00000000e+00 3.19540750e-02 0.00000000e+00 5.33007911e-01 0.00000000e+00 8.52812657e-03 0.000000e+00 0.000000e+00 0.000000e+00 3.994523e+00 3.210224e-01 0.0000e+00 0.0000e+00 +4.4688e-06 0.02179 3.14245e-01 4.46717e-01 6.08422e-01 1.04305e-02
4.304229 3.15379715e-02 0.00000000e+00 3.15379715e-02 0.00000000e+00 5.25288356e-01 0.00000000e+00 8.40461370e-03 0.000000e+00 0.000000e+00 0.000000e+00 3.984013e+00 2.923590e-01 0.0000e+00 0.0000e+00 +2.7143e-06 0.02161 3.12605e-01 4.44198e-01 6.05075e-01 1.03105e-02
4.353703 3.11276137e-02 0.00000000e+00 3.11276137e-02 0.00000000e+00 5.16461559e-01 0.00000000e+00 8.26338494e-03 0.000000e+00 0.000000e+00 0.000000e+00 3.891152e+00 2.842393e-01 0.0000e+00 0.0000e+00 -1.0939e-06 0.02149 3.09353e-01 4.40377e-01 6.00771e-01 1.01181e-02
4.403177 3.07198221e-02 0.00000000e+00 3.07198221e-02 0.00000000e+00 5.07753817e-01 0.00000000e+00 8.12406107e-03 0.000000e+00 0.000000e+00 0.000000e+00 3.775554e+00 2.937444e-01 0.0000e+00 0.0000e+00 -2.7390e-06 0.02141 3.06099e-01 4.36541e-01 5.96472e-01 9.96324e-03
4.452651 3.03200991e-02 0.00000000e+00 3.03200991e-02 0.00000000e+00 4.99449384e-01 0.00000000e+00 7.99119015e-03 0.000000e+00 0.000000e+00 0.000000e+00 3.699344e+00 2.991937e-01 0.0000e+00 0.0000e+00 -3.9971e-07 0.02131 3.03224e-01 4.33026e-01 5.92439e-01 9.82018e-03
4.502125 2.99214194e-02 0.00000000e+00 2.99214194e-02 0.00000000e+00 4.91658773e-01 0.00000000e+00 7.86654036e-03 0.000000e+00 0.000000e+00 0.000000e+00 3.690860e+00 2.837905e-01 0.0000e+00 0.0000e+00 +3.0117e-06 0.02117 3.00866e-01 4.29971e-01 5.88734e-01 9.68763e-03
4.551599 2.95320483e-02 0.00000000e+00 2.95320483e-02 0.00000000e+00 4.84974917e-01 0.00000000e+00 7.75959867e-03 0.000000e+00 0.000000e+00 0.000000e+00 3.715161e+00 2.541368e-01 0.0000e+00 0.0000e+00 +3.4871e-06 0.02100 2.99904e-01 4.28088e-01 5.85835e-01 9.64842e-03
4.601073 2.91544915e-02 0.00000000e+00 2.91544915e-02 0.00000000e+00 4.78160452e-01 0.00000000e+00 7.65056724e-03 0.000000e+00 0.000000e+00 0.000000e+00 3.682190e+00 2.334019e-01 0.0000e+00 0.0000e+00 +5.7804e-07 0.02086 2.98614e-01 4.25952e-01 5.82717e-01 9.57933e-03
4.650547 2.87782168e-02 0.00000000e+00 2.87782168e-02 0.00000000e+00 4.69868939e-01 0.00000000e+00 7.51790303e-03 0.000000e+00 0.000000e+00 0.000000e+00 3.570379e+00 2.348327e-01 0.0000e+00 0.0000e+00 -2.4494e-06 0.02077 2.94989e-01 4.21902e-01 5.78209e-01 9.36568e-03
4.700021 2.84081955e-02 0.00000000e+00 2.84081955e-02 0.00000000e+00 4.61571047e-01 0.00000000e+00 7.38513675e-03 0.000000e+00 0.000000e+00 0.000000e+00 3.464854e+00 2.452406e-01 0.0000e+00 0.0000e+00 -2.2330e-06 0.02068 2.91138e-01 4.17665e-01 5.73591e-01 9.18119e-03
4.749494 2.80429924e-02 0.00000000e+00 2.80429924e-02 0.00000000e+00 4.54508969e-01 0.00000000e+00 7.27214350e-03 0.000000e+00 0.000000e+00 0.000000e+00 3.430797e+00 2.413239e-01 0.0000e+00 0.0000e+00 +8.2462e-07 0.02057 2.88983e-01 4.14833e-01 5.70025e-01 9.09249e-03
4.798968 2.76801714e-02 0.00000000e+00 2.76801714e-02 0.00000000e+00 4.48227544e-01 0.00000000e+00 7.17164070e-03 0.000000e+00 0.000000e+00 0.000000e+00 3.446395e+00 2.185110e-01 0.0000e+00 0.0000e+00 +3.0466e-06 0.02042 2.87870e-01 4.12894e-01 5.67106e-01 9.04195e-03
4.848442 2.73289537e-02 0.00000000e+00 2.73289537e-02 0.00000000e+00 4.41819508e-01 0.00000000e+00 7.06911213e-03 0.000000e+00 0.000000e+00 0.000000e+00 3.443022e+00 1.929071e-01 0.0000e+00 0.0000e+00 +1.9337e-06 0.02028 2.86380e-01 4.10676e-01 5.63948e-01 8.95787e-03
4.897916 2.69835928e-02 0.00000000e+00 2.69835928e-02 0.00000000e+00 4.34695513e-01 0.00000000e+00 6.95512821e-03 0.000000e+00 0.000000e+00 0.000000e+00 3.376119e+00 1.825104e-01 0.0000e+00 0.0000e+00 -1.2283e-06 0.02017 2.83554e-01 4.07354e-01 5.59951e-01 8.79438e-03
4.947390 2.66404551e-02 0.00000000e+00 2.66404551e-02 0.00000000e+00 4.27420654e-01 0.00000000e+00 6.83873047e-03 0.000000e+00 0.000000e+00 0.000000e+00 3.271125e+00 1.890793e-01 0.0000e+00 0.0000e+00 -2.9291e-06 0.02008 2.80285e-01 4.03650e-01 5.55687e-01 8.64585e-03
4.996864 2.63040992e-02 0.00000000e+00 2.63040992e-02 0.00000000e+00 4.20591064e-01 0.00000000e+00 6.72945702e-03 0.000000e+00 0.000000e+00 0.000000e+00 3.197560e+00 1.950875e-01 0.0000e+00 0.0000e+00 -1.2923e-06 0.01998 2.77567e-01 4.00409e-01 5.51805e-01 8.53788e-03
5.046338 2.59695176e-02 0.00000000e+00 2.59695176e-02 0.00000000e+00 4.14300145e-01 0.00000000e+00 6.62880232e-03 0.000000e+00 0.000000e+00 0.000000e+00 3.189522e+00 1.831605e-01 0.0000e+00 0.0000e+00 +1.6349e-06 0.01986 2.75573e-01 3.97797e-01 5.48408e-01 8.43833e-03
5.095812 2.56410717e-02 0.00000000e+00 2.56410717e-02 0.00000000e+00 4.08458982e-01 0.00000000e+00 6.53534371e-03 0.000000e+00 0.000000e+00 0.000000e+00 3.204211e+00 1.577940e-01 0.0000e+00 0.0000e+00 +2.4048e-06 0.01973 2.74168e-01 3.95702e-01 5.45377e-01 8.36423e-03
5.145286 2.53223967e-02 0.00000000e+00 2.53223967e-02 0.00000000e+00 4.02489491e-01 0.00000000e+00 6.43983186e-03 0.000000e+00 0.000000e+00 0.000000e+00 3.175119e+00 1.388870e-01 0.0000e+00 0.0000e+00 +2.0127e-07 0.01961 2.72350e-01 3.93274e-01 5.42066e-01 8.27744e-03
5.194760 2.50057394e-02 0.00000000e+00 2.50057394e-02 0.00000000e+00 3.96045394e-01 0.00000000e+00 6.33672630e-03 0.000000e+00 0.000000e+00 0.000000e+00 3.091193e+00 1.377878e-01 0.0000e+00 0.0000e+00 -2.4935e-06 0.01951 2.69495e-01 3.89972e-01 5.38100e-01 8.14176e-03
5.244233 2.46935228e-02 0.00000000e+00 2.46935228e-02 0.00000000e+00 3.89623902e-01 0.00000000e+00 6.23398243e-03 0.000000e+00 0.000000e+00 0.000000e+00 3.002975e+00 1.456895e-01 0.0000e+00 0.0000e+00 -2.6764e-06 0.01941 2.66487e-01 3.86536e-01 5.34064e-01 8.01203e-03
5.293707 2.43859901e-02 0.00000000e+00 2.43859901e-02 0.00000000e+00 3.83579935e-01 0.00000000e+00 6.13727897e-03 0.000000e+00 0.000000e+00 0.000000e+00 2.960086e+00 1.443003e-01 0.0000e+00 0.0000e+00 -2.4692e-07 0.01930 2.63977e-01 3.83530e-01 5.30385e-01 7.90136e-03
5.343181 2.40804691e-02 0.00000000e+00 2.40804691e-02 0.00000000e+00 3.78061064e-01 0.00000000e+00 6.04897703e-03 0.000000e+00 0.000000e+00 0.000000e+00 2.967063e+00 1.264860e-01 0.0000e+00 0.0000e+00 +1.8507e-06 0.01919 2.62263e-01 3.81217e-01 5.27231e-01 7.82383e-03
5.392655 2.37832987e-02 0.00000000e+00 2.37832987e-02 0.00000000e+00 3.72931267e-01 0.00000000e+00 5.96690027e-03 0.000000e+00 0.000000e+00 0.000000e+00 2.972205e+00 1.036591e-01 0.0000e+00 0.0000e+00 +1.2206e-06 0.01908 2.61124e-01 3.79404e-01 5.24441e-01 7.78104e-03
5.442129 2.34915711e-02 0.00000000e+00 2.34915711e-02 0.00000000e+00 3.67303497e-01 0.00000000e+00 5.87685596e-03 0.000000e+00 0.000000e+00 0.000000e+00 2.919717e+00 9.286781e-02 0.0000e+00 0.0000e+00 -1.3737e-06 0.01897 2.58822e-01 3.76614e-01 5.20891e-01 7.66114e-03
5.491603 2.32017267e-02 0.00000000e+00 2.32017267e-02 0.00000000e+00 3.61285076e-01 0.00000000e+00 5.78056122e-03 0.000000e+00 0.000000e+00 0.000000e+00 2.829888e+00 9.756473e-02 0.0000e+00 0.0000e+00 -3.0393e-06 0.01887 2.55529e-01 3.72980e-01 5.16708e-01 7.51140e-03
5.541077 2.29173314e-02 0.00000000e+00 2.29173314e-02 0.00000000e+00 3.55732805e-01 0.00000000e+00 5.69172488e-03 0.000000e+00 0.000000e+00 0.000000e+00 2.766651e+00 1.031166e-01 0.0000e+00 0.0000e+00 -1.9521e-06 0.01877 2.52990e-01 3.69979e-01 5.13049e-01 7.42235e-03
5.590551 2.26351231e-02 0.00000000e+00 2.26351231e-02 0.00000000e+00 3.50672761e-01 0.00000000e+00 5.61076418e-03 0.000000e+00 0.000000e+00 0.000000e+00 2.754141e+00 9.445033e-02 0.0000e+00 0.0000e+00 +5.1265e-07 0.01866 2.51291e-01 3.67705e-01 5.09973e-01 7.35222e-03
5.640025 2.23569921e-02 0.00000000e+00 2.23569921e-02 0.00000000e+00 3.45765217e-01 0.00000000e+00 5.53224348e-03 0.000000e+00 0.000000e+00 0.000000e+00 2.762628e+00 7.399887e-02 0.0000e+00 0.0000e+00 +1.4519e-06 0.01855 2.49718e-01 3.65564e-01 5.06993e-01 7.27571e-03
5.689499 2.20865944e-02 0.00000000e+00 2.20865944e-02 0.00000000e+00 3.40770764e-01 0.00000000e+00 5.45233222e-03 0.000000e+00 0.000000e+00 0.000000e+00 2.743191e+00 5.691017e-02 0.0000e+00 0.0000e+00 -1.6971e-07 0.01844 2.47759e-01 3.63105e-01 5.03747e-01 7.18443e-03
5.738972 2.18185881e-02 0.00000000e+00 2.18185881e-02 0.00000000e+00 3.35643455e-01 0.00000000e+00 5.37029529e-03 0.000000e+00 0.000000e+00 0.000000e+00 2.679137e+00 5.396119e-02 0.0000e+00 0.0000e+00 -2.5197e-06 0.01834 2.45326e-01 3.60230e-01 5.00181e-01 7.08284e-03
5.788446 2.15538255e-02 0.00000000e+00 2.15538255e-02 0.00000000e+00 3.30556350e-01 0.00000000e+00 5.28890159e-03 0.000000e+00 0.000000e+00 0.000000e+00 2.605170e+00 6.047661e-02 0.0000e+00 0.0000e+00 -2.9724e-06 0.01825 2.42801e-01 3.57270e-01 4.96579e-01 6.98912e-03
5.837920 2.12932003e-02 0.00000000e+00 2.12932003e-02 0.00000000e+00 3.25628663e-01 0.00000000e+00 5.21005861e-03 0.000000e+00 0.000000e+00 0.000000e+00 2.564209e+00 6.100395e-02 0.0000e+00 0.0000e+00 -1.0919e-06 0.01815 2.40443e-01 3.54464e-01 4.93132e-01 6.89224e-03
5.887394 2.10343197e-02 0.00000000e+00 2.10343197e-02 0.00000000e+00 3.21021281e-01 0.00000000e+00 5.13634050e-03 0.000000e+00 0.000000e+00 0.000000e+00 2.565106e+00 4.716581e-02 0.0000e+00 0.0000e+00 +8.3294e-07 0.01805 2.38623e-01 3.52137e-01 4.90067e-01 6.81088e-03
5.936868 2.07814463e-02 0.00000000e+00 2.07814463e-02 0.00000000e+00 3.16720029e-01 0.00000000e+00 5.06752046e-03 0.000000e+00 0.000000e+00 0.000000e+00 2.569141e+00 2.773243e-02 0.0000e+00 0.0000e+00 +5.7995e-07 0.01795 2.37339e-01 3.50278e-01 4.87359e-01 6.76476e-03
5.986342 2.05334862e-02 0.00000000e+00 2.05334862e-02 0.00000000e+00 3.12216798e-01 0.00000000e+00 4.99546877e-03 0.000000e+00 0.000000e+00 0.000000e+00 2.532262e+00 1.753380e-02 0.0000e+00 0.0000e+00 -1.5185e-06 0.01785 2.35394e-01 3.47855e-01 4.84201e-01 6.68133e-03
6.035816 2.02871222e-02 0.00000000e+00 2.02871222e-02 0.00000000e+00 3.07463640e-01 0.00000000e+00 4.91941823e-03 0.000000e+00 0.000000e+00 0.000000e+00 2.463814e+00 2.041836e-02 0.0000e+00 0.0000e+00 -3.1085e-06 0.01776 2.32655e-01 3.44744e-01 4.80517e-01 6.56474e-03
6.085290 2.00449651e-02 0.00000000e+00 2.00449651e-02 0.00000000e+00 3.02945260e-01 0.00000000e+00 4.84712416e-03 0.000000e+00 0.000000e+00 0.000000e+00 2.407160e+00 2.555014e-02 0.0000e+00 0.0000e+00 -2.4429e-06 0.01766 2.30311e-01 3.41968e-01 4.77132e-01 6.48341e-03
6.134764 1.98051735e-02 0.00000000e+00 1.98051735e-02 0.00000000e+00 2.98711897e-01 0.00000000e+00 4.77939035e-03 0.000000e+00 0.000000e+00 0.000000e+00 2.390654e+00 2.010920e-02 0.0000e+00 0.0000e+00 -3.8947e-07 0.01756 2.28500e-01 3.39664e-01 4.74143e-01 6.41216e-03
6.184238 1.95682429e-02 0.00000000e+00 1.95682429e-02 0.00000000e+00 2.94685354e-01 0.00000000e+00 4.71496566e-03 0.000000e+00 0.000000e+00 0.000000e+00 2.398010e+00 3.823078e-03 0.0000e+00 0.0000e+00 +6.2214e-07 0.01746 2.27032e-01 3.37674e-01 4.71407e-01 6.35277e-03
6.233711 1.93372298e-02 0.00000000e+00 1.93372298e-02 0.00000000e+00 2.90671934e-01 0.00000000e+00 4.65075095e-03 0.000000e+00 0.000000e+00 0.000000e+00 2.386373e+00 -1.139287e-02 0.0000e+00 0.0000e+00 -5.3837e-07 0.01736 2.25417e-01 3.35564e-01 4.68566e-01 6.28548e-03
6.283185 1.91087219e-02 0.00000000e+00 1.91087219e-02 0.00000000e+00 2.86472087e-01 0.00000000e+00 4.58355339e-03 0.000000e+00 0.000000e+00 0.000000e+00 2.335510e+00 -1.498708e-02 0.0000e+00 0.0000e+00 -2.5464e-06 0.01727 2.23129e-01 3.32866e-01 4.65259e-01 6.18846e-03
6.332659 1.88826617e-02 0.00000000e+00 1.88826617e-02 0.00000000e+00 2.82321429e-01 0.00000000e+00 4.51714286e-03 0.000000e+00 0.000000e+00 0.000000e+00 2.276604e+00 -9.552105e-03 0.0000e+00 0.0000e+00 -3.1623e-06 0.01718 2.20799e-01 3.30124e-01 4.61943e-01 6.10817e-03
6.382133 1.86601482e-02 0.00000000e+00 1.86601482e-02 0.00000000e+00 2.78387947e-01 0.00000000e+00 4.45420715e-03 0.000000e+00 0.000000e+00 0.000000e+00 2.242294e+00 -8.015295e-03 0.0000e+00 0.0000e+00 -1.7509e-06 0.01709 2.18894e-01 3.27754e-01 4.58959e-01 6.04253e-03
6.431607 1.84391873e-02 0.00000000e+00 1.84391873e-02 0.00000000e+00 2.74606520e-01 0.00000000e+00 4.39370432e-03 0.000000e+00 0.000000e+00 0.000000e+00 2.238126e+00 -1.825092e-02 0.0000e+00 0.0000e+00 -3.0722e-08 0.01700 2.17228e-01 3.25611e-01 4.56170e-01 5.97067e-03
6.481081 1.82225561e-02 0.00000000e+00 1.82225561e-02 0.00000000e+00 2.70946730e-01 0.00000000e+00 4.33514768e-03 0.000000e+00 0.000000e+00 0.000000e+00 2.240251e+00 -3.410574e-02 0.0000e+00 0.0000e+00 -1.0951e-09 0.01691 2.15719e-01 3.23617e-01 4.53496e-01 5.91067e-03
6.530555 1.80102062e-02 0.00000000e+00 1.80102062e-02 0.00000000e+00 2.67279445e-01 0.00000000e+00 4.27647112e-03 0.000000e+00 0.000000e+00 0.000000e+00 2.215468e+00 -4.360820e-02 0.0000e+00 0.0000e+00 -1.6672e-06 0.01682 2.14019e-01 3.21454e-01 4.50683e-01 5.84809e-03
6.580029 1.77993532e-02 0.00000000e+00 1.77993532e-02 0.00000000e+00 2.63526602e-01 0.00000000e+00 4.21642563e-03 0.000000e+00 0.000000e+00 0.000000e+00 2.162801e+00 -4.214685e-02 0.0000e+00 0.0000e+00 -3.1495e-06 0.01673 2.11908e-01 3.18925e-01 4.47590e-01 5.76837e-03
6.629503 1.75916710e-02 0.00000000e+00 1.75916710e-02 0.00000000e+00 2.59831359e-01 0.00000000e+00 4.15730174e-03 0.000000e+00 0.000000e+00 0.000000e+00 2.114713e+00 -3.717420e-02 0.0000e+00 0.0000e+00 -2.8071e-06 0.01664 2.09803e-01 3.16400e-01 4.44531e-01 5.69429e-03
6.678977 1.73863178e-02 0.00000000e+00 1.73863178e-02 0.00000000e+00 2.56289042e-01 0.00000000e+00 4.10062467e-03 0.000000e+00 0.000000e+00 0.000000e+00 2.095965e+00 -4.009683e-02 0.0000e+00 0.0000e+00 -1.1199e-06 0.01655 2.07982e-01 3.14137e-01 4.41707e-01 5.62474e-03
6.728450 1.71830937e-02 0.00000000e+00 1.71830937e-02 0.00000000e+00 2.52955512e-01 0.00000000e+00 4.04728820e-03 0.000000e+00 0.000000e+00 0.000000e+00 2.099919e+00 -5.292394e-02 0.0000e+00 0.0000e+00 -9.6778e-08 0.01647 2.06626e-01 3.12292e-01 4.39229e-01 5.57466e-03
6.777924 1.69844084e-02 0.00000000e+00 1.69844084e-02 0.00000000e+00 2.49687222e-01 0.00000000e+00 3.99499555e-03 0.000000e+00 0.000000e+00 0.000000e+00 2.094165e+00 -6.603418e-02 0.0000e+00 0.0000e+00 -8.9201e-07 0.01639 2.05308e-01 3.10486e-01 4.36779e-01 5.52726e-03
6.827398 1.67881302e-02 0.00000000e+00 1.67881302e-02 0.00000000e+00 2.46252998e-01 0.00000000e+00 3.94004796e-03 0.000000e+00 0.000000e+00 0.000000e+00 2.056922e+00 -6.979253e-02 0.0000e+00 0.0000e+00 -2.5858e-06 0.01630 2.03301e-01 3.08075e-01 4.33840e-01 5.44402e-03
6.876872 1.65937652e-02 0.00000000e+00 1.65937652e-02 0.00000000e+00 2.42844776e-01 0.00000000e+00 3.88551641e-03 0.000000e+00 0.000000e+00 0.000000e+00 2.008124e+00 -6.539859e-02 0.0000e+00 0.0000e+00 -3.2885e-06 0.01621 2.01218e-01 3.05590e-01 4.30862e-01 5.37286e-03
6.926346 1.64023781e-02 0.00000000e+00 1.64023781e-02 0.00000000e+00 2.39621683e-01 0.00000000e+00 3.83394693e-03 0.000000e+00 0.000000e+00 0.000000e+00 1.977931e+00 -6.313779e-02 0.0000e+00 0.0000e+00 -2.2581e-06 0.01613 1.99584e-01 3.03501e-01 4.28237e-01 5.32141e-03
6.975820 1.62124799e-02 0.00000000e+00 1.62124799e-02 0.00000000e+00 2.36492527e-01 0.00000000e+00 3.78388043e-03 0.000000e+00 0.000000e+00 0.000000e+00 1.972429e+00 -7.030336e-02 0.0000e+00 0.0000e+00 -7.5472e-07 0.01604 1.98097e-01 3.01558e-01 4.25748e-01 5.26173e-03
7.025294 1.60256925e-02 0.00000000e+00 1.60256925e-02 0.00000000e+00 2.33439768e-01 0.00000000e+00 3.73503629e-03 0.000000e+00 0.000000e+00 0.000000e+00 1.973083e+00 -8.313904e-02 0.0000e+00 0.0000e+00 -5.3288e-07 0.01596 1.96694e-01 2.99703e-01 4.23330e-01 5.20773e-03
7.074768 1.58425379e-02 0.00000000e+00 1.58425379e-02 0.00000000e+00 2.30402700e-01 0.00000000e+00 3.68644321e-03 0.000000e+00 0.000000e+00 0.000000e+00 1.955378e+00 -9.175704e-02 0.0000e+00 0.0000e+00 -1.8268e-06 0.01588 1.95185e-01 2.97751e-01 4.20832e-01 5.15226e-03
7.124242 1.56608499e-02 0.00000000e+00 1.56608499e-02 0.00000000e+00 2.27326781e-01 0.00000000e+00 3.63722849e-03 0.000000e+00 0.000000e+00 0.000000e+00 1.915329e+00 -9.112161e-02 0.0000e+00 0.0000e+00 -3.1719e-06 0.01580 1.93393e-01 2.95542e-01 4.18134e-01 5.08816e-03
7.173716 1.54815964e-02 0.00000000e+00 1.54815964e-02 0.00000000e+00 2.24300389e-01 0.00000000e+00 3.58880623e-03 0.000000e+00 0.000000e+00 0.000000e+00 1.874640e+00 -8.651711e-02 0.0000e+00 0.0000e+00 -3.0741e-06 0.01572 1.91629e-01 2.93358e-01 4.15483e-01 5.03081e-03
7.223189 1.53044772e-02 0.00000000e+00 1.53044772e-02 0.00000000e+00 2.21370382e-01 0.00000000e+00 3.54192611e-03 0.000000e+00 0.000000e+00 0.000000e+00 1.856161e+00 -8.772376e-02 0.0000e+00 0.0000e+00 -1.7153e-06 0.01564 1.90053e-01 2.91352e-01 4.13001e-01 4.97301e-03
7.272663 1.51290484e-02 0.00000000e+00 1.51290484e-02 0.00000000e+00 2.18552764e-01 0.00000000e+00 3.49684422e-03 0.000000e+00 0.000000e+00 0.000000e+00 1.856935e+00 -9.746852e-02 0.0000e+00 0.0000e+00 -7.2012e-07 0.01557 1.88721e-01 2.89575e-01 4.10715e-01 4.92116e-03
7.322137 1.49571132e-02 0.00000000e+00 1.49571132e-02 0.00000000e+00 2.15813792e-01 0.00000000e+00 3.45302067e-03 0.000000e+00 0.000000e+00 0.000000e+00 1.853895e+00 -1.084966e-01 0.0000e+00 0.0000e+00 -1.2253e-06 0.01550 1.87521e-01 2.87920e-01 4.08530e-01 4.88136e-03
7.371611 1.47874365e-02 0.00000000e+00 1.47874365e-02 0.00000000e+00 2.13014990e-01 0.00000000e+00 3.40823983e-03 0.000000e+00 0.000000e+00 0.000000e+00 1.826730e+00 -1.124173e-01 0.0000e+00 0.0000e+00 -2.6389e-06 0.01542 1.85952e-01 2.85935e-01 4.06075e-01 4.82246e-03
7.421085 1.46192894e-02 0.00000000e+00 1.46192894e-02 0.00000000e+00 2.10201943e-01 0.00000000e+00 3.36323109e-03 0.000000e+00 0.000000e+00 0.000000e+00 1.787409e+00 -1.089513e-01 0.0000e+00 0.0000e+00 -3.3767e-06 0.01534 1.84186e-01 2.83770e-01 4.03489e-01 4.76015e-03
7.470559 1.44536137e-02 0.00000000e+00 1.44536137e-02 0.00000000e+00 2.07489130e-01 0.00000000e+00 3.31982608e-03 0.000000e+00 0.000000e+00 0.000000e+00 1.759306e+00 -1.060662e-01 0.0000e+00 0.0000e+00 -2.6485e-06 0.01526 1.82662e-01 2.81824e-01 4.01108e-01 4.71144e-03
7.520033 1.42893873e-02 0.00000000e+00 1.42893873e-02 0.00000000e+00 2.04867895e-01 0.00000000e+00 3.27788632e-03 0.000000e+00 0.000000e+00 0.000000e+00 1.752580e+00 -1.108667e-01 0.0000e+00 0.0000e+00 -1.3573e-06 0.01519 1.81345e-01 2.80076e-01 3.98906e-01 4.66232e-03
7.569507 1.41274626e-02 0.00000000e+00 1.41274626e-02 0.00000000e+00 2.02329003e-01 0.00000000e+00 3.23726405e-03 0.000000e+00 0.000000e+00 0.000000e+00 1.753998e+00 -1.213174e-01 0.0000e+00 0.0000e+00 -1.0151e-06 0.01512 1.80200e-01 2.78492e-01 3.96844e-01 4.62082e-03
7.618981 1.39685366e-02 0.00000000e+00 1.39685366e-02 0.00000000e+00 1.99784230e-01 0.00000000e+00 3.19654768e-03 0.000000e+00 0.000000e+00 0.000000e+00 1.740988e+00 -1.289494e-01 0.0000e+00 0.0000e+00 -1.9976e-06 0.01505 1.78881e-01 2.76755e-01 3.94655e-01 4.57130e-03
7.668455 1.38110534e-02 0.00000000e+00 1.38110534e-02 0.00000000e+00 1.97204615e-01 0.00000000e+00 3.15527384e-03 0.000000e+00 0.000000e+00 0.000000e+00 1.708888e+00 -1.288048e-01 0.0000e+00 0.0000e+00 -3.1901e-06 0.01498 1.77281e-01 2.74761e-01 3.92260e-01 4.51385e-03
7.717928 1.36554854e-02 0.00000000e+00 1.36554854e-02 0.00000000e+00 1.94693041e-01 0.00000000e+00 3.11508866e-03 0.000000e+00 0.000000e+00 0.000000e+00 1.675944e+00 -1.247389e-01 0.0000e+00 0.0000e+00 -3.2677e-06 0.01490 1.75830e-01 2.72898e-01 3.89995e-01 4.46971e-03
7.767402 1.35018322e-02 0.00000000e+00 1.35018322e-02 0.00000000e+00 1.92251594e-01 0.00000000e+00 3.07602551e-03 0.000000e+00 0.000000e+00 0.000000e+00 1.658773e+00 -1.248033e-01 0.0000e+00 0.0000e+00 -2.1968e-06 0.01483 1.74535e-01 2.71185e-01 3.87875e-01 4.42407e-03
7.816876 1.33495781e-02 0.00000000e+00 1.33495781e-02 0.00000000e+00 1.89857417e-01 0.00000000e+00 3.03771867e-03 0.000000e+00 0.000000e+00 0.000000e+00 1.656876e+00 -1.320099e-01 0.0000e+00 0.0000e+00 -1.2616e-06 0.01476 1.73290e-01 2.69532e-01 3.85813e-01 4.37489e-03
7.866350 1.32000304e-02 0.00000000e+00 1.32000304e-02 0.00000000e+00 1.87529811e-01 0.00000000e+00 3.00047697e-03 0.000000e+00 0.000000e+00 0.000000e+00 1.654439e+00 -1.412109e-01 0.0000e+00 0.0000e+00 -1.5410e-06 0.01470 1.72182e-01 2.68007e-01 3.83859e-01 4.33715e-03
7.915824 1.30525528e-02 0.00000000e+00 1.30525528e-02 0.00000000e+00 1.85201940e-01 0.00000000e+00 2.96323105e-03 0.000000e+00 0.000000e+00 0.000000e+00 1.635117e+00 -1.451792e-01 0.0000e+00 0.0000e+00 -2.7031e-06 0.01463 1.70939e-01 2.66355e-01 3.81802e-01 4.29345e-03
7.965298 1.29063717e-02 0.00000000e+00 1.29063717e-02 0.00000000e+00 1.82855864e-01 0.00000000e+00 2.92569382e-03 0.000000e+00 0.000000e+00 0.000000e+00 1.602158e+00 -1.425277e-01 0.0000e+00 0.0000e+00 -3.4393e-06 0.01456 1.69485e-01 2.64514e-01 3.79599e-01 4.24274e-03
8.014772 1.27622109e-02 0.00000000e+00 1.27622109e-02 0.00000000e+00 1.80562216e-01 0.00000000e+00 2.88899546e-03 0.000000e+00 0.000000e+00 0.000000e+00 1.575462e+00 -1.393759e-01 0.0000e+00 0.0000e+00 -2.9520e-06 0.01449 1.68136e-01 2.62770e-01 3.77497e-01 4.19906e-03
8.064246 1.26194406e-02 0.00000000e+00 1.26194406e-02 0.00000000e+00 1.78338594e-01 0.00000000e+00 2.85341750e-03 0.000000e+00 0.000000e+00 0.000000e+00 1.567561e+00 -1.423951e-01 0.0000e+00 0.0000e+00 -1.8590e-06 0.01442 1.66966e-01 2.61200e-01 3.75555e-01 4.15566e-03
8.113720 1.24784423e-02 0.00000000e+00 1.24784423e-02 0.00000000e+00 1.76184771e-01 0.00000000e+00 2.81895633e-03 0.000000e+00 0.000000e+00 0.000000e+00 1.569185e+00 -1.508013e-01 0.0000e+00 0.0000e+00 -1.4460e-06 0.01436 1.65976e-01 2.59801e-01 3.73761e-01 4.12027e-03
8.163194 1.23399057e-02 0.00000000e+00 1.23399057e-02 0.00000000e+00 1.74040687e-01 0.00000000e+00 2.78465099e-03 0.000000e+00 0.000000e+00 0.000000e+00 1.560067e+00 -1.575978e-01 0.0000e+00 0.0000e+00 -2.1746e-06 0.01430 1.64893e-01 2.58322e-01 3.71900e-01 4.08160e-03
8.212667 1.22027462e-02 0.00000000e+00 1.22027462e-02 0.00000000e+00 1.71867142e-01 0.00000000e+00 2.74987427e-03 0.000000e+00 0.000000e+00 0.000000e+00 1.533873e+00 -1.579486e-01 0.0000e+00 0.0000e+00 -3.2142e-06 0.01424 1.63538e-01 2.56595e-01 3.69836e-01 4.03168e-03
8.262141 1.20671323e-02 0.00000000e+00 1.20671323e-02 0.00000000e+00 1.69739052e-01 0.00000000e+00 2.71582483e-03 0.000000e+00 0.000000e+00 0.000000e+00 1.506367e+00 -1.543575e-01 0.0000e+00 0.0000e+00 -3.4087e-06 0.01417 1.62279e-01 2.54952e-01 3.67858e-01 3.99223e-03
8.311615 1.19332187e-02 0.00000000e+00 1.19332187e-02 0.00000000e+00 1.67669981e-01 0.00000000e+00 2.68271970e-03 0.000000e+00 0.000000e+00 0.000000e+00 1.490567e+00 -1.535982e-01 0.0000e+00 0.0000e+00 -2.5822e-06 0.01410 1.61182e-01 2.53462e-01 3.66028e-01 3.95527e-03
8.361089 1.18005209e-02 0.00000000e+00 1.18005209e-02 0.00000000e+00 1.65637627e-01 0.00000000e+00 2.65020203e-03 0.000000e+00 0.000000e+00 0.000000e+00 1.487463e+00 -1.589822e-01 0.0000e+00 0.0000e+00 -1.7301e-06 0.01404 1.60127e-01 2.52027e-01 3.64250e-01 3.91432e-03
8.410563 1.16699222e-02 0.00000000e+00 1.16699222e-02 0.00000000e+00 1.63649125e-01 0.00000000e+00 2.61838600e-03 0.000000e+00 0.000000e+00 0.000000e+00 1.485215e+00 -1.667188e-01 0.0000e+00 0.0000e+00 -1.8402e-06 0.01399 1.59153e-01 2.50669e-01 3.62540e-01 3.87920e-03
8.460037 1.15411840e-02 0.00000000e+00 1.15411840e-02 0.00000000e+00 1.61666304e-01 0.00000000e+00 2.58666086e-03 0.000000e+00 0.000000e+00 0.000000e+00 1.470260e+00 -1.705009e-01 0.0000e+00 0.0000e+00 -2.7777e-06 0.01393 1.58076e-01 2.49217e-01 3.60752e-01 3.84107e-03
8.509511 1.14136024e-02 0.00000000e+00 1.14136024e-02 0.00000000e+00 1.59683988e-01 0.00000000e+00 2.55494380e-03 0.000000e+00 0.000000e+00 0.000000e+00 1.444583e+00 -1.685698e-01 0.0000e+00 0.0000e+00 -3.4846e-06 0.01387 1.56881e-01 2.47656e-01 3.58880e-01 3.80054e-03
8.558985 1.12876728e-02 0.00000000e+00 1.12876728e-02 0.00000000e+00 1.57741904e-01 0.00000000e+00 2.52387046e-03 0.000000e+00 0.000000e+00 0.000000e+00 1.422226e+00 -1.655649e-01 0.0000e+00 0.0000e+00 -3.1881e-06 0.01380 1.55776e-01 2.46179e-01 3.57098e-01 3.76478e-03
8.608459 1.11630389e-02 0.00000000e+00 1.11630389e-02 0.00000000e+00 1.55838365e-01 0.00000000e+00 2.49341384e-03 0.000000e+00 0.000000e+00 0.000000e+00 1.412906e+00 -1.672594e-01 0.0000e+00 0.0000e+00 -2.2773e-06 0.01374 1.54745e-01 2.44782e-01 3.55393e-01 3.72596e-03
8.657933 1.10398276e-02 0.00000000e+00 1.10398276e-02 0.00000000e+00 1.53981754e-01 0.00000000e+00 2.46370806e-03 0.000000e+00 0.000000e+00 0.000000e+00 1.412412e+00 -1.738864e-01 0.0000e+00 0.0000e+00 -1.8292e-06 0.01369 1.53828e-01 2.43498e-01 3.53789e-01 3.69210e-03
8.707406 1.09186378e-02 0.00000000e+00 1.09186378e-02 0.00000000e+00 1.52156688e-01 0.00000000e+00 2.43450700e-03 0.000000e+00 0.000000e+00 0.000000e+00 1.406346e+00 -1.800180e-01 0.0000e+00 0.0000e+00 -2.3522e-06 0.01364 1.52952e-01 2.42254e-01 3.52219e-01 3.66217e-03
8.756880 1.07987394e-02 0.00000000e+00 1.07987394e-02 0.00000000e+00 1.50316105e-01 0.00000000e+00 2.40505768e-03 0.000000e+00 0.000000e+00 0.000000e+00 1.386514e+00 -1.808882e-01 0.0000e+00 0.0000e+00 -3.2463e-06 0.01358 1.51868e-01 2.40818e-01 3.50491e-01 3.62205e-03
8.806354 1.06801152e-02 0.00000000e+00 1.06801152e-02 0.00000000e+00 1.48492648e-01 0.00000000e+00 2.37588237e-03 0.000000e+00 0.000000e+00 0.000000e+00 1.361850e+00 -1.777537e-01 0.0000e+00 0.0000e+00 -3.5141e-06 0.01351 1.50760e-01 2.39361e-01 3.48757e-01 3.58528e-03
8.855828 1.05629829e-02 0.00000000e+00 1.05629829e-02 0.00000000e+00 1.46716712e-01 0.00000000e+00 2.34746739e-03 0.000000e+00 0.000000e+00 0.000000e+00 1.346516e+00 -1.764366e-01 0.0000e+00 0.0000e+00 -2.8901e-06 0.01345 1.49801e-01 2.38046e-01 3.47157e-01 3.55315e-03
8.905302 1.04469436e-02 0.00000000e+00 1.04469436e-02 0.00000000e+00 1.44978193e-01 0.00000000e+00 2.31965108e-03 0.000000e+00 0.000000e+00 0.000000e+00 1.343182e+00 -1.804751e-01 0.0000e+00 0.0000e+00 -2.1315e-06 0.01340 1.48927e-01 2.36820e-01 3.45642e-01 3.51953e-03
8.954776 1.03325550e-02 0.00000000e+00 1.03325550e-02 0.00000000e+00 1.43270942e-01 0.00000000e+00 2.29233508e-03 0.000000e+00 0.000000e+00 0.000000e+00 1.341330e+00 -1.870548e-01 0.0000e+00 0.0000e+00 -2.1206e-06 0.01335 1.48102e-01 2.35646e-01 3.44172e-01 3.48935e-03
9.004250 1.02198027e-02 0.00000000e+00 1.02198027e-02 0.00000000e+00 1.41566257e-01 0.00000000e+00 2.26506011e-03 0.000000e+00 0.000000e+00 0.000000e+00 1.329314e+00 -1.906523e-01 0.0000e+00 0.0000e+00 -2.8632e-06 0.01329 1.47165e-01 2.34370e-01 3.42616e-01 3.45500e-03
9.053724 1.01081065e-02 0.00000000e+00 1.01081065e-02 0.00000000e+00 1.39869437e-01 0.00000000e+00 2.23791100e-03 0.000000e+00 0.000000e+00 0.000000e+00 1.307928e+00 -1.893238e-01 0.0000e+00 0.0000e+00 -3.5206e-06 0.01324 1.46158e-01 2.33027e-01 3.41010e-01 3.42019e-03
9.103198 9.99777767e-03 0.00000000e+00 9.99777767e-03 0.00000000e+00 1.38208649e-01 0.00000000e+00 2.21133838e-03 0.000000e+00 0.000000e+00 0.000000e+00 1.288282e+00 -1.865757e-01 0.0000e+00 0.0000e+00 -3.3703e-06 0.01317 1.45255e-01 2.31782e-01 3.39500e-01 3.39112e-03
9.152672 9.88863603e-03 0.00000000e+00 9.88863603e-03 0.00000000e+00 1.36572277e-01 0.00000000e+00 2.18515644e-03 0.000000e+00 0.000000e+00 0.000000e+00 1.278684e+00 -1.873964e-01 0.0000e+00 0.0000e+00 -2.6250e-06 0.01312 1.44378e-01 2.30572e-01 3.38031e-01 3.35807e-03
9.202145 9.78066990e-03 0.00000000e+00 9.78066990e-03 0.00000000e+00 1.34965162e-01 0.00000000e+00 2.15944260e-03 0.000000e+00 0.000000e+00 0.000000e+00 1.277110e+00 -1.926421e-01 0.0000e+00 0.0000e+00 -2.1700e-06 0.01307 1.43551e-01 2.29418e-01 3.36614e-01 3.32621e-03
9.251619 9.67436573e-03 0.00000000e+00 9.67436573e-03 0.00000000e+00 1.33390401e-01 0.00000000e+00 2.13424641e-03 0.000000e+00 0.000000e+00 0.000000e+00 1.272550e+00 -1.981088e-01 0.0000e+00 0.0000e+00 -2.5272e-06 0.01302 1.42800e-01 2.28336e-01 3.35258e-01 3.30008e-03
9.301093 9.56926215e-03 0.00000000e+00 9.56926215e-03 0.00000000e+00 1.31814969e-01 0.00000000e+00 2.10903950e-03 0.000000e+00 0.000000e+00 0.000000e+00 1.256955e+00 -1.993843e-01 0.0000e+00 0.0000e+00 -3.2849e-06 0.01296 1.41927e-01 2.27140e-01 3.33809e-01 3.26820e-03
9.350567 9.46523343e-03 0.00000000e+00 9.46523343e-03 0.00000000e+00 1.30248583e-01 0.00000000e+00 2.08397732e-03 0.000000e+00 0.000000e+00 0.000000e+00 1.235845e+00 -1.968389e-01 0.0000e+00 0.0000e+00 -3.5949e-06 0.01290 1.40998e-01 2.25893e-01 3.32325e-01 3.23609e-03
9.400041 9.36249446e-03 0.00000000e+00 9.36249446e-03 0.00000000e+00 1.28715133e-01 0.00000000e+00 2.05944212e-03 0.000000e+00 0.000000e+00 0.000000e+00 1.221074e+00 -1.952229e-01 0.0000e+00 0.0000e+00 -3.1371e-06 0.01285 1.40167e-01 2.24743e-01 3.30935e-01 3.20752e-03
9.449515 9.26075391e-03 0.00000000e+00 9.26075391e-03 0.00000000e+00 1.27210497e-01 0.00000000e+00 2.03536796e-03 0.000000e+00 0.000000e+00 0.000000e+00 1.216760e+00 -1.981206e-01 0.0000e+00 0.0000e+00 -2.4734e-06 0.01279 1.39403e-01 2.23664e-01 3.29613e-01 3.17780e-03
9.498989 9.16034144e-03 0.00000000e+00 9.16034144e-03 0.00000000e+00 1.25734531e-01 0.00000000e+00 2.01175250e-03 0.000000e+00 0.000000e+00 0.000000e+00 1.215354e+00 -2.037599e-01 0.0000e+00 0.0000e+00 -2.3791e-06 0.01274 1.38703e-01 2.22651e-01 3.28350e-01 3.15211e-03
9.548463 9.06134539e-03 0.00000000e+00 9.06134539e-03 0.00000000e+00 1.24266427e-01 0.00000000e+00 1.98826284e-03 0.000000e+00 0.000000e+00 0.000000e+00 1.206126e+00 -2.073027e-01 0.0000e+00 0.0000e+00 -2.9572e-06 0.01269 1.37933e-01 2.21575e-01 3.27034e-01 3.12354e-03
9.597937 8.96331790e-03 0.00000000e+00 8.96331790e-03 0.00000000e+00 1.22801623e-01 0.00000000e+00 1.96482598e-03 0.000000e+00 0.000000e+00 0.000000e+00 1.188050e+00 -2.064702e-01 0.0000e+00 0.0000e+00 -3.5534e-06 0.01264 1.37072e-01 2.20413e-01 3.25649e-01 3.09221e-03
9.647411 8.86643752e-03 0.00000000e+00 8.86643752e-03 0.00000000e+00 1.21364898e-01 0.00000000e+00 1.94183836e-03 0.000000e+00 0.000000e+00 0.000000e+00 1.170940e+00 -2.039454e-01 0.0000e+00 0.0000e+00 -3.5105e-06 0.01258 1.36294e-01 2.19329e-01 3.24341e-01 3.06647e-03
9.696884 8.77063321e-03 0.00000000e+00 8.77063321e-03 0.00000000e+00 1.19952299e-01 0.00000000e+00 1.91923678e-03 0.000000e+00 0.000000e+00 0.000000e+00 1.161887e+00 -2.042143e-01 0.0000e+00 0.0000e+00 -2.9120e-06 0.01253 1.35569e-01 2.18303e-01 3.23092e-01 3.03928e-03
9.746358 8.67582483e-03 0.00000000e+00 8.67582483e-03 0.00000000e+00 1.18560001e-01 0.00000000e+00 1.89696002e-03 0.000000e+00 0.000000e+00 0.000000e+00 1.159542e+00 -2.084388e-01 0.0000e+00 0.0000e+00 -2.4715e-06 0.01248 1.34862e-01 2.17305e-01 3.21871e-01 3.01135e-03
9.795832 8.58238505e-03 0.00000000e+00 8.58238505e-03 0.00000000e+00 1.17189975e-01 0.00000000e+00 1.87503959e-03 0.000000e+00 0.000000e+00 0.000000e+00 1.155491e+00 -2.132715e-01 0.0000e+00 0.0000e+00 -2.6977e-06 0.01243 1.34191e-01 2.16342e-01 3.20682e-01 2.98680e-03
9.845306 8.49004650e-03 0.00000000e+00 8.49004650e-03 0.00000000e+00 1.15827202e-01 0.00000000e+00 1.85323523e-03 0.000000e+00 0.000000e+00 0.000000e+00 1.143228e+00 -2.148003e-01 0.0000e+00 0.0000e+00 -3.3295e-06 0.01238 1.33456e-01 2.15319e-01 3.19442e-01 2.95975e-03
9.894780 8.39863783e-03 0.00000000e+00 8.39863783e-03 0.00000000e+00 1.14476700e-01 0.00000000e+00 1.83162721e-03 0.000000e+00 0.000000e+00 0.000000e+00 1.126017e+00 -2.128563e-01 0.0000e+00 0.0000e+00 -3.6579e-06 0.01232 1.32702e-01 2.14278e-01 3.18194e-01 2.93311e-03
9.944254 8.30833577e-03 0.00000000e+00 8.30833577e-03 0.00000000e+00 1.13148380e-01 0.00000000e+00 1.81037408e-03 0.000000e+00 0.000000e+00 0.000000e+00 1.112606e+00 -2.111651e-01 0.0000e+00 0.0000e+00 -3.3353e-06 0.01227 1.32001e-01 2.13292e-01 3.17003e-01 2.90816e-03
9.993728 8.21894445e-03 0.00000000e+00 8.21894445e-03 0.00000000e+00 1.11838337e-01 0.00000000e+00 1.78941339e-03 0.000000e+00 0.000000e+00 0.000000e+00 1.107306e+00 -2.131477e-01 0.0000e+00 0.0000e+00 -2.7640e-06 0.01222 1.31318e-01 2.12331e-01 3.15841e-01 2.88103e-03
9.999912 8.20783818e-03 0.00000000e+00 8.20783818e-03 0.00000000e+00 1.11676255e-01 0.00000000e+00 1.78682008e-03 0.000000e+00 0.000000e+00 0.000000e+00 1.107076e+00 -2.136626e-01 0.0000e+00 0.0000e+00 -2.7116e-06 0.01221 1.31236e-01 2.12216e-01 3.15700e-01 2.87782e-03
