# tg_mhd (Kokkos FP64)  tgc_noslip_cond_n129_re300  N=129 L=129 Re=300 Pm=1 u0=0.05 nu_lat=6.790611e-03 eta_lat=6.790611e-03 tau_f=0.520372 tau_m=0.527162 dt=1.227185e-03 fw=profile
# t E_V E_M E_T H_C Omega_V Omega_M eps EM/EV OmM/OmV j_max w_max skew divb/j divb_wall/j mass_drift umax_lat fw1 fw2 fw4 tau_wall
0.000000 1.21124268e-01 1.25000000e-01 2.46124268e-01 2.66499253e-21 1.79114565e+01 1.49879560e+00 1.29401681e-01 1.031998e+00 8.367804e-02 3.462711e+00 6.109709e+01 4.898656e-18 1.8529e-15 2.8130e-15 +0.0000e+00 0.04997 9.10587e-01 9.17810e-01 9.32568e-01 9.81511e-02
0.099402 1.14139130e-01 1.23681464e-01 2.37820593e-01 -5.63245450e-05 6.45990623e+00 1.50959134e+00 5.31299838e-02 1.083603e+00 2.336863e-01 3.666033e+00 3.048870e+01 1.207628e-01 1.3198e-03 4.2986e-03 -4.3590e-06 0.05117 7.68389e-01 8.00028e-01 8.35999e-01 4.46416e-02
0.198804 1.10597403e-01 1.22555304e-01 2.33152707e-01 -1.42868221e-04 4.78845695e+00 1.55422954e+00 4.22845766e-02 1.108121e+00 3.245784e-01 3.999483e+00 2.346646e+01 3.544505e-02 1.8671e-03 5.8348e-03 -2.7676e-05 0.05048 6.82548e-01 7.44336e-01 7.90410e-01 3.38001e-02
0.298206 1.07782923e-01 1.21740107e-01 2.29523030e-01 -2.57391109e-04 4.03535884e+00 1.62484157e+00 3.77346694e-02 1.129493e+00 4.026511e-01 4.386893e+00 2.028722e+01 2.101689e-01 2.1825e-03 6.8454e-03 -1.8276e-05 0.05049 6.13453e-01 7.03043e-01 7.57429e-01 2.85319e-02
0.397608 1.05019589e-01 1.20744971e-01 2.25764560e-01 -3.82352979e-04 3.61690398e+00 1.71323009e+00 3.55342271e-02 1.149738e+00 4.736731e-01 4.758186e+00 1.954295e+01 2.100029e-01 2.3968e-03 7.6087e-03 +9.2039e-06 0.04993 5.57729e-01 6.68329e-01 7.31331e-01 2.52756e-02
0.497010 1.02752486e-01 1.19523823e-01 2.22276309e-01 -5.05593326e-04 3.33294064e+00 1.81510381e+00 3.43202964e-02 1.163221e+00 5.445953e-01 5.024062e+00 1.825371e+01 1.947098e-01 2.5400e-03 8.2048e-03 -3.3878e-05 0.04891 5.08225e-01 6.33930e-01 7.06408e-01 2.32325e-02
0.596412 1.00505032e-01 1.18378297e-01 2.18883329e-01 -6.40652423e-04 3.15509117e+00 1.93627814e+00 3.39424621e-02 1.177835e+00 6.136996e-01 5.380333e+00 1.746811e+01 3.077169e-01 2.6487e-03 8.6737e-03 -3.5830e-05 0.04913 4.66528e-01 6.01552e-01 6.84229e-01 2.16930e-02
0.695814 9.82521126e-02 1.17242772e-01 2.15494885e-01 -7.48998112e-04 3.05963316e+00 2.07733197e+00 3.42464342e-02 1.193285e+00 6.789480e-01 5.681903e+00 1.705569e+01 2.983859e-01 2.7500e-03 9.0941e-03 +1.5723e-07 0.04846 4.31860e-01 5.71900e-01 6.64960e-01 2.08916e-02
0.795216 9.64261197e-02 1.15719834e-01 2.12145954e-01 -8.40131055e-04 2.95834319e+00 2.22549109e+00 3.45588952e-02 1.200088e+00 7.522762e-01 5.832916e+00 1.711233e+01 3.359819e-01 2.8471e-03 9.4731e-03 -3.0011e-05 0.04811 3.94855e-01 5.38157e-01 6.42377e-01 1.95822e-02
0.894618 9.45713610e-02 1.13945577e-01 2.08516938e-01 -9.10554877e-04 2.91848330e+00 2.38929111e+00 3.53851628e-02 1.204863e+00 8.186756e-01 5.995108e+00 1.729143e+01 3.997150e-01 2.9566e-03 9.8035e-03 -3.7745e-05 0.04819 3.64062e-01 5.07499e-01 6.22286e-01 1.89607e-02
0.994020 9.29757913e-02 1.11988285e-01 2.04964076e-01 -9.41145069e-04 2.92956810e+00 2.56629597e+00 3.66390938e-02 1.204489e+00 8.759981e-01 6.070517e+00 1.712255e+01 3.728546e-01 3.1038e-03 1.0135e-02 -2.1945e-05 0.04755 3.38378e-01 4.79852e-01 6.04258e-01 1.87818e-02
1.093422 9.16589306e-02 1.09639572e-01 2.01298503e-01 -9.20426601e-04 2.92738908e+00 2.74972179e+00 3.78474058e-02 1.196169e+00 9.393086e-01 6.116102e+00 1.755227e+01 4.028959e-01 3.3038e-03 1.0462e-02 -3.2001e-05 0.04721 3.10632e-01 4.49333e-01 5.83186e-01 1.80591e-02
1.192823 9.04512176e-02 1.06922448e-01 1.97373665e-01 -8.72269679e-04 2.91607555e+00 2.94453261e+00 3.90707211e-02 1.182101e+00 1.009759e+00 6.928973e+00 1.748788e+01 4.410948e-01 3.5790e-03 1.0758e-02 -2.7531e-05 0.04648 2.81871e-01 4.17388e-01 5.60457e-01 1.71666e-02
1.292225 8.94714187e-02 1.03867259e-01 1.93338677e-01 -7.48100818e-04 2.97543497e+00 3.14319605e+00 4.07908735e-02 1.160899e+00 1.056382e+00 7.847720e+00 1.742934e+01 3.769525e-01 3.9645e-03 1.1054e-02 -4.0460e-05 0.04516 2.61944e-01 3.92095e-01 5.41757e-01 1.70479e-02
1.391627 8.86637438e-02 1.00540280e-01 1.89204024e-01 -6.08096769e-04 3.00297286e+00 3.34998854e+00 4.23530760e-02 1.133950e+00 1.115557e+00 8.876646e+00 1.821973e+01 3.894454e-01 4.5075e-03 1.1291e-02 -4.0614e-05 0.04479 2.39285e-01 3.64295e-01 5.20545e-01 1.64689e-02
1.491029 8.78218058e-02 9.69981355e-02 1.84819941e-01 -3.95724478e-04 3.01609144e+00 3.56484451e+00 4.38729063e-02 1.104488e+00 1.181942e+00 9.969392e+00 1.742640e+01 4.117857e-01 5.2333e-03 1.1469e-02 -2.0930e-05 0.04279 2.16703e-01 3.36788e-01 4.99318e-01 1.58105e-02
1.590431 8.71420599e-02 9.31489124e-02 1.80290972e-01 -1.38715831e-04 3.03686311e+00 3.76712573e+00 4.53599256e-02 1.068932e+00 1.240466e+00 1.111495e+01 1.706782e+01 4.043310e-01 6.1073e-03 1.1576e-02 -4.7380e-05 0.04219 1.97537e-01 3.11999e-01 4.79303e-01 1.52638e-02
1.689833 8.63964535e-02 8.92154177e-02 1.75611871e-01 1.40096621e-04 3.05024945e+00 3.96414310e+00 4.67626170e-02 1.032628e+00 1.299613e+00 1.213358e+01 1.723209e+01 3.908501e-01 7.0990e-03 1.1592e-02 -4.8799e-05 0.04296 1.80769e-01 2.89884e-01 4.61817e-01 1.48745e-02
1.789235 8.55350644e-02 8.52268243e-02 1.70761889e-01 4.59684727e-04 3.04274028e+00 4.13952149e+00 4.78817451e-02 9.963963e-01 1.360458e+00 1.313836e+01 1.632023e+01 3.751344e-01 8.1802e-03 1.1553e-02 -2.6301e-05 0.04436 1.65322e-01 2.69938e-01 4.47278e-01 1.43327e-02
1.888637 8.47439116e-02 8.11182169e-02 1.65862128e-01 8.56289533e-04 3.01061867e+00 4.25491452e+00 4.84368879e-02 9.572159e-01 1.413302e+00 1.389320e+01 1.513883e+01 3.598256e-01 9.3130e-03 1.1435e-02 -4.8311e-05 0.04506 1.50838e-01 2.51446e-01 4.34558e-01 1.37022e-02
1.988039 8.38097269e-02 7.70406013e-02 1.60850328e-01 1.21185497e-03 2.97272666e+00 4.30276856e+00 4.85033015e-02 9.192322e-01 1.447415e+00 1.445109e+01 1.483707e+01 3.304197e-01 1.0428e-02 1.1255e-02 -4.9492e-05 0.04551 1.39134e-01 2.36844e-01 4.27360e-01 1.29851e-02
2.087441 8.28168766e-02 7.30449331e-02 1.55861810e-01 1.66583329e-03 2.94888019e+00 4.26786630e+00 4.81116433e-02 8.820054e-01 1.447284e+00 1.479352e+01 1.325192e+01 2.871580e-01 1.1328e-02 1.1069e-02 -3.9472e-05 0.04560 1.31575e-01 2.27369e-01 4.26344e-01 1.27744e-02
2.186843 8.18321203e-02 6.91440070e-02 1.50976127e-01 2.10811732e-03 2.90328137e+00 4.15027545e+00 4.70237122e-02 8.449495e-01 1.429512e+00 1.478086e+01 1.269663e+01 2.951714e-01 1.1749e-02 1.0838e-02 -5.0485e-05 0.04503 1.23070e-01 2.17949e-01 4.26240e-01 1.19889e-02
2.286245 8.07314518e-02 6.54228045e-02 1.46154256e-01 2.56755688e-03 2.86649077e+00 3.98513637e+00 4.56775143e-02 8.103757e-01 1.390249e+00 1.471498e+01 1.150547e+01 3.030946e-01 1.1572e-02 1.0625e-02 -4.4957e-05 0.04517 1.16786e-01 2.11545e-01 4.29095e-01 1.14598e-02
2.385647 7.96105583e-02 6.18925371e-02 1.41503095e-01 3.05900439e-03 2.84014039e+00 3.79492421e+00 4.42337641e-02 7.774413e-01 1.336175e+00 1.429984e+01 1.034303e+01 2.893180e-01 1.0940e-02 1.0443e-02 -5.1541e-05 0.04575 1.12551e-01 2.07296e-01 4.31566e-01 1.11371e-02
2.485049 7.84566740e-02 5.85756181e-02 1.37032292e-01 3.54112106e-03 2.80085198e+00 3.60469775e+00 4.27036649e-02 7.465983e-01 1.287000e+00 1.391638e+01 1.043200e+01 2.833562e-01 1.0188e-02 1.0288e-02 -5.5759e-05 0.04668 1.07315e-01 2.02237e-01 4.30817e-01 1.05670e-02
2.584451 7.71895578e-02 5.54641432e-02 1.32653701e-01 3.99492849e-03 2.76434517e+00 3.42730948e+00 4.12776977e-02 7.185446e-01 1.239827e+00 1.332650e+01 9.575478e+00 2.759156e-01 9.6366e-03 1.0202e-02 -4.1869e-05 0.04733 1.03286e-01 1.98554e-01 4.28781e-01 1.01262e-02
2.683853 7.59711372e-02 5.25141786e-02 1.28485316e-01 4.49203209e-03 2.73461464e+00 3.25248232e+00 3.99139798e-02 6.912385e-01 1.189375e+00 1.266584e+01 8.687011e+00 2.514882e-01 9.4012e-03 1.0157e-02 -5.8262e-05 0.04780 1.00974e-01 1.96026e-01 4.23982e-01 9.98082e-03
2.783255 7.46879418e-02 4.97535513e-02 1.24441493e-01 4.90103367e-03 2.68317645e+00 3.08968206e+00 3.84857234e-02 6.661524e-01 1.151502e+00 1.204299e+01 8.554161e+00 2.432264e-01 9.4147e-03 1.0157e-02 -6.0160e-05 0.04834 9.62972e-02 1.91472e-01 4.16027e-01 9.34063e-03
2.882657 7.33299858e-02 4.71709530e-02 1.20500939e-01 5.33613590e-03 2.65100080e+00 2.93770932e+00 3.72580675e-02 6.432696e-01 1.108151e+00 1.136411e+01 7.797505e+00 2.291842e-01 9.5143e-03 1.0205e-02 -4.5065e-05 0.04805 9.56690e-02 1.90840e-01 4.09890e-01 9.32090e-03
2.982059 7.20305154e-02 4.47343223e-02 1.16764838e-01 5.73875070e-03 2.60513072e+00 2.78884336e+00 3.59598272e-02 6.210468e-01 1.070520e+00 1.065929e+01 7.998671e+00 2.223056e-01 9.5761e-03 1.0256e-02 -6.1011e-05 0.04739 9.38801e-02 1.88733e-01 4.01068e-01 8.99628e-03
3.081461 7.06512512e-02 4.24616375e-02 1.13112889e-01 6.09605681e-03 2.54713172e+00 2.65313286e+00 3.46684305e-02 6.010033e-01 1.041616e+00 9.977100e+00 8.107787e+00 2.262182e-01 9.5628e-03 1.0329e-02 -6.0370e-05 0.04656 9.13890e-02 1.86222e-01 3.92047e-01 8.60142e-03
3.180863 6.92353539e-02 4.03501496e-02 1.09585504e-01 6.44925796e-03 2.50519722e+00 2.52919373e+00 3.35626064e-02 5.827969e-01 1.009579e+00 9.346729e+00 8.088172e+00 2.208590e-01 9.4740e-03 1.0415e-02 -5.2769e-05 0.04550 9.30102e-02 1.87492e-01 3.85911e-01 8.75394e-03
3.280265 6.78436536e-02 3.83799464e-02 1.06223600e-01 6.78493860e-03 2.44129552e+00 2.41467971e+00 3.23731682e-02 5.657117e-01 9.890977e-01 8.727029e+00 7.923194e+00 2.235538e-01 9.3303e-03 1.0489e-02 -6.3317e-05 0.04415 9.19336e-02 1.86001e-01 3.77651e-01 8.40387e-03
3.379666 6.63880506e-02 3.65435602e-02 1.02931611e-01 7.06346399e-03 2.37170515e+00 2.31518339e+00 3.12459236e-02 5.504539e-01 9.761683e-01 8.140929e+00 7.802828e+00 2.285120e-01 9.1583e-03 1.0594e-02 -5.7466e-05 0.04287 9.09785e-02 1.84785e-01 3.70359e-01 8.14589e-03
3.479068 6.49413270e-02 3.48294963e-02 9.97708233e-02 7.36819863e-03 2.32091574e+00 2.22491974e+00 3.03055699e-02 5.363225e-01 9.586387e-01 7.594113e+00 7.538712e+00 2.212917e-01 8.9724e-03 1.0717e-02 -6.0671e-05 0.04152 9.45693e-02 1.87456e-01 3.66471e-01 8.46105e-03
3.578470 6.34989869e-02 3.32337227e-02 9.67327096e-02 7.61793184e-03 2.23749136e+00 2.14348871e+00 2.92065339e-02 5.233741e-01 9.579875e-01 7.083258e+00 7.450462e+00 2.314894e-01 8.7994e-03 1.0858e-02 -6.6100e-05 0.04007 9.23041e-02 1.84706e-01 3.58946e-01 7.95824e-03
3.677872 6.20161962e-02 3.17348915e-02 9.37510877e-02 7.85792747e-03 2.17055594e+00 2.06988808e+00 2.82696268e-02 5.117194e-01 9.536212e-01 6.626833e+00 7.135568e+00 2.339779e-01 8.6593e-03 1.1042e-02 -5.5517e-05 0.03900 9.38880e-02 1.85618e-01 3.55256e-01 8.00839e-03
3.777274 6.05886322e-02 3.03249194e-02 9.09135515e-02 8.09474654e-03 2.11163409e+00 1.99682919e+00 2.73897552e-02 5.005051e-01 9.456322e-01 6.342963e+00 7.140039e+00 2.328060e-01 8.5674e-03 1.1239e-02 -6.5993e-05 0.03795 9.72028e-02 1.87843e-01 3.52962e-01 8.20099e-03
3.876676 5.91537462e-02 2.90042056e-02 8.81579519e-02 8.29109268e-03 2.02728269e+00 1.92535922e+00 2.63509460e-02 4.903190e-01 9.497241e-01 6.376891e+00 6.707378e+00 2.497275e-01 8.5324e-03 1.1447e-02 -6.7977e-05 0.03750 9.47725e-02 1.85055e-01 3.47460e-01 7.72364e-03
3.976078 5.77041320e-02 2.77653173e-02 8.54694494e-02 8.47933251e-03 1.97123841e+00 1.85382859e+00 2.55004466e-02 4.811669e-01 9.404385e-01 6.350579e+00 6.821868e+00 2.529087e-01 8.5419e-03 1.1660e-02 -5.7234e-05 0.03680 9.84377e-02 1.88003e-01 3.47249e-01 7.99361e-03
4.075480 5.63226196e-02 2.65993354e-02 8.29219550e-02 8.66126542e-03 1.91182414e+00 1.77825559e+00 2.46005316e-02 4.722674e-01 9.301355e-01 6.248234e+00 6.881018e+00 2.581697e-01 8.5662e-03 1.1842e-02 -6.8909e-05 0.03611 1.00798e-01 1.89668e-01 3.46236e-01 7.96330e-03
4.174882 5.49331332e-02 2.55093130e-02 8.04424462e-02 8.79644990e-03 1.83765211e+00 1.70266253e+00 2.36020976e-02 4.643703e-01 9.265424e-01 6.074736e+00 6.632230e+00 2.796775e-01 8.5806e-03 1.1995e-02 -6.7669e-05 0.03590 9.89647e-02 1.87717e-01 3.42873e-01 7.58364e-03
4.274284 5.35532520e-02 2.44928164e-02 7.80460684e-02 8.93437411e-03 1.79576968e+00 1.62718248e+00 2.28196810e-02 4.573544e-01 9.061198e-01 5.862144e+00 7.180227e+00 2.741775e-01 8.5580e-03 1.2111e-02 -6.1977e-05 0.03499 1.04709e-01 1.92670e-01 3.45576e-01 7.97967e-03
4.373686 5.22249804e-02 2.35441854e-02 7.57691658e-02 9.04237929e-03 1.73566876e+00 1.55244716e+00 2.19207728e-02 4.508223e-01 8.944375e-01 5.665453e+00 7.017235e+00 2.862854e-01 8.4816e-03 1.2167e-02 -7.0986e-05 0.03443 1.04978e-01 1.92502e-01 3.44470e-01 7.70259e-03
4.473088 5.08958997e-02 2.26589269e-02 7.35548265e-02 9.11721175e-03 1.67731514e+00 1.48277604e+00 2.10672745e-02 4.452014e-01 8.840176e-01 5.436893e+00 6.885320e+00 3.024264e-01 8.3507e-03 1.2180e-02 -6.5913e-05 0.03397 1.05038e-01 1.92174e-01 3.44287e-01 7.50316e-03
4.572490 4.95989125e-02 2.18321710e-02 7.14310836e-02 9.18482849e-03 1.64322553e+00 1.41777120e+00 2.04066449e-02 4.401744e-01 8.627977e-01 5.235180e+00 7.355190e+00 2.889490e-01 8.1772e-03 1.2149e-02 -6.7401e-05 0.03341 1.11244e-01 1.97316e-01 3.49586e-01 7.87518e-03
4.671892 4.83326540e-02 2.10576197e-02 6.93902736e-02 9.21679911e-03 1.58388816e+00 1.35843315e+00 1.96154754e-02 4.356810e-01 8.576572e-01 5.027926e+00 7.017453e+00 3.073299e-01 7.9918e-03 1.2072e-02 -7.2803e-05 0.03359 1.09353e-01 1.95174e-01 3.50356e-01 7.43274e-03
4.771294 4.70726012e-02 2.03287365e-02 6.74013377e-02 9.22511039e-03 1.54177429e+00 1.30608907e+00 1.89857558e-02 4.318592e-01 8.471338e-01 4.876084e+00 7.118745e+00 3.158357e-01 7.8284e-03 1.1981e-02 -6.4908e-05 0.03371 1.11960e-01 1.97251e-01 3.56204e-01 7.50469e-03
4.870696 4.58635800e-02 1.96342897e-02 6.54978697e-02 9.22119625e-03 1.50826202e+00 1.25744032e+00 1.84380156e-02 4.281020e-01 8.337015e-01 4.834859e+00 7.296356e+00 3.075980e-01 7.7008e-03 1.1885e-02 -7.1680e-05 0.03381 1.16523e-01 2.01290e-01 3.64543e-01 7.62775e-03
4.970098 4.46734918e-02 1.89736905e-02 6.36471823e-02 9.18407826e-03 1.45665883e+00 1.21287561e+00 1.77968963e-02 4.247192e-01 8.326422e-01 4.983744e+00 6.963007e+00 3.328676e-01 7.6087e-03 1.1807e-02 -7.3903e-05 0.03374 1.14525e-01 1.99762e-01 3.69345e-01 7.28908e-03
5.069500 4.34971362e-02 1.83414049e-02 6.18385411e-02 9.13305862e-03 1.42629055e+00 1.17145277e+00 1.73182888e-02 4.216693e-01 8.213283e-01 5.188684e+00 7.148448e+00 3.341224e-01 7.5276e-03 1.1772e-02 -6.6059e-05 0.03357 1.18872e-01 2.04516e-01 3.79723e-01 7.44525e-03
5.168902 4.23760673e-02 1.77289479e-02 6.01050152e-02 9.06960228e-03 1.39508756e+00 1.13028156e+00 1.68357941e-02 4.183717e-01 8.101868e-01 5.384810e+00 7.157190e+00 3.387803e-01 7.4271e-03 1.1769e-02 -7.4622e-05 0.03341 1.22248e-01 2.08953e-01 3.89386e-01 7.42929e-03
5.268304 4.12714381e-02 1.71393708e-02 5.84108089e-02 8.98027084e-03 1.35292719e+00 1.09088922e+00 1.62921094e-02 4.152841e-01 8.063178e-01 5.611247e+00 6.763831e+00 3.662794e-01 7.3029e-03 1.1792e-02 -7.3673e-05 0.03311 1.21272e-01 2.10134e-01 3.96342e-01 7.14762e-03
5.367706 4.01874801e-02 1.65699351e-02 5.67574151e-02 8.88759020e-03 1.33365140e+00 1.05245852e+00 1.59073995e-02 4.123159e-01 7.891556e-01 5.806739e+00 7.076800e+00 3.576059e-01 7.1553e-03 1.1833e-02 -6.9251e-05 0.03272 1.28176e-01 2.18918e-01 4.08402e-01 7.43562e-03
5.467108 3.91473708e-02 1.60158650e-02 5.51632358e-02 8.78115188e-03 1.30111655e+00 1.01393637e+00 1.54336861e-02 4.091173e-01 7.792817e-01 5.994587e+00 6.814209e+00 3.727102e-01 6.9930e-03 1.1865e-02 -7.6669e-05 0.03224 1.30001e-01 2.23461e-01 4.15998e-01 7.21161e-03
5.566509 3.81241117e-02 1.54816430e-02 5.36057547e-02 8.66201709e-03 1.27106254e+00 9.77105649e-01 1.49877880e-02 4.060853e-01 7.687314e-01 6.105570e+00 6.653475e+00 3.929649e-01 6.8406e-03 1.1888e-02 -7.2687e-05 0.03167 1.32801e-01 2.28999e-01 4.23630e-01 7.16065e-03
5.665911 3.71289954e-02 1.49633040e-02 5.20922994e-02 8.54153851e-03 1.25243406e+00 9.40564639e-01 1.46199913e-02 4.030086e-01 7.509894e-01 6.154525e+00 6.828684e+00 3.804939e-01 6.7015e-03 1.1888e-02 -7.3116e-05 0.03112 1.40105e-01 2.38486e-01 4.33078e-01 7.32019e-03
5.765313 3.61623334e-02 1.44611201e-02 5.06234536e-02 8.41191703e-03 1.22193507e+00 9.04432583e-01 1.41757843e-02 3.998946e-01 7.401642e-01 6.200764e+00 6.521662e+00 3.980053e-01 6.5800e-03 1.1849e-02 -7.8149e-05 0.03051 1.42827e-01 2.43744e-01 4.38360e-01 7.17815e-03
5.864715 3.52121197e-02 1.39783585e-02 4.91904782e-02 8.27561903e-03 1.19541847e+00 8.69719320e-01 1.37675852e-02 3.969758e-01 7.275438e-01 6.216009e+00 6.434758e+00 4.084151e-01 6.4769e-03 1.1785e-02 -7.2090e-05 0.02991 1.47374e-01 2.50397e-01 4.44159e-01 7.15155e-03
5.964117 3.42962548e-02 1.35105373e-02 4.78067921e-02 8.14259004e-03 1.17710496e+00 8.35074167e-01 1.34145275e-02 3.939362e-01 7.094305e-01 6.156489e+00 6.560289e+00 3.947308e-01 6.3729e-03 1.1700e-02 -7.6578e-05 0.02931 1.55390e-01 2.59772e-01 4.51099e-01 7.29670e-03
6.063519 3.33988273e-02 1.30609384e-02 4.64597657e-02 8.00048049e-03 1.14331573e+00 8.01497897e-01 1.29654242e-02 3.910598e-01 7.010294e-01 6.058051e+00 6.218274e+00 4.132344e-01 6.2647e-03 1.1599e-02 -7.8786e-05 0.02863 1.56948e-01 2.63206e-01 4.53241e-01 7.11144e-03
6.162921 3.25167046e-02 1.26312247e-02 4.51479292e-02 7.86083257e-03 1.12174027e+00 7.69446907e-01 1.26079145e-02 3.884534e-01 6.859403e-01 5.916041e+00 6.352500e+00 4.065617e-01 6.1454e-03 1.1496e-02 -7.2869e-05 0.02801 1.63921e-01 2.71069e-01 4.58534e-01 7.22247e-03
6.262323 3.16693869e-02 1.22165070e-02 4.38858939e-02 7.72248734e-03 1.09657585e+00 7.37994433e-01 1.22304686e-02 3.857513e-01 6.729990e-01 5.829784e+00 6.351990e+00 3.983551e-01 6.0038e-03 1.1369e-02 -7.9119e-05 0.02737 1.69233e-01 2.77184e-01 4.62180e-01 7.19600e-03
6.361725 3.08377028e-02 1.18214436e-02 4.26591463e-02 7.58064655e-03 1.06475667e+00 7.08329870e-01 1.18205770e-02 3.833438e-01 6.652505e-01 5.721601e+00 6.332771e+00 4.113643e-01 5.8490e-03 1.1203e-02 -7.8535e-05 0.02668 1.71493e-01 2.80442e-01 4.63831e-01 7.11476e-03
6.461127 3.00221677e-02 1.14446367e-02 4.14668043e-02 7.44375569e-03 1.04136775e+00 6.80230805e-01 1.14773237e-02 3.812062e-01 6.532090e-01 5.578030e+00 6.351566e+00 3.917505e-01 5.6822e-03 1.0986e-02 -7.4936e-05 0.02606 1.77592e-01 2.86887e-01 4.67972e-01 7.17525e-03
6.560529 2.92363308e-02 1.10828169e-02 4.03191477e-02 7.30965694e-03 1.01306679e+00 6.53228190e-01 1.11086332e-02 3.790769e-01 6.448027e-01 5.407389e+00 6.495678e+00 3.873128e-01 5.5073e-03 1.0705e-02 -8.0875e-05 0.02543 1.81091e-01 2.90939e-01 4.70308e-01 7.12146e-03
6.659931 2.84670830e-02 1.07397094e-02 3.92067924e-02 7.17387921e-03 9.80359590e-01 6.28155231e-01 1.07234321e-02 3.772676e-01 6.407396e-01 5.241779e+00 6.540950e+00 3.943463e-01 5.3384e-03 1.0377e-02 -7.7756e-05 0.02476 1.82227e-01 2.92886e-01 4.71374e-01 7.01343e-03
6.759333 2.77185640e-02 1.04117260e-02 3.81302900e-02 7.04748799e-03 9.56989833e-01 6.04406553e-01 1.04093092e-02 3.756229e-01 6.315705e-01 5.078980e+00 6.661772e+00 3.653730e-01 5.1790e-03 1.0027e-02 -7.7635e-05 0.02418 1.87806e-01 2.98602e-01 4.75354e-01 7.07100e-03
6.858735 2.69933019e-02 1.00977218e-02 3.70910238e-02 6.92127451e-03 9.23213685e-01 5.81913433e-01 1.00341808e-02 3.740825e-01 6.303128e-01 4.922973e+00 6.540023e+00 3.680443e-01 5.0365e-03 9.6775e-03 -8.1915e-05 0.02351 1.87576e-01 2.99231e-01 4.75618e-01 6.91686e-03
6.958137 2.62857548e-02 9.79978289e-03 3.60855377e-02 6.79865200e-03 8.93965685e-01 5.61096860e-01 9.70041697e-03 3.728173e-01 6.276492e-01 4.779068e+00 6.619866e+00 3.620565e-01 4.9176e-03 9.3593e-03 -7.7295e-05 0.02287 1.89461e-01 3.01654e-01 4.77478e-01 6.85826e-03
7.057539 2.56045334e-02 9.51321274e-03 3.51177461e-02 6.68450016e-03 8.66537799e-01 5.41239190e-01 9.38517992e-03 3.715441e-01 6.245996e-01 4.625490e+00 6.731700e+00 3.359582e-01 4.8200e-03 9.0907e-03 -8.0198e-05 0.02233 1.91909e-01 3.04492e-01 4.79635e-01 6.79575e-03
7.156941 2.49426963e-02 9.23894367e-03 3.41816400e-02 6.57070591e-03 8.33520028e-01 5.22538222e-01 9.04038833e-03 3.704068e-01 6.269054e-01 4.504574e+00 6.539361e+00 3.398011e-01 4.7449e-03 8.8766e-03 -8.2284e-05 0.02166 1.90670e-01 3.04104e-01 4.79472e-01 6.65466e-03
7.256343 2.42986461e-02 8.97712512e-03 3.32757713e-02 6.46249059e-03 8.05136744e-01 5.05054613e-01 8.73460905e-03 3.694496e-01 6.272905e-01 4.383970e+00 6.588054e+00 3.231988e-01 4.6901e-03 8.7198e-03 -7.7721e-05 0.02110 1.91713e-01 3.05683e-01 4.80909e-01 6.56518e-03
7.355745 2.36835870e-02 8.72358839e-03 3.24071754e-02 6.36191386e-03 7.77137735e-01 4.88167174e-01 8.43536606e-03 3.683390e-01 6.281604e-01 4.320041e+00 6.565386e+00 3.029727e-01 4.6493e-03 8.6142e-03 -8.2283e-05 0.02071 1.92408e-01 3.06892e-01 4.81960e-01 6.45021e-03
7.455147 2.30868708e-02 8.48041061e-03 3.15672814e-02 6.26021590e-03 7.45557070e-01 4.72200858e-01 8.11838619e-03 3.673261e-01 6.333531e-01 4.243236e+00 6.329501e+00 3.063409e-01 4.6210e-03 8.5468e-03 -8.2035e-05 0.02038 1.90243e-01 3.05624e-01 4.81221e-01 6.30206e-03
7.554549 2.25085471e-02 8.24623922e-03 3.07547863e-02 6.16679739e-03 7.19720951e-01 4.56954886e-01 7.84450558e-03 3.663604e-01 6.349056e-01 4.124261e+00 6.375876e+00 2.798322e-01 4.6009e-03 8.5118e-03 -7.9126e-05 0.02013 1.91260e-01 3.07101e-01 4.82530e-01 6.20315e-03
7.653951 2.19571102e-02 8.01850012e-03 2.99756103e-02 6.07677649e-03 6.91321620e-01 4.42058824e-01 7.55586963e-03 3.651892e-01 6.394402e-01 4.092088e+00 6.211544e+00 2.685536e-01 4.5848e-03 8.4997e-03 -8.3791e-05 0.01987 1.89820e-01 3.06387e-01 4.82047e-01 6.04251e-03
7.753352 2.14239670e-02 7.79941026e-03 2.92233773e-02 5.98711346e-03 6.64005931e-01 4.27821711e-01 7.27885095e-03 3.640507e-01 6.443041e-01 4.037839e+00 6.040672e+00 2.658935e-01 4.5722e-03 8.5020e-03 -8.1525e-05 0.01956 1.88487e-01 3.05751e-01 4.81655e-01 5.91750e-03
7.852754 2.09110167e-02 7.58678164e-03 2.84977983e-02 5.90492181e-03 6.39354362e-01 4.13926098e-01 7.02186973e-03 3.628127e-01 6.474126e-01 3.991396e+00 6.027659e+00 2.372722e-01 4.5599e-03 8.5162e-03 -8.1108e-05 0.01936 1.88375e-01 3.06125e-01 4.81904e-01 5.78071e-03
7.952156 2.04199582e-02 7.37984778e-03 2.77998060e-02 5.82353100e-03 6.13502595e-01 4.00263596e-01 6.75844128e-03 3.614037e-01 6.524236e-01 3.908619e+00 5.804659e+00 2.314252e-01 4.5466e-03 8.5372e-03 -8.4739e-05 0.01907 1.86560e-01 3.04929e-01 4.80837e-01 5.63755e-03
8.051558 1.99462526e-02 7.18035260e-03 2.71266052e-02 5.74338656e-03 5.89443115e-01 3.87062559e-01 6.51003783e-03 3.599850e-01 6.566580e-01 3.799665e+00 5.678439e+00 2.227896e-01 4.5328e-03 8.5602e-03 -8.1258e-05 0.01880 1.85407e-01 3.04272e-01 4.80178e-01 5.50399e-03
8.150960 1.94943793e-02 6.98578938e-03 2.64801686e-02 5.66964413e-03 5.67091305e-01 3.73985136e-01 6.27384294e-03 3.583489e-01 6.594796e-01 3.716133e+00 5.608023e+00 1.968884e-01 4.5161e-03 8.5857e-03 -8.3178e-05 0.01858 1.84801e-01 3.03984e-01 4.79612e-01 5.35790e-03
8.250362 1.90596971e-02 6.79698753e-03 2.58566846e-02 5.59414425e-03 5.44145418e-01 3.61144937e-01 6.03526904e-03 3.566157e-01 6.636920e-01 3.644168e+00 5.356436e+00 1.956775e-01 4.4972e-03 8.6089e-03 -8.5122e-05 0.01829 1.82835e-01 3.02404e-01 4.77978e-01 5.23630e-03
8.349764 1.86401896e-02 6.61468919e-03 2.52548788e-02 5.52185099e-03 5.23328787e-01 3.48638068e-01 5.81311237e-03 3.548617e-01 6.661932e-01 3.568485e+00 5.266367e+00 1.808007e-01 4.4762e-03 8.6284e-03 -8.1619e-05 0.01805 1.81884e-01 3.01670e-01 4.76947e-01 5.09248e-03
8.449166 1.82423086e-02 6.43682293e-03 2.46791315e-02 5.45314446e-03 5.03300193e-01 3.36214787e-01 5.59676653e-03 3.528513e-01 6.680204e-01 3.478355e+00 5.139822e+00 1.627328e-01 4.4515e-03 8.6446e-03 -8.4976e-05 0.01781 1.80713e-01 3.00602e-01 4.75457e-01 4.95470e-03
8.548568 1.78583072e-02 6.26495674e-03 2.41232640e-02 5.38246543e-03 4.83704928e-01 3.24086991e-01 5.38527946e-03 3.508147e-01 6.700097e-01 3.372560e+00 4.913056e+00 1.641429e-01 4.4246e-03 8.6549e-03 -8.5024e-05 0.01757 1.79050e-01 2.99030e-01 4.73536e-01 4.84632e-03
8.647970 1.74877562e-02 6.09892012e-03 2.35866763e-02 5.31560077e-03 4.65649805e-01 3.12244438e-01 5.18596162e-03 3.487537e-01 6.705564e-01 3.254867e+00 4.824487e+00 1.456542e-01 4.3954e-03 8.6598e-03 -8.2664e-05 0.01745 1.77956e-01 2.97928e-01 4.71892e-01 4.70313e-03
8.747372 1.71357054e-02 5.93735536e-03 2.30730608e-02 5.25010995e-03 4.48159364e-01 3.00553671e-01 4.99142024e-03 3.464903e-01 6.706402e-01 3.128308e+00 4.652391e+00 1.371534e-01 4.3631e-03 8.6606e-03 -8.6313e-05 0.01732 1.76460e-01 2.96349e-01 4.69708e-01 4.58095e-03
8.846774 1.67955404e-02 5.78198733e-03 2.25775277e-02 5.18308939e-03 4.31644480e-01 2.89235440e-01 4.80586613e-03 3.442573e-01 6.700779e-01 2.997858e+00 4.467704e+00 1.392060e-01 4.3297e-03 8.6562e-03 -8.4699e-05 0.01718 1.75088e-01 2.94861e-01 4.67580e-01 4.47863e-03
8.946176 1.64681076e-02 5.63178919e-03 2.20998967e-02 5.12007910e-03 4.16030367e-01 2.78194490e-01 4.62816571e-03 3.419816e-01 6.686879e-01 2.863488e+00 4.364393e+00 1.211149e-01 4.2945e-03 8.6490e-03 -8.4140e-05 0.01704 1.73714e-01 2.93365e-01 4.65349e-01 4.34201e-03
9.045578 1.61547174e-02 5.48640300e-03 2.16411204e-02 5.05643006e-03 4.01136371e-01 2.67418426e-01 4.45703198e-03 3.396162e-01 6.666522e-01 2.728962e+00 4.179651e+00 1.214778e-01 4.2581e-03 8.6397e-03 -8.7124e-05 0.01689 1.72228e-01 2.91675e-01 4.62858e-01 4.24518e-03
9.144980 1.58511930e-02 5.34703813e-03 2.11982311e-02 4.99259208e-03 3.87119968e-01 2.57060516e-01 4.29453656e-03 3.373272e-01 6.640332e-01 2.595901e+00 4.033407e+00 1.220431e-01 4.2220e-03 8.6286e-03 -8.4485e-05 0.01674 1.70872e-01 2.90154e-01 4.60524e-01 4.13615e-03
9.244382 1.55605454e-02 5.21233514e-03 2.07728806e-02 4.93202293e-03 3.73822851e-01 2.46994960e-01 4.13878540e-03 3.349712e-01 6.607273e-01 2.464632e+00 3.912030e+00 1.080800e-01 4.1855e-03 8.6179e-03 -8.5708e-05 0.01660 1.69448e-01 2.88545e-01 4.58035e-01 4.02352e-03
9.343784 1.52796821e-02 5.08264800e-03 2.03623301e-02 4.86978943e-03 3.61195619e-01 2.37284698e-01 3.98986879e-03 3.326410e-01 6.569423e-01 2.337084e+00 3.739092e+00 1.155949e-01 4.1497e-03 8.6077e-03 -8.7401e-05 0.01645 1.68005e-01 2.86878e-01 4.55484e-01 3.93892e-03
9.443186 1.50068448e-02 4.95854452e-03 1.99653893e-02 4.80872943e-03 3.49381815e-01 2.28000571e-01 3.84921591e-03 3.304189e-01 6.525828e-01 2.304844e+00 3.617532e+00 1.126551e-01 4.1155e-03 8.5982e-03 -8.4664e-05 0.01630 1.66772e-01 2.85467e-01 4.53187e-01 3.83807e-03
9.542588 1.47462578e-02 4.83864849e-03 1.95849063e-02 4.74973082e-03 3.37936003e-01 2.19024248e-01 3.71306834e-03 3.281272e-01 6.481234e-01 2.279975e+00 3.492541e+00 1.060177e-01 4.0820e-03 8.5908e-03 -8.7069e-05 0.01615 1.65138e-01 2.83659e-01 4.50538e-01 3.73809e-03
9.641990 1.44927760e-02 4.72379592e-03 1.92165719e-02 4.68903002e-03 3.27511183e-01 2.10453158e-01 3.58642894e-03 3.259414e-01 6.425831e-01 2.254631e+00 3.358127e+00 1.171386e-01 4.0504e-03 8.5840e-03 -8.7260e-05 0.01601 1.64195e-01 2.82441e-01 4.48408e-01 3.67431e-03
9.741392 1.42459681e-02 4.61380723e-03 1.88597753e-02 4.63040934e-03 3.17298236e-01 2.02280831e-01 3.46386045e-03 3.238676e-01 6.375101e-01 2.226830e+00 3.330563e+00 1.113848e-01 4.0208e-03 8.5782e-03 -8.5291e-05 0.01585 1.62707e-01 2.80815e-01 4.46038e-01 3.57584e-03
9.840794 1.40095662e-02 4.50771988e-03 1.85172861e-02 4.57267673e-03 3.07728031e-01 1.94429480e-01 3.34771674e-03 3.217601e-01 6.318225e-01 2.196807e+00 3.242276e+00 1.124171e-01 3.9921e-03 8.5726e-03 -8.8067e-05 0.01571 1.61405e-01 2.79274e-01 4.43735e-01 3.50195e-03
9.940196 1.37787109e-02 4.40639789e-03 1.81851087e-02 4.51378289e-03 2.98905465e-01 1.86989750e-01 3.23930143e-03 3.197975e-01 6.255816e-01 2.165365e+00 3.136438e+00 1.242620e-01 3.9654e-03 8.5657e-03 -8.6902e-05 0.01556 1.60577e-01 2.78175e-01 4.41895e-01 3.44187e-03
10.039597 1.35542887e-02 4.30916417e-03 1.78634529e-02 4.45747721e-03 2.90239665e-01 1.79904967e-01 3.13429755e-03 3.179189e-01 6.198497e-01 2.135066e+00 3.103223e+00 1.170970e-01 3.9398e-03 8.5572e-03 -8.6252e-05 0.01544 1.59206e-01 2.76626e-01 4.39776e-01 3.36120e-03
10.138999 1.33374826e-02 4.21554694e-03 1.75530295e-02 4.40091861e-03 2.82170019e-01 1.73144633e-01 3.03543102e-03 3.160677e-01 6.136181e-01 2.104883e+00 2.995982e+00 1.257053e-01 3.9145e-03 8.5453e-03 -8.8619e-05 0.01529 1.58136e-01 2.75273e-01 4.37858e-01 3.29998e-03
10.238401 1.31252651e-02 4.12622987e-03 1.72514950e-02 4.34435417e-03 2.74719224e-01 1.66770133e-01 2.94326238e-03 3.143731e-01 6.070567e-01 2.074593e+00 2.921380e+00 1.344910e-01 3.8904e-03 8.5292e-03 -8.6607e-05 0.01517 1.57497e-01 2.74346e-01 4.36411e-01 3.24589e-03
10.337803 1.29197513e-02 4.04022797e-03 1.69599793e-02 4.29004541e-03 2.67295519e-01 1.60701959e-01 2.85331652e-03 3.127172e-01 6.012146e-01 2.044363e+00 2.868640e+00 1.295387e-01 3.8658e-03 8.5086e-03 -8.7316e-05 0.01503 1.56160e-01 2.72806e-01 4.34543e-01 3.17365e-03
10.437205 1.27193671e-02 3.95759982e-03 1.66769670e-02 4.23507434e-03 2.60630897e-01 1.54949093e-01 2.77053327e-03 3.111475e-01 5.945154e-01 2.014593e+00 2.769369e+00 1.429512e-01 3.8410e-03 8.4815e-03 -8.8747e-05 0.01491 1.55646e-01 2.71944e-01 4.33284e-01 3.13169e-03
10.536607 1.25227064e-02 3.87863012e-03 1.64013365e-02 4.18098103e-03 2.54139549e-01 1.49533779e-01 2.69115552e-03 3.097278e-01 5.883924e-01 1.985589e+00 2.708875e+00 1.477478e-01 3.8162e-03 8.4487e-03 -8.6578e-05 0.01478 1.54830e-01 2.70889e-01 4.32004e-01 3.07229e-03
10.636009 1.23327985e-02 3.80235996e-03 1.61351585e-02 4.12865747e-03 2.47953131e-01 1.44379334e-01 2.61554977e-03 3.083128e-01 5.822848e-01 1.958506e+00 2.641922e+00 1.467065e-01 3.7900e-03 8.4096e-03 -8.8280e-05 0.01466 1.53983e-01 2.69780e-01 4.30720e-01 3.01885e-03
10.735411 1.21463837e-02 3.72917558e-03 1.58755593e-02 4.07553406e-03 2.42266704e-01 1.39516352e-01 2.54522037e-03 3.070194e-01 5.758792e-01 1.932765e+00 2.555499e+00 1.628460e-01 3.7633e-03 8.3632e-03 -8.8537e-05 0.01452 1.53630e-01 2.69112e-01 4.29878e-01 2.98050e-03
10.834813 1.19632360e-02 3.65897181e-03 1.56222078e-02 4.02411275e-03 2.36718590e-01 1.34931364e-01 2.47766636e-03 3.058513e-01 5.700075e-01 1.907875e+00 2.499725e+00 1.629011e-01 3.7360e-03 8.3113e-03 -8.6900e-05 0.01441 1.52993e-01 2.68260e-01 4.28990e-01 2.92788e-03
10.934215 1.17860115e-02 3.59100709e-03 1.53770186e-02 3.97359650e-03 2.31453221e-01 1.30566899e-01 2.41346747e-03 3.046838e-01 5.641179e-01 1.883626e+00 2.429085e+00 1.679908e-01 3.7074e-03 8.2530e-03 -8.8986e-05 0.01428 1.52419e-01 2.67444e-01 4.28156e-01 2.88232e-03
11.033617 1.16115146e-02 3.52582103e-03 1.51373356e-02 3.92276244e-03 2.26594487e-01 1.26458372e-01 2.35368572e-03 3.036487e-01 5.580823e-01 1.860281e+00 2.355044e+00 1.826115e-01 3.6786e-03 8.1886e-03 -8.8169e-05 0.01416 1.52296e-01 2.67065e-01 4.27764e-01 2.84965e-03
11.133019 1.14403537e-02 3.46295794e-03 1.49033117e-02 3.87382915e-03 2.21812319e-01 1.22566414e-01 2.29585822e-03 3.026968e-01 5.525681e-01 1.837608e+00 2.302082e+00 1.807251e-01 3.6493e-03 8.1202e-03 -8.7496e-05 0.01404 1.51835e-01 2.66443e-01 4.27237e-01 2.80132e-03
11.232421 1.12736878e-02 3.40205300e-03 1.46757408e-02 3.82521287e-03 2.17334707e-01 1.18860878e-01 2.24130390e-03 3.017693e-01 5.469024e-01 1.815430e+00 2.230854e+00 1.904825e-01 3.6195e-03 8.0463e-03 -8.9366e-05 0.01393 1.51636e-01 2.66045e-01 4.26907e-01 2.76739e-03
11.331823 1.11093241e-02 3.34357005e-03 1.44528942e-02 3.77678375e-03 2.13060068e-01 1.15368236e-01 2.18952203e-03 3.009697e-01 5.414822e-01 1.793864e+00 2.168118e+00 2.019745e-01 3.5901e-03 7.9685e-03 -8.7839e-05 0.01380 1.51520e-01 2.65786e-01 4.26773e-01 2.73182e-03
11.431225 1.09487470e-02 3.28687699e-03 1.42356240e-02 3.73021870e-03 2.08998423e-01 1.12037847e-01 2.14024180e-03 3.002058e-01 5.360703e-01 1.772507e+00 2.111755e+00 1.995042e-01 3.5607e-03 7.8883e-03 -8.8222e-05 0.01370 1.51504e-01 2.65644e-01 4.26746e-01 2.69489e-03
11.530627 1.07912163e-02 3.23197259e-03 1.40231889e-02 3.68346471e-03 2.05043172e-01 1.08864982e-01 2.09272103e-03 2.995003e-01 5.309369e-01 1.751290e+00 2.050971e+00 2.132690e-01 3.5318e-03 7.8041e-03 -8.9415e-05 0.01358 1.51369e-01 2.65416e-01 4.26676e-01 2.66373e-03
11.630029 1.06356950e-02 3.17911740e-03 1.38148124e-02 3.63754436e-03 2.01324320e-01 1.05860542e-01 2.04789908e-03 2.989102e-01 5.258209e-01 1.730169e+00 1.994298e+00 2.190550e-01 3.5041e-03 7.7185e-03 -8.7716e-05 0.01347 1.51510e-01 2.65491e-01 4.26908e-01 2.63100e-03
11.729431 1.04842144e-02 3.12767094e-03 1.36118853e-02 3.59303582e-03 1.97756795e-01 1.02975733e-01 2.00488352e-03 2.983219e-01 5.207191e-01 1.708716e+00 1.937179e+00 2.192777e-01 3.4769e-03 7.6316e-03 -8.8909e-05 0.01336 1.51686e-01 2.65615e-01 4.27162e-01 2.59854e-03
11.828833 1.03348377e-02 3.07790950e-03 1.34127472e-02 3.54822688e-03 1.94252414e-01 1.00224456e-01 1.96317913e-03 2.978189e-01 5.159496e-01 1.687901e+00 1.882634e+00 2.333273e-01 3.4512e-03 7.5424e-03 -8.9207e-05 0.01325 1.51719e-01 2.65644e-01 4.27373e-01 2.57278e-03
11.928235 1.01873389e-02 3.02982487e-03 1.32171638e-02 3.50466620e-03 1.90970876e-01 9.76000174e-02 1.92380596e-03 2.974108e-01 5.110728e-01 1.666769e+00 1.876080e+00 2.345312e-01 3.4268e-03 7.4538e-03 -8.7860e-05 0.01315 1.52085e-01 2.66015e-01 4.27881e-01 2.54130e-03
12.027637 1.00436024e-02 2.98292974e-03 1.30265321e-02 3.46198666e-03 1.87781137e-01 9.50664527e-02 1.88565060e-03 2.969980e-01 5.062620e-01 1.644810e+00 1.881939e+00 2.376063e-01 3.4036e-03 7.3647e-03 -8.9428e-05 0.01305 1.52402e-01 2.66352e-01 4.28336e-01 2.51400e-03
12.127039 9.90152919e-03 2.93762357e-03 1.28391528e-02 3.41910582e-03 1.84606789e-01 9.26456347e-02 1.84834949e-03 2.966838e-01 5.018539e-01 1.622173e+00 1.858713e+00 2.501298e-01 3.3821e-03 7.2750e-03 -8.8873e-05 0.01295 1.52511e-01 2.66543e-01 4.28708e-01 2.48946e-03
12.226440 9.76151963e-03 2.89365940e-03 1.26551790e-02 3.37770652e-03 1.81719720e-01 9.03172426e-02 1.81357975e-03 2.964353e-01 4.970140e-01 1.598606e+00 1.907836e+00 2.471903e-01 3.3620e-03 7.1873e-03 -8.8237e-05 0.01286 1.53234e-01 2.67300e-01 4.29521e-01 2.46264e-03
12.325842 9.62451698e-03 2.85079331e-03 1.24753103e-02 3.33660973e-03 1.78748846e-01 8.80628922e-02 1.77874492e-03 2.962012e-01 4.926627e-01 1.573933e+00 1.890907e+00 2.539058e-01 3.3430e-03 7.0993e-03 -8.9706e-05 0.01276 1.53435e-01 2.67611e-01 4.29958e-01 2.43701e-03
12.425244 9.48900669e-03 2.80939307e-03 1.22983998e-02 3.29565055e-03 1.75888508e-01 8.59031466e-02 1.74527770e-03 2.960682e-01 4.883954e-01 1.548320e+00 1.888181e+00 2.617910e-01 3.3257e-03 7.0123e-03 -8.8567e-05 0.01267 1.53785e-01 2.68080e-01 4.30547e-01 2.41408e-03
12.524646 9.35594428e-03 2.76906976e-03 1.21250140e-02 3.25610477e-03 1.73268809e-01 8.38104885e-02 1.71386199e-03 2.959690e-01 4.837021e-01 1.521503e+00 1.932182e+00 2.575672e-01 3.3093e-03 6.9277e-03 -8.8740e-05 0.01258 1.54682e-01 2.69039e-01 4.31491e-01 2.39053e-03
12.624048 9.22505739e-03 2.72982565e-03 1.19548830e-02 3.21644294e-03 1.70473101e-01 8.17839155e-02 1.68171344e-03 2.959142e-01 4.797467e-01 1.493531e+00 1.901317e+00 2.659703e-01 3.2938e-03 6.8430e-03 -8.9732e-05 0.01249 1.54791e-01 2.69321e-01 4.31890e-01 2.36735e-03
12.723450 9.09556542e-03 2.69189075e-03 1.17874562e-02 3.17732516e-03 1.67876403e-01 7.98357711e-02 1.65141450e-03 2.959564e-01 4.755628e-01 1.464922e+00 1.919135e+00 2.686129e-01 3.2793e-03 6.7606e-03 -8.8411e-05 0.01241 1.55400e-01 2.70053e-01 4.32656e-01 2.34517e-03
12.822852 8.96880618e-03 2.65484754e-03 1.16236537e-02 3.13932646e-03 1.65431384e-01 7.79390498e-02 1.62246956e-03 2.960090e-01 4.711261e-01 1.436166e+00 1.947459e+00 2.645729e-01 3.2650e-03 6.6803e-03 -8.9244e-05 0.01232 1.56318e-01 2.71059e-01 4.33595e-01 2.32396e-03
12.922254 8.84364264e-03 2.61889073e-03 1.14625334e-02 3.10101305e-03 1.62777928e-01 7.61053564e-02 1.59255523e-03 2.961326e-01 4.675410e-01 1.406354e+00 1.913446e+00 2.731928e-01 3.2510e-03 6.6003e-03 -8.9558e-05 0.01224 1.56348e-01 2.71296e-01 4.33932e-01 2.30298e-03
13.021656 8.71986847e-03 2.58405423e-03 1.13039227e-02 3.06360852e-03 1.60420268e-01 7.43360052e-02 1.56504182e-03 2.963410e-01 4.633829e-01 1.375574e+00 1.947487e+00 2.701939e-01 3.2371e-03 6.5231e-03 -8.8463e-05 0.01216 1.57271e-01 2.72313e-01 4.34877e-01 2.28191e-03
13.121058 8.59876637e-03 2.55000985e-03 1.11487762e-02 3.02688014e-03 1.58054956e-01 7.26108259e-02 1.53777188e-03 2.965553e-01 4.594024e-01 1.343724e+00 1.952842e+00 2.680969e-01 3.2225e-03 6.4473e-03 -8.9639e-05 0.01208 1.57979e-01 2.73139e-01 4.35631e-01 2.26220e-03
13.220460 8.47899070e-03 2.51703418e-03 1.09960249e-02 2.98988912e-03 1.55553311e-01 7.09470437e-02 1.51000237e-03 2.968554e-01 4.560947e-01 1.311120e+00 1.927419e+00 2.744762e-01 3.2075e-03 6.3723e-03 -8.9282e-05 0.01201 1.58052e-01 2.73413e-01 4.35964e-01 2.24190e-03
13.319862 8.36076897e-03 2.48498918e-03 1.08457581e-02 2.95401572e-03 1.53391000e-01 6.93361047e-02 1.48484737e-03 2.972202e-01 4.520220e-01 1.277829e+00 1.965955e+00 2.672370e-01 3.1916e-03 6.3001e-03 -8.8706e-05 0.01193 1.59237e-01 2.74643e-01 4.37026e-01 2.22420e-03
13.419264 8.24482548e-03 2.45369345e-03 1.06985189e-02 2.91835500e-03 1.51049749e-01 6.77678944e-02 1.45878429e-03 2.976040e-01 4.486462e-01 1.245424e+00 1.949506e+00 2.674135e-01 3.1744e-03 6.2286e-03 -8.9858e-05 0.01186 1.59573e-01 2.75131e-01 4.37480e-01 2.20350e-03
13.518666 8.13012088e-03 2.42341026e-03 1.05535311e-02 2.88268400e-03 1.48726465e-01 6.62586721e-02 1.43323425e-03 2.980780e-01 4.455069e-01 1.212541e+00 1.939443e+00 2.697533e-01 3.1560e-03 6.1583e-03 -8.9020e-05 0.01178 1.59857e-01 2.75560e-01 4.37902e-01 2.18499e-03
13.618068 8.01725185e-03 2.39388347e-03 1.04111353e-02 2.84812581e-03 1.46686307e-01 6.47936222e-02 1.40986620e-03 2.985915e-01 4.417155e-01 1.187782e+00 1.970504e+00 2.602690e-01 3.1359e-03 6.0905e-03 -8.9065e-05 0.01172 1.61087e-01 2.76797e-01 4.38929e-01 2.16909e-03
13.717470 7.90616782e-03 2.36509974e-03 1.02712676e-02 2.81341860e-03 1.44378311e-01 6.33728885e-02 1.38500800e-03 2.991462e-01 4.389363e-01 1.176705e+00 1.939689e+00 2.621396e-01 3.1141e-03 6.0227e-03 -8.9887e-05 0.01165 1.61094e-01 2.76964e-01 4.39109e-01 2.14885e-03
13.816872 7.79628474e-03 2.33722242e-03 1.01335072e-02 2.77905188e-03 1.42232616e-01 6.20067304e-02 1.36159564e-03 2.997867e-01 4.359530e-01 1.165678e+00 1.944256e+00 2.594762e-01 3.0906e-03 5.9567e-03 -8.8869e-05 0.01158 1.61634e-01 2.77572e-01 4.39645e-01 2.13083e-03
13.916274 7.68846623e-03 2.30997016e-03 9.99843640e-03 2.74558882e-03 1.40263040e-01 6.06791843e-02 1.33961483e-03 3.004462e-01 4.326099e-01 1.154495e+00 1.960185e+00 2.498148e-01 3.0651e-03 5.8924e-03 -8.9446e-05 0.01151 1.62725e-01 2.78642e-01 4.40515e-01 2.11737e-03
14.015676 7.58205058e-03 2.28345366e-03 9.86550424e-03 2.71179993e-03 1.38003554e-01 5.93976917e-02 1.31600831e-03 3.011657e-01 4.304070e-01 1.143619e+00 1.923776e+00 2.522584e-01 3.0378e-03 5.8281e-03 -8.9757e-05 0.01144 1.62456e-01 2.78520e-01 4.40461e-01 2.09557e-03
14.115078 7.47685117e-03 2.25770947e-03 9.73456064e-03 2.67868046e-03 1.36049953e-01 5.81647369e-02 1.29476460e-03 3.019599e-01 4.275249e-01 1.132798e+00 1.938866e+00 2.444023e-01 3.0087e-03 5.7660e-03 -8.8878e-05 0.01137 1.63349e-01 2.79378e-01 4.41178e-01 2.08184e-03
14.214480 7.37372032e-03 2.23250075e-03 9.60622107e-03 2.64612064e-03 1.34078019e-01 5.69672937e-02 1.27363542e-03 3.027645e-01 4.248817e-01 1.121623e+00 1.934515e+00 2.367095e-01 2.9777e-03 5.7048e-03 -8.9757e-05 0.01131 1.63978e-01 2.79996e-01 4.41688e-01 2.06563e-03
14.313882 7.27179858e-03 2.20800541e-03 9.47980399e-03 2.61326334e-03 1.31938687e-01 5.58161989e-02 1.25169924e-03 3.036395e-01 4.230465e-01 1.110591e+00 1.904477e+00 2.376338e-01 2.9450e-03 5.6440e-03 -8.9544e-05 0.01124 1.63730e-01 2.79832e-01 4.41607e-01 2.04576e-03
14.413283 7.17119330e-03 2.18413569e-03 9.35532899e-03 2.58128710e-03 1.30124570e-01 5.47066595e-02 1.23220820e-03 3.045707e-01 4.204176e-01 1.099587e+00 1.921755e+00 2.262263e-01 2.9108e-03 5.5856e-03 -8.9040e-05 0.01117 1.64773e-01 2.80760e-01 4.42377e-01 2.03442e-03
14.512685 7.07243670e-03 2.16075456e-03 9.23319125e-03 2.54948398e-03 1.28157658e-01 5.36313501e-02 1.21192672e-03 3.055177e-01 4.184795e-01 1.088400e+00 1.901149e+00 2.210570e-01 2.8751e-03 5.5276e-03 -8.9942e-05 0.01110 1.64935e-01 2.80917e-01 4.42536e-01 2.01632e-03
14.612087 6.97480700e-03 2.13803374e-03 9.11284073e-03 2.51759292e-03 1.26156946e-01 5.26002878e-02 1.19171489e-03 3.065366e-01 4.169433e-01 1.077473e+00 1.880176e+00 2.192898e-01 2.8382e-03 5.4708e-03 -8.9334e-05 0.01104 1.64795e-01 2.80787e-01 4.42494e-01 1.99722e-03
14.711489 6.87866991e-03 2.11580719e-03 8.99447710e-03 2.48660545e-03 1.24458771e-01 5.16041253e-02 1.17375264e-03 3.075896e-01 4.146283e-01 1.066498e+00 1.893483e+00 2.060012e-01 2.8002e-03 5.4162e-03 -8.9305e-05 0.01097 1.65891e-01 2.81705e-01 4.43260e-01 1.98889e-03
14.810891 6.78405720e-03 2.09404650e-03 8.87810370e-03 2.45548228e-03 1.22491343e-01 5.06415709e-02 1.15421943e-03 3.086717e-01 4.134298e-01 1.055477e+00 1.860575e+00 2.037001e-01 2.7612e-03 5.3621e-03 -8.9980e-05 0.01090 1.65520e-01 2.81346e-01 4.43033e-01 1.96651e-03
14.910293 6.69053452e-03 2.07286849e-03 8.76340302e-03 2.42456396e-03 1.20675413e-01 4.97190703e-02 1.13596322e-03 3.098211e-01 4.120066e-01 1.044703e+00 1.852348e+00 1.978681e-01 2.7216e-03 5.3098e-03 -8.9205e-05 0.01083 1.65728e-01 2.81458e-01 4.43192e-01 1.95205e-03
15.009695 6.59864427e-03 2.05208107e-03 8.65072534e-03 2.39439904e-03 1.19017376e-01 4.88258830e-02 1.11895506e-03 3.109853e-01 4.102416e-01 1.033799e+00 1.854094e+00 1.855215e-01 2.6815e-03 5.2597e-03 -8.9599e-05 0.01077 1.66512e-01 2.82059e-01 4.43717e-01 1.94116e-03
15.109097 6.50800474e-03 2.03174833e-03 8.53975307e-03 2.36392786e-03 1.17116149e-01 4.79655908e-02 1.10054493e-03 3.121922e-01 4.095557e-01 1.022945e+00 1.819103e+00 1.845575e-01 2.6410e-03 5.2102e-03 -8.9896e-05 0.01070 1.65904e-01 2.81444e-01 4.43305e-01 1.91906e-03
15.208499 6.41844317e-03 2.01190286e-03 8.43034603e-03 2.33395378e-03 1.15457212e-01 4.71397220e-02 1.08397956e-03 3.134565e-01 4.082874e-01 1.012238e+00 1.818636e+00 1.752874e-01 2.6004e-03 5.1632e-03 -8.9196e-05 0.01063 1.66359e-01 2.81722e-01 4.43595e-01 1.90694e-03
15.307901 6.33052159e-03 1.99238173e-03 8.32290332e-03 2.30444572e-03 1.13825242e-01 4.63391931e-02 1.06776290e-03 3.147263e-01 4.071082e-01 1.001355e+00 1.808333e+00 1.652940e-01 2.5598e-03 5.1180e-03 -8.9853e-05 0.01057 1.66747e-01 2.81938e-01 4.43821e-01 1.89389e-03
15.407303 6.24368141e-03 1.97329893e-03 8.21698034e-03 2.27464751e-03 1.12013962e-01 4.55700885e-02 1.05056034e-03 3.160473e-01 4.068251e-01 9.908185e-01 1.776136e+00 1.645913e-01 2.5193e-03 5.0739e-03 -8.9740e-05 0.01050 1.66028e-01 2.81183e-01 4.43302e-01 1.87168e-03
15.506705 6.15796256e-03 1.95460677e-03 8.11256932e-03 2.24552799e-03 1.10505346e-01 4.48294411e-02 1.03556525e-03 3.174113e-01 4.056767e-01 9.803176e-01 1.780200e+00 1.525740e-01 2.4792e-03 5.0325e-03 -8.9311e-05 0.01043 1.66738e-01 2.81642e-01 4.43722e-01 1.86361e-03
15.606107 6.07373705e-03 1.93620528e-03 8.00994233e-03 2.21655954e-03 1.08866133e-01 4.41116735e-02 1.01985205e-03 3.187832e-01 4.051919e-01 9.696587e-01 1.758046e+00 1.463707e-01 2.4394e-03 4.9925e-03 -9.0014e-05 0.01036 1.66541e-01 2.81319e-01 4.43517e-01 1.84524e-03
15.705509 5.99050670e-03 1.91821360e-03 7.90872030e-03 2.18745691e-03 1.07198842e-01 4.34229401e-02 1.00414521e-03 3.202089e-01 4.050691e-01 9.591196e-01 1.735108e+00 1.439489e-01 2.4002e-03 4.9542e-03 -8.9582e-05 0.01029 1.66029e-01 2.80702e-01 4.43092e-01 1.82677e-03
15.804911 5.90848578e-03 1.90052726e-03 7.80901304e-03 2.15907359e-03 1.05778667e-01 4.27572667e-02 9.90239560e-04 3.216606e-01 4.042145e-01 9.484998e-01 1.737042e+00 1.314709e-01 2.3616e-03 4.9184e-03 -8.9512e-05 0.01023 1.66704e-01 2.81100e-01 4.43438e-01 1.81904e-03
15.904313 5.82773522e-03 1.88312150e-03 7.71085672e-03 2.13057200e-03 1.04162683e-01 4.21131496e-02 9.75172219e-04 3.231309e-01 4.043017e-01 9.377793e-01 1.708454e+00 1.285050e-01 2.3236e-03 4.8836e-03 -9.0066e-05 0.01016 1.66083e-01 2.80380e-01 4.42900e-01 1.79802e-03
16.003715 5.74792928e-03 1.86608208e-03 7.61401136e-03 2.10218294e-03 1.02637230e-01 4.14948461e-02 9.60880509e-04 3.246529e-01 4.042865e-01 9.271721e-01 1.694379e+00 1.237775e-01 2.2864e-03 4.8507e-03 -8.9479e-05 0.01009 1.65826e-01 2.79949e-01 4.42589e-01 1.78267e-03
16.103117 5.66940969e-03 1.84928434e-03 7.51869403e-03 2.07439570e-03 1.01274823e-01 4.08954180e-02 9.47801608e-04 3.261864e-01 4.038064e-01 9.165546e-01 1.691453e+00 1.124338e-01 2.2499e-03 4.8199e-03 -8.9746e-05 0.01002 1.66325e-01 2.80170e-01 4.42758e-01 1.77437e-03
16.202519 5.59195546e-03 1.83276705e-03 7.42472251e-03 2.04635094e-03 9.96967956e-02 4.03167477e-02 9.33423622e-04 3.277507e-01 4.043936e-01 9.061806e-01 1.660502e+00 1.119833e-01 2.2142e-03 4.7898e-03 -9.0019e-05 0.00995 1.65381e-01 2.79139e-01 4.41943e-01 1.75116e-03
16.301921 5.51542014e-03 1.81656216e-03 7.33198230e-03 2.01865546e-03 9.83183572e-02 3.97601904e-02 9.20523651e-04 3.293606e-01 4.044025e-01 8.962721e-01 1.655053e+00 1.044797e-01 2.1794e-03 4.7618e-03 -8.9468e-05 0.00988 1.65477e-01 2.78985e-01 4.41803e-01 1.74054e-03
16.401323 5.44017127e-03 1.80055983e-03 7.24073111e-03 1.99134822e-03 9.69661743e-02 3.92197247e-02 9.07905993e-04 3.309748e-01 4.044681e-01 8.867067e-01 1.644485e+00 9.612670e-02 2.1453e-03 4.7351e-03 -8.9956e-05 0.00982 1.65546e-01 2.78812e-01 4.41618e-01 1.72809e-03
16.500725 5.36584960e-03 1.78483626e-03 7.15068586e-03 1.96378369e-03 9.54700359e-02 3.86991634e-02 8.94461329e-04 3.326288e-01 4.053540e-01 8.778768e-01 1.616847e+00 9.626378e-02 2.1122e-03 4.7090e-03 -8.9913e-05 0.00975 1.64575e-01 2.77726e-01 4.40718e-01 1.70626e-03
16.600126 5.29245894e-03 1.76936814e-03 7.06182707e-03 1.93673606e-03 9.42018301e-02 3.81969692e-02 8.82658662e-04 3.343187e-01 4.054801e-01 8.693857e-01 1.616809e+00 8.702878e-02 2.0800e-03 4.6848e-03 -8.9553e-05 0.00968 1.64875e-01 2.77724e-01 4.40643e-01 1.69844e-03
16.699528 5.22025950e-03 1.75408513e-03 6.97434463e-03 1.90982692e-03 9.28534783e-02 3.77092782e-02 8.70418377e-04 3.360149e-01 4.061159e-01 8.611729e-01 1.599185e+00 8.208827e-02 2.0486e-03 4.6612e-03 -9.0101e-05 0.00961 1.64490e-01 2.77135e-01 4.40085e-01 1.68182e-03
16.798930 5.14891014e-03 1.73907002e-03 6.88798016e-03 1.88279048e-03 9.14563519e-02 3.72401867e-02 8.57976924e-04 3.377550e-01 4.071908e-01 8.536753e-01 1.578185e+00 8.142838e-02 2.0183e-03 4.6384e-03 -8.9799e-05 0.00954 1.63655e-01 2.76137e-01 4.39204e-01 1.66263e-03
16.898332 5.07853717e-03 1.72425850e-03 6.80279567e-03 1.85631817e-03 9.02671469e-02 3.67860488e-02 8.47021305e-04 3.395187e-01 4.075242e-01 8.477908e-01 1.579733e+00 7.163384e-02 1.9888e-03 4.6171e-03 -8.9711e-05 0.00948 1.64021e-01 2.76171e-01 4.39103e-01 1.65624e-03
16.997734 5.00920755e-03 1.70962937e-03 6.71883692e-03 1.82978127e-03 8.89226343e-02 3.63455921e-02 8.35121510e-04 3.412974e-01 4.087327e-01 8.425352e-01 1.556684e+00 6.999130e-02 1.9602e-03 4.5958e-03 -9.0163e-05 0.00941 1.63199e-01 2.75179e-01 4.38184e-01 1.63568e-03
17.097136 4.94068293e-03 1.69524554e-03 6.63592847e-03 1.80331431e-03 8.76396610e-02 3.59218030e-02 8.23743093e-04 3.431197e-01 4.098807e-01 8.372802e-01 1.544652e+00 6.726452e-02 1.9327e-03 4.5755e-03 -8.9724e-05 0.00934 1.62664e-01 2.74415e-01 4.37436e-01 1.62070e-03
17.196538 4.87318170e-03 1.68102503e-03 6.55420672e-03 1.77734461e-03 8.64868837e-02 3.55101616e-02 8.13313635e-04 3.449543e-01 4.105844e-01 8.316913e-01 1.543732e+00 5.858515e-02 1.9061e-03 4.5562e-03 -8.9900e-05 0.00928 1.62860e-01 2.74282e-01 4.37154e-01 1.61294e-03
17.295940 4.80658016e-03 1.66699017e-03 6.47357032e-03 1.75120055e-03 8.51705700e-02 3.51116206e-02 8.01881271e-04 3.468142e-01 4.122506e-01 8.258514e-01 1.519124e+00 5.901380e-02 1.8805e-03 4.5368e-03 -9.0146e-05 0.00921 1.61784e-01 2.73046e-01 4.36000e-01 1.59068e-03
17.395342 4.74076242e-03 1.65316859e-03 6.39393101e-03 1.72532863e-03 8.39926908e-02 3.47272812e-02 7.91466480e-04 3.487137e-01 4.134560e-01 8.200034e-01 1.515198e+00 5.403266e-02 1.8561e-03 4.5185e-03 -8.9716e-05 0.00914 1.61556e-01 2.72525e-01 4.35394e-01 1.57992e-03
17.494744 4.67597068e-03 1.63948443e-03 6.31545511e-03 1.69980346e-03 8.28501874e-02 3.43529696e-02 7.81354380e-04 3.506191e-01 4.146396e-01 8.139314e-01 1.509120e+00 4.757569e-02 1.8326e-03 4.5006e-03 -9.0078e-05 0.00908 1.61426e-01 2.72094e-01 4.34833e-01 1.56869e-03
17.594146 4.61197827e-03 1.62598778e-03 6.23796605e-03 1.67410925e-03 8.15861998e-02 3.39910053e-02 7.70514701e-04 3.525576e-01 4.166269e-01 8.076567e-01 1.486623e+00 4.864267e-02 1.8102e-03 4.4827e-03 -9.0081e-05 0.00901 1.60296e-01 2.70787e-01 4.33584e-01 1.54721e-03
17.693548 4.54877292e-03 1.61266793e-03 6.16144085e-03 1.64883341e-03 8.04943602e-02 3.36404806e-02 7.60898938e-04 3.545281e-01 4.179234e-01 8.012094e-01 1.488007e+00 4.188325e-02 1.7890e-03 4.4659e-03 -8.9784e-05 0.00894 1.60299e-01 2.70450e-01 4.33078e-01 1.53958e-03
17.792950 4.48653875e-03 1.59947355e-03 6.08601230e-03 1.62372669e-03 7.93502424e-02 3.32984978e-02 7.50991602e-04 3.565050e-01 4.196395e-01 7.945100e-01 1.475584e+00 3.820799e-02 1.7688e-03 4.4491e-03 -9.0209e-05 0.00888 1.59769e-01 2.69658e-01 4.32197e-01 1.52419e-03
17.892352 4.42504359e-03 1.58646189e-03 6.01150548e-03 1.59855377e-03 7.81590925e-02 3.29676715e-02 7.40845093e-04 3.585189e-01 4.218021e-01 7.881231e-01 1.458297e+00 3.847158e-02 1.7499e-03 4.4327e-03 -9.0004e-05 0.00881 1.58773e-01 2.68447e-01 4.30987e-01 1.50528e-03
17.991754 4.36436393e-03 1.57359245e-03 5.93795638e-03 1.57385602e-03 7.71269004e-02 3.26455657e-02 7.31816441e-04 3.605548e-01 4.232708e-01 7.821940e-01 1.461088e+00 3.102958e-02 1.7320e-03 4.4170e-03 -8.9910e-05 0.00874 1.58859e-01 2.68171e-01 4.30490e-01 1.49920e-03
18.091156 4.30456024e-03 1.56084667e-03 5.86540691e-03 1.54917915e-03 7.59850808e-02 3.23309599e-02 7.22106938e-04 3.626030e-01 4.254909e-01 7.760840e-01 1.443217e+00 2.991304e-02 1.7153e-03 4.4011e-03 -9.0277e-05 0.00868 1.57962e-01 2.67048e-01 4.29318e-01 1.47994e-03
18.190558 4.24546278e-03 1.54827071e-03 5.79373349e-03 1.52459302e-03 7.48785353e-02 3.20258444e-02 7.12695865e-04 3.646883e-01 4.277039e-01 7.699302e-01 1.432666e+00 2.839971e-02 1.6999e-03 4.3858e-03 -8.9952e-05 0.00861 1.57235e-01 2.66057e-01 4.28247e-01 1.46523e-03
18.289960 4.18721020e-03 1.53580934e-03 5.72301954e-03 1.50044883e-03 7.38774474e-02 3.17270631e-02 7.04030070e-04 3.667858e-01 4.294553e-01 7.636062e-01 1.432920e+00 2.157583e-02 1.6855e-03 4.3710e-03 -9.0067e-05 0.00855 1.57210e-01 2.65680e-01 4.27638e-01 1.45785e-03
18.389362 4.12973768e-03 1.52347500e-03 5.65321268e-03 1.47624456e-03 7.27564970e-02 3.14349643e-02 6.94609742e-04 3.689036e-01 4.320571e-01 7.571605e-01 1.412581e+00 2.211678e-02 1.6723e-03 4.3559e-03 -9.0284e-05 0.00848 1.56098e-01 2.64360e-01 4.26284e-01 1.43711e-03
18.488764 4.07295382e-03 1.51129075e-03 5.58424457e-03 1.45229287e-03 7.17307181e-02 3.11503387e-02 6.85873712e-04 3.710552e-01 4.342678e-01 7.506655e-01 1.408090e+00 1.862603e-02 1.6602e-03 4.3415e-03 -8.9951e-05 0.00842 1.55654e-01 2.63607e-01 4.25370e-01 1.42620e-03
18.588166 4.01702016e-03 1.49920343e-03 5.51622358e-03 1.42868199e-03 7.07434958e-02 3.08701909e-02 6.77424578e-04 3.732128e-01 4.363679e-01 7.439988e-01 1.403351e+00 1.338984e-02 1.6492e-03 4.3271e-03 -9.0218e-05 0.00836 1.55393e-01 2.63024e-01 4.24571e-01 1.41612e-03
18.687568 3.96179262e-03 1.48724653e-03 5.44903915e-03 1.40501494e-03 6.96615036e-02 3.05959215e-02 6.68382834e-04 3.753974e-01 4.392085e-01 7.372586e-01 1.383615e+00 1.449332e-02 1.6393e-03 4.3126e-03 -9.0250e-05 0.00829 1.54224e-01 2.61648e-01 4.23149e-01 1.39565e-03
18.786970 3.90725402e-03 1.47541672e-03 5.38267074e-03 1.38171899e-03 6.87071241e-02 3.03270030e-02 6.60227514e-04 3.776096e-01 4.413953e-01 7.304471e-01 1.383257e+00 9.370826e-03 1.6305e-03 4.2986e-03 -9.0008e-05 0.00823 1.54026e-01 2.61110e-01 4.22376e-01 1.38816e-03
18.886371 3.85353140e-03 1.46367627e-03 5.31720767e-03 1.35863918e-03 6.77229374e-02 3.00612828e-02 6.51894801e-04 3.798273e-01 4.438863e-01 7.234800e-01 1.372403e+00 6.331561e-03 1.6226e-03 4.2843e-03 -9.0337e-05 0.00816 1.53438e-01 2.60244e-01 4.21331e-01 1.37401e-03
18.985773 3.80046872e-03 1.45206603e-03 5.25253476e-03 1.33557635e-03 6.67001370e-02 2.98005216e-02 6.43337724e-04 3.820755e-01 4.467835e-01 7.164712e-01 1.356366e+00 6.787204e-03 1.6157e-03 4.2701e-03 -9.0202e-05 0.00810 1.52406e-01 2.58984e-01 4.19977e-01 1.35634e-03
19.085175 3.74810910e-03 1.44056081e-03 5.18866990e-03 1.31293805e-03 6.57962591e-02 2.95431494e-02 6.35596057e-04 3.843433e-01 4.490096e-01 7.093663e-01 1.356749e+00 1.033038e-03 1.6096e-03 4.2561e-03 -9.0112e-05 0.00804 1.52305e-01 2.58536e-01 4.19251e-01 1.34994e-03
19.184577 3.69650352e-03 1.42914533e-03 5.12564885e-03 1.29040529e-03 6.48215680e-02 2.92881989e-02 6.27398446e-04 3.866209e-01 4.518280e-01 7.021376e-01 1.341152e+00 2.025001e-06 1.6044e-03 4.2416e-03 -9.0408e-05 0.00797 1.51442e-01 2.57434e-01 4.18000e-01 1.33291e-03
19.283979 3.64552946e-03 1.41785457e-03 5.06338403e-03 1.26800562e-03 6.38649467e-02 2.90371373e-02 6.19347227e-04 3.889297e-01 4.546647e-01 6.948815e-01 1.329996e+00 -8.414013e-04 1.6000e-03 4.2271e-03 -9.0171e-05 0.00791 1.50637e-01 2.56375e-01 4.16784e-01 1.31857e-03
19.383381 3.59527527e-03 1.40665133e-03 5.00192660e-03 1.24601212e-03 6.29953528e-02 2.87878834e-02 6.11888241e-04 3.912500e-01 4.569842e-01 6.876899e-01 1.328384e+00 -6.273794e-03 1.5963e-03 4.2126e-03 -9.0242e-05 0.00785 1.50507e-01 2.55912e-01 4.16024e-01 1.31176e-03
19.482783 3.54570686e-03 1.39554265e-03 4.94124951e-03 1.22406229e-03 6.20396123e-02 2.85406207e-02 6.03868220e-04 3.935866e-01 4.600387e-01 6.804628e-01 1.310383e+00 -5.795264e-03 1.5932e-03 4.1974e-03 -9.0431e-05 0.00778 1.49452e-01 2.54648e-01 4.14628e-01 1.29295e-03
19.582185 3.49675390e-03 1.38454831e-03 4.88130221e-03 1.20236278e-03 6.11520422e-02 2.82960851e-02 5.96320849e-04 3.959525e-01 4.627169e-01 6.732145e-01 1.304053e+00 -8.259712e-03 1.5908e-03 4.1824e-03 -9.0176e-05 0.00772 1.48935e-01 2.53847e-01 4.13595e-01 1.28257e-03
19.681587 3.44852187e-03 1.37363077e-03 4.82215264e-03 1.18100133e-03 6.02997661e-02 2.80522769e-02 5.89013620e-04 3.983245e-01 4.652137e-01 6.658612e-01 1.298320e+00 -1.237831e-02 1.5888e-03 4.1668e-03 -9.0372e-05 0.00766 1.48625e-01 2.53239e-01 4.12702e-01 1.27320e-03
19.780989 3.40091983e-03 1.36281325e-03 4.76373309e-03 1.15967814e-03 5.93804961e-02 2.78101989e-02 5.81271300e-04 4.007190e-01 4.683389e-01 6.585462e-01 1.280752e+00 -1.138154e-02 1.5874e-03 4.1506e-03 -9.0420e-05 0.00760 1.47551e-01 2.51964e-01 4.11282e-01 1.25509e-03
19.880391 3.35392786e-03 1.35209681e-03 4.70602467e-03 1.13869505e-03 5.85518036e-02 2.75697149e-02 5.74143457e-04 4.031383e-01 4.708602e-01 6.513747e-01 1.277471e+00 -1.504101e-02 1.5864e-03 4.1344e-03 -9.0225e-05 0.00754 1.47256e-01 2.51369e-01 4.10394e-01 1.24736e-03
19.979793 3.30763307e-03 1.34145354e-03 4.64908661e-03 1.11795774e-03 5.77122939e-02 2.73293869e-02 5.66944538e-04 4.055630e-01 4.735453e-01 6.441142e-01 1.267349e+00 -1.746995e-02 1.5857e-03 4.1175e-03 -9.0480e-05 0.00748 1.46722e-01 2.50578e-01 4.09342e-01 1.23521e-03
19.999428 3.29855874e-03 1.33936264e-03 4.63792138e-03 1.11386218e-03 5.75360529e-02 2.72820620e-02 5.65454099e-04 4.060448e-01 4.741733e-01 6.426771e-01 1.263540e+00 -1.718052e-02 1.5856e-03 4.1140e-03 -9.0511e-05 0.00747 1.46498e-01 2.50318e-01 4.09052e-01 1.23141e-03
