# tg_mhd (CUDA FP64)  tgc_noslip_cond_n384_re1000  N=384 L=384 Re=1000 Pm=0.5 u0=0.05 nu_lat=6.095634e-03 eta_lat=1.219127e-02 tau_f=0.518287 tau_m=0.548765 dt=4.101296e-04 fw=profile
# t E_V E_M E_T H_C Omega_V Omega_M eps EM/EV OmM/OmV j_max w_max skew divb/j divb_wall/j mass_drift umax_lat fw1 fw2 fw4 tau_wall
0.000000 1.23697926e-01 1.25000000e-01 2.48697926e-01 -2.98300129e-20 5.34487759e+01 1.49986544e+00 1.12897014e-01 1.010526e+00 2.806174e-02 3.463888e+00 1.828613e+02 1.367560e-18 5.4362e-15 1.1130e-14 +0.0000e+00 0.05000 9.42626e-01 9.45050e-01 9.49971e-01 8.98305e-02
0.100072 1.19488449e-01 1.24178247e-01 2.43666697e-01 -4.03703420e-05 1.22943106e+01 1.52276502e+00 3.06796813e-02 1.039249e+00 1.238593e-01 4.025937e+00 6.031293e+01 1.302718e-01 2.9479e-04 1.6493e-03 -7.4673e-07 0.05104 7.84300e-01 7.97710e-01 8.15842e-01 2.71554e-02
0.200143 1.17444981e-01 1.23422644e-01 2.40867625e-01 -1.03378529e-04 8.90870077e+00 1.57856514e+00 2.41316621e-02 1.050898e+00 1.771936e-01 4.567820e+00 4.394219e+01 3.552161e-02 3.7573e-04 2.1295e-03 -1.0106e-05 0.05106 6.97890e-01 7.38911e-01 7.62330e-01 1.96871e-02
0.300215 1.15890128e-01 1.23027025e-01 2.38917153e-01 -1.89164238e-04 7.45544905e+00 1.66304090e+00 2.15630617e-02 1.061583e+00 2.230638e-01 5.334318e+00 3.663171e+01 2.137261e-01 4.2014e-04 2.3911e-03 -6.4862e-06 0.05165 6.25595e-01 6.97887e-01 7.25854e-01 1.65304e-02
0.400286 1.14166800e-01 1.22517836e-01 2.36684636e-01 -2.85494655e-04 6.65286888e+00 1.76980456e+00 2.03849560e-02 1.073148e+00 2.660213e-01 5.954112e+00 3.598564e+01 2.237643e-01 4.5010e-04 2.5685e-03 +5.2207e-06 0.05177 5.65974e-01 6.64021e-01 6.97618e-01 1.46112e-02
0.500358 1.12951801e-01 1.21738251e-01 2.34690052e-01 -3.88425441e-04 6.12679401e+00 1.89369290e+00 1.98283596e-02 1.077789e+00 3.090838e-01 6.322498e+00 3.472676e+01 2.143917e-01 4.6990e-04 2.7010e-03 -1.1250e-05 0.05135 5.13944e-01 6.31159e-01 6.71730e-01 1.34658e-02
0.600430 1.11561005e-01 1.21082050e-01 2.32643055e-01 -5.01672364e-04 5.75080506e+00 2.04462074e+00 1.96800931e-02 1.085344e+00 3.555364e-01 6.823872e+00 3.248662e+01 3.293395e-01 4.8486e-04 2.8046e-03 -1.3282e-05 0.05214 4.67424e-01 5.97560e-01 6.46449e-01 1.24800e-02
0.700501 1.10153171e-01 1.20556999e-01 2.30710171e-01 -6.07052489e-04 5.65264698e+00 2.22616368e+00 2.02099487e-02 1.094449e+00 3.938268e-01 7.289174e+00 3.211562e+01 3.019037e-01 4.9988e-04 2.9114e-03 +3.3465e-07 0.05219 4.34575e-01 5.70672e-01 6.27782e-01 1.24784e-02
0.800573 1.09126175e-01 1.19667996e-01 2.28794170e-01 -7.04877937e-04 5.41666504e+00 2.42484133e+00 2.05326954e-02 1.096602e+00 4.476631e-01 7.675583e+00 3.188019e+01 3.781123e-01 5.1458e-04 3.0051e-03 -7.9509e-06 0.05238 3.92762e-01 5.33808e-01 6.00725e-01 1.15038e-02
0.900645 1.08034649e-01 1.18495050e-01 2.26529699e-01 -7.94607362e-04 5.34223107e+00 2.65089875e+00 2.12880571e-02 1.096825e+00 4.962157e-01 7.947949e+00 3.230289e+01 4.437155e-01 5.2996e-04 3.1066e-03 -1.1799e-05 0.05311 3.59547e-01 5.00891e-01 5.77297e-01 1.12088e-02
1.000716 1.07237969e-01 1.17133684e-01 2.24371653e-01 -8.64889390e-04 5.42069058e+00 2.90311670e+00 2.24538480e-02 1.092278e+00 5.355622e-01 8.103920e+00 3.210128e+01 3.860964e-01 5.5065e-04 3.2154e-03 -1.0300e-05 0.05344 3.34273e-01 4.72396e-01 5.57485e-01 1.12589e-02
1.100788 1.06729526e-01 1.15447381e-01 2.22176906e-01 -9.01482784e-04 5.47440605e+00 3.18164586e+00 2.36753955e-02 1.081682e+00 5.811856e-01 8.135679e+00 3.395516e+01 4.215474e-01 5.7967e-04 3.3327e-03 -9.5481e-06 0.05403 3.06667e-01 4.40366e-01 5.34175e-01 1.10324e-02
1.200859 1.06338563e-01 1.13340760e-01 2.19679323e-01 -9.23094346e-04 5.48417571e+00 3.49327040e+00 2.49414330e-02 1.065848e+00 6.369727e-01 8.492800e+00 3.449226e+01 4.844858e-01 6.2250e-04 3.4727e-03 -4.6754e-06 0.05405 2.75926e-01 4.04522e-01 5.06821e-01 1.05089e-02
1.300931 1.06297207e-01 1.10757549e-01 2.17054756e-01 -8.83826605e-04 5.65625043e+00 3.82606289e+00 2.66167524e-02 1.041961e+00 6.764310e-01 1.038447e+01 3.404017e+01 4.269061e-01 6.9051e-04 3.6175e-03 -1.6341e-05 0.05307 2.53950e-01 3.74768e-01 4.82868e-01 1.03955e-02
1.401003 1.06427886e-01 1.07938480e-01 2.14366365e-01 -8.43212555e-04 5.81161206e+00 4.20642238e+00 2.84489137e-02 1.014194e+00 7.237961e-01 1.248865e+01 3.860991e+01 4.162745e-01 8.0321e-04 3.7592e-03 -1.5128e-05 0.05408 2.30657e-01 3.43544e-01 4.56092e-01 1.03363e-02
1.501074 1.06454502e-01 1.04900252e-01 2.11354754e-01 -7.32525480e-04 5.99633336e+00 4.63849101e+00 3.05466308e-02 9.853999e-01 7.735546e-01 1.460475e+01 3.753622e+01 4.526473e-01 9.7229e-04 3.9080e-03 -2.7277e-06 0.05226 2.09013e-01 3.13983e-01 4.28895e-01 1.03088e-02
1.601146 1.06800134e-01 1.01456791e-01 2.08256925e-01 -5.85894437e-04 6.09638992e+00 5.08714041e+00 3.25413415e-02 9.499688e-01 8.344513e-01 1.640064e+01 3.702267e+01 5.263582e-01 1.1864e-03 4.0019e-03 -1.5002e-05 0.05069 1.84264e-01 2.81652e-01 3.96948e-01 9.68658e-03
1.701218 1.06905516e-01 9.78917022e-02 2.04797218e-01 -4.13613047e-04 6.24506706e+00 5.56930608e+00 3.47673584e-02 9.156843e-01 8.917928e-01 1.774386e+01 3.741159e+01 5.082800e-01 1.4320e-03 4.0792e-03 -1.7623e-05 0.04963 1.64310e-01 2.54257e-01 3.67909e-01 9.50500e-03
1.801289 1.06934849e-01 9.42613634e-02 2.01196212e-01 -1.98609343e-04 6.42816171e+00 6.05994650e+00 3.70961094e-02 8.814840e-01 9.427184e-01 2.002887e+01 3.579591e+01 4.820313e-01 1.7031e-03 4.1474e-03 -8.9727e-06 0.05213 1.48970e-01 2.32184e-01 3.43046e-01 9.59891e-03
1.901361 1.06955021e-01 9.04571381e-02 1.97412159e-01 8.02297445e-05 6.45685463e+00 6.48451843e+00 3.88517830e-02 8.457493e-01 1.004284e+00 2.213943e+01 3.406944e+01 5.074554e-01 1.9907e-03 4.1652e-03 -1.3117e-05 0.05409 1.30910e-01 2.08571e-01 3.16920e-01 8.99359e-03
2.001432 1.06797198e-01 8.65905729e-02 1.93387771e-01 3.47515667e-04 6.46420276e+00 6.79889895e+00 4.01240013e-02 8.107944e-01 1.051777e+00 2.393956e+01 3.164777e+01 5.029368e-01 2.2769e-03 4.1902e-03 -1.3272e-05 0.05532 1.16636e-01 1.89766e-01 2.96399e-01 8.50299e-03
2.101504 1.06589019e-01 8.26846436e-02 1.89273663e-01 7.12519038e-04 6.54305333e+00 6.95069406e+00 4.08888829e-02 7.757332e-01 1.062301e+00 2.527534e+01 2.751922e+01 4.335008e-01 2.5086e-03 4.1853e-03 -1.6719e-05 0.05591 1.08868e-01 1.78223e-01 2.83744e-01 8.53769e-03
2.201576 1.06360665e-01 7.88527300e-02 1.85213395e-01 1.07021171e-03 6.53501457e+00 6.95653433e+00 4.08961665e-02 7.413712e-01 1.064502e+00 2.614743e+01 2.757478e+01 4.255933e-01 2.6175e-03 4.1864e-03 -1.5585e-05 0.05490 9.92183e-02 1.65946e-01 2.72111e-01 7.97312e-03
2.301647 1.05921992e-01 7.50939747e-02 1.81015966e-01 1.48370104e-03 6.56865146e+00 6.85607337e+00 4.05615964e-02 7.089555e-01 1.043757e+00 2.649003e+01 2.389726e+01 4.616394e-01 2.5669e-03 4.1915e-03 -7.9508e-06 0.05389 9.23445e-02 1.56987e-01 2.64931e-01 7.66898e-03
2.401719 1.05601240e-01 7.13974523e-02 1.76998692e-01 1.93955533e-03 6.63185889e+00 6.67782452e+00 3.99750159e-02 6.761043e-01 1.006931e+00 2.625737e+01 2.264314e+01 4.737435e-01 2.4108e-03 4.1730e-03 -1.9217e-05 0.05511 8.72178e-02 1.49614e-01 2.59138e-01 7.48534e-03
2.501790 1.05135644e-01 6.78627724e-02 1.72998416e-01 2.40012197e-03 6.64750038e+00 6.49783380e+00 3.92863360e-02 6.454783e-01 9.774853e-01 2.570406e+01 2.377940e+01 4.484414e-01 2.2574e-03 4.1772e-03 -1.9414e-05 0.05748 8.05633e-02 1.40988e-01 2.52969e-01 6.97376e-03
2.601862 1.04498157e-01 6.44889125e-02 1.68987070e-01 2.87390165e-03 6.72685754e+00 6.32775668e+00 3.87647418e-02 6.171297e-01 9.406705e-01 2.495350e+01 2.130422e+01 4.438543e-01 2.1836e-03 4.2219e-03 -8.9258e-06 0.05852 7.76446e-02 1.36088e-01 2.50697e-01 7.04382e-03
2.701934 1.04002747e-01 6.11942944e-02 1.65197042e-01 3.36845295e-03 6.76588994e+00 6.13216759e+00 3.80604502e-02 5.883911e-01 9.063357e-01 2.390828e+01 1.954978e+01 4.380989e-01 2.1907e-03 4.2260e-03 -1.7230e-05 0.05898 7.37713e-02 1.30108e-01 2.46746e-01 6.70334e-03
2.802005 1.03292460e-01 5.80341840e-02 1.61326644e-01 3.79855064e-03 6.78142888e+00 5.94547910e+00 3.73447742e-02 5.618434e-01 8.767296e-01 2.275109e+01 1.872282e+01 4.205968e-01 2.2550e-03 4.2829e-03 -1.8924e-05 0.05993 6.93983e-02 1.23890e-01 2.42820e-01 6.42792e-03
2.902077 1.02517197e-01 5.50488286e-02 1.57566025e-01 4.24782544e-03 6.89418876e+00 5.76611824e+00 3.68528505e-02 5.369717e-01 8.363737e-01 2.149750e+01 1.867359e+01 4.066484e-01 2.3342e-03 4.3570e-03 -1.4982e-05 0.05962 7.04539e-02 1.23084e-01 2.43457e-01 6.72923e-03
3.002149 1.01698470e-01 5.22453779e-02 1.53943848e-01 4.64740292e-03 6.90571306e+00 5.59720636e+00 3.62002515e-02 5.137283e-01 8.105182e-01 2.019872e+01 1.992788e+01 4.001897e-01 2.4090e-03 4.4483e-03 -1.6743e-05 0.05870 6.69980e-02 1.18118e-01 2.39514e-01 6.31564e-03
3.102220 1.00662712e-01 4.95837334e-02 1.50246446e-01 5.00602614e-03 6.93814085e+00 5.45443730e+00 3.56940309e-02 4.925730e-01 7.861526e-01 1.889916e+01 1.983765e+01 3.919938e-01 2.4924e-03 4.5629e-03 -1.3951e-05 0.05698 6.56641e-02 1.15567e-01 2.37337e-01 6.22395e-03
3.202292 9.95627743e-02 4.71132941e-02 1.46676068e-01 5.36962779e-03 7.02357286e+00 5.32904701e+00 3.53633338e-02 4.732019e-01 7.587373e-01 1.761543e+01 1.984002e+01 3.804549e-01 2.5814e-03 4.6908e-03 -1.9927e-05 0.05499 6.85050e-02 1.17206e-01 2.37328e-01 6.63730e-03
3.302363 9.83336025e-02 4.48435917e-02 1.43177194e-01 5.68802629e-03 6.95184456e+00 5.23208556e+00 3.48320314e-02 4.560353e-01 7.526183e-01 1.646159e+01 2.282847e+01 3.761388e-01 2.6555e-03 4.8411e-03 -1.9293e-05 0.05318 6.46801e-02 1.13099e-01 2.31827e-01 6.07383e-03
3.402435 9.68495847e-02 4.27314898e-02 1.39581074e-01 5.99789424e-03 6.96501237e+00 5.15913633e+00 3.45665701e-02 4.412150e-01 7.407218e-01 1.550056e+01 2.141133e+01 3.711389e-01 2.7080e-03 5.0285e-03 -1.0879e-05 0.05109 6.69860e-02 1.15440e-01 2.31620e-01 6.49934e-03
3.502507 9.54372892e-02 4.07489910e-02 1.36186280e-01 6.30624769e-03 6.93074840e+00 5.08379269e+00 3.41966676e-02 4.269714e-01 7.335128e-01 1.698408e+01 2.087400e+01 3.664092e-01 2.7239e-03 5.1880e-03 -2.0176e-05 0.04973 6.79512e-02 1.16663e-01 2.29139e-01 6.34842e-03
3.602578 9.38309280e-02 3.89019302e-02 1.32732858e-01 6.57614143e-03 6.82223402e+00 5.02016082e+00 3.37251113e-02 4.145960e-01 7.358529e-01 1.798306e+01 2.200421e+01 3.614013e-01 2.7195e-03 5.4049e-03 -2.1027e-05 0.04919 6.56198e-02 1.15182e-01 2.24454e-01 6.06820e-03
3.702650 9.21111241e-02 3.71789214e-02 1.29290045e-01 6.84228898e-03 6.82005933e+00 4.95785085e+00 3.34715221e-02 4.036312e-01 7.269513e-01 1.813582e+01 2.138715e+01 3.611629e-01 2.7153e-03 5.6468e-03 -1.3218e-05 0.04931 6.98389e-02 1.20167e-01 2.25865e-01 6.62283e-03
3.802722 9.04374017e-02 3.55546234e-02 1.25992025e-01 7.09914730e-03 6.73424592e+00 4.87621787e+00 3.29733633e-02 3.931407e-01 7.240926e-01 1.783667e+01 2.058932e+01 3.684932e-01 2.7047e-03 5.8589e-03 -1.8500e-05 0.04952 6.98370e-02 1.20939e-01 2.23415e-01 6.30603e-03
3.902793 8.86472303e-02 3.40049370e-02 1.22652167e-01 7.30875055e-03 6.61368456e+00 4.78170337e+00 3.23541826e-02 3.835984e-01 7.230014e-01 1.759723e+01 2.090531e+01 3.865203e-01 2.6802e-03 6.0349e-03 -1.8497e-05 0.04942 6.83264e-02 1.20430e-01 2.20676e-01 6.01122e-03
4.002865 8.68403749e-02 3.25569692e-02 1.19397344e-01 7.52917002e-03 6.62783580e+00 4.67053804e+00 3.19378238e-02 3.749059e-01 7.046852e-01 1.710145e+01 1.889149e+01 3.977141e-01 2.6492e-03 6.1340e-03 -1.8214e-05 0.04913 7.50227e-02 1.27524e-01 2.25219e-01 6.76445e-03
4.102936 8.50294736e-02 3.12078330e-02 1.16237307e-01 7.71314398e-03 6.47709528e+00 4.54305556e+00 3.11264128e-02 3.670237e-01 7.014032e-01 1.643777e+01 1.991038e+01 4.331182e-01 2.6245e-03 6.1597e-03 -1.9037e-05 0.04888 7.24337e-02 1.25806e-01 2.22594e-01 6.10266e-03
4.203008 8.31441934e-02 2.99337035e-02 1.13077897e-01 7.88398576e-03 6.40981808e+00 4.39970974e+00 3.04184751e-02 3.600216e-01 6.864017e-01 1.550854e+01 1.780445e+01 4.665411e-01 2.6045e-03 6.1684e-03 -1.4293e-05 0.04962 7.53001e-02 1.29239e-01 2.25669e-01 6.35942e-03
4.303080 8.13166332e-02 2.87519604e-02 1.10068594e-01 8.05233657e-03 6.35722307e+00 4.23703735e+00 2.96625955e-02 3.535803e-01 6.664918e-01 1.441980e+01 1.866496e+01 4.923203e-01 2.5593e-03 6.1901e-03 -2.1123e-05 0.05032 7.96065e-02 1.33741e-01 2.30613e-01 6.43764e-03
4.403151 7.94477545e-02 2.76774334e-02 1.07125188e-01 8.20802667e-03 6.22375297e+00 4.08193574e+00 2.87752489e-02 3.483728e-01 6.558640e-01 1.425429e+01 1.895745e+01 5.099789e-01 2.4836e-03 6.3077e-03 -2.1297e-05 0.05032 7.93529e-02 1.34099e-01 2.33868e-01 6.19468e-03
4.503223 7.74958192e-02 2.66951308e-02 1.04190950e-01 8.35917426e-03 6.16576861e+00 3.94584918e+00 2.81149339e-02 3.444719e-01 6.399606e-01 1.366800e+01 2.041048e+01 5.222147e-01 2.4167e-03 6.5007e-03 -1.3449e-05 0.04945 8.44155e-02 1.39496e-01 2.42886e-01 6.48675e-03
4.603295 7.56490872e-02 2.57849734e-02 1.01434061e-01 8.52188370e-03 6.10919365e+00 3.81394827e+00 2.74741804e-02 3.408498e-01 6.242965e-01 1.277506e+01 2.193632e+01 5.233726e-01 2.3763e-03 6.6501e-03 -2.0818e-05 0.04808 8.96404e-02 1.45253e-01 2.51662e-01 6.42854e-03
4.703366 7.37308049e-02 2.49438787e-02 9.86746837e-02 8.65732384e-03 5.98327859e+00 3.68965737e+00 2.67251867e-02 3.383101e-01 6.166615e-01 1.170744e+01 2.191535e+01 5.270999e-01 2.3578e-03 6.7545e-03 -2.1519e-05 0.04644 8.99661e-02 1.47763e-01 2.57104e-01 6.16284e-03
4.803438 7.18076598e-02 2.41705762e-02 9.59782359e-02 8.80141015e-03 5.99779363e+00 3.56925256e+00 2.62725975e-02 3.366016e-01 5.950943e-01 1.153792e+01 2.311861e+01 5.083835e-01 2.3465e-03 6.8629e-03 -1.6817e-05 0.04450 1.00095e-01 1.60381e-01 2.70682e-01 6.68037e-03
4.903509 6.99233445e-02 2.34474335e-02 9.33707780e-02 8.92656668e-03 5.92373385e+00 3.44846513e+00 2.56413282e-02 3.353305e-01 5.821438e-01 1.163889e+01 2.759698e+01 5.098190e-01 2.3291e-03 6.9105e-03 -2.0270e-05 0.04269 1.04643e-01 1.67704e-01 2.79046e-01 6.33067e-03
5.003581 6.80268354e-02 2.27682977e-02 9.07951331e-02 9.02711827e-03 5.87353656e+00 3.33292745e+00 2.50787829e-02 3.346958e-01 5.674481e-01 1.258286e+01 3.281617e+01 5.074919e-01 2.3046e-03 6.7926e-03 -1.8660e-05 0.04100 1.11593e-01 1.76627e-01 2.89508e-01 6.32668e-03
5.103653 6.61553290e-02 2.21295970e-02 8.82849260e-02 9.11905847e-03 5.85883871e+00 3.22235806e+00 2.46071097e-02 3.345097e-01 5.499994e-01 1.305117e+01 3.529726e+01 4.869414e-01 2.2831e-03 6.5045e-03 -2.0997e-05 0.03916 1.21449e-01 1.87598e-01 3.02583e-01 6.64253e-03
5.203724 6.43131910e-02 2.15264805e-02 8.58396715e-02 9.18020275e-03 5.73737876e+00 3.12224671e+00 2.39637444e-02 3.347133e-01 5.441939e-01 1.305152e+01 3.662237e+01 4.802932e-01 2.2711e-03 6.1775e-03 -2.1729e-05 0.03852 1.23669e-01 1.91659e-01 3.11042e-01 6.39629e-03
5.303796 6.24644361e-02 2.09470791e-02 8.34115153e-02 9.21561965e-03 5.65145551e+00 3.03683794e+00 2.34502628e-02 3.353441e-01 5.373550e-01 1.333241e+01 3.450419e+01 4.803460e-01 2.2620e-03 5.8546e-03 -1.6120e-05 0.03801 1.28677e-01 1.98761e-01 3.23246e-01 6.45998e-03
5.403867 6.07264152e-02 2.03698291e-02 8.10962443e-02 9.25026232e-03 5.57185946e+00 2.95763137e+00 2.29742444e-02 3.354361e-01 5.308159e-01 1.385678e+01 3.018259e+01 4.628183e-01 2.2489e-03 5.4760e-03 -2.2823e-05 0.03759 1.34237e-01 2.06661e-01 3.35879e-01 6.46460e-03
5.503939 5.90066260e-02 1.97992115e-02 7.88058375e-02 9.24950173e-03 5.37341109e+00 2.89055054e+00 2.23090244e-02 3.355422e-01 5.379359e-01 1.438706e+01 2.578893e+01 4.478614e-01 2.2385e-03 5.1225e-03 -2.3338e-05 0.03672 1.30878e-01 2.06711e-01 3.41897e-01 6.22062e-03
5.604011 5.73175735e-02 1.92294421e-02 7.65470156e-02 9.24416576e-03 5.27306737e+00 2.82893812e+00 2.18618872e-02 3.354895e-01 5.364881e-01 1.444542e+01 2.806286e+01 4.265492e-01 2.2321e-03 4.8402e-03 -1.6984e-05 0.03602 1.35533e-01 2.13763e-01 3.53393e-01 6.42145e-03
5.704082 5.57475128e-02 1.86431192e-02 7.43906320e-02 9.23160756e-03 5.12329717e+00 2.75864909e+00 2.12811907e-02 3.344206e-01 5.384519e-01 1.433186e+01 2.770486e+01 4.185549e-01 2.2215e-03 4.6109e-03 -2.2453e-05 0.03584 1.36329e-01 2.16479e-01 3.59787e-01 6.18793e-03
5.804154 5.42170091e-02 1.80565807e-02 7.22735898e-02 9.18876509e-03 4.91593601e+00 2.68423884e+00 2.05688274e-02 3.330427e-01 5.460280e-01 1.413497e+01 2.667603e+01 4.057838e-01 2.2018e-03 4.4276e-03 -2.2318e-05 0.03680 1.32287e-01 2.14404e-01 3.61400e-01 5.83359e-03
5.904226 5.27434071e-02 1.74710678e-02 7.02144749e-02 9.15240681e-03 4.81185245e+00 2.60244527e+00 2.00334860e-02 3.312465e-01 5.408406e-01 1.381911e+01 2.745437e+01 3.704715e-01 2.1751e-03 4.2653e-03 -2.0252e-05 0.03882 1.36752e-01 2.19510e-01 3.67532e-01 6.19822e-03
6.004297 5.13425878e-02 1.68884474e-02 6.82310353e-02 9.09912009e-03 4.61636950e+00 2.51183981e+00 1.92800982e-02 3.289364e-01 5.441158e-01 1.336365e+01 2.530272e+01 3.665749e-01 2.1444e-03 4.1123e-03 -2.2411e-05 0.04004 1.32732e-01 2.16697e-01 3.65792e-01 5.74131e-03
6.104369 4.99933306e-02 1.63198727e-02 6.63132034e-02 9.02578166e-03 4.46079378e+00 2.41873574e+00 1.85965305e-02 3.264410e-01 5.422209e-01 1.291788e+01 2.460947e+01 3.665935e-01 2.1138e-03 3.9886e-03 -1.9331e-05 0.04109 1.31856e-01 2.16698e-01 3.65547e-01 5.64088e-03
6.204440 4.87120548e-02 1.57625458e-02 6.44746006e-02 8.96603540e-03 4.34317813e+00 2.31867554e+00 1.79610584e-02 3.235861e-01 5.338661e-01 1.241228e+01 2.461510e+01 3.518214e-01 2.0893e-03 3.8944e-03 -2.2915e-05 0.04274 1.34116e-01 2.19371e-01 3.66384e-01 5.66954e-03
6.304512 4.74721739e-02 1.52285219e-02 6.27006958e-02 8.88235572e-03 4.16333520e+00 2.21805647e+00 1.71988963e-02 3.207884e-01 5.327595e-01 1.190619e+01 2.339651e+01 3.493400e-01 2.0743e-03 3.8425e-03 -2.3481e-05 0.04269 1.29906e-01 2.16515e-01 3.62344e-01 5.44586e-03
6.404584 4.62516684e-02 1.47222818e-02 6.09739502e-02 8.79326264e-03 4.03507728e+00 2.11975736e+00 1.65491840e-02 3.183081e-01 5.253325e-01 1.140900e+01 2.364697e+01 3.587873e-01 2.0610e-03 3.8295e-03 -1.7711e-05 0.04273 1.30918e-01 2.18658e-01 3.62321e-01 5.39164e-03
6.504655 4.51230049e-02 1.42338647e-02 5.93568697e-02 8.71151503e-03 3.92424721e+00 2.01935595e+00 1.59259182e-02 3.154459e-01 5.145843e-01 1.085382e+01 2.362342e+01 3.617340e-01 2.0469e-03 3.8478e-03 -2.3403e-05 0.04204 1.33880e-01 2.22363e-01 3.62797e-01 5.36253e-03
6.604727 4.40075591e-02 1.37764604e-02 5.77840195e-02 8.60240944e-03 3.73878929e+00 1.92400341e+00 1.51735922e-02 3.130476e-01 5.146060e-01 1.029446e+01 2.208533e+01 3.680272e-01 2.0336e-03 3.8997e-03 -2.3663e-05 0.04029 1.28666e-01 2.18992e-01 3.57630e-01 5.03302e-03
6.704799 4.29151685e-02 1.33494139e-02 5.62645825e-02 8.49856791e-03 3.65020224e+00 1.83347993e+00 1.46343242e-02 3.110652e-01 5.022954e-01 9.719203e+00 2.306814e+01 3.625999e-01 2.0233e-03 3.9712e-03 -1.9031e-05 0.03880 1.34723e-01 2.25620e-01 3.60924e-01 5.31756e-03
6.804870 4.18850071e-02 1.29437882e-02 5.48287953e-02 8.38949709e-03 3.49898131e+00 1.74398755e+00 1.39739128e-02 3.090315e-01 4.984272e-01 9.211841e+00 2.160522e+01 3.824594e-01 2.0105e-03 4.0421e-03 -2.2852e-05 0.03799 1.33124e-01 2.24977e-01 3.58145e-01 4.96916e-03
6.904942 4.08821784e-02 1.25683655e-02 5.34505439e-02 8.26067216e-03 3.36169411e+00 1.65992979e+00 1.33631074e-02 3.074290e-01 4.937778e-01 9.239901e+00 2.088370e+01 3.922413e-01 1.9865e-03 4.1144e-03 -2.1705e-05 0.03848 1.32939e-01 2.25335e-01 3.56681e-01 4.88205e-03
7.005013 3.99063985e-02 1.22187266e-02 5.21251251e-02 8.14371227e-03 3.25726838e+00 1.58021722e+00 1.28354057e-02 3.061846e-01 4.851357e-01 9.170058e+00 2.095228e+01 3.890368e-01 1.9491e-03 4.1907e-03 -2.1617e-05 0.03886 1.36594e-01 2.28502e-01 3.57713e-01 4.95174e-03
7.105085 3.89634696e-02 1.18946244e-02 5.08580940e-02 8.01553352e-03 3.12031247e+00 1.50627956e+00 1.22657432e-02 3.052763e-01 4.827336e-01 9.126107e+00 1.956425e+01 3.928695e-01 1.9030e-03 4.2640e-03 -2.3100e-05 0.03931 1.35096e-01 2.26562e-01 3.54526e-01 4.77650e-03
7.205157 3.80407153e-02 1.15981371e-02 4.96388525e-02 7.88021299e-03 2.99598906e+00 1.44073719e+00 1.17549269e-02 3.048875e-01 4.808887e-01 8.988022e+00 1.900970e+01 4.041980e-01 1.8555e-03 4.3250e-03 -1.9167e-05 0.03916 1.34689e-01 2.25389e-01 3.52050e-01 4.65919e-03
7.305228 3.71670027e-02 1.13182151e-02 4.84852178e-02 7.75883382e-03 2.90227746e+00 1.38062207e+00 1.13270432e-02 3.045232e-01 4.757030e-01 8.650409e+00 1.929476e+01 3.902181e-01 1.8187e-03 4.3629e-03 -2.3215e-05 0.03925 1.38081e-01 2.27190e-01 3.51514e-01 4.65732e-03
7.405300 3.63065454e-02 1.10599410e-02 4.73664864e-02 7.62338699e-03 2.75604312e+00 1.32788362e+00 1.08236207e-02 3.046266e-01 4.818080e-01 8.167519e+00 1.750932e+01 3.923421e-01 1.8043e-03 4.3775e-03 -2.3731e-05 0.03892 1.32603e-01 2.21111e-01 3.44221e-01 4.46102e-03
7.505371 3.54566197e-02 1.08214017e-02 4.62780214e-02 7.49394706e-03 2.66364336e+00 1.28094595e+00 1.04510705e-02 3.052012e-01 4.808999e-01 8.049382e+00 1.835580e+01 3.808225e-01 1.8187e-03 4.3666e-03 -1.8606e-05 0.03850 1.35236e-01 2.22192e-01 3.43002e-01 4.50228e-03
7.605443 3.46695279e-02 1.05886747e-02 4.52582026e-02 7.37188981e-03 2.54832683e+00 1.23457812e+00 1.00349661e-02 3.054173e-01 4.844662e-01 8.629898e+00 1.835983e+01 3.826461e-01 1.8629e-03 4.3201e-03 -2.3228e-05 0.03771 1.33376e-01 2.18794e-01 3.37683e-01 4.26791e-03
7.705515 3.38958154e-02 1.03703378e-02 4.42661532e-02 7.23942517e-03 2.43016692e+00 1.18957763e+00 9.61864437e-03 3.059474e-01 4.895045e-01 9.079763e+00 1.773704e+01 3.764920e-01 1.9274e-03 4.2408e-03 -2.3101e-05 0.03721 1.30244e-01 2.14161e-01 3.31593e-01 4.16115e-03
7.805586 3.31431637e-02 1.01632204e-02 4.33063841e-02 7.11929952e-03 2.33879540e+00 1.14415967e+00 9.25422949e-03 3.066461e-01 4.892090e-01 9.236589e+00 1.806472e+01 3.633811e-01 2.0013e-03 4.1372e-03 -2.0244e-05 0.03648 1.31098e-01 2.13017e-01 3.28719e-01 4.16998e-03
7.905658 3.24331771e-02 9.96087950e-03 4.23940566e-02 7.00095335e-03 2.23358678e+00 1.09666551e+00 8.85383561e-03 3.071201e-01 4.909885e-01 8.988539e+00 1.746564e+01 3.669300e-01 2.0686e-03 4.0182e-03 -2.3034e-05 0.03582 1.28293e-01 2.08410e-01 3.22954e-01 3.95828e-03
8.005730 3.17523721e-02 9.77035603e-03 4.15227281e-02 6.87816650e-03 2.13302566e+00 1.04918190e+00 8.46277891e-03 3.077048e-01 4.918750e-01 8.379529e+00 1.724197e+01 3.800939e-01 2.1121e-03 3.9025e-03 -2.1002e-05 0.03504 1.25311e-01 2.03704e-01 3.17549e-01 3.83388e-03
8.105801 3.11021781e-02 9.58554760e-03 4.06877257e-02 6.77004597e-03 2.05257441e+00 1.00132313e+00 8.11044135e-03 3.081954e-01 4.878377e-01 7.624891e+00 1.717498e+01 3.755769e-01 2.1240e-03 3.7967e-03 -2.2340e-05 0.03444 1.25401e-01 2.01694e-01 3.14617e-01 3.75695e-03
8.205873 3.04782350e-02 9.40905003e-03 3.98872850e-02 6.65746739e-03 1.95609539e+00 9.54914134e-01 7.73184731e-03 3.087137e-01 4.881736e-01 7.499035e+00 1.565035e+01 3.926580e-01 2.1095e-03 3.7023e-03 -2.3502e-05 0.03373 1.20789e-01 1.95447e-01 3.08295e-01 3.64133e-03
8.305944 2.98730495e-02 9.24416700e-03 3.91172164e-02 6.54753004e-03 1.87526512e+00 9.11210535e-01 7.39537238e-03 3.094484e-01 4.859102e-01 7.623123e+00 1.569854e+01 4.133539e-01 2.0742e-03 3.6198e-03 -1.9345e-05 0.03362 1.18626e-01 1.91550e-01 3.04408e-01 3.48847e-03
8.406016 2.93182082e-02 9.08022604e-03 3.83984343e-02 6.44803354e-03 1.80084465e+00 8.69154380e-01 7.07830683e-03 3.097129e-01 4.826371e-01 7.727897e+00 1.544897e+01 4.278637e-01 2.0277e-03 3.5477e-03 -2.3352e-05 0.03368 1.16819e-01 1.87906e-01 3.00584e-01 3.36561e-03
8.506088 2.87738198e-02 8.92564677e-03 3.76994666e-02 6.34170194e-03 1.71906244e+00 8.30331017e-01 6.75944895e-03 3.102003e-01 4.830139e-01 7.840617e+00 1.382166e+01 4.379151e-01 1.9748e-03 3.4856e-03 -2.3755e-05 0.03272 1.11964e-01 1.81647e-01 2.94718e-01 3.26722e-03
8.606159 2.82421279e-02 8.78052320e-03 3.70226511e-02 6.24272957e-03 1.65515159e+00 7.94795372e-01 6.48948466e-03 3.109016e-01 4.801949e-01 7.966878e+00 1.361089e+01 4.408513e-01 1.9177e-03 3.4334e-03 -1.9687e-05 0.03218 1.10508e-01 1.78693e-01 2.91830e-01 3.20054e-03
8.706231 2.77540536e-02 8.63475262e-03 3.63888063e-02 6.14885258e-03 1.58803874e+00 7.61377704e-01 6.22158831e-03 3.111168e-01 4.794453e-01 8.104331e+00 1.297082e+01 4.518903e-01 1.8545e-03 3.3799e-03 -2.3404e-05 0.03153 1.06747e-01 1.73617e-01 2.86721e-01 2.99940e-03
8.806303 2.72795026e-02 8.49723663e-03 3.57767392e-02 6.04853841e-03 1.52669935e+00 7.31178881e-01 5.97811422e-03 3.114880e-01 4.789279e-01 8.252159e+00 1.212323e+01 4.519987e-01 1.7880e-03 3.3307e-03 -2.2725e-05 0.03045 1.03187e-01 1.68888e-01 2.81894e-01 2.93730e-03
8.906374 2.68169216e-02 8.36437207e-03 3.51812937e-02 5.95822878e-03 1.47578888e+00 7.03630112e-01 5.76609822e-03 3.119065e-01 4.767824e-01 8.404135e+00 1.143218e+01 4.445022e-01 1.7226e-03 3.2820e-03 -2.1484e-05 0.03032 1.01294e-01 1.65813e-01 2.78245e-01 2.84525e-03
9.006446 2.63770427e-02 8.23287043e-03 3.46099131e-02 5.86630558e-03 1.42594990e+00 6.78228589e-01 5.56481415e-03 3.121226e-01 4.756328e-01 8.540161e+00 1.049569e+01 4.471070e-01 1.6633e-03 3.2282e-03 -2.3613e-05 0.02976 9.82767e-02 1.61724e-01 2.73341e-01 2.78082e-03
9.106517 2.59511806e-02 8.10841199e-03 3.40595926e-02 5.77131143e-03 1.37804784e+00 6.55126032e-01 5.37659980e-03 3.124487e-01 4.754015e-01 8.645525e+00 1.006189e+01 4.595254e-01 1.6115e-03 3.1721e-03 -2.0971e-05 0.02943 9.46156e-02 1.57211e-01 2.68098e-01 2.62344e-03
9.206589 2.55467600e-02 7.98351533e-03 3.35302753e-02 5.68479359e-03 1.34339287e+00 6.33438929e-01 5.22054146e-03 3.125060e-01 4.715217e-01 8.708960e+00 9.645047e+00 4.526819e-01 1.5668e-03 3.1143e-03 -2.3181e-05 0.02943 9.41139e-02 1.55629e-01 2.65149e-01 2.60064e-03
9.306661 2.51480901e-02 7.86259827e-03 3.30106883e-02 5.59209932e-03 1.30367405e+00 6.13490872e-01 5.06131159e-03 3.126519e-01 4.705861e-01 8.736049e+00 8.606160e+00 4.566894e-01 1.5279e-03 3.0536e-03 -2.4117e-05 0.02885 9.06856e-02 1.51431e-01 2.60022e-01 2.55107e-03
9.406732 2.47534821e-02 7.74844881e-03 3.25019309e-02 5.50055102e-03 1.27250970e+00 5.95245269e-01 4.92600048e-03 3.130246e-01 4.677727e-01 8.724362e+00 8.361977e+00 4.646461e-01 1.4941e-03 2.9941e-03 -2.0224e-05 0.02860 8.93203e-02 1.49279e-01 2.56986e-01 2.45519e-03
9.506804 2.43896952e-02 7.63108119e-03 3.20207764e-02 5.41400649e-03 1.24221766e+00 5.77788446e-01 4.79558910e-03 3.128814e-01 4.651266e-01 8.671813e+00 8.493447e+00 4.816265e-01 1.4647e-03 2.9301e-03 -2.3887e-05 0.02860 8.73057e-02 1.46486e-01 2.53296e-01 2.34365e-03
9.606875 2.40250111e-02 7.51933173e-03 3.15443428e-02 5.32064036e-03 1.21522608e+00 5.61699868e-01 4.67725163e-03 3.129793e-01 4.622184e-01 8.593700e+00 8.713499e+00 4.817320e-01 1.4394e-03 2.8658e-03 -2.4010e-05 0.02785 8.58487e-02 1.44306e-01 2.50448e-01 2.35546e-03
9.706947 2.36602386e-02 7.41247170e-03 3.10727103e-02 5.23254038e-03 1.19206660e+00 5.46887456e-01 4.57168303e-03 3.132881e-01 4.587726e-01 8.503299e+00 8.914161e+00 4.940323e-01 1.4155e-03 2.7957e-03 -2.1137e-05 0.02791 8.53183e-02 1.43115e-01 2.48714e-01 2.30502e-03
9.807019 2.33167451e-02 7.30368655e-03 3.06204316e-02 5.14623792e-03 1.16842252e+00 5.32870239e-01 4.46832601e-03 3.132378e-01 4.560595e-01 8.399969e+00 9.016426e+00 5.113951e-01 1.3914e-03 2.7142e-03 -2.4095e-05 0.02759 8.40845e-02 1.41277e-01 2.46324e-01 2.24144e-03
9.907090 2.29779433e-02 7.20063223e-03 3.01785755e-02 5.05542659e-03 1.14477861e+00 5.20116835e-01 4.37002456e-03 3.133715e-01 4.543384e-01 8.296990e+00 9.032500e+00 5.308961e-01 1.3686e-03 2.6287e-03 -2.2824e-05 0.02723 8.25928e-02 1.39362e-01 2.44118e-01 2.19598e-03
10.000190 2.26651032e-02 7.10611803e-03 2.97712212e-02 4.97844840e-03 1.12990105e+00 5.09109889e-01 4.29624167e-03 3.135268e-01 4.505792e-01 8.211527e+00 8.967231e+00 5.356487e-01 1.3516e-03 2.5466e-03 -2.2469e-05 0.02726 8.39257e-02 1.40228e-01 2.44401e-01 2.21918e-03
