# tg_mhd (CUDA FP64)  tgc_slip_cond_n256_re1000_drive0.2_bdrive0.1  N=256 L=256 Re=1000 Pm=1 u0=0.05 nu_lat=4.058451e-03 eta_lat=4.058451e-03 tau_f=0.512175 tau_m=0.516234 dt=6.159986e-04 fw=profile
# t E_V E_M E_T H_C Omega_V Omega_M eps EM/EV OmM/OmV j_max w_max skew divb/j divb_wall/j mass_drift umax_lat fw1 fw2 fw4 tau_wall
0.000000 1.25007255e-01 1.25000000e-01 2.50007255e-01 3.51146527e-20 3.75002796e-01 1.49969646e+00 3.74939851e-03 9.999420e-01 3.999161e+00 3.463620e+00 1.999874e+00 1.480447e-18 3.3640e-15 5.0715e-15 +0.0000e+00 0.05000 4.03044e-02 8.08348e-02 1.63019e-01 0.00000e+00
0.250095 1.30790868e-01 1.31419266e-01 2.62210134e-01 -2.05825886e-05 4.54865195e-01 1.63149023e+00 4.17271084e-03 1.004805e+00 3.586755e+00 3.729929e+00 2.088854e+00 1.184219e-01 1.5694e-04 4.7573e-05 -3.8330e-06 0.05267 3.73600e-02 7.50239e-02 1.51691e-01 0.00000e+00
0.500191 1.36317935e-01 1.37932474e-01 2.74250409e-01 -9.13347086e-05 6.51156547e-01 1.89628332e+00 5.09487974e-03 1.011844e+00 2.912177e+00 4.337815e+00 2.395157e+00 2.205644e-01 2.7738e-04 1.7812e-04 -9.9489e-06 0.05339 3.39922e-02 6.86153e-02 1.39743e-01 0.00000e+00
0.750286 1.41502497e-01 1.43857843e-01 2.85360340e-01 -1.79180375e-04 9.55936572e-01 2.36534086e+00 6.64255486e-03 1.016645e+00 2.474370e+00 5.524389e+00 3.423568e+00 3.477485e-01 3.8875e-04 4.8152e-04 -1.1304e-05 0.05608 3.08561e-02 6.32630e-02 1.31942e-01 0.00000e+00
1.000382 1.47328966e-01 1.47767636e-01 2.95096602e-01 -1.46689916e-04 1.43048590e+00 3.15914214e+00 9.17925609e-03 1.002977e+00 2.208440e+00 7.613611e+00 5.226881e+00 4.475617e-01 6.8307e-04 1.3659e-03 -4.4579e-06 0.05980 2.87297e-02 6.17128e-02 1.35645e-01 0.00000e+00
1.250477 1.54812267e-01 1.48148082e-01 3.02960350e-01 1.82839011e-04 2.22183400e+00 4.52500335e+00 1.34936747e-02 9.569531e-01 2.036607e+00 1.619853e+01 9.242103e+00 4.810381e-01 1.6370e-03 3.3660e-03 +6.3334e-06 0.06416 2.95407e-02 6.86475e-02 1.53848e-01 0.00000e+00
1.500572 1.63475616e-01 1.44954742e-01 3.08430359e-01 9.37457577e-04 3.47947697e+00 7.02846951e+00 2.10158930e-02 8.867056e-01 2.019979e+00 2.918283e+01 1.737755e+01 5.574070e-01 4.7175e-03 8.1472e-03 +1.3561e-05 0.06796 3.40354e-02 8.35133e-02 1.66344e-01 0.00000e+00
1.750668 1.71543933e-01 1.39489199e-01 3.11033132e-01 2.22756184e-03 5.09017035e+00 1.11007676e+01 3.23818760e-02 8.131398e-01 2.180824e+00 3.805865e+01 2.407659e+01 5.533198e-01 9.3751e-03 1.2014e-02 +1.2335e-05 0.06772 3.80239e-02 8.78937e-02 1.60184e-01 0.00000e+00
2.000763 1.78626706e-01 1.31959141e-01 3.10585847e-01 4.12683822e-03 6.59833363e+00 1.45599591e+01 4.23165854e-02 7.387425e-01 2.206612e+00 4.675012e+01 2.268427e+01 4.491458e-01 1.3672e-02 1.2918e-02 +4.6972e-06 0.06762 3.66600e-02 8.13762e-02 1.57896e-01 0.00000e+00
2.250859 1.85678212e-01 1.22708093e-01 3.08386305e-01 6.52111020e-03 7.95547907e+00 1.51282686e+01 4.61674953e-02 6.608643e-01 1.901616e+00 4.783382e+01 2.623058e+01 4.725628e-01 1.3237e-02 1.5871e-02 -2.8875e-06 0.06122 3.30460e-02 7.55423e-02 2.06534e-01 0.00000e+00
2.500954 1.92552658e-01 1.13225577e-01 3.05778236e-01 8.99090344e-03 9.04606645e+00 1.48222701e+01 4.77366730e-02 5.880240e-01 1.638532e+00 4.461607e+01 2.587527e+01 4.138888e-01 1.1273e-02 1.9278e-02 -4.4350e-06 0.06167 3.02361e-02 8.33405e-02 2.34829e-01 0.00000e+00
2.751050 1.98042754e-01 1.04975255e-01 3.03018009e-01 1.12054361e-02 9.88360008e+00 1.47221226e+01 4.92114453e-02 5.300636e-01 1.489551e+00 4.206749e+01 2.193951e+01 4.170859e-01 1.0399e-02 1.9251e-02 -1.2305e-06 0.06314 2.99675e-02 1.04778e-01 2.28022e-01 0.00000e+00
3.001145 2.01020425e-01 9.86941227e-02 2.99714548e-01 1.31011651e-02 1.02702520e+01 1.52439381e+01 5.10283802e-02 4.909656e-01 1.484281e+00 3.835157e+01 2.165091e+01 4.387836e-01 1.0222e-02 1.8974e-02 +3.0443e-06 0.06358 3.59171e-02 1.08478e-01 2.10703e-01 0.00000e+00
3.251240 2.01652158e-01 9.39152700e-02 2.95567428e-01 1.45304616e-02 1.02865421e+01 1.60919158e+01 5.27569158e-02 4.657291e-01 1.564366e+00 3.359903e+01 2.224388e+01 3.859032e-01 1.1554e-02 1.7417e-02 +4.4688e-06 0.06512 3.61392e-02 9.72855e-02 1.95236e-01 0.00000e+00
3.501336 2.00294276e-01 9.00161041e-02 2.90310380e-01 1.56089917e-02 1.04042302e+01 1.70930751e+01 5.49946105e-02 4.494193e-01 1.642897e+00 4.922439e+01 2.385586e+01 3.328147e-01 1.5359e-02 1.5622e-02 +2.2422e-06 0.06488 3.14202e-02 8.91951e-02 1.98847e-01 0.00000e+00
3.751431 1.97172224e-01 8.63526267e-02 2.83524850e-01 1.66196998e-02 1.05811306e+01 1.82893732e+01 5.77410075e-02 4.379553e-01 1.728490e+00 4.711360e+01 2.323321e+01 3.622737e-01 1.5712e-02 1.5382e-02 +4.3518e-07 0.06341 3.83863e-02 1.22188e-01 2.39929e-01 0.00000e+00
4.001527 1.93385801e-01 8.16777988e-02 2.75063600e-01 1.78835938e-02 1.09404804e+01 1.86078843e+01 5.90967294e-02 4.223568e-01 1.700829e+00 3.837007e+01 2.111189e+01 4.246014e-01 1.5113e-02 1.7261e-02 +3.3416e-06 0.07648 7.19464e-02 1.44659e-01 2.50437e-01 0.00000e+00
4.251622 1.88904791e-01 7.73730783e-02 2.66277869e-01 1.92649016e-02 1.12466813e+01 1.74831507e+01 5.74596641e-02 4.095877e-01 1.554516e+00 4.698286e+01 2.445680e+01 4.205447e-01 1.6812e-02 2.4085e-02 +9.2246e-06 0.08217 4.32820e-02 1.08363e-01 2.14514e-01 0.00000e+00
4.501717 1.83005998e-01 7.41098131e-02 2.57115811e-01 2.08998399e-02 1.12411561e+01 1.78693245e+01 5.82209612e-02 4.049584e-01 1.589634e+00 4.987816e+01 2.580230e+01 3.467163e-01 1.6560e-02 2.6602e-02 +1.1820e-05 0.07459 6.40471e-02 1.39790e-01 2.52073e-01 0.00000e+00
4.751813 1.76969634e-01 7.06157936e-02 2.47585428e-01 2.26798203e-02 1.11317604e+01 1.79360457e+01 5.81356121e-02 3.990277e-01 1.611250e+00 4.103232e+01 2.765530e+01 3.729479e-01 1.5505e-02 2.3574e-02 +1.1483e-05 0.06665 7.00806e-02 1.55550e-01 2.80598e-01 0.00000e+00
5.001908 1.71673998e-01 6.62827077e-02 2.37956706e-01 2.41533307e-02 1.11618760e+01 1.80075131e+01 5.83387782e-02 3.860964e-01 1.613305e+00 4.653121e+01 2.414119e+01 5.117536e-01 1.6693e-02 2.5304e-02 +8.0157e-06 0.06565 6.40441e-02 1.51955e-01 2.84949e-01 0.00000e+00
5.252004 1.67118423e-01 6.11446594e-02 2.28263082e-01 2.50423488e-02 1.13022863e+01 1.76564547e+01 5.79174822e-02 3.658762e-01 1.562202e+00 5.757334e+01 3.128754e+01 5.933326e-01 1.8150e-02 2.2847e-02 +3.0671e-06 0.06426 5.30226e-02 1.32706e-01 2.66342e-01 0.00000e+00
5.502099 1.63109904e-01 5.59184256e-02 2.19028329e-01 2.56451318e-02 1.10799496e+01 1.62630501e+01 5.46859993e-02 3.428267e-01 1.467791e+00 4.647663e+01 2.757745e+01 5.186888e-01 1.7555e-02 2.0005e-02 -3.7481e-07 0.06859 4.61358e-02 1.22759e-01 2.50917e-01 0.00000e+00
5.752195 1.59720504e-01 5.14146217e-02 2.11135125e-01 2.64249640e-02 1.04665228e+01 1.38077428e+01 4.85485313e-02 3.219037e-01 1.319229e+00 3.866777e+01 2.914916e+01 5.218867e-01 1.4757e-02 1.8357e-02 -3.8979e-07 0.06745 4.78399e-02 1.20506e-01 2.35394e-01 0.00000e+00
6.002290 1.56382551e-01 4.83791703e-02 2.04761722e-01 2.72457410e-02 9.55650473e+00 1.23567031e+01 4.38264156e-02 3.093642e-01 1.293015e+00 3.337235e+01 2.954561e+01 4.639128e-01 1.4113e-02 2.0941e-02 +1.3053e-06 0.06664 4.44230e-02 1.08677e-01 2.11514e-01 0.00000e+00
6.252385 1.52793109e-01 4.65844445e-02 1.99377553e-01 2.79741727e-02 8.57027094e+00 1.20929339e+01 4.13264097e-02 3.048858e-01 1.411033e+00 4.992267e+01 2.763746e+01 4.080650e-01 1.4187e-02 2.1450e-02 +2.3791e-06 0.06803 3.74448e-02 9.40114e-02 1.89840e-01 0.00000e+00
6.502481 1.49531832e-01 4.51610554e-02 1.94692887e-01 2.86587797e-02 7.77008776e+00 1.14743574e+01 3.84888904e-02 3.020163e-01 1.476735e+00 5.184905e+01 2.577363e+01 3.996397e-01 1.3730e-02 2.1035e-02 +1.8905e-06 0.07148 3.28352e-02 8.58506e-02 1.83696e-01 0.00000e+00
6.752576 1.47005843e-01 4.38855740e-02 1.90891417e-01 2.94322826e-02 7.23216129e+00 1.07699531e+01 3.60042288e-02 2.985295e-01 1.489175e+00 5.101387e+01 2.576670e+01 4.026323e-01 1.2276e-02 1.9997e-02 +1.3110e-06 0.06876 3.09643e-02 8.37839e-02 1.83737e-01 0.00000e+00
7.002672 1.45197063e-01 4.24353417e-02 1.87632404e-01 3.02933087e-02 6.87838816e+00 1.06155055e+01 3.49877873e-02 2.922603e-01 1.543313e+00 5.065451e+01 1.666157e+01 4.280660e-01 1.2301e-02 1.8592e-02 +2.3767e-06 0.06273 2.96161e-02 8.16156e-02 1.80515e-01 0.00000e+00
7.252767 1.44114707e-01 4.06849412e-02 1.84799648e-01 3.11602369e-02 6.69961204e+00 1.01324306e+01 3.36640853e-02 2.823094e-01 1.512391e+00 4.889338e+01 1.596380e+01 4.102030e-01 1.2077e-02 1.7307e-02 +5.5514e-06 0.06003 2.92400e-02 8.13105e-02 1.83138e-01 0.00000e+00
7.502862 1.43497478e-01 3.90437697e-02 1.82541248e-01 3.19549991e-02 6.51562736e+00 9.49005520e+00 3.20113651e-02 2.720868e-01 1.456507e+00 4.167226e+01 1.825956e+01 4.000527e-01 1.1351e-02 1.6613e-02 +9.2557e-06 0.06389 3.00746e-02 8.18880e-02 1.83951e-01 0.00000e+00
7.752958 1.43134193e-01 3.78130859e-02 1.80947279e-01 3.26323002e-02 6.35138938e+00 8.81174327e+00 3.03262653e-02 2.641793e-01 1.387373e+00 3.691118e+01 1.629415e+01 4.073587e-01 1.0971e-02 1.4846e-02 +1.1498e-05 0.06224 3.14744e-02 8.54322e-02 1.86235e-01 0.00000e+00
8.003053 1.42909775e-01 3.71136407e-02 1.80023416e-01 3.32194051e-02 6.21419679e+00 8.26194800e+00 2.89522896e-02 2.596998e-01 1.329528e+00 3.165423e+01 1.931601e+01 4.352629e-01 1.1779e-02 1.5854e-02 +1.1049e-05 0.05908 3.42002e-02 8.92521e-02 1.93400e-01 0.00000e+00
8.253149 1.42843639e-01 3.67396554e-02 1.79583295e-01 3.37480995e-02 6.06556395e+00 8.03334508e+00 2.81978181e-02 2.572019e-01 1.324418e+00 2.993813e+01 2.419507e+01 4.623454e-01 1.2527e-02 1.7626e-02 +8.5683e-06 0.05718 3.55764e-02 8.92673e-02 2.02216e-01 0.00000e+00
8.503244 1.42888814e-01 3.65236849e-02 1.79412499e-01 3.41442879e-02 5.91864955e+00 7.89730819e+00 2.76319155e-02 2.556091e-01 1.334309e+00 3.110575e+01 2.301995e+01 4.935580e-01 1.3204e-02 2.0592e-02 +5.6963e-06 0.05872 3.49922e-02 9.03361e-02 2.04894e-01 0.00000e+00
8.753340 1.42932321e-01 3.65564038e-02 1.79488725e-01 3.43386468e-02 5.68434461e+00 7.40393310e+00 2.61765554e-02 2.557602e-01 1.302513e+00 3.241721e+01 1.433086e+01 4.260465e-01 1.2682e-02 2.2288e-02 +3.8929e-06 0.05206 3.19194e-02 8.43699e-02 1.94674e-01 0.00000e+00
9.003435 1.42877344e-01 3.70051642e-02 1.79882508e-01 3.44772407e-02 5.42466707e+00 6.82182749e+00 2.44929891e-02 2.589995e-01 1.257557e+00 3.127025e+01 1.557141e+01 3.599587e-01 1.0594e-02 1.9070e-02 +3.2799e-06 0.05052 2.72028e-02 7.69243e-02 1.79217e-01 0.00000e+00
9.253530 1.42736628e-01 3.76424034e-02 1.80379031e-01 3.46457924e-02 5.26939736e+00 6.59718767e+00 2.37331701e-02 2.637193e-01 1.251981e+00 3.013272e+01 1.514391e+01 3.521765e-01 1.0030e-02 1.5901e-02 +3.1816e-06 0.04999 2.82396e-02 7.90045e-02 1.78338e-01 0.00000e+00
9.503626 1.42473552e-01 3.83569217e-02 1.80830474e-01 3.48035136e-02 5.30185895e+00 6.55989735e+00 2.37235126e-02 2.692213e-01 1.237283e+00 2.751154e+01 1.458587e+01 3.122251e-01 9.6114e-03 1.5604e-02 +2.9231e-06 0.05244 3.12530e-02 8.38424e-02 1.78507e-01 0.00000e+00
9.753721 1.41930581e-01 3.92935449e-02 1.81224126e-01 3.49384575e-02 5.38553117e+00 6.69996384e+00 2.41709900e-02 2.768504e-01 1.244067e+00 2.304930e+01 1.293422e+01 2.476703e-01 9.3615e-03 1.3810e-02 +2.6479e-06 0.05281 3.21184e-02 8.53718e-02 1.80832e-01 0.00000e+00
10.003817 1.41167810e-01 4.03323390e-02 1.81500149e-01 3.50940014e-02 5.43866024e+00 7.05164497e+00 2.49806104e-02 2.857049e-01 1.296578e+00 2.083218e+01 1.261006e+01 2.147052e-01 9.2913e-03 1.3581e-02 +2.8675e-06 0.05035 3.51443e-02 9.37420e-02 1.81977e-01 0.00000e+00
10.253912 1.40476893e-01 4.11486672e-02 1.81625561e-01 3.53976318e-02 5.42816531e+00 7.43423506e+00 2.57248007e-02 2.929213e-01 1.369567e+00 2.276022e+01 1.205014e+01 2.104334e-01 8.9934e-03 1.2161e-02 +3.8784e-06 0.04945 4.14237e-02 1.02288e-01 1.82389e-01 0.00000e+00
10.504007 1.40035504e-01 4.15741279e-02 1.81609632e-01 3.59184275e-02 5.35333817e+00 7.90378710e+00 2.65142505e-02 2.968828e-01 1.476422e+00 2.591705e+01 1.191374e+01 2.461264e-01 8.9229e-03 1.2543e-02 +5.4092e-06 0.04831 4.98419e-02 1.20591e-01 1.98934e-01 0.00000e+00
10.754103 1.39957511e-01 4.14463017e-02 1.81403813e-01 3.66026996e-02 5.30341069e+00 8.34940289e+00 2.73056271e-02 2.961349e-01 1.574346e+00 3.470251e+01 1.233211e+01 2.930981e-01 9.2906e-03 1.4350e-02 +6.6875e-06 0.05053 7.41147e-02 1.59494e-01 2.30773e-01 0.00000e+00
11.004198 1.40403728e-01 4.07701655e-02 1.81173894e-01 3.74442276e-02 5.26100092e+00 8.23196596e+00 2.69859338e-02 2.903781e-01 1.564715e+00 3.659102e+01 1.299066e+01 3.328835e-01 9.4047e-03 1.4886e-02 +7.4771e-06 0.05459 9.45884e-02 1.72934e-01 2.42791e-01 0.00000e+00
11.254294 1.41393820e-01 3.99051331e-02 1.81298954e-01 3.85625187e-02 5.18718409e+00 7.72264930e+00 2.58196668e-02 2.822269e-01 1.488794e+00 3.717852e+01 1.166182e+01 3.345524e-01 9.1568e-03 1.4033e-02 +7.3569e-06 0.05490 8.66440e-02 1.52692e-01 2.24933e-01 0.00000e+00
11.504389 1.42738275e-01 3.92238545e-02 1.81962129e-01 3.99807814e-02 5.14120599e+00 7.13231688e+00 2.45470458e-02 2.747956e-01 1.387285e+00 3.799986e+01 1.175427e+01 3.261667e-01 9.4790e-03 1.3421e-02 +6.4956e-06 0.05625 6.38655e-02 1.20341e-01 1.97468e-01 0.00000e+00
11.754485 1.44003830e-01 3.91066563e-02 1.83110486e-01 4.15749178e-02 5.09580913e+00 6.69625432e+00 2.35841269e-02 2.715668e-01 1.314071e+00 3.505757e+01 1.205557e+01 3.272515e-01 9.5938e-03 1.5754e-02 +5.5248e-06 0.05436 4.89028e-02 1.02317e-01 1.86411e-01 0.00000e+00
12.004580 1.45048400e-01 3.94889018e-02 1.84537302e-01 4.31617893e-02 5.04308544e+00 6.55143062e+00 2.31890321e-02 2.722464e-01 1.299092e+00 3.327370e+01 1.363421e+01 3.580663e-01 9.2446e-03 1.7552e-02 +5.0581e-06 0.05170 4.29486e-02 9.58654e-02 1.86000e-01 0.00000e+00
12.254675 1.46066112e-01 3.99720795e-02 1.86038191e-01 4.46023510e-02 5.04304513e+00 6.44664928e+00 2.29793888e-02 2.736574e-01 1.278325e+00 3.352126e+01 1.430761e+01 4.055858e-01 8.5232e-03 1.7520e-02 +5.0392e-06 0.05751 3.85538e-02 9.32309e-02 1.88679e-01 0.00000e+00
12.504771 1.47056959e-01 4.04279364e-02 1.87484895e-01 4.57706220e-02 5.10293283e+00 6.24806128e+00 2.27019882e-02 2.749135e-01 1.224406e+00 3.179801e+01 1.369062e+01 3.983254e-01 8.5728e-03 1.6787e-02 +5.2938e-06 0.06121 3.74369e-02 9.73261e-02 1.97167e-01 0.00000e+00
12.754866 1.47880756e-01 4.09156553e-02 1.88796411e-01 4.65088049e-02 5.17737642e+00 5.93660969e+00 2.22279722e-02 2.766801e-01 1.146644e+00 2.601038e+01 1.376148e+01 3.171240e-01 8.7052e-03 1.6373e-02 +5.7482e-06 0.06174 4.01096e-02 1.02391e-01 2.01338e-01 0.00000e+00
13.004962 1.48357152e-01 4.16164071e-02 1.89973559e-01 4.67547874e-02 5.24833820e+00 5.72823889e+00 2.19531542e-02 2.805150e-01 1.091439e+00 1.956701e+01 1.196031e+01 3.049961e-01 8.6164e-03 1.6805e-02 +6.4128e-06 0.06018 3.98619e-02 1.01665e-01 2.04865e-01 0.00000e+00
13.255057 1.48288778e-01 4.26504390e-02 1.90939217e-01 4.65918339e-02 5.29148602e+00 5.72539569e+00 2.20337634e-02 2.876174e-01 1.082001e+00 1.689900e+01 1.326975e+01 3.244292e-01 8.4682e-03 1.7205e-02 +7.0852e-06 0.05963 3.74308e-02 1.01412e-01 2.15316e-01 0.00000e+00
13.505152 1.47513446e-01 4.41397875e-02 1.91653233e-01 4.61398599e-02 5.28167197e+00 5.96765579e+00 2.24986555e-02 2.992255e-01 1.129880e+00 1.999306e+01 1.568651e+01 3.280971e-01 7.9362e-03 1.9251e-02 +7.5198e-06 0.05779 4.11088e-02 1.17509e-01 2.34372e-01 0.00000e+00
13.755248 1.46109215e-01 4.59287522e-02 1.92037968e-01 4.54562257e-02 5.20609017e+00 6.43288719e+00 2.32779547e-02 3.143453e-01 1.235647e+00 2.145180e+01 1.800489e+01 3.104987e-01 7.5098e-03 1.6091e-02 +7.5362e-06 0.05656 5.39125e-02 1.38755e-01 2.52736e-01 0.00000e+00
14.005343 1.44681280e-01 4.74327314e-02 1.92114011e-01 4.45559696e-02 5.12144120e+00 6.84952435e+00 2.39419311e-02 3.278429e-01 1.337421e+00 3.003070e+01 1.731153e+01 2.721603e-01 7.4836e-03 1.2943e-02 +7.1897e-06 0.05554 5.97462e-02 1.48648e-01 2.62886e-01 0.00000e+00
14.255439 1.43853126e-01 4.81824673e-02 1.92035593e-01 4.35118717e-02 5.09682211e+00 6.87575597e+00 2.39451562e-02 3.349421e-01 1.349028e+00 2.843858e+01 1.399333e+01 3.660230e-01 9.5990e-03 1.3456e-02 +6.5330e-06 0.05399 6.19241e-02 1.48059e-01 2.59090e-01 0.00000e+00
14.505534 1.43784352e-01 4.83611416e-02 1.92145494e-01 4.25258671e-02 5.10711631e+00 6.68680649e+00 2.35878456e-02 3.363450e-01 1.309312e+00 3.275002e+01 1.285698e+01 4.228560e-01 9.4754e-03 1.1690e-02 +5.6874e-06 0.05878 6.09289e-02 1.43863e-01 2.52286e-01 0.00000e+00
14.755629 1.44213878e-01 4.81279269e-02 1.92341804e-01 4.17179591e-02 5.15147365e+00 7.23989926e+00 2.47827458e-02 3.337260e-01 1.405404e+00 4.205797e+01 1.164837e+01 4.301788e-01 9.9444e-03 1.2424e-02 +4.5663e-06 0.06096 5.64105e-02 1.32085e-01 2.40670e-01 0.00000e+00
15.005725 1.44845251e-01 4.75438871e-02 1.92389138e-01 4.11362964e-02 5.19433652e+00 7.81769049e+00 2.60240540e-02 3.282392e-01 1.505041e+00 4.246778e+01 1.408549e+01 4.254874e-01 1.1976e-02 1.4424e-02 +3.4540e-06 0.05862 5.02076e-02 1.15136e-01 2.16419e-01 0.00000e+00
15.255820 1.45624032e-01 4.68595156e-02 1.92483548e-01 4.07089535e-02 5.28229223e+00 7.83432999e+00 2.62332444e-02 3.217842e-01 1.483131e+00 4.107269e+01 1.492830e+01 4.399977e-01 1.2402e-02 1.4777e-02 +2.7404e-06 0.05620 4.43954e-02 1.00916e-01 1.92509e-01 0.00000e+00
15.505916 1.46515291e-01 4.63392045e-02 1.92854496e-01 4.03340040e-02 5.39143115e+00 7.46604031e+00 2.57149429e-02 3.162756e-01 1.384797e+00 3.865195e+01 1.458845e+01 4.738390e-01 1.2354e-02 1.3766e-02 +2.5907e-06 0.05670 4.01849e-02 9.16608e-02 1.77462e-01 0.00000e+00
15.756011 1.47401361e-01 4.62224829e-02 1.93623844e-01 4.01091111e-02 5.43511711e+00 6.87040280e+00 2.46110398e-02 3.135825e-01 1.264076e+00 3.764571e+01 1.375879e+01 5.400882e-01 1.1579e-02 1.2415e-02 +3.0508e-06 0.05594 3.69715e-02 8.45325e-02 1.67809e-01 0.00000e+00
16.006107 1.48106841e-01 4.66958239e-02 1.94802665e-01 4.01771932e-02 5.46726813e+00 6.35915836e+00 2.36528530e-02 3.152847e-01 1.163133e+00 2.232313e+01 1.508566e+01 5.711064e-01 1.0663e-02 1.4033e-02 +4.0713e-06 0.05303 3.24547e-02 7.70835e-02 1.55231e-01 0.00000e+00
16.256202 1.48301869e-01 4.78802625e-02 1.96182131e-01 4.06168466e-02 5.52423578e+00 6.25427748e+00 2.35570265e-02 3.228568e-01 1.132153e+00 1.886527e+01 1.874930e+01 5.476997e-01 1.0611e-02 1.0994e-02 +5.5935e-06 0.05270 2.97714e-02 7.02145e-02 1.42748e-01 0.00000e+00
16.506297 1.47640207e-01 4.97724047e-02 1.97412612e-01 4.14399695e-02 5.60996493e+00 6.63048768e+00 2.44809052e-02 3.371196e-01 1.181913e+00 2.386929e+01 2.038658e+01 5.544589e-01 1.0198e-02 9.1512e-03 +7.4065e-06 0.05232 3.01446e-02 6.89839e-02 1.43442e-01 0.00000e+00
16.756393 1.45978367e-01 5.22466025e-02 1.98224969e-01 4.24113032e-02 5.69026586e+00 7.30884200e+00 2.59982157e-02 3.579065e-01 1.284446e+00 2.690703e+01 2.028938e+01 5.457621e-01 9.9719e-03 1.0968e-02 +9.0727e-06 0.05470 3.25411e-02 7.51837e-02 1.60369e-01 0.00000e+00
17.006488 1.43601133e-01 5.48608070e-02 1.98461940e-01 4.32624950e-02 5.79211781e+00 8.25354274e+00 2.80913211e-02 3.820360e-01 1.424961e+00 2.537825e+01 2.162420e+01 4.982372e-01 1.0097e-02 1.1613e-02 +1.0013e-05 0.05780 3.58111e-02 8.71084e-02 1.77679e-01 0.00000e+00
17.256584 1.41263890e-01 5.67163863e-02 1.97980277e-01 4.37220164e-02 6.00906153e+00 9.35553499e+00 3.07291930e-02 4.014925e-01 1.556905e+00 2.837720e+01 1.941746e+01 4.834102e-01 1.0105e-02 1.2494e-02 +9.9946e-06 0.05998 4.24812e-02 9.82251e-02 1.96105e-01 0.00000e+00
17.506679 1.39664190e-01 5.70324681e-02 1.96696658e-01 4.37965696e-02 6.32993181e+00 1.00468036e+01 3.27534708e-02 4.083543e-01 1.587190e+00 3.246068e+01 1.737517e+01 4.350870e-01 1.1144e-02 1.4290e-02 +9.1825e-06 0.05909 5.03925e-02 1.09509e-01 2.05433e-01 0.00000e+00
17.756774 1.38752652e-01 5.61231727e-02 1.94875825e-01 4.35425947e-02 6.61596743e+00 1.02516955e+01 3.37353258e-02 4.044836e-01 1.549538e+00 3.419089e+01 1.975134e+01 3.854741e-01 1.1999e-02 1.6982e-02 +7.7010e-06 0.05780 4.98706e-02 1.04228e-01 1.95899e-01 0.00000e+00
18.006870 1.38229428e-01 5.46353023e-02 1.92864730e-01 4.30172438e-02 6.64972951e+00 1.01915103e+01 3.36824795e-02 3.952509e-01 1.532620e+00 4.028784e+01 2.136223e+01 3.429185e-01 1.2280e-02 1.8985e-02 +5.7010e-06 0.05726 3.91153e-02 8.81013e-02 1.75531e-01 0.00000e+00
18.256965 1.38176262e-01 5.29067742e-02 1.91083036e-01 4.22926107e-02 6.54107935e+00 9.49407744e+00 3.20703136e-02 3.828934e-01 1.451454e+00 3.730933e+01 1.880285e+01 3.374939e-01 1.2426e-02 1.9521e-02 +4.1458e-06 0.05712 3.71144e-02 9.01340e-02 1.74019e-01 0.00000e+00
18.507061 1.38690940e-01 5.12180960e-02 1.89909036e-01 4.14164987e-02 6.37085896e+00 8.68508959e+00 3.01118971e-02 3.692966e-01 1.363253e+00 3.088772e+01 1.848012e+01 3.216006e-01 1.1691e-02 1.7509e-02 +3.7379e-06 0.05772 4.56959e-02 1.09705e-01 1.98325e-01 0.00000e+00
18.757156 1.39497760e-01 4.99650359e-02 1.89462796e-01 4.06315717e-02 6.15282238e+00 7.99839063e+00 2.83024260e-02 3.581781e-01 1.299955e+00 3.085194e+01 1.647617e+01 3.278661e-01 1.1284e-02 1.5653e-02 +4.3930e-06 0.05720 4.69513e-02 1.15137e-01 2.09453e-01 0.00000e+00
19.007252 1.40288126e-01 4.93621771e-02 1.89650303e-01 4.00615270e-02 6.05114978e+00 7.70162415e+00 2.75055479e-02 3.518628e-01 1.272754e+00 3.006591e+01 1.401623e+01 3.701371e-01 1.0699e-02 1.4000e-02 +5.5668e-06 0.05640 4.44251e-02 1.10264e-01 2.03505e-01 0.00000e+00
19.257347 1.40604744e-01 4.94883761e-02 1.90093121e-01 3.96382903e-02 6.21406728e+00 7.74029494e+00 2.79087244e-02 3.519680e-01 1.245608e+00 3.087383e+01 1.434848e+01 3.775069e-01 9.9129e-03 1.3373e-02 +6.9114e-06 0.05666 4.14345e-02 1.00807e-01 1.87110e-01 0.00000e+00
19.507442 1.40060608e-01 5.03184427e-02 1.90379051e-01 3.94095051e-02 6.33708487e+00 7.97533241e+00 2.86248345e-02 3.592619e-01 1.258518e+00 2.860678e+01 1.508974e+01 3.475929e-01 1.2363e-02 1.3880e-02 +8.0288e-06 0.06137 3.56188e-02 8.42738e-02 1.66562e-01 0.00000e+00
19.757538 1.38822823e-01 5.16684623e-02 1.90491286e-01 3.93592134e-02 6.39477813e+00 7.74442006e+00 2.82783964e-02 3.721900e-01 1.211054e+00 3.266038e+01 1.512189e+01 3.823669e-01 1.2567e-02 1.4074e-02 +8.7491e-06 0.06087 2.91640e-02 6.82746e-02 1.53913e-01 0.00000e+00
20.007633 1.37190850e-01 5.33188687e-02 1.90509719e-01 3.95269948e-02 6.33866096e+00 7.70479642e+00 2.80869147e-02 3.886474e-01 1.215524e+00 2.871990e+01 1.758028e+01 3.621992e-01 1.0970e-02 1.2429e-02 +9.1333e-06 0.06053 2.66830e-02 6.33514e-02 1.53078e-01 0.00000e+00
20.257729 1.35538788e-01 5.48141454e-02 1.90352933e-01 3.98217146e-02 6.24491883e+00 7.89807466e+00 2.82859870e-02 4.044167e-01 1.264720e+00 2.875183e+01 1.458125e+01 2.840932e-01 1.0558e-02 1.3256e-02 +9.2260e-06 0.06032 2.71186e-02 6.65822e-02 1.54340e-01 0.00000e+00
20.507824 1.33943914e-01 5.59816129e-02 1.89925527e-01 4.01204338e-02 6.31231702e+00 8.18368341e+00 2.89920009e-02 4.179482e-01 1.296463e+00 3.295981e+01 1.679796e+01 2.945004e-01 1.0700e-02 1.3854e-02 +8.8102e-06 0.05595 2.70627e-02 7.12686e-02 1.54457e-01 0.00000e+00
20.757919 1.32316125e-01 5.68714934e-02 1.89187618e-01 4.02330974e-02 6.44353717e+00 8.37581423e+00 2.96387028e-02 4.298153e-01 1.299878e+00 2.918999e+01 1.847167e+01 3.072620e-01 1.1011e-02 1.4529e-02 +7.6472e-06 0.05966 2.80115e-02 7.42926e-02 1.55256e-01 0.00000e+00
21.008015 1.30667153e-01 5.75422642e-02 1.88209417e-01 3.99104399e-02 6.57896803e+00 8.53533062e+00 3.02285973e-02 4.403728e-01 1.297366e+00 3.382502e+01 1.867201e+01 3.430626e-01 1.1764e-02 1.6363e-02 +5.8538e-06 0.06093 3.24472e-02 8.31659e-02 1.64833e-01 0.00000e+00
21.258110 1.29190877e-01 5.78819680e-02 1.87072845e-01 3.92808944e-02 6.71121545e+00 8.66905561e+00 3.07605421e-02 4.480345e-01 1.291727e+00 3.191054e+01 2.067334e+01 3.864544e-01 1.1259e-02 1.4153e-02 +3.8306e-06 0.06002 3.57745e-02 9.51266e-02 1.93521e-01 0.00000e+00
21.508206 1.28136293e-01 5.76035454e-02 1.85739838e-01 3.85587863e-02 6.71865228e+00 8.83597111e+00 3.11092468e-02 4.495490e-01 1.315140e+00 3.105985e+01 2.144572e+01 3.959388e-01 1.0905e-02 1.3135e-02 +2.1689e-06 0.05711 4.58153e-02 1.23469e-01 2.22266e-01 0.00000e+00
21.758301 1.27491752e-01 5.67715938e-02 1.84263346e-01 3.78789713e-02 6.61725732e+00 9.02341812e+00 3.12813509e-02 4.452962e-01 1.363619e+00 3.158399e+01 1.779215e+01 3.253075e-01 1.0662e-02 1.3602e-02 +1.6669e-06 0.05460 5.47400e-02 1.26356e-01 2.24573e-01 0.00000e+00
22.008397 1.27116012e-01 5.57460551e-02 1.82862068e-01 3.71394940e-02 6.51794112e+00 8.67293140e+00 3.03817450e-02 4.385447e-01 1.330624e+00 3.013956e+01 1.816107e+01 2.085119e-01 1.0285e-02 1.3326e-02 +2.3413e-06 0.05255 4.88133e-02 1.17286e-01 2.22128e-01 0.00000e+00
22.258492 1.26871886e-01 5.47969956e-02 1.81668881e-01 3.64701272e-02 6.52063932e+00 8.63173902e+00 3.03047567e-02 4.319081e-01 1.323757e+00 2.928930e+01 1.885791e+01 2.259997e-01 9.1318e-03 1.3573e-02 +3.4812e-06 0.05416 4.40726e-02 1.16329e-01 2.30699e-01 0.00000e+00
22.508587 1.26604117e-01 5.38605978e-02 1.80464715e-01 3.61050714e-02 6.39690297e+00 8.84070267e+00 3.04752113e-02 4.254253e-01 1.382029e+00 2.933422e+01 1.771411e+01 3.370915e-01 1.0250e-02 1.3383e-02 +4.6713e-06 0.05448 4.32371e-02 1.19344e-01 2.34728e-01 0.00000e+00
22.758683 1.26098734e-01 5.32763792e-02 1.79375113e-01 3.59360492e-02 6.21426313e+00 8.71518919e+00 2.98589046e-02 4.224973e-01 1.402449e+00 2.895815e+01 1.593381e+01 4.331710e-01 1.0302e-02 1.3582e-02 +5.7264e-06 0.05363 4.67418e-02 1.27413e-01 2.36987e-01 0.00000e+00
23.008778 1.25176449e-01 5.33663562e-02 1.78542806e-01 3.58342685e-02 6.02339621e+00 8.48212707e+00 2.90110466e-02 4.263290e-01 1.408197e+00 2.995655e+01 1.515187e+01 3.871756e-01 1.0048e-02 1.2697e-02 +6.7124e-06 0.05556 5.31087e-02 1.31381e-01 2.32437e-01 0.00000e+00
23.258874 1.23944195e-01 5.39253633e-02 1.77869558e-01 3.57604420e-02 5.86910429e+00 8.30196672e+00 2.83421420e-02 4.350778e-01 1.414520e+00 2.721527e+01 1.409349e+01 3.367978e-01 9.2152e-03 1.2050e-02 +7.4505e-06 0.05479 5.36092e-02 1.21283e-01 2.15488e-01 0.00000e+00
23.508969 1.22741274e-01 5.45146948e-02 1.77255969e-01 3.57047144e-02 5.80826880e+00 8.11298884e+00 2.78425153e-02 4.441431e-01 1.396800e+00 3.970742e+01 1.414222e+01 3.969543e-01 9.0047e-03 1.3407e-02 +7.5763e-06 0.05422 4.08888e-02 9.70655e-02 1.90442e-01 0.00000e+00
23.759064 1.21771524e-01 5.48568777e-02 1.76628402e-01 3.57122564e-02 5.85177662e+00 7.88231031e+00 2.74681739e-02 4.504902e-01 1.346994e+00 3.954574e+01 1.869924e+01 4.234280e-01 9.5561e-03 1.3555e-02 +6.7659e-06 0.05895 3.21647e-02 8.18945e-02 1.72703e-01 0.00000e+00
24.009160 1.20938862e-01 5.49631835e-02 1.75902046e-01 3.59064695e-02 5.91571534e+00 7.95073841e+00 2.77329075e-02 4.544708e-01 1.344003e+00 3.227010e+01 2.043623e+01 4.088864e-01 9.6302e-03 1.3428e-02 +5.3291e-06 0.05864 3.33362e-02 8.37428e-02 1.69310e-01 0.00000e+00
24.259255 1.20086174e-01 5.47708725e-02 1.74857046e-01 3.63225631e-02 5.94309826e+00 8.43894294e+00 2.87640824e-02 4.560964e-01 1.419957e+00 2.980750e+01 2.219938e+01 5.041288e-01 9.8129e-03 1.4280e-02 +4.1243e-06 0.05690 3.82739e-02 8.99040e-02 1.71910e-01 0.00000e+00
24.509351 1.19389943e-01 5.41281625e-02 1.73518105e-01 3.68454954e-02 5.95590448e+00 8.71669972e+00 2.93452084e-02 4.533729e-01 1.463539e+00 3.251640e+01 2.372106e+01 6.285280e-01 1.0142e-02 1.3898e-02 +3.4845e-06 0.05525 3.92339e-02 8.92399e-02 1.67733e-01 0.00000e+00
24.759446 1.18963288e-01 5.32191375e-02 1.72182425e-01 3.72918264e-02 5.90688523e+00 8.54087202e+00 2.88955145e-02 4.473577e-01 1.445918e+00 3.457284e+01 2.216435e+01 6.513946e-01 1.0680e-02 1.3057e-02 +3.3911e-06 0.05453 3.71663e-02 8.49760e-02 1.61470e-01 0.00000e+00
25.009542 1.18622148e-01 5.25061495e-02 1.71128297e-01 3.75870358e-02 5.81896920e+00 8.31109423e+00 2.82601269e-02 4.426336e-01 1.428276e+00 3.185423e+01 1.944165e+01 5.741775e-01 1.0247e-02 1.3283e-02 +3.7671e-06 0.05502 3.62498e-02 8.47304e-02 1.60895e-01 0.00000e+00
25.259637 1.18201895e-01 5.21305297e-02 1.70332425e-01 3.76664758e-02 5.72086842e+00 8.09230765e+00 2.76263522e-02 4.410296e-01 1.414524e+00 2.889549e+01 1.789533e+01 4.740262e-01 1.0697e-02 1.6581e-02 +4.5634e-06 0.05479 3.72445e-02 8.08883e-02 1.55665e-01 0.00000e+00
25.509732 1.17705681e-01 5.21517871e-02 1.69857469e-01 3.74711850e-02 5.57500349e+00 7.78122266e+00 2.67124523e-02 4.430694e-01 1.395734e+00 4.019948e+01 1.745046e+01 3.859078e-01 1.1488e-02 1.7301e-02 +5.5118e-06 0.05403 2.84405e-02 6.81805e-02 1.41135e-01 0.00000e+00
25.759828 1.17352017e-01 5.22911889e-02 1.69643205e-01 3.70541933e-02 5.38157045e+00 7.61234630e+00 2.59878335e-02 4.455926e-01 1.414521e+00 4.043923e+01 1.573790e+01 2.842242e-01 1.1822e-02 1.7336e-02 +6.2353e-06 0.05263 2.72596e-02 6.50333e-02 1.36676e-01 0.00000e+00
26.009923 1.17377698e-01 5.22607366e-02 1.69638435e-01 3.64648759e-02 5.13116506e+00 7.42412599e+00 2.51105821e-02 4.452357e-01 1.446869e+00 2.211175e+01 1.631735e+01 2.226004e-01 1.0524e-02 1.4353e-02 +6.7449e-06 0.05483 2.71877e-02 6.72013e-02 1.39439e-01 0.00000e+00
26.260019 1.17712686e-01 5.20578805e-02 1.69770566e-01 3.58073664e-02 4.90819537e+00 7.41122162e+00 2.46388340e-02 4.422453e-01 1.509969e+00 2.329067e+01 1.499672e+01 2.135364e-01 1.0076e-02 1.4636e-02 +7.0437e-06 0.05430 2.91881e-02 7.51446e-02 1.54565e-01 0.00000e+00
26.510114 1.18274074e-01 5.16045028e-02 1.69878577e-01 3.52063805e-02 4.80358397e+00 7.50973806e+00 2.46266441e-02 4.363129e-01 1.563361e+00 2.118093e+01 1.350955e+01 2.344345e-01 1.0552e-02 1.6461e-02 +7.0874e-06 0.05263 3.24297e-02 8.86058e-02 1.76127e-01 0.00000e+00
26.760209 1.19066792e-01 5.08445274e-02 1.69911320e-01 3.47001391e-02 4.83444102e+00 7.52870269e+00 2.47262874e-02 4.270253e-01 1.557306e+00 2.481811e+01 1.347724e+01 2.734898e-01 9.8438e-03 1.2599e-02 +6.8481e-06 0.05226 4.05954e-02 1.04435e-01 1.90650e-01 0.00000e+00
27.010305 1.20032302e-01 4.98343125e-02 1.69866614e-01 3.42907867e-02 4.95430917e+00 7.55608435e+00 2.50207871e-02 4.151742e-01 1.525154e+00 3.184808e+01 1.808317e+01 3.372142e-01 9.2895e-03 1.1239e-02 +6.5209e-06 0.05234 4.73965e-02 1.04365e-01 1.88918e-01 0.00000e+00
27.260400 1.21127305e-01 4.86594600e-02 1.69786765e-01 3.40089135e-02 5.10237834e+00 7.41883705e+00 2.50424308e-02 4.017216e-01 1.453996e+00 3.550357e+01 1.834318e+01 3.867536e-01 9.5847e-03 1.2230e-02 +6.1216e-06 0.05174 3.98591e-02 9.14157e-02 1.69648e-01 0.00000e+00
27.510496 1.22240074e-01 4.75684140e-02 1.69808488e-01 3.38132276e-02 5.18204210e+00 7.19681569e+00 2.47577156e-02 3.891393e-01 1.388799e+00 3.540234e+01 1.895108e+01 4.143974e-01 1.0043e-02 1.7952e-02 +5.4703e-06 0.05267 3.38865e-02 8.06960e-02 1.55459e-01 0.00000e+00
27.760591 1.23253075e-01 4.68075790e-02 1.70060654e-01 3.36278583e-02 5.10688933e+00 6.78127739e+00 2.37763334e-02 3.797680e-01 1.327868e+00 3.083650e+01 1.740467e+01 4.309952e-01 1.1723e-02 1.9534e-02 +4.8986e-06 0.05613 3.31120e-02 7.73097e-02 1.52168e-01 0.00000e+00
28.010686 1.24291903e-01 4.64852857e-02 1.70777188e-01 3.34013511e-02 4.90934477e+00 6.12882339e+00 2.20763363e-02 3.740009e-01 1.248399e+00 2.508331e+01 1.429753e+01 4.057871e-01 1.2862e-02 1.8739e-02 +4.6650e-06 0.05684 3.20726e-02 7.53052e-02 1.52241e-01 0.00000e+00
28.260782 1.25462964e-01 4.66033968e-02 1.72066360e-01 3.31714479e-02 4.72216598e+00 5.61569369e+00 2.06757193e-02 3.714514e-01 1.189220e+00 2.242256e+01 1.442778e+01 3.380533e-01 1.1319e-02 1.8602e-02 +4.8040e-06 0.05567 2.97119e-02 6.91576e-02 1.49549e-01 0.00000e+00
28.510877 1.26785955e-01 4.69507121e-02 1.73736667e-01 3.30410238e-02 4.66566803e+00 5.51586169e+00 2.03630594e-02 3.703148e-01 1.182223e+00 2.264843e+01 1.403074e+01 3.337676e-01 9.4952e-03 1.6908e-02 +5.1757e-06 0.05418 2.62309e-02 6.72467e-02 1.46954e-01 0.00000e+00
28.760973 1.28379352e-01 4.71531264e-02 1.75532478e-01 3.30559554e-02 4.68032692e+00 5.73473322e+00 2.08301203e-02 3.672953e-01 1.225285e+00 2.488904e+01 1.507346e+01 3.555709e-01 8.5415e-03 1.5392e-02 +5.7029e-06 0.05379 2.64510e-02 7.16037e-02 1.54521e-01 0.00000e+00
29.011068 1.30253548e-01 4.69934407e-02 1.77246988e-01 3.32144283e-02 4.72507539e+00 6.17483873e+00 2.17998282e-02 3.607843e-01 1.306823e+00 2.310240e+01 1.737418e+01 3.731714e-01 9.3847e-03 1.2646e-02 +6.2284e-06 0.05447 2.80782e-02 8.43034e-02 1.75708e-01 0.00000e+00
29.261164 1.32085878e-01 4.65329333e-02 1.78618811e-01 3.34763332e-02 4.79261192e+00 6.84181755e+00 2.32688590e-02 3.522930e-01 1.427576e+00 2.411659e+01 1.679145e+01 3.668163e-01 9.8480e-03 1.2849e-02 +6.7252e-06 0.05236 4.16957e-02 1.08612e-01 2.03653e-01 0.00000e+00
29.511259 1.33579001e-01 4.58870244e-02 1.79466025e-01 3.36632680e-02 4.93092374e+00 7.37209289e+00 2.46060333e-02 3.435197e-01 1.495073e+00 2.795306e+01 1.369551e+01 3.236248e-01 1.0022e-02 1.1498e-02 +7.4742e-06 0.05337 5.05732e-02 1.12815e-01 2.04979e-01 0.00000e+00
29.761354 1.34779380e-01 4.50639049e-02 1.79843285e-01 3.36078876e-02 5.16921908e+00 7.56482561e+00 2.54680894e-02 3.343531e-01 1.463437e+00 3.031496e+01 1.289481e+01 2.952538e-01 1.0803e-02 1.0513e-02 +7.9363e-06 0.05390 4.26087e-02 9.38115e-02 1.83676e-01 0.00000e+00
30.011450 1.35885284e-01 4.39597455e-02 1.79845030e-01 3.33734922e-02 5.42548826e+00 7.68704355e+00 2.62250636e-02 3.235063e-01 1.416839e+00 3.650851e+01 1.264800e+01 2.924792e-01 1.0742e-02 1.1424e-02 +7.6833e-06 0.05337 3.24495e-02 7.92618e-02 1.61947e-01 0.00000e+00
30.261545 1.36927779e-01 4.25655576e-02 1.79493337e-01 3.30894749e-02 5.59558767e+00 7.85199780e+00 2.68951709e-02 3.108614e-01 1.403248e+00 3.857149e+01 1.470050e+01 3.067175e-01 1.0217e-02 1.1964e-02 +7.2367e-06 0.05253 2.88576e-02 7.07111e-02 1.55417e-01 0.00000e+00
30.511641 1.37788474e-01 4.11319331e-02 1.78920407e-01 3.28755201e-02 5.64583301e+00 7.91626032e+00 2.71241867e-02 2.985150e-01 1.402142e+00 4.026449e+01 1.655969e+01 2.884566e-01 1.0787e-02 1.1401e-02 +6.6046e-06 0.05187 2.71235e-02 7.34924e-02 1.76791e-01 0.00000e+00
30.761736 1.38348195e-01 3.99414721e-02 1.78289667e-01 3.27929570e-02 5.59146294e+00 7.98673313e+00 2.71563921e-02 2.887025e-01 1.428380e+00 3.879706e+01 1.683878e+01 2.569387e-01 1.1384e-02 1.4906e-02 +5.7470e-06 0.05129 3.29736e-02 9.46227e-02 2.04428e-01 0.00000e+00
31.011831 1.38656691e-01 3.90432510e-02 1.77699942e-01 3.29351026e-02 5.47153348e+00 7.95893116e+00 2.68609293e-02 2.815822e-01 1.454607e+00 3.307367e+01 1.638266e+01 2.509679e-01 1.1814e-02 1.8138e-02 +5.1398e-06 0.05084 4.04133e-02 1.06026e-01 2.07401e-01 0.00000e+00
31.261927 1.38969309e-01 3.83712601e-02 1.77340569e-01 3.33032236e-02 5.26688916e+00 7.67718699e+00 2.58881523e-02 2.761132e-01 1.457632e+00 3.929734e+01 1.576529e+01 2.231242e-01 1.2511e-02 1.6742e-02 +5.0548e-06 0.05065 3.71187e-02 9.49656e-02 1.88781e-01 0.00000e+00
31.512022 1.39465882e-01 3.79326369e-02 1.77398519e-01 3.37705847e-02 5.06131401e+00 7.18585493e+00 2.44943379e-02 2.719851e-01 1.419761e+00 3.388955e+01 1.446415e+01 2.420127e-01 1.1596e-02 1.4575e-02 +5.1807e-06 0.04995 3.00940e-02 8.32808e-02 1.73104e-01 0.00000e+00
31.762118 1.39889936e-01 3.80151677e-02 1.77905104e-01 3.44158644e-02 4.95840514e+00 6.83095465e+00 2.35787196e-02 2.717506e-01 1.377652e+00 2.389376e+01 1.433292e+01 3.037215e-01 1.1231e-02 1.4480e-02 +5.4146e-06 0.05262 2.76701e-02 7.99660e-02 1.69314e-01 0.00000e+00
32.012213 1.39865292e-01 3.88755440e-02 1.78740836e-01 3.53827964e-02 4.91308205e+00 6.58458095e+00 2.29953260e-02 2.779499e-01 1.340214e+00 2.235139e+01 1.415431e+01 4.126166e-01 1.2499e-02 1.7191e-02 +5.8878e-06 0.05388 2.68905e-02 7.74790e-02 1.67078e-01 0.00000e+00
32.262309 1.39389044e-01 4.04168146e-02 1.79805859e-01 3.65916137e-02 4.92989251e+00 6.69099547e+00 2.32417760e-02 2.899569e-01 1.357229e+00 2.602011e+01 1.483771e+01 4.812645e-01 1.0456e-02 1.2565e-02 +6.4785e-06 0.05006 2.49619e-02 6.85498e-02 1.62646e-01 0.00000e+00
32.512404 1.38634732e-01 4.21569121e-02 1.80791644e-01 3.79175173e-02 5.01053161e+00 7.05109379e+00 2.41232508e-02 3.040862e-01 1.407255e+00 3.082692e+01 1.484428e+01 4.691295e-01 1.1221e-02 1.4315e-02 +6.9605e-06 0.04906 2.39578e-02 6.47257e-02 1.57209e-01 0.00000e+00
32.762499 1.37738296e-01 4.38916282e-02 1.81629924e-01 3.93135745e-02 5.08002559e+00 7.20323497e+00 2.45665211e-02 3.186596e-01 1.417952e+00 3.603456e+01 1.482531e+01 4.334878e-01 1.1522e-02 1.4295e-02 +7.2473e-06 0.05067 2.92550e-02 7.15491e-02 1.56551e-01 0.00000e+00
33.012595 1.36738978e-01 4.55982732e-02 1.82337252e-01 4.07269110e-02 5.22821742e+00 7.21225182e+00 2.48809385e-02 3.334695e-01 1.379486e+00 4.135939e+01 1.579682e+01 4.156797e-01 1.1487e-02 1.2197e-02 +7.3983e-06 0.05628 2.87013e-02 6.92895e-02 1.52575e-01 0.00000e+00
33.262690 1.35488783e-01 4.73925823e-02 1.82881365e-01 4.20075127e-02 5.50044630e+00 7.31296819e+00 2.56268290e-02 3.497897e-01 1.329523e+00 4.570388e+01 1.639670e+01 4.053454e-01 1.1391e-02 1.1827e-02 +7.2192e-06 0.05576 2.82427e-02 7.03469e-02 1.60874e-01 0.00000e+00
33.512786 1.33828775e-01 4.93003898e-02 1.83129164e-01 4.30145754e-02 5.69068693e+00 7.74644879e+00 2.68742714e-02 3.683841e-01 1.361250e+00 4.331158e+01 1.651182e+01 3.727492e-01 1.1110e-02 1.1986e-02 +6.5397e-06 0.06149 3.14009e-02 8.24741e-02 1.77237e-01 0.00000e+00
33.762881 1.31968557e-01 5.10096706e-02 1.82978227e-01 4.37928304e-02 5.73001007e+00 8.41599568e+00 2.82920115e-02 3.865290e-01 1.468758e+00 3.724916e+01 1.704752e+01 3.386201e-01 1.1259e-02 1.1242e-02 +5.2671e-06 0.06333 4.42757e-02 1.07671e-01 2.12714e-01 0.00000e+00
34.012976 1.30222856e-01 5.22241603e-02 1.82447016e-01 4.44829437e-02 5.66554895e+00 8.91686430e+00 2.91648265e-02 4.010368e-01 1.573875e+00 3.131489e+01 1.523320e+01 2.735301e-01 1.0951e-02 1.2575e-02 +3.6770e-06 0.05742 5.45951e-02 1.41627e-01 2.50792e-01 0.00000e+00
34.263072 1.28698876e-01 5.29961206e-02 1.81694996e-01 4.50283732e-02 5.59212693e+00 9.18393008e+00 2.95521140e-02 4.117839e-01 1.642296e+00 3.733508e+01 1.401582e+01 1.974881e-01 1.0968e-02 1.5770e-02 +2.1812e-06 0.05697 7.66064e-02 1.73564e-01 2.75169e-01 0.00000e+00
34.513167 1.27526670e-01 5.34306313e-02 1.80957302e-01 4.52879559e-02 5.52343986e+00 8.97026518e+00 2.89874101e-02 4.189761e-01 1.624036e+00 4.458901e+01 1.657677e+01 8.138488e-02 1.0956e-02 1.6362e-02 +1.6624e-06 0.05233 8.67747e-02 1.77392e-01 2.72560e-01 0.00000e+00
34.763263 1.26782234e-01 5.37895032e-02 1.80571738e-01 4.52307261e-02 5.45274875e+00 8.58231239e+00 2.80701223e-02 4.242669e-01 1.573942e+00 4.123089e+01 2.314901e+01 1.337685e-01 1.0941e-02 1.6233e-02 +1.9516e-06 0.04997 7.99416e-02 1.67237e-01 2.60964e-01 0.00000e+00
35.013358 1.26311234e-01 5.43287796e-02 1.80640013e-01 4.51028753e-02 5.25685855e+00 8.32985468e+00 2.71734265e-02 4.301184e-01 1.584569e+00 3.818829e+01 1.706891e+01 5.819156e-02 1.1193e-02 1.6672e-02 +2.6269e-06 0.05557 6.42197e-02 1.50497e-01 2.43362e-01 0.00000e+00
35.263454 1.25984449e-01 5.51351965e-02 1.81119645e-01 4.50387635e-02 4.98693489e+00 8.56974373e+00 2.71133572e-02 4.376349e-01 1.718439e+00 4.120152e+01 1.700996e+01 8.994887e-02 1.1249e-02 1.5703e-02 +3.3586e-06 0.05537 5.31009e-02 1.38665e-01 2.26630e-01 0.00000e+00
35.513549 1.26099066e-01 5.57289377e-02 1.81828004e-01 4.50446749e-02 4.80549614e+00 8.71628512e+00 2.70435625e-02 4.419457e-01 1.813816e+00 4.420990e+01 1.457530e+01 1.274374e-01 1.1634e-02 1.7381e-02 +4.0955e-06 0.05464 4.82515e-02 1.29981e-01 2.10844e-01 0.00000e+00
35.763644 1.26970156e-01 5.58959819e-02 1.82866138e-01 4.52128178e-02 4.72013360e+00 8.45005480e+00 2.63403768e-02 4.402293e-01 1.790215e+00 2.737113e+01 1.647975e+01 2.469029e-01 1.0192e-02 1.5441e-02 +4.8219e-06 0.06042 4.51849e-02 1.23941e-01 2.03136e-01 0.00000e+00
36.013740 1.28316592e-01 5.59200082e-02 1.84236600e-01 4.55881683e-02 4.68324949e+00 8.21664539e+00 2.57997898e-02 4.357972e-01 1.754475e+00 2.351520e+01 1.772441e+01 2.786493e-01 8.3359e-03 1.2340e-02 +5.4489e-06 0.06434 4.29667e-02 1.20809e-01 2.02066e-01 0.00000e+00
36.263835 1.29714371e-01 5.60026624e-02 1.85717033e-01 4.62008561e-02 4.73703771e+00 8.14297325e+00 2.57600219e-02 4.317383e-01 1.719001e+00 1.960620e+01 1.516970e+01 3.440618e-01 7.8744e-03 1.0597e-02 +5.9416e-06 0.06373 4.13342e-02 1.16573e-01 1.97110e-01 0.00000e+00
36.513931 1.31058288e-01 5.60371548e-02 1.87095443e-01 4.70560606e-02 4.83680818e+00 8.09798484e+00 2.58695860e-02 4.275743e-01 1.674241e+00 2.295576e+01 1.524027e+01 3.328959e-01 8.3728e-03 9.9529e-03 +6.3222e-06 0.05988 3.84638e-02 1.06691e-01 1.85486e-01 0.00000e+00
36.764026 1.32403852e-01 5.59042984e-02 1.88308150e-01 4.80675119e-02 4.97159725e+00 8.05128465e+00 2.60457638e-02 4.222256e-01 1.619456e+00 2.510632e+01 1.678239e+01 2.716238e-01 8.9120e-03 9.9108e-03 +6.6096e-06 0.05824 3.42735e-02 9.32235e-02 1.75432e-01 0.00000e+00
37.014121 1.33677593e-01 5.57201300e-02 1.89397723e-01 4.90946275e-02 5.06677251e+00 7.96072704e+00 2.60549991e-02 4.168248e-01 1.571163e+00 2.319627e+01 1.724239e+01 2.478209e-01 8.8386e-03 1.0725e-02 +6.8409e-06 0.05790 3.09607e-02 8.43347e-02 1.66407e-01 0.00000e+00
37.264217 1.34774534e-01 5.56268677e-02 1.90401402e-01 5.00120338e-02 5.12617226e+00 7.98283726e+00 2.62180190e-02 4.127402e-01 1.557271e+00 2.182317e+01 1.926251e+01 2.696455e-01 9.7873e-03 1.3386e-02 +7.0597e-06 0.06072 2.88388e-02 7.76290e-02 1.55488e-01 0.00000e+00
37.514312 1.35676761e-01 5.56510850e-02 1.91327846e-01 5.07965833e-02 5.20756350e+00 7.94665599e+00 2.63084390e-02 4.101740e-01 1.525984e+00 2.158985e+01 2.013914e+01 3.143990e-01 1.0607e-02 1.5282e-02 +7.2053e-06 0.06473 2.59334e-02 7.04588e-02 1.54235e-01 0.00000e+00
37.764408 1.36597615e-01 5.56428667e-02 1.92240482e-01 5.14616447e-02 5.34182921e+00 7.83220974e+00 2.63480779e-02 4.073487e-01 1.466204e+00 2.087916e+01 1.852233e+01 3.471552e-01 1.0433e-02 1.7192e-02 +7.3750e-06 0.06356 2.68940e-02 7.43062e-02 1.48568e-01 0.00000e+00
38.014503 1.37773343e-01 5.53506873e-02 1.93124031e-01 5.19473366e-02 5.49511226e+00 7.68922176e+00 2.63686680e-02 4.017518e-01 1.399284e+00 2.436744e+01 1.791444e+01 4.119590e-01 1.0681e-02 1.7441e-02 +7.8787e-06 0.06018 3.28358e-02 7.76536e-02 1.55657e-01 0.00000e+00
38.264599 1.39232358e-01 5.47133582e-02 1.93945716e-01 5.21272475e-02 5.63252185e+00 7.52709982e+00 2.63192433e-02 3.929644e-01 1.336364e+00 3.172681e+01 1.765621e+01 4.085562e-01 1.0271e-02 1.7229e-02 +8.4682e-06 0.05828 3.23604e-02 7.42212e-02 1.54773e-01 0.00000e+00
38.514694 1.40826865e-01 5.37754126e-02 1.94602277e-01 5.19329126e-02 5.73702964e+00 7.58052717e+00 2.66351136e-02 3.818548e-01 1.321333e+00 3.656234e+01 2.286853e+01 2.700669e-01 1.0128e-02 1.7218e-02 +8.7622e-06 0.05976 3.00384e-02 7.54824e-02 1.52153e-01 0.00000e+00
38.764789 1.42463396e-01 5.25203904e-02 1.94983786e-01 5.14324843e-02 5.78681642e+00 7.69930302e+00 2.69722389e-02 3.686588e-01 1.330490e+00 3.922482e+01 2.197983e+01 2.437092e-01 1.0540e-02 1.7898e-02 +8.9160e-06 0.06269 3.27407e-02 8.30767e-02 1.52152e-01 0.00000e+00
39.014885 1.44174370e-01 5.10585429e-02 1.95232913e-01 5.07632237e-02 5.79471489e+00 7.55681367e+00 2.67030571e-02 3.541444e-01 1.304087e+00 4.180986e+01 2.108713e+01 2.813024e-01 1.1205e-02 1.7579e-02 +9.0542e-06 0.06210 3.48522e-02 8.29763e-02 1.49226e-01 0.00000e+00
39.264980 1.45916830e-01 4.96917251e-02 1.95608555e-01 5.00371716e-02 5.80475148e+00 7.18199498e+00 2.59734929e-02 3.405483e-01 1.237261e+00 4.401391e+01 1.903789e+01 3.149470e-01 1.0820e-02 1.6921e-02 +8.9863e-06 0.06166 3.08655e-02 7.44708e-02 1.44075e-01 0.00000e+00
39.515076 1.47528616e-01 4.86528251e-02 1.96181441e-01 4.93231359e-02 5.85491682e+00 6.91117940e+00 2.55321924e-02 3.297857e-01 1.180406e+00 3.855569e+01 2.012727e+01 2.992687e-01 9.8476e-03 1.5690e-02 +8.5098e-06 0.06272 2.73508e-02 6.91475e-02 1.42372e-01 0.00000e+00
39.765171 1.48877450e-01 4.78994911e-02 1.96776941e-01 4.86945588e-02 5.93311921e+00 6.86036951e+00 2.55869775e-02 3.217377e-01 1.156284e+00 2.670740e+01 1.919527e+01 3.041428e-01 9.4655e-03 1.6060e-02 +7.7450e-06 0.06273 2.59482e-02 6.91750e-02 1.48285e-01 0.00000e+00
40.015266 1.49917664e-01 4.72958741e-02 1.97213538e-01 4.82492506e-02 5.98608858e+00 6.94266835e+00 2.58575139e-02 3.154790e-01 1.159800e+00 1.957437e+01 1.677425e+01 3.424770e-01 9.4979e-03 1.7739e-02 +6.9637e-06 0.06260 2.63917e-02 7.40063e-02 1.58561e-01 0.00000e+00
40.265362 1.50784321e-01 4.67248809e-02 1.97509202e-01 4.80421872e-02 6.04157973e+00 6.76153600e+00 2.56062315e-02 3.098789e-01 1.119167e+00 1.787220e+01 1.485635e+01 3.870786e-01 9.8774e-03 1.7083e-02 +6.4625e-06 0.06312 2.85694e-02 7.91344e-02 1.60634e-01 0.00000e+00
40.515457 1.51589240e-01 4.61542658e-02 1.97743506e-01 4.81657183e-02 6.11602799e+00 6.71057407e+00 2.56532041e-02 3.044693e-01 1.097211e+00 2.119054e+01 1.555165e+01 3.758065e-01 8.7342e-03 1.3400e-02 +6.3467e-06 0.06336 2.93809e-02 8.07396e-02 1.57592e-01 0.00000e+00
40.765553 1.52219521e-01 4.56249731e-02 1.97844494e-01 4.86051126e-02 6.10239673e+00 6.89225166e+00 2.59892968e-02 2.997314e-01 1.129434e+00 2.566199e+01 1.641298e+01 3.001329e-01 1.0129e-02 1.4254e-02 +6.3882e-06 0.06346 2.88429e-02 8.16444e-02 1.53754e-01 0.00000e+00
41.015648 1.52401611e-01 4.54733465e-02 1.97874958e-01 4.90831775e-02 6.04312829e+00 7.09544093e+00 2.62771384e-02 2.983784e-01 1.174134e+00 3.188213e+01 1.533252e+01 2.596751e-01 1.0931e-02 1.3971e-02 +6.4572e-06 0.06364 3.35911e-02 8.68227e-02 1.57906e-01 0.00000e+00
41.265744 1.51976063e-01 4.57894389e-02 1.97765502e-01 4.93473294e-02 6.06955992e+00 7.75528928e+00 2.76496984e-02 3.012938e-01 1.277735e+00 6.345287e+01 1.576465e+01 2.741971e-01 1.0061e-02 1.3853e-02 +6.6845e-06 0.06385 3.89068e-02 9.10357e-02 1.58693e-01 0.00000e+00
41.515839 1.51398630e-01 4.59856871e-02 1.97384317e-01 4.92969483e-02 6.19381449e+00 8.16646318e+00 2.87205554e-02 3.037391e-01 1.318487e+00 6.740528e+01 1.858988e+01 3.111259e-01 1.0994e-02 1.5314e-02 +7.0644e-06 0.06411 3.94429e-02 8.83946e-02 1.54782e-01 0.00000e+00
41.765934 1.50974289e-01 4.60463446e-02 1.97020634e-01 4.89486023e-02 6.24096792e+00 8.02239110e+00 2.85267180e-02 3.049946e-01 1.285440e+00 5.525388e+01 1.714510e+01 3.102288e-01 1.0798e-02 1.4488e-02 +7.4670e-06 0.06498 3.67235e-02 8.45018e-02 1.57381e-01 0.00000e+00
42.016030 1.50695672e-01 4.61376556e-02 1.96833327e-01 4.82509868e-02 6.25052232e+00 7.89711629e+00 2.82952772e-02 3.061644e-01 1.263433e+00 4.392233e+01 1.562518e+01 2.934001e-01 1.0424e-02 1.2983e-02 +7.7790e-06 0.06469 3.63216e-02 8.89469e-02 1.70229e-01 0.00000e+00
42.266125 1.50864639e-01 4.57340971e-02 1.96598736e-01 4.71624356e-02 6.32261919e+00 8.22595825e+00 2.90971549e-02 3.031466e-01 1.301036e+00 3.335459e+01 1.435746e+01 3.376192e-01 9.4864e-03 1.2135e-02 +8.0237e-06 0.06196 4.50499e-02 1.06248e-01 1.95734e-01 0.00000e+00
42.516221 1.51612666e-01 4.43919671e-02 1.96004633e-01 4.57742364e-02 6.47532577e+00 8.48840056e+00 2.99274527e-02 2.927985e-01 1.310884e+00 2.813938e+01 1.365346e+01 3.584778e-01 9.5551e-03 1.3746e-02 +8.1865e-06 0.05784 4.94147e-02 1.12192e-01 2.10583e-01 0.00000e+00
42.766316 1.52564023e-01 4.27808142e-02 1.95344838e-01 4.43225928e-02 6.51475238e+00 7.98625286e+00 2.90020105e-02 2.804122e-01 1.225872e+00 2.586629e+01 1.505769e+01 3.579560e-01 1.0692e-02 2.2784e-02 +7.5356e-06 0.05690 3.92108e-02 9.40216e-02 1.95846e-01 0.00000e+00
43.016411 1.53413870e-01 4.15505497e-02 1.94964420e-01 4.28723277e-02 6.45281914e+00 7.50546457e+00 2.79165674e-02 2.708396e-01 1.163130e+00 2.295749e+01 1.416490e+01 3.505132e-01 9.6678e-03 1.7503e-02 +6.8569e-06 0.05834 3.66885e-02 9.26809e-02 1.91417e-01 0.00000e+00
43.266507 1.54058298e-01 4.07202040e-02 1.94778502e-01 4.13816632e-02 6.39065764e+00 7.34218976e+00 2.74656948e-02 2.643169e-01 1.148894e+00 1.920589e+01 1.403281e+01 3.329651e-01 1.0158e-02 1.6601e-02 +6.5805e-06 0.05906 4.02435e-02 1.02140e-01 1.99674e-01 0.00000e+00
43.516602 1.54463003e-01 4.02526092e-02 1.94715612e-01 3.98394975e-02 6.31938213e+00 7.28304145e+00 2.72048472e-02 2.605971e-01 1.152493e+00 2.130548e+01 1.484892e+01 3.539667e-01 1.1128e-02 1.6045e-02 +6.6970e-06 0.05705 4.26384e-02 1.04718e-01 2.06515e-01 0.00000e+00
43.766698 1.54619185e-01 4.01989202e-02 1.94818106e-01 3.83512374e-02 6.30352915e+00 7.20636656e+00 2.70197914e-02 2.599866e-01 1.143227e+00 3.521446e+01 1.664817e+01 4.116290e-01 1.0931e-02 1.5462e-02 +7.0150e-06 0.05418 3.92687e-02 9.73178e-02 1.98413e-01 0.00000e+00
44.016793 1.54524845e-01 4.05768074e-02 1.95101652e-01 3.70795801e-02 6.32538093e+00 7.25246732e+00 2.71556965e-02 2.625908e-01 1.146566e+00 4.710041e+01 1.726194e+01 3.731788e-01 1.0461e-02 1.7154e-02 +7.3861e-06 0.05373 3.27439e-02 8.46697e-02 1.76861e-01 0.00000e+00
44.266888 1.54240205e-01 4.11822017e-02 1.95422406e-01 3.60593369e-02 6.39150964e+00 7.55550642e+00 2.78940321e-02 2.670004e-01 1.182116e+00 4.841423e+01 2.074166e+01 3.196992e-01 1.2771e-02 1.7464e-02 +7.6852e-06 0.05619 2.86474e-02 7.51056e-02 1.57295e-01 0.00000e+00
44.516984 1.53717632e-01 4.19305121e-02 1.95648144e-01 3.51850338e-02 6.52547144e+00 7.93326103e+00 2.89174649e-02 2.727762e-01 1.215738e+00 4.363848e+01 2.305755e+01 3.161916e-01 1.4927e-02 1.4665e-02 +7.9491e-06 0.05794 2.72615e-02 7.08872e-02 1.44749e-01 0.00000e+00
44.767079 1.52904424e-01 4.27837273e-02 1.95688151e-01 3.44056764e-02 6.65003824e+00 8.23928855e+00 2.97786536e-02 2.798070e-01 1.238984e+00 5.069036e+01 2.283419e+01 3.518611e-01 1.5583e-02 1.7575e-02 +8.2086e-06 0.05931 2.63295e-02 6.68213e-02 1.39348e-01 0.00000e+00
45.017175 1.51911783e-01 4.36108743e-02 1.95522657e-01 3.37050267e-02 6.59756428e+00 8.41071479e+00 3.00165581e-02 2.870803e-01 1.274821e+00 5.095314e+01 2.096779e+01 3.247029e-01 1.5073e-02 1.8717e-02 +8.3691e-06 0.05966 2.69530e-02 6.74422e-02 1.48900e-01 0.00000e+00
45.267270 1.51084706e-01 4.40822265e-02 1.95166933e-01 3.31141518e-02 6.43525938e+00 8.76715041e+00 3.04048196e-02 2.917716e-01 1.362362e+00 4.607926e+01 2.074801e+01 2.486869e-01 1.3648e-02 1.7445e-02 +8.4486e-06 0.05867 3.23431e-02 8.25366e-02 1.72147e-01 0.00000e+00
45.517366 1.50486311e-01 4.40344404e-02 1.94520752e-01 3.26692990e-02 6.18241587e+00 9.22008098e+00 3.08049937e-02 2.926143e-01 1.491339e+00 3.301342e+01 1.700691e+01 2.384846e-01 1.3192e-02 1.5985e-02 +8.5822e-06 0.05712 4.26157e-02 9.87028e-02 1.93326e-01 0.00000e+00
45.767461 1.50014899e-01 4.37278596e-02 1.93742758e-01 3.23923344e-02 5.95845676e+00 9.22304370e+00 3.03630009e-02 2.914901e-01 1.547891e+00 2.996321e+01 1.669143e+01 2.860343e-01 1.1765e-02 1.6914e-02 +8.2552e-06 0.05625 3.76461e-02 9.30402e-02 1.84026e-01 0.00000e+00
46.017556 1.49504269e-01 4.34426814e-02 1.92946951e-01 3.22767851e-02 5.92663421e+00 9.35757732e+00 3.05684231e-02 2.905782e-01 1.578902e+00 4.241638e+01 1.575560e+01 3.124910e-01 1.2283e-02 1.7168e-02 +7.0823e-06 0.05493 3.31184e-02 8.84784e-02 1.70051e-01 0.00000e+00
46.267652 1.49069578e-01 4.29775726e-02 1.92047151e-01 3.22624240e-02 5.90355494e+00 9.41849851e+00 3.06441069e-02 2.883055e-01 1.595394e+00 5.014407e+01 1.564192e+01 2.723222e-01 1.3404e-02 1.4660e-02 +6.1106e-06 0.05579 4.00063e-02 9.24775e-02 1.69978e-01 0.00000e+00
46.517747 1.49015028e-01 4.23095865e-02 1.91324614e-01 3.21564903e-02 5.80115545e+00 8.88229868e+00 2.93669083e-02 2.839283e-01 1.531126e+00 4.397397e+01 1.424196e+01 2.172883e-01 1.3454e-02 1.4878e-02 +5.8020e-06 0.05640 4.25787e-02 9.84897e-02 1.84370e-01 0.00000e+00
46.767843 1.49404590e-01 4.16649482e-02 1.91069538e-01 3.18612862e-02 5.76556865e+00 8.46776340e+00 2.84666641e-02 2.788733e-01 1.468678e+00 3.564591e+01 1.574930e+01 2.065466e-01 1.1793e-02 1.5685e-02 +5.8904e-06 0.05801 4.68761e-02 1.08114e-01 2.08103e-01 0.00000e+00
47.017938 1.50035297e-01 4.09586104e-02 1.90993908e-01 3.16170107e-02 5.71010561e+00 8.57941653e+00 2.85790443e-02 2.729932e-01 1.502497e+00 4.348774e+01 1.571475e+01 1.400602e-01 1.2041e-02 1.8647e-02 +6.2874e-06 0.05836 4.45485e-02 1.10921e-01 2.15340e-01 0.00000e+00
47.268033 1.50788868e-01 4.03114618e-02 1.91100330e-01 3.16103859e-02 5.68142030e+00 8.09451249e+00 2.75518656e-02 2.673371e-01 1.424734e+00 6.080742e+01 2.344877e+01 1.559791e-01 1.2636e-02 2.0658e-02 +6.6099e-06 0.06146 4.32573e-02 1.14561e-01 2.18317e-01 0.00000e+00
47.518129 1.51476406e-01 4.01798869e-02 1.91656293e-01 3.18024389e-02 5.58133721e+00 7.16861566e+00 2.54999057e-02 2.652551e-01 1.284390e+00 4.414558e+01 2.108133e+01 1.814076e-01 1.1859e-02 1.7747e-02 +6.9607e-06 0.06290 4.91834e-02 1.20554e-01 2.19841e-01 0.00000e+00
47.768224 1.51983570e-01 4.07022416e-02 1.92685812e-01 3.21829842e-02 5.47058881e+00 6.46549036e+00 2.38721584e-02 2.678069e-01 1.181864e+00 2.759644e+01 1.357086e+01 2.423030e-01 1.0987e-02 1.4759e-02 +7.3693e-06 0.06380 4.95801e-02 1.17212e-01 2.15934e-01 0.00000e+00
48.018320 1.52367869e-01 4.15779391e-02 1.93945808e-01 3.27878292e-02 5.49015608e+00 6.06019197e+00 2.31006961e-02 2.728787e-01 1.103829e+00 2.172848e+01 1.500366e+01 3.228567e-01 1.0297e-02 1.4922e-02 +7.6068e-06 0.06694 4.69559e-02 1.11530e-01 2.11869e-01 0.00000e+00
48.268415 1.52585546e-01 4.25972033e-02 1.95182749e-01 3.36827128e-02 5.59267129e+00 6.01577648e+00 2.32168955e-02 2.791693e-01 1.075654e+00 2.139370e+01 1.606115e+01 3.795536e-01 1.0019e-02 1.5024e-02 +7.6333e-06 0.06528 4.63646e-02 1.08681e-01 2.09461e-01 0.00000e+00
48.518511 1.52513873e-01 4.36230233e-02 1.96136896e-01 3.48361192e-02 5.71138165e+00 6.34671309e+00 2.41161895e-02 2.860266e-01 1.111240e+00 2.397896e+01 1.496956e+01 4.282170e-01 1.0831e-02 1.3455e-02 +7.5272e-06 0.06376 4.61601e-02 1.07279e-01 2.13050e-01 0.00000e+00
48.768606 1.52049201e-01 4.46620782e-02 1.96711279e-01 3.61912526e-02 5.87809720e+00 6.69081307e+00 2.51378205e-02 2.937344e-01 1.138262e+00 2.921726e+01 1.908758e+01 5.031124e-01 1.1979e-02 1.1374e-02 +7.4345e-06 0.06382 4.77915e-02 1.12915e-01 2.30953e-01 0.00000e+00
49.018701 1.51110135e-01 4.57189895e-02 1.96829124e-01 3.77180890e-02 6.11605319e+00 7.62089006e+00 2.74738865e-02 3.025541e-01 1.246047e+00 3.278517e+01 2.235562e+01 5.465104e-01 1.1186e-02 1.4812e-02 +7.3379e-06 0.06345 5.15376e-02 1.21005e-01 2.43601e-01 0.00000e+00
49.268797 1.49859817e-01 4.64915204e-02 1.96351338e-01 3.94400182e-02 6.29628758e+00 8.33850527e+00 2.92695857e-02 3.102334e-01 1.324353e+00 3.347671e+01 2.278673e+01 5.218799e-01 1.1622e-02 1.5700e-02 +7.1754e-06 0.06263 4.98950e-02 1.13676e-01 2.24379e-01 0.00000e+00
49.518892 1.48630271e-01 4.72193502e-02 1.95849621e-01 4.12738289e-02 6.29606723e+00 7.92010611e+00 2.84323467e-02 3.176967e-01 1.257945e+00 2.774192e+01 2.228620e+01 3.642131e-01 1.1786e-02 2.0097e-02 +7.0020e-06 0.06099 4.08228e-02 9.16729e-02 1.84581e-01 0.00000e+00
49.768988 1.47770864e-01 4.80732957e-02 1.95844160e-01 4.29168362e-02 6.21038348e+00 7.51423889e+00 2.74492447e-02 3.253232e-01 1.209948e+00 3.010099e+01 1.987015e+01 2.752761e-01 1.0738e-02 1.6478e-02 +6.8199e-06 0.05828 3.38303e-02 7.58807e-02 1.72560e-01 0.00000e+00
49.999987 1.47439139e-01 4.86989470e-02 1.96138086e-01 4.42695306e-02 6.09563778e+00 7.50196136e+00 2.71951983e-02 3.302986e-01 1.230710e+00 3.871240e+01 2.112708e+01 2.866395e-01 1.0649e-02 1.9598e-02 +6.6547e-06 0.05494 2.69703e-02 6.88248e-02 1.72351e-01 0.00000e+00
