# tg_mhd (CUDA FP64)  tgc_noslip_cond_n192_re250_drive0.4_bdrive0.2  N=192 L=192 Re=250 Pm=1 u0=0.05 nu_lat=1.215944e-02 eta_lat=1.215944e-02 tau_f=0.536478 tau_m=0.548638 dt=8.224065e-04 fw=profile
# t E_V E_M E_T H_C Omega_V Omega_M eps EM/EV OmM/OmV j_max w_max skew divb/j divb_wall/j mass_drift umax_lat fw1 fw2 fw4 tau_wall
0.000000 1.22415278e-01 1.25000000e-01 2.47415278e-01 6.47177664e-21 2.66941831e+01 1.49945900e+00 2.25549137e-01 1.021114e+00 5.617175e-02 3.463243e+00 9.118036e+01 4.948466e-19 2.8424e-15 6.1549e-15 +0.0000e+00 0.04998 9.38888e-01 9.44352e-01 9.55502e-01 1.77452e-01
0.250012 1.20472488e-01 1.36514040e-01 2.56986528e-01 -2.70917466e-04 4.14832022e+00 1.79171365e+00 4.75202710e-02 1.133155e+00 4.319131e-01 4.149986e+00 2.193955e+01 1.022193e-01 9.1737e-04 3.8824e-03 -8.1201e-06 0.05139 6.20427e-01 6.82589e-01 7.34263e-01 3.47135e-02
0.500023 1.26048004e-01 1.47569295e-01 2.73617299e-01 -7.22457337e-04 3.30049859e+00 2.24688465e+00 4.43790660e-02 1.170739e+00 6.807713e-01 4.968746e+00 1.759403e+01 2.051982e-01 1.0406e-03 4.6562e-03 -1.7256e-05 0.05182 4.49596e-01 5.55040e-01 6.29663e-01 2.59584e-02
0.750035 1.33027978e-01 1.56266640e-01 2.89294618e-01 -1.10969780e-03 3.23728584e+00 2.86484383e+00 4.88170374e-02 1.174690e+00 8.849524e-01 5.857153e+00 1.678391e+01 3.369279e-01 1.1058e-03 5.0840e-03 -1.7901e-05 0.05376 3.38539e-01 4.53753e-01 5.53381e-01 2.26786e-02
1.000046 1.41444254e-01 1.60396199e-01 3.01840453e-01 -8.97301509e-04 3.50610230e+00 3.69910868e+00 5.76416878e-02 1.133989e+00 1.055049e+00 7.673475e+00 1.695409e+01 4.183152e-01 1.3397e-03 5.4506e-03 -9.3245e-06 0.05451 2.58408e-01 3.70366e-01 4.90361e-01 2.11878e-02
1.250058 1.51518117e-01 1.58306306e-01 3.09824423e-01 5.11731365e-04 4.03713107e+00 4.78206985e+00 7.05536073e-02 1.044801e+00 1.184522e+00 1.127037e+01 1.906857e+01 4.043617e-01 2.0191e-03 5.7468e-03 -1.0410e-06 0.05495 2.01148e-01 3.04205e-01 4.39356e-01 2.03419e-02
1.500069 1.62086940e-01 1.50799898e-01 3.12886838e-01 3.42409853e-03 4.59675043e+00 6.13110402e+00 8.58228356e-02 9.303643e-01 1.333791e+00 1.679371e+01 1.875052e+01 3.921083e-01 3.4496e-03 5.8583e-03 -6.9326e-08 0.06016 1.53522e-01 2.44789e-01 4.09443e-01 1.89832e-02
1.750081 1.71483628e-01 1.40297841e-01 3.11781469e-01 7.74795915e-03 5.02657940e+00 7.35579037e+00 9.90589581e-02 8.181413e-01 1.463379e+00 2.140687e+01 1.682528e+01 3.085060e-01 5.6631e-03 5.9127e-03 -7.9818e-06 0.06400 1.20974e-01 2.02551e-01 4.20841e-01 1.75770e-02
2.000092 1.79683374e-01 1.29233049e-01 3.08916424e-01 1.29956707e-02 5.35399306e+00 7.36141128e+00 1.01723235e-01 7.192265e-01 1.374939e+00 2.120965e+01 1.489831e+01 2.864410e-01 6.7015e-03 6.2198e-03 -1.7401e-05 0.06467 1.07214e-01 1.87824e-01 4.36893e-01 1.65383e-02
2.250104 1.87144081e-01 1.19730530e-01 3.06874610e-01 1.83297919e-02 5.66777995e+00 6.64256508e+00 9.84827602e-02 6.397773e-01 1.171987e+00 1.838862e+01 1.485139e+01 2.404026e-01 5.7217e-03 6.4533e-03 -2.3164e-05 0.06646 1.04808e-01 1.91254e-01 4.27698e-01 1.64013e-02
2.500116 1.93528815e-01 1.12563365e-01 3.06092180e-01 2.32419817e-02 5.90820029e+00 6.11263447e+00 9.61666780e-02 5.816362e-01 1.034602e+00 1.525652e+01 1.443312e+01 1.656071e-01 4.4404e-03 6.7860e-03 -2.3456e-05 0.06602 1.06802e-01 1.99807e-01 4.06660e-01 1.67526e-02
2.750127 1.98046969e-01 1.07671674e-01 3.05718644e-01 2.76230687e-02 6.09041793e+00 5.95802526e+00 9.63875455e-02 5.436674e-01 9.782621e-01 1.258885e+01 1.594482e+01 1.210815e-01 4.1016e-03 7.5505e-03 -2.2363e-05 0.06556 1.15215e-01 2.10260e-01 3.98559e-01 1.81339e-02
3.000139 2.00255158e-01 1.04329307e-01 3.04584465e-01 3.13785109e-02 6.39493244e+00 6.08182288e+00 9.98140425e-02 5.209819e-01 9.510379e-01 1.096128e+01 1.709933e+01 2.013141e-01 3.9435e-03 8.1860e-03 -2.2647e-05 0.06420 1.30979e-01 2.26118e-01 4.08634e-01 2.05015e-02
3.250150 2.00321836e-01 1.00810469e-01 3.01132305e-01 3.45160116e-02 6.79367289e+00 6.49025954e+00 1.06271459e-01 5.032425e-01 9.553388e-01 1.446067e+01 2.222049e+01 3.708594e-01 4.1893e-03 8.7836e-03 -2.4840e-05 0.06102 1.55908e-01 2.61031e-01 4.75248e-01 2.36660e-02
3.500162 1.98983483e-01 9.56397181e-02 2.94623202e-01 3.70819890e-02 7.27069298e+00 6.57008151e+00 1.10726196e-01 4.806415e-01 9.036390e-01 2.030372e+01 2.700097e+01 5.273105e-01 4.9784e-03 1.2492e-02 -2.6203e-05 0.06116 2.06040e-01 3.26919e-01 5.35323e-01 2.65277e-02
3.750173 1.96121735e-01 8.97197081e-02 2.85841443e-01 3.95261382e-02 8.05935102e+00 6.01155976e+00 1.12567286e-01 4.574695e-01 7.459111e-01 2.179745e+01 2.932782e+01 5.273042e-01 4.6517e-03 1.2255e-02 -2.4992e-05 0.06028 2.68256e-01 3.78660e-01 5.77304e-01 2.99354e-02
4.000185 1.91291118e-01 8.48849185e-02 2.76176036e-01 4.25741487e-02 8.25017152e+00 5.50729474e+00 1.10059730e-01 4.437473e-01 6.675370e-01 2.053222e+01 3.247731e+01 3.856946e-01 4.2242e-03 8.6421e-03 -2.2743e-05 0.05697 2.83772e-01 3.97277e-01 5.96584e-01 3.19198e-02
4.250197 1.85877346e-01 8.10163124e-02 2.66893659e-01 4.59032015e-02 7.77492015e+00 5.49964716e+00 1.06196538e-01 4.358590e-01 7.073574e-01 1.921525e+01 2.992958e+01 2.106179e-01 4.0763e-03 7.2496e-03 -2.3102e-05 0.05761 2.69854e-01 4.03329e-01 6.05576e-01 3.12937e-02
4.500208 1.81667943e-01 7.66772558e-02 2.58345199e-01 4.90187704e-02 7.08176888e+00 5.74340933e+00 1.02601426e-01 4.220737e-01 8.110134e-01 1.979526e+01 2.437629e+01 8.718283e-02 4.1102e-03 7.2519e-03 -2.6106e-05 0.06054 2.47537e-01 4.16477e-01 6.11102e-01 2.90085e-02
4.750220 1.79933397e-01 7.11077954e-02 2.51041192e-01 5.17183897e-02 6.44657727e+00 5.76218237e+00 9.76700771e-02 3.951895e-01 8.938359e-01 1.916898e+01 2.211754e+01 3.552004e-02 4.3816e-03 7.7803e-03 -3.0117e-05 0.06190 2.43621e-01 4.28405e-01 6.11497e-01 2.64698e-02
5.000231 1.81022225e-01 6.50089975e-02 2.46031222e-01 5.39941376e-02 5.92544640e+00 5.30800282e+00 8.98675938e-02 3.591216e-01 8.957980e-01 1.510519e+01 2.029466e+01 5.467062e-02 4.4362e-03 7.6228e-03 -3.2703e-05 0.06201 2.40209e-01 4.12054e-01 5.95989e-01 2.38929e-02
5.250243 1.84570625e-01 5.96801297e-02 2.44250755e-01 5.58785085e-02 5.55389478e+00 4.62975311e+00 8.14691831e-02 3.233458e-01 8.336048e-01 1.175531e+01 1.703614e+01 1.174812e-01 4.2054e-03 7.3017e-03 -3.3606e-05 0.06292 2.15865e-01 3.70281e-01 5.63925e-01 2.15472e-02
5.500254 1.89902208e-01 5.57024232e-02 2.45604631e-01 5.75030652e-02 5.36886498e+00 4.03940511e+00 7.52661607e-02 2.933216e-01 7.523760e-01 8.861209e+00 1.372192e+01 1.863471e-01 3.9724e-03 7.5536e-03 -3.3429e-05 0.06449 1.88865e-01 3.30472e-01 5.26974e-01 1.97139e-02
5.750266 1.95945108e-01 5.31354547e-02 2.49080563e-01 5.91525080e-02 5.42183493e+00 3.58067741e+00 7.20200987e-02 2.711752e-01 6.604180e-01 9.383465e+00 1.480954e+01 2.250125e-01 3.9358e-03 8.5163e-03 -3.3049e-05 0.06507 1.79521e-01 3.12675e-01 5.01537e-01 1.91604e-02
6.000277 2.01342614e-01 5.20324057e-02 2.53375020e-01 6.12031641e-02 5.62550580e+00 3.28834975e+00 7.13108444e-02 2.584272e-01 5.845429e-01 8.823600e+00 1.562340e+01 2.181791e-01 3.7424e-03 9.8458e-03 -3.2600e-05 0.06474 1.85853e-01 3.11925e-01 4.91271e-01 1.98537e-02
6.250289 2.05086907e-01 5.21819619e-02 2.57268869e-01 6.38955243e-02 5.88711901e+00 3.16540439e+00 7.24201872e-02 2.544383e-01 5.376831e-01 7.390177e+00 1.786720e+01 2.537715e-01 3.8619e-03 1.0614e-02 -3.2057e-05 0.06339 2.00210e-01 3.23496e-01 4.92229e-01 2.16922e-02
6.500301 2.06854022e-01 5.31002171e-02 2.59954239e-01 6.71834795e-02 6.21258724e+00 3.12031687e+00 7.46632329e-02 2.567038e-01 5.022572e-01 7.753881e+00 1.950981e+01 3.717057e-01 4.1922e-03 1.1405e-02 -3.1029e-05 0.06212 2.26160e-01 3.48331e-01 5.05426e-01 2.41922e-02
6.750312 2.06705157e-01 5.44299579e-02 2.61135115e-01 7.04160145e-02 6.61557238e+00 3.10493049e+00 7.77640230e-02 2.633217e-01 4.693366e-01 8.864927e+00 2.512288e+01 4.448642e-01 4.1425e-03 1.3090e-02 -2.9654e-05 0.06105 2.59941e-01 3.76615e-01 5.29105e-01 2.64673e-02
7.000324 2.04965158e-01 5.61533013e-02 2.61118460e-01 7.24816872e-02 6.70975225e+00 3.12669594e+00 7.86915855e-02 2.739651e-01 4.659928e-01 8.027739e+00 2.453884e+01 4.278739e-01 3.9502e-03 1.2399e-02 -2.9107e-05 0.05944 2.70090e-01 3.85523e-01 5.37613e-01 2.70657e-02
7.250335 2.02514828e-01 5.80923166e-02 2.60607145e-01 7.31326611e-02 6.48395382e+00 3.22990130e+00 7.77108410e-02 2.868546e-01 4.981376e-01 8.416737e+00 2.091216e+01 3.943815e-01 3.9323e-03 1.3143e-02 -3.0181e-05 0.05881 2.63874e-01 3.79179e-01 5.33118e-01 2.63757e-02
7.500347 2.00092230e-01 5.96739569e-02 2.59766187e-01 7.26658299e-02 6.27649170e+00 3.41296635e+00 7.75156644e-02 2.982323e-01 5.437698e-01 9.978965e+00 2.277096e+01 3.781493e-01 3.9669e-03 1.4161e-02 -3.2207e-05 0.05843 2.57522e-01 3.72563e-01 5.26561e-01 2.55387e-02
7.750358 1.98025497e-01 6.03306072e-02 2.58356105e-01 7.12071168e-02 6.23082077e+00 3.59231635e+00 7.85850970e-02 3.046608e-01 5.765398e-01 1.081921e+01 2.591870e+01 3.521646e-01 4.1774e-03 1.6226e-02 -3.4332e-05 0.05798 2.57506e-01 3.70524e-01 5.24574e-01 2.51249e-02
8.000370 1.96383395e-01 6.01065285e-02 2.56489924e-01 6.90153389e-02 6.30442123e+00 3.60621594e+00 7.92850973e-02 3.060673e-01 5.720138e-01 1.028678e+01 2.532684e+01 3.227762e-01 4.1488e-03 1.5685e-02 -3.5795e-05 0.05746 2.59793e-01 3.70828e-01 5.26195e-01 2.52215e-02
8.250382 1.94976041e-01 5.96884015e-02 2.54664443e-01 6.65658629e-02 6.42806769e+00 3.51515859e+00 7.95458102e-02 3.061320e-01 5.468453e-01 8.908813e+00 2.264874e+01 2.891838e-01 3.7927e-03 1.2250e-02 -3.6538e-05 0.05757 2.60778e-01 3.68928e-01 5.27749e-01 2.55968e-02
8.500393 1.93541992e-01 5.95066389e-02 2.53048630e-01 6.42851155e-02 6.50712063e+00 3.52640981e+00 8.02682435e-02 3.074611e-01 5.419309e-01 1.050634e+01 2.169348e+01 2.454261e-01 3.6379e-03 9.8529e-03 -3.6976e-05 0.05938 2.52842e-01 3.58797e-01 5.20569e-01 2.57198e-02
8.750405 1.92013601e-01 5.94396133e-02 2.51453214e-01 6.24477558e-02 6.53074603e+00 3.60163642e+00 8.10590596e-02 3.095594e-01 5.514893e-01 1.042224e+01 2.008132e+01 2.342095e-01 3.9153e-03 9.8762e-03 -3.7550e-05 0.06256 2.39480e-01 3.46374e-01 5.08193e-01 2.54534e-02
9.000416 1.90187766e-01 5.93563423e-02 2.49544108e-01 6.11939361e-02 6.56994558e+00 3.69994534e+00 8.21591273e-02 3.120934e-01 5.631623e-01 9.965266e+00 1.842214e+01 2.646758e-01 3.9200e-03 9.6830e-03 -3.8140e-05 0.06547 2.29632e-01 3.39421e-01 4.94817e-01 2.52776e-02
9.250428 1.87621934e-01 5.92731313e-02 2.46895065e-01 6.04205717e-02 6.65653832e+00 3.84515098e+00 8.40135144e-02 3.159179e-01 5.776502e-01 1.217442e+01 1.815373e+01 3.326573e-01 3.6643e-03 1.0346e-02 -3.8436e-05 0.06594 2.31943e-01 3.38088e-01 4.88378e-01 2.55699e-02
9.500439 1.84154751e-01 5.92780558e-02 2.43432807e-01 5.96018831e-02 6.77398663e+00 3.90742724e+00 8.54513109e-02 3.218926e-01 5.768283e-01 1.102142e+01 2.059650e+01 3.924840e-01 3.6116e-03 1.2009e-02 -3.8233e-05 0.06359 2.41577e-01 3.42590e-01 4.91245e-01 2.62879e-02
9.750451 1.80031220e-01 5.96810475e-02 2.39712268e-01 5.83129885e-02 6.83610935e+00 3.80195813e+00 8.51045399e-02 3.315039e-01 5.561582e-01 1.188807e+01 2.482690e+01 4.336736e-01 3.7077e-03 1.1367e-02 -3.8152e-05 0.06082 2.48250e-01 3.46705e-01 4.94805e-01 2.68324e-02
10.000462 1.75817270e-01 6.05869838e-02 2.36404254e-01 5.63282781e-02 6.71159661e+00 3.68230934e+00 8.31512476e-02 3.446020e-01 5.486488e-01 1.045721e+01 2.376357e+01 4.354512e-01 3.8205e-03 1.1544e-02 -3.8942e-05 0.05879 2.50490e-01 3.47182e-01 5.00574e-01 2.66502e-02
10.250474 1.72117519e-01 6.16117456e-02 2.33729265e-01 5.35521970e-02 6.49626108e+00 3.58485162e+00 8.06489016e-02 3.579632e-01 5.518331e-01 1.183023e+01 2.158775e+01 4.192938e-01 4.0951e-03 1.2390e-02 -4.0325e-05 0.05723 2.51395e-01 3.50899e-01 5.07364e-01 2.61708e-02
10.500486 1.69142952e-01 6.23763894e-02 2.31519341e-01 5.01391754e-02 6.27053353e+00 3.49329951e+00 7.81106643e-02 3.687791e-01 5.570977e-01 1.294266e+01 2.084271e+01 3.889765e-01 4.3379e-03 1.2309e-02 -4.1660e-05 0.05603 2.55286e-01 3.56678e-01 5.11126e-01 2.59117e-02
10.750497 1.66832536e-01 6.26566891e-02 2.29489225e-01 4.63262495e-02 6.04734370e+00 3.42334872e+00 7.57655394e-02 3.755664e-01 5.660913e-01 1.345219e+01 2.185670e+01 3.281641e-01 4.2632e-03 1.1635e-02 -4.2573e-05 0.05491 2.59666e-01 3.59854e-01 5.08153e-01 2.58803e-02
11.000509 1.64900899e-01 6.24605492e-02 2.27361448e-01 4.24725030e-02 5.85768443e+00 3.40588087e+00 7.41085224e-02 3.787763e-01 5.814381e-01 1.311839e+01 2.156064e+01 2.596326e-01 3.8426e-03 1.1030e-02 -4.2964e-05 0.05492 2.60362e-01 3.58780e-01 5.01514e-01 2.57491e-02
11.250520 1.62782127e-01 6.21446778e-02 2.24926804e-01 3.89998182e-02 5.73288647e+00 3.45014252e+00 7.34642319e-02 3.817660e-01 6.018160e-01 1.226928e+01 1.891680e+01 2.255046e-01 3.5482e-03 1.0853e-02 -4.3036e-05 0.05372 2.57258e-01 3.52853e-01 4.98449e-01 2.55154e-02
11.500532 1.59873582e-01 6.22563901e-02 2.22129972e-01 3.61367343e-02 5.64877968e+00 3.54819235e+00 7.35757762e-02 3.894101e-01 6.281343e-01 1.189256e+01 1.746173e+01 2.161757e-01 3.5631e-03 1.0471e-02 -4.3224e-05 0.05163 2.51494e-01 3.44282e-01 4.96661e-01 2.54145e-02
11.750543 1.56085118e-01 6.30051229e-02 2.19090241e-01 3.37971805e-02 5.54878606e+00 3.67285247e+00 7.37731082e-02 4.036587e-01 6.619200e-01 1.337466e+01 1.978982e+01 2.275859e-01 3.7539e-03 1.0283e-02 -4.3953e-05 0.05177 2.42478e-01 3.38300e-01 4.89938e-01 2.52517e-02
12.000555 1.51889079e-01 6.40996386e-02 2.15988718e-01 3.18495955e-02 5.42726620e+00 3.78911772e+00 7.37310714e-02 4.220161e-01 6.981632e-01 1.365377e+01 2.047047e+01 2.750651e-01 3.8259e-03 1.0639e-02 -4.5234e-05 0.05158 2.33660e-01 3.31675e-01 4.81187e-01 2.48747e-02
12.250567 1.47773324e-01 6.51655245e-02 2.12938849e-01 3.03265219e-02 5.33113431e+00 3.85827337e+00 7.35152614e-02 4.409830e-01 7.237247e-01 1.256654e+01 1.975987e+01 3.163128e-01 3.7015e-03 1.0824e-02 -4.6762e-05 0.05077 2.25719e-01 3.26196e-01 4.73187e-01 2.43314e-02
12.500578 1.43973255e-01 6.60811778e-02 2.10054433e-01 2.93170301e-02 5.24485495e+00 3.87151117e+00 7.29309290e-02 4.589823e-01 7.381541e-01 1.123236e+01 1.879144e+01 3.150390e-01 3.5162e-03 1.0573e-02 -4.8283e-05 0.05097 2.20826e-01 3.22549e-01 4.67633e-01 2.35971e-02
12.750590 1.40599521e-01 6.70216897e-02 2.07621211e-01 2.87948022e-02 5.10912297e+00 3.80243847e+00 7.12924915e-02 4.766851e-01 7.442449e-01 1.207043e+01 1.812677e+01 2.947710e-01 3.4228e-03 1.0317e-02 -4.9620e-05 0.05253 2.17619e-01 3.18282e-01 4.65545e-01 2.25969e-02
13.000601 1.37820150e-01 6.82538982e-02 2.06074048e-01 2.85840316e-02 4.91615877e+00 3.65051527e+00 6.85333924e-02 4.952389e-01 7.425544e-01 1.188270e+01 1.739210e+01 3.063465e-01 3.4260e-03 9.7729e-03 -5.0793e-05 0.05239 2.14541e-01 3.14863e-01 4.66576e-01 2.15219e-02
13.250613 1.35839384e-01 6.98585069e-02 2.05697891e-01 2.84339294e-02 4.73639875e+00 3.46573369e+00 6.56170595e-02 5.142728e-01 7.317234e-01 9.352178e+00 1.639606e+01 3.658490e-01 3.4494e-03 8.9986e-03 -5.1882e-05 0.05074 2.13285e-01 3.14006e-01 4.68588e-01 2.07951e-02
13.500624 1.34703633e-01 7.16622258e-02 2.06365859e-01 2.81067908e-02 4.62734420e+00 3.32248635e+00 6.35986444e-02 5.319992e-01 7.180115e-01 9.498518e+00 1.540905e+01 4.089555e-01 3.6523e-03 8.5280e-03 -5.2920e-05 0.04826 2.15550e-01 3.15802e-01 4.70319e-01 2.05710e-02
13.750636 1.34334256e-01 7.32970981e-02 2.07631354e-01 2.73596725e-02 4.59444787e+00 3.22797758e+00 6.25794036e-02 5.456322e-01 7.025823e-01 9.357731e+00 1.706891e+01 3.833227e-01 3.9909e-03 8.5585e-03 -5.3922e-05 0.05199 2.22548e-01 3.21223e-01 4.72134e-01 2.08039e-02
14.000647 1.34519275e-01 7.44884903e-02 2.09007766e-01 2.59413889e-02 4.64200286e+00 3.14023860e+00 6.22579316e-02 5.537384e-01 6.764836e-01 1.014197e+01 1.888991e+01 3.467069e-01 4.0940e-03 8.5803e-03 -5.4891e-05 0.05409 2.33431e-01 3.30778e-01 4.75347e-01 2.13250e-02
14.250659 1.34890833e-01 7.51650506e-02 2.10055883e-01 2.36817079e-02 4.76085686e+00 3.07253828e+00 6.26671611e-02 5.572288e-01 6.453751e-01 1.030517e+01 2.080594e+01 3.674015e-01 3.9658e-03 8.7474e-03 -5.5838e-05 0.05384 2.45225e-01 3.42247e-01 4.80404e-01 2.19086e-02
14.500671 1.35155095e-01 7.53289659e-02 2.10484061e-01 2.05309272e-02 4.91446168e+00 2.98139208e+00 6.31668301e-02 5.573520e-01 6.066569e-01 9.916138e+00 2.289766e+01 4.193371e-01 3.8528e-03 9.2028e-03 -5.6738e-05 0.05230 2.55451e-01 3.48430e-01 4.85464e-01 2.23796e-02
14.750682 1.35099076e-01 7.52361732e-02 2.10335249e-01 1.66050163e-02 5.07788575e+00 2.82509568e+00 6.32238514e-02 5.568963e-01 5.563527e-01 9.064450e+00 2.410879e+01 3.968520e-01 3.5513e-03 8.0854e-03 -5.7626e-05 0.05214 2.60049e-01 3.46931e-01 4.86877e-01 2.28745e-02
15.000694 1.34370656e-01 7.53014725e-02 2.09672129e-01 1.21411228e-02 5.22811741e+00 2.71265869e+00 6.35262088e-02 5.604012e-01 5.188596e-01 9.402279e+00 2.305770e+01 2.871788e-01 3.3434e-03 8.0895e-03 -5.8692e-05 0.05185 2.62150e-01 3.45499e-01 4.87106e-01 2.34494e-02
15.250705 1.32657032e-01 7.57017631e-02 2.08358795e-01 7.33720301e-03 5.34060274e+00 2.70846899e+00 6.43925739e-02 5.706577e-01 5.071467e-01 1.022663e+01 2.048584e+01 2.031508e-01 3.3138e-03 9.1731e-03 -6.0050e-05 0.05150 2.66666e-01 3.46700e-01 4.88669e-01 2.41524e-02
15.500717 1.29955614e-01 7.62796010e-02 2.06235215e-01 2.38771912e-03 5.41393123e+00 2.76762342e+00 6.54524372e-02 5.869666e-01 5.112040e-01 1.003299e+01 2.053719e+01 1.879093e-01 3.1944e-03 9.5704e-03 -6.1896e-05 0.04996 2.72181e-01 3.49667e-01 4.95894e-01 2.48999e-02
15.750728 1.26493368e-01 7.67956631e-02 2.03289031e-01 -2.39932447e-03 5.43563643e+00 2.85041470e+00 6.62884091e-02 6.071122e-01 5.243939e-01 9.817004e+00 2.065384e+01 1.926421e-01 3.0855e-03 1.0185e-02 -6.4447e-05 0.04826 2.73653e-01 3.56365e-01 5.09193e-01 2.52737e-02
16.000740 1.22561440e-01 7.70896598e-02 1.99651099e-01 -6.68093928e-03 5.35738547e+00 2.98694494e+00 6.67546433e-02 6.289879e-01 5.575378e-01 1.014622e+01 1.976687e+01 1.971967e-01 3.0704e-03 1.0915e-02 -6.7537e-05 0.04859 2.68026e-01 3.65019e-01 5.22445e-01 2.48663e-02
16.250752 1.18577392e-01 7.69914406e-02 1.95568833e-01 -1.03440161e-02 5.16400156e+00 3.16768028e+00 6.66534547e-02 6.492927e-01 6.134158e-01 1.141097e+01 1.823706e+01 2.049006e-01 3.1080e-03 1.1073e-02 -7.0704e-05 0.04824 2.57560e-01 3.71662e-01 5.31134e-01 2.37482e-02
16.500763 1.15120353e-01 7.63300910e-02 1.91450444e-01 -1.36202934e-02 4.91132777e+00 3.27782855e+00 6.55132506e-02 6.630460e-01 6.674017e-01 1.087755e+01 1.730492e+01 2.147161e-01 3.1791e-03 1.0778e-02 -7.3537e-05 0.04617 2.47620e-01 3.71482e-01 5.30309e-01 2.24091e-02
16.750775 1.12723837e-01 7.50994262e-02 1.87823263e-01 -1.68606550e-02 4.66161458e+00 3.22906574e+00 6.31254426e-02 6.662249e-01 6.926926e-01 1.141748e+01 1.688052e+01 2.170859e-01 3.0947e-03 9.7502e-03 -7.5900e-05 0.04673 2.36829e-01 3.61982e-01 5.21747e-01 2.11014e-02
17.000786 1.11584213e-01 7.34815544e-02 1.85065767e-01 -2.01858547e-02 4.45824317e+00 3.07646241e+00 6.02776447e-02 6.585300e-01 6.900616e-01 1.167833e+01 1.627732e+01 2.136631e-01 3.0001e-03 8.7420e-03 -7.7939e-05 0.04944 2.25202e-01 3.48038e-01 5.16716e-01 2.01092e-02
17.250798 1.11465257e-01 7.17552213e-02 1.83220479e-01 -2.35069589e-02 4.31782058e+00 2.90484175e+00 5.77812987e-02 6.437452e-01 6.727565e-01 1.119816e+01 1.511598e+01 2.006462e-01 3.1029e-03 8.4503e-03 -7.9867e-05 0.05163 2.15959e-01 3.39159e-01 5.22388e-01 1.95880e-02
17.500809 1.11889167e-01 7.02631799e-02 1.82152347e-01 -2.66943842e-02 4.22578329e+00 2.75599884e+00 5.58542571e-02 6.279712e-01 6.521865e-01 1.042134e+01 1.406945e+01 1.910163e-01 3.4284e-03 8.6775e-03 -8.1795e-05 0.05326 2.11943e-01 3.40110e-01 5.35852e-01 1.94152e-02
17.750821 1.12382588e-01 6.93352212e-02 1.81717809e-01 -2.95842607e-02 4.17694361e+00 2.65680046e+00 5.46699526e-02 6.169570e-01 6.360633e-01 1.026453e+01 1.473230e+01 2.149828e-01 3.6317e-03 9.0698e-03 -8.3743e-05 0.05361 2.14871e-01 3.51894e-01 5.51964e-01 1.95643e-02
18.000832 1.12622825e-01 6.91518320e-02 1.81774657e-01 -3.19006959e-02 4.17537924e+00 2.58943573e+00 5.41185198e-02 6.140126e-01 6.201678e-01 1.086636e+01 1.607114e+01 2.602305e-01 3.6597e-03 9.4189e-03 -8.5692e-05 0.05236 2.24969e-01 3.72547e-01 5.65058e-01 1.99051e-02
18.250844 1.12461712e-01 6.98197464e-02 1.82281458e-01 -3.33589111e-02 4.18800581e+00 2.52555665e+00 5.37084997e-02 6.208313e-01 6.030452e-01 1.076310e+01 1.653771e+01 2.999458e-01 3.6080e-03 1.0117e-02 -8.7573e-05 0.04992 2.39943e-01 3.91852e-01 5.75907e-01 2.03819e-02
18.500856 1.11912662e-01 7.13515066e-02 1.83264168e-01 -3.38851129e-02 4.18724515e+00 2.48375452e+00 5.33679974e-02 6.375642e-01 5.931715e-01 1.025054e+01 1.602880e+01 3.282644e-01 3.5115e-03 1.0860e-02 -8.9402e-05 0.04886 2.54454e-01 4.04596e-01 5.90899e-01 2.09654e-02
18.750867 1.11147556e-01 7.34641972e-02 1.84611753e-01 -3.36274710e-02 4.18878470e+00 2.50947049e+00 5.35860415e-02 6.609610e-01 5.990927e-01 1.120027e+01 1.651145e+01 3.404403e-01 3.2492e-03 1.1232e-02 -9.1353e-05 0.04902 2.66321e-01 4.19450e-01 6.10029e-01 2.16527e-02
19.000879 1.10472071e-01 7.55931168e-02 1.86065188e-01 -3.27984781e-02 4.19427048e+00 2.58940507e+00 5.42694044e-02 6.842736e-01 6.173672e-01 1.263563e+01 1.762523e+01 3.326410e-01 3.0095e-03 1.1902e-02 -9.3409e-05 0.04888 2.77144e-01 4.33515e-01 6.24143e-01 2.23569e-02
19.250890 1.10162757e-01 7.72753448e-02 1.87438102e-01 -3.16112378e-02 4.18738202e+00 2.63474207e+00 5.45769927e-02 7.014652e-01 6.292099e-01 1.232001e+01 1.803304e+01 3.205749e-01 2.9342e-03 1.2558e-02 -9.5338e-05 0.04862 2.85837e-01 4.40827e-01 6.28552e-01 2.29313e-02
19.500902 1.10261661e-01 7.83871904e-02 1.88648851e-01 -3.02256046e-02 4.16636860e+00 2.61247549e+00 5.42307527e-02 7.109197e-01 6.270390e-01 1.128861e+01 1.768358e+01 3.325737e-01 2.8595e-03 1.2292e-02 -9.7066e-05 0.04845 2.90214e-01 4.41149e-01 6.23112e-01 2.33061e-02
19.750913 1.10619681e-01 7.89691433e-02 1.89588825e-01 -2.87472627e-02 4.14285482e+00 2.54810047e+00 5.35276423e-02 7.138797e-01 6.150591e-01 1.029755e+01 1.690266e+01 3.773157e-01 2.7868e-03 1.1376e-02 -9.8687e-05 0.04812 2.90778e-01 4.36621e-01 6.11225e-01 2.33983e-02
20.000925 1.11113556e-01 7.90107474e-02 1.90124304e-01 -2.72823419e-02 4.14017826e+00 2.45615150e+00 5.27706381e-02 7.110811e-01 5.932478e-01 9.386638e+00 1.603788e+01 4.314936e-01 2.7789e-03 1.0155e-02 -1.0026e-04 0.04616 2.89811e-01 4.28741e-01 5.98169e-01 2.31576e-02
20.250937 1.11657334e-01 7.85263169e-02 1.90183651e-01 -2.58938041e-02 4.19498213e+00 2.32610850e+00 5.21687250e-02 7.032795e-01 5.544978e-01 7.931101e+00 1.599722e+01 4.657133e-01 2.8150e-03 8.9962e-03 -1.0177e-04 0.04489 2.89734e-01 4.19653e-01 5.90421e-01 2.29289e-02
20.500948 1.11996955e-01 7.77895927e-02 1.89786548e-01 -2.45673561e-02 4.29944488e+00 2.19079412e+00 5.19219121e-02 6.945688e-01 5.095528e-01 6.208031e+00 1.747994e+01 4.545962e-01 2.9383e-03 9.3373e-03 -1.0322e-04 0.04390 2.93209e-01 4.15653e-01 5.88630e-01 2.30076e-02
20.750960 1.11810248e-01 7.71772077e-02 1.88987456e-01 -2.32723019e-02 4.35311613e+00 2.11674838e+00 5.17589161e-02 6.902516e-01 4.862605e-01 7.012695e+00 1.814085e+01 3.907272e-01 3.0692e-03 9.4589e-03 -1.0485e-04 0.04244 2.96401e-01 4.13348e-01 5.85412e-01 2.30883e-02
21.000971 1.11050344e-01 7.68868678e-02 1.87937212e-01 -2.20794913e-02 4.29633566e+00 2.09874870e+00 5.11606749e-02 6.923605e-01 4.884974e-01 7.462226e+00 1.671464e+01 3.088104e-01 3.2572e-03 8.2138e-03 -1.0696e-04 0.04271 2.91436e-01 4.06776e-01 5.77017e-01 2.27875e-02
21.250983 1.09910211e-01 7.69039611e-02 1.86814172e-01 -2.11220027e-02 4.17766113e+00 2.09955203e+00 5.02177052e-02 6.996981e-01 5.025664e-01 6.472849e+00 1.557580e+01 2.414826e-01 3.4365e-03 7.4776e-03 -1.0951e-04 0.04414 2.83854e-01 4.02040e-01 5.69265e-01 2.21658e-02
21.500994 1.08619892e-01 7.71189779e-02 1.85738870e-01 -2.04193597e-02 4.04828862e+00 2.10033268e+00 4.91889704e-02 7.099895e-01 5.188199e-01 6.627097e+00 1.588509e+01 1.875512e-01 3.2089e-03 7.1561e-03 -1.1222e-04 0.04533 2.78077e-01 4.01823e-01 5.65195e-01 2.13959e-02
21.751006 1.07362995e-01 7.74536958e-02 1.84816690e-01 -1.98822834e-02 3.91741093e+00 2.09233568e+00 4.80779729e-02 7.214189e-01 5.341119e-01 6.925525e+00 1.632150e+01 1.449389e-01 2.9122e-03 6.7878e-03 -1.1488e-04 0.04604 2.73998e-01 4.04212e-01 5.64421e-01 2.05939e-02
22.001017 1.06274920e-01 7.79140595e-02 1.84188980e-01 -1.94531135e-02 3.77866004e+00 2.08041410e+00 4.68725931e-02 7.331368e-01 5.505693e-01 7.103488e+00 1.649957e+01 1.219450e-01 2.7125e-03 6.4091e-03 -1.1741e-04 0.04647 2.70404e-01 4.06183e-01 5.65402e-01 1.98582e-02
22.251029 1.05455912e-01 7.85267844e-02 1.83982697e-01 -1.91632761e-02 3.64107105e+00 2.07791732e+00 4.57519069e-02 7.446409e-01 5.706885e-01 7.359949e+00 1.620626e+01 1.174674e-01 2.5992e-03 6.2463e-03 -1.1977e-04 0.04724 2.66441e-01 4.05490e-01 5.66436e-01 1.93344e-02
22.501041 1.04940882e-01 7.93250210e-02 1.84265903e-01 -1.91037472e-02 3.52345626e+00 2.10367426e+00 4.50170441e-02 7.559020e-01 5.970485e-01 7.760587e+00 1.560379e+01 1.206975e-01 2.5257e-03 6.4126e-03 -1.2192e-04 0.04772 2.61990e-01 4.01218e-01 5.66770e-01 1.90524e-02
22.751052 1.04689931e-01 8.03385770e-02 1.85028508e-01 -1.93648645e-02 3.43781148e+00 2.18851198e+00 4.50105877e-02 7.673954e-01 6.366003e-01 8.113483e+00 1.498377e+01 1.285498e-01 2.4861e-03 6.8666e-03 -1.2388e-04 0.04771 2.56744e-01 3.93017e-01 5.66380e-01 1.88953e-02
23.001064 1.04657093e-01 8.15485230e-02 1.86205616e-01 -2.00037019e-02 3.38654340e+00 2.32826503e+00 4.57184674e-02 7.791973e-01 6.875049e-01 9.289975e+00 1.563427e+01 1.528878e-01 2.5810e-03 7.3689e-03 -1.2565e-04 0.04702 2.51032e-01 3.83674e-01 5.66226e-01 1.87867e-02
23.251075 1.04860436e-01 8.29128926e-02 1.87773329e-01 -2.10519826e-02 3.36251767e+00 2.46559197e+00 4.66248771e-02 7.906976e-01 7.332577e-01 9.819255e+00 1.629637e+01 2.037066e-01 2.7157e-03 7.7306e-03 -1.2724e-04 0.04583 2.46191e-01 3.78248e-01 5.65541e-01 1.86758e-02
23.501087 1.05376270e-01 8.44256014e-02 1.89801871e-01 -2.25058098e-02 3.35277510e+00 2.55389090e+00 4.72533280e-02 8.011823e-01 7.617245e-01 9.549719e+00 1.644613e+01 2.716286e-01 2.7240e-03 8.0973e-03 -1.2868e-04 0.04437 2.42361e-01 3.77071e-01 5.62384e-01 1.85384e-02
23.751098 1.06278858e-01 8.60873842e-02 1.92366243e-01 -2.43054850e-02 3.35253034e+00 2.59464128e+00 4.75773729e-02 8.100142e-01 7.739352e-01 9.577020e+00 1.603590e+01 3.285274e-01 2.6047e-03 8.4531e-03 -1.2998e-04 0.04363 2.38104e-01 3.75825e-01 5.55856e-01 1.83865e-02
24.001110 1.07590795e-01 8.78279718e-02 1.95418767e-01 -2.63267070e-02 3.36951811e+00 2.61008885e+00 4.78368557e-02 8.163149e-01 7.746178e-01 9.521268e+00 1.527553e+01 3.582126e-01 2.4596e-03 8.7506e-03 -1.3115e-04 0.04590 2.32972e-01 3.72387e-01 5.46511e-01 1.82706e-02
24.251122 1.09264262e-01 8.95000171e-02 1.98764279e-01 -2.83789372e-02 3.41421011e+00 2.61404645e+00 4.82260524e-02 8.191152e-01 7.656373e-01 9.297250e+00 1.450962e+01 3.585664e-01 2.3461e-03 9.0180e-03 -1.3225e-04 0.04733 2.27739e-01 3.66707e-01 5.34713e-01 1.82355e-02
24.501133 1.11147482e-01 9.09577219e-02 2.02105204e-01 -3.02400456e-02 3.49273905e+00 2.61257100e+00 4.88424804e-02 8.183516e-01 7.480006e-01 8.997683e+00 1.396100e+01 3.258208e-01 2.3126e-03 9.2619e-03 -1.3333e-04 0.04802 2.22870e-01 3.58535e-01 5.20646e-01 1.82959e-02
24.751145 1.12925258e-01 9.21566781e-02 2.05081936e-01 -3.17221081e-02 3.60058006e+00 2.61927494e+00 4.97588400e-02 8.160856e-01 7.274592e-01 8.594672e+00 1.361390e+01 2.801146e-01 2.3843e-03 9.5107e-03 -1.3445e-04 0.04873 2.18148e-01 3.47224e-01 5.04494e-01 1.84609e-02
25.001156 1.14177111e-01 9.31388787e-02 2.07315990e-01 -3.26983901e-02 3.71765562e+00 2.65489367e+00 5.09803943e-02 8.157404e-01 7.141311e-01 9.400076e+00 1.341021e+01 2.509612e-01 2.5703e-03 9.6942e-03 -1.3568e-04 0.04916 2.13504e-01 3.33289e-01 4.87772e-01 1.87218e-02
25.251168 1.14609490e-01 9.39007500e-02 2.08510240e-01 -3.31171580e-02 3.82156984e+00 2.71195589e+00 5.22682059e-02 8.193104e-01 7.096445e-01 1.097111e+01 1.377657e+01 2.418877e-01 2.9055e-03 9.7017e-03 -1.3706e-04 0.04878 2.10782e-01 3.20571e-01 4.75318e-01 1.90639e-02
25.501179 1.14223162e-01 9.43514799e-02 2.08574642e-01 -3.30705614e-02 3.90578461e+00 2.74501151e+00 5.32063690e-02 8.260276e-01 7.028067e-01 1.216909e+01 1.572577e+01 2.350393e-01 3.3440e-03 9.6401e-03 -1.3858e-04 0.04763 2.12467e-01 3.15203e-01 4.72526e-01 1.94529e-02
25.751191 1.13209135e-01 9.44604638e-02 2.07669599e-01 -3.27858049e-02 3.94887885e+00 2.72888344e+00 5.34220983e-02 8.343891e-01 6.910527e-01 1.211093e+01 1.737592e+01 2.054931e-01 3.6980e-03 1.0058e-02 -1.4022e-04 0.04652 2.18074e-01 3.18439e-01 4.78938e-01 1.97521e-02
26.001202 1.11796958e-01 9.43553877e-02 2.06152346e-01 -3.24769065e-02 3.91778049e+00 2.66737297e+00 5.26812277e-02 8.439889e-01 6.808378e-01 1.118759e+01 1.713115e+01 1.531452e-01 3.8565e-03 9.9366e-03 -1.4203e-04 0.04623 2.23736e-01 3.23811e-01 4.87547e-01 1.97964e-02
26.251214 1.10162303e-01 9.42806754e-02 2.04442978e-01 -3.22686179e-02 3.82343513e+00 2.58127344e+00 5.12376686e-02 8.558343e-01 6.751189e-01 9.923341e+00 1.550738e+01 1.035672e-01 3.8315e-03 8.7708e-03 -1.4406e-04 0.04559 2.25986e-01 3.26362e-01 4.93860e-01 1.95602e-02
26.501226 1.08367199e-01 9.44724185e-02 2.02839618e-01 -3.22250048e-02 3.70263888e+00 2.52141461e+00 4.97924279e-02 8.717806e-01 6.809777e-01 8.536442e+00 1.369668e+01 7.446485e-02 3.6603e-03 7.5513e-03 -1.4632e-04 0.04437 2.25304e-01 3.27185e-01 4.98624e-01 1.91398e-02
26.751237 1.06424704e-01 9.50304211e-02 2.01455125e-01 -3.23791802e-02 3.58096900e+00 2.52911475e+00 4.88806700e-02 8.929357e-01 7.062655e-01 8.022462e+00 1.389085e+01 7.404617e-02 3.3571e-03 6.8261e-03 -1.4875e-04 0.04261 2.22910e-01 3.27429e-01 5.02367e-01 1.86178e-02
27.001249 1.04389871e-01 9.59043813e-02 2.00294252e-01 -3.27494864e-02 3.47205920e+00 2.60266710e+00 4.85978104e-02 9.187135e-01 7.496033e-01 8.024169e+00 1.398151e+01 1.056992e-01 3.0967e-03 6.7031e-03 -1.5124e-04 0.04064 2.19013e-01 3.26444e-01 5.03578e-01 1.80620e-02
27.251260 1.02369762e-01 9.69810125e-02 1.99350774e-01 -3.33589998e-02 3.38525014e+00 2.71294014e+00 4.87855223e-02 9.473600e-01 8.014002e-01 8.603307e+00 1.398189e+01 1.668860e-01 2.9701e-03 7.0318e-03 -1.5375e-04 0.04013 2.13502e-01 3.23191e-01 5.00057e-01 1.75497e-02
27.501272 1.00505143e-01 9.81240305e-02 1.98629173e-01 -3.42370842e-02 3.33046435e+00 2.84055779e+00 4.93681771e-02 9.763086e-01 8.529014e-01 9.580790e+00 1.389486e+01 2.530790e-01 2.9232e-03 7.5461e-03 -1.5619e-04 0.04048 2.06389e-01 3.17259e-01 4.91256e-01 1.71665e-02
27.751283 9.89942691e-02 9.91117778e-02 1.98106047e-01 -3.54060072e-02 3.31892748e+00 2.97554025e+00 5.03557419e-02 1.001187e+00 8.965367e-01 1.179944e+01 1.373370e+01 3.537642e-01 2.9549e-03 8.0320e-03 -1.5851e-04 0.04157 1.98522e-01 3.09979e-01 4.79605e-01 1.69617e-02
28.001295 9.81135730e-02 9.96286149e-02 1.97742188e-01 -3.68973591e-02 3.35517603e+00 3.07772232e+00 5.14631868e-02 1.015442e+00 9.173058e-01 1.405839e+01 1.355013e+01 4.334367e-01 3.1032e-03 8.3606e-03 -1.6060e-04 0.04254 1.92204e-01 3.04800e-01 4.70014e-01 1.68645e-02
28.251307 9.81161171e-02 9.94634461e-02 1.97579563e-01 -3.87873457e-02 3.43457237e+00 3.07825683e+00 5.21026336e-02 1.013732e+00 8.962562e-01 1.479009e+01 1.330388e+01 4.668888e-01 3.3231e-03 8.5534e-03 -1.6241e-04 0.04410 1.89927e-01 3.05208e-01 4.67338e-01 1.68637e-02
28.501318 9.90372721e-02 9.86984815e-02 1.97735754e-01 -4.11233967e-02 3.54803647e+00 2.96512653e+00 5.21053040e-02 9.965792e-01 8.357091e-01 1.417368e+01 1.375186e+01 4.636777e-01 3.4835e-03 8.7694e-03 -1.6390e-04 0.04748 1.91415e-01 3.10782e-01 4.70558e-01 1.69252e-02
28.751330 1.00620508e-01 9.76463242e-02 1.98266832e-01 -4.37914856e-02 3.67284897e+00 2.80153930e+00 5.17951062e-02 9.704416e-01 7.627701e-01 1.277886e+01 1.408991e+01 4.148129e-01 3.4641e-03 9.0732e-03 -1.6508e-04 0.04974 1.94101e-01 3.17146e-01 4.73094e-01 1.69934e-02
29.001341 1.02422429e-01 9.66866595e-02 1.99109089e-01 -4.65481264e-02 3.78050530e+00 2.65817771e+00 5.15094640e-02 9.439989e-01 7.031276e-01 1.097225e+01 1.379863e+01 3.258157e-01 3.2683e-03 9.3394e-03 -1.6600e-04 0.05009 1.95696e-01 3.19324e-01 4.69901e-01 1.70541e-02
29.251353 1.03957848e-01 9.61462892e-02 2.00104137e-01 -4.91926245e-02 3.86181790e+00 2.57511282e+00 5.14954457e-02 9.248584e-01 6.668136e-01 9.178226e+00 1.292406e+01 2.500209e-01 3.0744e-03 9.4479e-03 -1.6679e-04 0.04875 1.95059e-01 3.14950e-01 4.61169e-01 1.71510e-02
29.501364 1.04817330e-01 9.62097222e-02 2.01027052e-01 -5.16766477e-02 3.92246082e+00 2.56202283e+00 5.18758692e-02 9.178799e-01 6.531672e-01 1.067953e+01 1.257465e+01 2.435379e-01 3.0532e-03 9.4293e-03 -1.6757e-04 0.04658 1.92658e-01 3.05829e-01 4.50859e-01 1.73212e-02
29.751376 1.04791615e-01 9.68650325e-02 2.01656648e-01 -5.40549970e-02 3.95893735e+00 2.59799673e+00 5.24554727e-02 9.243586e-01 6.562359e-01 1.269155e+01 1.379147e+01 3.036992e-01 3.1273e-03 9.2840e-03 -1.6845e-04 0.04811 1.90893e-01 2.96900e-01 4.43569e-01 1.75562e-02
30.001387 1.03966598e-01 9.79193579e-02 2.01885956e-01 -5.63674904e-02 3.95220113e+00 2.64819025e+00 5.28031310e-02 9.418348e-01 6.700545e-01 1.416779e+01 1.505967e+01 3.671339e-01 3.1765e-03 8.9248e-03 -1.6948e-04 0.04892 1.91567e-01 2.92177e-01 4.41439e-01 1.78095e-02
30.251399 1.02677441e-01 9.90810628e-02 2.01758504e-01 -5.85895990e-02 3.88068691e+00 2.69711316e+00 5.26224006e-02 9.649740e-01 6.950092e-01 1.441759e+01 1.567369e+01 3.788829e-01 3.1817e-03 8.1869e-03 -1.7066e-04 0.04816 1.93237e-01 2.90504e-01 4.42372e-01 1.79367e-02
30.501411 1.01333313e-01 1.00089603e-01 2.01422916e-01 -6.06528439e-02 3.75185234e+00 2.73247123e+00 5.18745885e-02 9.877265e-01 7.282992e-01 1.340695e+01 1.517287e+01 3.458636e-01 3.1750e-03 7.1699e-03 -1.7200e-04 0.04632 1.93604e-01 2.88330e-01 4.43088e-01 1.78804e-02
30.751422 1.00215475e-01 1.00848324e-01 2.01063799e-01 -6.25095907e-02 3.60570190e+00 2.73709620e+00 5.07423847e-02 1.006315e+00 7.591022e-01 1.178635e+01 1.422501e+01 3.078220e-01 3.1956e-03 6.2748e-03 -1.7348e-04 0.04432 1.92933e-01 2.85598e-01 4.43609e-01 1.77272e-02
31.001434 9.94067089e-02 1.01438424e-01 2.00845133e-01 -6.41697508e-02 3.47528874e+00 2.70649982e+00 4.94543085e-02 1.020438e+00 7.787842e-01 1.033434e+01 1.301755e+01 2.921331e-01 3.2221e-03 5.6006e-03 -1.7509e-04 0.04444 1.92619e-01 2.84102e-01 4.45467e-01 1.75197e-02
31.251445 9.88353409e-02 1.02041881e-01 2.00877221e-01 -6.56784808e-02 3.36928072e+00 2.66048906e+00 4.82381582e-02 1.032443e+00 7.896312e-01 9.303188e+00 1.170183e+01 3.005904e-01 3.1714e-03 5.1866e-03 -1.7684e-04 0.04444 1.92798e-01 2.84125e-01 4.48816e-01 1.72700e-02
31.501457 9.83489492e-02 1.02841922e-01 2.01190871e-01 -6.70755724e-02 3.28531035e+00 2.62772149e+00 4.73042547e-02 1.045684e+00 7.998397e-01 9.293317e+00 1.158836e+01 3.208235e-01 3.0213e-03 5.1061e-03 -1.7875e-04 0.04412 1.92439e-01 2.84616e-01 4.52754e-01 1.69933e-02
31.751468 9.78021873e-02 1.03939471e-01 2.01741659e-01 -6.83677060e-02 3.22454468e+00 2.62089285e+00 4.67635002e-02 1.062752e+00 8.127947e-01 9.069661e+00 1.165641e+01 3.448679e-01 2.8544e-03 5.3526e-03 -1.8085e-04 0.04489 1.90774e-01 2.84967e-01 4.56670e-01 1.67219e-02
32.001480 9.71255572e-02 1.05305748e-01 2.02431306e-01 -6.95301865e-02 3.19314915e+00 2.64251559e+00 4.66853179e-02 1.084223e+00 8.275578e-01 8.714371e+00 1.164274e+01 3.765635e-01 2.7110e-03 5.7858e-03 -1.8312e-04 0.04525 1.88136e-01 2.85962e-01 4.61249e-01 1.64951e-02
32.251491 9.63656517e-02 1.06749118e-01 2.03114770e-01 -7.05304219e-02 3.20074451e+00 2.69626984e+00 4.71761148e-02 1.107751e+00 8.423883e-01 8.454242e+00 1.183589e+01 4.235249e-01 2.5601e-03 6.2270e-03 -1.8549e-04 0.04538 1.85925e-01 2.89427e-01 4.67531e-01 1.63687e-02
32.501503 9.56841082e-02 1.07939710e-01 2.03623818e-01 -7.13552966e-02 3.25522465e+00 2.77548587e+00 4.82456842e-02 1.128084e+00 8.526250e-01 8.889906e+00 1.223097e+01 4.758112e-01 2.4375e-03 6.5023e-03 -1.8779e-04 0.04527 1.85822e-01 2.95840e-01 4.74292e-01 1.63720e-02
32.751515 9.52919486e-02 1.08536374e-01 2.03828322e-01 -7.20396023e-02 3.35144607e+00 2.85492771e+00 4.96509903e-02 1.138988e+00 8.518495e-01 1.029627e+01 1.345927e+01 5.028964e-01 2.4643e-03 6.6204e-03 -1.8987e-04 0.04496 1.88238e-01 3.02848e-01 4.79192e-01 1.65069e-02
33.001526 9.53430927e-02 1.08347456e-01 2.03690548e-01 -7.26795030e-02 3.47106792e+00 2.90311633e+00 5.09934740e-02 1.136395e+00 8.363755e-01 1.134126e+01 1.482127e+01 4.893689e-01 2.6549e-03 6.7050e-03 -1.9165e-04 0.04459 1.91875e-01 3.08396e-01 4.81530e-01 1.67596e-02
33.251538 9.58507629e-02 1.07425549e-01 2.03276312e-01 -7.34063632e-02 3.59347686e+00 2.89608398e+00 5.19164867e-02 1.120758e+00 8.059281e-01 1.185087e+01 1.589461e+01 4.518016e-01 2.9308e-03 6.7808e-03 -1.9314e-04 0.04428 1.95774e-01 3.12695e-01 4.82489e-01 1.70681e-02
33.501549 9.66863248e-02 1.06046354e-01 2.02732679e-01 -7.43418037e-02 3.70314317e+00 2.82539202e+00 5.22282815e-02 1.096808e+00 7.629713e-01 1.178912e+01 1.665494e+01 4.075662e-01 3.2277e-03 6.8589e-03 -1.9443e-04 0.04407 1.99913e-01 3.16659e-01 4.83508e-01 1.73476e-02
33.751561 9.76464051e-02 1.04586894e-01 2.02233299e-01 -7.55629438e-02 3.79273682e+00 2.70897135e+00 5.20136654e-02 1.071078e+00 7.142524e-01 1.117166e+01 1.702521e+01 3.601292e-01 3.4397e-03 6.9441e-03 -1.9560e-04 0.04364 2.03826e-01 3.20088e-01 4.84671e-01 1.75469e-02
34.001572 9.85208227e-02 1.03380635e-01 2.01901458e-01 -7.70815553e-02 3.85922362e+00 2.58822845e+00 5.15796165e-02 1.049328e+00 6.706604e-01 1.012795e+01 1.693504e+01 3.181893e-01 3.4817e-03 7.0298e-03 -1.9672e-04 0.04294 2.06164e-01 3.21490e-01 4.84664e-01 1.76485e-02
34.251584 9.91388272e-02 1.02636418e-01 2.01775245e-01 -7.88473727e-02 3.89639678e+00 2.49842769e+00 5.11585957e-02 1.035280e+00 6.412149e-01 8.961668e+00 1.642557e+01 2.970549e-01 3.4073e-03 7.0748e-03 -1.9785e-04 0.04218 2.05866e-01 3.19733e-01 4.82391e-01 1.76563e-02
34.501596 9.94110664e-02 1.02430307e-01 2.01841374e-01 -8.07775611e-02 3.89607257e+00 2.44691593e+00 5.07439080e-02 1.030371e+00 6.280468e-01 1.052500e+01 1.563671e+01 2.950882e-01 3.2866e-03 7.0000e-03 -1.9902e-04 0.04180 2.03226e-01 3.15471e-01 4.78319e-01 1.75826e-02
34.751607 9.93528819e-02 1.02724744e-01 2.02077626e-01 -8.27795954e-02 3.85793768e+00 2.42215432e+00 5.02407360e-02 1.033938e+00 6.278366e-01 1.177049e+01 1.473980e+01 2.971050e-01 3.1386e-03 6.7500e-03 -2.0027e-04 0.04159 1.99515e-01 3.10344e-01 4.73913e-01 1.74510e-02
35.001619 9.90645296e-02 1.03395644e-01 2.02460174e-01 -8.47582648e-02 3.79254982e+00 2.41052101e+00 4.96245666e-02 1.043720e+00 6.355938e-01 1.244929e+01 1.387404e+01 2.992220e-01 3.0130e-03 6.3573e-03 -2.0160e-04 0.04236 1.95969e-01 3.05492e-01 4.70325e-01 1.72907e-02
35.251630 9.86867830e-02 1.04273931e-01 2.02960714e-01 -8.66305311e-02 3.71285551e+00 2.40393304e+00 4.89343084e-02 1.056615e+00 6.474620e-01 1.235121e+01 1.314067e+01 3.047039e-01 2.9622e-03 5.9165e-03 -2.0300e-04 0.04244 1.93246e-01 3.01217e-01 4.67930e-01 1.71338e-02
35.501642 9.83591015e-02 1.05196622e-01 2.03555724e-01 -8.83469997e-02 3.62853851e+00 2.39809334e+00 4.82130548e-02 1.069516e+00 6.608979e-01 1.155963e+01 1.260706e+01 3.138433e-01 2.9747e-03 5.4977e-03 -2.0446e-04 0.04194 1.91461e-01 2.97488e-01 4.66652e-01 1.70039e-02
35.751653 9.81821091e-02 1.06056666e-01 2.04238775e-01 -8.99015132e-02 3.54730595e+00 2.39020986e+00 4.75001265e-02 1.080204e+00 6.738099e-01 1.032604e+01 1.229489e+01 3.266630e-01 2.9981e-03 5.1202e-03 -2.0598e-04 0.04136 1.90462e-01 2.94480e-01 4.66526e-01 1.68995e-02
36.001665 9.81856477e-02 1.06825747e-01 2.05011395e-01 -9.13176165e-02 3.47759544e+00 2.38428591e+00 4.68950508e-02 1.087998e+00 6.856134e-01 9.248950e+00 1.215458e+01 3.444308e-01 2.9792e-03 4.8049e-03 -2.0757e-04 0.04219 1.89976e-01 2.92592e-01 4.67898e-01 1.68210e-02
36.251676 9.83260162e-02 1.07526066e-01 2.05852082e-01 -9.26181705e-02 3.42707203e+00 2.39136033e+00 4.65474589e-02 1.093567e+00 6.977853e-01 8.782447e+00 1.208103e+01 3.670128e-01 2.9145e-03 4.5926e-03 -2.0925e-04 0.04290 1.89770e-01 2.92320e-01 4.71235e-01 1.67717e-02
36.501688 9.85151060e-02 1.08190556e-01 2.06705662e-01 -9.38024154e-02 3.39852058e+00 2.41660963e+00 4.65210417e-02 1.098213e+00 7.110769e-01 8.395021e+00 1.196886e+01 3.930338e-01 2.8650e-03 4.5320e-03 -2.1107e-04 0.04365 1.89947e-01 2.94259e-01 4.76944e-01 1.67551e-02
36.751700 9.86502332e-02 1.08859846e-01 2.07510080e-01 -9.48495740e-02 3.38917181e+00 2.45425599e+00 4.67474224e-02 1.103493e+00 7.241462e-01 7.990239e+00 1.174755e+01 4.205442e-01 2.8557e-03 4.6706e-03 -2.1301e-04 0.04457 1.90906e-01 2.98875e-01 4.85125e-01 1.67777e-02
37.001711 9.86431409e-02 1.09581277e-01 2.08224418e-01 -9.57373671e-02 3.39418504e+00 2.49593573e+00 4.71209662e-02 1.110886e+00 7.353564e-01 8.561949e+00 1.139925e+01 4.471299e-01 2.8399e-03 5.0178e-03 -2.1507e-04 0.04529 1.93053e-01 3.06068e-01 4.94978e-01 1.68486e-02
37.251723 9.84589049e-02 1.10375693e-01 2.08834598e-01 -9.64498575e-02 3.41110505e+00 2.53571604e+00 4.75745687e-02 1.121033e+00 7.433708e-01 9.229591e+00 1.110730e+01 4.724290e-01 2.7664e-03 5.5182e-03 -2.1716e-04 0.04572 1.96580e-01 3.14850e-01 5.04752e-01 1.69672e-02
37.501734 9.81403691e-02 1.11199913e-01 2.09340282e-01 -9.69695702e-02 3.44114865e+00 2.57117245e+00 4.80985688e-02 1.133070e+00 7.471844e-01 9.547016e+00 1.200585e+01 4.986878e-01 2.6202e-03 6.0478e-03 -2.1920e-04 0.04579 2.01054e-01 3.23562e-01 5.12792e-01 1.71261e-02
37.751746 9.77995939e-02 1.11933641e-01 2.09733235e-01 -9.72707304e-02 3.48761989e+00 2.60397250e+00 4.87327392e-02 1.144521e+00 7.466331e-01 9.538363e+00 1.276735e+01 5.270342e-01 2.4612e-03 6.4513e-03 -2.2110e-04 0.04562 2.05376e-01 3.30581e-01 5.18104e-01 1.73189e-02
38.001757 9.75848308e-02 1.12399146e-01 2.09983977e-01 -9.73302951e-02 3.55422720e+00 2.63532440e+00 4.95164128e-02 1.151810e+00 7.414620e-01 9.327356e+00 1.334608e+01 5.512752e-01 2.4064e-03 6.6524e-03 -2.2281e-04 0.04533 2.08553e-01 3.34910e-01 5.19942e-01 1.75362e-02
38.251769 9.76253899e-02 1.12426995e-01 2.10052385e-01 -9.71580341e-02 3.64079569e+00 2.65979803e+00 5.04047498e-02 1.151616e+00 7.305540e-01 9.013387e+00 1.374338e+01 5.557907e-01 2.5019e-03 6.6990e-03 -2.2434e-04 0.04502 2.10406e-01 3.36601e-01 5.18091e-01 1.77698e-02
38.501781 9.79690090e-02 1.11956689e-01 2.09925699e-01 -9.68242692e-02 3.73751427e+00 2.66218352e+00 5.11975823e-02 1.142777e+00 7.122872e-01 9.391648e+00 1.401183e+01 5.309306e-01 2.7152e-03 6.6866e-03 -2.2571e-04 0.04477 2.11708e-01 3.36906e-01 5.13973e-01 1.79986e-02
38.751792 9.85575608e-02 1.11105370e-01 2.09662931e-01 -9.64544499e-02 3.82661389e+00 2.62508218e+00 5.16135686e-02 1.127315e+00 6.860065e-01 1.033082e+01 1.415952e+01 4.853471e-01 2.9836e-03 6.6794e-03 -2.2695e-04 0.04448 2.13479e-01 3.37323e-01 5.09947e-01 1.81852e-02
39.001804 9.92597428e-02 1.10133082e-01 2.09392824e-01 -9.61854746e-02 3.89256824e+00 2.54882487e+00 5.15311449e-02 1.109544e+00 6.547926e-01 1.030613e+01 1.417490e+01 4.330869e-01 3.2096e-03 6.6972e-03 -2.2811e-04 0.04420 2.15811e-01 3.37993e-01 5.06951e-01 1.83013e-02
39.251815 9.99264740e-02 1.09326974e-01 2.09253448e-01 -9.61141376e-02 3.92817568e+00 2.45621010e+00 5.10750862e-02 1.094074e+00 6.252801e-01 9.540328e+00 1.402641e+01 3.858581e-01 3.3328e-03 6.7300e-03 -2.2923e-04 0.04389 2.17711e-01 3.37697e-01 5.04123e-01 1.83402e-02
39.501827 1.00429283e-01 1.08906399e-01 2.09335682e-01 -9.62752203e-02 3.93198227e+00 2.37459882e+00 5.04526487e-02 1.084409e+00 6.039190e-01 9.173106e+00 1.368978e+01 3.561514e-01 3.3613e-03 6.7368e-03 -2.3035e-04 0.04335 2.18107e-01 3.35408e-01 5.00489e-01 1.83043e-02
39.751838 1.00679115e-01 1.08989943e-01 2.09669058e-01 -9.66575869e-02 3.90428797e+00 2.32106317e+00 4.98028092e-02 1.082548e+00 5.944908e-01 1.055680e+01 1.316336e+01 3.476195e-01 3.3190e-03 6.6563e-03 -2.3151e-04 0.04240 2.16722e-01 3.31330e-01 4.96164e-01 1.82037e-02
40.001850 1.00645351e-01 1.09589136e-01 2.10234487e-01 -9.72301972e-02 3.84749955e+00 2.29866220e+00 4.91692940e-02 1.088864e+00 5.974431e-01 1.169706e+01 1.255579e+01 3.467067e-01 3.2259e-03 6.4307e-03 -2.3276e-04 0.04124 2.14127e-01 3.26681e-01 4.92177e-01 1.80534e-02
40.251861 1.00371177e-01 1.10610958e-01 2.10982134e-01 -9.79547936e-02 3.76914947e+00 2.29988977e+00 4.85523140e-02 1.102019e+00 6.101880e-01 1.232779e+01 1.238437e+01 3.411400e-01 3.1285e-03 6.0470e-03 -2.3412e-04 0.04189 2.11168e-01 3.22572e-01 4.89499e-01 1.78674e-02
40.501873 9.99679554e-02 1.11878215e-01 2.11846170e-01 -9.87947029e-02 3.68086657e+00 2.31341499e+00 4.79542525e-02 1.119141e+00 6.284974e-01 1.229861e+01 1.224393e+01 3.351041e-01 3.0641e-03 5.5658e-03 -2.3561e-04 0.04190 2.08403e-01 3.19229e-01 4.88337e-01 1.76616e-02
40.751885 9.95809761e-02 1.13182924e-01 2.12763900e-01 -9.97234046e-02 3.59465830e+00 2.32687522e+00 4.73722682e-02 1.136592e+00 6.473147e-01 1.158239e+01 1.215328e+01 3.402302e-01 3.0262e-03 5.0922e-03 -2.3720e-04 0.04129 2.06106e-01 3.16356e-01 4.88347e-01 1.74642e-02
41.001896 9.93305668e-02 1.14367265e-01 2.13697831e-01 -1.00725900e-01 3.52045075e+00 2.33101435e+00 4.68117209e-02 1.151380e+00 6.621352e-01 1.039498e+01 1.209500e+01 3.618940e-01 2.9692e-03 4.7165e-03 -2.3889e-04 0.04061 2.04386e-01 3.13779e-01 4.89113e-01 1.72994e-02
41.251908 9.92576844e-02 1.15379967e-01 2.14637651e-01 -1.01792585e-01 3.46494654e+00 2.32935935e+00 4.63544471e-02 1.162429e+00 6.722642e-01 9.138701e+00 1.203663e+01 3.927811e-01 2.8491e-03 4.4780e-03 -2.4064e-04 0.03999 2.03093e-01 3.11574e-01 4.90433e-01 1.71688e-02
41.501919 9.93078502e-02 1.16269302e-01 2.15577152e-01 -1.02906658e-01 3.43126037e+00 2.33726065e+00 4.61481681e-02 1.170797e+00 6.811668e-01 8.209075e+00 1.197775e+01 4.218684e-01 2.6947e-03 4.3823e-03 -2.4248e-04 0.04059 2.01976e-01 3.10178e-01 4.92638e-01 1.70714e-02
41.751931 9.93608737e-02 1.17136671e-01 2.16497545e-01 -1.04031697e-01 3.41862439e+00 2.36695423e+00 4.62846290e-02 1.178901e+00 6.923704e-01 7.693246e+00 1.195770e+01 4.456823e-01 2.5832e-03 4.4435e-03 -2.4442e-04 0.04187 2.01033e-01 3.10387e-01 4.96426e-01 1.70110e-02
42.001942 9.92921773e-02 1.18079968e-01 2.17372145e-01 -1.05112681e-01 3.42274365e+00 2.42031209e+00 4.67444459e-02 1.189217e+00 7.071263e-01 8.047573e+00 1.204595e+01 4.658043e-01 2.5290e-03 4.6816e-03 -2.4647e-04 0.04314 2.00392e-01 3.12686e-01 5.01909e-01 1.69988e-02
42.251954 9.90370681e-02 1.19134200e-01 2.18171268e-01 -1.06087757e-01 3.43863050e+00 2.49325885e+00 4.74551147e-02 1.202925e+00 7.250732e-01 8.687563e+00 1.211455e+01 4.845831e-01 2.4903e-03 5.0448e-03 -2.4862e-04 0.04409 1.99989e-01 3.16826e-01 5.08243e-01 1.70419e-02
42.501966 9.86276787e-02 1.20226596e-01 2.18854275e-01 -1.06895056e-01 3.46475278e+00 2.57861121e+00 4.83469119e-02 1.218994e+00 7.442410e-01 9.144205e+00 1.229928e+01 5.062691e-01 2.4435e-03 5.4464e-03 -2.5081e-04 0.04474 1.99725e-01 3.22128e-01 5.14356e-01 1.71215e-02
42.751977 9.81892800e-02 1.21172579e-01 2.19361859e-01 -1.07472741e-01 3.50504117e+00 2.66447826e+00 4.93561555e-02 1.234071e+00 7.601846e-01 9.522918e+00 1.259727e+01 5.352725e-01 2.4012e-03 5.8598e-03 -2.5295e-04 0.04521 1.99773e-01 3.27719e-01 5.19303e-01 1.72149e-02
43.001989 9.78936027e-02 1.21731470e-01 2.19625073e-01 -1.07767053e-01 3.56610632e+00 2.73485776e+00 5.04077126e-02 1.243508e+00 7.669030e-01 9.658393e+00 1.285257e+01 5.663125e-01 2.4008e-03 6.2392e-03 -2.5493e-04 0.04558 2.00456e-01 3.32556e-01 5.22100e-01 1.73152e-02
43.252000 9.78830770e-02 1.21706861e-01 2.19589938e-01 -1.07757916e-01 3.65072765e+00 2.77493417e+00 5.14052946e-02 1.243390e+00 7.601044e-01 9.467004e+00 1.303319e+01 5.803611e-01 2.4743e-03 6.4989e-03 -2.5668e-04 0.04596 2.01925e-01 3.35773e-01 5.22098e-01 1.74360e-02
43.502012 9.82025877e-02 1.21044007e-01 2.19246595e-01 -1.07485056e-01 3.75289797e+00 2.77493020e+00 5.22226253e-02 1.232595e+00 7.394100e-01 9.046999e+00 1.320512e+01 5.639658e-01 2.6197e-03 6.6276e-03 -2.5818e-04 0.04626 2.04124e-01 3.37219e-01 5.19633e-01 1.75950e-02
43.752023 9.87812137e-02 1.19869397e-01 2.18650611e-01 -1.07046999e-01 3.85859735e+00 2.73272039e+00 5.27305419e-02 1.213484e+00 7.082160e-01 9.267286e+00 1.364259e+01 5.245561e-01 2.8051e-03 6.6864e-03 -2.5947e-04 0.04638 2.06905e-01 3.37431e-01 5.15843e-01 1.77852e-02
44.002035 9.94768217e-02 1.18440113e-01 2.17916935e-01 -1.06570907e-01 3.95201265e+00 2.65756484e+00 5.28766199e-02 1.190630e+00 6.724586e-01 9.527571e+00 1.404663e+01 4.783237e-01 2.9789e-03 6.7434e-03 -2.6061e-04 0.04638 2.09914e-01 3.36922e-01 5.11706e-01 1.79770e-02
44.252046 1.00142630e-01 1.17043027e-01 2.17185657e-01 -1.06174430e-01 4.02124269e+00 2.56724701e+00 5.27079176e-02 1.168763e+00 6.384213e-01 9.666929e+00 1.429564e+01 4.362874e-01 3.1119e-03 6.8494e-03 -2.6170e-04 0.04619 2.12552e-01 3.35768e-01 5.07620e-01 1.81373e-02
44.502058 1.00661961e-01 1.15923011e-01 2.16584972e-01 -1.05940998e-01 4.05886126e+00 2.48101745e+00 5.23190297e-02 1.151607e+00 6.112595e-01 9.692422e+00 1.433567e+01 4.059005e-01 3.2088e-03 7.0193e-03 -2.6280e-04 0.04574 2.14184e-01 3.33810e-01 5.03695e-01 1.82420e-02
44.752070 1.00949844e-01 1.15255556e-01 2.16205400e-01 -1.05917623e-01 4.06051488e+00 2.41536121e+00 5.18070087e-02 1.141711e+00 5.948411e-01 1.022862e+01 1.413396e+01 3.948244e-01 3.2697e-03 7.2080e-03 -2.6397e-04 0.04500 2.14400e-01 3.31001e-01 5.00076e-01 1.82761e-02
45.002081 1.00956640e-01 1.15129132e-01 2.16085772e-01 -1.06124941e-01 4.02487897e+00 2.38050496e+00 5.12430715e-02 1.140382e+00 5.914476e-01 1.139806e+01 1.369677e+01 4.013230e-01 3.2654e-03 7.2918e-03 -2.6523e-04 0.04401 2.13203e-01 3.27628e-01 4.97011e-01 1.82351e-02
45.252093 1.00690945e-01 1.15524238e-01 2.16215183e-01 -1.06560272e-01 3.95567646e+00 2.37575595e+00 5.06514593e-02 1.147315e+00 6.005941e-01 1.232751e+01 1.312212e+01 4.078344e-01 3.1808e-03 7.1203e-03 -2.6661e-04 0.04347 2.10983e-01 3.24164e-01 4.94700e-01 1.81252e-02
45.502104 1.00237937e-01 1.16310745e-01 2.16548682e-01 -1.07196841e-01 3.86468606e+00 2.38901561e+00 5.00296134e-02 1.160347e+00 6.181655e-01 1.267039e+01 1.257837e+01 4.021639e-01 3.0609e-03 6.6579e-03 -2.6811e-04 0.04343 2.08256e-01 3.20858e-01 4.93148e-01 1.79627e-02
45.752116 9.97350682e-02 1.17291763e-01 2.17026831e-01 -1.07996916e-01 3.76915513e+00 2.40311826e+00 4.93781871e-02 1.176033e+00 6.375748e-01 1.232313e+01 1.222261e+01 3.931658e-01 2.9503e-03 6.0338e-03 -2.6970e-04 0.04295 2.05491e-01 3.17673e-01 4.92241e-01 1.77760e-02
46.002127 9.93078898e-02 1.18288362e-01 2.17596252e-01 -1.08928898e-01 3.68362006e+00 2.40608734e+00 4.87176591e-02 1.191128e+00 6.531855e-01 1.140684e+01 1.211938e+01 3.951337e-01 2.8484e-03 5.4276e-03 -2.7136e-04 0.04223 2.03000e-01 3.14531e-01 4.91861e-01 1.75937e-02
46.252139 9.90123381e-02 1.19208284e-01 2.18220622e-01 -1.09970293e-01 3.61528493e+00 2.40034364e+00 4.81250286e-02 1.203974e+00 6.639431e-01 1.026079e+01 1.221161e+01 4.111701e-01 2.7298e-03 4.9550e-03 -2.7309e-04 0.04153 2.00760e-01 3.11367e-01 4.91835e-01 1.74230e-02
46.502151 9.88243239e-02 1.20048785e-01 2.18873109e-01 -1.11097720e-01 3.56585684e+00 2.40048926e+00 4.77307688e-02 1.214770e+00 6.731872e-01 9.262886e+00 1.236880e+01 4.331771e-01 2.5917e-03 4.6477e-03 -2.7488e-04 0.04121 1.98518e-01 3.08308e-01 4.92159e-01 1.72646e-02
46.752162 9.86715926e-02 1.20853477e-01 2.19525070e-01 -1.12272885e-01 3.53431559e+00 2.41979077e+00 4.76328508e-02 1.224805e+00 6.846561e-01 8.575756e+00 1.249724e+01 4.524683e-01 2.4815e-03 4.4949e-03 -2.7677e-04 0.04181 1.96226e-01 3.06007e-01 4.93434e-01 1.71179e-02
47.002174 9.84738394e-02 1.21673592e-01 2.20147431e-01 -1.13437134e-01 3.51739142e+00 2.46112483e+00 4.78281300e-02 1.235593e+00 6.997017e-01 8.133571e+00 1.254903e+01 4.672122e-01 2.4341e-03 4.5087e-03 -2.7878e-04 0.04272 1.94172e-01 3.05346e-01 4.96490e-01 1.69855e-02
47.252185 9.81763437e-02 1.22540190e-01 2.20716534e-01 -1.14519533e-01 3.51056575e+00 2.52020333e+00 4.82461527e-02 1.248164e+00 7.178909e-01 8.133980e+00 1.250159e+01 4.800748e-01 2.4260e-03 4.7083e-03 -2.8090e-04 0.04366 1.92612e-01 3.06750e-01 5.01354e-01 1.68838e-02
47.502197 9.77792098e-02 1.23431674e-01 2.21210884e-01 -1.15449383e-01 3.51138115e+00 2.59009740e+00 4.88118284e-02 1.262351e+00 7.376292e-01 8.704981e+00 1.238914e+01 4.944398e-01 2.4246e-03 5.0342e-03 -2.8309e-04 0.04443 1.91626e-01 3.10101e-01 5.07039e-01 1.68366e-02
47.752208 9.73535706e-02 1.24249241e-01 2.21602811e-01 -1.16163496e-01 3.52265632e+00 2.66067407e+00 4.94666432e-02 1.276268e+00 7.553033e-01 9.217065e+00 1.236310e+01 5.135593e-01 2.4195e-03 5.4269e-03 -2.8526e-04 0.04500 1.91428e-01 3.14947e-01 5.12339e-01 1.68551e-02
48.002220 9.70273244e-02 1.24827085e-01 2.21854409e-01 -1.16610665e-01 3.55220092e+00 2.71951363e+00 5.01737164e-02 1.286515e+00 7.655855e-01 9.535203e+00 1.248762e+01 5.390735e-01 2.4093e-03 5.8512e-03 -2.8731e-04 0.04539 1.92363e-01 3.20502e-01 5.16433e-01 1.69410e-02
48.252231 9.69378425e-02 1.24982593e-01 2.21920435e-01 -1.16762217e-01 3.60802254e+00 2.75672821e+00 5.09180059e-02 1.289307e+00 7.640552e-01 9.594302e+00 1.265070e+01 5.666954e-01 2.4024e-03 6.2084e-03 -2.8916e-04 0.04564 1.94513e-01 3.25711e-01 5.18756e-01 1.70966e-02
48.502243 9.71733237e-02 1.24587179e-01 2.21760502e-01 -1.16628099e-01 3.69214826e+00 2.76708872e+00 5.16738958e-02 1.282113e+00 7.494522e-01 9.383823e+00 1.281114e+01 5.831814e-01 2.4264e-03 6.4325e-03 -2.9074e-04 0.04579 1.97559e-01 3.29621e-01 5.18844e-01 1.73150e-02
48.752255 9.77307271e-02 1.23632184e-01 2.21362912e-01 -1.16267990e-01 3.79688107e+00 2.74788470e+00 5.23581262e-02 1.265029e+00 7.237216e-01 8.962898e+00 1.296069e+01 5.751644e-01 2.5068e-03 6.5601e-03 -2.9208e-04 0.04589 2.01059e-01 3.31868e-01 5.16745e-01 1.75760e-02
49.002266 9.85156571e-02 1.22255083e-01 2.20770741e-01 -1.15784378e-01 3.90613151e+00 2.69800273e+00 5.28330739e-02 1.240971e+00 6.907097e-01 8.772542e+00 1.311377e+01 5.443430e-01 2.6406e-03 6.6532e-03 -2.9324e-04 0.04599 2.04694e-01 3.32793e-01 5.13317e-01 1.78427e-02
49.252278 9.93868350e-02 1.20701438e-01 2.20088273e-01 -1.15295380e-01 4.00174840e+00 2.62186212e+00 5.29888842e-02 1.214461e+00 6.551792e-01 8.995970e+00 1.352633e+01 5.047562e-01 2.7823e-03 6.7520e-03 -2.9428e-04 0.04613 2.08177e-01 3.32925e-01 5.09583e-01 1.80711e-02
49.502289 1.00211415e-01 1.19243549e-01 2.19454964e-01 -1.14902333e-01 4.07009036e+00 2.53249664e+00 5.28206960e-02 1.189920e+00 6.222212e-01 8.700248e+00 1.383363e+01 4.680058e-01 2.8843e-03 6.8775e-03 -2.9528e-04 0.04633 2.11082e-01 3.32437e-01 5.05965e-01 1.82288e-02
49.752301 1.00894380e-01 1.18107866e-01 2.19002246e-01 -1.14669658e-01 4.10472661e+00 2.44770315e+00 5.24194381e-02 1.170609e+00 5.963133e-01 8.510058e+00 1.395408e+01 4.392439e-01 2.9431e-03 7.0353e-03 -2.9632e-04 0.04636 2.12927e-01 3.31169e-01 5.02389e-01 1.83083e-02
49.999845 1.01370461e-01 1.17446263e-01 2.18816724e-01 -1.14624290e-01 4.10568306e+00 2.38428851e+00 5.19197726e-02 1.158585e+00 5.807288e-01 9.049780e+00 1.384591e+01 4.228566e-01 2.9819e-03 7.1940e-03 -2.9741e-04 0.04608 2.13418e-01 3.29034e-01 4.98884e-01 1.83233e-02
