# tg_mhd (CUDA FP64)  hydro_noslip_nofield_n512_re2000  N=512 L=512 Re=2000 Pm=1 u0=0.05 nu_lat=4.066409e-03 eta_lat=4.066409e-03 tau_f=0.512199 tau_m=0.516266 dt=3.073965e-04 fw=profile
# t E_V E_M E_T H_C Omega_V Omega_M eps EM/EV OmM/OmV j_max w_max skew divb/j divb_wall/j mass_drift umax_lat fw1 fw2 fw4 tau_wall
0.000000 1.24023441e-01 0.00000000e+00 1.24023441e-01 0.00000000e+00 7.12827690e+01 0.00000000e+00 7.12827690e-02 0.000000e+00 0.000000e+00 0.000000e+00 2.439788e+02 6.015096e-20 0.0000e+00 0.0000e+00 +0.0000e+00 0.05000 9.94889e-01 9.95039e-01 9.95340e-01 6.00718e-02
0.099904 1.20966453e-01 0.00000000e+00 1.20966453e-01 0.00000000e+00 1.72130831e+01 0.00000000e+00 1.72130831e-02 0.000000e+00 0.000000e+00 0.000000e+00 7.916940e+01 1.447471e-01 0.0000e+00 0.0000e+00 +5.9760e-06 0.05025 9.74433e-01 9.79476e-01 9.80719e-01 1.90975e-02
0.199808 1.19643273e-01 0.00000000e+00 1.19643273e-01 0.00000000e+00 1.24791122e+01 0.00000000e+00 1.24791122e-02 0.000000e+00 0.000000e+00 0.000000e+00 5.742009e+01 2.292531e-02 0.0000e+00 0.0000e+00 +3.9524e-06 0.04991 9.35223e-01 9.71568e-01 9.73299e-01 1.38192e-02
0.299712 1.18554484e-01 0.00000000e+00 1.18554484e-01 0.00000000e+00 1.03074350e+01 0.00000000e+00 1.03074350e-02 0.000000e+00 0.000000e+00 0.000000e+00 4.738270e+01 2.519888e-01 0.0000e+00 0.0000e+00 +6.4762e-07 0.04989 8.85392e-01 9.64923e-01 9.67473e-01 1.13924e-02
0.399616 1.17403328e-01 0.00000000e+00 1.17403328e-01 0.00000000e+00 9.06633380e+00 0.00000000e+00 9.06633380e-03 0.000000e+00 0.000000e+00 0.000000e+00 4.258739e+01 2.857885e-01 0.0000e+00 0.0000e+00 +6.9406e-06 0.04967 8.37533e-01 9.58082e-01 9.62783e-01 9.94652e-03
0.499519 1.16708953e-01 0.00000000e+00 1.16708953e-01 0.00000000e+00 8.28072462e+00 0.00000000e+00 8.28072462e-03 0.000000e+00 0.000000e+00 0.000000e+00 3.935044e+01 2.162701e-01 0.0000e+00 0.0000e+00 +1.7356e-06 0.04919 7.95137e-01 9.49928e-01 9.58794e-01 9.16162e-03
0.599423 1.15926735e-01 0.00000000e+00 1.15926735e-01 0.00000000e+00 7.54913706e+00 0.00000000e+00 7.54913706e-03 0.000000e+00 0.000000e+00 0.000000e+00 3.511410e+01 4.798569e-01 0.0000e+00 0.0000e+00 +2.3135e-06 0.04923 7.53667e-01 9.38842e-01 9.54241e-01 8.21595e-03
0.699327 1.15007329e-01 0.00000000e+00 1.15007329e-01 0.00000000e+00 7.24287066e+00 0.00000000e+00 7.24287066e-03 0.000000e+00 0.000000e+00 0.000000e+00 3.579816e+01 3.780348e-01 0.0000e+00 0.0000e+00 +6.5366e-06 0.04855 7.25945e-01 9.28597e-01 9.51661e-01 8.08780e-03
0.799231 1.14500222e-01 0.00000000e+00 1.14500222e-01 0.00000000e+00 6.80314014e+00 0.00000000e+00 6.80314014e-03 0.000000e+00 0.000000e+00 0.000000e+00 3.253845e+01 4.537881e-01 0.0000e+00 0.0000e+00 +2.6923e-07 0.04823 6.93298e-01 9.14579e-01 9.47576e-01 7.42465e-03
0.899135 1.13744573e-01 0.00000000e+00 1.13744573e-01 0.00000000e+00 6.52141515e+00 0.00000000e+00 6.52141515e-03 0.000000e+00 0.000000e+00 0.000000e+00 3.182378e+01 6.023460e-01 0.0000e+00 0.0000e+00 +4.3155e-06 0.04808 6.68639e-01 9.00846e-01 9.44268e-01 7.23145e-03
0.999039 1.13077857e-01 0.00000000e+00 1.13077857e-01 0.00000000e+00 6.39103407e+00 0.00000000e+00 6.39103407e-03 0.000000e+00 0.000000e+00 0.000000e+00 3.232168e+01 5.091228e-01 0.0000e+00 0.0000e+00 +5.0446e-06 0.04730 6.51552e-01 8.88154e-01 9.41801e-01 7.11896e-03
1.098943 1.12546136e-01 0.00000000e+00 1.12546136e-01 0.00000000e+00 6.17579243e+00 0.00000000e+00 6.17579243e-03 0.000000e+00 0.000000e+00 0.000000e+00 3.056342e+01 6.160034e-01 0.0000e+00 0.0000e+00 -1.6904e-07 0.04705 6.30465e-01 8.72878e-01 9.38056e-01 6.86537e-03
1.198847 1.11799190e-01 0.00000000e+00 1.11799190e-01 0.00000000e+00 5.98550336e+00 0.00000000e+00 5.98550336e-03 0.000000e+00 0.000000e+00 0.000000e+00 2.968750e+01 7.162803e-01 0.0000e+00 0.0000e+00 +5.9338e-06 0.04686 6.11284e-01 8.57468e-01 9.34106e-01 6.61880e-03
1.298750 1.11299309e-01 0.00000000e+00 1.11299309e-01 0.00000000e+00 6.09422238e+00 0.00000000e+00 6.09422238e-03 0.000000e+00 0.000000e+00 0.000000e+00 3.193179e+01 5.876265e-01 0.0000e+00 0.0000e+00 +2.9646e-06 0.04593 6.10803e-01 8.48616e-01 9.32856e-01 6.98301e-03
1.398654 1.10736535e-01 0.00000000e+00 1.10736535e-01 0.00000000e+00 5.78471502e+00 0.00000000e+00 5.78471502e-03 0.000000e+00 0.000000e+00 0.000000e+00 2.849176e+01 7.873885e-01 0.0000e+00 0.0000e+00 +9.3235e-07 0.04610 5.83044e-01 8.28566e-01 9.26254e-01 6.30460e-03
1.498558 1.09987136e-01 0.00000000e+00 1.09987136e-01 0.00000000e+00 5.92248418e+00 0.00000000e+00 5.92248418e-03 0.000000e+00 0.000000e+00 0.000000e+00 3.098784e+01 7.293915e-01 0.0000e+00 0.0000e+00 +6.4290e-06 0.04538 5.86475e-01 8.21242e-01 9.24650e-01 6.78375e-03
1.598462 1.09553915e-01 0.00000000e+00 1.09553915e-01 0.00000000e+00 5.86535157e+00 0.00000000e+00 5.86535157e-03 0.000000e+00 0.000000e+00 0.000000e+00 3.015298e+01 7.174908e-01 0.0000e+00 0.0000e+00 +1.1269e-06 0.04502 5.75311e-01 8.07786e-01 9.19898e-01 6.54286e-03
1.698366 1.08953586e-01 0.00000000e+00 1.08953586e-01 0.00000000e+00 5.79459340e+00 0.00000000e+00 5.79459340e-03 0.000000e+00 0.000000e+00 0.000000e+00 2.928233e+01 8.453914e-01 0.0000e+00 0.0000e+00 +2.6993e-06 0.04491 5.63388e-01 7.93771e-01 9.14374e-01 6.40773e-03
1.798270 1.08256524e-01 0.00000000e+00 1.08256524e-01 0.00000000e+00 5.92240537e+00 0.00000000e+00 5.92240537e-03 0.000000e+00 0.000000e+00 0.000000e+00 3.098709e+01 7.670494e-01 0.0000e+00 0.0000e+00 +5.7211e-06 0.04445 5.65795e-01 7.86878e-01 9.11243e-01 6.68732e-03
1.898174 1.07791889e-01 0.00000000e+00 1.07791889e-01 0.00000000e+00 5.96008721e+00 0.00000000e+00 5.96008721e-03 0.000000e+00 0.000000e+00 0.000000e+00 3.035604e+01 7.821454e-01 0.0000e+00 0.0000e+00 -2.6603e-08 0.04412 5.60686e-01 7.76630e-01 9.06140e-01 6.54527e-03
1.998078 1.07117599e-01 0.00000000e+00 1.07117599e-01 0.00000000e+00 5.88078342e+00 0.00000000e+00 5.88078342e-03 0.000000e+00 0.000000e+00 0.000000e+00 2.949784e+01 8.844866e-01 0.0000e+00 0.0000e+00 +4.5652e-06 0.04423 5.46898e-01 7.62017e-01 8.98700e-01 6.36368e-03
2.097981 1.06534019e-01 0.00000000e+00 1.06534019e-01 0.00000000e+00 6.20542675e+00 0.00000000e+00 6.20542675e-03 0.000000e+00 0.000000e+00 0.000000e+00 3.227034e+01 7.474947e-01 0.0000e+00 0.0000e+00 +4.0769e-06 0.04356 5.62388e-01 7.63238e-01 8.97503e-01 6.88146e-03
2.197885 1.05965379e-01 0.00000000e+00 1.05965379e-01 0.00000000e+00 6.06824475e+00 0.00000000e+00 6.06824475e-03 0.000000e+00 0.000000e+00 0.000000e+00 2.951954e+01 8.456226e-01 0.0000e+00 0.0000e+00 +4.9674e-08 0.04363 5.43237e-01 7.46181e-01 8.87926e-01 6.37622e-03
2.297789 1.05240373e-01 0.00000000e+00 1.05240373e-01 0.00000000e+00 6.25390351e+00 0.00000000e+00 6.25390351e-03 0.000000e+00 0.000000e+00 0.000000e+00 3.097619e+01 8.285554e-01 0.0000e+00 0.0000e+00 +5.7297e-06 0.04337 5.47887e-01 7.42273e-01 8.83746e-01 6.65216e-03
2.397693 1.04697763e-01 0.00000000e+00 1.04697763e-01 0.00000000e+00 6.43876048e+00 0.00000000e+00 6.43876048e-03 0.000000e+00 0.000000e+00 0.000000e+00 3.164651e+01 7.379449e-01 0.0000e+00 0.0000e+00 +2.1512e-06 0.04302 5.51325e-01 7.38307e-01 8.79140e-01 6.81037e-03
2.497597 1.04072821e-01 0.00000000e+00 1.04072821e-01 0.00000000e+00 6.39182268e+00 0.00000000e+00 6.39182268e-03 0.000000e+00 0.000000e+00 0.000000e+00 3.024063e+01 8.249255e-01 0.0000e+00 0.0000e+00 +1.2213e-06 0.04302 5.37950e-01 7.24680e-01 8.69649e-01 6.44246e-03
2.597501 1.03294169e-01 0.00000000e+00 1.03294169e-01 0.00000000e+00 6.62401732e+00 0.00000000e+00 6.62401732e-03 0.000000e+00 0.000000e+00 0.000000e+00 3.232182e+01 7.452589e-01 0.0000e+00 0.0000e+00 +5.7982e-06 0.04281 5.44563e-01 7.22878e-01 8.65435e-01 6.85595e-03
2.697405 1.02745905e-01 0.00000000e+00 1.02745905e-01 0.00000000e+00 6.74563575e+00 0.00000000e+00 6.74563575e-03 0.000000e+00 0.000000e+00 0.000000e+00 3.253716e+01 6.902827e-01 0.0000e+00 0.0000e+00 +5.7091e-07 0.04250 5.42596e-01 7.16362e-01 8.58438e-01 6.71884e-03
2.797309 1.02042000e-01 0.00000000e+00 1.02042000e-01 0.00000000e+00 6.72364817e+00 0.00000000e+00 6.72364817e-03 0.000000e+00 0.000000e+00 0.000000e+00 3.294082e+01 7.535786e-01 0.0000e+00 0.0000e+00 +2.9241e-06 0.04260 5.30928e-01 7.03618e-01 8.47967e-01 6.58894e-03
2.897212 1.01306182e-01 0.00000000e+00 1.01306182e-01 0.00000000e+00 6.99600535e+00 0.00000000e+00 6.99600535e-03 0.000000e+00 0.000000e+00 0.000000e+00 3.435168e+01 6.250532e-01 0.0000e+00 0.0000e+00 +4.8091e-06 0.04220 5.39498e-01 7.03556e-01 8.43486e-01 6.92457e-03
2.997116 1.00667604e-01 0.00000000e+00 1.00667604e-01 0.00000000e+00 6.99901531e+00 0.00000000e+00 6.99901531e-03 0.000000e+00 0.000000e+00 0.000000e+00 3.595023e+01 6.236534e-01 0.0000e+00 0.0000e+00 -2.3610e-07 0.04201 5.29563e-01 6.91862e-01 8.32327e-01 6.70014e-03
3.097020 9.99113435e-02 0.00000000e+00 9.99113435e-02 0.00000000e+00 7.02538760e+00 0.00000000e+00 7.02538760e-03 0.000000e+00 0.000000e+00 0.000000e+00 3.714532e+01 6.259414e-01 0.0000e+00 0.0000e+00 +4.5181e-06 0.04188 5.21395e-01 6.80846e-01 8.20925e-01 6.63696e-03
3.196924 9.92254220e-02 0.00000000e+00 9.92254220e-02 0.00000000e+00 7.27764867e+00 0.00000000e+00 7.27764867e-03 0.000000e+00 0.000000e+00 0.000000e+00 4.005660e+01 4.993664e-01 0.0000e+00 0.0000e+00 +3.1319e-06 0.04145 5.28516e-01 6.79963e-01 8.14571e-01 6.99993e-03
3.296828 9.85247892e-02 0.00000000e+00 9.85247892e-02 0.00000000e+00 7.13864881e+00 0.00000000e+00 7.13864881e-03 0.000000e+00 0.000000e+00 0.000000e+00 3.997700e+01 5.298654e-01 0.0000e+00 0.0000e+00 +1.5892e-07 0.04115 5.09108e-01 6.61238e-01 7.97094e-01 6.50891e-03
3.396732 9.77148558e-02 0.00000000e+00 9.77148558e-02 0.00000000e+00 7.29765219e+00 0.00000000e+00 7.29765219e-03 0.000000e+00 0.000000e+00 0.000000e+00 4.283302e+01 4.741174e-01 0.0000e+00 0.0000e+00 +5.3001e-06 0.04077 5.10126e-01 6.55921e-01 7.87004e-01 6.82722e-03
3.496636 9.70619986e-02 0.00000000e+00 9.70619986e-02 0.00000000e+00 7.33916339e+00 0.00000000e+00 7.33916339e-03 0.000000e+00 0.000000e+00 0.000000e+00 4.310283e+01 3.829172e-01 0.0000e+00 0.0000e+00 +1.3972e-06 0.04017 5.02825e-01 6.45068e-01 7.72772e-01 6.66766e-03
3.596540 9.63281607e-02 0.00000000e+00 9.63281607e-02 0.00000000e+00 7.28286181e+00 0.00000000e+00 7.28286181e-03 0.000000e+00 0.000000e+00 0.000000e+00 4.425758e+01 4.250133e-01 0.0000e+00 0.0000e+00 +1.4153e-06 0.03994 4.88411e-01 6.28897e-01 7.54657e-01 6.53939e-03
3.696443 9.55180856e-02 0.00000000e+00 9.55180856e-02 0.00000000e+00 7.35740017e+00 0.00000000e+00 7.35740017e-03 0.000000e+00 0.000000e+00 0.000000e+00 4.491176e+01 3.341024e-01 0.0000e+00 0.0000e+00 +5.0773e-06 0.03935 4.82940e-01 6.18839e-01 7.40305e-01 6.58421e-03
3.796347 9.48454094e-02 0.00000000e+00 9.48454094e-02 0.00000000e+00 7.39670489e+00 0.00000000e+00 7.39670489e-03 0.000000e+00 0.000000e+00 0.000000e+00 4.578552e+01 3.033521e-01 0.0000e+00 0.0000e+00 +4.3400e-08 0.03923 4.74621e-01 6.06934e-01 7.24606e-01 6.52828e-03
3.896251 9.40941163e-02 0.00000000e+00 9.40941163e-02 0.00000000e+00 7.26806136e+00 0.00000000e+00 7.26806136e-03 0.000000e+00 0.000000e+00 0.000000e+00 4.491872e+01 3.314593e-01 0.0000e+00 0.0000e+00 +3.0723e-06 0.03957 4.53374e-01 5.85142e-01 7.02047e-01 6.23576e-03
3.996155 9.33380763e-02 0.00000000e+00 9.33380763e-02 0.00000000e+00 7.44068377e+00 0.00000000e+00 7.44068377e-03 0.000000e+00 0.000000e+00 0.000000e+00 4.649885e+01 2.554202e-01 0.0000e+00 0.0000e+00 +3.8844e-06 0.03914 4.54487e-01 5.80044e-01 6.91620e-01 6.50561e-03
4.096059 9.26216268e-02 0.00000000e+00 9.26216268e-02 0.00000000e+00 7.29060042e+00 0.00000000e+00 7.29060042e-03 0.000000e+00 0.000000e+00 0.000000e+00 4.607487e+01 2.737044e-01 0.0000e+00 0.0000e+00 -3.7570e-07 0.03955 4.31010e-01 5.56460e-01 6.67745e-01 6.07045e-03
4.195963 9.18519380e-02 0.00000000e+00 9.18519380e-02 0.00000000e+00 7.32216609e+00 0.00000000e+00 7.32216609e-03 0.000000e+00 0.000000e+00 0.000000e+00 4.749037e+01 2.860350e-01 0.0000e+00 0.0000e+00 +4.3493e-06 0.04001 4.21501e-01 5.43274e-01 6.51916e-01 6.14749e-03
4.295867 9.11520232e-02 0.00000000e+00 9.11520232e-02 0.00000000e+00 7.33236120e+00 0.00000000e+00 7.33236120e-03 0.000000e+00 0.000000e+00 0.000000e+00 4.877240e+01 2.313682e-01 0.0000e+00 0.0000e+00 +2.2671e-06 0.04070 4.11055e-01 5.29572e-01 6.35958e-01 6.02056e-03
4.395771 9.04208699e-02 0.00000000e+00 9.04208699e-02 0.00000000e+00 7.25408633e+00 0.00000000e+00 7.25408633e-03 0.000000e+00 0.000000e+00 0.000000e+00 5.029943e+01 2.825650e-01 0.0000e+00 0.0000e+00 +2.2456e-07 0.04210 3.93883e-01 5.10707e-01 6.16364e-01 5.88219e-03
4.495674 8.96369976e-02 0.00000000e+00 8.96369976e-02 0.00000000e+00 7.23020609e+00 0.00000000e+00 7.23020609e-03 0.000000e+00 0.000000e+00 0.000000e+00 5.209440e+01 2.683083e-01 0.0000e+00 0.0000e+00 +4.8183e-06 0.04321 3.81883e-01 4.95873e-01 6.00384e-01 5.78994e-03
4.595578 8.89618836e-02 0.00000000e+00 8.89618836e-02 0.00000000e+00 7.25359140e+00 0.00000000e+00 7.25359140e-03 0.000000e+00 0.000000e+00 0.000000e+00 5.376991e+01 2.560028e-01 0.0000e+00 0.0000e+00 +6.7247e-07 0.04429 3.75121e-01 4.85696e-01 5.88456e-01 5.76571e-03
4.695482 8.82406035e-02 0.00000000e+00 8.82406035e-02 0.00000000e+00 7.10993251e+00 0.00000000e+00 7.10993251e-03 0.000000e+00 0.000000e+00 0.000000e+00 5.579092e+01 3.179333e-01 0.0000e+00 0.0000e+00 +1.6020e-06 0.04552 3.54160e-01 4.64186e-01 5.67913e-01 5.54141e-03
4.795386 8.74798484e-02 0.00000000e+00 8.74798484e-02 0.00000000e+00 7.16377977e+00 0.00000000e+00 7.16377977e-03 0.000000e+00 0.000000e+00 0.000000e+00 5.723283e+01 2.907594e-01 0.0000e+00 0.0000e+00 +4.2698e-06 0.04609 3.52039e-01 4.58307e-01 5.60365e-01 5.59534e-03
4.895290 8.67938050e-02 0.00000000e+00 8.67938050e-02 0.00000000e+00 7.06435503e+00 0.00000000e+00 7.06435503e-03 0.000000e+00 0.000000e+00 0.000000e+00 5.864402e+01 3.103482e-01 0.0000e+00 0.0000e+00 -3.3997e-07 0.04654 3.37044e-01 4.42376e-01 5.44881e-01 5.38262e-03
4.995194 8.60796255e-02 0.00000000e+00 8.60796255e-02 0.00000000e+00 7.00398678e+00 0.00000000e+00 7.00398678e-03 0.000000e+00 0.000000e+00 0.000000e+00 5.959002e+01 3.473187e-01 0.0000e+00 0.0000e+00 +3.1029e-06 0.04693 3.26336e-01 4.30209e-01 5.32688e-01 5.32279e-03
5.095098 8.53760378e-02 0.00000000e+00 8.53760378e-02 0.00000000e+00 7.00089726e+00 0.00000000e+00 7.00089726e-03 0.000000e+00 0.000000e+00 0.000000e+00 6.020008e+01 3.114827e-01 0.0000e+00 0.0000e+00 +3.0169e-06 0.04662 3.22474e-01 4.24086e-01 5.25537e-01 5.28231e-03
5.195002 8.46755431e-02 0.00000000e+00 8.46755431e-02 0.00000000e+00 6.91010325e+00 0.00000000e+00 6.91010325e-03 0.000000e+00 0.000000e+00 0.000000e+00 6.021999e+01 3.424763e-01 0.0000e+00 0.0000e+00 -4.3794e-07 0.04650 3.10880e-01 4.11814e-01 5.13292e-01 5.14733e-03
5.294905 8.39587440e-02 0.00000000e+00 8.39587440e-02 0.00000000e+00 6.85975017e+00 0.00000000e+00 6.85975017e-03 0.000000e+00 0.000000e+00 0.000000e+00 6.025504e+01 3.515803e-01 0.0000e+00 0.0000e+00 +4.1246e-06 0.04607 3.03492e-01 4.03049e-01 5.04084e-01 5.08014e-03
5.394809 8.33003991e-02 0.00000000e+00 8.33003991e-02 0.00000000e+00 6.85872428e+00 0.00000000e+00 6.85872428e-03 0.000000e+00 0.000000e+00 0.000000e+00 5.940476e+01 3.194738e-01 0.0000e+00 0.0000e+00 +1.4769e-06 0.04565 3.01759e-01 3.99144e-01 4.98736e-01 5.03297e-03
5.494713 8.26137560e-02 0.00000000e+00 8.26137560e-02 0.00000000e+00 6.76391154e+00 0.00000000e+00 6.76391154e-03 0.000000e+00 0.000000e+00 0.000000e+00 5.815921e+01 3.612373e-01 0.0000e+00 0.0000e+00 +4.0425e-07 0.04521 2.90015e-01 3.86660e-01 4.86132e-01 4.92812e-03
5.594617 8.18920811e-02 0.00000000e+00 8.18920811e-02 0.00000000e+00 6.76593890e+00 0.00000000e+00 6.76593890e-03 0.000000e+00 0.000000e+00 0.000000e+00 5.643913e+01 3.359521e-01 0.0000e+00 0.0000e+00 +4.2684e-06 0.04490 2.88069e-01 3.82240e-01 4.80113e-01 4.87674e-03
5.694521 8.12474245e-02 0.00000000e+00 8.12474245e-02 0.00000000e+00 6.74307458e+00 0.00000000e+00 6.74307458e-03 0.000000e+00 0.000000e+00 0.000000e+00 5.458667e+01 3.235451e-01 0.0000e+00 0.0000e+00 +1.3684e-07 0.04455 2.83398e-01 3.75435e-01 4.71779e-01 4.81520e-03
5.794425 8.05734800e-02 0.00000000e+00 8.05734800e-02 0.00000000e+00 6.69003005e+00 0.00000000e+00 6.69003005e-03 0.000000e+00 0.000000e+00 0.000000e+00 5.239762e+01 3.550273e-01 0.0000e+00 0.0000e+00 +1.7943e-06 0.04609 2.74856e-01 3.65148e-01 4.60387e-01 4.73166e-03
5.894329 7.98765812e-02 0.00000000e+00 7.98765812e-02 0.00000000e+00 6.72242330e+00 0.00000000e+00 6.72242330e-03 0.000000e+00 0.000000e+00 0.000000e+00 5.048690e+01 3.277032e-01 0.0000e+00 0.0000e+00 +3.5322e-06 0.04688 2.75449e-01 3.62690e-01 4.55697e-01 4.73808e-03
5.994233 7.92107792e-02 0.00000000e+00 7.92107792e-02 0.00000000e+00 6.68082442e+00 0.00000000e+00 6.68082442e-03 0.000000e+00 0.000000e+00 0.000000e+00 4.811700e+01 3.582040e-01 0.0000e+00 0.0000e+00 -5.5629e-07 0.04766 2.67882e-01 3.53301e-01 4.45175e-01 4.60888e-03
6.094136 7.85362636e-02 0.00000000e+00 7.85362636e-02 0.00000000e+00 6.67729504e+00 0.00000000e+00 6.67729504e-03 0.000000e+00 0.000000e+00 0.000000e+00 4.711220e+01 4.096826e-01 0.0000e+00 0.0000e+00 +3.1112e-06 0.04819 2.63599e-01 3.46801e-01 4.37612e-01 4.59643e-03
6.194040 7.78728131e-02 0.00000000e+00 7.78728131e-02 0.00000000e+00 6.70310504e+00 0.00000000e+00 6.70310504e-03 0.000000e+00 0.000000e+00 0.000000e+00 4.995964e+01 4.091622e-01 0.0000e+00 0.0000e+00 +2.2574e-06 0.04792 2.62023e-01 3.42786e-01 4.32279e-01 4.53340e-03
6.293944 7.71939532e-02 0.00000000e+00 7.71939532e-02 0.00000000e+00 6.68916857e+00 0.00000000e+00 6.68916857e-03 0.000000e+00 0.000000e+00 0.000000e+00 5.209887e+01 4.499699e-01 0.0000e+00 0.0000e+00 -3.7815e-07 0.04803 2.55030e-01 3.34182e-01 4.22967e-01 4.49724e-03
6.393848 7.64973058e-02 0.00000000e+00 7.64973058e-02 0.00000000e+00 6.70388735e+00 0.00000000e+00 6.70388735e-03 0.000000e+00 0.000000e+00 0.000000e+00 5.366045e+01 4.566877e-01 0.0000e+00 0.0000e+00 +3.8431e-06 0.04783 2.50404e-01 3.27724e-01 4.15469e-01 4.42915e-03
6.493752 7.58504195e-02 0.00000000e+00 7.58504195e-02 0.00000000e+00 6.75567581e+00 0.00000000e+00 6.75567581e-03 0.000000e+00 0.000000e+00 0.000000e+00 5.500438e+01 4.559222e-01 0.0000e+00 0.0000e+00 +8.3489e-07 0.04900 2.49634e-01 3.24802e-01 4.10580e-01 4.44754e-03
6.593656 7.51704580e-02 0.00000000e+00 7.51704580e-02 0.00000000e+00 6.73441712e+00 0.00000000e+00 6.73441712e-03 0.000000e+00 0.000000e+00 0.000000e+00 5.494769e+01 4.986090e-01 0.0000e+00 0.0000e+00 +6.1566e-07 0.04958 2.39895e-01 3.13934e-01 3.98460e-01 4.35673e-03
6.693560 7.44594734e-02 0.00000000e+00 7.44594734e-02 0.00000000e+00 6.80778119e+00 0.00000000e+00 6.80778119e-03 0.000000e+00 0.000000e+00 0.000000e+00 5.486923e+01 4.835068e-01 0.0000e+00 0.0000e+00 +3.7012e-06 0.05060 2.40382e-01 3.12086e-01 3.94234e-01 4.39894e-03
6.793464 7.37951157e-02 0.00000000e+00 7.37951157e-02 0.00000000e+00 6.81402613e+00 0.00000000e+00 6.81402613e-03 0.000000e+00 0.000000e+00 0.000000e+00 5.407230e+01 4.797011e-01 0.0000e+00 0.0000e+00 -2.5399e-07 0.05104 2.33220e-01 3.03328e-01 3.83884e-01 4.27473e-03
6.893367 7.31119450e-02 0.00000000e+00 7.31119450e-02 0.00000000e+00 6.84120030e+00 0.00000000e+00 6.84120030e-03 0.000000e+00 0.000000e+00 0.000000e+00 5.267186e+01 4.872388e-01 0.0000e+00 0.0000e+00 +1.9383e-06 0.05076 2.28080e-01 2.96282e-01 3.75332e-01 4.28673e-03
6.993271 7.24096570e-02 0.00000000e+00 7.24096570e-02 0.00000000e+00 6.88103869e+00 0.00000000e+00 6.88103869e-03 0.000000e+00 0.000000e+00 0.000000e+00 5.140920e+01 4.526334e-01 0.0000e+00 0.0000e+00 +2.8466e-06 0.05094 2.24657e-01 2.90756e-01 3.68125e-01 4.23359e-03
7.093175 7.17183520e-02 0.00000000e+00 7.17183520e-02 0.00000000e+00 6.89482971e+00 0.00000000e+00 6.89482971e-03 0.000000e+00 0.000000e+00 0.000000e+00 5.014281e+01 4.447867e-01 0.0000e+00 0.0000e+00 -6.8262e-07 0.05044 2.18724e-01 2.83079e-01 3.58937e-01 4.18463e-03
7.193079 7.10169261e-02 0.00000000e+00 7.10169261e-02 0.00000000e+00 6.89046801e+00 0.00000000e+00 6.89046801e-03 0.000000e+00 0.000000e+00 0.000000e+00 4.877591e+01 4.506756e-01 0.0000e+00 0.0000e+00 +3.0601e-06 0.05028 2.11089e-01 2.73920e-01 3.48705e-01 4.10091e-03
7.292983 7.03372126e-02 0.00000000e+00 7.03372126e-02 0.00000000e+00 6.94412526e+00 0.00000000e+00 6.94412526e-03 0.000000e+00 0.000000e+00 0.000000e+00 4.759084e+01 4.478122e-01 0.0000e+00 0.0000e+00 +1.5656e-06 0.05036 2.10837e-01 2.71558e-01 3.44608e-01 4.13880e-03
7.392887 6.96349159e-02 0.00000000e+00 6.96349159e-02 0.00000000e+00 6.90222360e+00 0.00000000e+00 6.90222360e-03 0.000000e+00 0.000000e+00 0.000000e+00 4.743192e+01 4.876710e-01 0.0000e+00 0.0000e+00 -2.5405e-07 0.05062 1.99978e-01 2.59705e-01 3.32196e-01 3.98537e-03
7.492791 6.89140606e-02 0.00000000e+00 6.89140606e-02 0.00000000e+00 6.93551253e+00 0.00000000e+00 6.93551253e-03 0.000000e+00 0.000000e+00 0.000000e+00 4.734864e+01 4.899293e-01 0.0000e+00 0.0000e+00 +3.4915e-06 0.05038 1.98219e-01 2.56287e-01 3.27812e-01 4.00218e-03
7.592695 6.82417174e-02 0.00000000e+00 6.82417174e-02 0.00000000e+00 6.93348031e+00 0.00000000e+00 6.93348031e-03 0.000000e+00 0.000000e+00 0.000000e+00 4.798930e+01 4.846839e-01 0.0000e+00 0.0000e+00 +3.0638e-07 0.05063 1.92978e-01 2.49913e-01 3.20797e-01 3.90553e-03
7.692598 6.75449148e-02 0.00000000e+00 6.75449148e-02 0.00000000e+00 6.91428041e+00 0.00000000e+00 6.91428041e-03 0.000000e+00 0.000000e+00 0.000000e+00 4.943705e+01 4.841668e-01 0.0000e+00 0.0000e+00 +8.0515e-07 0.05127 1.87085e-01 2.43232e-01 3.13841e-01 3.85652e-03
7.792502 6.68233352e-02 0.00000000e+00 6.68233352e-02 0.00000000e+00 6.91168391e+00 0.00000000e+00 6.91168391e-03 0.000000e+00 0.000000e+00 0.000000e+00 5.161281e+01 4.634355e-01 0.0000e+00 0.0000e+00 +3.1417e-06 0.05279 1.85625e-01 2.40850e-01 3.11113e-01 3.85509e-03
7.892406 6.61419933e-02 0.00000000e+00 6.61419933e-02 0.00000000e+00 6.87906437e+00 0.00000000e+00 6.87906437e-03 0.000000e+00 0.000000e+00 0.000000e+00 5.414496e+01 4.442936e-01 0.0000e+00 0.0000e+00 -5.6175e-07 0.05450 1.83171e-01 2.37798e-01 3.07895e-01 3.77501e-03
7.992310 6.54521681e-02 0.00000000e+00 6.54521681e-02 0.00000000e+00 6.81184034e+00 0.00000000e+00 6.81184034e-03 0.000000e+00 0.000000e+00 0.000000e+00 5.692784e+01 4.412380e-01 0.0000e+00 0.0000e+00 +2.0436e-06 0.05636 1.78316e-01 2.32713e-01 3.03292e-01 3.71235e-03
8.092214 6.47624480e-02 0.00000000e+00 6.47624480e-02 0.00000000e+00 6.80089355e+00 0.00000000e+00 6.80089355e-03 0.000000e+00 0.000000e+00 0.000000e+00 5.949457e+01 4.190678e-01 0.0000e+00 0.0000e+00 +2.1761e-06 0.05797 1.81193e-01 2.34798e-01 3.05279e-01 3.78460e-03
8.192118 6.40792470e-02 0.00000000e+00 6.40792470e-02 0.00000000e+00 6.73215381e+00 0.00000000e+00 6.73215381e-03 0.000000e+00 0.000000e+00 0.000000e+00 6.252601e+01 4.271621e-01 0.0000e+00 0.0000e+00 -7.2163e-07 0.05933 1.75966e-01 2.29432e-01 3.00403e-01 3.64420e-03
8.292022 6.33875963e-02 0.00000000e+00 6.33875963e-02 0.00000000e+00 6.71468299e+00 0.00000000e+00 6.71468299e-03 0.000000e+00 0.000000e+00 0.000000e+00 6.446187e+01 4.403710e-01 0.0000e+00 0.0000e+00 +2.9137e-06 0.06033 1.74583e-01 2.27451e-01 2.98592e-01 3.63667e-03
8.391926 6.27301618e-02 0.00000000e+00 6.27301618e-02 0.00000000e+00 6.73413252e+00 0.00000000e+00 6.73413252e-03 0.000000e+00 0.000000e+00 0.000000e+00 6.684662e+01 4.688078e-01 0.0000e+00 0.0000e+00 +9.4495e-07 0.06097 1.74692e-01 2.26618e-01 2.97366e-01 3.69013e-03
8.491829 6.20471349e-02 0.00000000e+00 6.20471349e-02 0.00000000e+00 6.72432767e+00 0.00000000e+00 6.72432767e-03 0.000000e+00 0.000000e+00 0.000000e+00 6.843622e+01 5.185977e-01 0.0000e+00 0.0000e+00 -1.1892e-07 0.06147 1.68451e-01 2.19734e-01 2.90365e-01 3.53078e-03
8.591733 6.13434379e-02 0.00000000e+00 6.13434379e-02 0.00000000e+00 6.77502864e+00 0.00000000e+00 6.77502864e-03 0.000000e+00 0.000000e+00 0.000000e+00 7.038971e+01 5.421275e-01 0.0000e+00 0.0000e+00 +3.0789e-06 0.06180 1.67279e-01 2.17309e-01 2.87239e-01 3.61134e-03
8.691637 6.06781091e-02 0.00000000e+00 6.06781091e-02 0.00000000e+00 6.83967586e+00 0.00000000e+00 6.83967586e-03 0.000000e+00 0.000000e+00 0.000000e+00 7.221068e+01 5.643410e-01 0.0000e+00 0.0000e+00 -1.5695e-07 0.06222 1.63360e-01 2.12002e-01 2.80839e-01 3.52361e-03
8.791541 5.99873178e-02 0.00000000e+00 5.99873178e-02 0.00000000e+00 6.92504294e+00 0.00000000e+00 6.92504294e-03 0.000000e+00 0.000000e+00 0.000000e+00 7.453326e+01 5.747665e-01 0.0000e+00 0.0000e+00 +9.6110e-07 0.06261 1.56118e-01 2.03310e-01 2.70922e-01 3.43312e-03
8.891445 5.92627848e-02 0.00000000e+00 5.92627848e-02 0.00000000e+00 7.07265582e+00 0.00000000e+00 7.07265582e-03 0.000000e+00 0.000000e+00 0.000000e+00 7.766137e+01 5.555370e-01 0.0000e+00 0.0000e+00 +2.5447e-06 0.06317 1.52892e-01 1.98157e-01 2.63924e-01 3.51049e-03
8.991349 5.85528046e-02 0.00000000e+00 5.85528046e-02 0.00000000e+00 7.20635626e+00 0.00000000e+00 7.20635626e-03 0.000000e+00 0.000000e+00 0.000000e+00 8.083887e+01 5.875445e-01 0.0000e+00 0.0000e+00 -7.9504e-07 0.06453 1.46450e-01 1.90054e-01 2.53984e-01 3.39559e-03
9.091253 5.78140920e-02 0.00000000e+00 5.78140920e-02 0.00000000e+00 7.32913191e+00 0.00000000e+00 7.32913191e-03 0.000000e+00 0.000000e+00 0.000000e+00 8.496489e+01 6.643093e-01 0.0000e+00 0.0000e+00 +2.0514e-06 0.06834 1.39144e-01 1.81302e-01 2.43556e-01 3.29632e-03
9.191157 5.70717969e-02 0.00000000e+00 5.70717969e-02 0.00000000e+00 7.47948949e+00 0.00000000e+00 7.47948949e-03 0.000000e+00 0.000000e+00 0.000000e+00 8.948198e+01 6.963357e-01 0.0000e+00 0.0000e+00 +1.5188e-06 0.07305 1.37830e-01 1.78391e-01 2.38565e-01 3.46021e-03
9.291060 5.63085134e-02 0.00000000e+00 5.63085134e-02 0.00000000e+00 7.52716459e+00 0.00000000e+00 7.52716459e-03 0.000000e+00 0.000000e+00 0.000000e+00 9.322415e+01 6.940830e-01 0.0000e+00 0.0000e+00 -7.2385e-07 0.07448 1.30236e-01 1.69972e-01 2.28744e-01 3.18997e-03
9.390964 5.55289352e-02 0.00000000e+00 5.55289352e-02 0.00000000e+00 7.57084106e+00 0.00000000e+00 7.57084106e-03 0.000000e+00 0.000000e+00 0.000000e+00 9.394058e+01 6.908450e-01 0.0000e+00 0.0000e+00 +2.6577e-06 0.07396 1.28528e-01 1.67463e-01 2.24858e-01 3.28342e-03
9.490868 5.47813623e-02 0.00000000e+00 5.47813623e-02 0.00000000e+00 7.57129766e+00 0.00000000e+00 7.57129766e-03 0.000000e+00 0.000000e+00 0.000000e+00 9.402343e+01 7.205644e-01 0.0000e+00 0.0000e+00 +3.7233e-07 0.07278 1.26573e-01 1.64973e-01 2.21131e-01 3.25840e-03
9.590772 5.40159219e-02 0.00000000e+00 5.40159219e-02 0.00000000e+00 7.54012197e+00 0.00000000e+00 7.54012197e-03 0.000000e+00 0.000000e+00 0.000000e+00 9.328938e+01 7.447936e-01 0.0000e+00 0.0000e+00 -1.0323e-08 0.06543 1.22757e-01 1.60928e-01 2.16043e-01 3.09594e-03
9.690676 5.32301738e-02 0.00000000e+00 5.32301738e-02 0.00000000e+00 7.53448706e+00 0.00000000e+00 7.53448706e-03 0.000000e+00 0.000000e+00 0.000000e+00 9.110759e+01 7.687581e-01 0.0000e+00 0.0000e+00 +2.5961e-06 0.06053 1.21222e-01 1.59027e-01 2.12819e-01 3.19101e-03
9.790580 5.24853014e-02 0.00000000e+00 5.24853014e-02 0.00000000e+00 7.54958005e+00 0.00000000e+00 7.54958005e-03 0.000000e+00 0.000000e+00 0.000000e+00 8.485967e+01 7.973340e-01 0.0000e+00 0.0000e+00 -5.6694e-07 0.06104 1.19071e-01 1.56429e-01 2.08401e-01 3.13448e-03
9.890484 5.17214006e-02 0.00000000e+00 5.17214006e-02 0.00000000e+00 7.54709889e+00 0.00000000e+00 7.54709889e-03 0.000000e+00 0.000000e+00 0.000000e+00 7.845401e+01 7.967161e-01 0.0000e+00 0.0000e+00 +1.0448e-06 0.06167 1.12329e-01 1.49346e-01 1.99243e-01 2.95288e-03
9.990388 5.09448919e-02 0.00000000e+00 5.09448919e-02 0.00000000e+00 7.61706186e+00 0.00000000e+00 7.61706186e-03 0.000000e+00 0.000000e+00 0.000000e+00 6.919338e+01 7.443419e-01 0.0000e+00 0.0000e+00 +1.9156e-06 0.06228 1.10955e-01 1.46917e-01 1.94222e-01 3.15540e-03
9.999917 5.08752730e-02 0.00000000e+00 5.08752730e-02 0.00000000e+00 7.62184865e+00 0.00000000e+00 7.62184865e-03 0.000000e+00 0.000000e+00 0.000000e+00 6.813456e+01 7.401592e-01 0.0000e+00 0.0000e+00 +1.6095e-06 0.06233 1.10515e-01 1.46368e-01 1.93484e-01 3.14752e-03
