# tg_mhd (CUDA FP64)  tgc_noslip_cond_n384_re500  N=384 L=384 Re=500 Pm=1 u0=0.025 nu_lat=6.095634e-03 eta_lat=6.095634e-03 tau_f=0.518287 tau_m=0.524383 dt=2.050648e-04 fw=profile
# t E_V E_M E_T H_C Omega_V Omega_M eps EM/EV OmM/OmV j_max w_max skew divb/j divb_wall/j mass_drift umax_lat fw1 fw2 fw4 tau_wall
0.000000 1.23697926e-01 1.25000000e-01 2.48697926e-01 -4.90921242e-21 5.34487759e+01 1.49986544e+00 2.19794565e-01 1.010526e+00 2.806174e-02 3.463888e+00 1.828613e+02 2.127591e-19 5.4336e-15 1.1129e-14 +0.0000e+00 0.02500 9.67827e-01 9.69793e-01 9.73804e-01 1.79661e-01
0.100072 1.17518820e-01 1.24291646e-01 2.41810466e-01 -4.51069098e-05 8.83350748e+00 1.52881736e+00 4.14492994e-02 1.057632e+00 1.730703e-01 4.014787e+00 4.157389e+01 1.473873e-02 3.2056e-04 1.8481e-03 -2.5716e-06 0.02520 8.26682e-01 8.39209e-01 8.60553e-01 3.87371e-02
0.200143 1.14503001e-01 1.23754646e-01 2.38257648e-01 -1.25836307e-04 6.40889144e+00 1.59759194e+00 3.20259335e-02 1.080798e+00 2.492774e-01 4.621893e+00 3.222235e+01 1.312039e-01 3.9412e-04 2.2733e-03 +1.2497e-06 0.02555 7.51188e-01 7.87368e-01 8.15640e-01 2.77645e-02
0.300215 1.12166573e-01 1.23071886e-01 2.35238458e-01 -2.26782680e-04 5.33367750e+00 1.69060562e+00 2.80971325e-02 1.097224e+00 3.169681e-01 5.159649e+00 2.687791e+01 2.103432e-01 4.3063e-04 2.4776e-03 -3.4082e-06 0.02573 6.80775e-01 7.48220e-01 7.82086e-01 2.31269e-02
0.400286 1.10069992e-01 1.22510903e-01 2.32580895e-01 -3.40565129e-04 4.73914060e+00 1.80829665e+00 2.61897490e-02 1.113027e+00 3.815664e-01 5.705998e+00 2.484591e+01 2.038400e-01 4.5215e-04 2.6057e-03 -2.1259e-06 0.02552 6.19846e-01 7.14149e-01 7.54165e-01 2.04964e-02
0.500358 1.08087334e-01 1.21861449e-01 2.29948783e-01 -4.63994096e-04 4.37587066e+00 1.94756666e+00 2.52937493e-02 1.127435e+00 4.450695e-01 6.207464e+00 2.298264e+01 2.359336e-01 4.6559e-04 2.7001e-03 -2.6763e-06 0.02527 5.67820e-01 6.82020e-01 7.29262e-01 1.89651e-02
0.600430 1.06224833e-01 1.21225919e-01 2.27450751e-01 -5.90324911e-04 4.11389090e+00 2.11023841e+00 2.48965172e-02 1.141220e+00 5.129544e-01 6.640490e+00 2.294318e+01 3.064748e-01 4.7589e-04 2.7792e-03 -1.4940e-06 0.02529 5.20112e-01 6.48703e-01 7.04405e-01 1.75739e-02
0.700501 1.04507022e-01 1.20452889e-01 2.24959911e-01 -7.15084170e-04 3.97679606e+00 2.29415706e+00 2.50838125e-02 1.152582e+00 5.768858e-01 7.004548e+00 2.259300e+01 3.358676e-01 4.8512e-04 2.8532e-03 -4.0671e-06 0.02544 4.80024e-01 6.17498e-01 6.82054e-01 1.68845e-02
0.800573 1.02898285e-01 1.19528928e-01 2.22427213e-01 -8.27201641e-04 3.87898711e+00 2.50093469e+00 2.55196872e-02 1.161622e+00 6.447391e-01 7.324856e+00 2.286974e+01 3.600988e-01 4.9555e-04 2.9289e-03 -4.2456e-06 0.02534 4.41690e-01 5.84769e-01 6.59036e-01 1.60801e-02
0.900645 1.01447381e-01 1.18369677e-01 2.19817059e-01 -9.25128039e-04 3.86502415e+00 2.72984261e+00 2.63794670e-02 1.166809e+00 7.062938e-01 7.539533e+00 2.304869e+01 3.794183e-01 5.0861e-04 3.0081e-03 -2.7153e-06 0.02544 4.09201e-01 5.54081e-01 6.38083e-01 1.60455e-02
1.000716 1.00248326e-01 1.16876718e-01 2.17125044e-01 -9.96064183e-04 3.82589243e+00 2.97832722e+00 2.72168786e-02 1.165872e+00 7.784660e-01 7.628435e+00 2.333866e+01 4.357122e-01 5.2639e-04 3.0914e-03 -4.1343e-06 0.02540 3.72965e-01 5.18506e-01 6.13201e-01 1.50203e-02
1.100788 9.92946777e-02 1.15049194e-01 2.14343871e-01 -1.03506490e-03 3.89266482e+00 3.24900701e+00 2.85666873e-02 1.158664e+00 8.346485e-01 7.596577e+00 2.426103e+01 4.184291e-01 5.5221e-04 3.1847e-03 -4.7009e-06 0.02541 3.45171e-01 4.87661e-01 5.91760e-01 1.50413e-02
1.200859 9.85551024e-02 1.12839631e-01 2.11394734e-01 -1.03558095e-03 3.94549952e+00 3.54411121e+00 2.99584429e-02 1.144940e+00 8.982668e-01 7.969568e+00 2.403120e+01 4.208693e-01 5.9126e-04 3.2896e-03 -5.8161e-06 0.02500 3.15226e-01 4.53673e-01 5.66923e-01 1.44737e-02
1.300931 9.80023313e-02 1.10308168e-01 2.08310500e-01 -9.99544270e-04 4.04097014e+00 3.87066504e+00 3.16465407e-02 1.125567e+00 9.578554e-01 9.740829e+00 2.470849e+01 4.111591e-01 6.5423e-04 3.4011e-03 -3.3110e-06 0.02483 2.88616e-01 4.21295e-01 5.42087e-01 1.44506e-02
1.401003 9.76328660e-02 1.07411770e-01 2.05044636e-01 -9.16123594e-04 4.11188169e+00 4.22710882e+00 3.33559621e-02 1.100160e+00 1.028023e+00 1.170497e+01 2.479140e+01 4.338023e-01 7.5570e-04 3.5042e-03 -6.1085e-06 0.02440 2.59848e-01 3.86326e-01 5.13459e-01 1.37718e-02
1.501074 9.73320546e-02 1.04275925e-01 2.01607980e-01 -7.82031639e-04 4.21990132e+00 4.62347692e+00 3.53735130e-02 1.071342e+00 1.095636e+00 1.373976e+01 2.518100e+01 4.334640e-01 9.0721e-04 3.5968e-03 -5.6414e-06 0.02370 2.35191e-01 3.54482e-01 4.85647e-01 1.36866e-02
1.601146 9.70237893e-02 1.00914796e-01 1.97938585e-01 -6.08290720e-04 4.30851831e+00 5.05537188e+00 3.74555608e-02 1.040104e+00 1.173343e+00 1.562575e+01 2.425087e+01 4.440969e-01 1.1041e-03 3.6625e-03 -6.5856e-06 0.02280 2.10815e-01 3.22891e-01 4.56532e-01 1.32893e-02
1.701218 9.66570792e-02 9.74149511e-02 1.94072030e-01 -3.95588191e-04 4.37337417e+00 5.51764606e+00 3.95640809e-02 1.007841e+00 1.261645e+00 1.742816e+01 2.411052e+01 4.631996e-01 1.3380e-03 3.6966e-03 -4.5557e-06 0.02317 1.87579e-01 2.92709e-01 4.27642e-01 1.28808e-02
1.801289 9.62307438e-02 9.37608909e-02 1.89991635e-01 -1.36851170e-04 4.41526287e+00 5.97690462e+00 4.15686699e-02 9.743341e-01 1.353692e+00 1.962325e+01 2.360895e+01 4.494226e-01 1.6050e-03 3.6896e-03 -7.2836e-06 0.02423 1.66867e-01 2.65358e-01 4.00717e-01 1.23503e-02
1.901361 9.56933897e-02 9.00296974e-02 1.85723087e-01 1.69231267e-04 4.43069085e+00 6.39600643e+00 4.33067891e-02 9.408142e-01 1.443569e+00 2.164473e+01 2.193126e+01 4.362779e-01 1.9030e-03 3.6608e-03 -6.8433e-06 0.02490 1.49004e-01 2.41679e-01 3.77608e-01 1.18987e-02
2.001432 9.50610856e-02 8.62199753e-02 1.81281061e-01 5.04741857e-04 4.43558715e+00 6.70960581e+00 4.45807718e-02 9.069955e-01 1.512676e+00 2.331385e+01 2.024787e+01 3.962834e-01 2.2086e-03 3.6170e-03 -6.8587e-06 0.02530 1.35021e-01 2.22845e-01 3.60140e-01 1.15960e-02
2.101504 9.43736251e-02 8.23812143e-02 1.76754839e-01 8.75898871e-04 4.41094976e+00 6.86923039e+00 4.51207206e-02 8.729262e-01 1.557313e+00 2.454342e+01 1.896395e+01 3.980978e-01 2.4665e-03 3.5600e-03 -6.2083e-06 0.02513 1.22236e-01 2.06572e-01 3.47055e-01 1.09073e-02
2.201576 9.36563791e-02 7.85506600e-02 1.72207039e-01 1.29063363e-03 4.40469912e+00 6.85954862e+00 4.50569910e-02 8.387113e-01 1.557325e+00 2.521826e+01 1.786379e+01 3.909171e-01 2.6001e-03 3.4963e-03 -8.0022e-06 0.02511 1.13078e-01 1.94816e-01 3.39983e-01 1.04690e-02
2.301647 9.28828306e-02 7.48018704e-02 1.67684701e-01 1.74300128e-03 4.40529007e+00 6.72268078e+00 4.45118834e-02 8.053358e-01 1.526047e+00 2.541239e+01 1.570503e+01 4.170474e-01 2.5727e-03 3.4383e-03 -8.0579e-06 0.02545 1.05719e-01 1.85621e-01 3.37066e-01 1.00920e-02
2.401719 9.20520229e-02 7.11700286e-02 1.63222052e-01 2.21303664e-03 4.41248263e+00 6.51607872e+00 4.37142454e-02 7.731501e-01 1.476738e+00 2.515930e+01 1.535097e+01 4.206981e-01 2.4268e-03 3.3917e-03 -7.0879e-06 0.02611 9.97419e-02 1.78157e-01 3.36663e-01 9.82160e-03
2.501790 9.11936506e-02 6.76663803e-02 1.58860031e-01 2.69970340e-03 4.40615607e+00 6.28366295e+00 4.27592761e-02 7.420076e-01 1.426110e+00 2.454661e+01 1.479512e+01 4.306322e-01 2.2551e-03 3.3451e-03 -7.8477e-06 0.02661 9.33951e-02 1.70462e-01 3.35806e-01 9.23716e-03
2.601862 9.02936711e-02 6.43037856e-02 1.54597457e-01 3.19677607e-03 4.40972896e+00 6.05038779e+00 4.18404670e-02 7.121627e-01 1.372054e+00 2.368822e+01 1.428977e+01 4.163324e-01 2.1371e-03 3.3078e-03 -8.5796e-06 0.02720 8.87129e-02 1.64318e-01 3.34945e-01 8.91692e-03
2.701934 8.93347196e-02 6.10788584e-02 1.50413578e-01 3.68198534e-03 4.41799201e+00 5.82265128e+00 4.09625731e-02 6.837080e-01 1.317941e+00 2.265670e+01 1.255953e+01 4.010289e-01 2.1007e-03 3.2794e-03 -8.9468e-06 0.02744 8.54432e-02 1.59543e-01 3.33347e-01 8.80137e-03
2.802005 8.83123215e-02 5.80061368e-02 1.46318458e-01 4.13910108e-03 4.41168649e+00 5.60158264e+00 4.00530765e-02 6.568295e-01 1.269715e+00 2.151866e+01 1.217111e+01 3.792836e-01 2.1323e-03 3.2637e-03 -7.5376e-06 0.02760 8.19811e-02 1.54773e-01 3.29776e-01 8.57851e-03
2.902077 8.72497257e-02 5.50801157e-02 1.42329841e-01 4.57490905e-03 4.39262281e+00 5.38374708e+00 3.91054795e-02 6.312927e-01 1.225634e+00 2.029600e+01 1.192156e+01 3.596741e-01 2.1941e-03 3.2481e-03 -9.1041e-06 0.02739 7.86121e-02 1.50237e-01 3.24235e-01 8.14876e-03
3.002149 8.61083954e-02 5.23257855e-02 1.38434181e-01 4.99200544e-03 4.37992390e+00 5.17701070e+00 3.82277384e-02 6.076734e-01 1.181986e+00 1.908120e+01 1.200882e+01 3.392685e-01 2.2508e-03 3.2457e-03 -9.1756e-06 0.02686 7.74118e-02 1.48005e-01 3.19051e-01 8.05143e-03
3.102220 8.48765738e-02 4.97375848e-02 1.34614159e-01 5.37983844e-03 4.36002160e+00 4.98440803e+00 3.73777185e-02 5.859990e-01 1.143207e+00 1.787743e+01 1.255761e+01 3.187379e-01 2.2896e-03 3.2554e-03 -9.3946e-06 0.02606 7.73872e-02 1.47174e-01 3.13914e-01 8.16412e-03
3.202292 8.35564697e-02 4.73301572e-02 1.30886627e-01 5.74084044e-03 4.30824577e+00 4.81019614e+00 3.64737676e-02 5.664452e-01 1.116509e+00 1.673080e+01 1.250652e+01 3.010604e-01 2.3074e-03 3.2768e-03 -8.2634e-06 0.02518 7.61330e-02 1.45555e-01 3.07552e-01 7.94779e-03
3.302363 8.21716371e-02 4.50880820e-02 1.27259719e-01 6.08891977e-03 4.24415431e+00 4.65358135e+00 3.55909426e-02 5.487061e-01 1.096468e+00 1.564872e+01 1.242994e+01 2.876201e-01 2.3013e-03 3.3007e-03 -9.8910e-06 0.02420 7.53924e-02 1.44625e-01 3.01300e-01 7.65928e-03
3.402435 8.06993311e-02 4.30125235e-02 1.23711855e-01 6.42613483e-03 4.18680102e+00 4.51887168e+00 3.48226908e-02 5.329973e-01 1.079314e+00 1.465240e+01 1.230229e+01 2.799489e-01 2.2820e-03 3.3327e-03 -9.7917e-06 0.02330 7.69236e-02 1.46069e-01 2.97072e-01 7.76996e-03
3.502507 7.91498066e-02 4.10824978e-02 1.20232304e-01 6.74295136e-03 4.11630756e+00 4.40386290e+00 3.40806819e-02 5.190474e-01 1.069858e+00 1.373215e+01 1.231060e+01 2.812938e-01 2.2616e-03 3.3705e-03 -9.5411e-06 0.02267 7.83834e-02 1.47626e-01 2.93169e-01 7.98337e-03
3.602578 7.75451043e-02 3.92908336e-02 1.16835938e-01 7.04365693e-03 4.01832902e+00 4.30490502e+00 3.32929362e-02 5.066836e-01 1.071317e+00 1.367156e+01 1.191145e+01 2.918305e-01 2.2449e-03 3.4088e-03 -9.1571e-06 0.02235 7.78548e-02 1.47445e-01 2.88169e-01 7.68088e-03
3.702650 7.59023604e-02 3.76186798e-02 1.13521040e-01 7.33468758e-03 3.92455351e+00 4.21538767e+00 3.25597647e-02 4.956194e-01 1.074106e+00 1.449951e+01 1.129866e+01 3.050369e-01 2.2306e-03 3.4497e-03 -1.0346e-05 0.02216 7.84790e-02 1.48342e-01 2.84468e-01 7.52324e-03
3.802722 7.42156329e-02 3.60550685e-02 1.10270701e-01 7.61077434e-03 3.84351675e+00 4.13108961e+00 3.18984255e-02 4.858150e-01 1.074820e+00 1.520726e+01 1.150650e+01 3.189221e-01 2.2190e-03 3.5004e-03 -1.0329e-05 0.02199 8.09964e-02 1.51069e-01 2.82923e-01 7.73348e-03
3.902793 7.24985113e-02 3.45863895e-02 1.07084901e-01 7.86319954e-03 3.75109778e+00 4.04576245e+00 3.11874409e-02 4.770634e-01 1.078554e+00 1.560359e+01 1.200283e+01 3.350987e-01 2.2129e-03 3.5677e-03 -9.6257e-06 0.02174 8.23891e-02 1.52825e-01 2.81226e-01 7.88298e-03
4.002865 7.07797483e-02 3.32025557e-02 1.03982304e-01 8.09726823e-03 3.64536863e+00 3.95223430e+00 3.03904117e-02 4.690968e-01 1.084180e+00 1.569576e+01 1.158964e+01 3.553645e-01 2.2159e-03 3.6490e-03 -1.0035e-05 0.02145 8.21932e-02 1.53142e-01 2.78975e-01 7.51222e-03
4.102936 6.90611603e-02 3.18973846e-02 1.00958545e-01 8.31595315e-03 3.55679776e+00 3.84502974e+00 2.96073100e-02 4.618715e-01 1.081037e+00 1.550953e+01 1.183657e+01 3.718082e-01 2.2243e-03 3.7463e-03 -1.0667e-05 0.02109 8.40684e-02 1.55450e-01 2.79182e-01 7.46395e-03
4.203008 6.73458136e-02 3.06657288e-02 9.80115424e-02 8.51258649e-03 3.47919986e+00 3.72132548e+00 2.88021014e-02 4.553472e-01 1.069592e+00 1.505835e+01 1.243804e+01 3.883182e-01 2.2226e-03 3.8539e-03 -1.0703e-05 0.02076 8.74616e-02 1.59278e-01 2.81563e-01 7.67782e-03
4.303080 6.56390706e-02 2.95103114e-02 9.51493820e-02 8.68365087e-03 3.38728067e+00 3.58249258e+00 2.78790930e-02 4.495845e-01 1.057631e+00 1.437500e+01 1.274731e+01 4.056598e-01 2.1973e-03 3.9642e-03 -9.8410e-06 0.02062 8.92220e-02 1.61685e-01 2.83913e-01 7.64264e-03
4.403151 6.39614475e-02 2.84290844e-02 9.23905319e-02 8.83621772e-03 3.29197662e+00 3.43321868e+00 2.69007812e-02 4.444722e-01 1.042905e+00 1.349819e+01 1.246014e+01 4.210652e-01 2.1403e-03 4.0696e-03 -1.0750e-05 0.02071 9.06323e-02 1.63731e-01 2.87697e-01 7.32585e-03
4.503223 6.22986867e-02 2.74249577e-02 8.97236444e-02 8.97300116e-03 3.21560738e+00 3.28518531e+00 2.60031708e-02 4.402173e-01 1.021638e+00 1.248788e+01 1.289182e+01 4.236244e-01 2.0558e-03 4.1792e-03 -1.0978e-05 0.02101 9.46309e-02 1.68124e-01 2.95507e-01 7.37470e-03
4.603295 6.06530875e-02 2.64911445e-02 8.71442319e-02 9.08899956e-03 3.14410225e+00 3.14751480e+00 2.51664682e-02 4.367650e-01 1.001085e+00 1.142774e+01 1.342835e+01 4.210339e-01 1.9648e-03 4.3060e-03 -1.0900e-05 0.02113 9.92441e-02 1.73023e-01 3.05126e-01 7.54756e-03
4.703366 5.90257349e-02 2.56230351e-02 8.46487699e-02 9.18432111e-03 3.06030163e+00 3.02164594e+00 2.43277903e-02 4.340994e-01 9.873687e-01 1.039289e+01 1.340965e+01 4.212375e-01 1.8843e-03 4.4557e-03 -1.0248e-05 0.02110 1.01826e-01 1.76117e-01 3.13806e-01 7.40182e-03
4.803438 5.74299653e-02 2.48096681e-02 8.22396334e-02 9.26388056e-03 2.98315764e+00 2.90213363e+00 2.35411651e-02 4.319987e-01 9.728395e-01 9.520839e+00 1.317097e+01 4.181124e-01 1.8163e-03 4.6070e-03 -1.1260e-05 0.02092 1.04982e-01 1.80100e-01 3.22961e-01 7.21230e-03
4.903509 5.58543927e-02 2.40475336e-02 7.99019263e-02 9.32768161e-03 2.92478296e+00 2.78606626e+00 2.28433968e-02 4.305397e-01 9.525720e-01 9.181770e+00 1.347791e+01 4.102685e-01 1.7596e-03 4.7187e-03 -1.1302e-05 0.02058 1.10634e-01 1.87095e-01 3.33957e-01 7.32015e-03
5.003581 5.43044174e-02 2.33299426e-02 7.76343600e-02 9.37224048e-03 2.86554032e+00 2.67220790e+00 2.21509929e-02 4.296141e-01 9.325319e-01 8.782632e+00 1.375125e+01 4.028866e-01 1.7114e-03 4.7626e-03 -1.0998e-05 0.02015 1.16018e-01 1.94491e-01 3.44512e-01 7.44953e-03
5.103653 5.27859191e-02 2.26529618e-02 7.54388809e-02 9.39998686e-03 2.79674610e+00 2.56141493e+00 2.14326441e-02 4.291478e-01 9.158554e-01 8.794976e+00 1.337880e+01 4.039817e-01 1.6683e-03 4.7508e-03 -1.0798e-05 0.01961 1.20036e-01 2.00847e-01 3.53654e-01 7.27001e-03
5.203724 5.13040113e-02 2.20107065e-02 7.33147178e-02 9.41476439e-03 2.73432161e+00 2.45493525e+00 2.07570275e-02 4.290251e-01 8.978224e-01 9.290659e+00 1.310847e+01 3.964341e-01 1.6269e-03 4.7105e-03 -1.1623e-05 0.01903 1.25569e-01 2.08234e-01 3.63403e-01 7.20215e-03
5.303796 4.98536751e-02 2.14006185e-02 7.12542936e-02 9.41432230e-03 2.68076584e+00 2.35464354e+00 2.01416375e-02 4.292686e-01 8.783473e-01 9.670799e+00 1.327463e+01 3.865989e-01 1.5866e-03 4.6551e-03 -1.1613e-05 0.01844 1.33191e-01 2.16904e-01 3.74367e-01 7.32531e-03
5.403867 4.84377733e-02 2.08185733e-02 6.92563466e-02 9.39543431e-03 2.61563901e+00 2.26082253e+00 1.95058462e-02 4.298004e-01 8.643481e-01 9.873426e+00 1.321475e+01 3.751610e-01 1.5489e-03 4.5780e-03 -1.1118e-05 0.01788 1.39182e-01 2.23496e-01 3.83977e-01 7.41490e-03
5.503939 4.70655931e-02 2.02601163e-02 6.73257094e-02 9.36027772e-03 2.54049575e+00 2.17311152e+00 1.88544291e-02 4.304655e-01 8.553888e-01 9.933338e+00 1.267048e+01 3.714402e-01 1.5148e-03 4.4625e-03 -1.1390e-05 0.01736 1.43300e-01 2.28030e-01 3.92145e-01 7.22501e-03
5.604011 4.57345601e-02 1.97222969e-02 6.54568571e-02 9.31180445e-03 2.47040489e+00 2.09203260e+00 1.82497500e-02 4.312340e-01 8.468379e-01 9.926412e+00 1.250176e+01 3.574664e-01 1.4845e-03 4.3037e-03 -1.1918e-05 0.01684 1.47864e-01 2.32965e-01 4.00669e-01 7.21557e-03
5.704082 4.44453009e-02 1.92023828e-02 6.36476838e-02 9.24802730e-03 2.40400008e+00 2.01838387e+00 1.76895358e-02 4.320453e-01 8.395939e-01 9.997430e+00 1.246193e+01 3.457299e-01 1.4593e-03 4.1167e-03 -1.1862e-05 0.01635 1.52470e-01 2.38261e-01 4.09345e-01 7.28925e-03
5.804154 4.31972032e-02 1.86971809e-02 6.18943841e-02 9.16880409e-03 2.32714317e+00 1.95208492e+00 1.71169123e-02 4.328331e-01 8.388332e-01 1.017685e+01 1.214693e+01 3.376415e-01 1.4411e-03 3.9303e-03 -1.1335e-05 0.01586 1.54304e-01 2.41525e-01 4.16100e-01 7.27105e-03
5.904226 4.19984446e-02 1.82021626e-02 6.02006073e-02 9.07930272e-03 2.24841837e+00 1.89206378e+00 1.65619286e-02 4.334009e-01 8.415088e-01 1.042302e+01 1.219553e+01 3.347856e-01 1.4294e-03 3.7660e-03 -1.1916e-05 0.01539 1.54929e-01 2.44098e-01 4.21737e-01 7.07065e-03
6.004297 4.08409283e-02 1.77162545e-02 5.85571828e-02 8.98263739e-03 2.17976104e+00 1.83780217e+00 1.60702528e-02 4.337868e-01 8.431209e-01 1.062532e+01 1.216517e+01 3.246991e-01 1.4221e-03 3.6357e-03 -1.2180e-05 0.01492 1.56820e-01 2.48098e-01 4.27843e-01 7.04474e-03
6.104369 3.97257349e-02 1.72378335e-02 5.69635684e-02 8.87719869e-03 2.11353983e+00 1.78817703e+00 1.56068674e-02 4.339211e-01 8.460579e-01 1.076710e+01 1.221531e+01 3.171191e-01 1.4166e-03 3.5352e-03 -1.2023e-05 0.01448 1.58509e-01 2.52066e-01 4.33253e-01 7.04507e-03
6.204440 3.86499433e-02 1.67659765e-02 5.54159198e-02 8.76437039e-03 2.04128342e+00 1.74176693e+00 1.51322014e-02 4.337905e-01 8.532705e-01 1.083195e+01 1.252866e+01 3.166780e-01 1.4119e-03 3.4547e-03 -1.1647e-05 0.01415 1.58173e-01 2.54238e-01 4.36590e-01 6.91358e-03
6.304512 3.76171541e-02 1.62993603e-02 5.39165144e-02 8.64975373e-03 1.97291515e+00 1.69716309e+00 1.46803130e-02 4.332959e-01 8.602312e-01 1.081698e+01 1.293161e+01 3.147546e-01 1.4085e-03 3.3844e-03 -1.2309e-05 0.01396 1.58010e-01 2.56436e-01 4.39194e-01 6.74655e-03
6.404584 3.66190642e-02 1.58398586e-02 5.24589228e-02 8.53410610e-03 1.91359100e+00 1.65413289e+00 1.42708955e-02 4.325577e-01 8.644130e-01 1.075458e+01 1.308319e+01 3.078812e-01 1.4074e-03 3.3207e-03 -1.2395e-05 0.01387 1.59367e-01 2.59841e-01 4.42117e-01 6.70194e-03
6.504655 3.56555360e-02 1.53879797e-02 5.10435157e-02 8.41527025e-03 1.85310898e+00 1.61207538e+00 1.38607375e-02 4.315734e-01 8.699302e-01 1.063476e+01 1.317567e+01 3.034258e-01 1.4094e-03 3.2601e-03 -1.2107e-05 0.01368 1.60019e-01 2.62476e-01 4.43981e-01 6.65778e-03
6.604727 3.47257794e-02 1.49441576e-02 4.96699371e-02 8.29496605e-03 1.78830660e+00 1.57028528e+00 1.34343675e-02 4.303477e-01 8.780850e-01 1.047333e+01 1.340411e+01 3.073644e-01 1.4134e-03 3.1982e-03 -1.2001e-05 0.01336 1.59222e-01 2.63667e-01 4.44397e-01 6.47525e-03
6.704799 3.38294875e-02 1.45089091e-02 4.83383967e-02 8.17687014e-03 1.72855176e+00 1.52831272e+00 1.30274579e-02 4.288835e-01 8.841579e-01 1.028727e+01 1.344504e+01 3.060117e-01 1.4173e-03 3.1341e-03 -1.2568e-05 0.01308 1.59350e-01 2.65475e-01 4.45065e-01 6.35238e-03
6.804870 3.29623448e-02 1.40842723e-02 4.70466171e-02 8.05921490e-03 1.67406309e+00 1.48638909e+00 1.26418087e-02 4.272837e-01 8.878931e-01 1.008017e+01 1.323524e+01 3.031171e-01 1.4185e-03 3.0685e-03 -1.2547e-05 0.01291 1.60599e-01 2.68106e-01 4.46369e-01 6.29177e-03
6.904942 3.21231617e-02 1.36708669e-02 4.57940286e-02 7.93985180e-03 1.61649792e+00 1.44442488e+00 1.22436912e-02 4.255766e-01 8.935520e-01 9.834622e+00 1.295096e+01 3.049382e-01 1.4149e-03 3.0038e-03 -1.2174e-05 0.01274 1.60789e-01 2.69637e-01 4.46976e-01 6.21518e-03
7.005013 3.13143016e-02 1.32685919e-02 4.45828935e-02 7.82118512e-03 1.55672966e+00 1.40226687e+00 1.18359861e-02 4.237231e-01 9.007774e-01 9.572317e+00 1.273719e+01 3.139912e-01 1.4055e-03 2.9417e-03 -1.2348e-05 0.01258 1.60028e-01 2.70118e-01 4.46964e-01 6.02107e-03
7.105085 3.05325979e-02 1.28781585e-02 4.34107564e-02 7.70548814e-03 1.50194599e+00 1.36024279e+00 1.14487551e-02 4.217839e-01 9.056536e-01 9.296961e+00 1.231295e+01 3.152414e-01 1.3906e-03 2.8874e-03 -1.2742e-05 0.01261 1.60271e-01 2.71266e-01 4.47681e-01 5.91323e-03
7.205157 2.97774024e-02 1.25003029e-02 4.22777053e-02 7.59070609e-03 1.44996676e+00 1.31883079e+00 1.10751902e-02 4.197916e-01 9.095593e-01 9.020737e+00 1.175718e+01 3.160778e-01 1.3711e-03 2.8438e-03 -1.2642e-05 0.01273 1.60884e-01 2.72605e-01 4.48777e-01 5.83419e-03
7.305228 2.90470106e-02 1.21347624e-02 4.11817730e-02 7.47617817e-03 1.39527480e+00 1.27819926e+00 1.06938962e-02 4.177629e-01 9.160914e-01 8.767598e+00 1.124444e+01 3.214166e-01 1.3478e-03 2.8125e-03 -1.2286e-05 0.01289 1.60105e-01 2.72657e-01 4.49053e-01 5.72098e-03
7.405300 2.83450097e-02 1.17804127e-02 4.01254224e-02 7.36499032e-03 1.34090096e+00 1.23831335e+00 1.03168573e-02 4.156080e-01 9.234935e-01 8.523038e+00 1.078715e+01 3.286247e-01 1.3211e-03 2.7925e-03 -1.2658e-05 0.01301 1.58725e-01 2.72139e-01 4.48920e-01 5.53771e-03
7.505371 2.76671995e-02 1.14374355e-02 3.91046350e-02 7.25819110e-03 1.29102796e+00 1.19952737e+00 9.96222132e-03 4.133933e-01 9.291258e-01 8.319445e+00 1.017848e+01 3.266328e-01 1.2915e-03 2.7824e-03 -1.2880e-05 0.01312 1.58088e-01 2.72306e-01 4.49269e-01 5.42540e-03
7.605443 2.70144945e-02 1.11053408e-02 3.81198353e-02 7.15369726e-03 1.24268722e+00 1.16193715e+00 9.61849748e-03 4.110882e-01 9.350198e-01 8.123965e+00 9.535392e+00 3.242555e-01 1.2601e-03 2.7788e-03 -1.2705e-05 0.01317 1.57263e-01 2.72407e-01 4.49453e-01 5.32784e-03
7.705515 2.63857897e-02 1.07832043e-02 3.71689940e-02 7.05163167e-03 1.19305626e+00 1.12538776e+00 9.27377606e-03 4.086747e-01 9.432814e-01 7.971614e+00 8.995854e+00 3.263697e-01 1.2281e-03 2.7781e-03 -1.2473e-05 0.01317 1.55242e-01 2.71558e-01 4.48716e-01 5.18263e-03
7.805586 2.57835435e-02 1.04698141e-02 3.62533576e-02 6.95428637e-03 1.14552780e+00 1.08959135e+00 8.94047663e-03 4.060658e-01 9.511697e-01 7.845729e+00 8.485221e+00 3.248322e-01 1.1977e-03 2.7773e-03 -1.2918e-05 0.01313 1.53234e-01 2.70749e-01 4.47730e-01 5.02334e-03
7.905658 2.52041835e-02 1.01653496e-02 3.53695331e-02 6.86115267e-03 1.10163742e+00 1.05459556e+00 8.62493194e-03 4.033199e-01 9.572982e-01 7.722713e+00 8.145228e+00 3.162724e-01 1.1711e-03 2.7735e-03 -1.3007e-05 0.01304 1.51919e-01 2.70562e-01 4.46956e-01 4.90549e-03
8.005730 2.46481103e-02 9.86931730e-03 3.45174276e-02 6.77006598e-03 1.05849924e+00 1.02019767e+00 8.31478765e-03 4.004087e-01 9.638152e-01 7.600028e+00 8.015041e+00 3.085568e-01 1.1503e-03 2.7648e-03 -1.2769e-05 0.01293 1.50264e-01 2.70057e-01 4.45682e-01 4.79756e-03
8.105801 2.41154196e-02 9.58106039e-03 3.36964800e-02 6.68147959e-03 1.01536604e+00 9.86122079e-01 8.00595249e-03 3.973002e-01 9.711986e-01 7.469079e+00 7.642995e+00 3.062561e-01 1.1364e-03 2.7504e-03 -1.2724e-05 0.01278 1.47949e-01 2.68886e-01 4.43632e-01 4.64011e-03
8.205873 2.36060943e-02 9.30023659e-03 3.29063309e-02 6.59663954e-03 9.74944099e-01 9.52186075e-01 7.70852070e-03 3.939761e-01 9.766571e-01 7.320755e+00 7.346207e+00 2.974227e-01 1.1292e-03 2.7303e-03 -1.3132e-05 0.01262 1.46129e-01 2.67979e-01 4.41524e-01 4.51032e-03
8.305944 2.31179829e-02 9.02735941e-03 3.21453423e-02 6.51418449e-03 9.37214567e-01 9.18459664e-01 7.42269692e-03 3.904908e-01 9.799887e-01 7.171829e+00 7.317021e+00 2.857210e-01 1.1278e-03 2.7048e-03 -1.3123e-05 0.01244 1.44879e-01 2.67401e-01 4.39466e-01 4.40019e-03
8.406016 2.26502285e-02 8.76234607e-03 3.14125745e-02 6.43249314e-03 9.00030365e-01 8.84871451e-01 7.13960726e-03 3.868546e-01 9.831573e-01 7.015844e+00 7.169041e+00 2.770329e-01 1.1302e-03 2.6752e-03 -1.2861e-05 0.01226 1.43236e-01 2.66288e-01 4.36809e-01 4.29279e-03
8.506088 2.22039478e-02 8.50488876e-03 3.07088366e-02 6.35242137e-03 8.63826669e-01 8.51333819e-01 6.86064195e-03 3.830350e-01 9.855378e-01 6.824127e+00 6.842874e+00 2.735741e-01 1.1343e-03 2.6427e-03 -1.2999e-05 0.01206 1.41339e-01 2.64710e-01 4.33590e-01 4.14799e-03
8.606159 2.17769266e-02 8.25526695e-03 3.00321935e-02 6.27454813e-03 8.30370391e-01 8.17954710e-01 6.59330041e-03 3.790832e-01 9.850480e-01 6.665933e+00 6.646288e+00 2.630531e-01 1.1379e-03 2.6088e-03 -1.3307e-05 0.01188 1.40057e-01 2.63406e-01 4.30390e-01 4.04297e-03
8.706231 2.13682609e-02 8.01394197e-03 2.93822029e-02 6.19737903e-03 7.99054512e-01 7.84922807e-01 6.33590928e-03 3.750395e-01 9.823145e-01 6.475225e+00 6.624643e+00 2.529452e-01 1.1394e-03 2.5740e-03 -1.3221e-05 0.01169 1.39122e-01 2.62157e-01 4.27080e-01 3.94575e-03
8.806303 2.09763499e-02 7.78088282e-03 2.87572327e-02 6.12011595e-03 7.68553301e-01 7.52336361e-01 6.08355865e-03 3.709360e-01 9.788994e-01 6.265703e+00 6.417592e+00 2.481547e-01 1.1377e-03 2.5395e-03 -1.2993e-05 0.01150 1.37796e-01 2.60317e-01 4.23158e-01 3.84334e-03
8.906374 2.06024701e-02 7.55584087e-03 2.81583110e-02 6.04384363e-03 7.39627536e-01 7.20262780e-01 5.83956126e-03 3.667444e-01 9.738182e-01 6.034723e+00 6.111070e+00 2.465123e-01 1.1321e-03 2.5055e-03 -1.3256e-05 0.01132 1.36447e-01 2.58187e-01 4.18853e-01 3.72494e-03
9.006446 2.02434707e-02 7.33917744e-03 2.75826482e-02 5.96866246e-03 7.13116377e-01 6.88936829e-01 5.60821282e-03 3.625454e-01 9.660931e-01 5.820952e+00 5.970061e+00 2.391178e-01 1.1224e-03 2.4723e-03 -1.3443e-05 0.01114 1.35596e-01 2.56247e-01 4.14598e-01 3.63594e-03
9.106517 1.98989578e-02 7.13102864e-03 2.70299864e-02 5.89326537e-03 6.88351275e-01 6.58531812e-01 5.38753235e-03 3.583619e-01 9.566799e-01 5.600529e+00 5.902333e+00 2.341805e-01 1.1091e-03 2.4398e-03 -1.3295e-05 0.01097 1.34897e-01 2.54228e-01 4.10243e-01 3.55704e-03
9.206589 1.95675945e-02 6.93116927e-03 2.64987638e-02 5.81757777e-03 6.64580313e-01 6.29142515e-01 5.17489131e-03 3.542167e-01 9.466764e-01 5.367859e+00 5.664410e+00 2.361267e-01 1.0926e-03 2.4081e-03 -1.3155e-05 0.01082 1.33876e-01 2.51738e-01 4.05506e-01 3.46621e-03
9.306661 1.92499479e-02 6.73930780e-03 2.59892556e-02 5.74265932e-03 6.42438630e-01 6.00837540e-01 4.97310468e-03 3.500949e-01 9.352450e-01 5.130347e+00 5.403820e+00 2.376642e-01 1.0736e-03 2.3770e-03 -1.3465e-05 0.01067 1.32969e-01 2.49168e-01 4.00727e-01 3.37765e-03
9.406732 1.89432994e-02 6.55561747e-03 2.54989169e-02 5.66827516e-03 6.22112760e-01 5.73783083e-01 4.78358337e-03 3.460652e-01 9.223136e-01 4.888817e+00 5.304308e+00 2.353826e-01 1.0531e-03 2.3468e-03 -1.3540e-05 0.01054 1.32394e-01 2.46759e-01 3.96172e-01 3.30492e-03
9.506804 1.86471688e-02 6.37991851e-03 2.50270873e-02 5.59349912e-03 6.03069715e-01 5.48046894e-01 4.60446643e-03 3.421387e-01 9.087621e-01 4.650359e+00 5.202922e+00 2.363334e-01 1.0320e-03 2.3178e-03 -1.3349e-05 0.01043 1.31856e-01 2.44290e-01 3.91704e-01 3.24521e-03
9.606875 1.83612046e-02 6.21178376e-03 2.45729883e-02 5.51877790e-03 5.84921356e-01 5.23639157e-01 4.43424205e-03 3.383103e-01 8.952300e-01 4.418222e+00 4.972342e+00 2.437172e-01 1.0111e-03 2.2906e-03 -1.3328e-05 0.01032 1.31108e-01 2.41566e-01 3.87180e-01 3.16904e-03
9.706947 1.80849178e-02 6.05089793e-03 2.41358157e-02 5.44497414e-03 5.68109740e-01 5.00577538e-01 4.27474912e-03 3.345826e-01 8.811282e-01 4.426116e+00 4.782018e+00 2.468760e-01 9.9111e-04 2.2657e-03 -1.3613e-05 0.01023 1.30558e-01 2.38971e-01 3.82933e-01 3.10542e-03
9.807019 1.78167503e-02 5.89719778e-03 2.37139481e-02 5.37165673e-03 5.52549204e-01 4.78916823e-01 4.12586411e-03 3.309918e-01 8.667406e-01 4.430473e+00 4.710479e+00 2.478545e-01 9.7251e-04 2.2436e-03 -1.3598e-05 0.01014 1.30243e-01 2.36588e-01 3.79078e-01 3.05175e-03
9.907090 1.75559865e-02 5.75030222e-03 2.33062887e-02 5.29831748e-03 5.37788056e-01 4.58633680e-01 3.98568694e-03 3.275408e-01 8.528149e-01 4.432923e+00 4.594800e+00 2.522911e-01 9.5556e-04 2.2247e-03 -1.3398e-05 0.01006 1.29857e-01 2.34182e-01 3.75437e-01 3.00384e-03
9.999985 1.73212501e-02 5.61954449e-03 2.29407946e-02 5.23084234e-03 5.24660279e-01 4.40981083e-01 3.86256545e-03 3.244307e-01 8.405079e-01 4.432758e+00 4.391649e+00 2.606726e-01 9.4129e-04 2.2096e-03 -1.3546e-05 0.00999 1.29345e-01 2.31864e-01 3.72181e-01 2.94419e-03
