# tg_mhd (CUDA FP64)  tgc_slip_cond_n192_re250  N=192 L=192 Re=250 Pm=1 u0=0.05 nu_lat=1.215944e-02 eta_lat=1.215944e-02 tau_f=0.536478 tau_m=0.548638 dt=8.224065e-04 fw=profile
# t E_V E_M E_T H_C Omega_V Omega_M eps EM/EV OmM/OmV j_max w_max skew divb/j divb_wall/j mass_drift umax_lat fw1 fw2 fw4 tau_wall
0.000000 1.25000000e-01 1.25000000e-01 2.50000000e-01 2.76201003e-20 3.74966184e-01 1.49945900e+00 1.49954014e-02 1.000000e+00 3.998918e+00 3.463243e+00 1.999775e+00 1.607634e-18 2.8400e-15 6.1194e-15 +0.0000e+00 0.05000 8.08385e-02 1.63020e-01 3.30728e-01 0.00000e+00
0.050167 1.24851487e-01 1.23954454e-01 2.48805941e-01 1.58292733e-07 3.76535202e-01 1.48854650e+00 1.49206536e-02 9.928152e-01 3.953273e+00 3.508761e+00 1.992930e+00 1.514788e-01 5.8986e-06 9.3608e-06 -1.8349e-05 0.04997 8.06810e-02 1.62714e-01 3.30227e-01 0.00000e+00
0.100334 1.24571714e-01 1.23553339e-01 2.48125053e-01 3.66089066e-07 3.82465196e-01 1.48850718e+00 1.49677790e-02 9.918250e-01 3.891876e+00 3.534892e+00 2.001141e+00 1.385520e-01 1.1954e-05 1.7916e-05 +9.1478e-07 0.05080 8.07583e-02 1.62949e-01 3.31049e-01 0.00000e+00
0.150500 1.24325233e-01 1.23047812e-01 2.47373045e-01 8.18764397e-07 3.93024542e-01 1.49055680e+00 1.50686507e-02 9.897252e-01 3.792529e+00 3.583067e+00 2.018157e+00 4.452769e-02 2.2203e-05 3.4996e-05 +1.5095e-05 0.05089 8.06550e-02 1.62872e-01 3.31531e-01 0.00000e+00
0.200667 1.24273917e-01 1.22237500e-01 2.46511418e-01 1.68940892e-06 4.07771242e-01 1.49234000e+00 1.52008899e-02 9.836135e-01 3.659748e+00 3.636134e+00 2.042309e+00 3.458409e-02 3.4090e-05 5.4244e-05 -1.6934e-05 0.05118 8.01186e-02 1.61974e-01 3.30697e-01 0.00000e+00
0.250834 1.24176006e-01 1.21861006e-01 2.46037012e-01 3.30490610e-06 4.25998406e-01 1.50300679e+00 1.54320416e-02 9.813571e-01 3.528198e+00 3.690592e+00 2.076929e+00 1.220575e-01 5.0288e-05 8.1710e-05 -5.5205e-06 0.05232 7.97979e-02 1.61588e-01 3.31106e-01 0.00000e+00
0.301001 1.23962092e-01 1.21301487e-01 2.45263579e-01 5.96998161e-06 4.47074751e-01 1.51537621e+00 1.56996077e-02 9.785369e-01 3.389537e+00 3.762724e+00 2.110046e+00 2.062614e-01 6.8324e-05 1.1172e-04 -8.8306e-06 0.05207 7.94012e-02 1.61106e-01 3.31565e-01 0.00000e+00
0.351168 1.23601148e-01 1.20577535e-01 2.44178683e-01 1.01399021e-05 4.70694748e-01 1.53041510e+00 1.60088788e-02 9.755373e-01 3.251396e+00 3.853195e+00 2.144506e+00 2.576193e-01 9.0192e-05 1.4930e-04 -1.2943e-05 0.05269 7.89825e-02 1.60657e-01 3.32359e-01 0.00000e+00
0.401334 1.23186314e-01 1.20314859e-01 2.43501173e-01 1.61779588e-05 4.96965649e-01 1.55500135e+00 1.64157360e-02 9.766902e-01 3.128992e+00 3.937049e+00 2.190146e+00 2.298931e-01 1.1444e-04 1.9111e-04 +1.7284e-05 0.05267 7.87511e-02 1.60695e-01 3.34359e-01 0.00000e+00
0.451501 1.23000912e-01 1.19612880e-01 2.42613792e-01 2.47045455e-05 5.25840324e-01 1.57939554e+00 1.68418869e-02 9.724552e-01 3.003565e+00 4.033352e+00 2.233641e+00 1.899034e-01 1.4194e-04 2.3966e-04 -4.7663e-06 0.05315 7.80802e-02 1.59925e-01 3.34980e-01 0.00000e+00
0.501668 1.22780598e-01 1.19086888e-01 2.41867486e-01 3.58267915e-05 5.57092843e-01 1.61046686e+00 1.73404776e-02 9.699162e-01 2.890841e+00 4.126506e+00 2.288074e+00 2.219376e-01 1.7249e-04 2.9478e-04 -1.3516e-05 0.05251 7.74512e-02 1.59364e-01 3.36222e-01 0.00000e+00
0.551835 1.22393739e-01 1.18702947e-01 2.41096686e-01 5.02029276e-05 5.90304357e-01 1.64839676e+00 1.79096089e-02 9.698449e-01 2.792452e+00 4.217310e+00 2.344485e+00 2.762083e-01 2.0652e-04 3.5799e-04 -2.2712e-06 0.05321 7.69825e-02 1.59272e-01 3.38530e-01 0.00000e+00
0.602002 1.21996460e-01 1.17985944e-01 2.39982404e-01 6.81135601e-05 6.25139730e-01 1.68839377e+00 1.85082680e-02 9.671260e-01 2.700826e+00 4.328438e+00 2.387756e+00 3.416028e-01 2.4457e-04 4.3003e-04 -1.6787e-05 0.05359 7.63919e-02 1.59033e-01 3.40533e-01 0.00000e+00
0.652168 1.21482119e-01 1.17593867e-01 2.39075986e-01 9.00592169e-05 6.61999637e-01 1.73772998e+00 1.91978369e-02 9.679932e-01 2.624971e+00 4.423469e+00 2.477208e+00 3.664997e-01 2.8691e-04 5.1435e-04 +7.2500e-06 0.05375 7.60869e-02 1.59568e-01 3.44025e-01 0.00000e+00
0.702335 1.21068654e-01 1.17021990e-01 2.38090644e-01 1.16258654e-04 7.01543639e-01 1.79043016e+00 1.99357904e-02 9.665755e-01 2.552129e+00 4.521431e+00 2.621072e+00 2.919113e-01 3.3417e-04 6.1139e-04 +9.2396e-06 0.05403 7.56453e-02 1.59948e-01 3.47027e-01 0.00000e+00
0.752502 1.20773000e-01 1.16280912e-01 2.37053912e-01 1.47042186e-04 7.43299654e-01 1.84522310e+00 2.07081821e-02 9.628055e-01 2.482475e+00 4.586498e+00 2.771373e+00 3.232951e-01 3.8505e-04 7.2050e-04 -1.5850e-05 0.05418 7.50080e-02 1.60036e-01 3.49228e-01 0.00000e+00
0.802669 1.20403363e-01 1.15734353e-01 2.36137716e-01 1.82491065e-04 7.87939881e-01 1.90935622e+00 2.15783688e-02 9.612219e-01 2.423226e+00 4.654982e+00 2.933762e+00 3.864887e-01 4.4288e-04 8.4857e-04 -3.4783e-06 0.05459 7.47802e-02 1.61121e-01 3.52903e-01 0.00000e+00
0.852835 1.20031684e-01 1.14967357e-01 2.34999041e-01 2.22949084e-04 8.34489132e-01 1.97586433e+00 2.24828277e-02 9.578084e-01 2.367753e+00 4.748015e+00 3.107497e+00 3.888333e-01 5.0578e-04 9.9018e-04 -1.1637e-05 0.05592 7.45090e-02 1.62138e-01 3.55960e-01 0.00000e+00
0.903002 1.19564435e-01 1.14178857e-01 2.33743292e-01 2.68625311e-04 8.83689446e-01 2.04853221e+00 2.34577732e-02 9.549567e-01 2.318159e+00 4.898450e+00 3.291488e+00 4.576621e-01 5.7536e-04 1.1476e-03 -6.5347e-06 0.05556 7.45236e-02 1.63785e-01 3.59693e-01 0.00000e+00
0.953169 1.19105177e-01 1.13446330e-01 2.32551506e-01 3.19719442e-04 9.36122341e-01 2.12722625e+00 2.45067887e-02 9.524887e-01 2.272381e+00 5.122523e+00 3.487185e+00 4.066358e-01 6.5099e-04 1.3168e-03 +1.5554e-05 0.05616 7.47941e-02 1.65961e-01 3.63861e-01 0.00000e+00
1.003336 1.18901979e-01 1.12383417e-01 2.31285396e-01 3.76395191e-04 9.90996891e-01 2.20459252e+00 2.55647153e-02 9.451770e-01 2.224621e+00 5.661834e+00 3.701749e+00 3.860019e-01 7.3127e-04 1.4892e-03 -8.3225e-06 0.05633 7.48193e-02 1.67481e-01 3.66222e-01 0.00000e+00
1.053503 1.18698281e-01 1.11379820e-01 2.30078100e-01 4.38572187e-04 1.04905325e+00 2.28835292e+00 2.66992493e-02 9.383440e-01 2.181351e+00 6.274230e+00 3.930620e+00 4.465145e-01 8.1902e-04 1.6710e-03 -9.8473e-06 0.05631 7.51602e-02 1.69583e-01 3.69173e-01 0.00000e+00
1.103669 1.18431488e-01 1.10286403e-01 2.28717891e-01 5.06662196e-04 1.10941012e+00 2.37589943e+00 2.78824763e-02 9.312253e-01 2.141588e+00 6.943031e+00 4.179675e+00 4.195113e-01 9.1400e-04 1.8554e-03 -4.8941e-06 0.05748 7.57151e-02 1.71979e-01 3.72240e-01 0.00000e+00
1.153836 1.18183727e-01 1.08999953e-01 2.27183680e-01 5.80914955e-04 1.17134586e+00 2.46401758e+00 2.90829075e-02 9.222924e-01 2.103578e+00 7.608069e+00 4.448183e+00 4.703949e-01 1.0165e-03 2.0409e-03 -1.3619e-05 0.05781 7.62337e-02 1.74113e-01 3.74667e-01 0.00000e+00
1.204003 1.17898006e-01 1.07791290e-01 2.25689297e-01 6.61782896e-04 1.23586328e+00 2.56044303e+00 3.03704505e-02 9.142758e-01 2.071785e+00 8.369841e+00 4.771617e+00 4.822118e-01 1.1324e-03 2.2415e-03 +1.0900e-05 0.05802 7.71623e-02 1.76942e-01 3.78027e-01 0.00000e+00
1.254170 1.17792145e-01 1.06344812e-01 2.24136956e-01 7.49476984e-04 1.30158223e+00 2.65240749e+00 3.16319178e-02 9.028175e-01 2.037833e+00 9.089133e+00 5.123759e+00 3.854477e-01 1.2563e-03 2.4389e-03 +4.3560e-06 0.05781 7.77711e-02 1.78927e-01 3.79829e-01 0.00000e+00
1.304337 1.17783486e-01 1.04757385e-01 2.22540871e-01 8.44253801e-04 1.36796273e+00 2.74317953e+00 3.28891381e-02 8.894064e-01 2.005303e+00 9.813845e+00 5.486896e+00 4.310857e-01 1.3939e-03 2.6514e-03 -1.3159e-05 0.05740 7.82875e-02 1.80527e-01 3.80952e-01 0.00000e+00
1.354503 1.17692636e-01 1.03190081e-01 2.20882717e-01 9.46296945e-04 1.43531176e+00 2.83948858e+00 3.41984027e-02 8.767760e-01 1.978308e+00 1.055340e+01 5.878250e+00 4.446952e-01 1.5500e-03 2.8842e-03 -2.5254e-06 0.05810 7.90270e-02 1.82463e-01 3.82766e-01 0.00000e+00
1.404670 1.17660290e-01 1.01451364e-01 2.19111655e-01 1.05615338e-03 1.50107306e+00 2.93152239e+00 3.54607636e-02 8.622396e-01 1.952951e+00 1.120118e+01 6.239766e+00 4.226735e-01 1.7210e-03 3.1292e-03 -1.1589e-05 0.05892 7.95280e-02 1.83694e-01 3.83685e-01 0.00000e+00
1.454837 1.17536714e-01 9.97064796e-02 2.17243193e-01 1.17412948e-03 1.56611225e+00 3.02648537e+00 3.67407810e-02 8.483007e-01 1.932483e+00 1.181913e+01 6.583604e+00 4.882553e-01 1.9104e-03 3.3916e-03 +6.1487e-07 0.05816 8.01372e-02 1.85058e-01 3.85243e-01 0.00000e+00
1.505004 1.17439028e-01 9.78844284e-02 2.15323456e-01 1.30054720e-03 1.62935409e+00 3.11874719e+00 3.79848102e-02 8.334915e-01 1.914100e+00 1.237740e+01 6.918453e+00 4.020788e-01 2.1126e-03 3.6656e-03 +1.3948e-05 0.05759 8.06036e-02 1.86036e-01 3.86520e-01 0.00000e+00
1.555171 1.17522602e-01 9.58761221e-02 2.13398725e-01 1.43528570e-03 1.68923718e+00 3.19885129e+00 3.91047078e-02 8.158101e-01 1.893666e+00 1.276495e+01 7.198523e+00 4.017491e-01 2.3196e-03 3.9332e-03 -8.1581e-06 0.05694 8.05663e-02 1.85927e-01 3.86320e-01 0.00000e+00
1.605337 1.17553203e-01 9.39105715e-02 2.11463775e-01 1.57826653e-03 1.74688093e+00 3.28163038e+00 4.02280905e-02 7.988772e-01 1.878566e+00 1.312231e+01 7.452749e+00 4.567204e-01 2.5398e-03 4.2100e-03 -5.2135e-06 0.05686 8.06128e-02 1.85952e-01 3.86903e-01 0.00000e+00
1.655504 1.17525158e-01 9.18744912e-02 2.09399650e-01 1.72970227e-03 1.79981345e+00 3.35569670e+00 4.12440812e-02 7.817432e-01 1.864469e+00 1.334545e+01 7.613888e+00 3.989966e-01 2.7606e-03 4.4688e-03 -4.7571e-06 0.05651 8.04533e-02 1.85610e-01 3.87572e-01 0.00000e+00
1.705671 1.17445259e-01 8.97751532e-02 2.07220412e-01 1.88940647e-03 1.84750154e+00 3.42107637e+00 4.21486233e-02 7.644000e-01 1.851731e+00 1.344686e+01 7.680530e+00 4.461745e-01 2.9814e-03 4.7075e-03 -7.2048e-06 0.05611 8.01087e-02 1.84972e-01 3.88613e-01 0.00000e+00
1.755838 1.17289327e-01 8.77270554e-02 2.05016382e-01 2.05746902e-03 1.89158375e+00 3.48322298e+00 4.29984538e-02 7.479543e-01 1.841432e+00 1.350026e+01 7.684139e+00 4.436722e-01 3.2101e-03 4.9346e-03 +1.4927e-05 0.05512 7.98222e-02 1.84581e-01 3.90725e-01 0.00000e+00
1.806005 1.17290382e-01 8.55648983e-02 2.02855281e-01 2.23350038e-03 1.93062247e+00 3.52474016e+00 4.36429010e-02 7.295133e-01 1.825701e+00 1.336117e+01 7.595785e+00 3.708115e-01 3.4294e-03 5.1267e-03 +3.1303e-06 0.05352 7.90420e-02 1.83332e-01 3.91750e-01 0.00000e+00
1.856171 1.17283067e-01 8.33985748e-02 2.00681642e-01 2.41655725e-03 1.96519472e+00 3.55319225e+00 4.41470957e-02 7.110879e-01 1.808061e+00 1.315289e+01 7.447290e+00 4.197633e-01 3.6492e-03 5.3025e-03 -7.8321e-06 0.05267 7.81621e-02 1.82044e-01 3.93166e-01 0.00000e+00
1.906338 1.17155559e-01 8.12715953e-02 1.98427154e-01 2.60646782e-03 1.99587452e+00 3.57147051e+00 4.45387602e-02 6.937067e-01 1.789426e+00 1.288876e+01 7.290399e+00 3.945993e-01 3.8675e-03 5.4606e-03 -2.6562e-07 0.05173 7.73558e-02 1.81132e-01 3.95764e-01 0.00000e+00
1.956505 1.17033462e-01 7.91100825e-02 1.96143544e-01 2.80261466e-03 2.02170076e+00 3.56846790e+00 4.47213493e-02 6.759612e-01 1.765082e+00 1.249211e+01 7.144394e+00 3.931871e-01 4.0668e-03 5.5848e-03 -7.6414e-06 0.05134 7.63730e-02 1.80107e-01 3.98396e-01 0.00000e+00
2.006672 1.16794063e-01 7.70222016e-02 1.93816264e-01 3.00454794e-03 2.04493840e+00 3.55619199e+00 4.48090431e-02 6.594702e-01 1.739022e+00 1.207634e+01 7.069956e+00 4.296859e-01 4.2533e-03 5.7016e-03 +8.2048e-06 0.05014 7.55457e-02 1.79726e-01 4.02209e-01 0.00000e+00
2.056839 1.16579115e-01 7.49383368e-02 1.91517452e-01 3.21193475e-03 2.06521722e+00 3.52443252e+00 4.47171979e-02 6.428110e-01 1.706567e+00 1.165389e+01 7.039741e+00 3.621268e-01 4.4038e-03 5.8018e-03 +1.3666e-05 0.04977 7.46098e-02 1.79372e-01 4.05622e-01 0.00000e+00
2.107005 1.16465919e-01 7.28325003e-02 1.89298419e-01 3.42336562e-03 2.08278808e+00 3.47214024e+00 4.44394266e-02 6.253546e-01 1.667064e+00 1.169748e+01 7.036579e+00 3.785506e-01 4.5009e-03 5.8839e-03 -5.2943e-06 0.04900 7.34358e-02 1.78798e-01 4.07946e-01 0.00000e+00
2.157172 1.16254047e-01 7.08403022e-02 1.87094349e-01 3.63830463e-03 2.09897517e+00 3.41580099e+00 4.41182093e-02 6.093577e-01 1.627366e+00 1.170900e+01 7.084186e+00 4.111020e-01 4.5544e-03 5.9707e-03 -5.2919e-07 0.04864 7.24868e-02 1.79069e-01 4.10998e-01 0.00000e+00
2.207339 1.15999061e-01 6.88691750e-02 1.84868236e-01 3.85651886e-03 2.11208122e+00 3.34772290e+00 4.36784329e-02 5.937046e-01 1.585035e+00 1.169038e+01 7.125556e+00 3.793084e-01 4.5401e-03 6.0431e-03 -3.1483e-06 0.04886 7.14840e-02 1.79602e-01 4.13568e-01 0.00000e+00
2.257506 1.15648090e-01 6.69450238e-02 1.82593114e-01 4.07711200e-03 2.12210282e+00 3.27549744e+00 4.31808021e-02 5.788684e-01 1.543515e+00 1.162647e+01 7.158229e+00 4.220339e-01 4.4682e-03 6.1163e-03 +2.2459e-08 0.04801 7.05688e-02 1.80709e-01 4.16101e-01 0.00000e+00
2.307673 1.15223438e-01 6.51183211e-02 1.80341759e-01 4.29989619e-03 2.13033856e+00 3.20499406e+00 4.26826610e-02 5.651482e-01 1.504453e+00 1.156317e+01 7.199768e+00 4.103358e-01 4.3498e-03 6.1981e-03 +1.7534e-05 0.04853 6.97935e-02 1.82498e-01 4.18583e-01 0.00000e+00
2.357839 1.14952347e-01 6.32950120e-02 1.78247359e-01 4.52360970e-03 2.13639569e+00 3.12799289e+00 4.21151086e-02 5.506196e-01 1.464145e+00 1.141601e+01 7.208337e+00 3.918932e-01 4.1885e-03 6.2738e-03 +2.8246e-06 0.04918 6.88092e-02 1.83780e-01 4.18829e-01 0.00000e+00
2.408006 1.14627694e-01 6.15601733e-02 1.76187867e-01 4.74675491e-03 2.14063204e+00 3.05651086e+00 4.15771432e-02 5.370445e-01 1.427854e+00 1.127844e+01 7.197675e+00 4.301614e-01 4.0106e-03 6.3562e-03 -3.0905e-06 0.04943 6.79822e-02 1.85453e-01 4.18722e-01 0.00000e+00
2.458173 1.14200579e-01 5.98893579e-02 1.74089936e-01 4.96888317e-03 2.14184576e+00 2.99089017e+00 4.10618874e-02 5.244225e-01 1.396408e+00 1.110083e+01 7.157663e+00 4.132315e-01 3.8299e-03 6.4377e-03 +1.0597e-06 0.05032 6.73841e-02 1.87512e-01 4.18485e-01 0.00000e+00
2.508340 1.13738352e-01 5.82371329e-02 1.71975485e-01 5.18880883e-03 2.13986863e+00 2.92815565e+00 4.05441942e-02 5.120272e-01 1.368381e+00 1.091033e+01 7.060445e+00 4.309063e-01 3.6564e-03 6.5222e-03 -3.5232e-06 0.05088 6.69185e-02 1.89397e-01 4.17438e-01 0.00000e+00
2.558506 1.13181539e-01 5.66838646e-02 1.69865403e-01 5.40571209e-03 2.13641112e+00 2.87575107e+00 4.00972976e-02 5.008225e-01 1.346066e+00 1.072499e+01 6.954295e+00 4.555632e-01 3.5095e-03 6.6510e-03 +1.3200e-05 0.05095 6.68759e-02 1.91708e-01 4.16623e-01 0.00000e+00
2.608673 1.12689110e-01 5.51553232e-02 1.67844434e-01 5.61845726e-03 2.13124856e+00 2.82501193e+00 3.96500840e-02 4.894468e-01 1.325520e+00 1.052563e+01 6.813988e+00 4.174866e-01 3.3859e-03 6.8282e-03 +1.2341e-05 0.05147 6.69319e-02 1.93188e-01 4.14501e-01 0.00000e+00
2.658840 1.12255861e-01 5.36523168e-02 1.65908178e-01 5.82498050e-03 2.12454164e+00 2.77653846e+00 3.92086408e-02 4.779467e-01 1.306888e+00 1.034572e+01 6.654135e+00 4.348184e-01 3.2905e-03 7.0667e-03 -3.0484e-06 0.05139 6.70854e-02 1.93850e-01 4.11385e-01 0.00000e+00
2.709007 1.11721912e-01 5.22333205e-02 1.63955232e-01 6.02432799e-03 2.11659334e+00 2.73697173e+00 3.88285205e-02 4.675298e-01 1.293102e+00 1.024525e+01 6.713448e+00 4.524582e-01 3.2274e-03 7.3635e-03 +1.7984e-06 0.05170 6.76384e-02 1.94713e-01 4.08838e-01 0.00000e+00
2.759174 1.11175739e-01 5.08190239e-02 1.61994763e-01 6.21549329e-03 2.10696499e+00 2.69930477e+00 3.84501581e-02 4.571053e-01 1.281134e+00 1.011233e+01 6.870737e+00 4.472329e-01 3.1909e-03 7.6710e-03 -2.1191e-06 0.05253 6.82224e-02 1.94800e-01 4.05648e-01 0.00000e+00
2.809340 1.10530348e-01 4.94516690e-02 1.59982017e-01 6.39738503e-03 2.09575637e+00 2.66696688e+00 3.81017860e-02 4.474035e-01 1.272556e+00 9.950825e+00 7.012601e+00 4.722365e-01 3.1791e-03 7.9678e-03 +5.5962e-06 0.05220 6.89811e-02 1.94822e-01 4.02884e-01 0.00000e+00
2.859507 1.09868028e-01 4.81305488e-02 1.57998577e-01 6.56938093e-03 2.08379097e+00 2.63774949e+00 3.77723237e-02 4.380760e-01 1.265842e+00 9.860974e+00 7.139415e+00 4.535325e-01 3.1868e-03 8.2190e-03 +1.7383e-05 0.05224 6.97010e-02 1.94418e-01 4.00055e-01 0.00000e+00
2.909674 1.09344134e-01 4.68119430e-02 1.56156077e-01 6.73011825e-03 2.07184991e+00 2.60639500e+00 3.74259592e-02 4.281157e-01 1.258004e+00 9.622499e+00 7.245176e+00 4.555153e-01 3.2104e-03 8.4048e-03 +2.2846e-06 0.05180 6.99664e-02 1.92707e-01 3.95870e-01 0.00000e+00
2.959841 1.08768917e-01 4.55573491e-02 1.54326266e-01 6.87867740e-03 2.05978017e+00 2.57947869e+00 3.71140708e-02 4.188453e-01 1.252308e+00 9.321005e+00 7.321384e+00 4.717798e-01 3.2510e-03 8.5353e-03 -2.0047e-07 0.05142 7.01544e-02 1.90952e-01 3.92041e-01 0.00000e+00
3.010008 1.08129429e-01 4.43230979e-02 1.52452527e-01 7.01519047e-03 2.04668962e+00 2.55456932e+00 3.68100715e-02 4.099078e-01 1.248147e+00 8.988373e+00 7.362684e+00 4.727152e-01 3.3054e-03 8.6018e-03 +1.2015e-06 0.05196 7.01658e-02 1.89017e-01 3.88406e-01 0.00000e+00
3.060174 1.07446117e-01 4.30922081e-02 1.50538325e-01 7.13937870e-03 2.03260033e+00 2.52996454e+00 3.65005189e-02 4.010588e-01 1.244694e+00 8.713438e+00 7.384345e+00 4.857190e-01 3.3713e-03 8.6042e-03 +1.0818e-07 0.05155 6.99261e-02 1.86821e-01 3.84806e-01 0.00000e+00
3.110341 1.06698072e-01 4.19234324e-02 1.48621504e-01 7.25160044e-03 2.01845388e+00 2.50982235e+00 3.62262098e-02 3.929165e-01 1.243438e+00 9.373425e+00 7.393311e+00 4.944606e-01 3.4536e-03 8.5486e-03 +1.5895e-05 0.05069 6.96707e-02 1.84968e-01 3.81808e-01 0.00000e+00
3.160508 1.06056156e-01 4.07627490e-02 1.46818905e-01 7.35187868e-03 2.00465069e+00 2.48662969e+00 3.59302430e-02 3.843506e-01 1.240430e+00 9.953323e+00 7.401797e+00 4.715090e-01 3.5456e-03 8.4243e-03 +1.0401e-05 0.05008 6.89536e-02 1.82370e-01 3.77856e-01 0.00000e+00
3.210675 1.05440784e-01 3.96300895e-02 1.45070874e-01 7.44007269e-03 1.99070915e+00 2.46322644e+00 3.56314848e-02 3.758516e-01 1.237361e+00 1.047362e+01 7.423788e+00 4.821428e-01 3.6507e-03 8.2512e-03 -1.1973e-06 0.04910 6.80613e-02 1.79689e-01 3.73751e-01 0.00000e+00
3.260842 1.04733418e-01 3.85409490e-02 1.43274367e-01 7.51683903e-03 1.97603812e+00 2.44266497e+00 3.53496247e-02 3.679909e-01 1.236143e+00 1.094883e+01 7.443981e+00 4.862954e-01 3.7721e-03 8.0514e-03 +2.8071e-06 0.04874 6.73009e-02 1.77636e-01 3.70406e-01 0.00000e+00
3.311008 1.04029761e-01 3.74521504e-02 1.41481911e-01 7.58271096e-03 1.96082237e+00 2.42056285e+00 3.50510818e-02 3.600138e-01 1.234463e+00 1.131439e+01 7.472375e+00 4.948770e-01 3.9023e-03 7.8367e-03 -7.6893e-07 0.04830 6.64471e-02 1.75572e-01 3.66857e-01 0.00000e+00
3.361175 1.03234138e-01 3.64020845e-02 1.39636223e-01 7.63814744e-03 1.94478937e+00 2.40024951e+00 3.47603110e-02 3.526167e-01 1.234195e+00 1.162603e+01 7.511499e+00 5.030367e-01 4.0455e-03 7.6347e-03 +9.7653e-06 0.04719 6.58038e-02 1.74176e-01 3.63956e-01 0.00000e+00
3.411342 1.02464292e-01 3.53799638e-02 1.37844255e-01 7.68374721e-03 1.92820895e+00 2.37825573e+00 3.44517174e-02 3.452907e-01 1.233401e+00 1.184342e+01 7.548567e+00 4.759804e-01 4.1952e-03 7.4534e-03 +1.6243e-05 0.04606 6.51899e-02 1.72891e-01 3.60937e-01 0.00000e+00
3.461509 1.01799938e-01 3.43700622e-02 1.36170001e-01 7.71957825e-03 1.91124448e+00 2.35156983e+00 3.41025145e-02 3.376236e-01 1.230387e+00 1.196250e+01 7.581677e+00 4.681593e-01 4.3413e-03 7.3136e-03 +2.0718e-06 0.04468 6.44551e-02 1.71261e-01 3.57135e-01 0.00000e+00
3.511676 1.01077030e-01 3.34084302e-02 1.34485460e-01 7.74608968e-03 1.89371307e+00 2.32584747e+00 3.37564843e-02 3.305245e-01 1.228194e+00 1.201593e+01 7.599819e+00 4.838879e-01 4.4918e-03 7.2356e-03 +1.5426e-06 0.04378 6.39851e-02 1.70160e-01 3.53739e-01 0.00000e+00
3.561842 1.00318066e-01 3.24588023e-02 1.32776868e-01 7.76387307e-03 1.87502021e+00 2.29808466e+00 3.33848390e-02 3.235589e-01 1.225632e+00 1.199296e+01 7.617335e+00 4.740308e-01 4.6314e-03 7.2240e-03 +1.2159e-06 0.04329 6.36590e-02 1.69230e-01 3.50394e-01 0.00000e+00
3.612009 9.95187637e-02 3.15242237e-02 1.31042987e-01 7.77336460e-03 1.85499825e+00 2.26854130e+00 3.29883164e-02 3.167666e-01 1.222934e+00 1.190429e+01 7.648500e+00 4.838233e-01 4.7582e-03 7.2774e-03 +3.5180e-06 0.04238 6.35260e-02 1.68534e-01 3.47269e-01 0.00000e+00
3.662176 9.86716713e-02 3.06318852e-02 1.29303556e-01 7.77523456e-03 1.83426932e+00 2.23852367e+00 3.25823439e-02 3.104425e-01 1.220390e+00 1.178017e+01 7.668904e+00 4.718371e-01 4.8750e-03 7.3928e-03 +1.6799e-05 0.04093 6.36080e-02 1.68075e-01 3.44406e-01 0.00000e+00
3.712343 9.79514417e-02 2.97555469e-02 1.27706989e-01 7.76983818e-03 1.81334565e+00 2.20281289e+00 3.21292683e-02 3.037785e-01 1.214778e+00 1.159313e+01 7.677347e+00 4.422225e-01 4.9682e-03 7.5468e-03 +8.3326e-06 0.03940 6.35064e-02 1.66846e-01 3.40531e-01 0.00000e+00
3.762510 9.72252792e-02 2.89140376e-02 1.26139317e-01 7.75759805e-03 1.79196443e+00 2.16524894e+00 3.16577070e-02 2.973922e-01 1.208310e+00 1.137368e+01 7.671625e+00 4.547250e-01 5.0449e-03 7.7382e-03 +2.0449e-07 0.03837 6.34536e-02 1.65467e-01 3.36663e-01 0.00000e+00
3.812676 9.64385822e-02 2.81000798e-02 1.24538662e-01 7.73925985e-03 1.76982895e+00 2.12690770e+00 3.11738932e-02 2.913780e-01 1.201759e+00 1.115521e+01 7.654221e+00 4.455779e-01 5.1075e-03 7.9574e-03 +2.7211e-06 0.03772 6.35420e-02 1.64193e-01 3.33355e-01 0.00000e+00
3.862843 9.56574044e-02 2.72962039e-02 1.22953608e-01 7.71540703e-03 1.74715459e+00 2.08559759e+00 3.06620175e-02 2.853538e-01 1.193711e+00 1.090532e+01 7.636433e+00 4.535283e-01 5.1470e-03 8.1846e-03 +5.9149e-07 0.03685 6.35598e-02 1.62574e-01 3.30088e-01 0.00000e+00
3.913010 9.48083218e-02 2.65292290e-02 1.21337551e-01 7.68666420e-03 1.72443496e+00 2.04412233e+00 3.01484583e-02 2.798196e-01 1.185387e+00 1.067109e+01 7.614106e+00 4.620796e-01 5.1791e-03 8.4166e-03 +1.2346e-05 0.03649 6.36339e-02 1.60960e-01 3.27425e-01 0.00000e+00
3.963177 9.40187036e-02 2.57877234e-02 1.19806427e-01 7.65364659e-03 1.70197548e+00 1.99917007e+00 2.96091644e-02 2.742829e-01 1.174617e+00 1.042333e+01 7.595642e+00 4.181379e-01 5.1951e-03 8.6316e-03 +1.4213e-05 0.03710 6.34423e-02 1.58711e-01 3.24539e-01 0.00000e+00
4.013343 9.33109508e-02 2.50687562e-02 1.18379707e-01 7.61689525e-03 1.67986256e+00 1.95055189e+00 2.90433156e-02 2.686582e-01 1.161138e+00 1.017424e+01 7.580715e+00 4.164038e-01 5.1967e-03 8.8205e-03 +1.6135e-06 0.03721 6.29173e-02 1.55794e-01 3.21339e-01 0.00000e+00
4.063510 9.25425220e-02 2.43871276e-02 1.16929650e-01 7.57708640e-03 1.65829946e+00 1.90225872e+00 2.84844654e-02 2.635235e-01 1.147114e+00 9.953265e+00 7.566863e+00 4.350049e-01 5.1960e-03 8.9877e-03 +2.2122e-06 0.03758 6.23074e-02 1.52837e-01 3.18711e-01 0.00000e+00
4.113677 9.17763866e-02 2.37201881e-02 1.15496575e-01 7.53482593e-03 1.63707529e+00 1.85224700e+00 2.79145783e-02 2.584563e-01 1.131437e+00 9.723631e+00 7.552977e+00 4.249177e-01 5.1840e-03 9.1177e-03 +9.7767e-07 0.03823 6.14547e-02 1.49593e-01 3.16195e-01 0.00000e+00
4.163844 9.09687784e-02 2.30760765e-02 1.14044855e-01 7.49068680e-03 1.61620965e+00 1.80188080e+00 2.73447236e-02 2.536703e-01 1.114881e+00 9.509645e+00 7.546988e+00 4.479817e-01 5.1677e-03 9.2114e-03 +6.1932e-06 0.03819 6.04496e-02 1.46361e-01 3.14121e-01 0.00000e+00
4.214011 9.01455999e-02 2.24640710e-02 1.12609671e-01 7.44525020e-03 1.59608339e+00 1.75137309e+00 2.67796518e-02 2.491976e-01 1.097294e+00 9.320982e+00 7.548215e+00 4.209408e-01 5.1502e-03 9.2632e-03 +1.6194e-05 0.03841 5.92272e-02 1.43127e-01 3.12193e-01 0.00000e+00
4.264177 8.94454145e-02 2.18738424e-02 1.11319257e-01 7.39908808e-03 1.57696580e+00 1.69875201e+00 2.62057425e-02 2.445496e-01 1.077228e+00 9.116043e+00 7.547441e+00 4.024629e-01 5.1185e-03 9.2583e-03 +6.3173e-06 0.03869 5.75697e-02 1.39479e-01 3.09397e-01 0.00000e+00
4.314344 8.87207221e-02 2.13153056e-02 1.10036028e-01 7.35277490e-03 1.55875128e+00 1.64752423e+00 2.56502041e-02 2.402517e-01 1.056951e+00 8.927799e+00 7.556485e+00 4.289771e-01 5.0850e-03 9.2130e-03 +8.4572e-07 0.03864 5.57998e-02 1.36117e-01 3.06702e-01 0.00000e+00
4.364511 8.79637633e-02 2.07779168e-02 1.08741680e-01 7.30677400e-03 1.54099981e+00 1.59777748e+00 2.51102183e-02 2.362100e-01 1.036845e+00 8.743627e+00 7.567497e+00 4.224420e-01 5.0479e-03 9.1330e-03 +2.0277e-06 0.03903 5.40433e-02 1.33287e-01 3.04505e-01 0.00000e+00
4.414678 8.72094389e-02 2.02544561e-02 1.07463895e-01 7.26143531e-03 1.52361195e+00 1.54912534e+00 2.45818983e-02 2.322507e-01 1.016745e+00 8.544402e+00 7.592415e+00 4.428148e-01 5.0026e-03 9.0247e-03 +1.9637e-06 0.03904 5.23363e-02 1.30968e-01 3.02763e-01 0.00000e+00
4.464845 8.64042428e-02 1.97603755e-02 1.06164618e-01 7.21702924e-03 1.50703721e+00 1.50353007e+00 2.40845382e-02 2.286968e-01 9.976728e-01 8.360732e+00 7.617358e+00 4.533717e-01 4.9577e-03 8.9119e-03 +1.3452e-05 0.03899 5.08360e-02 1.29398e-01 3.01822e-01 0.00000e+00
4.515011 8.56765356e-02 1.92866206e-02 1.04963156e-01 7.17378979e-03 1.49121784e+00 1.45919870e+00 2.36033323e-02 2.251097e-01 9.785282e-01 8.161984e+00 7.655434e+00 4.133388e-01 4.9028e-03 8.8046e-03 +1.1634e-05 0.03914 4.94625e-02 1.28135e-01 3.00932e-01 0.00000e+00
4.565178 8.50002859e-02 1.88319182e-02 1.03832204e-01 7.13190348e-03 1.47602802e+00 1.41678670e+00 2.31425178e-02 2.215512e-01 9.598644e-01 7.961201e+00 7.694177e+00 4.318521e-01 4.8426e-03 8.7302e-03 +1.0965e-06 0.03897 4.83746e-02 1.27322e-01 3.00382e-01 0.00000e+00
4.615345 8.42662069e-02 1.83985413e-02 1.02664748e-01 7.09140763e-03 1.46144442e+00 1.37776755e+00 2.27136958e-02 2.183383e-01 9.427437e-01 7.772740e+00 7.785052e+00 4.482926e-01 4.7851e-03 8.7137e-03 +1.9325e-06 0.03901 4.77540e-02 1.27258e-01 3.00799e-01 0.00000e+00
4.665512 8.35525114e-02 1.79758447e-02 1.01528356e-01 7.05221373e-03 1.44726151e+00 1.34076753e+00 2.23042323e-02 2.151443e-01 9.264169e-01 7.573901e+00 7.874539e+00 4.562191e-01 4.7254e-03 8.7532e-03 +6.5355e-07 0.03906 4.75368e-02 1.27614e-01 3.01688e-01 0.00000e+00
4.715679 8.27903964e-02 1.75695511e-02 1.00359948e-01 7.01418149e-03 1.43356673e+00 1.30640756e+00 2.19197944e-02 2.122173e-01 9.112987e-01 7.382822e+00 7.957024e+00 4.863243e-01 4.6705e-03 8.8557e-03 +8.0352e-06 0.03888 4.77729e-02 1.28501e-01 3.03315e-01 0.00000e+00
4.765845 8.20428814e-02 1.71790402e-02 9.92219216e-02 6.97716338e-03 1.42049060e+00 1.27371268e+00 2.15536262e-02 2.093910e-01 8.966710e-01 7.198661e+00 8.050436e+00 4.563985e-01 4.6191e-03 9.0077e-03 +1.4496e-05 0.03882 4.83285e-02 1.29620e-01 3.05171e-01 0.00000e+00
4.816012 8.13919539e-02 1.67992780e-02 9.81912319e-02 6.94110471e-03 1.40800971e+00 1.24149817e+00 2.11960630e-02 2.063997e-01 8.817398e-01 7.001197e+00 8.149665e+00 4.500516e-01 4.5657e-03 9.1777e-03 +4.3105e-06 0.03863 4.89884e-02 1.30588e-01 3.06587e-01 0.00000e+00
4.866179 8.07071084e-02 1.64360911e-02 9.71431995e-02 6.90596612e-03 1.39622588e+00 1.21106320e+00 2.08583127e-02 2.036511e-01 8.673834e-01 6.815506e+00 8.273181e+00 4.835275e-01 4.5200e-03 9.3537e-03 +7.9641e-07 0.03845 4.98045e-02 1.31775e-01 3.08207e-01 0.00000e+00
4.916346 8.00088713e-02 1.60820164e-02 9.60908877e-02 6.87164746e-03 1.38481663e+00 1.18121033e+00 2.05282157e-02 2.010029e-01 8.529724e-01 6.625537e+00 8.380191e+00 4.861691e-01 4.4779e-03 9.5085e-03 +1.1360e-06 0.03841 5.06844e-02 1.33154e-01 3.10058e-01 0.00000e+00
4.966513 7.93086247e-02 1.57355833e-02 9.50442081e-02 6.83805859e-03 1.37366286e+00 1.15147315e+00 2.02010881e-02 1.984095e-01 8.382502e-01 6.435526e+00 8.493429e+00 5.157601e-01 4.4385e-03 9.6253e-03 +3.1837e-06 0.03821 5.15523e-02 1.34680e-01 3.12075e-01 0.00000e+00
5.016679 7.85683271e-02 1.54038683e-02 9.39721954e-02 6.80517047e-03 1.36307029e+00 1.12244361e+00 1.98841112e-02 1.960570e-01 8.234672e-01 6.254381e+00 8.618625e+00 5.144457e-01 4.4027e-03 9.6946e-03 +1.3490e-05 0.03798 5.23543e-02 1.36316e-01 3.14175e-01 0.00000e+00
5.066846 7.79162058e-02 1.50817925e-02 9.29979983e-02 6.77308914e-03 1.35298918e+00 1.09290318e+00 1.95671389e-02 1.935643e-01 8.077693e-01 6.059967e+00 8.752898e+00 4.836794e-01 4.3615e-03 9.7021e-03 +9.0898e-06 0.03775 5.28837e-02 1.37570e-01 3.15538e-01 0.00000e+00
5.117013 7.72818930e-02 1.47705060e-02 9.20523990e-02 6.74196171e-03 1.34335295e+00 1.06327724e+00 1.92530415e-02 1.911251e-01 7.915100e-01 5.865262e+00 8.873019e+00 5.108094e-01 4.3184e-03 9.6621e-03 +7.0211e-07 0.03748 5.32590e-02 1.38696e-01 3.16656e-01 0.00000e+00
5.167180 7.66051156e-02 1.44708963e-02 9.10760119e-02 6.71185110e-03 1.33402909e+00 1.03391936e+00 1.89435876e-02 1.889025e-01 7.750351e-01 5.674071e+00 8.982276e+00 5.233518e-01 4.2767e-03 9.5895e-03 +1.3475e-06 0.03730 5.36168e-02 1.39960e-01 3.18020e-01 0.00000e+00
5.217347 7.59488867e-02 1.41800384e-02 9.01289251e-02 6.68279328e-03 1.32491359e+00 1.00439398e+00 1.86344605e-02 1.867050e-01 7.580826e-01 5.466661e+00 9.143201e+00 5.387906e-01 4.2326e-03 9.4899e-03 +9.0938e-07 0.03708 5.39181e-02 1.41185e-01 3.19339e-01 0.00000e+00
5.267513 7.52456568e-02 1.39026307e-02 8.91482874e-02 6.65482121e-03 1.31610655e+00 9.75377530e-01 1.83318726e-02 1.847632e-01 7.411083e-01 5.256001e+00 9.256750e+00 5.613894e-01 4.1904e-03 9.3810e-03 +9.4561e-06 0.03681 5.42419e-02 1.42503e-01 3.20810e-01 0.00000e+00
5.317680 7.45732859e-02 1.36364794e-02 8.82097653e-02 6.62797967e-03 1.30763417e+00 9.46167732e-01 1.80304152e-02 1.828601e-01 7.235722e-01 5.031620e+00 9.376703e+00 5.270804e-01 4.1473e-03 9.2703e-03 +1.2657e-05 0.03649 5.44887e-02 1.43616e-01 3.21994e-01 0.00000e+00
5.367847 7.39719159e-02 1.33794747e-02 8.73513906e-02 6.60234051e-03 1.29941775e+00 9.16603757e-01 1.77281721e-02 1.808724e-01 7.053957e-01 4.784234e+00 9.518125e+00 5.279849e-01 4.1011e-03 9.1637e-03 +2.9535e-06 0.03624 5.46358e-02 1.44411e-01 3.22691e-01 0.00000e+00
5.418014 7.33271106e-02 1.31364229e-02 8.64635335e-02 6.57790502e-03 1.29155733e+00 8.87612688e-01 1.74333601e-02 1.791482e-01 6.872422e-01 4.520189e+00 9.603778e+00 5.542996e-01 4.0576e-03 9.0711e-03 +7.8865e-07 0.03619 5.48346e-02 1.45253e-01 3.23486e-01 0.00000e+00
5.468181 7.26834927e-02 1.29053058e-02 8.55887985e-02 6.55458825e-03 1.28385034e+00 8.58789598e-01 1.71411195e-02 1.775548e-01 6.689172e-01 4.224627e+00 9.723780e+00 5.611971e-01 4.0141e-03 8.9874e-03 +6.7169e-07 0.03577 5.50716e-02 1.46090e-01 3.24307e-01 0.00000e+00
5.518347 7.20257794e-02 1.26865194e-02 8.47122988e-02 6.53224873e-03 1.27629148e+00 8.30161031e-01 1.68516201e-02 1.761386e-01 6.504478e-01 3.993334e+00 9.830725e+00 5.928142e-01 3.9693e-03 8.9059e-03 +4.6718e-06 0.03582 5.53745e-02 1.46985e-01 3.25271e-01 0.00000e+00
5.568514 7.13402672e-02 1.24815842e-02 8.38218515e-02 6.51074362e-03 1.26900225e+00 8.02019095e-01 1.65681708e-02 1.749585e-01 6.320076e-01 4.019523e+00 9.924483e+00 5.786654e-01 3.9208e-03 8.8126e-03 +1.3081e-05 0.03591 5.57222e-02 1.47888e-01 3.26278e-01 0.00000e+00
5.618681 7.07358352e-02 1.22871119e-02 8.30229471e-02 6.48997202e-03 1.26196158e+00 7.74198974e-01 1.62892844e-02 1.737042e-01 6.134885e-01 4.008474e+00 1.003697e+01 5.530324e-01 3.8611e-03 8.6790e-03 +6.9376e-06 0.03586 5.59912e-02 1.48456e-01 3.26733e-01 0.00000e+00
5.668848 7.01211292e-02 1.21057293e-02 8.22268585e-02 6.46982145e-03 1.25515036e+00 7.47224403e-01 1.60189981e-02 1.726403e-01 5.953266e-01 3.970324e+00 1.014599e+01 5.835157e-01 3.7900e-03 8.4894e-03 +4.5009e-07 0.03585 5.63056e-02 1.49012e-01 3.27145e-01 0.00000e+00
5.719014 6.94772354e-02 1.19382734e-02 8.14155088e-02 6.45013192e-03 1.24847355e+00 7.21215313e-01 1.57575109e-02 1.718300e-01 5.776777e-01 3.951234e+00 1.019116e+01 5.991037e-01 3.7067e-03 8.2297e-03 +7.3833e-07 0.03538 5.67419e-02 1.49757e-01 3.27863e-01 0.00000e+00
5.769181 6.88448288e-02 1.17831939e-02 8.06280228e-02 6.43073704e-03 1.24179982e+00 6.96361999e-01 1.55052946e-02 1.711558e-01 5.607683e-01 3.927024e+00 1.029949e+01 6.206570e-01 3.6078e-03 7.8851e-03 +1.4666e-06 0.03502 5.72785e-02 1.50626e-01 3.28752e-01 0.00000e+00
5.819348 6.81664850e-02 1.16430956e-02 7.98095807e-02 6.41150599e-03 1.23518733e+00 6.73220953e-01 1.52672662e-02 1.708038e-01 5.450355e-01 3.883094e+00 1.038738e+01 6.317997e-01 3.4951e-03 7.4571e-03 +1.0151e-05 0.03497 5.79411e-02 1.51705e-01 3.29921e-01 0.00000e+00
5.869515 6.75261941e-02 1.15137225e-02 7.90399166e-02 6.39235471e-03 1.22862881e+00 6.51547336e-01 1.50414091e-02 1.705075e-01 5.303045e-01 3.811937e+00 1.043890e+01 6.019542e-01 3.3669e-03 6.9527e-03 +1.0531e-05 0.03486 5.86256e-02 1.52712e-01 3.30935e-01 0.00000e+00
5.919682 6.69303098e-02 1.13934700e-02 7.83237798e-02 6.37320398e-03 1.22203159e+00 6.31423429e-01 1.48276401e-02 1.702289e-01 5.166998e-01 3.731524e+00 1.052038e+01 6.133087e-01 3.2272e-03 6.3980e-03 +1.7049e-06 0.03486 5.93403e-02 1.53685e-01 3.31848e-01 0.00000e+00
5.969848 6.62857874e-02 1.12861851e-02 7.75719725e-02 6.35395809e-03 1.21533845e+00 6.13291214e-01 1.46290373e-02 1.702655e-01 5.046259e-01 3.659477e+00 1.057264e+01 6.330919e-01 3.0844e-03 5.8309e-03 +2.5764e-07 0.03453 6.01772e-02 1.54905e-01 3.33108e-01 0.00000e+00
6.020015 6.56527683e-02 1.11903367e-02 7.68431050e-02 6.33449085e-03 1.20840683e+00 5.97127235e-01 1.44442725e-02 1.704473e-01 4.941442e-01 3.576741e+00 1.061055e+01 6.419734e-01 2.9447e-03 5.2880e-03 +1.3461e-07 0.03439 6.10798e-02 1.56242e-01 3.34502e-01 0.00000e+00
6.070182 6.49911658e-02 1.11061925e-02 7.60973584e-02 6.31463862e-03 1.20119645e+00 5.82863020e-01 1.42724758e-02 1.708877e-01 4.852354e-01 3.490358e+00 1.065672e+01 6.662634e-01 2.8149e-03 4.8065e-03 +5.6703e-06 0.03452 6.20615e-02 1.57762e-01 3.36154e-01 0.00000e+00
6.120349 6.43193348e-02 1.10314681e-02 7.53508029e-02 6.29421660e-03 1.19373134e+00 5.70225486e-01 1.41116546e-02 1.715109e-01 4.776833e-01 3.395535e+00 1.071478e+01 6.412298e-01 2.7006e-03 4.4123e-03 +1.1713e-05 0.03416 6.30503e-02 1.59311e-01 3.37838e-01 0.00000e+00
6.170516 6.37128864e-02 1.09615814e-02 7.46744678e-02 6.27300704e-03 1.18600582e+00 5.58918852e-01 1.39593974e-02 1.720465e-01 4.712615e-01 3.282647e+00 1.069811e+01 6.165438e-01 2.6057e-03 4.1178e-03 +4.6594e-06 0.03394 6.39240e-02 1.60595e-01 3.39073e-01 0.00000e+00
6.220682 6.30816104e-02 1.09003701e-02 7.39819805e-02 6.25074344e-03 1.17795572e+00 5.49021681e-01 1.38158192e-02 1.727979e-01 4.660801e-01 3.162128e+00 1.071625e+01 6.321513e-01 2.5339e-03 3.9287e-03 -2.7051e-07 0.03395 6.47687e-02 1.61864e-01 3.40246e-01 0.00000e+00
6.270849 6.24338924e-02 1.08483723e-02 7.32822647e-02 6.22711950e-03 1.16952995e+00 5.40325786e-01 1.36788459e-02 1.737577e-01 4.620025e-01 3.049682e+00 1.075798e+01 6.388335e-01 2.4841e-03 3.8349e-03 -2.7497e-07 0.03416 6.56030e-02 1.63182e-01 3.41484e-01 0.00000e+00
6.321016 6.17930423e-02 1.08039518e-02 7.25969941e-02 6.20180689e-03 1.16070870e+00 5.32629998e-01 1.35467095e-02 1.748409e-01 4.588834e-01 2.943136e+00 1.075004e+01 6.504639e-01 2.4531e-03 3.8157e-03 +1.7547e-06 0.03427 6.64073e-02 1.64504e-01 3.42717e-01 0.00000e+00
6.371183 6.11115882e-02 1.07681689e-02 7.18797571e-02 6.17449165e-03 1.15153142e+00 5.25808012e-01 1.34187155e-02 1.762050e-01 4.566163e-01 2.832679e+00 1.073421e+01 6.350947e-01 2.4374e-03 3.8481e-03 +9.8799e-06 0.03405 6.71816e-02 1.65837e-01 3.43945e-01 0.00000e+00
6.421350 6.04780885e-02 1.07350472e-02 7.12131357e-02 6.14487943e-03 1.14208427e+00 5.19396586e-01 1.32918469e-02 1.775031e-01 4.547796e-01 2.931516e+00 1.071255e+01 5.949022e-01 2.4312e-03 3.9067e-03 +7.9760e-06 0.03441 6.78021e-02 1.66861e-01 3.44674e-01 0.00000e+00
6.471516 5.98665313e-02 1.07053236e-02 7.05718550e-02 6.11270214e-03 1.13237056e+00 5.13326219e-01 1.31655742e-02 1.788198e-01 4.533200e-01 3.028780e+00 1.069797e+01 5.967727e-01 2.4297e-03 3.9761e-03 +2.7317e-07 0.03442 6.83253e-02 1.67713e-01 3.45119e-01 0.00000e+00
6.521683 5.92180852e-02 1.06831332e-02 6.99012183e-02 6.07775571e-03 1.12233777e+00 5.07778903e-01 1.30409333e-02 1.804032e-01 4.524297e-01 3.123965e+00 1.065643e+01 6.028934e-01 2.4298e-03 4.0472e-03 -7.7970e-07 0.03435 6.88614e-02 1.68659e-01 3.45690e-01 0.00000e+00
6.571850 5.85864838e-02 1.06664832e-02 6.92529670e-02 6.03989421e-03 1.11202196e+00 5.02696610e-01 1.29177486e-02 1.820639e-01 4.520564e-01 3.171323e+00 1.062094e+01 6.061988e-01 2.4284e-03 4.1107e-03 -4.2600e-07 0.03438 6.93882e-02 1.69619e-01 3.46248e-01 0.00000e+00
6.622017 5.79238042e-02 1.06569446e-02 6.85807488e-02 5.99903124e-03 1.10139629e+00 4.98125323e-01 1.27961729e-02 1.839821e-01 4.522671e-01 3.231560e+00 1.055165e+01 6.099843e-01 2.4241e-03 4.1622e-03 +6.0165e-06 0.03428 6.99557e-02 1.70701e-01 3.46955e-01 0.00000e+00
6.672184 5.72693965e-02 1.06505599e-02 6.79199564e-02 5.95515662e-03 1.09053800e+00 4.93842963e-01 1.26750477e-02 1.859730e-01 4.528434e-01 3.240130e+00 1.050271e+01 5.786727e-01 2.4150e-03 4.1960e-03 +9.7356e-06 0.03441 7.05104e-02 1.71757e-01 3.47608e-01 0.00000e+00
6.722350 5.66703095e-02 1.06430774e-02 6.73133869e-02 5.90831295e-03 1.07945460e+00 4.89747840e-01 1.25536195e-02 1.878069e-01 4.536993e-01 3.272932e+00 1.045535e+01 5.589752e-01 2.4006e-03 4.2092e-03 +2.4521e-06 0.03445 7.10120e-02 1.72666e-01 3.48005e-01 0.00000e+00
6.772517 5.60422645e-02 1.06404648e-02 6.66827292e-02 5.85859881e-03 1.06808327e+00 4.86187295e-01 1.24341646e-02 1.898650e-01 4.551961e-01 3.256352e+00 1.034224e+01 5.695215e-01 2.3821e-03 4.2048e-03 -1.3010e-06 0.03424 7.15824e-02 1.73718e-01 3.48574e-01 0.00000e+00
6.822684 5.54128279e-02 1.06424396e-02 6.60552675e-02 5.80616212e-03 1.05644010e+00 4.83235628e-01 1.23174058e-02 1.920573e-01 4.574189e-01 3.285820e+00 1.026642e+01 5.816205e-01 2.3603e-03 4.1866e-03 -1.3612e-06 0.03404 7.22479e-02 1.74963e-01 3.49414e-01 0.00000e+00
6.872851 5.47866045e-02 1.06485713e-02 6.54351758e-02 5.75118413e-03 1.04449079e+00 4.80938809e-01 1.22034368e-02 1.943645e-01 4.604529e-01 3.289221e+00 1.021250e+01 5.970694e-01 2.3360e-03 4.1575e-03 +2.0073e-06 0.03374 7.30295e-02 1.76445e-01 3.50611e-01 0.00000e+00
6.923018 5.41331060e-02 1.06584973e-02 6.47916033e-02 5.69388049e-03 1.03221141e+00 4.79243023e-01 1.20916355e-02 1.968942e-01 4.642877e-01 3.361583e+00 1.010047e+01 5.803955e-01 2.3097e-03 4.1180e-03 +8.9902e-06 0.03362 7.39065e-02 1.78118e-01 3.52094e-01 0.00000e+00
6.973184 5.35339744e-02 1.06649118e-02 6.41988862e-02 5.63447062e-03 1.01971189e+00 4.77773720e-01 1.19798849e-02 1.992176e-01 4.685380e-01 3.461269e+00 1.000168e+01 5.523848e-01 2.2822e-03 4.0673e-03 +5.4092e-06 0.03361 7.47365e-02 1.79638e-01 3.53373e-01 0.00000e+00
7.023351 5.29404212e-02 1.06711618e-02 6.36115830e-02 5.57318007e-03 1.00692597e+00 4.76688673e-01 1.18689171e-02 2.015693e-01 4.734099e-01 3.653539e+00 9.908405e+00 5.618550e-01 2.2547e-03 4.0109e-03 -1.0510e-06 0.03350 7.55892e-02 1.81184e-01 3.54728e-01 0.00000e+00
7.073518 5.23265493e-02 1.06809797e-02 6.30075290e-02 5.51026606e-03 9.93830757e-01 4.76186352e-01 1.17601369e-02 2.041216e-01 4.791423e-01 3.986134e+00 9.787881e+00 5.800939e-01 2.2280e-03 3.9542e-03 -1.8707e-06 0.03343 7.65434e-02 1.82960e-01 3.56482e-01 0.00000e+00
7.123685 5.17313550e-02 1.06920186e-02 6.24233736e-02 5.44598480e-03 9.80475718e-01 4.76151409e-01 1.16530170e-02 2.066835e-01 4.856330e-01 4.417249e+00 9.676422e+00 5.960793e-01 2.2032e-03 3.8987e-03 -7.5832e-07 0.03341 7.75534e-02 1.84865e-01 3.58503e-01 0.00000e+00
7.173851 5.11080519e-02 1.07062694e-02 6.18143213e-02 5.38058399e-03 9.66823090e-01 4.76563423e-01 1.15470921e-02 2.094830e-01 4.929169e-01 4.810764e+00 9.566628e+00 5.989097e-01 2.1808e-03 3.8454e-03 +6.0454e-06 0.03344 7.86178e-02 1.86909e-01 3.60803e-01 0.00000e+00
7.224018 5.05072473e-02 1.07175259e-02 6.12247733e-02 5.31430797e-03 9.52952649e-01 4.77024618e-01 1.14398181e-02 2.121978e-01 5.005754e-01 5.159664e+00 9.428193e+00 5.739618e-01 2.1606e-03 3.7919e-03 +7.6484e-06 0.03345 7.96161e-02 1.88824e-01 3.63027e-01 0.00000e+00
7.274185 4.99529874e-02 1.07233359e-02 6.06763233e-02 5.24739558e-03 9.38877289e-01 4.77407870e-01 1.13302813e-02 2.146686e-01 5.084880e-01 5.463940e+00 9.291477e+00 5.676438e-01 2.1432e-03 3.7384e-03 +5.6237e-07 0.03341 8.05167e-02 1.90549e-01 3.65088e-01 0.00000e+00
7.324352 4.93703367e-02 1.07306087e-02 6.01009454e-02 5.18009354e-03 9.24579053e-01 4.78013642e-01 1.12207416e-02 2.173493e-01 5.170068e-01 5.731781e+00 9.175035e+00 5.845395e-01 2.1287e-03 3.6886e-03 -2.2836e-06 0.03339 8.14287e-02 1.92346e-01 3.67351e-01 0.00000e+00
7.374519 4.88003177e-02 1.07383633e-02 5.95386809e-02 5.11263737e-03 9.10130783e-01 4.78778862e-01 1.11112772e-02 2.200470e-01 5.260550e-01 5.957373e+00 9.032440e+00 6.033155e-01 2.1170e-03 3.6423e-03 -2.1162e-06 0.03340 8.23371e-02 1.94186e-01 3.69786e-01 0.00000e+00
7.424685 4.82265756e-02 1.07474118e-02 5.89739874e-02 5.04524533e-03 8.95516447e-01 4.79731469e-01 1.10019833e-02 2.228525e-01 5.357037e-01 6.147697e+00 8.865196e+00 6.172849e-01 2.1074e-03 3.5997e-03 +2.3498e-06 0.03335 8.32627e-02 1.96127e-01 3.72476e-01 0.00000e+00
7.474852 4.76431390e-02 1.07555827e-02 5.83987217e-02 4.97813117e-03 8.80749136e-01 4.80703979e-01 1.08916249e-02 2.257530e-01 5.457899e-01 6.312116e+00 8.740010e+00 5.980146e-01 2.0997e-03 3.5590e-03 +7.8442e-06 0.03325 8.41592e-02 1.98059e-01 3.75268e-01 0.00000e+00
7.525019 4.71138206e-02 1.07558394e-02 5.78696600e-02 4.91149044e-03 8.65937159e-01 4.81288037e-01 1.07778016e-02 2.282948e-01 5.558002e-01 6.442705e+00 8.591121e+00 5.761655e-01 2.0936e-03 3.5176e-03 +3.2137e-06 0.03310 8.49028e-02 1.99684e-01 3.77735e-01 0.00000e+00
7.575186 4.65803106e-02 1.07538513e-02 5.73341619e-02 4.84550651e-03 8.51066843e-01 4.81764551e-01 1.06626512e-02 2.308669e-01 5.660713e-01 6.548819e+00 8.431812e+00 5.868116e-01 2.0888e-03 3.4783e-03 -2.1312e-06 0.03295 8.55983e-02 2.01242e-01 3.80198e-01 0.00000e+00
7.625353 4.60392394e-02 1.07526074e-02 5.67918468e-02 4.78035747e-03 8.36167948e-01 4.82353664e-01 1.05481729e-02 2.335531e-01 5.768622e-01 6.632955e+00 8.286892e+00 6.036698e-01 2.0841e-03 3.4417e-03 -2.7537e-06 0.03295 8.63220e-02 2.02916e-01 3.82931e-01 0.00000e+00
7.675519 4.55181508e-02 1.07508034e-02 5.62689541e-02 4.71619357e-03 8.21276312e-01 4.83045338e-01 1.04345732e-02 2.361872e-01 5.881642e-01 6.694537e+00 8.128707e+00 6.190745e-01 2.0791e-03 3.4078e-03 -6.9269e-07 0.03285 8.70701e-02 2.04694e-01 3.85909e-01 0.00000e+00
7.725686 4.49727189e-02 1.07494623e-02 5.57221812e-02 4.65314669e-03 8.06400255e-01 4.83816347e-01 1.03217328e-02 2.390218e-01 5.999705e-01 6.742694e+00 7.964667e+00 6.138177e-01 2.0741e-03 3.3767e-03 +5.9085e-06 0.03264 8.78428e-02 2.06562e-01 3.89099e-01 0.00000e+00
7.775853 4.44612047e-02 1.07412414e-02 5.52024461e-02 4.59133004e-03 7.91627504e-01 4.84228819e-01 1.02068506e-02 2.415868e-01 6.116877e-01 6.772692e+00 7.816684e+00 5.828642e-01 2.0687e-03 3.3443e-03 +5.6471e-06 0.03238 8.85093e-02 2.08211e-01 3.92085e-01 0.00000e+00
7.826020 4.39829442e-02 1.07264136e-02 5.47093579e-02 4.53083785e-03 7.76965904e-01 4.84355928e-01 1.00905747e-02 2.438767e-01 6.233941e-01 6.788673e+00 7.658954e+00 5.774737e-01 2.0625e-03 3.3111e-03 -9.0419e-07 0.03197 8.91013e-02 2.09709e-01 3.94955e-01 0.00000e+00
7.876187 4.34830296e-02 1.07114486e-02 5.41944782e-02 4.47176109e-03 7.62421723e-01 4.84587720e-01 9.97607555e-03 2.463363e-01 6.355901e-01 6.797453e+00 7.502530e+00 5.922926e-01 2.0553e-03 3.2801e-03 -3.0894e-06 0.03187 8.97422e-02 2.11349e-01 3.98097e-01 0.00000e+00
7.926353 4.30031188e-02 1.06953603e-02 5.36984791e-02 4.41416194e-03 7.48076642e-01 4.84887735e-01 9.86371502e-03 2.487113e-01 6.481792e-01 6.791346e+00 7.346746e+00 6.084855e-01 2.0472e-03 3.2514e-03 -2.4928e-06 0.03193 9.04146e-02 2.13092e-01 4.01463e-01 0.00000e+00
7.976520 4.25133669e-02 1.06794428e-02 5.31928097e-02 4.35806947e-03 7.33920075e-01 4.85321247e-01 9.75393057e-03 2.512020e-01 6.612726e-01 6.778617e+00 7.189605e+00 6.147577e-01 2.0382e-03 3.2245e-03 +2.7254e-06 0.03161 9.11397e-02 2.14988e-01 4.05116e-01 0.00000e+00
8.026687 4.20278698e-02 1.06593416e-02 5.26872114e-02 4.30350929e-03 7.19974807e-01 4.85626013e-01 9.64480656e-03 2.536255e-01 6.745042e-01 6.761883e+00 7.046400e+00 5.853862e-01 2.0281e-03 3.1971e-03 +6.6130e-06 0.03111 9.18464e-02 2.16868e-01 4.08824e-01 0.00000e+00
8.076854 4.15923405e-02 1.06299506e-02 5.22222912e-02 4.25049478e-03 7.06296675e-01 4.85515434e-01 9.53449687e-03 2.555747e-01 6.874101e-01 6.735877e+00 6.896451e+00 5.631474e-01 2.0172e-03 3.1679e-03 +1.3819e-06 0.03068 9.24502e-02 2.18523e-01 4.12280e-01 0.00000e+00
8.127021 4.11452990e-02 1.05977876e-02 5.17430866e-02 4.19903164e-03 6.92894726e-01 4.85343993e-01 9.42590975e-03 2.575698e-01 7.004585e-01 6.707901e+00 6.741707e+00 5.757025e-01 2.0056e-03 3.1397e-03 -3.0025e-06 0.03047 9.30571e-02 2.20206e-01 4.15813e-01 0.00000e+00
8.177187 4.07001391e-02 1.05649120e-02 5.12650512e-02 4.14910994e-03 6.79802752e-01 4.85269543e-01 9.32057836e-03 2.595793e-01 7.138387e-01 6.674340e+00 6.594694e+00 5.898374e-01 1.9933e-03 3.1137e-03 -3.3331e-06 0.03042 9.37140e-02 2.22047e-01 4.19605e-01 0.00000e+00
8.227354 4.02714830e-02 1.05309753e-02 5.08024583e-02 4.10069100e-03 6.67020693e-01 4.85327802e-01 9.21878796e-03 2.614996e-01 7.276053e-01 6.636732e+00 6.445760e+00 6.024542e-01 1.9804e-03 3.0900e-03 -3.4173e-07 0.03013 9.44295e-02 2.24071e-01 4.23680e-01 0.00000e+00
8.277521 3.98234979e-02 1.04952349e-02 5.03187328e-02 4.05373511e-03 6.54546669e-01 4.85424021e-01 9.11976551e-03 2.635438e-01 7.416187e-01 6.601777e+00 6.307239e+00 5.886714e-01 1.9671e-03 3.0679e-03 +5.5958e-06 0.02972 9.51770e-02 2.26204e-01 4.27910e-01 0.00000e+00
8.327688 3.94154448e-02 1.04508659e-02 4.98663108e-02 4.00820528e-03 6.42438496e-01 4.85075838e-01 9.02011467e-03 2.651465e-01 7.550541e-01 6.561701e+00 6.170197e+00 5.561812e-01 1.9532e-03 3.0449e-03 +3.8716e-06 0.02922 9.58153e-02 2.28095e-01 4.31821e-01 0.00000e+00
8.377855 3.90247873e-02 1.04002291e-02 4.94250164e-02 3.96406273e-03 6.30686216e-01 4.84450270e-01 8.92109189e-03 2.665032e-01 7.681320e-01 6.520178e+00 6.029064e+00 5.553443e-01 1.9389e-03 3.0225e-03 -2.0002e-06 0.02871 9.63969e-02 2.29876e-01 4.35572e-01 0.00000e+00
8.428021 3.86205207e-02 1.03486591e-02 4.89691798e-02 3.92126910e-03 6.19280226e-01 4.83925758e-01 8.82564787e-03 2.679575e-01 7.814326e-01 6.481943e+00 5.887131e+00 5.696295e-01 1.9242e-03 3.0029e-03 -3.6776e-06 0.02856 9.70302e-02 2.31818e-01 4.39522e-01 0.00000e+00
8.478188 3.82371695e-02 1.02957341e-02 4.85329036e-02 3.87976555e-03 6.08252675e-01 4.83466443e-01 8.73375294e-03 2.692598e-01 7.948447e-01 6.440227e+00 5.755613e+00 5.880985e-01 1.9097e-03 2.9867e-03 -2.4453e-06 0.02854 9.77003e-02 2.33890e-01 4.43627e-01 0.00000e+00
8.528355 3.78394795e-02 1.02421032e-02 4.80815827e-02 3.83948778e-03 5.97589150e-01 4.83071885e-01 8.64528827e-03 2.706724e-01 8.083679e-01 6.400190e+00 5.623197e+00 5.935906e-01 1.8954e-03 2.9739e-03 +3.1392e-06 0.02818 9.84065e-02 2.36084e-01 4.47860e-01 0.00000e+00
8.578522 3.74542138e-02 1.01826389e-02 4.76368528e-02 3.80038703e-03 5.87289392e-01 4.82390922e-01 8.55744251e-03 2.718690e-01 8.213854e-01 6.361561e+00 5.494751e+00 5.562322e-01 1.8808e-03 2.9614e-03 +5.4251e-06 0.02748 9.90447e-02 2.38136e-01 4.51876e-01 0.00000e+00
8.628689 3.71110879e-02 1.01148163e-02 4.72259042e-02 3.76242675e-03 5.77348648e-01 4.81271366e-01 8.46896011e-03 2.725551e-01 8.335888e-01 6.322592e+00 5.372024e+00 5.383344e-01 1.8657e-03 2.9484e-03 -1.1796e-09 0.02691 9.95675e-02 2.39920e-01 4.55502e-01 0.00000e+00
8.678855 3.67510090e-02 1.00446782e-02 4.67956872e-02 3.72557954e-03 5.67766169e-01 4.80092466e-01 8.38286908e-03 2.733171e-01 8.455813e-01 6.287071e+00 5.248513e+00 5.581804e-01 1.8507e-03 2.9379e-03 -3.5434e-06 0.02678 1.00083e-01 2.41707e-01 4.59082e-01 0.00000e+00
8.729022 3.63998409e-02 9.97384500e-03 4.63736859e-02 3.68980718e-03 5.58552767e-01 4.78940651e-01 8.29994734e-03 2.740079e-01 8.574672e-01 6.250027e+00 5.127087e+00 5.757352e-01 1.8362e-03 2.9303e-03 -3.4932e-06 0.02675 1.00612e-01 2.43566e-01 4.62723e-01 0.00000e+00
8.779189 3.60554581e-02 9.90248296e-03 4.59579411e-02 3.65505711e-03 5.49682029e-01 4.77850408e-01 8.22025949e-03 2.746459e-01 8.693215e-01 6.213819e+00 5.008679e+00 5.889950e-01 1.8221e-03 2.9249e-03 +3.1381e-07 0.02639 1.01164e-01 2.45521e-01 4.66461e-01 0.00000e+00
8.829356 3.56991415e-02 9.82841000e-03 4.55275515e-02 3.62129174e-03 5.41131503e-01 4.76669466e-01 8.14240775e-03 2.753122e-01 8.808755e-01 6.182495e+00 4.896672e+00 5.674228e-01 1.8079e-03 2.9203e-03 +5.3091e-06 0.02585 1.01688e-01 2.47433e-01 4.70105e-01 0.00000e+00
8.879522 3.53822230e-02 9.74657861e-03 4.51288016e-02 3.58850117e-03 5.32915443e-01 4.74978983e-01 8.06315540e-03 2.754654e-01 8.912840e-01 6.148903e+00 4.783412e+00 5.378745e-01 1.7934e-03 2.9144e-03 +2.4972e-06 0.02537 1.02054e-01 2.48955e-01 4.73217e-01 0.00000e+00
8.929689 3.50687889e-02 9.66047020e-03 4.47292591e-02 3.55668942e-03 5.25016707e-01 4.73025681e-01 7.98433910e-03 2.754720e-01 9.009726e-01 6.116685e+00 4.670382e+00 5.470333e-01 1.7790e-03 2.9087e-03 -2.6562e-06 0.02502 1.02330e-01 2.50267e-01 4.76026e-01 0.00000e+00
8.979856 3.47470866e-02 9.57409826e-03 4.43211849e-02 3.52584897e-03 5.17421954e-01 4.71106065e-01 7.90822415e-03 2.755367e-01 9.104872e-01 6.086265e+00 4.562031e+00 5.622643e-01 1.7648e-03 2.9044e-03 -3.8547e-06 0.02484 1.02606e-01 2.51617e-01 4.78869e-01 0.00000e+00
9.030023 3.44442018e-02 9.48756232e-03 4.39317641e-02 3.49595365e-03 5.10123301e-01 4.69213384e-01 7.83469348e-03 2.754473e-01 9.198039e-01 6.053807e+00 4.462211e+00 5.828457e-01 1.7513e-03 2.9017e-03 -1.8941e-06 0.02474 1.02880e-01 2.53006e-01 4.81755e-01 0.00000e+00
9.080190 3.41233044e-02 9.40049063e-03 4.35237950e-02 3.46698421e-03 5.03102326e-01 4.67312270e-01 7.76331677e-03 2.754859e-01 9.288613e-01 6.023073e+00 4.363057e+00 5.862123e-01 1.7381e-03 2.9003e-03 +3.6526e-06 0.02442 1.03135e-01 2.54372e-01 4.84588e-01 0.00000e+00
9.130356 3.38203810e-02 9.30824979e-03 4.31286308e-02 3.43894751e-03 4.96353240e-01 4.65007977e-01 7.69088973e-03 2.752260e-01 9.368489e-01 5.990356e+00 4.264344e+00 5.456064e-01 1.7249e-03 2.8978e-03 +4.4759e-06 0.02380 1.03246e-01 2.55385e-01 4.86973e-01 0.00000e+00
9.180523 3.35477341e-02 9.21050732e-03 4.27582414e-02 3.41186709e-03 4.89855687e-01 4.62285411e-01 7.61712879e-03 2.745493e-01 9.437176e-01 5.955435e+00 4.170204e+00 5.338440e-01 1.7115e-03 2.8943e-03 -8.4602e-07 0.02355 1.03205e-01 2.56029e-01 4.88900e-01 0.00000e+00
9.230690 3.32568933e-02 9.11211828e-03 4.23690115e-02 3.38575917e-03 4.83598036e-01 4.59517865e-01 7.54492721e-03 2.739919e-01 9.502062e-01 5.921219e+00 4.077315e+00 5.555626e-01 1.6986e-03 2.8922e-03 -3.6994e-06 0.02350 1.03126e-01 2.56607e-01 4.90739e-01 0.00000e+00
9.280857 3.29783850e-02 9.01423284e-03 4.19926178e-02 3.36062089e-03 4.77589025e-01 4.56716068e-01 7.47444074e-03 2.733376e-01 9.562951e-01 5.880937e+00 3.988243e+00 5.780326e-01 1.6865e-03 2.8919e-03 -3.1617e-06 0.02341 1.03021e-01 2.57156e-01 4.92552e-01 0.00000e+00
9.331024 3.26965979e-02 8.91698370e-03 4.16135816e-02 3.33643780e-03 4.71808494e-01 4.53896766e-01 7.40564207e-03 2.727190e-01 9.620360e-01 5.836511e+00 3.901399e+00 5.913787e-01 1.6749e-03 2.8933e-03 +1.2511e-06 0.02350 1.02895e-01 2.57695e-01 4.94365e-01 0.00000e+00
9.381190 3.24099715e-02 8.81769221e-03 4.12276637e-02 3.31320511e-03 4.66228534e-01 4.50863064e-01 7.33673279e-03 2.720673e-01 9.670431e-01 5.789942e+00 3.815828e+00 5.582400e-01 1.6637e-03 2.8951e-03 +5.1054e-06 0.02353 1.02678e-01 2.58030e-01 4.95943e-01 0.00000e+00
9.431357 3.21589610e-02 8.71333502e-03 4.08722961e-02 3.29094482e-03 4.60846605e-01 4.47322084e-01 7.26534951e-03 2.709458e-01 9.706529e-01 5.735740e+00 3.733064e+00 5.309006e-01 1.6526e-03 2.8961e-03 +1.5421e-06 0.02353 1.02276e-01 2.57901e-01 4.96957e-01 0.00000e+00
9.481524 3.19014222e-02 8.60726870e-03 4.05086909e-02 3.26968422e-03 4.55660076e-01 4.43526067e-01 7.19348915e-03 2.698083e-01 9.733705e-01 5.675355e+00 3.652974e+00 5.488873e-01 1.6420e-03 2.8983e-03 -2.9047e-06 0.02347 1.01773e-01 2.57532e-01 4.97667e-01 0.00000e+00
9.531691 3.16396205e-02 8.50238480e-03 4.01420053e-02 3.24942061e-03 4.50664332e-01 4.39665059e-01 7.12263513e-03 2.687259e-01 9.755932e-01 5.606590e+00 3.575130e+00 5.641626e-01 1.6321e-03 2.9023e-03 -3.6422e-06 0.02340 1.01239e-01 2.57135e-01 4.98359e-01 0.00000e+00
9.581858 3.13921371e-02 8.39895222e-03 3.97910893e-02 3.23012304e-03 4.45846556e-01 4.35755118e-01 7.05281339e-03 2.675496e-01 9.773657e-01 5.528087e+00 3.500940e+00 5.814599e-01 1.6229e-03 2.9079e-03 -9.8285e-07 0.02333 1.00684e-01 2.56741e-01 4.99086e-01 0.00000e+00
9.632024 3.11260298e-02 8.29584672e-03 3.94218766e-02 3.21176280e-03 4.41190744e-01 4.31714373e-01 6.98324093e-03 2.665244e-01 9.785209e-01 5.441869e+00 3.428000e+00 5.752539e-01 1.6142e-03 2.9152e-03 +4.1842e-06 0.02329 1.00078e-01 2.56252e-01 4.99691e-01 0.00000e+00
9.682191 3.08822837e-02 8.18956129e-03 3.90718450e-02 3.19433930e-03 4.36691411e-01 4.27183805e-01 6.91100172e-03 2.651864e-01 9.782281e-01 5.343122e+00 3.355775e+00 5.349930e-01 1.6058e-03 2.9221e-03 +3.7378e-06 0.02339 9.93053e-02 2.55338e-01 4.99756e-01 0.00000e+00
9.732358 3.06552936e-02 8.08100923e-03 3.87363029e-02 3.17786052e-03 4.32337501e-01 4.22239506e-01 6.83661605e-03 2.636089e-01 9.766433e-01 5.232330e+00 3.286272e+00 5.279594e-01 1.5977e-03 2.9293e-03 -1.3231e-06 0.02347 9.83928e-02 2.54077e-01 4.99382e-01 0.00000e+00
9.782525 3.04129008e-02 7.97378331e-03 3.83866841e-02 3.16230316e-03 4.28124183e-01 4.17191568e-01 6.76252601e-03 2.621842e-01 9.744639e-01 5.111068e+00 3.220102e+00 5.453644e-01 1.5903e-03 2.9383e-03 -3.5854e-06 0.02336 9.74481e-02 2.52776e-01 4.98948e-01 0.00000e+00
9.832692 3.01835460e-02 7.86863645e-03 3.80521824e-02 3.14761657e-03 4.24057895e-01 4.12048935e-01 6.68885464e-03 2.606929e-01 9.716808e-01 4.974660e+00 3.156486e+00 5.682360e-01 1.5831e-03 2.9485e-03 -2.4822e-06 0.02312 9.64895e-02 2.51478e-01 4.98503e-01 0.00000e+00
9.882858 2.99440834e-02 7.76527945e-03 3.77093628e-02 3.13374434e-03 4.20125465e-01 4.06802068e-01 6.61542027e-03 2.593260e-01 9.682871e-01 4.825119e+00 3.094877e+00 5.771490e-01 1.5762e-03 2.9603e-03 +2.2340e-06 0.02307 9.55170e-02 2.50172e-01 4.98011e-01 0.00000e+00
9.933025 2.97054058e-02 7.66135081e-03 3.73667566e-02 3.12063758e-03 4.16305465e-01 4.01246851e-01 6.54041853e-03 2.579110e-01 9.638280e-01 4.662981e+00 3.034376e+00 5.334661e-01 1.5696e-03 2.9723e-03 +4.8729e-06 0.02326 9.44556e-02 2.48635e-01 4.97200e-01 0.00000e+00
9.983192 2.94975614e-02 7.55553108e-03 3.70530925e-02 3.10826420e-03 4.12587760e-01 3.95257004e-01 6.46275811e-03 2.561409e-01 9.579950e-01 4.492336e+00 2.974473e+00 5.070654e-01 1.5630e-03 2.9838e-03 +8.6182e-07 0.02336 9.32628e-02 2.46733e-01 4.95888e-01 0.00000e+00
9.999640 2.94276893e-02 7.52086561e-03 3.69485550e-02 3.10436143e-03 4.11391461e-01 3.93240474e-01 6.43705548e-03 2.555711e-01 9.558790e-01 4.439407e+00 2.954898e+00 5.110893e-01 1.5609e-03 2.9877e-03 -7.6203e-07 0.02334 9.28587e-02 2.46071e-01 4.95394e-01 0.00000e+00
