# tg_mhd (CUDA FP64)  tgc_slip_cond_n256_re1000_drive0.1_bdrive0.2  N=256 L=256 Re=1000 Pm=1 u0=0.05 nu_lat=4.058451e-03 eta_lat=4.058451e-03 tau_f=0.512175 tau_m=0.516234 dt=6.159986e-04 fw=profile
# t E_V E_M E_T H_C Omega_V Omega_M eps EM/EV OmM/OmV j_max w_max skew divb/j divb_wall/j mass_drift umax_lat fw1 fw2 fw4 tau_wall
0.000000 1.25003627e-01 1.25000000e-01 2.50003627e-01 1.70766985e-20 3.74991911e-01 1.49969646e+00 3.74937674e-03 9.999710e-01 3.999277e+00 3.463620e+00 1.999874e+00 -3.304066e-19 3.3640e-15 5.0715e-15 +0.0000e+00 0.05000 4.03047e-02 8.08353e-02 1.63020e-01 0.00000e+00
0.250095 1.27831361e-01 1.39044777e-01 2.66876138e-01 7.27150601e-05 4.52547589e-01 1.75394439e+00 4.41298395e-03 1.087720e+00 3.875713e+00 3.801550e+00 2.091830e+00 1.149025e-01 3.0159e-04 4.8399e-05 -3.8164e-06 0.05270 3.53411e-02 7.09687e-02 1.43294e-01 0.00000e+00
0.500191 1.30691347e-01 1.53179607e-01 2.83870954e-01 2.73946945e-04 6.82225036e-01 2.16436091e+00 5.69317189e-03 1.172072e+00 3.172503e+00 4.687271e+00 2.984946e+00 2.012269e-01 4.9767e-04 1.8432e-04 -9.9450e-06 0.05357 3.05125e-02 6.15629e-02 1.24623e-01 0.00000e+00
0.750286 1.33596185e-01 1.66040127e-01 2.99636312e-01 6.47495728e-04 1.06027854e+00 2.80144092e+00 7.72343892e-03 1.242851e+00 2.642174e+00 6.008780e+00 4.375944e+00 3.292595e-01 6.0327e-04 4.9293e-04 -1.1309e-05 0.05662 2.67715e-02 5.47057e-02 1.13553e-01 0.00000e+00
1.000382 1.37485158e-01 1.75851603e-01 3.13336762e-01 1.38638125e-03 1.67154308e+00 3.83185004e+00 1.10067862e-02 1.279059e+00 2.292403e+00 8.086446e+00 5.887796e+00 4.531049e-01 8.6223e-04 1.4259e-03 -4.5513e-06 0.06108 2.43507e-02 5.21870e-02 1.17976e-01 0.00000e+00
1.250477 1.43428523e-01 1.80790383e-01 3.24218906e-01 2.69682833e-03 2.73444104e+00 5.59960981e+00 1.66681017e-02 1.260491e+00 2.047808e+00 1.832258e+01 1.063158e+01 4.997745e-01 2.0445e-03 5.1142e-03 +6.1329e-06 0.06715 2.59759e-02 6.17483e-02 1.42577e-01 0.00000e+00
1.500572 1.50351703e-01 1.81125176e-01 3.31476879e-01 4.66598157e-03 4.44834776e+00 8.84975187e+00 2.65961993e-02 1.204677e+00 1.989447e+00 3.453586e+01 2.042971e+01 5.759900e-01 5.9587e-03 1.0995e-02 +1.3162e-05 0.07224 3.41528e-02 8.10700e-02 1.58005e-01 0.00000e+00
1.750668 1.55857940e-01 1.78714124e-01 3.34572063e-01 7.35425687e-03 6.59541194e+00 1.38888772e+01 4.09685782e-02 1.146648e+00 2.105839e+00 4.482524e+01 2.883331e+01 5.107677e-01 1.0502e-02 1.4597e-02 +1.1411e-05 0.07068 3.70463e-02 8.26643e-02 1.50053e-01 0.00000e+00
2.000763 1.60320186e-01 1.73131131e-01 3.33451317e-01 1.08832101e-02 8.43598235e+00 1.81288549e+01 5.31296745e-02 1.079909e+00 2.148992e+00 5.586579e+01 2.576709e+01 3.832291e-01 1.2651e-02 1.7754e-02 +2.7222e-06 0.07001 3.39158e-02 7.58683e-02 1.52275e-01 0.00000e+00
2.250859 1.65755258e-01 1.63676009e-01 3.29431267e-01 1.50767559e-02 9.81416050e+00 1.93378375e+01 5.83039961e-02 9.874559e-01 1.970402e+00 5.397708e+01 2.813159e+01 3.944811e-01 1.2475e-02 2.1370e-02 -5.7793e-06 0.06382 3.12448e-02 7.37784e-02 2.21426e-01 0.00000e+00
2.500954 1.71497086e-01 1.52631436e-01 3.24128522e-01 1.92241476e-02 1.08923357e+01 1.94981500e+01 6.07809714e-02 8.899943e-01 1.790080e+00 4.996674e+01 2.716190e+01 3.189168e-01 1.1366e-02 2.4033e-02 -7.9165e-06 0.06211 2.79238e-02 1.02354e-01 2.44811e-01 0.00000e+00
2.751050 1.74807919e-01 1.43047342e-01 3.17855261e-01 2.28281445e-02 1.16953304e+01 2.09513318e+01 6.52933243e-02 8.183116e-01 1.791427e+00 5.042959e+01 2.704388e+01 2.565818e-01 1.0429e-02 2.2036e-02 -5.3895e-06 0.06971 4.24684e-02 1.31670e-01 2.45102e-01 0.00000e+00
3.001145 1.75130122e-01 1.34670238e-01 3.09800361e-01 2.57603901e-02 1.22360532e+01 2.33145568e+01 7.11012200e-02 7.689724e-01 1.905398e+00 4.964574e+01 2.747730e+01 1.997675e-01 1.3233e-02 2.0001e-02 -1.0032e-06 0.07474 5.55959e-02 1.31351e-01 2.31625e-01 0.00000e+00
3.251240 1.74721773e-01 1.25246836e-01 2.99968609e-01 2.81623039e-02 1.29037576e+01 2.38966216e+01 7.36007585e-02 7.168359e-01 1.851912e+00 4.331877e+01 2.964683e+01 2.236694e-01 1.5875e-02 2.0130e-02 +9.3337e-07 0.07632 4.89303e-02 1.18759e-01 2.17803e-01 0.00000e+00
3.501336 1.73700861e-01 1.15803753e-01 2.89504614e-01 3.02699250e-02 1.33878359e+01 2.30889277e+01 7.29535272e-02 6.666850e-01 1.724620e+00 5.180994e+01 3.743049e+01 2.730539e-01 1.4833e-02 1.7929e-02 -1.5802e-06 0.07547 4.72326e-02 1.19897e-01 2.19721e-01 0.00000e+00
3.751431 1.71097878e-01 1.07254497e-01 2.78352375e-01 3.25211960e-02 1.33919971e+01 2.23077024e+01 7.13993990e-02 6.268605e-01 1.665749e+00 5.129382e+01 5.203050e+01 3.037433e-01 1.4278e-02 1.6358e-02 -2.7439e-06 0.07163 5.86886e-02 1.34825e-01 2.63581e-01 0.00000e+00
4.001527 1.66996422e-01 9.99616546e-02 2.66958076e-01 3.56639696e-02 1.33068322e+01 2.03687852e+01 6.73512348e-02 5.985856e-01 1.530701e+00 5.051718e+01 3.454643e+01 2.583823e-01 1.3977e-02 1.8284e-02 +2.8080e-07 0.06862 4.98943e-02 1.27597e-01 2.45243e-01 0.00000e+00
4.251622 1.61462472e-01 9.43698489e-02 2.55832321e-01 3.96247162e-02 1.33740218e+01 1.89325752e+01 6.46131941e-02 5.844692e-01 1.415623e+00 4.802759e+01 2.155859e+01 2.255085e-01 1.3708e-02 1.7401e-02 +6.1080e-06 0.06764 6.67797e-02 1.46234e-01 2.51471e-01 0.00000e+00
4.501717 1.53914644e-01 9.09850619e-02 2.44899706e-01 4.33924826e-02 1.34466858e+01 1.84884015e+01 6.38701746e-02 5.911397e-01 1.374941e+00 4.868485e+01 2.066845e+01 2.550013e-01 1.2286e-02 1.7964e-02 +1.0322e-05 0.06622 7.43880e-02 1.54028e-01 2.66977e-01 0.00000e+00
4.751813 1.43677342e-01 9.00903372e-02 2.33767679e-01 4.64529308e-02 1.33545709e+01 1.89224626e+01 6.45540669e-02 6.270323e-01 1.416928e+00 5.473008e+01 2.040405e+01 3.077936e-01 1.4234e-02 2.5997e-02 +6.9303e-06 0.06822 5.77597e-02 1.46027e-01 2.73754e-01 0.00000e+00
5.001908 1.32467325e-01 9.01848657e-02 2.22652191e-01 4.87168945e-02 1.33200100e+01 1.95598470e+01 6.57597140e-02 6.808084e-01 1.468456e+00 6.137110e+01 2.226009e+01 3.248191e-01 1.4220e-02 3.0279e-02 +4.0737e-07 0.06731 5.58122e-02 1.39285e-01 2.64642e-01 0.00000e+00
5.252004 1.22011366e-01 8.93993462e-02 2.11410712e-01 5.02416810e-02 1.32898844e+01 1.97979881e+01 6.61757449e-02 7.327133e-01 1.489704e+00 4.956407e+01 4.511044e+01 3.460857e-01 1.4791e-02 3.3067e-02 -5.8147e-06 0.05943 4.77975e-02 1.25703e-01 2.41010e-01 0.00000e+00
5.502099 1.12775083e-01 8.78968127e-02 2.00671896e-01 5.12535906e-02 1.28851820e+01 1.89006750e+01 6.35717141e-02 7.793992e-01 1.466854e+00 4.677296e+01 3.729304e+01 3.159589e-01 1.6004e-02 2.6646e-02 -9.3441e-06 0.05580 4.37891e-02 1.15018e-01 2.26939e-01 0.00000e+00
5.752195 1.04588529e-01 8.67471242e-02 1.91335654e-01 5.20474521e-02 1.19649344e+01 1.71246119e+01 5.81790926e-02 8.294134e-01 1.431233e+00 4.025528e+01 4.209690e+01 3.591682e-01 1.4308e-02 2.2024e-02 -8.8454e-06 0.06806 4.21014e-02 1.10245e-01 2.21384e-01 0.00000e+00
6.002290 9.83023059e-02 8.52415736e-02 1.83543879e-01 5.26916647e-02 1.08879411e+01 1.60648041e+01 5.39054904e-02 8.671371e-01 1.475468e+00 3.537045e+01 4.574787e+01 2.960146e-01 1.3289e-02 2.0245e-02 -6.2208e-06 0.05889 3.77446e-02 1.02916e-01 2.19748e-01 0.00000e+00
6.252385 9.44129271e-02 8.26206257e-02 1.77033553e-01 5.32287809e-02 9.84403055e+00 1.49606056e+01 4.96092723e-02 8.750987e-01 1.519764e+00 3.477717e+01 3.423680e+01 2.265387e-01 1.2319e-02 1.7952e-02 -4.0162e-06 0.05079 3.41493e-02 9.65676e-02 2.16384e-01 0.00000e+00
6.502481 9.20802895e-02 7.97432697e-02 1.71823559e-01 5.35581497e-02 9.09163156e+00 1.36254532e+01 4.54341696e-02 8.660189e-01 1.498681e+00 2.892457e+01 3.069654e+01 2.198685e-01 1.1317e-02 1.5643e-02 -3.3857e-06 0.04799 3.13100e-02 9.07283e-02 2.04190e-01 0.00000e+00
6.752576 8.98251951e-02 7.80068697e-02 1.67832065e-01 5.37096826e-02 8.39499657e+00 1.23855955e+01 4.15611841e-02 8.684297e-01 1.475354e+00 2.505174e+01 2.277927e+01 2.372410e-01 1.0608e-02 1.5069e-02 -3.0622e-06 0.04719 2.92247e-02 8.40457e-02 1.86635e-01 0.00000e+00
7.002672 8.75482496e-02 7.73436525e-02 1.64891902e-01 5.37425713e-02 7.65911386e+00 1.15612569e+01 3.84407415e-02 8.834403e-01 1.509477e+00 2.700785e+01 1.984552e+01 2.569974e-01 9.8697e-03 1.5532e-02 -1.2754e-06 0.04703 2.78566e-02 7.90417e-02 1.73587e-01 0.00000e+00
7.252767 8.58269740e-02 7.69698817e-02 1.62796856e-01 5.35848419e-02 7.13799421e+00 1.09063077e+01 3.60886038e-02 8.968029e-01 1.527923e+00 2.480867e+01 1.558331e+01 3.181754e-01 9.4653e-03 1.5801e-02 +2.3977e-06 0.04819 2.70183e-02 7.72230e-02 1.66738e-01 0.00000e+00
7.502862 8.45354327e-02 7.66886696e-02 1.61224102e-01 5.31740984e-02 7.01076264e+00 1.04137723e+01 3.48490700e-02 9.071778e-01 1.485398e+00 2.244236e+01 1.782750e+01 3.467363e-01 9.2415e-03 1.7296e-02 +6.5009e-06 0.04868 2.90635e-02 7.80986e-02 1.63099e-01 0.00000e+00
7.752958 8.30946010e-02 7.67890811e-02 1.59883682e-01 5.25129221e-02 6.96307384e+00 1.01689923e+01 3.42641323e-02 9.241164e-01 1.460417e+00 2.115388e+01 1.428291e+01 3.407571e-01 9.3770e-03 1.9447e-02 +8.7126e-06 0.04906 2.76407e-02 7.29762e-02 1.57504e-01 0.00000e+00
8.003053 8.12699893e-02 7.73927494e-02 1.58662739e-01 5.16762576e-02 6.76837588e+00 1.03481759e+01 3.42331036e-02 9.522919e-01 1.528901e+00 1.992746e+01 1.503054e+01 3.226388e-01 9.0882e-03 1.9647e-02 +7.7573e-06 0.05009 2.63544e-02 7.18107e-02 1.59532e-01 0.00000e+00
8.253149 7.98239630e-02 7.76638738e-02 1.57487837e-01 5.07559028e-02 6.53366314e+00 1.07114173e+01 3.44901609e-02 9.729393e-01 1.639420e+00 2.152582e+01 1.487326e+01 3.182768e-01 8.8349e-03 1.8863e-02 +4.7948e-06 0.05012 2.70484e-02 7.37545e-02 1.63301e-01 0.00000e+00
8.503244 7.93871668e-02 7.69863571e-02 1.56373524e-01 4.98808013e-02 6.51563914e+00 1.08056577e+01 3.46425937e-02 9.697582e-01 1.658419e+00 2.415304e+01 1.526906e+01 3.234503e-01 9.0618e-03 1.9876e-02 +1.7647e-06 0.05125 2.63962e-02 7.17240e-02 1.60074e-01 0.00000e+00
8.753340 7.93979075e-02 7.59330562e-02 1.55330964e-01 4.91252526e-02 6.59705440e+00 1.07216217e+01 3.46373523e-02 9.563609e-01 1.625213e+00 2.804394e+01 2.037568e+01 3.357389e-01 9.6187e-03 1.7825e-02 +1.2045e-07 0.05330 2.36047e-02 6.54771e-02 1.49220e-01 0.00000e+00
9.003435 7.94012282e-02 7.49397581e-02 1.54340986e-01 4.84598546e-02 6.60569096e+00 1.05806285e+01 3.43726389e-02 9.438111e-01 1.601744e+00 3.348824e+01 1.769069e+01 2.978669e-01 9.5222e-03 1.5188e-02 +5.2848e-10 0.05565 2.03791e-02 5.85889e-02 1.40846e-01 0.00000e+00
9.253530 7.93005985e-02 7.41444390e-02 1.53445038e-01 4.78892425e-02 6.63711826e+00 1.03953244e+01 3.40648853e-02 9.349796e-01 1.566241e+00 2.518887e+01 1.724966e+01 2.638099e-01 9.4166e-03 1.3394e-02 +4.2628e-07 0.05605 1.83174e-02 5.55314e-02 1.35560e-01 0.00000e+00
9.503626 7.89430992e-02 7.37373763e-02 1.52680475e-01 4.76084425e-02 6.64069633e+00 1.02127139e+01 3.37068204e-02 9.340573e-01 1.537898e+00 2.514922e+01 1.517991e+01 2.229840e-01 9.6876e-03 1.3804e-02 +6.6780e-07 0.05462 1.92458e-02 5.87611e-02 1.35658e-01 0.00000e+00
9.753721 7.84604115e-02 7.36086554e-02 1.52069067e-01 4.77970048e-02 6.54689384e+00 1.01213861e+01 3.33365598e-02 9.381630e-01 1.545983e+00 2.913733e+01 1.694837e+01 2.013118e-01 9.2190e-03 1.4398e-02 +9.4052e-07 0.05349 2.18141e-02 6.30622e-02 1.40342e-01 0.00000e+00
10.003817 7.81972025e-02 7.34450474e-02 1.51642250e-01 4.85299865e-02 6.43480324e+00 9.94825998e+00 3.27661264e-02 9.392286e-01 1.546008e+00 2.227580e+01 1.961811e+01 1.962150e-01 9.2525e-03 1.4289e-02 +1.9538e-06 0.05108 2.35089e-02 6.45780e-02 1.39246e-01 0.00000e+00
10.253912 7.80829412e-02 7.34552458e-02 1.51538187e-01 4.97752119e-02 6.42551388e+00 9.52905333e+00 3.19091344e-02 9.407336e-01 1.483003e+00 2.110387e+01 1.657389e+01 2.256876e-01 9.2738e-03 1.4115e-02 +4.0165e-06 0.05273 2.37449e-02 6.17633e-02 1.32268e-01 0.00000e+00
10.504007 7.77518330e-02 7.40174326e-02 1.51769266e-01 5.14456173e-02 6.33591636e+00 9.18527768e+00 3.10423881e-02 9.519703e-01 1.449716e+00 2.538053e+01 1.532960e+01 2.399352e-01 9.5236e-03 1.4164e-02 +6.6145e-06 0.05340 2.13044e-02 5.52887e-02 1.22185e-01 0.00000e+00
10.754103 7.73314359e-02 7.49353187e-02 1.52266755e-01 5.33774053e-02 6.12286481e+00 9.04375920e+00 3.03332480e-02 9.690150e-01 1.477047e+00 3.090825e+01 1.960323e+01 2.442036e-01 9.3103e-03 1.4323e-02 +8.6000e-06 0.05249 1.77130e-02 4.82255e-02 1.14987e-01 0.00000e+00
11.004198 7.72191916e-02 7.58041324e-02 1.53023324e-01 5.54117739e-02 5.88685211e+00 8.97574791e+00 2.97252000e-02 9.816748e-01 1.524711e+00 3.044616e+01 2.486777e+01 2.273226e-01 9.6209e-03 1.3944e-02 +9.0958e-06 0.05276 1.48812e-02 4.39213e-02 1.09720e-01 0.00000e+00
11.254294 7.78978761e-02 7.62374671e-02 1.54135343e-01 5.74353776e-02 5.77231855e+00 8.88186904e+00 2.93083752e-02 9.786848e-01 1.538700e+00 3.220118e+01 2.410597e+01 1.782976e-01 9.3645e-03 1.3594e-02 +7.9401e-06 0.05379 1.36908e-02 4.30292e-02 1.05573e-01 0.00000e+00
11.504389 7.92980639e-02 7.63200722e-02 1.55618136e-01 5.93855594e-02 5.81500893e+00 8.76570351e+00 2.91614249e-02 9.624456e-01 1.507427e+00 3.093421e+01 1.733705e+01 1.796541e-01 9.8630e-03 1.4767e-02 +5.8604e-06 0.05563 1.41186e-02 4.26904e-02 1.02772e-01 0.00000e+00
11.754485 8.11449821e-02 7.63069176e-02 1.57451900e-01 6.12113601e-02 5.92973256e+00 8.44753801e+00 2.87545411e-02 9.403775e-01 1.424607e+00 2.847748e+01 1.980633e+01 1.741578e-01 9.5544e-03 1.6695e-02 +3.8868e-06 0.05695 1.42830e-02 4.08651e-02 9.98052e-02 0.00000e+00
12.004580 8.29200191e-02 7.66491563e-02 1.59569175e-01 6.29279066e-02 6.01214738e+00 8.30899247e+00 2.86422797e-02 9.243746e-01 1.382034e+00 2.620494e+01 1.895824e+01 1.551805e-01 8.5450e-03 1.7588e-02 +2.6860e-06 0.05804 1.36804e-02 3.86168e-02 9.65195e-02 0.00000e+00
12.254675 8.42952561e-02 7.74450621e-02 1.61740318e-01 6.45518408e-02 6.07707814e+00 8.47897569e+00 2.91121076e-02 9.187357e-01 1.395239e+00 2.432054e+01 1.665061e+01 1.360839e-01 8.6309e-03 1.6445e-02 +2.2684e-06 0.05879 1.30706e-02 3.79561e-02 9.54981e-02 0.00000e+00
12.504771 8.53853852e-02 7.84521552e-02 1.63837540e-01 6.60324690e-02 6.12849676e+00 8.66846809e+00 2.95939297e-02 9.188007e-01 1.414453e+00 2.238156e+01 1.999142e+01 1.254538e-01 8.7659e-03 1.6084e-02 +2.4120e-06 0.05982 1.31338e-02 3.97401e-02 9.80214e-02 0.00000e+00
12.754866 8.63786588e-02 7.95570658e-02 1.65935725e-01 6.73391487e-02 6.18330934e+00 8.62974450e+00 2.96261077e-02 9.210269e-01 1.395651e+00 2.743599e+01 1.900681e+01 1.127044e-01 9.0631e-03 1.4931e-02 +2.9757e-06 0.06143 1.46958e-02 4.36048e-02 1.03360e-01 0.00000e+00
13.004962 8.71386113e-02 8.09758639e-02 1.68114475e-01 6.85237482e-02 6.22204707e+00 8.48780261e+00 2.94196994e-02 9.292765e-01 1.364150e+00 2.405997e+01 1.638112e+01 9.387408e-02 8.9237e-03 1.3929e-02 +4.0540e-06 0.06242 1.59004e-02 4.63157e-02 1.06915e-01 0.00000e+00
13.255057 8.76339678e-02 8.26540689e-02 1.70288037e-01 6.95650192e-02 6.24681950e+00 8.52319807e+00 2.95400351e-02 9.431739e-01 1.364406e+00 2.706852e+01 1.696767e+01 1.245599e-01 8.1177e-03 1.4804e-02 +5.6863e-06 0.06265 1.60658e-02 4.84481e-02 1.11764e-01 0.00000e+00
13.505152 8.79124214e-02 8.43115043e-02 1.72223926e-01 7.04665647e-02 6.29330097e+00 8.69068006e+00 2.99679621e-02 9.590397e-01 1.380941e+00 3.236380e+01 1.684554e+01 1.711652e-01 7.9287e-03 1.4961e-02 +7.5680e-06 0.06150 1.77924e-02 5.18049e-02 1.19280e-01 0.00000e+00
13.755248 8.79660561e-02 8.58183224e-02 1.73784378e-01 7.12002752e-02 6.38066708e+00 8.82392197e+00 3.04091781e-02 9.755845e-01 1.382915e+00 2.594611e+01 1.761185e+01 1.937357e-01 7.4727e-03 1.5138e-02 +8.8818e-06 0.05771 1.84151e-02 5.20720e-02 1.27812e-01 0.00000e+00
14.005343 8.77605909e-02 8.71468231e-02 1.74907414e-01 7.16305080e-02 6.51311126e+00 9.03918030e+00 3.11045831e-02 9.930063e-01 1.387844e+00 2.092255e+01 2.084521e+01 1.958057e-01 7.6812e-03 1.6520e-02 +8.9131e-06 0.05804 1.84588e-02 5.51109e-02 1.40190e-01 0.00000e+00
14.255439 8.70587398e-02 8.84582243e-02 1.75516964e-01 7.16606306e-02 6.63910101e+00 9.36332565e+00 3.20048533e-02 1.016075e+00 1.410330e+00 2.383677e+01 2.294573e+01 1.709236e-01 8.1953e-03 1.6473e-02 +7.6574e-06 0.05924 2.11805e-02 6.55850e-02 1.55650e-01 0.00000e+00
14.505534 8.56890581e-02 8.99172096e-02 1.75606268e-01 7.11881018e-02 6.68087075e+00 9.95061914e+00 3.32629798e-02 1.049343e+00 1.489419e+00 2.725712e+01 2.226081e+01 1.618099e-01 8.2622e-03 1.5997e-02 +5.5972e-06 0.05884 2.42327e-02 7.73303e-02 1.74401e-01 0.00000e+00
14.755629 8.36745215e-02 9.14082564e-02 1.75082778e-01 7.02265475e-02 6.72894900e+00 1.07715488e+01 3.50009955e-02 1.092426e+00 1.600777e+00 3.141470e+01 1.978109e+01 1.706146e-01 8.3748e-03 1.5677e-02 +3.3447e-06 0.05754 2.77279e-02 8.84233e-02 2.01727e-01 0.00000e+00
15.005725 8.11036115e-02 9.28236413e-02 1.73927253e-01 6.89129198e-02 6.89987109e+00 1.14557072e+01 3.67111565e-02 1.144507e+00 1.660278e+00 3.159991e+01 1.781196e+01 2.129309e-01 8.7990e-03 1.6418e-02 +1.4915e-06 0.05583 3.05292e-02 1.03788e-01 2.20060e-01 0.00000e+00
15.255820 7.81088251e-02 9.42805814e-02 1.72389406e-01 6.74454889e-02 7.00247528e+00 1.18139650e+01 3.76328806e-02 1.207041e+00 1.687113e+00 3.073761e+01 1.811507e+01 2.551117e-01 8.8490e-03 1.6575e-02 +3.4372e-07 0.05445 3.95399e-02 1.29553e-01 2.26264e-01 0.00000e+00
15.505916 7.50276550e-02 9.58480544e-02 1.70875709e-01 6.60051203e-02 6.94477129e+00 1.16690193e+01 3.72275812e-02 1.277503e+00 1.680260e+00 3.527346e+01 1.692082e+01 2.792603e-01 8.5656e-03 1.3989e-02 +1.1969e-07 0.05393 5.06026e-02 1.22033e-01 2.10704e-01 0.00000e+00
15.756011 7.23998589e-02 9.74445270e-02 1.69844386e-01 6.47953967e-02 6.85760711e+00 1.11716461e+01 3.60585064e-02 1.345922e+00 1.629088e+00 3.857640e+01 1.705167e+01 2.562303e-01 9.0567e-03 1.4038e-02 +2.3171e-07 0.05442 3.84028e-02 9.62669e-02 1.79861e-01 0.00000e+00
16.006107 7.04916420e-02 9.89337946e-02 1.69425437e-01 6.38457385e-02 6.81781318e+00 1.06368244e+01 3.49092751e-02 1.403483e+00 1.560152e+00 3.132149e+01 1.848853e+01 2.471013e-01 9.4617e-03 1.5104e-02 +4.0070e-07 0.05425 2.98107e-02 7.96757e-02 1.58840e-01 0.00000e+00
16.256202 6.93125908e-02 1.00375525e-01 1.69688116e-01 6.31003674e-02 6.70079222e+00 1.00448403e+01 3.34912651e-02 1.448157e+00 1.499053e+00 3.212268e+01 1.873724e+01 2.796522e-01 9.3559e-03 1.5414e-02 +8.5714e-07 0.05251 2.53635e-02 6.93484e-02 1.46098e-01 0.00000e+00
16.506297 6.87369740e-02 1.01999437e-01 1.70736411e-01 6.24677201e-02 6.46879155e+00 9.51379615e+00 3.19651754e-02 1.483909e+00 1.470722e+00 3.661977e+01 1.709985e+01 2.824882e-01 1.0759e-02 1.5838e-02 +1.9743e-06 0.05045 2.30033e-02 6.31940e-02 1.38326e-01 0.00000e+00
16.756393 6.86634984e-02 1.03984945e-01 1.72648444e-01 6.18883677e-02 6.15401707e+00 9.34128936e+00 3.09906129e-02 1.514414e+00 1.517917e+00 3.509792e+01 1.674434e+01 2.719930e-01 1.0249e-02 1.4318e-02 +3.5726e-06 0.05014 2.15320e-02 6.00480e-02 1.34615e-01 0.00000e+00
17.006488 6.90512188e-02 1.06166400e-01 1.75217619e-01 6.14247609e-02 6.01487825e+00 9.58220660e+00 3.11941697e-02 1.537502e+00 1.593084e+00 2.962754e+01 1.631856e+01 2.953860e-01 9.6996e-03 1.2299e-02 +4.8972e-06 0.05078 2.06290e-02 5.84089e-02 1.33210e-01 0.00000e+00
17.256584 6.95550350e-02 1.08605950e-01 1.78160985e-01 6.10974313e-02 6.06991212e+00 9.84749397e+00 3.18348122e-02 1.561439e+00 1.622345e+00 2.619273e+01 1.576314e+01 3.261458e-01 9.3109e-03 1.1986e-02 +5.4275e-06 0.04983 2.05471e-02 5.89936e-02 1.36539e-01 0.00000e+00
17.506679 7.00320228e-02 1.11308272e-01 1.81340295e-01 6.08418652e-02 6.25405122e+00 1.01457378e+01 3.27995780e-02 1.589391e+00 1.622266e+00 2.909900e+01 1.664698e+01 3.327294e-01 8.8820e-03 1.2437e-02 +5.1156e-06 0.04825 2.23984e-02 6.38257e-02 1.46445e-01 0.00000e+00
17.756774 7.04318680e-02 1.14158581e-01 1.84590449e-01 6.05679333e-02 6.54351948e+00 1.05416742e+01 3.41703873e-02 1.620837e+00 1.611010e+00 2.657628e+01 1.707039e+01 3.148842e-01 8.1681e-03 1.2379e-02 +4.2697e-06 0.04772 2.59994e-02 7.03547e-02 1.54442e-01 0.00000e+00
18.006870 7.04571196e-02 1.17332997e-01 1.87790117e-01 6.01901247e-02 6.76348342e+00 1.10260070e+01 3.55789808e-02 1.665311e+00 1.630226e+00 2.286070e+01 1.797916e+01 3.254452e-01 7.9860e-03 1.3334e-02 +3.0885e-06 0.04850 2.66206e-02 7.01525e-02 1.49630e-01 0.00000e+00
18.256965 7.01941112e-02 1.20650288e-01 1.90844399e-01 5.97051402e-02 6.86049986e+00 1.15235759e+01 3.67681516e-02 1.718809e+00 1.679699e+00 2.499079e+01 1.918683e+01 3.400705e-01 8.4812e-03 1.6749e-02 +1.7924e-06 0.05033 2.35352e-02 6.43520e-02 1.38852e-01 0.00000e+00
18.507061 7.02343474e-02 1.23371039e-01 1.93605386e-01 5.92660346e-02 6.92105388e+00 1.19736334e+01 3.77893746e-02 1.756563e+00 1.730030e+00 2.542858e+01 1.867243e+01 2.927293e-01 8.7217e-03 1.5406e-02 +8.7732e-07 0.05045 2.00177e-02 5.84972e-02 1.30229e-01 0.00000e+00
18.757156 7.08637888e-02 1.25079330e-01 1.95943119e-01 5.91367899e-02 6.99381473e+00 1.22683437e+01 3.85243168e-02 1.765067e+00 1.754171e+00 2.720699e+01 1.762130e+01 2.393724e-01 8.7729e-03 1.3475e-02 +5.1875e-07 0.05026 1.77164e-02 5.59814e-02 1.39546e-01 0.00000e+00
19.007252 7.16216547e-02 1.26076785e-01 1.97698440e-01 5.95655245e-02 7.06778360e+00 1.23724845e+01 3.88805363e-02 1.760317e+00 1.750547e+00 2.872179e+01 1.528032e+01 2.323516e-01 8.8882e-03 1.3445e-02 +5.3676e-07 0.05032 1.73605e-02 5.89223e-02 1.65387e-01 0.00000e+00
19.257347 7.19509595e-02 1.26899976e-01 1.98850935e-01 6.06699459e-02 7.08355402e+00 1.25096781e+01 3.91864642e-02 1.763701e+00 1.766017e+00 2.956798e+01 1.565519e+01 2.408787e-01 7.9430e-03 1.4248e-02 +7.5776e-07 0.05119 1.87483e-02 7.38221e-02 1.86737e-01 0.00000e+00
19.507442 7.16462246e-02 1.27749618e-01 1.99395842e-01 6.23094948e-02 7.06916988e+00 1.28744736e+01 3.98872869e-02 1.783061e+00 1.821214e+00 3.297899e+01 1.674612e+01 2.724039e-01 7.4980e-03 1.4809e-02 +1.2603e-06 0.05398 2.90725e-02 9.90418e-02 2.03028e-01 0.00000e+00
19.757538 7.08388116e-02 1.28520507e-01 1.99359319e-01 6.43102277e-02 7.08425121e+00 1.30270334e+01 4.02225691e-02 1.814267e+00 1.838872e+00 3.959764e+01 1.661627e+01 3.127606e-01 7.8517e-03 1.6061e-02 +2.2628e-06 0.05559 4.63785e-02 1.10284e-01 2.10566e-01 0.00000e+00
20.007633 6.97257250e-02 1.29299900e-01 1.99025625e-01 6.66358911e-02 7.03064025e+00 1.27462035e+01 3.95536876e-02 1.854407e+00 1.812951e+00 3.373342e+01 1.624954e+01 3.297601e-01 7.6666e-03 1.6316e-02 +3.5459e-06 0.05592 4.11244e-02 1.00790e-01 1.94065e-01 0.00000e+00
20.257729 6.87248235e-02 1.29993788e-01 1.98718612e-01 6.93486839e-02 6.86639089e+00 1.24771127e+01 3.86870072e-02 1.891511e+00 1.817128e+00 3.541792e+01 1.664017e+01 3.065314e-01 7.4661e-03 1.5439e-02 +4.0073e-06 0.05653 3.23790e-02 9.21861e-02 1.79355e-01 0.00000e+00
20.507824 6.80181848e-02 1.30499920e-01 1.98518105e-01 7.23838764e-02 6.63305188e+00 1.22130923e+01 3.76922884e-02 1.918603e+00 1.841248e+00 3.345529e+01 1.584906e+01 2.677889e-01 7.8223e-03 1.4897e-02 +3.5227e-06 0.05606 3.76737e-02 9.68123e-02 1.82432e-01 0.00000e+00
20.757919 6.74929485e-02 1.31092791e-01 1.98585740e-01 7.55457215e-02 6.37698208e+00 1.17250915e+01 3.62041471e-02 1.942318e+00 1.838658e+00 3.039204e+01 1.584114e+01 2.319570e-01 7.8551e-03 1.4658e-02 +2.8806e-06 0.05488 4.30450e-02 9.94842e-02 1.84007e-01 0.00000e+00
21.008015 6.69916283e-02 1.32156394e-01 1.99148023e-01 7.87233531e-02 6.10768470e+00 1.11889212e+01 3.45932117e-02 1.972730e+00 1.831942e+00 2.513631e+01 1.448612e+01 2.227096e-01 7.3930e-03 1.3880e-02 +2.3463e-06 0.05523 3.87629e-02 9.17450e-02 1.72330e-01 0.00000e+00
21.258110 6.64554404e-02 1.33801665e-01 2.00257105e-01 8.18914620e-02 5.84511952e+00 1.09417007e+01 3.35736404e-02 2.013404e+00 1.871938e+00 3.647779e+01 1.312712e+01 1.970523e-01 6.7230e-03 1.3712e-02 +1.7788e-06 0.05550 3.25179e-02 7.98513e-02 1.57362e-01 0.00000e+00
21.508206 6.60240655e-02 1.35719421e-01 2.01743486e-01 8.50454205e-02 5.70028028e+00 1.09881395e+01 3.33768395e-02 2.055605e+00 1.927649e+00 4.456403e+01 1.573337e+01 2.111102e-01 6.7064e-03 1.3992e-02 +1.3339e-06 0.05571 2.79198e-02 6.99989e-02 1.44290e-01 0.00000e+00
21.758301 6.56192663e-02 1.37747803e-01 2.03367069e-01 8.81789402e-02 5.68673701e+00 1.12363581e+01 3.38461902e-02 2.099198e+00 1.975888e+00 4.778319e+01 1.777325e+01 2.680322e-01 7.0962e-03 1.4956e-02 +1.1918e-06 0.05530 2.51142e-02 6.57259e-02 1.36065e-01 0.00000e+00
22.008397 6.53576654e-02 1.39633682e-01 2.04991347e-01 9.12768093e-02 5.70248178e+00 1.14161927e+01 3.42373490e-02 2.136455e+00 2.001969e+00 4.659048e+01 1.667376e+01 2.487360e-01 7.7599e-03 1.6743e-02 +1.5286e-06 0.05507 2.44534e-02 6.37442e-02 1.35983e-01 0.00000e+00
22.258492 6.54892043e-02 1.41159807e-01 2.06649011e-01 9.43244508e-02 5.67531408e+00 1.13121231e+01 3.39748744e-02 2.155467e+00 1.993215e+00 4.349130e+01 1.756444e+01 1.423423e-01 7.9920e-03 1.7440e-02 +2.2900e-06 0.05534 2.39048e-02 6.35683e-02 1.40959e-01 0.00000e+00
22.508587 6.61042258e-02 1.42371597e-01 2.08475822e-01 9.72545754e-02 5.50722995e+00 1.10701870e+01 3.31548340e-02 2.153744e+00 2.010119e+00 3.943543e+01 1.748013e+01 6.414013e-02 7.2702e-03 1.6972e-02 +3.3073e-06 0.05495 2.45495e-02 6.70107e-02 1.43271e-01 0.00000e+00
22.758683 6.73000361e-02 1.43263367e-01 2.10563403e-01 9.99983964e-02 5.31645566e+00 1.09065168e+01 3.24459450e-02 2.128726e+00 2.051464e+00 3.480028e+01 1.622770e+01 6.576792e-02 6.6706e-03 1.6554e-02 +4.2994e-06 0.05363 2.67203e-02 7.03113e-02 1.41392e-01 0.00000e+00
23.008778 6.89038066e-02 1.43970230e-01 2.12874037e-01 1.02441339e-01 5.26676113e+00 1.09088821e+01 3.23512865e-02 2.089438e+00 2.071270e+00 3.096074e+01 1.567178e+01 9.997978e-02 6.5802e-03 1.6384e-02 +5.1145e-06 0.05208 2.78978e-02 6.89481e-02 1.36706e-01 0.00000e+00
23.258874 7.03548612e-02 1.44937817e-01 2.15292678e-01 1.04418768e-01 5.34205762e+00 1.11414036e+01 3.29669225e-02 2.060097e+00 2.085602e+00 2.932334e+01 1.607341e+01 7.817705e-02 6.8107e-03 1.6258e-02 +5.5394e-06 0.05202 2.58773e-02 6.48947e-02 1.32442e-01 0.00000e+00
23.508969 7.11666039e-02 1.46509728e-01 2.17676332e-01 1.05877727e-01 5.41852941e+00 1.16702163e+01 3.41774913e-02 2.058687e+00 2.153761e+00 3.318953e+01 1.713690e+01 5.436404e-02 7.4791e-03 1.5999e-02 +5.4661e-06 0.05089 2.38168e-02 6.32426e-02 1.29772e-01 0.00000e+00
23.759064 7.14849849e-02 1.48451457e-01 2.19936442e-01 1.06912773e-01 5.50934169e+00 1.22200277e+01 3.54587387e-02 2.076680e+00 2.218056e+00 4.114126e+01 1.804015e+01 1.023447e-01 8.4746e-03 1.5236e-02 +4.8770e-06 0.05071 2.24062e-02 6.12366e-02 1.24220e-01 0.00000e+00
24.009160 7.16728965e-02 1.50478008e-01 2.22150904e-01 1.07648792e-01 5.64561739e+00 1.24752888e+01 3.62418124e-02 2.099511e+00 2.209730e+00 4.907311e+01 2.078543e+01 1.474278e-01 9.0217e-03 1.4273e-02 +3.6659e-06 0.05196 2.00794e-02 5.91927e-02 1.18487e-01 0.00000e+00
24.259255 7.18750790e-02 1.52590007e-01 2.24465086e-01 1.08167817e-01 5.78440533e+00 1.24289357e+01 3.64266821e-02 2.122989e+00 2.148697e+00 5.021999e+01 2.010807e+01 1.651187e-01 9.1961e-03 1.3867e-02 +2.1164e-06 0.05457 1.97114e-02 6.04267e-02 1.16931e-01 0.00000e+00
24.509351 7.20083086e-02 1.55003766e-01 2.27012075e-01 1.08499363e-01 5.82829968e+00 1.22100299e+01 3.60766592e-02 2.152582e+00 2.094956e+00 3.945175e+01 2.189005e+01 1.691239e-01 8.4724e-03 1.5149e-02 +7.1551e-07 0.05397 2.10724e-02 6.26360e-02 1.17559e-01 0.00000e+00
24.759446 7.19639609e-02 1.57859230e-01 2.29823191e-01 1.08623937e-01 5.82209842e+00 1.21217078e+01 3.58876124e-02 2.193587e+00 2.082017e+00 3.745335e+01 2.164631e+01 1.807725e-01 7.7554e-03 1.5472e-02 -2.0859e-07 0.05335 2.15668e-02 6.24882e-02 1.16788e-01 0.00000e+00
25.009542 7.15467340e-02 1.61290240e-01 2.32836974e-01 1.08541574e-01 5.80485727e+00 1.20970724e+01 3.58038593e-02 2.254334e+00 2.083957e+00 3.431274e+01 2.163183e+01 1.851552e-01 7.9344e-03 1.4720e-02 -5.1458e-07 0.05161 2.10816e-02 6.02980e-02 1.14512e-01 0.00000e+00
25.259637 7.03968520e-02 1.65724152e-01 2.36121004e-01 1.08339038e-01 5.74264369e+00 1.19503991e+01 3.53860856e-02 2.354142e+00 2.080993e+00 2.968818e+01 1.974281e+01 1.807363e-01 6.8903e-03 1.4646e-02 -2.2786e-07 0.05158 2.01181e-02 5.74623e-02 1.12512e-01 0.00000e+00
25.509732 6.84002571e-02 1.71370735e-01 2.39770992e-01 1.08025830e-01 5.65577236e+00 1.18533180e+01 3.50181808e-02 2.505411e+00 2.095791e+00 2.585916e+01 1.623508e+01 1.839306e-01 6.0177e-03 1.4746e-02 +5.0015e-07 0.05085 1.88146e-02 5.48128e-02 1.10308e-01 0.00000e+00
25.759828 6.60230151e-02 1.77703402e-01 2.43726417e-01 1.07556533e-01 5.61099045e+00 1.19560632e+01 3.51341074e-02 2.691537e+00 2.130829e+00 2.554516e+01 1.509415e+01 1.896049e-01 5.7655e-03 1.4126e-02 +1.4592e-06 0.04868 1.74107e-02 5.20993e-02 1.06628e-01 0.00000e+00
26.009923 6.39063018e-02 1.84030289e-01 2.47936591e-01 1.06991040e-01 5.62431973e+00 1.19533132e+01 3.51552659e-02 2.879689e+00 2.125290e+00 2.523116e+01 1.354373e+01 1.652241e-01 5.9179e-03 1.3457e-02 +2.4132e-06 0.04809 1.60464e-02 4.90221e-02 1.02662e-01 0.00000e+00
26.260019 6.22487793e-02 1.90269306e-01 2.52518086e-01 1.06378470e-01 5.62206708e+00 1.17460422e+01 3.47362185e-02 3.056595e+00 2.089275e+00 2.543854e+01 1.284620e+01 1.213409e-01 5.9033e-03 1.3068e-02 +3.1470e-06 0.04886 1.48709e-02 4.60027e-02 1.00603e-01 0.00000e+00
26.510114 6.10504439e-02 1.96513700e-01 2.57564144e-01 1.05672437e-01 5.63530204e+00 1.14850829e+01 3.42407699e-02 3.218874e+00 2.038060e+00 2.910114e+01 1.391500e+01 9.652133e-02 5.5589e-03 1.3240e-02 +3.5296e-06 0.05004 1.40200e-02 4.37253e-02 1.01096e-01 0.00000e+00
26.760209 6.04750328e-02 2.02555509e-01 2.63030542e-01 1.04853682e-01 5.62109727e+00 1.12094275e+01 3.36610494e-02 3.349407e+00 1.994171e+00 2.866051e+01 1.442763e+01 9.361326e-02 5.5619e-03 1.3423e-02 +3.6365e-06 0.04996 1.40549e-02 4.37961e-02 1.05418e-01 0.00000e+00
27.010305 6.05411540e-02 2.08321758e-01 2.68862912e-01 1.04052209e-01 5.46918167e+00 1.09311567e+01 3.28006768e-02 3.440994e+00 1.998682e+00 2.442338e+01 1.581087e+01 1.404806e-01 5.6606e-03 1.3691e-02 +3.6241e-06 0.04623 1.55446e-02 4.73607e-02 1.13884e-01 0.00000e+00
27.260400 6.13644937e-02 2.13650362e-01 2.75014856e-01 1.03454873e-01 5.27968074e+00 1.06774886e+01 3.19143386e-02 3.481661e+00 2.022374e+00 2.090072e+01 1.631832e+01 2.304040e-01 5.7277e-03 1.3950e-02 +3.6124e-06 0.04055 1.78798e-02 5.23500e-02 1.24530e-01 0.00000e+00
27.510496 6.28410096e-02 2.18546599e-01 2.81387608e-01 1.03152645e-01 5.12062193e+00 1.04198341e+01 3.10809120e-02 3.477770e+00 2.034877e+00 2.065069e+01 1.573288e+01 2.920722e-01 5.8153e-03 1.3450e-02 +3.6482e-06 0.03962 1.92885e-02 5.62902e-02 1.33337e-01 0.00000e+00
27.760591 6.46182216e-02 2.23230513e-01 2.87848735e-01 1.03126931e-01 4.97488325e+00 1.02157454e+01 3.03812573e-02 3.454606e+00 2.053464e+00 2.005305e+01 1.481120e+01 3.003300e-01 5.4811e-03 1.3448e-02 +3.7632e-06 0.03990 1.94152e-02 5.85280e-02 1.35791e-01 0.00000e+00
28.010686 6.65114552e-02 2.27662345e-01 2.94173800e-01 1.03283382e-01 4.88203040e+00 1.01917139e+01 3.01474887e-02 3.422904e+00 2.087597e+00 1.919525e+01 1.458975e+01 2.913201e-01 5.2503e-03 1.4085e-02 +4.0406e-06 0.04100 1.91535e-02 5.86966e-02 1.34948e-01 0.00000e+00
28.260782 6.85022379e-02 2.31556760e-01 3.00058998e-01 1.03547666e-01 4.91065541e+00 1.03910251e+01 3.06033610e-02 3.380280e+00 2.116016e+00 1.872551e+01 1.383297e+01 2.679514e-01 5.0917e-03 1.3913e-02 +4.5519e-06 0.04232 1.89564e-02 5.90504e-02 1.35260e-01 0.00000e+00
28.510877 7.04301099e-02 2.34789607e-01 3.05219717e-01 1.03880423e-01 5.01735433e+00 1.08108308e+01 3.16563703e-02 3.333654e+00 2.154688e+00 1.988421e+01 1.139968e+01 2.454924e-01 5.1774e-03 1.4865e-02 +5.3211e-06 0.04399 2.04695e-02 6.18978e-02 1.35278e-01 0.00000e+00
28.760973 7.22316405e-02 2.37242947e-01 3.09474588e-01 1.04209089e-01 5.20122720e+00 1.12733857e+01 3.29492258e-02 3.284474e+00 2.167447e+00 2.093497e+01 1.239922e+01 2.311114e-01 5.3107e-03 1.5717e-02 +6.3358e-06 0.04556 2.21638e-02 6.33091e-02 1.32560e-01 0.00000e+00
29.011068 7.39157818e-02 2.38871993e-01 3.12787775e-01 1.04399698e-01 5.39432479e+00 1.16468356e+01 3.40823208e-02 3.231678e+00 2.159091e+00 2.165314e+01 1.355372e+01 1.956487e-01 5.3930e-03 1.5734e-02 +7.4573e-06 0.04616 2.20074e-02 6.19100e-02 1.29348e-01 0.00000e+00
29.261164 7.53578993e-02 2.39900171e-01 3.15258070e-01 1.04351328e-01 5.49671016e+00 1.19423658e+01 3.48781519e-02 3.183477e+00 2.172639e+00 2.154034e+01 1.317978e+01 1.471940e-01 5.4609e-03 1.4969e-02 +8.4295e-06 0.04577 2.08689e-02 6.06208e-02 1.30768e-01 0.00000e+00
29.511259 7.64421848e-02 2.40626069e-01 3.17068254e-01 1.04057136e-01 5.50290736e+00 1.22262677e+01 3.54583502e-02 3.147818e+00 2.221783e+00 1.943535e+01 1.252448e+01 1.045185e-01 5.5723e-03 1.4118e-02 +9.0035e-06 0.04418 1.98802e-02 6.03254e-02 1.34811e-01 0.00000e+00
29.761354 7.71789838e-02 2.41274631e-01 3.18453615e-01 1.03548898e-01 5.45572322e+00 1.24403617e+01 3.57921699e-02 3.126170e+00 2.280241e+00 1.926993e+01 1.336274e+01 8.097093e-02 5.7662e-03 1.3428e-02 +9.0725e-06 0.04283 1.92171e-02 6.04018e-02 1.38017e-01 0.00000e+00
30.011450 7.75481961e-02 2.42174571e-01 3.19722767e-01 1.02858823e-01 5.36311172e+00 1.25642065e+01 3.58546365e-02 3.122891e+00 2.342708e+00 2.099032e+01 1.391227e+01 7.836209e-02 5.5822e-03 1.3285e-02 +8.6518e-06 0.04756 1.96002e-02 6.16096e-02 1.40219e-01 0.00000e+00
30.261545 7.75496164e-02 2.43625116e-01 3.21174732e-01 1.01999930e-01 5.27770789e+00 1.26661526e+01 3.58877209e-02 3.141539e+00 2.399934e+00 2.564600e+01 1.478519e+01 8.590894e-02 5.3817e-03 1.3539e-02 +7.7772e-06 0.05169 2.09703e-02 6.36716e-02 1.41039e-01 0.00000e+00
30.511641 7.71302531e-02 2.45924209e-01 3.23054462e-01 1.01011217e-01 5.22250760e+00 1.26943298e+01 3.58336748e-02 3.188427e+00 2.430696e+00 2.218635e+01 1.572020e+01 1.180338e-01 5.2476e-03 1.3171e-02 +6.5528e-06 0.05403 2.24897e-02 6.50928e-02 1.41085e-01 0.00000e+00
30.761736 7.61840078e-02 2.49417570e-01 3.25601578e-01 9.99860090e-02 5.14095463e+00 1.26984370e+01 3.56787832e-02 3.273884e+00 2.470054e+00 2.479576e+01 1.168279e+01 1.208168e-01 5.1547e-03 1.2580e-02 +5.1169e-06 0.05440 2.33257e-02 6.45184e-02 1.38809e-01 0.00000e+00
31.011831 7.46997635e-02 2.54242953e-01 3.28942717e-01 9.89660490e-02 5.09653219e+00 1.28809206e+01 3.59549056e-02 3.403531e+00 2.527389e+00 2.746319e+01 1.327128e+01 8.604265e-02 5.2664e-03 1.2637e-02 +3.7132e-06 0.05343 2.39452e-02 6.27877e-02 1.32945e-01 0.00000e+00
31.261927 7.28847235e-02 2.60173796e-01 3.33058520e-01 9.80066228e-02 5.14067761e+00 1.31481647e+01 3.65776846e-02 3.569662e+00 2.557672e+00 2.897397e+01 1.768389e+01 6.645945e-02 5.5746e-03 1.4559e-02 +2.8478e-06 0.05476 2.50421e-02 6.24566e-02 1.28002e-01 0.00000e+00
31.512022 7.10499889e-02 2.66972647e-01 3.38022636e-01 9.71939892e-02 5.23257444e+00 1.31558430e+01 3.67768349e-02 3.757533e+00 2.514220e+00 2.905515e+01 2.092690e+01 6.742232e-02 5.8638e-03 1.6573e-02 +2.8246e-06 0.05619 2.47131e-02 6.26035e-02 1.26365e-01 0.00000e+00
31.762118 6.91604749e-02 2.74819899e-01 3.43980374e-01 9.66264060e-02 5.27173923e+00 1.29668077e+01 3.64770939e-02 3.973655e+00 2.459683e+00 2.789670e+01 1.925915e+01 4.964221e-02 5.8393e-03 1.4686e-02 +3.4146e-06 0.05601 2.42749e-02 6.36366e-02 1.27539e-01 0.00000e+00
32.012213 6.68863959e-02 2.84036875e-01 3.50923271e-01 9.63308744e-02 5.18383646e+00 1.29585604e+01 3.62847937e-02 4.246557e+00 2.499801e+00 2.926595e+01 1.799898e+01 3.114662e-02 5.6212e-03 1.4162e-02 +4.3203e-06 0.05469 2.40247e-02 6.47552e-02 1.29068e-01 0.00000e+00
32.262309 6.43562049e-02 2.94289689e-01 3.58645894e-01 9.61748023e-02 5.03438307e+00 1.31781431e+01 3.64250523e-02 4.572825e+00 2.617628e+00 2.960173e+01 1.656228e+01 4.759838e-02 5.6858e-03 1.4036e-02 +5.2672e-06 0.05278 2.35476e-02 6.38921e-02 1.27890e-01 0.00000e+00
32.512404 6.20800260e-02 3.04872919e-01 3.66952945e-01 9.59765612e-02 4.92450666e+00 1.33734895e+01 3.65959923e-02 4.910966e+00 2.715701e+00 2.538581e+01 1.638008e+01 4.113220e-02 5.7537e-03 1.4592e-02 +6.0124e-06 0.05101 2.25796e-02 6.09890e-02 1.23978e-01 0.00000e+00
32.762499 6.03577539e-02 3.15387771e-01 3.75745525e-01 9.56641159e-02 4.83063398e+00 1.34630490e+01 3.65873659e-02 5.225307e+00 2.787015e+00 2.507264e+01 1.519292e+01 1.631669e-02 5.7399e-03 1.4987e-02 +6.4551e-06 0.04886 2.13771e-02 5.79673e-02 1.19838e-01 0.00000e+00
33.012595 5.92130228e-02 3.25713955e-01 3.84926978e-01 9.53621548e-02 4.69719469e+00 1.35940897e+01 3.65825687e-02 5.500715e+00 2.894087e+00 2.437607e+01 1.378994e+01 1.589690e-02 5.5104e-03 1.4665e-02 +6.6581e-06 0.04659 2.03845e-02 5.59952e-02 1.16782e-01 0.00000e+00
33.262690 5.86756609e-02 3.35692136e-01 3.94367797e-01 9.52684016e-02 4.54468749e+00 1.37458117e+01 3.65809983e-02 5.721148e+00 3.024589e+00 2.227194e+01 1.449521e+01 3.743421e-02 5.3499e-03 1.3834e-02 +6.7040e-06 0.04539 1.98082e-02 5.51595e-02 1.14812e-01 0.00000e+00
33.512786 5.87534106e-02 3.45180158e-01 4.03933569e-01 9.55052472e-02 4.41988167e+00 1.38562394e+01 3.65522421e-02 5.875066e+00 3.134980e+00 2.223543e+01 1.511893e+01 5.877163e-02 5.1843e-03 1.2708e-02 +6.6417e-06 0.04716 1.99525e-02 5.53183e-02 1.14284e-01 0.00000e+00
33.762881 5.93553592e-02 3.54097058e-01 4.13452418e-01 9.60882446e-02 4.32254860e+00 1.39648542e+01 3.65748056e-02 5.965713e+00 3.230699e+00 2.225063e+01 1.533019e+01 7.414919e-02 5.2951e-03 1.2808e-02 +6.5886e-06 0.04922 2.05560e-02 5.63306e-02 1.16244e-01 0.00000e+00
34.012976 6.04048495e-02 3.62352325e-01 4.22757175e-01 9.69386682e-02 4.23365332e+00 1.40902699e+01 3.66478464e-02 5.998729e+00 3.328159e+00 2.256215e+01 1.504898e+01 8.620690e-02 5.3060e-03 1.2853e-02 +6.6814e-06 0.05062 2.11432e-02 5.80615e-02 1.20103e-01 0.00000e+00
34.263072 6.18395289e-02 3.69834259e-01 4.31673788e-01 9.79455788e-02 4.15594020e+00 1.42717830e+01 3.68554463e-02 5.980548e+00 3.434068e+00 2.314565e+01 1.518318e+01 9.755730e-02 5.2745e-03 1.2536e-02 +6.9884e-06 0.05048 2.14630e-02 6.00366e-02 1.24371e-01 0.00000e+00
34.513167 6.35118877e-02 3.76493153e-01 4.40005041e-01 9.89958506e-02 4.10753743e+00 1.44982975e+01 3.72116699e-02 5.927916e+00 3.529681e+00 2.352390e+01 1.512518e+01 1.262702e-01 5.0745e-03 1.2657e-02 +7.5308e-06 0.04880 2.11224e-02 6.10850e-02 1.26677e-01 0.00000e+00
34.763263 6.51299312e-02 3.82439993e-01 4.47569924e-01 9.99382236e-02 4.08657423e+00 1.47756762e+01 3.77245008e-02 5.871955e+00 3.615663e+00 2.509493e+01 1.503687e+01 1.615160e-01 4.8291e-03 1.3523e-02 +8.3115e-06 0.04618 2.03478e-02 6.05784e-02 1.25754e-01 0.00000e+00
35.013358 6.64768060e-02 3.87749074e-01 4.54225880e-01 1.00612496e-01 4.10331768e+00 1.51165063e+01 3.84396480e-02 5.832848e+00 3.683972e+00 2.644202e+01 1.345298e+01 1.818804e-01 4.6887e-03 1.4016e-02 +9.3071e-06 0.04341 1.93293e-02 5.78029e-02 1.21064e-01 0.00000e+00
35.263454 6.75667091e-02 3.92303622e-01 4.59870331e-01 1.00927951e-01 4.18643177e+00 1.55298056e+01 3.94324748e-02 5.806167e+00 3.709557e+00 2.756675e+01 1.314374e+01 1.849555e-01 4.8238e-03 1.4786e-02 +1.0408e-05 0.04300 1.78129e-02 5.30998e-02 1.13158e-01 0.00000e+00
35.513549 6.84700584e-02 3.95974236e-01 4.64444294e-01 1.00884112e-01 4.34277346e+00 1.60059639e+01 4.06974747e-02 5.783174e+00 3.685655e+00 3.387445e+01 1.466876e+01 2.194512e-01 2.4321e-02 1.4165e-02 +1.1426e-05 0.04405 1.64763e-02 4.84779e-02 1.05164e-01 0.00000e+00
# DIVERGED at t = 35.763644
