# tg_mhd (CUDA FP32)  tgc_noslip_cond_n640_re2000  N=640 L=640 Re=2000 Pm=1 u0=0.05 nu_lat=5.085000e-03 eta_lat=5.085000e-03 tau_f=0.515255 tau_m=0.520340 dt=2.458210e-04 fw=profile
# t E_V E_M E_T H_C Omega_V Omega_M eps EM/EV OmM/OmV j_max w_max skew divb/j divb_wall/j mass_drift umax_lat fw1 fw2 fw4 tau_wall
0.000000 1.24218759e-01 1.25000000e-01 2.49218759e-01 1.02369169e-20 8.91161804e+01 1.49995166e+00 9.06161320e-02 1.006289e+00 1.683142e-02 3.464025e+00 3.050956e+02 6.557779e-20 2.0914e-06 3.2560e-06 +0.0000e+00 0.05000 9.79898e-01 9.80489e-01 9.81682e-01 7.52286e-02
0.100049 1.21138358e-01 1.24637326e-01 2.45775684e-01 -2.57057246e-05 1.74857571e+01 1.56409221e+00 1.90498493e-02 1.028884e+00 8.944950e-02 5.957947e+00 8.624108e+01 1.333520e-01 3.1179e-04 1.7786e-03 -5.0807e-07 0.05106 9.01098e-01 9.06662e-01 9.12362e-01 1.95353e-02
0.200098 1.19687967e-01 1.24336207e-01 2.44024173e-01 -6.63791988e-05 1.26238906e+01 1.69369542e+00 1.43175861e-02 1.038836e+00 1.341659e-01 8.574293e+00 6.235143e+01 3.520469e-02 3.8591e-04 2.0992e-03 -6.3545e-06 0.05129 8.40688e-01 8.72822e-01 8.80567e-01 1.41004e-02
0.300147 1.18605692e-01 1.24421230e-01 2.43026923e-01 -1.23712222e-04 1.05387493e+01 1.87021835e+00 1.24089676e-02 1.049033e+00 1.774611e-01 1.023567e+01 5.201111e+01 2.116538e-01 4.1885e-04 2.2508e-03 -4.2277e-06 0.05211 7.78185e-01 8.46322e-01 8.56295e-01 1.18715e-02
0.400197 1.17272003e-01 1.24420122e-01 2.41692125e-01 -1.89136664e-04 9.38098567e+00 2.08246909e+00 1.14634548e-02 1.060953e+00 2.219883e-01 1.148388e+01 5.123304e+01 2.276760e-01 4.3551e-04 2.3495e-03 +2.9446e-06 0.05244 7.21871e-01 8.21834e-01 8.35569e-01 1.05283e-02
0.500246 1.16431509e-01 1.24159178e-01 2.40590687e-01 -2.62365226e-04 8.62998626e+00 2.31730071e+00 1.09472870e-02 1.066371e+00 2.685173e-01 1.228160e+01 5.000992e+01 2.204404e-01 4.4284e-04 2.4286e-03 -7.3422e-06 0.05216 6.70811e-01 7.96275e-01 8.15542e-01 9.73273e-03
0.600295 1.15360567e-01 1.24068034e-01 2.39428601e-01 -3.44989201e-04 8.09232762e+00 2.58958353e+00 1.06819111e-02 1.075480e+00 3.200048e-01 1.294659e+01 4.667881e+01 3.348568e-01 4.4727e-04 2.4946e-03 -8.7943e-06 0.05322 6.23960e-01 7.68611e-01 7.94815e-01 9.04457e-03
0.700344 1.14246273e-01 1.24173467e-01 2.38419740e-01 -4.28001643e-04 7.98518601e+00 2.90695269e+00 1.08921387e-02 1.086893e+00 3.640432e-01 1.398844e+01 4.644897e+01 3.042946e-01 4.5399e-04 2.5791e-03 -4.1148e-07 0.05351 5.90494e-01 7.45662e-01 7.78915e-01 9.20382e-03
0.800393 1.13511138e-01 1.23946879e-01 2.37458017e-01 -5.11340982e-04 7.64189564e+00 3.24625614e+00 1.08881518e-02 1.091936e+00 4.247972e-01 1.510323e+01 4.598748e+01 3.905989e-01 4.6317e-04 2.6753e-03 -5.4207e-06 0.05393 5.45664e-01 7.12503e-01 7.54878e-01 8.49352e-03
0.900442 1.12698774e-01 1.23474436e-01 2.36173211e-01 -5.95984652e-04 7.54895081e+00 3.62660265e+00 1.11755535e-02 1.095615e+00 4.804115e-01 1.604584e+01 4.673739e+01 4.585565e-01 4.7521e-04 2.7891e-03 -8.0999e-06 0.05497 5.08810e-01 6.81201e-01 7.33139e-01 8.30425e-03
1.000492 1.12195887e-01 1.22861650e-01 2.35057537e-01 -6.76564622e-04 7.70798158e+00 4.04774672e+00 1.17557283e-02 1.095064e+00 5.251371e-01 1.675779e+01 4.681237e+01 3.908740e-01 4.9266e-04 2.9239e-03 -7.5336e-06 0.05573 4.80510e-01 6.52814e-01 7.14286e-01 8.44307e-03
1.100541 1.11997521e-01 1.21978213e-01 2.33975734e-01 -7.41174824e-04 7.83213676e+00 4.51345539e+00 1.23455922e-02 1.089115e+00 5.762738e-01 1.723313e+01 4.990661e+01 4.261322e-01 5.1635e-04 3.0765e-03 -6.7393e-06 0.05681 4.48514e-01 6.19142e-01 6.91192e-01 8.38475e-03
1.200590 1.11934329e-01 1.20714999e-01 2.32649329e-01 -8.04884915e-04 7.86020297e+00 5.04195871e+00 1.29021617e-02 1.078445e+00 6.414540e-01 1.752968e+01 5.106956e+01 4.998399e-01 5.4798e-04 3.2603e-03 -3.6643e-06 0.05730 4.09994e-01 5.78142e-01 6.61780e-01 7.96932e-03
1.300639 1.12263316e-01 1.19001901e-01 2.31265217e-01 -8.35542705e-04 8.14728725e+00 5.62255167e+00 1.37698389e-02 1.060025e+00 6.901133e-01 1.781180e+01 5.063940e+01 4.437827e-01 5.9443e-04 3.4767e-03 -1.1620e-05 0.05676 3.80631e-01 5.40829e-01 6.34156e-01 7.89598e-03
1.400688 1.12765157e-01 1.17148923e-01 2.29914080e-01 -8.71814339e-04 8.46916154e+00 6.33218535e+00 1.48013469e-02 1.038875e+00 7.476756e-01 1.886142e+01 5.851054e+01 4.280564e-01 6.7469e-04 3.7149e-03 -1.0878e-05 0.05838 3.50112e-01 5.00663e-01 6.02184e-01 8.02261e-03
1.500737 1.13116590e-01 1.15191490e-01 2.28308079e-01 -8.63760313e-04 8.83134479e+00 7.22085716e+00 1.60522019e-02 1.018343e+00 8.176396e-01 2.385713e+01 5.772719e+01 4.742560e-01 8.1513e-04 3.9877e-03 -2.7564e-06 0.05686 3.18455e-01 4.58391e-01 5.65609e-01 8.09857e-03
1.600786 1.13805875e-01 1.12915058e-01 2.26720933e-01 -8.33553341e-04 9.03825102e+00 8.27573870e+00 1.73139897e-02 9.921725e-01 9.156350e-01 2.885278e+01 5.698715e+01 5.667465e-01 1.0312e-03 4.2443e-03 -1.0754e-05 0.05568 2.78200e-01 4.07848e-01 5.18521e-01 7.55297e-03
1.700836 1.14150811e-01 1.10646786e-01 2.24797597e-01 -7.85942195e-04 9.39260324e+00 9.61149922e+00 1.90041025e-02 9.693035e-01 1.023305e+00 3.331572e+01 5.747309e+01 5.273653e-01 1.3303e-03 4.4990e-03 -1.2901e-05 0.05473 2.43633e-01 3.61760e-01 4.71557e-01 7.44728e-03
1.800885 1.14367063e-01 1.08447161e-01 2.22814224e-01 -7.10291687e-04 9.85317521e+00 1.12782559e+01 2.11314311e-02 9.482377e-01 1.144632e+00 3.705291e+01 5.562133e+01 4.754107e-01 1.7303e-03 4.7652e-03 -7.4842e-06 0.05520 2.14174e-01 3.20870e-01 4.26397e-01 7.65438e-03
1.900934 1.14502457e-01 1.06122123e-01 2.20624580e-01 -5.87704536e-04 1.00561110e+01 1.31824271e+01 2.32385381e-02 9.268109e-01 1.310887e+00 4.458319e+01 5.288127e+01 4.727228e-01 2.2275e-03 4.9923e-03 -9.7014e-06 0.05793 1.79468e-01 2.76424e-01 3.76787e-01 7.17347e-03
2.000983 1.14428134e-01 1.03701244e-01 2.18129378e-01 -4.78619058e-04 1.02408423e+01 1.51844959e+01 2.54253382e-02 9.062565e-01 1.482739e+00 5.204352e+01 4.816213e+01 4.485355e-01 2.7653e-03 5.2188e-03 -1.0117e-05 0.05985 1.51393e-01 2.39770e-01 3.34315e-01 6.77378e-03
2.101032 1.14305625e-01 1.01109495e-01 2.15415120e-01 -3.01917514e-04 1.05412873e+01 1.69883168e+01 2.75296041e-02 8.845540e-01 1.611598e+00 5.875864e+01 4.200287e+01 3.608538e-01 3.2777e-03 5.3883e-03 -1.3150e-05 0.06082 1.33583e-01 2.14534e-01 3.03351e-01 6.82330e-03
2.201081 1.14235747e-01 9.84094273e-02 2.12645174e-01 -1.33961279e-04 1.07037283e+01 1.83674005e+01 2.90711288e-02 8.614591e-01 1.715982e+00 6.422194e+01 4.186739e+01 3.401665e-01 3.7306e-03 5.5636e-03 -1.1995e-05 0.05924 1.16043e-01 1.91577e-01 2.76476e-01 6.43147e-03
2.301131 1.14008943e-01 9.55294627e-02 2.09538406e-01 7.74126241e-05 1.09600666e+01 1.91398226e+01 3.00998892e-02 8.379120e-01 1.746324e+00 6.766444e+01 3.548509e+01 3.955070e-01 4.0501e-03 5.7285e-03 -6.7280e-06 0.05639 1.04115e-01 1.75423e-01 2.57802e-01 6.20248e-03
2.401180 1.14084451e-01 9.24337463e-02 2.06518198e-01 3.25911281e-04 1.13088081e+01 1.92749999e+01 3.05838080e-02 8.102221e-01 1.704424e+00 6.882711e+01 3.519871e+01 4.375823e-01 4.1721e-03 5.8485e-03 -1.4929e-05 0.05759 9.57262e-02 1.63073e-01 2.43514e-01 6.08609e-03
2.501229 1.14077488e-01 8.93193185e-02 2.03396806e-01 5.93550140e-04 1.15984357e+01 1.91139489e+01 3.07123846e-02 7.829706e-01 1.647976e+00 6.857417e+01 3.425474e+01 4.142703e-01 4.1207e-03 5.9801e-03 -1.5299e-05 0.06012 8.63774e-02 1.50305e-01 2.29742e-01 5.70208e-03
2.601278 1.13977366e-01 8.62344007e-02 2.00211767e-01 8.91594258e-04 1.20193255e+01 1.88873467e+01 3.09066722e-02 7.565923e-01 1.571415e+00 6.725421e+01 3.231848e+01 4.168209e-01 3.9777e-03 6.1351e-03 -8.1602e-06 0.06103 8.20007e-02 1.42428e-01 2.20758e-01 5.78860e-03
2.701327 1.14128277e-01 8.30512039e-02 1.97179481e-01 1.23087202e-03 1.23620317e+01 1.85772676e+01 3.09392994e-02 7.277005e-01 1.502768e+00 6.485282e+01 3.330334e+01 4.205665e-01 3.8066e-03 6.1783e-03 -1.3530e-05 0.06132 7.68615e-02 1.33558e-01 2.10497e-01 5.54232e-03
2.801376 1.14077903e-01 7.98768040e-02 1.93954707e-01 1.53992340e-03 1.26511778e+01 1.83008159e+01 3.09519937e-02 7.001952e-01 1.446570e+00 6.183558e+01 3.304564e+01 3.934712e-01 3.6778e-03 6.3119e-03 -1.5308e-05 0.06265 7.13906e-02 1.24590e-01 2.00224e-01 5.40708e-03
2.901426 1.14004366e-01 7.67961654e-02 1.90800531e-01 1.88814585e-03 1.30968290e+01 1.80357513e+01 3.11325802e-02 6.736248e-01 1.377108e+00 5.847433e+01 3.540690e+01 3.719620e-01 3.6185e-03 6.5737e-03 -1.3229e-05 0.06298 7.12005e-02 1.20977e-01 1.94926e-01 5.59001e-03
3.001475 1.13881791e-01 7.38522508e-02 1.87734042e-01 2.21418100e-03 1.34038274e+01 1.78157421e+01 3.12195695e-02 6.484992e-01 1.329153e+00 5.488520e+01 3.751193e+01 3.604606e-01 3.6508e-03 7.1310e-03 -1.3733e-05 0.06329 6.68245e-02 1.13599e-01 1.85975e-01 5.28969e-03
3.101524 1.13464380e-01 7.09983108e-02 1.84462690e-01 2.52004306e-03 1.37959570e+01 1.77021111e+01 3.14980680e-02 6.257322e-01 1.283138e+00 5.120507e+01 3.886612e+01 3.507057e-01 3.7888e-03 7.9008e-03 -1.1915e-05 0.06281 6.54206e-02 1.09434e-01 1.80307e-01 5.30515e-03
3.201573 1.12940170e-01 6.83304695e-02 1.81270640e-01 2.84642446e-03 1.42683266e+01 1.76788275e+01 3.19471541e-02 6.050148e-01 1.239026e+00 5.318346e+01 3.971127e+01 3.271035e-01 3.9607e-03 8.4939e-03 -1.7159e-05 0.06187 6.70489e-02 1.08295e-01 1.77330e-01 5.63906e-03
3.301622 1.12180837e-01 6.59030956e-02 1.78083933e-01 3.13740378e-03 1.44550612e+01 1.78183966e+01 3.22734578e-02 5.874720e-01 1.232675e+00 6.284374e+01 4.005431e+01 2.991436e-01 4.1800e-03 8.7263e-03 -1.6426e-05 0.06137 6.21516e-02 1.01284e-01 1.69467e-01 5.21051e-03
3.401671 1.10984340e-01 6.36773057e-02 1.74661645e-01 3.43364031e-03 1.47696216e+01 1.81656465e+01 3.29352681e-02 5.737504e-01 1.229933e+00 7.208794e+01 3.982020e+01 2.855486e-01 4.5246e-03 8.7003e-03 -1.0277e-05 0.05939 6.36355e-02 1.00637e-01 1.68386e-01 5.63426e-03
3.501720 1.09810170e-01 6.15919442e-02 1.71402114e-01 3.74405864e-03 1.49268882e+01 1.85997022e+01 3.35265904e-02 5.608947e-01 1.246054e+00 8.212525e+01 3.911218e+01 2.786319e-01 5.1885e-03 8.3900e-03 -1.7196e-05 0.05691 6.31326e-02 9.80857e-02 1.65880e-01 5.47299e-03
3.601770 1.08264458e-01 5.96705183e-02 1.67934976e-01 4.03618357e-03 1.49014663e+01 1.90651244e+01 3.39665907e-02 5.511552e-01 1.279413e+00 8.629703e+01 3.773061e+01 2.594582e-01 5.9996e-03 8.2034e-03 -1.8258e-05 0.05686 5.94562e-02 9.30194e-02 1.61900e-01 5.25180e-03
3.701819 1.06522110e-01 5.78960186e-02 1.64418129e-01 4.33989658e-03 1.51019105e+01 1.93877899e+01 3.44897004e-02 5.435118e-01 1.283797e+00 8.362789e+01 3.841682e+01 2.533710e-01 6.4896e-03 8.1968e-03 -1.2893e-05 0.05549 6.33055e-02 9.61334e-02 1.66010e-01 5.82230e-03
3.801868 1.04763320e-01 5.62195465e-02 1.60982866e-01 4.64404609e-03 1.50779130e+01 1.93905954e+01 3.44685084e-02 5.366339e-01 1.286026e+00 7.307242e+01 3.740814e+01 2.497301e-01 6.5081e-03 8.4407e-03 -1.5957e-05 0.06029 6.20645e-02 9.55334e-02 1.66575e-01 5.48835e-03
3.901917 1.02838829e-01 5.46091838e-02 1.57448013e-01 4.90339856e-03 1.49968794e+01 1.91467625e+01 3.41436419e-02 5.310172e-01 1.276716e+00 5.479988e+01 3.434941e+01 2.650821e-01 5.8538e-03 9.0301e-03 -1.6436e-05 0.06387 6.03999e-02 9.60343e-02 1.68569e-01 5.25858e-03
4.001966 1.00861155e-01 5.31190355e-02 1.53980190e-01 5.19415395e-03 1.51859811e+01 1.90163067e+01 3.42022878e-02 5.266550e-01 1.252228e+00 4.247756e+01 3.858533e+01 2.794875e-01 4.7086e-03 9.4134e-03 -1.7235e-05 0.06154 6.71191e-02 1.05290e-01 1.78131e-01 5.94926e-03
4.102015 9.88269307e-02 5.17266216e-02 1.50553552e-01 5.46076930e-03 1.50076835e+01 1.91781229e+01 3.41858063e-02 5.234061e-01 1.277887e+00 4.465215e+01 4.171518e+01 3.070030e-01 4.5762e-03 9.4973e-03 -1.7019e-05 0.05815 6.38778e-02 1.05197e-01 1.78670e-01 5.38763e-03
4.202065 9.66337306e-02 5.03562858e-02 1.46990016e-01 5.73728619e-03 1.50230453e+01 1.96080637e+01 3.46311090e-02 5.211046e-01 1.305199e+00 5.998110e+01 4.291371e+01 3.340943e-01 4.8377e-03 9.3240e-03 -1.3404e-05 0.05744 6.64095e-02 1.10923e-01 1.85144e-01 5.60970e-03
4.302114 9.44925714e-02 4.89904863e-02 1.43483058e-01 6.02614547e-03 1.51124194e+01 2.01370059e+01 3.52494252e-02 5.184586e-01 1.332481e+00 6.965077e+01 3.868568e+01 3.446175e-01 5.2119e-03 8.8198e-03 -1.9433e-05 0.05687 7.15140e-02 1.19571e-01 1.95999e-01 5.68382e-03
4.402163 9.22603556e-02 4.76218687e-02 1.39882224e-01 6.30564617e-03 1.50975461e+01 2.05870572e+01 3.56846033e-02 5.161683e-01 1.363603e+00 6.765328e+01 3.916421e+01 3.276556e-01 5.5989e-03 8.3721e-03 -1.9412e-05 0.05683 7.63042e-02 1.27598e-01 2.07034e-01 5.54810e-03
4.502212 8.99014309e-02 4.62438118e-02 1.36145243e-01 6.57043332e-03 1.52842154e+01 2.07680175e+01 3.60522329e-02 5.143835e-01 1.358789e+00 6.191227e+01 4.627623e+01 3.173018e-01 5.8147e-03 7.9606e-03 -1.3371e-05 0.05620 8.86168e-02 1.41444e-01 2.22669e-01 6.01300e-03
4.602261 8.76796460e-02 4.48631044e-02 1.32542750e-01 6.83080608e-03 1.53969564e+01 2.05448325e+01 3.59417889e-02 5.116707e-01 1.334344e+00 5.690389e+01 7.181330e+01 3.167980e-01 5.8020e-03 7.7932e-03 -1.8577e-05 0.05621 9.68153e-02 1.50432e-01 2.32203e-01 5.92611e-03
4.702310 8.53303793e-02 4.35304551e-02 1.28860834e-01 7.03283703e-03 1.52992864e+01 2.01355879e+01 3.54348743e-02 5.101402e-01 1.316113e+00 5.495444e+01 8.659420e+01 3.136469e-01 5.6691e-03 8.2731e-03 -1.9582e-05 0.05760 9.93478e-02 1.53402e-01 2.35489e-01 5.81603e-03
4.802359 8.29683155e-02 4.22855034e-02 1.25253819e-01 7.22927914e-03 1.53435069e+01 1.96665932e+01 3.50101001e-02 5.096585e-01 1.281753e+00 5.324673e+01 8.095060e+01 2.882603e-01 5.5737e-03 8.8089e-03 -1.6543e-05 0.05792 1.07245e-01 1.60977e-01 2.42276e-01 6.38597e-03
4.902409 8.06244977e-02 4.11135423e-02 1.21738040e-01 7.39568741e-03 1.50106029e+01 1.91557684e+01 3.41663713e-02 5.099386e-01 1.276149e+00 5.594524e+01 8.032072e+01 2.702956e-01 5.4446e-03 9.1269e-03 -1.8115e-05 0.05727 1.07178e-01 1.61151e-01 2.41949e-01 6.02050e-03
5.002458 7.83012095e-02 3.99829739e-02 1.18284183e-01 7.54220201e-03 1.46512699e+01 1.85508959e+01 3.32021658e-02 5.106303e-01 1.266163e+00 5.742578e+01 7.728062e+01 2.549421e-01 5.3795e-03 9.3025e-03 -1.7120e-05 0.05595 1.08245e-01 1.62881e-01 2.43786e-01 5.94748e-03
5.102507 7.60477979e-02 3.89052484e-02 1.14953046e-01 7.69380469e-03 1.43627694e+01 1.78045776e+01 3.21673470e-02 5.115894e-01 1.239634e+00 5.677134e+01 6.552702e+01 2.447910e-01 5.4015e-03 9.3857e-03 -2.0160e-05 0.05395 1.12250e-01 1.67497e-01 2.49095e-01 6.14790e-03
5.202556 7.38637283e-02 3.78964681e-02 1.11760196e-01 7.82806277e-03 1.38417159e+01 1.70220579e+01 3.08637739e-02 5.130592e-01 1.229765e+00 5.424360e+01 5.507072e+01 2.487453e-01 5.2870e-03 9.2856e-03 -2.0015e-05 0.05208 1.09701e-01 1.66126e-01 2.51022e-01 5.81296e-03
5.302605 7.16696254e-02 3.69492551e-02 1.08618880e-01 7.95398064e-03 1.34827384e+01 1.63386440e+01 2.98213824e-02 5.155497e-01 1.211819e+00 5.169082e+01 5.759397e+01 2.619310e-01 5.0537e-03 8.9845e-03 -1.5452e-05 0.05076 1.11013e-01 1.68359e-01 2.58118e-01 5.83595e-03
5.402654 6.96559936e-02 3.60241102e-02 1.05680104e-01 8.09698200e-03 1.31409843e+01 1.57466343e+01 2.88876187e-02 5.171717e-01 1.198284e+00 4.941344e+01 5.787023e+01 2.737517e-01 4.8413e-03 8.6323e-03 -2.1299e-05 0.04941 1.11951e-01 1.70269e-01 2.64704e-01 5.64613e-03
5.502704 6.76421748e-02 3.51410639e-02 1.02783239e-01 8.22228000e-03 1.26085002e+01 1.52832521e+01 2.78917523e-02 5.195141e-01 1.212139e+00 4.612541e+01 5.353405e+01 2.823295e-01 4.7358e-03 8.4684e-03 -2.1864e-05 0.04762 1.06278e-01 1.66849e-01 2.66452e-01 5.41526e-03
5.602753 6.56637664e-02 3.42844199e-02 9.99481863e-02 8.35859738e-03 1.23226408e+01 1.49044694e+01 2.72271101e-02 5.221208e-01 1.209519e+00 4.944186e+01 5.157320e+01 2.929950e-01 4.6996e-03 8.3853e-03 -1.6969e-05 0.04684 1.07976e-01 1.70891e-01 2.74568e-01 5.63983e-03
5.702802 6.38410543e-02 3.34062190e-02 9.72472733e-02 8.49746724e-03 1.19096080e+01 1.45509854e+01 2.64605935e-02 5.232717e-01 1.221785e+00 5.701266e+01 4.939396e+01 3.037462e-01 4.7102e-03 8.1870e-03 -2.0583e-05 0.04681 1.05145e-01 1.70450e-01 2.77669e-01 5.33489e-03
5.802851 6.20721710e-02 3.25168673e-02 9.45890383e-02 8.61670644e-03 1.14292113e+01 1.42002551e+01 2.56294663e-02 5.238558e-01 1.242453e+00 6.052642e+01 4.698952e+01 3.021919e-01 4.6936e-03 7.8919e-03 -2.0970e-05 0.04647 9.99981e-02 1.67648e-01 2.78095e-01 5.03998e-03
5.902900 6.03958889e-02 3.16144872e-02 9.20103761e-02 8.74951993e-03 1.11954329e+01 1.38183799e+01 2.50138128e-02 5.234543e-01 1.234287e+00 6.272975e+01 4.443429e+01 2.885029e-01 4.6587e-03 7.5549e-03 -2.0271e-05 0.04588 1.03594e-01 1.72336e-01 2.83740e-01 5.40016e-03
6.002949 5.88095409e-02 3.06996173e-02 8.95091582e-02 8.86188909e-03 1.07292144e+01 1.34153138e+01 2.41445281e-02 5.220176e-01 1.250354e+00 6.541605e+01 4.095483e+01 2.903049e-01 4.6085e-03 7.2151e-03 -2.0896e-05 0.04537 9.86288e-02 1.68449e-01 2.80224e-01 4.97402e-03
6.102998 5.73040763e-02 2.97812003e-02 8.70852766e-02 8.95241210e-03 1.03639639e+01 1.30351148e+01 2.33990787e-02 5.197047e-01 1.257734e+00 6.593396e+01 4.029157e+01 2.927604e-01 4.5238e-03 6.9041e-03 -1.8390e-05 0.04501 9.71599e-02 1.67099e-01 2.77269e-01 4.88679e-03
6.203048 5.59078898e-02 2.88425314e-02 8.47504212e-02 9.05241677e-03 1.00590570e+01 1.26395789e+01 2.26986358e-02 5.158938e-01 1.256537e+00 6.400459e+01 3.904605e+01 2.836139e-01 4.5790e-03 6.6960e-03 -2.2514e-05 0.04408 9.79314e-02 1.66809e-01 2.73510e-01 4.80799e-03
6.303097 5.45791431e-02 2.79151826e-02 8.24943257e-02 9.11743041e-03 9.64214291e+00 1.22101349e+01 2.18522778e-02 5.114625e-01 1.266330e+00 5.914865e+01 3.619498e+01 2.690683e-01 4.8208e-03 6.5549e-03 -2.2484e-05 0.04289 9.44902e-02 1.62507e-01 2.65747e-01 4.69001e-03
6.403146 5.32638028e-02 2.70099958e-02 8.02737986e-02 9.16742533e-03 9.30900647e+00 1.17315955e+01 2.10406020e-02 5.070985e-01 1.260241e+00 5.298082e+01 3.820225e+01 2.633536e-01 4.7733e-03 6.4855e-03 -1.7588e-05 0.04181 9.45602e-02 1.61378e-01 2.60599e-01 4.62662e-03
6.503195 5.21101134e-02 2.61080819e-02 7.82181954e-02 9.21710430e-03 8.99988178e+00 1.12284066e+01 2.02282884e-02 5.010176e-01 1.247617e+00 4.762097e+01 3.892319e+01 2.568535e-01 4.2552e-03 6.5000e-03 -2.2358e-05 0.04093 9.47280e-02 1.59587e-01 2.54153e-01 4.48405e-03
6.603244 5.09478371e-02 2.52468664e-02 7.61947036e-02 9.22832276e-03 8.61195879e+00 1.07874435e+01 1.93994023e-02 4.955434e-01 1.252612e+00 4.403943e+01 3.702769e+01 2.539209e-01 3.8510e-03 6.4939e-03 -2.2878e-05 0.04160 8.98334e-02 1.52805e-01 2.43738e-01 4.19825e-03
6.703293 4.98168219e-02 2.44289412e-02 7.42457631e-02 9.24058185e-03 8.42698129e+00 1.03907732e+01 1.88177545e-02 4.903753e-01 1.233036e+00 4.212226e+01 3.885120e+01 2.542527e-01 3.8044e-03 6.4431e-03 -1.9462e-05 0.04254 9.31536e-02 1.53651e-01 2.40860e-01 4.49620e-03
6.803343 4.87411776e-02 2.36371265e-02 7.23783041e-02 9.23628330e-03 8.10467693e+00 9.98312911e+00 1.80878060e-02 4.849519e-01 1.231774e+00 4.130938e+01 3.657386e+01 2.665686e-01 3.8268e-03 6.3249e-03 -2.1597e-05 0.04271 8.88145e-02 1.47533e-01 2.32119e-01 4.10772e-03
6.903392 4.76921541e-02 2.28896493e-02 7.05818033e-02 9.20595955e-03 7.83773703e+00 9.56568679e+00 1.74034238e-02 4.799458e-01 1.220465e+00 4.103096e+01 3.630923e+01 2.747299e-01 3.8328e-03 6.1103e-03 -2.0914e-05 0.04255 8.67199e-02 1.43898e-01 2.26417e-01 3.97990e-03
7.003441 4.66643758e-02 2.21798080e-02 6.88441838e-02 9.18067230e-03 7.65294032e+00 9.14614745e+00 1.67990878e-02 4.753049e-01 1.195115e+00 4.126169e+01 3.619744e+01 2.753313e-01 3.7775e-03 5.8894e-03 -2.2062e-05 0.04133 8.88133e-02 1.44287e-01 2.24874e-01 4.03604e-03
7.103490 4.56649233e-02 2.15140800e-02 6.71790033e-02 9.13211685e-03 7.38334750e+00 8.75266241e+00 1.61360099e-02 4.711292e-01 1.185460e+00 4.173936e+01 3.411454e+01 2.794308e-01 3.7310e-03 5.6741e-03 -2.2275e-05 0.04012 8.63739e-02 1.40662e-01 2.20384e-01 3.92159e-03
7.203539 4.46610953e-02 2.08931862e-02 6.55542815e-02 9.06557677e-03 7.13602188e+00 8.38786647e+00 1.55238884e-02 4.678163e-01 1.175426e+00 4.187905e+01 3.298688e+01 2.836934e-01 3.7571e-03 5.4472e-03 -1.8788e-05 0.03945 8.55994e-02 1.39098e-01 2.18862e-01 3.79336e-03
7.303588 4.37355380e-02 2.02955050e-02 6.40310430e-02 9.00476887e-03 6.93618743e+00 8.03714750e+00 1.49733349e-02 4.640507e-01 1.158727e+00 4.138924e+01 3.252361e+01 2.819735e-01 3.8287e-03 5.2825e-03 -2.3181e-05 0.03939 8.80153e-02 1.40933e-01 2.21070e-01 3.77789e-03
7.403638 4.28024085e-02 1.97406564e-02 6.25430649e-02 8.91844384e-03 6.64718423e+00 7.72336834e+00 1.43705526e-02 4.612043e-01 1.161901e+00 4.040874e+01 2.985051e+01 2.800452e-01 3.8728e-03 5.2403e-03 -2.3404e-05 0.03903 8.50422e-02 1.38336e-01 2.19952e-01 3.62829e-03
7.503687 4.18586406e-02 1.92255010e-02 6.10841416e-02 8.83409586e-03 6.46291468e+00 7.43359158e+00 1.38965063e-02 4.592959e-01 1.150192e+00 3.949032e+01 3.071414e+01 2.782403e-01 3.8402e-03 5.4219e-03 -1.9033e-05 0.03921 8.86296e-02 1.42097e-01 2.24778e-01 3.73680e-03
7.603736 4.10017683e-02 1.87256750e-02 5.97274433e-02 8.75023556e-03 6.22785398e+00 7.14092856e+00 1.33687825e-02 4.567041e-01 1.146611e+00 3.973552e+01 2.905965e+01 2.817140e-01 3.7546e-03 5.8008e-03 -2.2644e-05 0.03887 8.81800e-02 1.41523e-01 2.24779e-01 3.50845e-03
7.703785 4.01317737e-02 1.82601638e-02 5.83919374e-02 8.65173698e-03 5.99552434e+00 6.85955584e+00 1.28550802e-02 4.550052e-01 1.144113e+00 4.052130e+01 2.797509e+01 2.867431e-01 3.6499e-03 6.1537e-03 -2.2895e-05 0.03791 8.67144e-02 1.39678e-01 2.23071e-01 3.39767e-03
7.803834 3.92827276e-02 1.78238752e-02 5.71066027e-02 8.56267885e-03 5.84352912e+00 6.59367157e+00 1.24372007e-02 4.537331e-01 1.128371e+00 3.936115e+01 2.886490e+01 2.844927e-01 3.5842e-03 6.2013e-03 -2.1234e-05 0.03733 8.95186e-02 1.41755e-01 2.24165e-01 3.50395e-03
7.903883 3.84614090e-02 1.74087346e-02 5.58701436e-02 8.47136318e-03 5.61948490e+00 6.33813695e+00 1.19576218e-02 4.526286e-01 1.127886e+00 3.289310e+01 2.744282e+01 2.919792e-01 3.5999e-03 6.0412e-03 -2.2509e-05 0.03714 8.57918e-02 1.37691e-01 2.19035e-01 3.26554e-03
8.003932 3.76594882e-02 1.70225972e-02 5.46820854e-02 8.37470431e-03 5.41831589e+00 6.09915034e+00 1.15174662e-02 4.520135e-01 1.125654e+00 2.736892e+01 2.688951e+01 2.981642e-01 3.6079e-03 5.8661e-03 -2.0835e-05 0.03707 8.30690e-02 1.34697e-01 2.14708e-01 3.15547e-03
8.103982 3.68850712e-02 1.66518290e-02 5.35369002e-02 8.29145003e-03 5.27532826e+00 5.87538842e+00 1.11507167e-02 4.514517e-01 1.113748e+00 2.751332e+01 2.864080e+01 2.978388e-01 3.5265e-03 5.6995e-03 -2.3319e-05 0.03694 8.42311e-02 1.35241e-01 2.13397e-01 3.13823e-03
8.204031 3.61302976e-02 1.63040118e-02 5.24343094e-02 8.20202792e-03 5.07555870e+00 5.67608299e+00 1.07516417e-02 4.512560e-01 1.118317e+00 2.609949e+01 2.787720e+01 3.023212e-01 3.3898e-03 5.5373e-03 -2.3535e-05 0.03669 7.97290e-02 1.30456e-01 2.07441e-01 2.96276e-03
8.304080 3.53572524e-02 1.59800682e-02 5.13373206e-02 8.11620274e-03 4.93409380e+00 5.50157589e+00 1.04356697e-02 4.519601e-01 1.115012e+00 2.355330e+01 2.897744e+01 3.086328e-01 3.2533e-03 5.4023e-03 -1.9689e-05 0.03555 7.93456e-02 1.29466e-01 2.05242e-01 2.92526e-03
8.404129 3.46652020e-02 1.56581311e-02 5.03233331e-02 8.03729538e-03 4.80705129e+00 5.34107086e+00 1.01481221e-02 4.516959e-01 1.111091e+00 2.080739e+01 2.831696e+01 3.118843e-01 3.1670e-03 5.2342e-03 -2.3771e-05 0.03376 7.91822e-02 1.28241e-01 2.02635e-01 2.85198e-03
8.504178 3.39507237e-02 1.53549840e-02 4.93057077e-02 7.95012305e-03 4.64420907e+00 5.20093017e+00 9.84513924e-03 4.522727e-01 1.119874e+00 2.051267e+01 2.718260e+01 3.129618e-01 3.1421e-03 5.0965e-03 -2.4120e-05 0.03278 7.48980e-02 1.23009e-01 1.96571e-01 2.67954e-03
8.604227 3.32418414e-02 1.50667138e-02 4.83085552e-02 7.86917248e-03 4.55196563e+00 5.07430779e+00 9.62627341e-03 4.532455e-01 1.114751e+00 2.213993e+01 2.700607e+01 3.181806e-01 3.1331e-03 4.9659e-03 -2.0749e-05 0.03252 7.66920e-02 1.23371e-01 1.95809e-01 2.82261e-03
8.704277 3.25786717e-02 1.47780002e-02 4.73566720e-02 7.78978124e-03 4.41365353e+00 4.95100239e+00 9.36465592e-03 4.536097e-01 1.121747e+00 2.710851e+01 2.462331e+01 3.323700e-01 3.1018e-03 4.8065e-03 -2.3319e-05 0.03236 7.35685e-02 1.18901e-01 1.90504e-01 2.56345e-03
8.804326 3.19217027e-02 1.45032609e-02 4.64249637e-02 7.70354411e-03 4.27683398e+00 4.83475109e+00 9.11158507e-03 4.543386e-01 1.130451e+00 3.090072e+01 2.230131e+01 3.409738e-01 3.0578e-03 4.6670e-03 -2.2954e-05 0.03218 7.03379e-02 1.14450e-01 1.85401e-01 2.49151e-03
8.904375 3.12760094e-02 1.42337388e-02 4.55097483e-02 7.62465405e-03 4.19425756e+00 4.71881831e+00 8.91307587e-03 4.551009e-01 1.125066e+00 3.325756e+01 2.247305e+01 3.375252e-01 3.0176e-03 4.4971e-03 -2.2892e-05 0.03081 7.24858e-02 1.15238e-01 1.85264e-01 2.61916e-03
9.004424 3.06536028e-02 1.39680872e-02 4.46216899e-02 7.54407559e-03 4.05544182e+00 4.60156403e+00 8.65700585e-03 4.556752e-01 1.134664e+00 3.412449e+01 1.997720e+01 3.417480e-01 2.9855e-03 4.3223e-03 -2.3670e-05 0.03035 6.84261e-02 1.10381e-01 1.80090e-01 2.38569e-03
9.104473 3.00353086e-02 1.37158728e-02 4.37511814e-02 7.46149176e-03 3.93980597e+00 4.48746161e+00 8.42726758e-03 4.566583e-01 1.139006e+00 3.372426e+01 1.891191e+01 3.481961e-01 2.9583e-03 4.1850e-03 -2.1158e-05 0.02995 6.65901e-02 1.07847e-01 1.77335e-01 2.34874e-03
9.204522 2.94604251e-02 1.34601038e-02 4.29205289e-02 7.38519870e-03 3.86435736e+00 4.37031138e+00 8.23466874e-03 4.568876e-01 1.130928e+00 3.244758e+01 1.805604e+01 3.503605e-01 2.9325e-03 4.0438e-03 -2.4307e-05 0.02941 6.87392e-02 1.09044e-01 1.77971e-01 2.43797e-03
9.304571 2.88867344e-02 1.32135714e-02 4.21003059e-02 7.30234809e-03 3.73575348e+00 4.25715610e+00 7.99290958e-03 4.574270e-01 1.139571e+00 3.070450e+01 1.751721e+01 3.534721e-01 2.9135e-03 3.9173e-03 -2.4579e-05 0.02913 6.40981e-02 1.03921e-01 1.72941e-01 2.19475e-03
9.404621 2.83056843e-02 1.29783217e-02 4.12840060e-02 7.22255827e-03 3.66245460e+00 4.15187565e+00 7.81433025e-03 4.585058e-01 1.133632e+00 2.875195e+01 1.668794e+01 3.667827e-01 2.9004e-03 3.8016e-03 -2.0882e-05 0.02837 6.53634e-02 1.04426e-01 1.73251e-01 2.34861e-03
9.504670 2.77852363e-02 1.27360457e-02 4.05212820e-02 7.14429197e-03 3.57727675e+00 4.04953065e+00 7.62680740e-03 4.583746e-01 1.132015e+00 2.679387e+01 1.614967e+01 3.839845e-01 2.8914e-03 3.6743e-03 -2.4300e-05 0.02902 6.47429e-02 1.03001e-01 1.71600e-01 2.18091e-03
9.604719 2.72549437e-02 1.25037429e-02 3.97586865e-02 7.06029898e-03 3.47016847e+00 3.95699308e+00 7.42716155e-03 4.587697e-01 1.140288e+00 2.489888e+01 1.671542e+01 3.934404e-01 2.8715e-03 3.5622e-03 -2.4487e-05 0.02942 6.10748e-02 9.87943e-02 1.67567e-01 2.04740e-03
9.704768 2.67325077e-02 1.22761917e-02 3.90086994e-02 6.98057253e-03 3.42102046e+00 3.87095765e+00 7.29197811e-03 4.592233e-01 1.131521e+00 2.317528e+01 1.638159e+01 4.001887e-01 2.8336e-03 3.4625e-03 -2.2352e-05 0.03090 6.46863e-02 1.01581e-01 1.70208e-01 2.28477e-03
9.804817 2.62365968e-02 1.20445598e-02 3.82811566e-02 6.90281428e-03 3.32605744e+00 3.78578097e+00 7.11183841e-03 4.590748e-01 1.138219e+00 2.157949e+01 1.686924e+01 4.112664e-01 2.7874e-03 3.3793e-03 -2.4105e-05 0.03129 6.23091e-02 9.87534e-02 1.67538e-01 2.05878e-03
9.904866 2.57524998e-02 1.18233511e-02 3.75758509e-02 6.82113348e-03 3.23268224e+00 3.70440875e+00 6.93709099e-03 4.591147e-01 1.145924e+00 2.009926e+01 1.587089e+01 4.127248e-01 2.7348e-03 3.3284e-03 -2.2976e-05 0.03164 6.01612e-02 9.63278e-02 1.65145e-01 1.97906e-03
9.999999 2.53026084e-02 1.16124043e-02 3.69150127e-02 6.75005519e-03 3.19435345e+00 3.62584384e+00 6.82019729e-03 4.589410e-01 1.135079e+00 1.883162e+01 1.689913e+01 3.981899e-01 2.6856e-03 3.3060e-03 -2.3933e-05 0.03227 6.51644e-02 1.00809e-01 1.68866e-01 2.21197e-03
