# tg_mhd (CUDA FP64)  tgc_noslip_cond_n192_re250  N=192 L=192 Re=250 Pm=1 u0=0.05 nu_lat=1.215944e-02 eta_lat=1.215944e-02 tau_f=0.536478 tau_m=0.548638 dt=8.224065e-04
# t E_V E_M E_T H_C Omega_V Omega_M eps EM/EV OmM/OmV j_max w_max skew divb/j divb_wall/j mass_drift umax_lat fw1 fw2 fw4 tau_wall
0.000000 1.22395905e-01 1.25000000e-01 2.47395905e-01 2.03976218e-20 2.66941250e+01 1.49945900e+00 2.25548672e-01 1.021276e+00 5.617187e-02 3.463243e+00 9.118036e+01 3.000322e-18 2.8424e-15 6.1549e-15 +0.0000e+00 0.04998 9.38404e-01 9.44081e-01 9.55677e-01 1.77452e-01
0.050167 1.16929517e-01 1.23955781e-01 2.40885299e-01 -3.25522236e-05 8.44188385e+00 1.49557573e+00 7.94996767e-02 1.060090e+00 1.771614e-01 3.565113e+00 3.786005e+01 1.594794e-01 4.7962e-04 1.9460e-03 -1.9041e-05 0.05018 8.25924e-01 8.42086e-01 8.74783e-01 7.21812e-02
0.100334 1.14027435e-01 1.23538838e-01 2.37566273e-01 -6.66484660e-05 6.18808383e+00 1.50914985e+00 6.15778694e-02 1.083413e+00 2.438800e-01 3.722339e+00 3.035012e+01 1.191548e-01 6.7129e-04 2.7245e-03 -1.5835e-06 0.05089 7.69239e-01 7.95555e-01 8.38039e-01 5.32388e-02
0.150500 1.11711229e-01 1.23022541e-01 2.34733770e-01 -1.03811205e-04 5.12720623e+00 1.52846859e+00 5.32453986e-02 1.101255e+00 2.981094e-01 3.893767e+00 2.468386e+01 6.317285e-02 7.8465e-04 3.2346e-03 +1.2501e-05 0.05027 7.19529e-01 7.61956e-01 8.11583e-01 4.42923e-02
0.200667 1.09882670e-01 1.22187631e-01 2.32070301e-01 -1.64131559e-04 4.47688205e+00 1.54926618e+00 4.82091859e-02 1.111983e+00 3.460592e-01 4.033149e+00 2.200663e+01 3.763069e-02 8.6533e-04 3.6185e-03 -1.8936e-05 0.05026 6.73400e-01 7.34558e-01 7.89853e-01 3.83662e-02
0.250834 1.08259827e-01 1.21749626e-01 2.30009454e-01 -2.35114970e-04 4.07108538e+00 1.58017421e+00 4.52100768e-02 1.124606e+00 3.881457e-01 4.150404e+00 2.157655e+01 1.009899e-01 9.2277e-04 3.8918e-03 -9.4607e-06 0.05098 6.33732e-01 7.12529e-01 7.72701e-01 3.46502e-02
0.301001 1.06666636e-01 1.21151868e-01 2.27818504e-01 -2.94357677e-04 3.74663196e+00 1.61386978e+00 4.28840140e-02 1.135799e+00 4.307522e-01 4.332878e+00 1.847330e+01 2.184132e-01 9.6731e-04 4.1115e-03 -1.2251e-05 0.05024 5.96035e-01 6.91292e-01 7.56418e-01 3.20041e-02
0.351168 1.05074840e-01 1.20349362e-01 2.25424202e-01 -3.51289463e-04 3.49318635e+00 1.64991535e+00 4.11448136e-02 1.145368e+00 4.723239e-01 4.517061e+00 1.831971e+01 2.479116e-01 1.0023e-03 4.2899e-03 -1.8024e-05 0.04995 5.61520e-01 6.71293e-01 7.41467e-01 2.99282e-02
0.401334 1.03563519e-01 1.19970295e-01 2.23533814e-01 -4.31909151e-04 3.34351358e+00 1.69559768e+00 4.03128900e-02 1.158422e+00 5.071305e-01 4.674520e+00 1.800819e+01 2.114812e-01 1.0343e-03 4.4426e-03 +9.6446e-06 0.04968 5.34746e-01 6.55399e-01 7.30319e-01 2.81391e-02
0.451501 1.02276127e-01 1.19185441e-01 2.21461568e-01 -5.09541704e-04 3.20380163e+00 1.73973763e+00 3.95483141e-02 1.165330e+00 5.430229e-01 4.814134e+00 1.664916e+01 2.040584e-01 1.0552e-03 4.5608e-03 -9.1392e-06 0.04951 5.08175e-01 6.38382e-01 7.18282e-01 2.73177e-02
0.501668 1.01045434e-01 1.18522019e-01 2.19567452e-01 -5.69535417e-04 3.07128228e+00 1.78922685e+00 3.88840731e-02 1.172958e+00 5.825667e-01 4.957055e+00 1.704468e+01 1.973414e-01 1.0779e-03 4.6777e-03 -1.9948e-05 0.04858 4.81817e-01 6.20109e-01 7.05599e-01 2.57294e-02
0.551835 9.97599184e-02 1.17966074e-01 2.17725992e-01 -6.31810288e-04 2.97464799e+00 1.84460050e+00 3.85539879e-02 1.182500e+00 6.201072e-01 5.095093e+00 1.599447e+01 2.659709e-01 1.0960e-03 4.7695e-03 -9.9347e-06 0.04865 4.58960e-01 6.03224e-01 6.94443e-01 2.49486e-02
0.602002 9.85139078e-02 1.17113647e-01 2.15627555e-01 -7.12698695e-04 2.89099594e+00 1.90057466e+00 3.83325648e-02 1.188803e+00 6.574117e-01 5.233741e+00 1.608967e+01 3.155329e-01 1.1114e-03 4.8517e-03 -2.3024e-05 0.04859 4.37353e-01 5.86362e-01 6.83360e-01 2.38533e-02
0.652168 9.72604033e-02 1.16498474e-01 2.13758878e-01 -7.75236601e-04 2.80534989e+00 1.96470594e+00 3.81604466e-02 1.197800e+00 7.003426e-01 5.343578e+00 1.588111e+01 3.314567e-01 1.1287e-03 4.9367e-03 -4.2741e-06 0.04819 4.15128e-01 5.68321e-01 6.71804e-01 2.30380e-02
0.702335 9.60808330e-02 1.15737832e-01 2.11818665e-01 -8.28121795e-04 2.81354070e+00 2.03021739e+00 3.87500647e-02 1.204588e+00 7.215881e-01 5.471524e+00 1.566916e+01 2.966988e-01 1.1453e-03 5.0118e-03 +9.1637e-07 0.04781 4.03950e-01 5.57796e-01 6.65902e-01 2.34712e-02
0.752502 9.50254907e-02 1.14783417e-01 2.09808907e-01 -8.73305226e-04 2.74949225e+00 2.09410927e+00 3.87488122e-02 1.207922e+00 7.616349e-01 5.566439e+00 1.584634e+01 2.980220e-01 1.1609e-03 5.0773e-03 -2.2705e-05 0.04782 3.83641e-01 5.39753e-01 6.54062e-01 2.22391e-02
0.802669 9.40246735e-02 1.13987713e-01 2.08012386e-01 -9.20514824e-04 2.69994606e+00 2.16588406e+00 3.89266410e-02 1.212317e+00 8.021953e-01 5.632337e+00 1.548073e+01 3.465919e-01 1.1803e-03 5.1320e-03 -1.4571e-05 0.04737 3.64971e-01 5.22483e-01 6.43111e-01 2.14925e-02
0.852835 9.30176732e-02 1.12993818e-01 2.06011492e-01 -9.65031472e-04 2.68146073e+00 2.23815636e+00 3.93569367e-02 1.214756e+00 8.346780e-01 5.679006e+00 1.577643e+01 3.783484e-01 1.1998e-03 5.1928e-03 -1.9289e-05 0.04778 3.50233e-01 5.07656e-01 6.33823e-01 2.13921e-02
0.903002 9.19871170e-02 1.11930382e-01 2.03917499e-01 -9.83975236e-04 2.65317160e+00 2.31380613e+00 3.97358219e-02 1.216805e+00 8.720906e-01 5.740325e+00 1.561450e+01 4.068244e-01 1.2231e-03 5.2507e-03 -1.9272e-05 0.04715 3.34105e-01 4.91481e-01 6.23546e-01 2.07499e-02
0.953169 9.10250148e-02 1.10939414e-01 2.01964429e-01 -9.99871238e-04 2.66043815e+00 2.39449759e+00 4.04394859e-02 1.218779e+00 9.000388e-01 5.777313e+00 1.595950e+01 3.912769e-01 1.2524e-03 5.3090e-03 +1.3836e-06 0.04706 3.22539e-01 4.78717e-01 6.15876e-01 2.07336e-02
1.003336 9.02237337e-02 1.09654729e-01 1.99878463e-01 -1.00503008e-03 2.65641681e+00 2.47039471e+00 4.10144921e-02 1.215365e+00 9.299725e-01 5.765329e+00 1.523340e+01 3.743614e-01 1.2833e-03 5.3594e-03 -1.6024e-05 0.04637 3.09263e-01 4.64050e-01 6.06184e-01 2.05495e-02
1.053503 8.94818069e-02 1.08369183e-01 1.97850989e-01 -9.91841642e-04 2.63667415e+00 2.54971987e+00 4.14911522e-02 1.211075e+00 9.670212e-01 5.732847e+00 1.585860e+01 4.004456e-01 1.3225e-03 5.4139e-03 -2.2215e-05 0.04598 2.93884e-01 4.47523e-01 5.95062e-01 1.96216e-02
1.103669 8.87272555e-02 1.07050315e-01 1.95777571e-01 -9.67486911e-04 2.65671150e+00 2.63235796e+00 4.23125557e-02 1.206510e+00 9.908332e-01 6.008930e+00 1.578847e+01 4.035308e-01 1.3676e-03 5.4583e-03 -1.7182e-05 0.04603 2.83970e-01 4.35199e-01 5.87040e-01 1.98466e-02
1.153836 8.80151828e-02 1.05540324e-01 1.93555507e-01 -9.41481346e-04 2.63538919e+00 2.71349044e+00 4.27910371e-02 1.199115e+00 1.029636e+00 6.362781e+00 1.597390e+01 4.251095e-01 1.4196e-03 5.5043e-03 -2.5249e-05 0.04581 2.68598e-01 4.18294e-01 5.75371e-01 1.88445e-02
1.204003 8.73263975e-02 1.04077248e-01 1.91403646e-01 -8.98059484e-04 2.63905438e+00 2.80170408e+00 4.35260677e-02 1.191819e+00 1.061632e+00 6.748484e+00 1.558653e+01 4.384711e-01 1.4839e-03 5.5601e-03 -8.1029e-06 0.04503 2.56700e-01 4.04282e-01 5.66044e-01 1.87085e-02
1.254170 8.67175344e-02 1.02471977e-01 1.89189511e-01 -8.43347820e-04 2.68656257e+00 2.88618548e+00 4.45819843e-02 1.181675e+00 1.074304e+00 7.142006e+00 1.620780e+01 3.761079e-01 1.5570e-03 5.6088e-03 -8.0408e-06 0.04476 2.50878e-01 3.94911e-01 5.59674e-01 1.91926e-02
1.304337 8.61921351e-02 1.00712195e-01 1.86904330e-01 -7.43961200e-04 2.67016530e+00 2.96628891e+00 4.50916337e-02 1.168462e+00 1.110901e+00 7.571477e+00 1.507904e+01 3.875631e-01 1.6410e-03 5.6383e-03 -2.5260e-05 0.04340 2.36674e-01 3.78537e-01 5.47833e-01 1.82522e-02
1.354503 8.56876612e-02 9.89803094e-02 1.84667971e-01 -6.55668195e-04 2.67525035e+00 3.05214791e+00 4.58191860e-02 1.155129e+00 1.140883e+00 8.016200e+00 1.582157e+01 4.053830e-01 1.7417e-03 5.6693e-03 -1.9099e-05 0.04310 2.25695e-01 3.64945e-01 5.38265e-01 1.78211e-02
1.404670 8.51902380e-02 9.71264923e-02 1.82316730e-01 -5.81463236e-04 2.69485529e+00 3.13525168e+00 4.66408558e-02 1.140113e+00 1.163421e+00 8.464921e+00 1.628978e+01 3.886252e-01 1.8560e-03 5.6905e-03 -2.4473e-05 0.04324 2.17246e-01 3.53262e-01 5.29899e-01 1.78428e-02
1.454837 8.46664132e-02 9.52535077e-02 1.79919921e-01 -4.73694064e-04 2.68316146e+00 3.22013591e+00 4.72263790e-02 1.125045e+00 1.200128e+00 8.957281e+00 1.547422e+01 4.238133e-01 1.9877e-03 5.7107e-03 -2.0096e-05 0.04215 2.05058e-01 3.38684e-01 5.19614e-01 1.70352e-02
1.505004 8.41572440e-02 9.33601971e-02 1.77517441e-01 -3.36593718e-04 2.70787991e+00 3.30593206e+00 4.81104958e-02 1.109354e+00 1.220856e+00 9.429945e+00 1.535690e+01 3.897209e-01 2.1354e-03 5.7329e-03 -5.7181e-06 0.04118 1.98231e-01 3.28773e-01 5.12900e-01 1.73133e-02
1.555171 8.37356784e-02 9.13169814e-02 1.75052660e-01 -1.98459216e-04 2.71825321e+00 3.38076054e+00 4.87921100e-02 1.090539e+00 1.243725e+00 9.919680e+00 1.517026e+01 3.671814e-01 2.2926e-03 5.7196e-03 -2.1155e-05 0.04050 1.90227e-01 3.17587e-01 5.04721e-01 1.69976e-02
1.605337 8.33207958e-02 8.92953622e-02 1.72616158e-01 -5.15338336e-05 2.70046148e+00 3.45623379e+00 4.92535622e-02 1.071706e+00 1.279868e+00 1.043290e+01 1.483634e+01 4.036866e-01 2.4635e-03 5.7023e-03 -2.4365e-05 0.04097 1.79158e-01 3.04036e-01 4.95073e-01 1.62034e-02
1.655504 8.28563061e-02 8.72525183e-02 1.70108824e-01 9.62691367e-05 2.71195832e+00 3.52878679e+00 4.99259609e-02 1.053058e+00 1.301195e+00 1.088101e+01 1.523805e+01 3.781329e-01 2.6445e-03 5.6800e-03 -2.2199e-05 0.04129 1.72826e-01 2.94707e-01 4.88785e-01 1.62903e-02
1.705671 8.23748315e-02 8.51573345e-02 1.67532166e-01 2.56582711e-04 2.69774307e+00 3.59336033e+00 5.03288272e-02 1.033779e+00 1.331988e+00 1.125552e+01 1.478515e+01 3.893791e-01 2.8319e-03 5.6441e-03 -2.6781e-05 0.04173 1.64084e-01 2.83448e-01 4.81403e-01 1.57089e-02
1.755838 8.18693304e-02 8.31079573e-02 1.64977288e-01 4.22912535e-04 2.68925602e+00 3.65590808e+00 5.07613128e-02 1.015129e+00 1.359450e+00 1.162872e+01 1.429580e+01 3.917096e-01 3.0312e-03 5.6128e-03 -1.1796e-05 0.04226 1.56901e-01 2.74019e-01 4.76052e-01 1.53477e-02
1.806005 8.13900575e-02 8.10014036e-02 1.62391461e-01 6.05142332e-04 2.69374083e+00 3.70272403e+00 5.11717188e-02 9.952248e-01 1.374566e+00 1.201036e+01 1.396447e+01 3.434342e-01 3.2349e-03 5.5669e-03 -1.4424e-05 0.04318 1.52308e-01 2.66859e-01 4.72198e-01 1.55277e-02
1.856171 8.09277499e-02 7.88727626e-02 1.59800512e-01 8.17117999e-04 2.66974204e+00 3.73395264e+00 5.12295575e-02 9.746071e-01 1.398619e+00 1.230631e+01 1.298663e+01 3.462878e-01 3.4437e-03 5.4978e-03 -2.7062e-05 0.04333 1.44851e-01 2.57373e-01 4.66832e-01 1.49585e-02
1.906338 8.04290141e-02 7.67887816e-02 1.57217796e-01 1.02010006e-03 2.65193492e+00 3.75592966e+00 5.12629166e-02 9.547398e-01 1.416298e+00 1.259570e+01 1.331016e+01 3.364756e-01 3.6590e-03 5.4326e-03 -2.3035e-05 0.04371 1.39040e-01 2.49805e-01 4.63708e-01 1.45472e-02
1.956505 7.99141827e-02 7.46927419e-02 1.54606925e-01 1.20173472e-03 2.63623401e+00 3.75822254e+00 5.11556524e-02 9.346619e-01 1.425603e+00 1.281948e+01 1.337653e+01 3.115436e-01 3.8681e-03 5.3584e-03 -2.7544e-05 0.04409 1.34360e-01 2.43488e-01 4.61917e-01 1.42382e-02
2.006672 7.93539312e-02 7.26463967e-02 1.52000328e-01 1.40209619e-03 2.60753259e+00 3.74745514e+00 5.08399018e-02 9.154732e-01 1.437165e+00 1.298053e+01 1.244424e+01 3.219328e-01 4.0683e-03 5.2958e-03 -2.0940e-05 0.04387 1.28512e-01 2.36667e-01 4.60649e-01 1.37099e-02
2.056839 7.87759347e-02 7.06347659e-02 1.49410701e-01 1.63165573e-03 2.60146992e+00 3.71899584e+00 5.05637261e-02 8.966541e-01 1.429575e+00 1.311379e+01 1.184879e+01 2.856113e-01 4.2442e-03 5.2364e-03 -1.1773e-05 0.04398 1.26289e-01 2.33423e-01 4.62295e-01 1.39070e-02
2.107005 7.82526100e-02 6.86056777e-02 1.46858288e-01 1.87439078e-03 2.58069064e+00 3.66622234e+00 4.99753038e-02 8.767206e-01 1.420636e+00 1.313556e+01 1.102519e+01 2.695578e-01 4.3751e-03 5.1491e-03 -2.4608e-05 0.04389 1.22537e-01 2.28856e-01 4.62527e-01 1.35384e-02
2.157172 7.77116135e-02 6.66515156e-02 1.44363129e-01 2.10443832e-03 2.55300599e+00 3.60312049e+00 4.92490118e-02 8.576777e-01 1.411325e+00 1.318774e+01 1.094406e+01 2.809152e-01 4.4607e-03 5.0674e-03 -2.6341e-05 0.04349 1.18120e-01 2.24104e-01 4.63018e-01 1.29845e-02
2.207339 7.71252430e-02 6.47502476e-02 1.41875491e-01 2.31875185e-03 2.53625783e+00 3.52925980e+00 4.85241410e-02 8.395468e-01 1.391522e+00 1.311447e+01 1.116217e+01 2.659166e-01 4.4871e-03 4.9996e-03 -2.6046e-05 0.04338 1.15612e-01 2.21290e-01 4.64923e-01 1.27764e-02
2.257506 7.65144198e-02 6.28880241e-02 1.39402444e-01 2.54833758e-03 2.51166150e+00 3.44641335e+00 4.76645988e-02 8.219107e-01 1.372165e+00 1.306202e+01 1.039463e+01 2.732427e-01 4.4517e-03 4.9331e-03 -2.7817e-05 0.04328 1.12245e-01 2.17930e-01 4.66247e-01 1.23791e-02
2.307673 7.58757813e-02 6.11105868e-02 1.36986368e-01 2.79009360e-03 2.49539100e+00 3.36252423e+00 4.68633218e-02 8.054031e-01 1.347494e+00 1.294269e+01 9.790176e+00 2.703895e-01 4.3657e-03 4.8767e-03 -1.5187e-05 0.04306 1.10272e-01 2.16177e-01 4.68625e-01 1.22080e-02
2.357839 7.52638196e-02 5.93613784e-02 1.34625198e-01 3.03199486e-03 2.48162767e+00 3.27134559e+00 4.60237861e-02 7.887107e-01 1.318226e+00 1.277488e+01 9.523161e+00 2.501002e-01 4.2355e-03 4.8189e-03 -1.9425e-05 0.04344 1.08868e-01 2.14765e-01 4.69909e-01 1.21820e-02
2.408006 7.46591824e-02 5.76646281e-02 1.32323811e-01 3.28073305e-03 2.45902403e+00 3.17877936e+00 4.51024271e-02 7.723715e-01 1.292700e+00 1.259064e+01 9.105737e+00 2.554957e-01 4.0817e-03 4.7573e-03 -2.8732e-05 0.04332 1.06286e-01 2.12237e-01 4.69400e-01 1.18013e-02
2.458173 7.40180931e-02 5.60453089e-02 1.30063402e-01 3.52373608e-03 2.43573115e+00 3.09075437e+00 4.42118842e-02 7.571839e-01 1.268923e+00 1.235381e+01 9.565448e+00 2.507928e-01 3.9230e-03 4.7056e-03 -2.6228e-05 0.04377 1.03773e-01 2.09964e-01 4.68689e-01 1.14597e-02
2.508340 7.33657336e-02 5.44615319e-02 1.27827266e-01 3.74499250e-03 2.41307996e+00 3.00383046e+00 4.33352834e-02 7.423293e-01 1.244812e+00 1.211112e+01 9.480769e+00 2.402904e-01 3.7732e-03 4.6625e-03 -2.9595e-05 0.04430 1.01607e-01 2.07963e-01 4.67343e-01 1.11613e-02
2.558506 7.26767298e-02 5.29487548e-02 1.25625485e-01 3.96546387e-03 2.38945180e+00 2.92242493e+00 4.24950138e-02 7.285517e-01 1.223052e+00 1.187551e+01 8.818768e+00 2.432565e-01 3.6503e-03 4.6336e-03 -2.2351e-05 0.04430 9.94382e-02 2.06169e-01 4.65724e-01 1.08423e-02
2.608673 7.19845751e-02 5.14863197e-02 1.23470895e-01 4.20144616e-03 2.37639222e+00 2.84243250e+00 4.17505978e-02 7.152410e-01 1.196113e+00 1.158541e+01 8.547126e+00 2.225027e-01 3.5575e-03 4.6131e-03 -1.6616e-05 0.04482 9.92159e-02 2.06055e-01 4.64337e-01 1.10169e-02
2.658840 7.13353033e-02 5.00469856e-02 1.21382289e-01 4.44967305e-03 2.35738934e+00 2.76098405e+00 4.09469872e-02 7.015739e-01 1.171204e+00 1.126253e+01 8.002132e+00 2.099829e-01 3.4945e-03 4.5800e-03 -2.7199e-05 0.04502 9.81952e-02 2.04951e-01 4.61134e-01 1.09320e-02
2.709007 7.06700333e-02 4.86755212e-02 1.19345554e-01 4.67664084e-03 2.33013730e+00 2.68413229e+00 4.01141567e-02 6.887717e-01 1.151920e+00 1.097423e+01 7.859308e+00 2.074338e-01 3.4597e-03 4.5512e-03 -2.8317e-05 0.04510 9.59450e-02 2.02895e-01 4.57083e-01 1.04498e-02
2.759174 6.99825433e-02 4.73432242e-02 1.17325767e-01 4.87494740e-03 2.30145104e+00 2.60985964e+00 3.92904855e-02 6.765005e-01 1.134006e+00 1.067434e+01 8.051235e+00 2.046490e-01 3.4466e-03 4.5384e-03 -2.8987e-05 0.04552 9.35872e-02 2.00743e-01 4.52550e-01 1.01025e-02
2.809340 6.92758562e-02 4.60511997e-02 1.15327056e-01 5.07595177e-03 2.27732968e+00 2.53832434e+00 3.85252322e-02 6.647511e-01 1.114606e+00 1.035581e+01 7.551021e+00 2.011838e-01 3.4471e-03 4.5329e-03 -2.8424e-05 0.04544 9.22809e-02 1.99602e-01 4.48484e-01 9.93694e-03
2.859507 6.85533931e-02 4.48181206e-02 1.13371514e-01 5.29122674e-03 2.25894319e+00 2.47039840e+00 3.78347328e-02 6.537695e-01 1.093608e+00 1.003701e+01 7.024028e+00 1.939967e-01 3.4523e-03 4.5316e-03 -1.8384e-05 0.04529 9.22929e-02 1.99819e-01 4.45345e-01 1.00030e-02
2.909674 6.78662984e-02 4.36047783e-02 1.11471077e-01 5.50137860e-03 2.24143426e+00 2.40122699e+00 3.71412900e-02 6.425100e-01 1.071290e+00 9.706534e+00 6.963641e+00 1.856299e-01 3.4561e-03 4.5277e-03 -2.3344e-05 0.04516 9.26884e-02 2.00072e-01 4.41568e-01 1.01081e-02
2.959841 6.71895700e-02 4.24358666e-02 1.09625437e-01 5.70028305e-03 2.21410120e+00 2.33399857e+00 3.63847982e-02 6.315841e-01 1.054152e+00 9.390499e+00 6.947085e+00 1.841904e-01 3.4562e-03 4.5193e-03 -2.9976e-05 0.04476 9.13896e-02 1.98754e-01 4.36475e-01 9.75242e-03
3.010008 6.64860223e-02 4.13187831e-02 1.07804805e-01 5.88596873e-03 2.18354653e+00 2.27063894e+00 3.56334838e-02 6.214657e-01 1.039886e+00 9.086652e+00 7.047779e+00 1.878170e-01 3.4514e-03 4.5215e-03 -2.8755e-05 0.04467 8.96902e-02 1.97218e-01 4.31389e-01 9.45100e-03
3.060174 6.57793376e-02 4.02244074e-02 1.06003745e-01 6.06095715e-03 2.15375596e+00 2.20931866e+00 3.49045970e-02 6.115052e-01 1.025798e+00 8.785536e+00 7.094339e+00 1.928834e-01 3.4393e-03 4.5297e-03 -3.0991e-05 0.04436 8.84036e-02 1.96015e-01 4.26540e-01 9.23787e-03
3.110341 6.50493036e-02 3.91786381e-02 1.04227942e-01 6.23048940e-03 2.12916174e+00 2.15197077e+00 3.42490601e-02 6.022914e-01 1.010713e+00 8.491800e+00 7.050939e+00 1.932867e-01 3.4213e-03 4.5421e-03 -2.3659e-05 0.04380 8.84762e-02 1.96203e-01 4.22944e-01 9.15863e-03
3.160508 6.43268897e-02 3.81689771e-02 1.02495867e-01 6.40175649e-03 2.10795602e+00 2.09625111e+00 3.36336571e-02 5.933596e-01 9.944473e-01 8.199727e+00 7.038202e+00 1.889982e-01 3.3960e-03 4.5597e-03 -2.0440e-05 0.04333 8.94994e-02 1.97113e-01 4.19752e-01 9.38449e-03
3.210675 6.36389623e-02 3.71825800e-02 1.00821542e-01 6.57948296e-03 2.08555546e+00 2.04116027e+00 3.30137259e-02 5.842738e-01 9.787130e-01 7.908307e+00 7.020875e+00 1.865380e-01 3.3643e-03 4.5720e-03 -2.9100e-05 0.04277 9.05458e-02 1.97770e-01 4.16186e-01 9.45174e-03
3.260842 6.29387514e-02 3.62422509e-02 9.91810024e-02 6.74453255e-03 2.05227013e+00 1.98973706e+00 3.23360575e-02 5.758336e-01 9.695298e-01 7.628755e+00 6.978422e+00 1.899940e-01 3.3288e-03 4.5836e-03 -2.9985e-05 0.04221 8.94665e-02 1.96638e-01 4.11628e-01 9.06595e-03
3.311008 6.22264068e-02 3.53285957e-02 9.75550025e-02 6.88185785e-03 2.01363129e+00 1.94121646e+00 3.16387819e-02 5.677428e-01 9.640377e-01 7.357321e+00 6.923241e+00 1.987295e-01 3.2903e-03 4.6087e-03 -3.0923e-05 0.04172 8.73510e-02 1.94597e-01 4.06574e-01 8.67023e-03
3.361175 6.15028975e-02 3.44452568e-02 9.59481543e-02 7.01461577e-03 1.98242474e+00 1.89589213e+00 3.10265350e-02 5.600591e-01 9.563501e-01 7.102146e+00 6.826644e+00 2.004963e-01 3.2496e-03 4.6407e-03 -2.8878e-05 0.04113 8.71485e-02 1.94298e-01 4.03016e-01 8.59007e-03
3.411342 6.07695812e-02 3.36003755e-02 9.43699566e-02 7.16036744e-03 1.96017460e+00 1.85343989e+00 3.05089159e-02 5.529144e-01 9.455484e-01 6.858222e+00 6.770069e+00 1.985373e-01 3.2083e-03 4.6774e-03 -2.1211e-05 0.04039 8.92586e-02 1.96093e-01 4.01263e-01 8.89662e-03
3.461509 6.00720409e-02 3.27711352e-02 9.28431761e-02 7.30630359e-03 1.93657398e+00 1.81123562e+00 2.99824768e-02 5.455306e-01 9.352783e-01 6.614977e+00 6.687346e+00 1.900424e-01 3.1652e-03 4.7121e-03 -2.6107e-05 0.03980 9.12288e-02 1.97484e-01 3.99130e-01 9.11141e-03
3.511676 5.93828866e-02 3.19745641e-02 9.13574507e-02 7.43829600e-03 1.90251482e+00 1.77112806e+00 2.93891431e-02 5.384475e-01 9.309405e-01 6.386323e+00 6.575495e+00 1.915248e-01 3.1237e-03 4.7456e-03 -3.1060e-05 0.03919 9.07929e-02 1.96707e-01 3.95524e-01 8.76003e-03
3.561842 5.86774999e-02 3.12084913e-02 8.98859912e-02 7.55373007e-03 1.86349617e+00 1.73356227e+00 2.87764675e-02 5.318647e-01 9.302741e-01 6.162945e+00 6.495761e+00 1.979363e-01 3.0848e-03 4.7876e-03 -3.0727e-05 0.03857 8.91609e-02 1.94937e-01 3.91440e-01 8.41558e-03
3.612009 5.79744194e-02 3.04572490e-02 8.84316684e-02 7.66455161e-03 1.82799309e+00 1.69745082e+00 2.82035513e-02 5.253567e-01 9.285871e-01 5.947636e+00 6.409681e+00 2.027763e-01 3.0481e-03 4.8367e-03 -3.1783e-05 0.03796 8.84712e-02 1.93980e-01 3.88170e-01 8.28246e-03
3.662176 5.72588958e-02 2.97376933e-02 8.69965891e-02 7.77624072e-03 1.80047628e+00 1.66354282e+00 2.77121528e-02 5.193550e-01 9.239460e-01 5.747737e+00 6.294826e+00 2.004235e-01 3.0160e-03 4.8881e-03 -2.4944e-05 0.03738 8.99120e-02 1.95062e-01 3.86787e-01 8.40382e-03
3.712343 5.65585227e-02 2.90379685e-02 8.55964912e-02 7.88529894e-03 1.77630528e+00 1.62976987e+00 2.72486012e-02 5.134145e-01 9.175055e-01 5.646262e+00 6.203916e+00 1.944868e-01 2.9883e-03 4.9404e-03 -2.3578e-05 0.03676 9.22152e-02 1.96775e-01 3.85917e-01 8.67741e-03
3.762510 5.58884215e-02 2.83547949e-02 8.42432164e-02 7.99373377e-03 1.75001875e+00 1.59563600e+00 2.67652380e-02 5.073465e-01 9.117822e-01 5.590064e+00 6.339990e+00 1.902885e-01 2.9651e-03 4.9860e-03 -3.0552e-05 0.03625 9.39284e-02 1.97796e-01 3.84511e-01 8.71818e-03
3.812676 5.52104057e-02 2.77011699e-02 8.29115756e-02 8.09466317e-03 1.71416596e+00 1.56274834e+00 2.62153144e-02 5.017382e-01 9.116669e-01 5.537834e+00 6.021496e+00 1.951908e-01 2.9485e-03 5.0303e-03 -3.1359e-05 0.03579 9.29696e-02 1.96580e-01 3.81662e-01 8.37325e-03
3.862843 5.45325021e-02 2.70614176e-02 8.15939197e-02 8.17838447e-03 1.67653963e+00 1.53030559e+00 2.56547618e-02 4.962438e-01 9.127763e-01 5.487159e+00 5.885566e+00 2.041688e-01 2.9365e-03 5.0785e-03 -3.2374e-05 0.03565 9.13871e-02 1.94855e-01 3.78596e-01 8.06405e-03
3.913010 5.38497676e-02 2.64418676e-02 8.02916352e-02 8.25586677e-03 1.64611268e+00 1.49852036e+00 2.51570643e-02 4.910303e-01 9.103389e-01 5.439437e+00 5.875528e+00 2.108288e-01 2.9294e-03 5.1252e-03 -2.9435e-05 0.03539 9.17134e-02 1.94903e-01 3.77099e-01 8.01484e-03
3.963177 5.31648947e-02 2.58467251e-02 7.90116198e-02 8.33819124e-03 1.62476528e+00 1.46697731e+00 2.47339407e-02 4.861615e-01 9.028857e-01 5.390455e+00 5.962996e+00 2.056191e-01 2.9266e-03 5.1695e-03 -2.3647e-05 0.03494 9.45315e-02 1.97210e-01 3.77486e-01 8.36897e-03
4.013343 5.25152932e-02 2.52627956e-02 7.77780888e-02 8.42366495e-03 1.60493367e+00 1.43426156e+00 2.43135618e-02 4.810560e-01 8.936578e-01 5.331655e+00 6.215092e+00 1.983317e-01 2.9250e-03 5.2043e-03 -2.8350e-05 0.03442 9.76860e-02 1.99660e-01 3.77919e-01 8.68483e-03
4.063510 5.18714053e-02 2.47012259e-02 7.65726312e-02 8.49923589e-03 1.57611976e+00 1.40164778e+00 2.38221403e-02 4.762012e-01 8.893028e-01 5.271212e+00 6.026763e+00 2.031272e-01 2.9253e-03 5.2291e-03 -3.2173e-05 0.03409 9.80161e-02 1.99647e-01 3.76549e-01 8.38830e-03
4.113677 5.12199734e-02 2.41594187e-02 7.53793922e-02 8.55701025e-03 1.53956934e+00 1.36949980e+00 2.32725531e-02 4.716796e-01 8.895343e-01 5.206351e+00 5.630017e+00 2.166362e-01 2.9260e-03 5.2520e-03 -3.2336e-05 0.03404 9.57231e-02 1.97388e-01 3.73572e-01 7.93211e-03
4.163844 5.05747523e-02 2.36307015e-02 7.42054538e-02 8.60915744e-03 1.51002057e+00 1.33768418e+00 2.27816380e-02 4.672430e-01 8.858715e-01 5.138212e+00 5.581344e+00 2.283050e-01 2.9250e-03 5.2728e-03 -3.2415e-05 0.03391 9.53734e-02 1.96873e-01 3.72064e-01 7.84688e-03
4.214011 4.99221613e-02 2.31243148e-02 7.30464761e-02 8.66478527e-03 1.49062516e+00 1.30659086e+00 2.23777282e-02 4.632074e-01 8.765388e-01 5.067005e+00 5.862786e+00 2.297257e-01 2.9226e-03 5.2884e-03 -2.6414e-05 0.03348 9.81067e-02 1.99171e-01 3.72956e-01 8.13029e-03
4.264177 4.92867312e-02 2.26320181e-02 7.19187493e-02 8.71702221e-03 1.47377976e+00 1.27520426e+00 2.19918721e-02 4.591909e-01 8.652611e-01 4.983993e+00 6.204182e+00 2.209239e-01 2.9167e-03 5.2944e-03 -2.6267e-05 0.03297 1.01497e-01 2.01942e-01 3.74215e-01 8.43289e-03
4.314344 4.86750117e-02 2.21543855e-02 7.08293973e-02 8.76230463e-03 1.45134236e+00 1.24382916e+00 2.15613721e-02 4.551491e-01 8.570198e-01 4.889173e+00 6.110032e+00 2.221983e-01 2.9067e-03 5.2883e-03 -3.1829e-05 0.03259 1.02848e-01 2.02812e-01 3.73975e-01 8.30325e-03
4.364511 4.80562232e-02 2.16974602e-02 6.97536834e-02 8.79917071e-03 1.42366230e+00 1.21354366e+00 2.10976477e-02 4.515016e-01 8.524098e-01 4.789780e+00 5.931596e+00 2.341894e-01 2.8941e-03 5.2786e-03 -3.2757e-05 0.03238 1.02194e-01 2.01964e-01 3.72595e-01 8.03945e-03
4.414678 4.74426969e-02 2.12521434e-02 6.86948403e-02 8.82588126e-03 1.39522326e+00 1.18416320e+00 2.06350916e-02 4.479539e-01 8.487267e-01 4.684959e+00 5.750442e+00 2.484378e-01 2.8771e-03 5.2646e-03 -3.3569e-05 0.03224 1.01032e-01 2.00649e-01 3.71067e-01 7.82586e-03
4.464845 4.68263581e-02 2.08229519e-02 6.76493099e-02 8.84600232e-03 1.37272302e+00 1.15610463e+00 2.02306213e-02 4.446844e-01 8.421980e-01 4.575639e+00 5.718249e+00 2.586634e-01 2.8569e-03 5.2460e-03 -3.0159e-05 0.03198 1.01724e-01 2.01008e-01 3.71154e-01 7.77708e-03
4.515011 4.62112774e-02 2.04100478e-02 6.66213252e-02 8.86424779e-03 1.35785716e+00 1.12905511e+00 1.98952982e-02 4.416681e-01 8.314977e-01 4.460276e+00 6.062007e+00 2.525786e-01 2.8340e-03 5.2239e-03 -2.5984e-05 0.03156 1.04929e-01 2.03567e-01 3.73210e-01 8.09776e-03
4.565178 4.56242251e-02 2.00062377e-02 6.56304629e-02 8.88243202e-03 1.34488446e+00 1.10235307e+00 1.95779002e-02 4.385003e-01 8.196638e-01 4.335279e+00 6.282872e+00 2.433784e-01 2.8077e-03 5.1913e-03 -3.0305e-05 0.03134 1.08649e-01 2.06450e-01 3.75638e-01 8.36197e-03
4.615345 4.50409320e-02 1.96176626e-02 6.46585946e-02 8.89337317e-03 1.32316475e+00 1.07682772e+00 1.91999397e-02 4.355519e-01 8.138274e-01 4.207752e+00 6.110300e+00 2.529933e-01 2.7806e-03 5.1518e-03 -3.3320e-05 0.03118 1.08960e-01 2.06343e-01 3.76049e-01 8.10150e-03
4.665512 4.44545013e-02 1.92413732e-02 6.36958745e-02 8.88967221e-03 1.29493454e+00 1.05273020e+00 1.87813179e-02 4.328330e-01 8.129602e-01 4.079061e+00 5.787608e+00 2.690254e-01 2.7531e-03 5.1120e-03 -3.3775e-05 0.03113 1.06538e-01 2.03864e-01 3.74997e-01 7.71236e-03
4.715679 4.38747826e-02 1.88747177e-02 6.27495003e-02 8.87880345e-03 1.27274571e+00 1.02998959e+00 1.84218824e-02 4.301951e-01 8.092658e-01 4.005379e+00 5.645655e+00 2.845176e-01 2.7258e-03 5.0705e-03 -3.3115e-05 0.03110 1.06159e-01 2.03200e-01 3.75777e-01 7.61806e-03
4.765845 4.32902240e-02 1.85218799e-02 6.18121039e-02 8.86913014e-03 1.25967884e+00 1.00857019e+00 1.81459922e-02 4.278536e-01 8.006566e-01 3.972700e+00 5.946507e+00 2.853716e-01 2.7007e-03 5.0283e-03 -2.7984e-05 0.03109 1.09151e-01 2.05592e-01 3.79383e-01 7.89439e-03
4.816012 4.27235969e-02 1.81760029e-02 6.08995998e-02 8.85750355e-03 1.24914074e+00 9.87648459e-01 1.78943136e-02 4.254324e-01 7.906623e-01 3.968458e+00 6.244615e+00 2.721305e-01 2.6771e-03 4.9815e-03 -2.8603e-05 0.03118 1.12978e-01 2.08704e-01 3.83723e-01 8.20105e-03
4.866179 4.21734964e-02 1.78382053e-02 6.00117017e-02 8.83896032e-03 1.23253081e+00 9.67323916e-01 1.75988378e-02 4.229719e-01 7.848274e-01 3.972741e+00 6.081244e+00 2.764760e-01 2.6560e-03 4.9312e-03 -3.3135e-05 0.03113 1.14181e-01 2.09514e-01 3.86425e-01 8.03096e-03
4.916346 4.16188288e-02 1.75116647e-02 5.91304935e-02 8.81157336e-03 1.21016568e+00 9.48076461e-01 1.72659371e-02 4.207630e-01 7.834270e-01 3.965353e+00 5.842813e+00 2.921504e-01 2.6386e-03 4.8827e-03 -3.4107e-05 0.03113 1.12773e-01 2.08126e-01 3.87724e-01 7.75140e-03
4.966513 4.10723988e-02 1.71913548e-02 5.82637536e-02 8.77806990e-03 1.18906718e+00 9.29708810e-01 1.69502079e-02 4.185622e-01 7.818808e-01 3.950812e+00 5.696851e+00 3.100001e-01 2.6240e-03 4.8365e-03 -3.4576e-05 0.03112 1.11640e-01 2.07060e-01 3.89525e-01 7.60837e-03
5.016679 4.05253213e-02 1.68797603e-02 5.74050816e-02 8.74178140e-03 1.17431287e+00 9.12253498e-01 1.66925309e-02 4.165238e-01 7.768402e-01 4.006803e+00 5.726064e+00 3.227261e-01 2.6124e-03 4.7943e-03 -3.1091e-05 0.03103 1.12997e-01 2.08335e-01 3.93390e-01 7.64566e-03
5.066846 3.99817063e-02 1.65756436e-02 5.65573499e-02 8.70292059e-03 1.16431284e+00 8.95181649e-01 1.64759559e-02 4.145807e-01 7.688498e-01 4.067416e+00 5.950626e+00 3.132234e-01 2.6028e-03 4.7550e-03 -2.8188e-05 0.03103 1.16209e-01 2.11356e-01 3.98602e-01 7.90221e-03
5.117013 3.94614547e-02 1.62753052e-02 5.57367599e-02 8.66222899e-03 1.15405514e+00 8.78048583e-01 1.62568298e-02 4.124355e-01 7.608376e-01 4.129811e+00 6.057918e+00 3.085070e-01 2.5935e-03 4.7163e-03 -3.2015e-05 0.03098 1.19136e-01 2.14193e-01 4.03458e-01 8.01079e-03
5.167180 3.89433090e-02 1.59825453e-02 5.49258543e-02 8.61789517e-03 1.13832567e+00 8.61324492e-01 1.59972013e-02 4.104054e-01 7.566591e-01 4.192246e+00 5.900408e+00 3.228596e-01 2.5850e-03 4.6824e-03 -3.4488e-05 0.03085 1.19478e-01 2.14926e-01 4.06684e-01 7.82016e-03
5.217347 3.84264059e-02 1.56958069e-02 5.41222128e-02 8.56593229e-03 1.11885236e+00 8.45100902e-01 1.57116261e-02 4.084641e-01 7.553283e-01 4.259073e+00 5.630553e+00 3.404988e-01 2.5765e-03 4.6544e-03 -3.5082e-05 0.03077 1.17947e-01 2.14188e-01 4.08789e-01 7.60540e-03
5.267513 3.79165587e-02 1.54147108e-02 5.33312695e-02 8.50914276e-03 1.10226601e+00 8.29367555e-01 1.54530685e-02 4.065430e-01 7.524205e-01 4.331353e+00 5.478534e+00 3.607397e-01 2.5675e-03 4.6319e-03 -3.3848e-05 0.03060 1.17535e-01 2.14611e-01 4.11724e-01 7.45295e-03
5.317680 3.74042911e-02 1.51407498e-02 5.25450409e-02 8.45291502e-03 1.09310040e+00 8.14010298e-01 1.52568856e-02 4.047864e-01 7.446803e-01 4.395243e+00 5.695555e+00 3.621721e-01 2.5579e-03 4.6161e-03 -2.9567e-05 0.03047 1.20403e-01 2.18129e-01 4.16867e-01 7.65356e-03
5.367847 3.69083474e-02 1.48697407e-02 5.17780881e-02 8.39769037e-03 1.08764302e+00 7.98451101e-01 1.50887529e-02 4.028829e-01 7.341114e-01 4.466670e+00 5.934989e+00 3.486199e-01 2.5459e-03 4.6039e-03 -3.0680e-05 0.03035 1.24923e-01 2.23222e-01 4.22789e-01 7.97396e-03
5.418014 3.64245022e-02 1.46031572e-02 5.10276593e-02 8.33943408e-03 1.07623442e+00 7.82873834e-01 1.48728660e-02 4.009158e-01 7.274194e-01 4.526441e+00 5.815675e+00 3.557421e-01 2.5321e-03 4.5950e-03 -3.4387e-05 0.03016 1.26578e-01 2.25939e-01 4.26626e-01 7.81651e-03
5.468181 3.59381533e-02 1.43429096e-02 5.02810629e-02 8.27552662e-03 1.05862909e+00 7.67676902e-01 1.46104480e-02 3.990998e-01 7.251613e-01 4.594649e+00 5.515268e+00 3.741461e-01 2.5174e-03 4.5908e-03 -3.5359e-05 0.02999 1.25154e-01 2.26141e-01 4.28451e-01 7.52721e-03
5.518347 3.54601046e-02 1.40870913e-02 4.95471959e-02 8.20897741e-03 1.04362691e+00 7.52847187e-01 1.43717928e-02 3.972659e-01 7.213758e-01 4.653483e+00 5.352729e+00 3.933248e-01 2.5019e-03 4.5923e-03 -3.5477e-05 0.02979 1.24902e-01 2.27502e-01 4.30984e-01 7.44317e-03
5.568514 3.49821900e-02 1.38373070e-02 4.88194970e-02 8.14318980e-03 1.03474260e+00 7.38396870e-01 1.41851158e-02 3.955529e-01 7.136044e-01 4.705734e+00 5.461945e+00 4.027362e-01 2.4860e-03 4.5996e-03 -3.2120e-05 0.02954 1.27670e-01 2.31624e-01 4.35436e-01 7.55124e-03
5.618681 3.45089867e-02 1.35917983e-02 4.81007850e-02 8.07750115e-03 1.02802181e+00 7.23966636e-01 1.40159076e-02 3.938626e-01 7.042328e-01 4.739375e+00 5.642769e+00 3.912884e-01 2.4689e-03 4.6101e-03 -3.0182e-05 0.02934 1.31547e-01 2.36765e-01 4.40355e-01 7.73739e-03
5.668848 3.40534005e-02 1.33489328e-02 4.74023333e-02 8.01105235e-03 1.01940418e+00 7.09392185e-01 1.38303709e-02 3.920000e-01 6.958890e-01 4.775850e+00 5.644535e+00 3.872375e-01 2.4503e-03 4.6223e-03 -3.3531e-05 0.02910 1.34509e-01 2.41100e-01 4.44319e-01 7.72640e-03
5.719014 3.35983258e-02 1.31115213e-02 4.67098470e-02 7.94332742e-03 1.00759829e+00 6.95048037e-01 1.36211706e-02 3.902433e-01 6.898067e-01 4.803120e+00 5.489150e+00 3.991935e-01 2.4314e-03 4.6365e-03 -3.5626e-05 0.02883 1.35874e-01 2.44088e-01 4.47139e-01 7.61618e-03
5.769181 3.31467238e-02 1.28789897e-02 4.60257135e-02 7.87337697e-03 9.93260744e-01 6.81015699e-01 1.33942115e-02 3.885449e-01 6.856364e-01 4.815935e+00 5.272562e+00 4.142584e-01 2.4125e-03 4.6528e-03 -3.6182e-05 0.02859 1.35979e-01 2.45991e-01 4.49077e-01 7.50201e-03
5.819348 3.27006425e-02 1.26513274e-02 4.53519699e-02 7.80208726e-03 9.80563417e-01 6.67340739e-01 1.31832333e-02 3.868831e-01 6.805687e-01 4.817538e+00 5.220292e+00 4.310484e-01 2.3936e-03 4.6718e-03 -3.4580e-05 0.02833 1.37014e-01 2.48675e-01 4.51528e-01 7.39027e-03
5.869515 3.22530553e-02 1.24289974e-02 4.46820527e-02 7.73167733e-03 9.72944968e-01 6.53902195e-01 1.30147773e-02 3.853588e-01 6.720855e-01 4.811081e+00 5.387240e+00 4.256975e-01 2.3744e-03 4.6909e-03 -3.1107e-05 0.02807 1.40827e-01 2.53695e-01 4.55584e-01 7.54740e-03
5.919682 3.18194962e-02 1.22096036e-02 4.40290998e-02 7.66336962e-03 9.67363865e-01 6.40345918e-01 1.28616783e-02 3.837145e-01 6.619494e-01 4.816091e+00 5.536408e+00 4.090974e-01 2.3533e-03 4.7071e-03 -3.2446e-05 0.02780 1.45833e-01 2.59595e-01 4.60031e-01 7.74513e-03
5.969848 3.13941828e-02 1.19940954e-02 4.33882783e-02 7.59518496e-03 9.57487510e-01 6.26841042e-01 1.26746284e-02 3.820483e-01 6.546728e-01 4.805999e+00 5.577175e+00 4.135163e-01 2.3310e-03 4.7195e-03 -3.5510e-05 0.02754 1.48616e-01 2.63485e-01 4.62873e-01 7.64096e-03
6.020015 3.09672572e-02 1.17837826e-02 4.27510399e-02 7.52445489e-03 9.42689498e-01 6.13641226e-01 1.24506458e-02 3.805239e-01 6.509473e-01 4.789643e+00 5.399375e+00 4.257128e-01 2.3081e-03 4.7280e-03 -3.6459e-05 0.02726 1.48761e-01 2.65044e-01 4.64005e-01 7.47527e-03
6.070182 3.05484698e-02 1.15782960e-02 4.21267658e-02 7.45250649e-03 9.29066684e-01 6.00771210e-01 1.22387032e-02 3.790139e-01 6.466395e-01 4.762231e+00 5.335278e+00 4.396381e-01 2.2845e-03 4.7340e-03 -3.6236e-05 0.02697 1.49608e-01 2.67085e-01 4.65485e-01 7.40723e-03
6.120349 3.01296281e-02 1.13782249e-02 4.15078530e-02 7.38246677e-03 9.19970753e-01 5.88231956e-01 1.20656217e-02 3.776424e-01 6.394029e-01 4.724463e+00 5.488377e+00 4.430433e-01 2.2599e-03 4.7367e-03 -3.3098e-05 0.02668 1.53095e-01 2.71270e-01 4.68556e-01 7.47303e-03
6.170516 2.97160723e-02 1.11818663e-02 4.08979386e-02 7.31446548e-03 9.13036248e-01 5.75755131e-01 1.19103310e-02 3.762902e-01 6.305939e-01 4.674364e+00 5.638958e+00 4.244716e-01 2.2333e-03 4.7330e-03 -3.1902e-05 0.02640 1.57900e-01 2.76429e-01 4.72250e-01 7.64371e-03
6.220682 2.93160443e-02 1.09886546e-02 4.03046989e-02 7.24679028e-03 9.03791693e-01 5.63284206e-01 1.17366072e-02 3.748342e-01 6.232456e-01 4.628826e+00 5.723933e+00 4.156857e-01 2.2044e-03 4.7206e-03 -3.4823e-05 0.02611 1.61435e-01 2.80352e-01 4.74920e-01 7.62357e-03
6.270849 2.89163457e-02 1.08003996e-02 3.97167453e-02 7.17844747e-03 8.90476637e-01 5.51088876e-01 1.15325241e-02 3.735050e-01 6.188696e-01 4.591739e+00 5.622373e+00 4.232396e-01 2.1743e-03 4.7001e-03 -3.6596e-05 0.02583 1.62613e-01 2.82192e-01 4.76084e-01 7.48943e-03
6.321016 2.85210472e-02 1.06168959e-02 3.91379431e-02 7.10968203e-03 8.76337051e-01 5.39238295e-01 1.13246028e-02 3.722478e-01 6.153321e-01 4.547094e+00 5.479460e+00 4.333663e-01 2.1433e-03 4.6735e-03 -3.7029e-05 0.02552 1.63304e-01 2.83536e-01 4.76935e-01 7.43782e-03
6.371183 2.81306749e-02 1.04382737e-02 3.85689486e-02 7.04133730e-03 8.64851800e-01 5.27751713e-01 1.11408281e-02 3.710637e-01 6.102221e-01 4.496645e+00 5.552451e+00 4.412694e-01 2.1115e-03 4.6409e-03 -3.5239e-05 0.02522 1.65620e-01 2.86172e-01 4.78799e-01 7.43393e-03
6.421350 2.77402559e-02 1.02643011e-02 3.80045569e-02 6.97441716e-03 8.55145900e-01 5.16534008e-01 1.09734393e-02 3.700147e-01 6.040303e-01 4.440524e+00 5.691332e+00 4.283668e-01 2.0785e-03 4.6003e-03 -3.2460e-05 0.02493 1.69032e-01 2.89658e-01 4.81304e-01 7.48962e-03
6.471516 2.73621961e-02 1.00933351e-02 3.74555312e-02 6.90958677e-03 8.45830808e-01 5.05408183e-01 1.08099119e-02 3.688788e-01 5.975287e-01 4.377170e+00 5.814620e+00 4.097986e-01 2.0441e-03 4.5507e-03 -3.3877e-05 0.02466 1.72666e-01 2.93227e-01 4.83781e-01 7.54643e-03
6.521683 2.69901478e-02 9.92613359e-03 3.69162814e-02 6.84567987e-03 8.34995920e-01 4.94491315e-01 1.06358979e-02 3.677688e-01 5.922081e-01 4.309170e+00 5.836489e+00 4.075419e-01 2.0091e-03 4.4919e-03 -3.6446e-05 0.02438 1.75325e-01 2.95922e-01 4.85608e-01 7.50764e-03
6.571850 2.66186362e-02 9.76354736e-03 3.63821836e-02 6.78070738e-03 8.20403153e-01 4.83924631e-01 1.04346223e-02 3.667937e-01 5.898620e-01 4.240335e+00 5.673589e+00 4.136058e-01 1.9741e-03 4.4256e-03 -3.7336e-05 0.02406 1.75568e-01 2.96551e-01 4.85989e-01 7.41883e-03
6.622017 2.62547500e-02 9.60540740e-03 3.58601574e-02 6.71523503e-03 8.05614313e-01 4.73748097e-01 1.02348993e-02 3.658541e-01 5.880582e-01 4.176949e+00 5.612044e+00 4.236068e-01 1.9398e-03 4.3551e-03 -3.6809e-05 0.02376 1.75608e-01 2.96979e-01 4.86285e-01 7.31809e-03
6.672184 2.58915417e-02 9.45178445e-03 3.53433262e-02 6.65161665e-03 7.94644338e-01 4.63946655e-01 1.00687279e-02 3.650530e-01 5.838419e-01 4.113957e+00 5.745148e+00 4.191923e-01 1.9062e-03 4.2812e-03 -3.3975e-05 0.02348 1.78080e-01 2.99447e-01 4.88136e-01 7.34516e-03
6.722350 2.55346578e-02 9.30136103e-03 3.48360188e-02 6.59071241e-03 7.85688968e-01 4.54330394e-01 9.92015490e-03 3.642642e-01 5.782573e-01 4.046192e+00 5.887780e+00 3.947694e-01 1.8731e-03 4.2029e-03 -3.3334e-05 0.02319 1.81834e-01 3.02948e-01 4.90708e-01 7.45300e-03
6.772517 2.51889780e-02 9.15369483e-03 3.43426728e-02 6.53112874e-03 7.74418752e-01 4.44875177e-01 9.75435143e-03 3.634008e-01 5.744633e-01 3.975732e+00 5.944111e+00 3.829720e-01 1.8408e-03 4.1206e-03 -3.5865e-05 0.02293 1.83966e-01 3.05044e-01 4.92202e-01 7.38194e-03
6.822684 2.48441262e-02 9.00986086e-03 3.38539871e-02 6.47096998e-03 7.59786052e-01 4.35740156e-01 9.56420966e-03 3.626556e-01 5.735038e-01 3.914611e+00 5.812292e+00 3.862840e-01 1.8102e-03 4.0372e-03 -3.7400e-05 0.02264 1.83694e-01 3.05127e-01 4.92264e-01 7.25830e-03
6.872851 2.45049390e-02 8.86996508e-03 3.33749040e-02 6.41036113e-03 7.45369398e-01 4.26964660e-01 9.37867246e-03 3.619664e-01 5.728229e-01 3.848756e+00 5.674575e+00 3.919010e-01 1.7815e-03 3.9553e-03 -3.7674e-05 0.02231 1.83440e-01 3.05220e-01 4.92385e-01 7.22312e-03
6.923018 2.41705319e-02 8.73398942e-03 3.29045213e-02 6.35110922e-03 7.33288008e-01 4.18541223e-01 9.21463385e-03 3.613487e-01 5.707733e-01 3.788106e+00 5.737026e+00 3.935303e-01 1.7551e-03 3.8763e-03 -3.5811e-05 0.02203 1.84740e-01 3.06623e-01 4.93530e-01 7.19179e-03
6.973184 2.38376447e-02 8.60123876e-03 3.24388834e-02 6.29413358e-03 7.22084938e-01 4.10373259e-01 9.05966558e-03 3.608259e-01 5.683172e-01 3.729502e+00 5.830698e+00 3.759164e-01 1.7306e-03 3.8006e-03 -3.3640e-05 0.02176 1.86569e-01 3.08475e-01 4.95017e-01 7.18102e-03
7.023351 2.35161073e-02 8.47065646e-03 3.19867638e-02 6.23902897e-03 7.10958118e-01 4.02348863e-01 8.90645585e-03 3.602066e-01 5.659248e-01 3.664909e+00 5.888113e+00 3.545207e-01 1.7078e-03 3.7284e-03 -3.5068e-05 0.02150 1.88325e-01 3.10233e-01 4.96367e-01 7.16509e-03
7.073518 2.31997963e-02 8.34288166e-03 3.15426779e-02 6.18467767e-03 6.98691596e-01 3.94539046e-01 8.74584514e-03 3.596101e-01 5.646827e-01 3.609089e+00 5.846787e+00 3.494670e-01 1.6872e-03 3.6600e-03 -3.7245e-05 0.02123 1.89107e-01 3.11166e-01 4.97108e-01 7.08956e-03
7.123685 2.28856511e-02 8.21835799e-03 3.11040091e-02 6.12997527e-03 6.84459429e-01 3.87012060e-01 8.57177192e-03 3.591053e-01 5.654273e-01 3.546385e+00 5.672043e+00 3.529578e-01 1.6689e-03 3.5969e-03 -3.8035e-05 0.02093 1.88263e-01 3.10743e-01 4.96904e-01 7.01408e-03
7.173851 2.25787285e-02 8.09699474e-03 3.06757232e-02 6.07526328e-03 6.70869285e-01 3.79774859e-01 8.40515315e-03 3.586116e-01 5.660937e-01 3.495489e+00 5.604092e+00 3.582529e-01 1.6528e-03 3.5399e-03 -3.7298e-05 0.02064 1.87752e-01 3.10607e-01 4.96954e-01 6.93937e-03
7.224018 2.22733322e-02 7.97873256e-03 3.02520647e-02 6.02224705e-03 6.59261783e-01 3.72795743e-01 8.25646021e-03 3.582191e-01 5.654745e-01 3.454393e+00 5.658674e+00 3.486746e-01 1.6388e-03 3.4890e-03 -3.4811e-05 0.02038 1.88639e-01 3.11662e-01 4.97911e-01 6.89826e-03
7.274185 2.19749514e-02 7.86248852e-03 2.98374399e-02 5.97203610e-03 6.48643351e-01 3.65947870e-01 8.11672977e-03 3.577932e-01 5.641742e-01 3.407382e+00 5.720494e+00 3.236490e-01 1.6263e-03 3.4437e-03 -3.4555e-05 0.02013 1.90160e-01 3.13230e-01 4.99193e-01 6.88949e-03
7.324352 2.16860547e-02 7.74797156e-03 2.94340263e-02 5.92341589e-03 6.37470495e-01 3.59207871e-01 7.97342692e-03 3.572790e-01 5.634894e-01 3.364086e+00 5.730350e+00 3.106378e-01 1.6154e-03 3.4034e-03 -3.6768e-05 0.01989 1.91080e-01 3.14273e-01 5.00042e-01 6.82029e-03
7.374519 2.13985940e-02 7.63598749e-03 2.90345815e-02 5.87413460e-03 6.24203371e-01 3.52661534e-01 7.81491924e-03 3.568453e-01 5.649786e-01 3.328874e+00 5.567592e+00 3.105318e-01 1.6061e-03 3.3677e-03 -3.8117e-05 0.01972 1.90103e-01 3.13731e-01 4.99752e-01 6.72502e-03
7.424685 2.11172697e-02 7.52668935e-03 2.86439591e-02 5.82424136e-03 6.10696033e-01 3.46335872e-01 7.65625524e-03 3.564234e-01 5.671166e-01 3.284407e+00 5.407317e+00 3.150296e-01 1.5982e-03 3.3368e-03 -3.8214e-05 0.01953 1.88717e-01 3.12848e-01 4.99242e-01 6.65101e-03
7.474852 2.08402160e-02 7.42001930e-03 2.82602353e-02 5.77584808e-03 5.99279642e-01 3.40219427e-01 7.51599255e-03 3.560433e-01 5.677140e-01 3.245965e+00 5.430239e+00 3.137379e-01 1.5916e-03 3.3106e-03 -3.6369e-05 0.01939 1.88935e-01 3.13328e-01 4.99762e-01 6.59063e-03
7.525019 2.05658250e-02 7.31531785e-03 2.78811428e-02 5.72987457e-03 5.88990618e-01 3.34228690e-01 7.38575446e-03 3.557026e-01 5.674601e-01 3.226141e+00 5.476147e+00 2.924741e-01 1.5860e-03 3.2887e-03 -3.4725e-05 0.01930 1.89966e-01 3.14489e-01 5.00764e-01 6.56010e-03
7.575186 2.03014954e-02 7.21189747e-03 2.75133928e-02 5.68553869e-03 5.78204637e-01 3.28291030e-01 7.25196534e-03 3.552397e-01 5.677765e-01 3.196850e+00 5.477206e+00 2.718745e-01 1.5809e-03 3.2704e-03 -3.6114e-05 0.01920 1.90364e-01 3.15091e-01 5.01284e-01 6.48524e-03
7.625353 2.00415580e-02 7.11027617e-03 2.71518342e-02 5.64148620e-03 5.66433903e-01 3.22461752e-01 7.11116524e-03 3.547766e-01 5.692840e-01 3.160268e+00 5.384746e+00 2.675846e-01 1.5766e-03 3.2547e-03 -3.7971e-05 0.01907 1.89662e-01 3.14763e-01 5.01105e-01 6.38107e-03
7.675519 1.97845331e-02 7.01083087e-03 2.67953639e-02 5.59688333e-03 5.54494245e-01 3.16784875e-01 6.97023296e-03 3.543592e-01 5.713042e-01 3.132401e+00 5.215178e+00 2.692011e-01 1.5730e-03 3.2419e-03 -3.8647e-05 0.01890 1.88594e-01 3.14125e-01 5.00716e-01 6.33698e-03
7.725686 1.95338485e-02 6.91357823e-03 2.64474267e-02 5.55249395e-03 5.43410016e-01 3.11261297e-01 6.83737051e-03 3.539281e-01 5.727927e-01 3.104569e+00 5.156472e+00 2.714979e-01 1.5698e-03 3.2318e-03 -3.7766e-05 0.01875 1.88129e-01 3.13994e-01 5.00721e-01 6.27362e-03
7.775853 1.92848107e-02 6.81833270e-03 2.61031434e-02 5.50974305e-03 5.32878382e-01 3.05864186e-01 6.70994054e-03 3.535597e-01 5.739850e-01 3.081299e+00 5.165841e+00 2.604427e-01 1.5671e-03 3.2240e-03 -3.5622e-05 0.01863 1.87976e-01 3.14142e-01 5.00939e-01 6.18165e-03
7.826020 1.90426894e-02 6.72429461e-03 2.57669840e-02 5.46910634e-03 5.22936756e-01 3.00510789e-01 6.58758036e-03 3.531169e-01 5.746599e-01 3.051680e+00 5.169485e+00 2.371441e-01 1.5644e-03 3.2184e-03 -3.5645e-05 0.01852 1.88171e-01 3.14559e-01 5.01287e-01 6.12316e-03
7.876187 1.88082276e-02 6.63143860e-03 2.54396662e-02 5.42959439e-03 5.13284024e-01 2.95196767e-01 6.46784634e-03 3.525818e-01 5.751139e-01 3.029659e+00 5.151761e+00 2.245649e-01 1.5617e-03 3.2145e-03 -3.7584e-05 0.01842 1.88443e-01 3.15006e-01 5.01597e-01 6.05778e-03
7.926353 1.85753695e-02 6.54033508e-03 2.51157046e-02 5.38949007e-03 5.02446177e-01 2.89980686e-01 6.33941491e-03 3.520972e-01 5.771378e-01 3.005154e+00 4.995826e+00 2.243662e-01 1.5592e-03 3.2121e-03 -3.8764e-05 0.01827 1.87298e-01 3.14256e-01 5.01036e-01 5.97977e-03
7.976520 1.83479981e-02 6.45111504e-03 2.47991131e-02 5.34865790e-03 4.91558931e-01 2.84882351e-01 6.21153026e-03 3.515978e-01 5.795487e-01 2.976267e+00 4.852118e+00 2.286721e-01 1.5567e-03 3.2110e-03 -3.8696e-05 0.01811 1.85856e-01 3.13253e-01 5.00304e-01 5.90959e-03
8.026687 1.81240455e-02 6.36380687e-03 2.44878523e-02 5.30882572e-03 4.82088616e-01 2.79899154e-01 6.09590216e-03 3.511251e-01 5.805969e-01 2.943352e+00 4.848809e+00 2.253873e-01 1.5543e-03 3.2110e-03 -3.6935e-05 0.01799 1.85675e-01 3.13314e-01 5.00362e-01 5.84111e-03
8.076854 1.79030679e-02 6.27786560e-03 2.41809335e-02 5.27114480e-03 4.73249572e-01 2.74971719e-01 5.98577033e-03 3.506586e-01 5.810290e-01 2.905740e+00 4.858407e+00 2.049299e-01 1.5517e-03 3.2123e-03 -3.5716e-05 0.01789 1.85943e-01 3.13741e-01 5.00652e-01 5.77860e-03
8.127021 1.76905250e-02 6.19279777e-03 2.38833228e-02 5.23490129e-03 4.64175831e-01 2.70055864e-01 5.87385356e-03 3.500630e-01 5.817965e-01 2.865975e+00 4.838209e+00 1.875829e-01 1.5488e-03 3.2146e-03 -3.7035e-05 0.01777 1.85712e-01 3.13712e-01 5.00536e-01 5.69150e-03
8.177187 1.74812118e-02 6.10907316e-03 2.35902850e-02 5.19836101e-03 4.54635434e-01 2.65198196e-01 5.75866904e-03 3.494651e-01 5.833206e-01 2.836573e+00 4.732650e+00 1.843249e-01 1.5458e-03 3.2175e-03 -3.8640e-05 0.01765 1.84713e-01 3.13016e-01 4.99903e-01 5.60616e-03
8.227354 1.72748273e-02 6.02704702e-03 2.33018743e-02 5.16094354e-03 4.45268037e-01 2.60433373e-01 5.64561128e-03 3.488919e-01 5.848912e-01 2.804266e+00 4.581132e+00 1.864880e-01 1.5427e-03 3.2210e-03 -3.9179e-05 0.01752 1.83669e-01 3.12263e-01 4.99235e-01 5.56918e-03
8.277521 1.70734183e-02 5.94674043e-03 2.30201588e-02 5.12388805e-03 4.36587588e-01 2.55766245e-01 5.53883066e-03 3.483040e-01 5.858303e-01 2.772053e+00 4.529234e+00 1.890250e-01 1.5394e-03 3.2249e-03 -3.8204e-05 0.01739 1.83187e-01 3.11979e-01 4.98925e-01 5.50606e-03
8.327688 1.68733994e-02 5.86792756e-03 2.27413270e-02 5.08826271e-03 4.28210133e-01 2.51173811e-01 5.43507155e-03 3.477620e-01 5.865667e-01 2.739611e+00 4.519529e+00 1.778843e-01 1.5361e-03 3.2294e-03 -3.6395e-05 0.01728 1.82810e-01 3.11792e-01 4.98678e-01 5.41559e-03
8.377855 1.66794976e-02 5.79005725e-03 2.24695549e-02 5.05406328e-03 4.20043061e-01 2.46602405e-01 5.33316373e-03 3.471362e-01 5.870884e-01 2.703070e+00 4.497930e+00 1.577569e-01 1.5323e-03 3.2342e-03 -3.6607e-05 0.01718 1.82418e-01 3.11563e-01 4.98334e-01 5.33951e-03
8.428021 1.64914442e-02 5.71321054e-03 2.22046547e-02 5.02049213e-03 4.12001612e-01 2.42061251e-01 5.23250291e-03 3.464348e-01 5.875250e-01 2.663027e+00 4.446147e+00 1.494862e-01 1.5284e-03 3.2390e-03 -3.8303e-05 0.01707 1.81928e-01 3.11210e-01 4.97845e-01 5.26405e-03
8.478188 1.63047176e-02 5.63779665e-03 2.19425142e-02 4.98632486e-03 4.03786031e-01 2.37592775e-01 5.13103044e-03 3.457770e-01 5.884126e-01 2.620605e+00 4.315274e+00 1.507540e-01 1.5243e-03 3.2439e-03 -3.9324e-05 0.01695 1.80977e-01 3.10447e-01 4.97050e-01 5.21486e-03
8.528355 1.61224419e-02 5.56394743e-03 2.16863893e-02 4.95146666e-03 3.95851251e-01 2.33211651e-01 5.03250322e-03 3.451058e-01 5.891396e-01 2.576783e+00 4.210977e+00 1.553087e-01 1.5200e-03 3.2490e-03 -3.9116e-05 0.01684 1.80140e-01 3.09770e-01 4.96331e-01 5.16910e-03
8.578522 1.59425084e-02 5.49167760e-03 2.14341860e-02 4.91730765e-03 3.88319936e-01 2.28917352e-01 4.93789830e-03 3.444676e-01 5.895071e-01 2.531307e+00 4.183370e+00 1.533398e-01 1.5157e-03 3.2538e-03 -3.7474e-05 0.01674 1.79569e-01 3.09330e-01 4.95793e-01 5.08564e-03
8.628689 1.57653859e-02 5.42052933e-03 2.11859153e-02 4.88484142e-03 3.81052640e-01 2.24668776e-01 4.84577133e-03 3.438247e-01 5.896004e-01 2.483817e+00 4.163302e+00 1.365287e-01 1.5112e-03 3.2586e-03 -3.6589e-05 0.01664 1.79074e-01 3.08944e-01 4.95255e-01 5.00608e-03
8.678855 1.55949930e-02 5.35019993e-03 2.09451929e-02 4.85346156e-03 3.74062942e-01 2.20441366e-01 4.75603446e-03 3.430716e-01 5.893162e-01 2.434592e+00 4.131500e+00 1.231512e-01 1.5064e-03 3.2632e-03 -3.7828e-05 0.01654 1.78693e-01 3.08613e-01 4.94692e-01 4.93990e-03
8.729022 1.54267259e-02 5.28106752e-03 2.07077934e-02 4.82163566e-03 3.66858088e-01 2.16270933e-01 4.66503217e-03 3.423324e-01 5.895221e-01 2.386368e+00 4.037010e+00 1.226379e-01 1.5015e-03 3.2676e-03 -3.9218e-05 0.01644 1.77764e-01 3.07792e-01 4.93747e-01 4.87272e-03
8.779189 1.52609314e-02 5.21338623e-03 2.04743177e-02 4.78886694e-03 3.59724095e-01 2.12183072e-01 4.57525733e-03 3.416165e-01 5.898495e-01 2.343411e+00 3.910052e+00 1.279071e-01 1.4966e-03 3.2718e-03 -3.9613e-05 0.01635 1.76685e-01 3.06833e-01 4.92705e-01 4.83218e-03
8.829356 1.50987395e-02 5.14720798e-03 2.02459475e-02 4.75632921e-03 3.53198871e-01 2.08183470e-01 4.49105873e-03 3.409032e-01 5.894228e-01 2.299889e+00 3.862470e+00 1.317249e-01 1.4916e-03 3.2757e-03 -3.8590e-05 0.01625 1.76235e-01 3.06408e-01 4.92070e-01 4.78003e-03
8.879522 1.49375971e-02 5.08230825e-03 2.00199053e-02 4.72506812e-03 3.46859501e-01 2.04252615e-01 4.40889693e-03 3.402360e-01 5.888627e-01 2.255443e+00 3.844083e+00 1.222529e-01 1.4866e-03 3.2792e-03 -3.7086e-05 0.01616 1.75794e-01 3.06004e-01 4.91439e-01 4.70225e-03
8.929689 1.47815456e-02 5.01825157e-03 1.97997972e-02 4.69493247e-03 3.40410824e-01 2.00354531e-01 4.32612284e-03 3.394944e-01 5.885669e-01 2.211295e+00 3.801895e+00 1.074945e-01 1.4814e-03 3.2826e-03 -3.7422e-05 0.01607 1.74906e-01 3.05206e-01 4.90463e-01 4.62005e-03
8.979856 1.46297028e-02 4.95515712e-03 1.95848599e-02 4.66498251e-03 3.34099533e-01 1.96501680e-01 4.24480971e-03 3.387052e-01 5.881531e-01 2.165963e+00 3.738412e+00 1.036025e-01 1.4762e-03 3.2855e-03 -3.8905e-05 0.01597 1.73965e-01 3.04327e-01 4.89386e-01 4.55025e-03
9.030023 1.44788144e-02 4.89335239e-03 1.93721668e-02 4.63435569e-03 3.28116745e-01 1.92724324e-01 4.16672855e-03 3.379664e-01 5.873651e-01 2.119836e+00 3.639805e+00 1.075318e-01 1.4709e-03 3.2881e-03 -3.9775e-05 0.01589 1.73306e-01 3.03662e-01 4.88463e-01 4.52391e-03
9.080190 1.43313381e-02 4.83292641e-03 1.91642645e-02 4.60331494e-03 3.22354000e-01 1.89032477e-01 4.09109182e-03 3.372279e-01 5.864127e-01 2.073209e+00 3.563683e+00 1.144963e-01 1.4657e-03 3.2906e-03 -3.9447e-05 0.01581 1.72767e-01 3.03102e-01 4.87634e-01 4.48680e-03
9.130356 1.41852628e-02 4.77383914e-03 1.89591019e-02 4.57288158e-03 3.16570203e-01 1.85423306e-01 4.01594807e-03 3.365351e-01 5.857257e-01 2.026956e+00 3.523252e+00 1.142636e-01 1.4606e-03 3.2928e-03 -3.7949e-05 0.01572 1.71930e-01 3.02322e-01 4.86650e-01 4.40432e-03
9.180523 1.40416697e-02 4.71573007e-03 1.87573997e-02 4.54363438e-03 3.10941792e-01 1.81866651e-01 3.94246755e-03 3.358383e-01 5.848897e-01 1.980200e+00 3.488359e+00 1.014969e-01 1.4555e-03 3.2947e-03 -3.7330e-05 0.01563 1.71071e-01 3.01523e-01 4.85620e-01 4.33223e-03
9.230690 1.39032454e-02 4.65842014e-03 1.85616655e-02 4.51518520e-03 3.05590023e-01 1.78350059e-01 3.87152066e-03 3.350599e-01 5.836253e-01 1.932779e+00 3.447918e+00 9.301365e-02 1.4502e-03 3.2963e-03 -3.8476e-05 0.01554 1.70424e-01 3.00868e-01 4.84648e-01 4.27806e-03
9.280857 1.37661266e-02 4.60217607e-03 1.83683026e-02 4.48637278e-03 3.00213047e-01 1.74898668e-01 3.80089372e-03 3.343116e-01 5.825818e-01 1.885690e+00 3.364891e+00 9.576351e-02 1.4451e-03 3.2975e-03 -3.9679e-05 0.01544 1.69502e-01 2.99959e-01 4.83477e-01 4.22529e-03
9.331024 1.36309395e-02 4.54718758e-03 1.81781271e-02 4.45670662e-03 2.95050855e-01 1.71528990e-01 3.73263876e-03 3.335931e-01 5.813540e-01 1.839001e+00 3.279406e+00 1.037368e-01 1.4400e-03 3.2987e-03 -3.9938e-05 0.01538 1.68731e-01 2.99176e-01 4.82412e-01 4.19444e-03
9.381190 1.34982070e-02 4.49350451e-03 1.79917115e-02 4.42716779e-03 2.90188421e-01 1.68244772e-01 3.66746555e-03 3.328964e-01 5.797777e-01 1.792775e+00 3.235290e+00 1.095462e-01 1.4351e-03 3.2997e-03 -3.8905e-05 0.01529 1.68265e-01 2.98672e-01 4.81571e-01 4.14816e-03
9.431357 1.33662408e-02 4.44090020e-03 1.78071410e-02 4.39875840e-03 2.85281261e-01 1.65028990e-01 3.60248201e-03 3.322475e-01 5.784782e-01 1.747138e+00 3.197719e+00 1.027907e-01 1.4302e-03 3.3006e-03 -3.7667e-05 0.01520 1.67460e-01 2.97905e-01 4.80531e-01 4.07685e-03
9.481524 1.32384597e-02 4.38903965e-03 1.76274993e-02 4.37129618e-03 2.80411415e-01 1.61857097e-01 3.53814809e-03 3.315370e-01 5.772129e-01 1.725008e+00 3.152241e+00 9.208828e-02 1.4253e-03 3.3012e-03 -3.8084e-05 0.01510 1.66461e-01 2.96961e-01 4.79322e-01 4.01338e-03
9.531691 1.31135409e-02 4.33803987e-03 1.74515808e-02 4.34379937e-03 2.75700025e-01 1.58739523e-01 3.47551639e-03 3.308061e-01 5.757690e-01 1.706741e+00 3.094364e+00 9.185708e-02 1.4204e-03 3.3015e-03 -3.9386e-05 0.01500 1.65529e-01 2.96043e-01 4.78110e-01 3.95939e-03
9.581858 1.29892841e-02 4.28814827e-03 1.72774324e-02 4.31564024e-03 2.71236438e-01 1.55696542e-01 3.41546384e-03 3.301297e-01 5.740252e-01 1.688513e+00 3.021404e+00 9.911688e-02 1.4157e-03 3.3017e-03 -4.0108e-05 0.01493 1.64868e-01 2.95339e-01 4.77067e-01 3.93285e-03
9.632024 1.28675729e-02 4.23943776e-03 1.71070106e-02 4.28726374e-03 2.66995777e-01 1.52734799e-01 3.35784461e-03 3.294668e-01 5.720495e-01 1.671964e+00 2.964597e+00 1.079471e-01 1.4110e-03 3.3020e-03 -3.9685e-05 0.01486 1.64438e-01 2.94847e-01 4.76204e-01 3.90366e-03
9.682191 1.27466394e-02 4.19183182e-03 1.69384712e-02 4.25948843e-03 2.62725039e-01 1.49848706e-01 3.30058996e-03 3.288578e-01 5.703632e-01 1.668634e+00 2.926320e+00 1.087164e-01 1.4065e-03 3.3021e-03 -3.8346e-05 0.01477 1.63714e-01 2.94141e-01 4.75198e-01 3.84241e-03
9.732358 1.26278183e-02 4.14502555e-03 1.67728439e-02 4.23262374e-03 2.58417232e-01 1.47015521e-01 3.24346202e-03 3.282456e-01 5.689076e-01 1.664571e+00 2.884586e+00 9.955501e-02 1.4020e-03 3.3022e-03 -3.7934e-05 0.01467 1.62662e-01 2.93162e-01 4.73972e-01 3.77870e-03
9.782525 1.25129165e-02 4.09891738e-03 1.66118338e-02 4.20628748e-03 2.54273389e-01 1.44228821e-01 3.18801769e-03 3.275749e-01 5.672195e-01 1.659810e+00 2.862011e+00 9.497705e-02 1.3975e-03 3.3018e-03 -3.8984e-05 0.01457 1.61716e-01 2.92245e-01 4.72768e-01 3.72995e-03
9.832692 1.23987601e-02 4.05371430e-03 1.64524745e-02 4.17964123e-03 2.50358519e-01 1.41505673e-01 3.13491354e-03 3.269451e-01 5.652121e-01 1.654514e+00 2.800884e+00 1.000053e-01 1.3930e-03 3.3012e-03 -4.0024e-05 0.01448 1.61057e-01 2.91546e-01 4.71730e-01 3.69988e-03
9.882858 1.22861063e-02 4.00955224e-03 1.62956585e-02 4.15238724e-03 2.46638147e-01 1.38856686e-01 3.08395867e-03 3.263485e-01 5.629976e-01 1.648664e+00 2.736193e+00 1.100779e-01 1.3886e-03 3.3007e-03 -4.0162e-05 0.01442 1.60631e-01 2.91049e-01 4.70868e-01 3.67795e-03
9.933025 1.21750487e-02 3.96645486e-03 1.61415035e-02 4.12526930e-03 2.42923060e-01 1.36282711e-01 3.03364616e-03 3.257855e-01 5.610118e-01 1.642346e+00 2.705822e+00 1.170653e-01 1.3843e-03 3.3002e-03 -3.9148e-05 0.01434 1.60009e-01 2.90418e-01 4.69933e-01 3.63202e-03
9.983192 1.20646056e-02 3.92421762e-03 1.59888232e-02 4.09905855e-03 2.39187490e-01 1.33769067e-01 2.98365246e-03 3.252670e-01 5.592645e-01 1.636004e+00 2.710071e+00 1.121225e-01 1.3801e-03 3.2996e-03 -3.8143e-05 0.01424 1.59110e-01 2.89572e-01 4.68844e-01 3.57667e-03
9.999640 1.20290709e-02 3.91050435e-03 1.59395752e-02 4.09067041e-03 2.37992816e-01 1.32954601e-01 2.96757934e-03 3.250878e-01 5.586496e-01 1.633916e+00 2.712294e+00 1.090412e-01 1.3787e-03 3.2993e-03 -3.8126e-05 0.01421 1.58833e-01 2.89307e-01 4.68493e-01 3.56255e-03
