# tg_mhd (CUDA FP64)  tgc_slip_cond_n192_re250_drive0.2_bdrive0.2  N=192 L=192 Re=250 Pm=1 u0=0.05 nu_lat=1.215944e-02 eta_lat=1.215944e-02 tau_f=0.536478 tau_m=0.548638 dt=8.224065e-04 fw=profile
# t E_V E_M E_T H_C Omega_V Omega_M eps EM/EV OmM/OmV j_max w_max skew divb/j divb_wall/j mass_drift umax_lat fw1 fw2 fw4 tau_wall
0.000000 1.25009686e-01 1.25000000e-01 2.50009686e-01 1.10413339e-20 3.74995248e-01 1.49945900e+00 1.49956340e-02 9.999225e-01 3.998608e+00 3.463243e+00 1.999775e+00 -2.590967e-18 2.8400e-15 6.1194e-15 +0.0000e+00 0.05000 8.08372e-02 1.63017e-01 3.30721e-01 0.00000e+00
0.250012 1.30197722e-01 1.36595734e-01 2.66793456e-01 3.63322632e-05 4.55531170e-01 1.71342071e+00 1.73516150e-02 1.049141e+00 3.761369e+00 3.765483e+00 2.084478e+00 1.143589e-01 3.1677e-04 8.3330e-05 -4.7997e-06 0.05255 7.10327e-02 1.42887e-01 2.83782e-01 0.00000e+00
0.500023 1.35130668e-01 1.47937590e-01 2.83068258e-01 1.46675186e-04 6.59859490e-01 2.05740874e+00 2.17381459e-02 1.094774e+00 3.117950e+00 4.516097e+00 2.619261e+00 2.015634e-01 4.5071e-04 3.2200e-04 -1.2133e-05 0.05320 6.20465e-02 1.25204e-01 2.67935e-01 0.00000e+00
0.750035 1.39642709e-01 1.57419889e-01 2.97062598e-01 4.33461829e-04 9.66705621e-01 2.57250456e+00 2.83136815e-02 1.127305e+00 2.661104e+00 5.594308e+00 3.497442e+00 3.192428e-01 5.7484e-04 8.0749e-04 -1.2971e-05 0.05557 5.54451e-02 1.14785e-01 2.69622e-01 0.00000e+00
1.000046 1.44535604e-01 1.62994809e-01 3.07530413e-01 1.17844097e-03 1.40159105e+00 3.31110437e+00 3.77015633e-02 1.127714e+00 2.362390e+00 6.954982e+00 5.117836e+00 4.154249e-01 9.2895e-04 1.7255e-03 -3.8130e-06 0.05898 5.18718e-02 1.14409e-01 2.79356e-01 0.00000e+00
1.250058 1.50715036e-01 1.62716384e-01 3.13431420e-01 2.70400920e-03 2.00783102e+00 4.28149097e+00 5.03145760e-02 1.079629e+00 2.132396e+00 1.198089e+01 7.690595e+00 4.337770e-01 1.7380e-03 3.3666e-03 +9.3936e-06 0.06323 5.27305e-02 1.24700e-01 2.88706e-01 0.00000e+00
1.500069 1.57635066e-01 1.56585233e-01 3.14220298e-01 5.20058579e-03 2.70173726e+00 5.45002805e+00 6.52141225e-02 9.933401e-01 2.017231e+00 1.747267e+01 1.149888e+01 4.528107e-01 3.3229e-03 5.8450e-03 +1.7538e-05 0.06498 5.68074e-02 1.32130e-01 3.02584e-01 0.00000e+00
1.750081 1.63781282e-01 1.46638197e-01 3.10419480e-01 8.71308817e-03 3.25498727e+00 6.61952883e+00 7.89961288e-02 8.953294e-01 2.033657e+00 2.029339e+01 1.158214e+01 4.114886e-01 5.0144e-03 7.6356e-03 +1.5542e-05 0.06213 5.52255e-02 1.27061e-01 3.40871e-01 0.00000e+00
2.000092 1.68839756e-01 1.34735284e-01 3.03575040e-01 1.30279543e-02 3.60073390e+00 7.11480414e+00 8.57243043e-02 7.980069e-01 1.975932e+00 2.169181e+01 1.095795e+01 3.518987e-01 5.8167e-03 8.0876e-03 +6.5570e-06 0.06007 4.91899e-02 1.33618e-01 3.78253e-01 0.00000e+00
2.250104 1.73266600e-01 1.22410729e-01 2.95677329e-01 1.75342461e-02 3.81232631e+00 6.89502063e+00 8.56587755e-02 7.064877e-01 1.808612e+00 2.168411e+01 1.116678e+01 2.978821e-01 5.2147e-03 8.6027e-03 -1.8792e-06 0.05831 5.03064e-02 1.82070e-01 3.96530e-01 0.00000e+00
2.500116 1.77102195e-01 1.10665390e-01 2.87767585e-01 2.17160819e-02 3.91672676e+00 6.62423477e+00 8.43276922e-02 6.248674e-01 1.691268e+00 2.085899e+01 1.062318e+01 2.389852e-01 4.1550e-03 1.2172e-02 -3.1832e-06 0.05654 7.18092e-02 2.11657e-01 3.94879e-01 0.00000e+00
2.750127 1.80243420e-01 9.97664793e-02 2.80009899e-01 2.53133454e-02 3.93442054e+00 6.36305471e+00 8.23798020e-02 5.535097e-01 1.617279e+00 1.811551e+01 9.184780e+00 1.911699e-01 3.9959e-03 1.3875e-02 +1.0403e-06 0.05935 8.34400e-02 2.02726e-01 3.78117e-01 0.00000e+00
3.000139 1.82499996e-01 9.00915420e-02 2.72591538e-01 2.81579914e-02 3.92995467e+00 5.92859679e+00 7.88684116e-02 4.936523e-01 1.508566e+00 1.362333e+01 8.643735e+00 1.503373e-01 4.2092e-03 1.2140e-02 +5.6384e-06 0.05946 7.21659e-02 1.76990e-01 3.57774e-01 0.00000e+00
3.250150 1.83409892e-01 8.23325889e-02 2.65742481e-01 3.03016519e-02 3.88664168e+00 5.47646883e+00 7.49048840e-02 4.488994e-01 1.409049e+00 1.292771e+01 9.383661e+00 1.667695e-01 4.6329e-03 1.0141e-02 +6.1493e-06 0.05706 6.32068e-02 1.64223e-01 3.45196e-01 0.00000e+00
3.500162 1.83081763e-01 7.63867924e-02 2.59468555e-01 3.20978116e-02 3.81293116e+00 5.05754162e+00 7.09637822e-02 4.172278e-01 1.326418e+00 1.280660e+01 9.497344e+00 2.391769e-01 4.8551e-03 1.0162e-02 +3.9486e-06 0.05455 6.32703e-02 1.62258e-01 3.38205e-01 0.00000e+00
3.750173 1.82076930e-01 7.16562706e-02 2.53733200e-01 3.40134750e-02 3.76485529e+00 4.45401627e+00 6.57509725e-02 3.935494e-01 1.183051e+00 1.203572e+01 9.950718e+00 3.228487e-01 4.9189e-03 1.1035e-02 +3.9572e-06 0.05264 5.99784e-02 1.50036e-01 3.29852e-01 0.00000e+00
4.000185 1.80577122e-01 6.81085808e-02 2.48685702e-01 3.63244514e-02 3.75715164e+00 3.86291324e+00 6.09605190e-02 3.771717e-01 1.028149e+00 1.035244e+01 1.059044e+01 4.038153e-01 4.6709e-03 1.1766e-02 +7.8724e-06 0.05187 4.94388e-02 1.37530e-01 3.19749e-01 0.00000e+00
4.250197 1.78364139e-01 6.56223298e-02 2.43986469e-01 3.90083986e-02 3.75601117e+00 3.53178679e+00 5.83023837e-02 3.679121e-01 9.403025e-01 1.043815e+01 1.097427e+01 4.439874e-01 5.1506e-03 1.2332e-02 +1.3811e-05 0.05255 5.41412e-02 1.43098e-01 3.25702e-01 0.00000e+00
4.500208 1.75405886e-01 6.40744968e-02 2.39480383e-01 4.17827243e-02 3.71002756e+00 3.37279621e+00 5.66625902e-02 3.652927e-01 9.091027e-01 1.207579e+01 1.106957e+01 4.570190e-01 5.4290e-03 1.1329e-02 +1.7230e-05 0.05242 6.07811e-02 1.55859e-01 3.45927e-01 0.00000e+00
4.750220 1.71877737e-01 6.31174706e-02 2.34995207e-01 4.43231414e-02 3.65774231e+00 3.43853651e+00 5.67702305e-02 3.672231e-01 9.400707e-01 1.203583e+01 1.160718e+01 4.520534e-01 5.5077e-03 1.3309e-02 +1.5800e-05 0.05415 7.70764e-02 1.85814e-01 3.80810e-01 0.00000e+00
5.000231 1.68072433e-01 6.22191457e-02 2.30291579e-01 4.64443753e-02 3.61549260e+00 3.54693696e+00 5.72994365e-02 3.701924e-01 9.810384e-01 1.071235e+01 1.376937e+01 4.271086e-01 5.2498e-03 1.2423e-02 +1.0857e-05 0.05532 9.34524e-02 2.17809e-01 4.12930e-01 0.00000e+00
5.250243 1.64221740e-01 6.12181364e-02 2.25439877e-01 4.81195424e-02 3.56003530e+00 3.54908839e+00 5.68729895e-02 3.727773e-01 9.969251e-01 1.072343e+01 1.658426e+01 4.161832e-01 4.9689e-03 1.1262e-02 +5.0677e-06 0.05524 1.02614e-01 2.36863e-01 4.30994e-01 0.00000e+00
5.500254 1.60251294e-01 6.04271673e-02 2.20678461e-01 4.93445653e-02 3.48406940e+00 3.47177507e+00 5.56467558e-02 3.770776e-01 9.964713e-01 1.119827e+01 1.786017e+01 4.414243e-01 4.3192e-03 1.0062e-02 +9.8993e-07 0.05592 1.03389e-01 2.38108e-01 4.34724e-01 0.00000e+00
5.750266 1.55846579e-01 6.01830636e-02 2.16029643e-01 5.00703143e-02 3.37898745e+00 3.47344610e+00 5.48194684e-02 3.861687e-01 1.027955e+00 1.236239e+01 1.744871e+01 4.663360e-01 3.9542e-03 9.3027e-03 -5.7180e-07 0.05776 9.54672e-02 2.27293e-01 4.31209e-01 0.00000e+00
6.000277 1.51064294e-01 6.03080186e-02 2.11372312e-01 5.02829074e-02 3.24274536e+00 3.59304026e+00 5.46862849e-02 3.992209e-01 1.108024e+00 1.397544e+01 1.540276e+01 4.647081e-01 3.7538e-03 8.4138e-03 -1.0879e-06 0.05780 8.73793e-02 2.19086e-01 4.28738e-01 0.00000e+00
6.250289 1.46397496e-01 6.02990062e-02 2.06696502e-01 4.99303226e-02 3.10584953e+00 3.76804486e+00 5.49911551e-02 4.118855e-01 1.213209e+00 1.387800e+01 1.385662e+01 4.391956e-01 3.5215e-03 7.3689e-03 -1.5759e-06 0.05321 8.45114e-02 2.18142e-01 4.27876e-01 0.00000e+00
6.500301 1.42284548e-01 5.98009058e-02 2.02085454e-01 4.89305847e-02 2.99299587e+00 3.94967663e+00 5.55413800e-02 4.202909e-01 1.319640e+00 1.325369e+01 1.266038e+01 3.959733e-01 3.3796e-03 6.9688e-03 -2.1147e-06 0.04872 8.53626e-02 2.20864e-01 4.23415e-01 0.00000e+00
6.750312 1.39094135e-01 5.86439077e-02 1.97738043e-01 4.73459409e-02 2.90357082e+00 4.05120223e+00 5.56381845e-02 4.216131e-01 1.395248e+00 1.266649e+01 1.156607e+01 3.520812e-01 3.3192e-03 6.7227e-03 -1.4208e-06 0.04924 8.44488e-02 2.18456e-01 4.11782e-01 0.00000e+00
7.000324 1.37237498e-01 5.68578303e-02 1.94095328e-01 4.54321293e-02 2.84511626e+00 3.97985361e+00 5.45997590e-02 4.143024e-01 1.398837e+00 1.296705e+01 1.046689e+01 3.372000e-01 3.4038e-03 6.8589e-03 +1.3358e-06 0.05009 7.91963e-02 2.07032e-01 3.94067e-01 0.00000e+00
7.250335 1.36861771e-01 5.47578307e-02 1.91619602e-01 4.34801186e-02 2.82501338e+00 3.74947804e+00 5.25959314e-02 4.000959e-01 1.327243e+00 1.169163e+01 1.020315e+01 3.463139e-01 3.6386e-03 7.2620e-03 +5.6935e-06 0.04896 7.16362e-02 1.91056e-01 3.74803e-01 0.00000e+00
7.500347 1.37649355e-01 5.28472752e-02 1.90496630e-01 4.16299973e-02 2.82314707e+00 3.45090427e+00 5.01924107e-02 3.839268e-01 1.222361e+00 1.096317e+01 9.736873e+00 3.533684e-01 3.7795e-03 7.3512e-03 +9.8543e-06 0.04696 6.68940e-02 1.84408e-01 3.58874e-01 0.00000e+00
7.750358 1.39100569e-01 5.15556469e-02 1.90656216e-01 3.98593663e-02 2.81974279e+00 3.16808408e+00 4.79026150e-02 3.706358e-01 1.123537e+00 9.825619e+00 9.122208e+00 3.472086e-01 3.7179e-03 7.5481e-03 +1.2276e-05 0.04660 7.21445e-02 1.85461e-01 3.49610e-01 0.00000e+00
8.000370 1.40838213e-01 5.10298598e-02 1.91868072e-01 3.81204495e-02 2.81248169e+00 2.91197316e+00 4.57956388e-02 3.623296e-01 1.035375e+00 7.926980e+00 8.886806e+00 3.251900e-01 3.5447e-03 8.0225e-03 +1.2543e-05 0.04858 7.81188e-02 1.78287e-01 3.38722e-01 0.00000e+00
8.250382 1.42634984e-01 5.11851182e-02 1.93820102e-01 3.64592281e-02 2.81426139e+00 2.68247460e+00 4.39738879e-02 3.588539e-01 9.531718e-01 7.696497e+00 8.592585e+00 2.905101e-01 3.3311e-03 8.3440e-03 +1.1368e-05 0.05143 7.26069e-02 1.59778e-01 3.18834e-01 0.00000e+00
8.500393 1.44291928e-01 5.18516838e-02 1.96143612e-01 3.49273388e-02 2.83878984e+00 2.50764829e+00 4.27715051e-02 3.593526e-01 8.833512e-01 8.195021e+00 8.331838e+00 2.567430e-01 3.0763e-03 8.1154e-03 +9.7274e-06 0.05349 5.99486e-02 1.38209e-01 2.97204e-01 0.00000e+00
8.750405 1.45558031e-01 5.29126988e-02 1.98470730e-01 3.35737692e-02 2.87234766e+00 2.43412275e+00 4.24517633e-02 3.635162e-01 8.474332e-01 6.685507e+00 8.167054e+00 2.377280e-01 2.8747e-03 7.8827e-03 +8.4154e-06 0.05436 5.01112e-02 1.23660e-01 2.92968e-01 0.00000e+00
9.000416 1.46319590e-01 5.40986546e-02 2.00418245e-01 3.24468749e-02 2.89110020e+00 2.48573205e+00 4.30146580e-02 3.697294e-01 8.597876e-01 6.795017e+00 7.936348e+00 2.364051e-01 2.8574e-03 7.2659e-03 +7.7199e-06 0.05523 4.53967e-02 1.23786e-01 3.05735e-01 0.00000e+00
9.250428 1.46802042e-01 5.49256179e-02 2.01727660e-01 3.15218117e-02 2.90259851e+00 2.64451378e+00 4.43768983e-02 3.741475e-01 9.110849e-01 7.334972e+00 7.577993e+00 2.403959e-01 3.0066e-03 7.5603e-03 +7.5387e-06 0.05706 4.95102e-02 1.39961e-01 3.31245e-01 0.00000e+00
9.500439 1.47299174e-01 5.50819446e-02 2.02381118e-01 3.08205978e-02 2.92494807e+00 2.84294752e+00 4.61431648e-02 3.739461e-01 9.719651e-01 1.088897e+01 7.220457e+00 2.461712e-01 3.1257e-03 7.4128e-03 +7.6795e-06 0.05818 5.59882e-02 1.55172e-01 3.51643e-01 0.00000e+00
9.750451 1.47812186e-01 5.47066225e-02 2.02518808e-01 3.04234389e-02 2.95541598e+00 3.04472233e+00 4.80011065e-02 3.701090e-01 1.030218e+00 1.167256e+01 7.198596e+00 2.394560e-01 3.1945e-03 7.7130e-03 +8.0792e-06 0.05818 5.64986e-02 1.65113e-01 3.55765e-01 0.00000e+00
10.000462 1.48137888e-01 5.41834103e-02 2.02321298e-01 3.02729524e-02 2.98985648e+00 3.21461776e+00 4.96357939e-02 3.657634e-01 1.075175e+00 1.275752e+01 7.340653e+00 2.489107e-01 3.6745e-03 9.4166e-03 +9.0461e-06 0.05841 5.95543e-02 1.68480e-01 3.44353e-01 0.00000e+00
10.250474 1.48220070e-01 5.38800699e-02 2.02100140e-01 3.02144056e-02 3.01672197e+00 3.24589289e+00 5.01009189e-02 3.635140e-01 1.075967e+00 1.279997e+01 7.714030e+00 3.061509e-01 4.5348e-03 9.0940e-03 +1.0885e-05 0.05823 6.76850e-02 1.75524e-01 3.39118e-01 0.00000e+00
10.500486 1.48123874e-01 5.42262783e-02 2.02350152e-01 3.01892584e-02 3.01131405e+00 3.11585788e+00 4.90173754e-02 3.660874e-01 1.034717e+00 1.306647e+01 7.664906e+00 3.427138e-01 4.6241e-03 8.9031e-03 +1.3126e-05 0.05542 7.29952e-02 1.80791e-01 3.45980e-01 0.00000e+00
10.750497 1.47871475e-01 5.55050540e-02 2.03376529e-01 3.02428855e-02 2.98848365e+00 3.02000153e+00 4.80678814e-02 3.753601e-01 1.010546e+00 1.280094e+01 8.068289e+00 3.438680e-01 3.5956e-03 9.0915e-03 +1.4611e-05 0.05130 6.92644e-02 1.73495e-01 3.40564e-01 0.00000e+00
11.000509 1.47547463e-01 5.75297146e-02 2.05077178e-01 3.04079060e-02 2.99318097e+00 2.98173424e+00 4.77993217e-02 3.899065e-01 9.961757e-01 1.168559e+01 8.967506e+00 3.505046e-01 3.5859e-03 8.8090e-03 +1.4547e-05 0.04867 6.14822e-02 1.59647e-01 3.21955e-01 0.00000e+00
11.250520 1.47174550e-01 6.00392712e-02 2.07213822e-01 3.08051842e-02 3.01678656e+00 2.98866468e+00 4.80436099e-02 4.079460e-01 9.906782e-01 1.211095e+01 9.998175e+00 3.651726e-01 3.4885e-03 8.1607e-03 +1.2962e-05 0.04885 5.47222e-02 1.45094e-01 3.00141e-01 0.00000e+00
11.500532 1.46722088e-01 6.27394143e-02 2.09461502e-01 3.15870348e-02 3.03102445e+00 3.05292881e+00 4.86716261e-02 4.276072e-01 1.007227e+00 1.161624e+01 1.014849e+01 3.714807e-01 3.5467e-03 7.1259e-03 +1.0670e-05 0.04791 4.92319e-02 1.32622e-01 2.82701e-01 0.00000e+00
11.750543 1.46145912e-01 6.52942379e-02 2.11440150e-01 3.27471254e-02 3.05013745e+00 3.17080570e+00 4.97675452e-02 4.467743e-01 1.039562e+00 1.013410e+01 8.666323e+00 3.564725e-01 3.6835e-03 5.8372e-03 +8.5395e-06 0.04762 4.54909e-02 1.24914e-01 2.74178e-01 0.00000e+00
12.000555 1.45397643e-01 6.72810264e-02 2.12678670e-01 3.40078815e-02 3.12217670e+00 3.34272708e+00 5.17192303e-02 4.627381e-01 1.070640e+00 1.521018e+01 8.182835e+00 2.936856e-01 4.0029e-03 5.0835e-03 +7.1392e-06 0.04905 4.32867e-02 1.20981e-01 2.74577e-01 0.00000e+00
12.250567 1.44405465e-01 6.83021596e-02 2.12707624e-01 3.48946681e-02 3.25123235e+00 3.51140530e+00 5.41011012e-02 4.729887e-01 1.080023e+00 1.762932e+01 1.019493e+01 1.900240e-01 5.0742e-03 5.2766e-03 +6.5749e-06 0.04946 4.21065e-02 1.19431e-01 2.79274e-01 0.00000e+00
12.500578 1.43230361e-01 6.82368463e-02 2.11467208e-01 3.50105920e-02 3.37687798e+00 3.49901863e+00 5.50071729e-02 4.764133e-01 1.036170e+00 1.494503e+01 1.081317e+01 1.529516e-01 6.1538e-03 5.8176e-03 +6.6765e-06 0.04914 4.18710e-02 1.18020e-01 2.91177e-01 0.00000e+00
12.750590 1.42057044e-01 6.74148824e-02 2.09471927e-01 3.42810699e-02 3.44875085e+00 3.31623690e+00 5.41199020e-02 4.745621e-01 9.615762e-01 9.569263e+00 1.064955e+01 2.203411e-01 5.1845e-03 5.9189e-03 +7.0604e-06 0.05061 4.04448e-02 1.21646e-01 3.04161e-01 0.00000e+00
13.000601 1.40724373e-01 6.64300950e-02 2.07154468e-01 3.30388458e-02 3.42608664e+00 3.28897917e+00 5.37205265e-02 4.720582e-01 9.599813e-01 9.010091e+00 1.097683e+01 2.421531e-01 4.2993e-03 6.4780e-03 +7.6193e-06 0.05328 4.44767e-02 1.36311e-01 3.09356e-01 0.00000e+00
13.250613 1.38834478e-01 6.57553240e-02 2.04589802e-01 3.16512571e-02 3.33401249e+00 3.44307627e+00 5.42167101e-02 4.736239e-01 1.032712e+00 9.540732e+00 1.040888e+01 2.400527e-01 4.5667e-03 7.8196e-03 +8.6759e-06 0.05759 5.51666e-02 1.47389e-01 3.13748e-01 0.00000e+00
13.500624 1.36191291e-01 6.58282285e-02 2.02019519e-01 3.01823521e-02 3.25678584e+00 3.57694718e+00 5.46698642e-02 4.833512e-01 1.098306e+00 1.027251e+01 9.842823e+00 3.016219e-01 3.9539e-03 7.6791e-03 +1.0160e-05 0.05873 6.04412e-02 1.54737e-01 3.20598e-01 0.00000e+00
13.750636 1.32915078e-01 6.67303240e-02 1.99645402e-01 2.86910994e-02 3.22396202e+00 3.71632674e+00 5.55223101e-02 5.020523e-01 1.152720e+00 1.195844e+01 9.705742e+00 3.666872e-01 3.6809e-03 7.6637e-03 +1.1356e-05 0.05857 6.24514e-02 1.56776e-01 3.22832e-01 0.00000e+00
14.000647 1.29208969e-01 6.83400915e-02 1.97549061e-01 2.74077477e-02 3.20286163e+00 3.84554802e+00 5.63872772e-02 5.289114e-01 1.200660e+00 1.458785e+01 9.791387e+00 3.656530e-01 3.5612e-03 7.0282e-03 +1.1469e-05 0.05410 6.11064e-02 1.53661e-01 3.17560e-01 0.00000e+00
14.250659 1.25156220e-01 7.05619001e-02 1.95718120e-01 2.65793306e-02 3.19598924e+00 3.97858543e+00 5.73965974e-02 5.637906e-01 1.244868e+00 1.684506e+01 9.061973e+00 3.769002e-01 3.6230e-03 6.4833e-03 +1.0087e-05 0.05200 6.14842e-02 1.49982e-01 3.05122e-01 0.00000e+00
14.500671 1.21258159e-01 7.27660961e-02 1.94024255e-01 2.63886974e-02 3.19863725e+00 4.03127296e+00 5.78392816e-02 6.000924e-01 1.260310e+00 1.798724e+01 9.376094e+00 3.732858e-01 3.8542e-03 6.9436e-03 +7.9995e-06 0.05173 6.09357e-02 1.41511e-01 2.90778e-01 0.00000e+00
14.750682 1.18325651e-01 7.42045903e-02 1.92530242e-01 2.68981020e-02 3.20170176e+00 3.89905443e+00 5.68060496e-02 6.271218e-01 1.217807e+00 1.870769e+01 1.056043e+01 3.208224e-01 4.3592e-03 7.2284e-03 +6.2620e-06 0.05043 5.40118e-02 1.28789e-01 2.75252e-01 0.00000e+00
15.000694 1.16534163e-01 7.47819847e-02 1.91316148e-01 2.80469878e-02 3.18403751e+00 3.74921850e+00 5.54660481e-02 6.417173e-01 1.177505e+00 1.611142e+01 1.226702e+01 2.452566e-01 4.4608e-03 6.6114e-03 +5.0064e-06 0.04867 4.61805e-02 1.15679e-01 2.60196e-01 0.00000e+00
15.250705 1.15631578e-01 7.45380843e-02 1.90169663e-01 2.96909801e-02 3.15056014e+00 3.69066680e+00 5.47298155e-02 6.446170e-01 1.171432e+00 1.512254e+01 1.176254e+01 1.964661e-01 4.5260e-03 5.6281e-03 +4.3012e-06 0.04761 4.47126e-02 1.11907e-01 2.60281e-01 0.00000e+00
15.500717 1.15377742e-01 7.34913904e-02 1.88869133e-01 3.15029904e-02 3.08779755e+00 3.70040665e+00 5.43056336e-02 6.369633e-01 1.198397e+00 1.492157e+01 1.035245e+01 2.027282e-01 4.9312e-03 7.0774e-03 +4.3721e-06 0.04727 4.59514e-02 1.13049e-01 2.76379e-01 0.00000e+00
15.750728 1.15671342e-01 7.15933508e-02 1.87264693e-01 3.29718809e-02 2.98651156e+00 3.75707271e+00 5.39486742e-02 6.189377e-01 1.258014e+00 1.566997e+01 9.382209e+00 2.289539e-01 4.7368e-03 8.2138e-03 +5.1101e-06 0.04771 4.59018e-02 1.19841e-01 2.88775e-01 0.00000e+00
16.000740 1.16451960e-01 6.88051842e-02 1.85257144e-01 3.36667455e-02 2.88362858e+00 3.76045319e+00 5.31526542e-02 5.908461e-01 1.304070e+00 1.503982e+01 7.650452e+00 2.395733e-01 3.9995e-03 7.8225e-03 +6.3005e-06 0.04906 5.07127e-02 1.37228e-01 3.01823e-01 0.00000e+00
16.250752 1.17540896e-01 6.53899711e-02 1.82930867e-01 3.34682246e-02 2.81986635e+00 3.60621787e+00 5.14086738e-02 5.563168e-01 1.278861e+00 1.277854e+01 6.911046e+00 2.605476e-01 3.5083e-03 8.1086e-03 +7.8722e-06 0.05020 6.13745e-02 1.50206e-01 3.20118e-01 0.00000e+00
16.500763 1.18631573e-01 6.19259782e-02 1.80557551e-01 3.24670605e-02 2.81370913e+00 3.29990003e+00 4.89088733e-02 5.220025e-01 1.172794e+00 9.346242e+00 6.639575e+00 3.093330e-01 3.3589e-03 9.8756e-03 +9.5612e-06 0.05075 6.45235e-02 1.52788e-01 3.22480e-01 0.00000e+00
16.750775 1.19378629e-01 5.89502510e-02 1.78328880e-01 3.09003443e-02 2.86459369e+00 3.00844412e+00 4.69843024e-02 4.938091e-01 1.050217e+00 8.980099e+00 7.213466e+00 3.681816e-01 3.0131e-03 9.6161e-03 +1.0956e-05 0.05046 5.97418e-02 1.50666e-01 3.14782e-01 0.00000e+00
17.000786 1.19509650e-01 5.66314143e-02 1.76141064e-01 2.91780458e-02 2.93526300e+00 2.83264517e+00 4.61432654e-02 4.738648e-01 9.650396e-01 8.048514e+00 7.928169e+00 3.658655e-01 2.7910e-03 7.9061e-03 +1.1612e-05 0.04951 5.65377e-02 1.45346e-01 3.08407e-01 0.00000e+00
17.250798 1.18894830e-01 5.50606507e-02 1.73955481e-01 2.75696280e-02 2.98259705e+00 2.68105117e+00 4.53091858e-02 4.631038e-01 8.988982e-01 7.652294e+00 8.732037e+00 3.062727e-01 2.9530e-03 7.6807e-03 +1.1039e-05 0.04830 5.00325e-02 1.34379e-01 3.01853e-01 0.00000e+00
17.500809 1.17487121e-01 5.42587197e-02 1.71745840e-01 2.61533881e-02 2.97921627e+00 2.65625219e+00 4.50837477e-02 4.618270e-01 8.915943e-01 7.132349e+00 9.659554e+00 2.880071e-01 3.0095e-03 8.1221e-03 +9.2438e-06 0.04703 5.10510e-02 1.33538e-01 3.09647e-01 0.00000e+00
17.750821 1.15347811e-01 5.40495476e-02 1.69397359e-01 2.49709915e-02 2.91245456e+00 2.71733950e+00 4.50383525e-02 4.685789e-01 9.330067e-01 8.171715e+00 1.051593e+01 3.193687e-01 2.8976e-03 7.5928e-03 +7.0404e-06 0.04908 5.52873e-02 1.40265e-01 3.23125e-01 0.00000e+00
18.000832 1.12497825e-01 5.44176541e-02 1.66915479e-01 2.41276794e-02 2.77218971e+00 2.83293847e+00 4.48410254e-02 4.837218e-01 1.021914e+00 1.212785e+01 1.094928e+01 3.257101e-01 2.7491e-03 6.1709e-03 +4.8131e-06 0.04840 5.99370e-02 1.53070e-01 3.37108e-01 0.00000e+00
18.250844 1.09114080e-01 5.51730580e-02 1.64287138e-01 2.37551990e-02 2.59352596e+00 2.99339424e+00 4.46953616e-02 5.056456e-01 1.154179e+00 1.548116e+01 1.097204e+01 3.466774e-01 2.7559e-03 5.3319e-03 +2.7523e-06 0.04604 6.83320e-02 1.70426e-01 3.53982e-01 0.00000e+00
18.500856 1.05637944e-01 5.58965910e-02 1.61534535e-01 2.39042347e-02 2.43960966e+00 3.11200782e+00 4.44129398e-02 5.291336e-01 1.275617e+00 1.786227e+01 1.073962e+01 3.807988e-01 2.8632e-03 5.4096e-03 +1.2297e-06 0.04431 7.54011e-02 1.82486e-01 3.68187e-01 0.00000e+00
18.750867 1.02476364e-01 5.63598352e-02 1.58836199e-01 2.45985272e-02 2.34018660e+00 3.11375996e+00 4.36315725e-02 5.499789e-01 1.330561e+00 1.826380e+01 1.027257e+01 3.826198e-01 2.9398e-03 5.4136e-03 +5.9967e-07 0.04268 7.53380e-02 1.83800e-01 3.72588e-01 0.00000e+00
19.000879 9.98545185e-02 5.65874837e-02 1.56442002e-01 2.58273328e-02 2.28490058e+00 3.03049890e+00 4.25231959e-02 5.666993e-01 1.326315e+00 1.702338e+01 9.757586e+00 3.542089e-01 3.0311e-03 4.9686e-03 +9.4076e-07 0.04177 7.18076e-02 1.81423e-01 3.70534e-01 0.00000e+00
19.250890 9.78251376e-02 5.66658001e-02 1.54490938e-01 2.74493711e-02 2.25927670e+00 2.94421798e+00 4.16279574e-02 5.792560e-01 1.303168e+00 1.532866e+01 9.082421e+00 3.069832e-01 3.1565e-03 4.5281e-03 +2.0937e-06 0.04319 7.28103e-02 1.82979e-01 3.68455e-01 0.00000e+00
19.500902 9.62830946e-02 5.66660078e-02 1.52949102e-01 2.92568576e-02 2.24979101e+00 2.91542193e+00 4.13217035e-02 5.885354e-01 1.295863e+00 1.460308e+01 8.183601e+00 2.624392e-01 3.1393e-03 4.4088e-03 +3.7214e-06 0.04370 7.73104e-02 1.85400e-01 3.66788e-01 0.00000e+00
19.750913 9.50702318e-02 5.66045287e-02 1.51674761e-01 3.10872618e-02 2.24685920e+00 2.93978932e+00 4.14931882e-02 5.953970e-01 1.308399e+00 1.520722e+01 7.087726e+00 2.722607e-01 2.9965e-03 4.2734e-03 +5.3395e-06 0.04458 7.86823e-02 1.81278e-01 3.66130e-01 0.00000e+00
20.000925 9.41075175e-02 5.64649386e-02 1.50572456e-01 3.27712448e-02 2.24487897e+00 2.95464436e+00 4.15961867e-02 6.000045e-01 1.316171e+00 1.573150e+01 7.485206e+00 3.244222e-01 2.8328e-03 4.0633e-03 +6.4812e-06 0.04481 7.53096e-02 1.69363e-01 3.66777e-01 0.00000e+00
20.250937 9.34077005e-02 5.63029358e-02 1.49710636e-01 3.41092085e-02 2.24161079e+00 2.90820955e+00 4.11985627e-02 6.027655e-01 1.297375e+00 1.550528e+01 7.370186e+00 3.720108e-01 2.7176e-03 3.8136e-03 +6.9201e-06 0.04308 6.86522e-02 1.56455e-01 3.61835e-01 0.00000e+00
20.500948 9.29717615e-02 5.62705143e-02 1.49242276e-01 3.49967843e-02 2.23779010e+00 2.82369123e+00 4.04918506e-02 6.052431e-01 1.261821e+00 1.428468e+01 6.422619e+00 3.906290e-01 2.7113e-03 3.9348e-03 +6.6551e-06 0.04446 6.22739e-02 1.53425e-01 3.53084e-01 0.00000e+00
20.750960 9.27638416e-02 5.64743191e-02 1.49238161e-01 3.54067099e-02 2.22321498e+00 2.75826719e+00 3.98518573e-02 6.087967e-01 1.240666e+00 1.227278e+01 6.652688e+00 3.640208e-01 2.7478e-03 5.2399e-03 +5.9000e-06 0.04871 6.26897e-02 1.59183e-01 3.44854e-01 0.00000e+00
21.000971 9.27898331e-02 5.69524052e-02 1.49742238e-01 3.52467606e-02 2.17295043e+00 2.71009580e+00 3.90643699e-02 6.137785e-01 1.247196e+00 1.002249e+01 6.563182e+00 2.971583e-01 2.7874e-03 6.4344e-03 +5.0308e-06 0.04931 6.60961e-02 1.62445e-01 3.31987e-01 0.00000e+00
21.250983 9.30931535e-02 5.77687748e-02 1.50861928e-01 3.44932643e-02 2.09851328e+00 2.66534838e+00 3.81108933e-02 6.205480e-01 1.270113e+00 7.808159e+00 6.099655e+00 2.258808e-01 2.7608e-03 7.0319e-03 +4.3320e-06 0.04714 6.55799e-02 1.56787e-01 3.12686e-01 0.00000e+00
21.500994 9.36197863e-02 5.89916653e-02 1.52611452e-01 3.33610638e-02 2.03750803e+00 2.63539617e+00 3.73832336e-02 6.301196e-01 1.293441e+00 7.407303e+00 5.705724e+00 1.730216e-01 2.6358e-03 7.5802e-03 +3.9851e-06 0.04413 6.06755e-02 1.44423e-01 2.91453e-01 0.00000e+00
21.751006 9.41955606e-02 6.06509457e-02 1.54846506e-01 3.22057026e-02 2.00857150e+00 2.63691789e+00 3.71639151e-02 6.438833e-01 1.312832e+00 6.886773e+00 5.810520e+00 1.492644e-01 2.5108e-03 7.7439e-03 +4.0691e-06 0.04387 5.29999e-02 1.29969e-01 2.73335e-01 0.00000e+00
22.001017 9.46536577e-02 6.26681626e-02 1.57321820e-01 3.13496342e-02 2.00973831e+00 2.66852472e+00 3.74261042e-02 6.620786e-01 1.327797e+00 7.076059e+00 6.041050e+00 1.561602e-01 2.4390e-03 7.0311e-03 +4.4970e-06 0.04310 4.64916e-02 1.21344e-01 2.62968e-01 0.00000e+00
22.251029 9.49373474e-02 6.48504594e-02 1.59787807e-01 3.10320269e-02 2.03061962e+00 2.71472289e+00 3.79627401e-02 6.830869e-01 1.336894e+00 7.330817e+00 6.251873e+00 1.795162e-01 2.3530e-03 6.7204e-03 +5.0928e-06 0.04276 4.66492e-02 1.22796e-01 2.63247e-01 0.00000e+00
22.501041 9.50751230e-02 6.69874342e-02 1.62062557e-01 3.13952090e-02 2.05014036e+00 2.76588076e+00 3.85281690e-02 7.045737e-01 1.349118e+00 7.650395e+00 6.211643e+00 2.064833e-01 2.3529e-03 6.3513e-03 +5.6795e-06 0.04436 5.14147e-02 1.28589e-01 2.70290e-01 0.00000e+00
22.751052 9.51345002e-02 6.89036934e-02 1.64038194e-01 3.24399277e-02 2.04618238e+00 2.82747221e+00 3.89892368e-02 7.242766e-01 1.381828e+00 7.750996e+00 5.986765e+00 2.274395e-01 2.3432e-03 5.7643e-03 +6.0255e-06 0.04450 5.64756e-02 1.34091e-01 2.80086e-01 0.00000e+00
23.001064 9.52438960e-02 7.04087935e-02 1.65652689e-01 3.40594160e-02 2.02104529e+00 2.88934520e+00 3.92831239e-02 7.392473e-01 1.429629e+00 7.768026e+00 5.662548e+00 2.471198e-01 2.3813e-03 5.3035e-03 +5.9379e-06 0.04404 5.97451e-02 1.38185e-01 2.88869e-01 0.00000e+00
23.251075 9.55110922e-02 7.13655292e-02 1.66876621e-01 3.61027572e-02 2.00168853e+00 2.93416059e+00 3.94867930e-02 7.471962e-01 1.465843e+00 8.523381e+00 6.121135e+00 2.586040e-01 2.5008e-03 5.1493e-03 +5.2980e-06 0.04376 6.05268e-02 1.41262e-01 2.94730e-01 0.00000e+00
23.501087 9.59022025e-02 7.17520564e-02 1.67654259e-01 3.83852880e-02 2.00667085e+00 2.99047636e+00 3.99771777e-02 7.481794e-01 1.490268e+00 8.972026e+00 6.421374e+00 2.553515e-01 2.6132e-03 6.1095e-03 +4.1874e-06 0.04318 6.19052e-02 1.45483e-01 3.02254e-01 0.00000e+00
23.751098 9.63527740e-02 7.15708732e-02 1.67923647e-01 4.07035542e-02 2.03565642e+00 3.07421115e+00 4.08789405e-02 7.428003e-01 1.510182e+00 9.019917e+00 6.435714e+00 2.615570e-01 2.7038e-03 6.5813e-03 +2.9377e-06 0.04228 6.38130e-02 1.49728e-01 3.13672e-01 0.00000e+00
24.001110 9.68558109e-02 7.08942091e-02 1.67750020e-01 4.28659798e-02 2.07693968e+00 3.14599713e+00 4.17834945e-02 7.319562e-01 1.514727e+00 8.507995e+00 6.286783e+00 2.818245e-01 2.7835e-03 5.9096e-03 +1.8261e-06 0.04464 6.41621e-02 1.52527e-01 3.26119e-01 0.00000e+00
24.251122 9.74294999e-02 6.99216712e-02 1.67351171e-01 4.46999409e-02 2.11115444e+00 3.15379097e+00 4.21195633e-02 7.176643e-01 1.493870e+00 8.950297e+00 5.984062e+00 2.728405e-01 2.7986e-03 5.2544e-03 +9.9261e-07 0.04573 6.39469e-02 1.57019e-01 3.34674e-01 0.00000e+00
24.501133 9.80926388e-02 6.88964835e-02 1.66989122e-01 4.60434874e-02 2.12401267e+00 3.09746717e+00 4.17718387e-02 7.023614e-01 1.458309e+00 8.673630e+00 5.969012e+00 2.341126e-01 2.6450e-03 4.7999e-03 +5.9149e-07 0.04616 6.51918e-02 1.66219e-01 3.38914e-01 0.00000e+00
24.751145 9.88471809e-02 6.79459340e-02 1.66793115e-01 4.67392527e-02 2.12468930e+00 3.04266004e+00 4.13387947e-02 6.873836e-01 1.432049e+00 7.602244e+00 6.227257e+00 2.040637e-01 2.4453e-03 4.7378e-03 +7.9569e-07 0.04687 6.83078e-02 1.75001e-01 3.38004e-01 0.00000e+00
25.001156 9.97283637e-02 6.69762752e-02 1.66704639e-01 4.66864196e-02 2.14696023e+00 3.04509028e+00 4.15364040e-02 6.715870e-01 1.418326e+00 7.541690e+00 6.336827e+00 1.933382e-01 2.2895e-03 4.9752e-03 +1.6343e-06 0.04725 7.00363e-02 1.76415e-01 3.30595e-01 0.00000e+00
25.251168 1.00748771e-01 6.58643586e-02 1.66613129e-01 4.58788637e-02 2.21412604e+00 3.09630636e+00 4.24834592e-02 6.537485e-01 1.398433e+00 8.070535e+00 6.299296e+00 2.027828e-01 2.2177e-03 5.1733e-03 +2.9242e-06 0.04708 6.86421e-02 1.70234e-01 3.18810e-01 0.00000e+00
25.501179 1.01698792e-01 6.48255196e-02 1.66524311e-01 4.44344432e-02 2.29780695e+00 3.16435661e+00 4.36973085e-02 6.374266e-01 1.377120e+00 8.474649e+00 6.250241e+00 2.359111e-01 2.2178e-03 5.2918e-03 +4.4059e-06 0.04617 6.48122e-02 1.60164e-01 3.04869e-01 0.00000e+00
25.751191 1.02262608e-01 6.42953297e-02 1.66557938e-01 4.25902426e-02 2.35239879e+00 3.23232177e+00 4.46777646e-02 6.287277e-01 1.374053e+00 9.121467e+00 6.153312e+00 2.744063e-01 2.3233e-03 5.4526e-03 +5.8540e-06 0.04480 5.94041e-02 1.47886e-01 2.88150e-01 0.00000e+00
26.001202 1.02350441e-01 6.44816599e-02 1.66832101e-01 4.06025469e-02 2.35979058e+00 3.27630527e+00 4.50887668e-02 6.300086e-01 1.388388e+00 9.702783e+00 6.490038e+00 2.927713e-01 2.4421e-03 5.8258e-03 +7.1118e-06 0.04348 5.28436e-02 1.33363e-01 2.67729e-01 0.00000e+00
26.251214 1.02159433e-01 6.52555897e-02 1.67415023e-01 3.86737740e-02 2.32136612e+00 3.27607497e+00 4.47795288e-02 6.387623e-01 1.411270e+00 1.008727e+01 6.998611e+00 2.754325e-01 2.5152e-03 6.4977e-03 +8.0805e-06 0.04233 4.56282e-02 1.17355e-01 2.44840e-01 0.00000e+00
26.501226 1.01942790e-01 6.63780974e-02 1.68320887e-01 3.69772816e-02 2.25892503e+00 3.23148365e+00 4.39232694e-02 6.511309e-01 1.430540e+00 1.018601e+01 7.118924e+00 2.295462e-01 2.6299e-03 6.8346e-03 +8.6872e-06 0.04119 3.84482e-02 1.01994e-01 2.23298e-01 0.00000e+00
26.751237 1.01813786e-01 6.76810484e-02 1.69494834e-01 3.56794822e-02 2.19372104e+00 3.17049779e+00 4.29137506e-02 6.647533e-01 1.445260e+00 1.003725e+01 6.902590e+00 1.703547e-01 2.6356e-03 6.7529e-03 +8.8748e-06 0.03976 3.25553e-02 8.92729e-02 2.06575e-01 0.00000e+00
27.001249 1.01786664e-01 6.90471197e-02 1.70833784e-01 3.49346456e-02 2.12716888e+00 3.12058574e+00 4.19820370e-02 6.783513e-01 1.467014e+00 9.740873e+00 6.733363e+00 1.169007e-01 2.4936e-03 7.1384e-03 +8.6761e-06 0.04052 2.83447e-02 7.91910e-02 1.95815e-01 0.00000e+00
27.251260 1.01864365e-01 7.03889414e-02 1.72253306e-01 3.48193618e-02 2.05888482e+00 3.08343555e+00 4.11385629e-02 6.910065e-01 1.497624e+00 9.356085e+00 6.838116e+00 9.900152e-02 2.4464e-03 7.3476e-03 +8.2164e-06 0.04179 2.50756e-02 7.17244e-02 1.95141e-01 0.00000e+00
27.501272 1.02035524e-01 7.16385969e-02 1.73674121e-01 3.52746056e-02 1.99431349e+00 3.05879803e+00 4.04248922e-02 7.020947e-01 1.533760e+00 8.935524e+00 6.391469e+00 1.151319e-01 2.3912e-03 7.0730e-03 +7.6500e-06 0.04213 2.37059e-02 7.28465e-02 2.07944e-01 0.00000e+00
27.751283 1.02261711e-01 7.27406344e-02 1.75002345e-01 3.61496006e-02 1.94182517e+00 3.05167510e+00 3.99480021e-02 7.113184e-01 1.571550e+00 8.497295e+00 6.226060e+00 1.252780e-01 2.3371e-03 7.9372e-03 +7.1273e-06 0.04164 2.83675e-02 8.62691e-02 2.31501e-01 0.00000e+00
28.001295 1.02503378e-01 7.36560553e-02 1.76159434e-01 3.72765701e-02 1.91402961e+00 3.04694422e+00 3.96877907e-02 7.185720e-01 1.591900e+00 8.098710e+00 6.110173e+00 1.224142e-01 2.3570e-03 9.6405e-03 +6.7492e-06 0.04125 3.72384e-02 1.02333e-01 2.55590e-01 0.00000e+00
28.251307 1.02732862e-01 7.43906740e-02 1.77123536e-01 3.85036653e-02 1.91276582e+00 3.02762185e+00 3.95231013e-02 7.241176e-01 1.582850e+00 7.741316e+00 5.988672e+00 1.322692e-01 2.3161e-03 9.0634e-03 +6.4463e-06 0.04298 4.23052e-02 1.13098e-01 2.74629e-01 0.00000e+00
28.501318 1.02912099e-01 7.49754448e-02 1.77887543e-01 3.96745828e-02 1.92259747e+00 3.01675630e+00 3.95148301e-02 7.285387e-01 1.569104e+00 7.642794e+00 5.769623e+00 1.597872e-01 2.2414e-03 7.2830e-03 +6.0529e-06 0.04389 4.34073e-02 1.21358e-01 2.90206e-01 0.00000e+00
28.751330 1.03007463e-01 7.53989124e-02 1.78406375e-01 4.06196797e-02 1.93068899e+00 3.04342647e+00 3.97929237e-02 7.319752e-01 1.576342e+00 7.854304e+00 5.465414e+00 1.845022e-01 2.2367e-03 6.1504e-03 +5.5368e-06 0.04354 4.50923e-02 1.32925e-01 3.04366e-01 0.00000e+00
29.001341 1.03031923e-01 7.56062863e-02 1.78638210e-01 4.12146469e-02 1.93926088e+00 3.10168559e+00 4.03275718e-02 7.338142e-01 1.599416e+00 8.281605e+00 5.891956e+00 1.929793e-01 2.2806e-03 6.2545e-03 +5.0306e-06 0.04154 4.93502e-02 1.47759e-01 3.16652e-01 0.00000e+00
29.251353 1.03045237e-01 7.55855828e-02 1.78630820e-01 4.14179032e-02 1.95749740e+00 3.16400783e+00 4.09720418e-02 7.335185e-01 1.616354e+00 8.343211e+00 6.050702e+00 1.845174e-01 2.2918e-03 6.6299e-03 +4.6710e-06 0.04187 5.40943e-02 1.59497e-01 3.23798e-01 0.00000e+00
29.501364 1.03130931e-01 7.53964924e-02 1.78527423e-01 4.12342813e-02 1.99683438e+00 3.21725445e+00 4.17127107e-02 7.310755e-01 1.611177e+00 8.385340e+00 6.058209e+00 1.755368e-01 2.2174e-03 6.7606e-03 +4.4958e-06 0.04163 5.68522e-02 1.64067e-01 3.24785e-01 0.00000e+00
29.751376 1.03373907e-01 7.51095897e-02 1.78483496e-01 4.06794496e-02 2.07018980e+00 3.25949337e+00 4.26374654e-02 7.265817e-01 1.574490e+00 9.071361e+00 5.991127e+00 1.858495e-01 2.0989e-03 6.6723e-03 +4.4915e-06 0.04216 5.78808e-02 1.63157e-01 3.22627e-01 0.00000e+00
30.001387 1.03808319e-01 7.47795276e-02 1.78587846e-01 3.97878820e-02 2.17961169e+00 3.30306930e+00 4.38614480e-02 7.203616e-01 1.515439e+00 9.921072e+00 6.211690e+00 2.035556e-01 1.9960e-03 6.5089e-03 +4.6513e-06 0.04266 5.84800e-02 1.59844e-01 3.20150e-01 0.00000e+00
30.251399 1.04369751e-01 7.44729128e-02 1.78842663e-01 3.86407168e-02 2.30307035e+00 3.35988546e+00 4.53036464e-02 7.135488e-01 1.458872e+00 1.069406e+01 6.659246e+00 2.153037e-01 2.0583e-03 6.6454e-03 +4.9690e-06 0.04283 5.82826e-02 1.54307e-01 3.14678e-01 0.00000e+00
30.501411 1.04922345e-01 7.42897737e-02 1.79212119e-01 3.73753102e-02 2.39864350e+00 3.44473204e+00 4.67470043e-02 7.080453e-01 1.436117e+00 1.122220e+01 6.939878e+00 2.454645e-01 2.2396e-03 6.9427e-03 +5.4181e-06 0.04265 5.64814e-02 1.45931e-01 3.02197e-01 0.00000e+00
30.751422 1.05347438e-01 7.42824102e-02 1.79629848e-01 3.61760750e-02 2.44280445e+00 3.55822604e+00 4.80082439e-02 7.051183e-01 1.456615e+00 1.139850e+01 7.110222e+00 3.099764e-01 2.5418e-03 7.3320e-03 +5.9543e-06 0.04394 5.34013e-02 1.35303e-01 2.82854e-01 0.00000e+00
31.001434 1.05570958e-01 7.44671922e-02 1.80038150e-01 3.52355293e-02 2.44191747e+00 3.64882118e+00 4.87259092e-02 7.053757e-01 1.494244e+00 1.134690e+01 7.289448e+00 3.685201e-01 2.8967e-03 7.3378e-03 +6.5362e-06 0.04425 4.99968e-02 1.23974e-01 2.60859e-01 0.00000e+00
31.251445 1.05561217e-01 7.48577514e-02 1.80418969e-01 3.47082342e-02 2.40113795e+00 3.68316751e+00 4.86744437e-02 7.091407e-01 1.533926e+00 1.122578e+01 7.330295e+00 3.837377e-01 3.0591e-03 6.4547e-03 +7.1469e-06 0.04339 4.66670e-02 1.13417e-01 2.41263e-01 0.00000e+00
31.501457 1.05365459e-01 7.54034758e-02 1.80768934e-01 3.47064199e-02 2.32802257e+00 3.64394479e+00 4.77757388e-02 7.156375e-01 1.565253e+00 1.112586e+01 7.045717e+00 3.655799e-01 3.1956e-03 6.4892e-03 +7.7514e-06 0.04208 4.27271e-02 1.03386e-01 2.25917e-01 0.00000e+00
31.751468 1.05067797e-01 7.60560076e-02 1.81123804e-01 3.52765447e-02 2.22917045e+00 3.52665512e+00 4.60466046e-02 7.238755e-01 1.582048e+00 1.102985e+01 6.464687e+00 3.341473e-01 3.1667e-03 7.1703e-03 +8.2878e-06 0.04127 3.77276e-02 9.27636e-02 2.12039e-01 0.00000e+00
32.001480 1.04755091e-01 7.67250748e-02 1.81480166e-01 3.63526431e-02 2.10975862e+00 3.40098116e+00 4.40859182e-02 7.324234e-01 1.612024e+00 1.093300e+01 6.170500e+00 2.988399e-01 2.7903e-03 6.5718e-03 +8.7035e-06 0.04083 3.29060e-02 8.35273e-02 2.07948e-01 0.00000e+00
32.251491 1.04566978e-01 7.70972928e-02 1.81664271e-01 3.77886845e-02 2.00016142e+00 3.31887811e+00 4.25523162e-02 7.373006e-01 1.659305e+00 1.085358e+01 5.821738e+00 2.681865e-01 2.4459e-03 5.4967e-03 +8.9680e-06 0.04244 3.14604e-02 8.67620e-02 2.22494e-01 0.00000e+00
32.501503 1.04551664e-01 7.69854457e-02 1.81537110e-01 3.93424024e-02 1.93467865e+00 3.25103348e+00 4.14856970e-02 7.363388e-01 1.680400e+00 1.090431e+01 5.800143e+00 2.448209e-01 2.3020e-03 6.5925e-03 +9.0653e-06 0.04374 3.75522e-02 1.02593e-01 2.48058e-01 0.00000e+00
32.751515 1.04533694e-01 7.66523126e-02 1.81186007e-01 4.07707205e-02 1.91637462e+00 3.13770505e+00 4.04326374e-02 7.332785e-01 1.637313e+00 1.110014e+01 5.597631e+00 2.217348e-01 2.2536e-03 7.2798e-03 +8.8467e-06 0.04451 4.26708e-02 1.09508e-01 2.62147e-01 0.00000e+00
33.001526 1.04266275e-01 7.65697573e-02 1.80836032e-01 4.18821569e-02 1.92255137e+00 2.99803600e+00 3.93646990e-02 7.343674e-01 1.559405e+00 1.117577e+01 5.570991e+00 1.945426e-01 2.2493e-03 7.6746e-03 +8.0010e-06 0.04460 3.94869e-02 1.06760e-01 2.63136e-01 0.00000e+00
33.251538 1.03652883e-01 7.69473935e-02 1.80600276e-01 4.25252869e-02 1.92771273e+00 2.91822187e+00 3.87674768e-02 7.423565e-01 1.513826e+00 1.113416e+01 5.862127e+00 1.721554e-01 2.2590e-03 8.0668e-03 +6.6502e-06 0.04418 3.66149e-02 1.08379e-01 2.66541e-01 0.00000e+00
33.501549 1.02825223e-01 7.76303829e-02 1.80455606e-01 4.26276715e-02 1.92684142e+00 2.91750528e+00 3.87547736e-02 7.549741e-01 1.514139e+00 1.113505e+01 6.034124e+00 1.675538e-01 2.2050e-03 7.7732e-03 +5.2940e-06 0.04325 3.72325e-02 1.15647e-01 2.77980e-01 0.00000e+00
33.751561 1.02015393e-01 7.83493484e-02 1.80364741e-01 4.22144421e-02 1.93326260e+00 2.96862868e+00 3.92151303e-02 7.680150e-01 1.535554e+00 1.130912e+01 6.104875e+00 1.750807e-01 2.1071e-03 7.2228e-03 +4.3046e-06 0.04264 3.92209e-02 1.23284e-01 2.92713e-01 0.00000e+00
34.001572 1.01377768e-01 7.89495296e-02 1.80327297e-01 4.13758208e-02 1.96357393e+00 3.04026817e+00 4.00307368e-02 7.787657e-01 1.548334e+00 1.164664e+01 6.072116e+00 1.818438e-01 2.0549e-03 6.8759e-03 +3.7917e-06 0.04347 4.14880e-02 1.29955e-01 3.05229e-01 0.00000e+00
34.251584 1.00910043e-01 7.94779483e-02 1.80387992e-01 4.02390576e-02 2.01985279e+00 3.12176452e+00 4.11329385e-02 7.876119e-01 1.545541e+00 1.201356e+01 6.155387e+00 1.885514e-01 2.0678e-03 6.7220e-03 +3.7176e-06 0.04389 4.42640e-02 1.35977e-01 3.12867e-01 0.00000e+00
34.501596 1.00541170e-01 8.00576678e-02 1.80598838e-01 3.89544289e-02 2.09143769e+00 3.22687395e+00 4.25464931e-02 7.962675e-01 1.542897e+00 1.233229e+01 6.200815e+00 2.062013e-01 2.0811e-03 6.6814e-03 +4.0263e-06 0.04386 4.75496e-02 1.39803e-01 3.15070e-01 0.00000e+00
34.751607 1.00273414e-01 8.06985629e-02 1.80971976e-01 3.76829541e-02 2.16080984e+00 3.37723613e+00 4.43043678e-02 8.047852e-01 1.562949e+00 1.243546e+01 6.574653e+00 2.420093e-01 2.1182e-03 6.5875e-03 +4.6715e-06 0.04342 4.96617e-02 1.38719e-01 3.09876e-01 0.00000e+00
35.001619 1.00212861e-01 8.12603766e-02 1.81473237e-01 3.65533828e-02 2.21027481e+00 3.56507407e+00 4.62027910e-02 8.108777e-01 1.612955e+00 1.239504e+01 6.771871e+00 2.953912e-01 2.2671e-03 6.3985e-03 +5.5745e-06 0.04317 4.90187e-02 1.32264e-01 2.96324e-01 0.00000e+00
35.251630 1.00437588e-01 8.16244036e-02 1.82061992e-01 3.56316350e-02 2.23833501e+00 3.73584598e+00 4.77934479e-02 8.126878e-01 1.669029e+00 1.222140e+01 7.075793e+00 3.585955e-01 2.6174e-03 6.2492e-03 +6.5868e-06 0.04448 4.64586e-02 1.22492e-01 2.77218e-01 0.00000e+00
35.501642 1.00842117e-01 8.18745584e-02 1.82716675e-01 3.49455152e-02 2.25407231e+00 3.82015835e+00 4.85938453e-02 8.119084e-01 1.694781e+00 1.183177e+01 7.460903e+00 4.001725e-01 3.0759e-03 6.4190e-03 +7.5105e-06 0.04311 4.36111e-02 1.11732e-01 2.56971e-01 0.00000e+00
35.751653 1.01192529e-01 8.22519961e-02 1.83444525e-01 3.44976503e-02 2.25303772e+00 3.78681632e+00 4.83188323e-02 8.128268e-01 1.680760e+00 1.124359e+01 7.509302e+00 4.009616e-01 3.3535e-03 6.2580e-03 +8.1621e-06 0.04179 4.07583e-02 1.02137e-01 2.38836e-01 0.00000e+00
36.001665 1.01248945e-01 8.29858640e-02 1.84234809e-01 3.42756810e-02 2.22295952e+00 3.67026350e+00 4.71457842e-02 8.196220e-01 1.651071e+00 1.043408e+01 7.349236e+00 3.788574e-01 3.2940e-03 5.6771e-03 +8.4514e-06 0.04125 3.80740e-02 9.54384e-02 2.24296e-01 0.00000e+00
36.251676 1.00838448e-01 8.41764843e-02 1.85014932e-01 3.42797017e-02 2.15325911e+00 3.53842818e+00 4.55334984e-02 8.347658e-01 1.643290e+00 9.474511e+00 6.931793e+00 3.628943e-01 3.0167e-03 5.4644e-03 +8.4325e-06 0.03975 3.57612e-02 9.08472e-02 2.12742e-01 0.00000e+00
36.501688 9.99871389e-02 8.56027400e-02 1.85589879e-01 3.45299702e-02 2.05646944e+00 3.43528367e+00 4.39340249e-02 8.561375e-01 1.670476e+00 9.468862e+00 6.484266e+00 3.592697e-01 2.7716e-03 5.6491e-03 +8.2366e-06 0.03908 3.34494e-02 8.70255e-02 2.13428e-01 0.00000e+00
36.751700 9.89444757e-02 8.68023516e-02 1.85746827e-01 3.50021126e-02 1.96735244e+00 3.32772547e+00 4.23606233e-02 8.772835e-01 1.691474e+00 9.595640e+00 6.015546e+00 3.498238e-01 2.5913e-03 6.0856e-03 +7.9571e-06 0.03987 3.27652e-02 9.10333e-02 2.27245e-01 0.00000e+00
37.001711 9.79373099e-02 8.75545215e-02 1.85491831e-01 3.55708754e-02 1.91425033e+00 3.20985149e+00 4.09928146e-02 8.939854e-01 1.676819e+00 9.757550e+00 5.649059e+00 3.178004e-01 2.4081e-03 7.5602e-03 +7.5877e-06 0.04049 3.72595e-02 1.01940e-01 2.46161e-01 0.00000e+00
37.251723 9.69973415e-02 8.79630121e-02 1.84960354e-01 3.61271298e-02 1.90192136e+00 3.10007213e+00 4.00159479e-02 9.068600e-01 1.629969e+00 9.903791e+00 5.421707e+00 2.705774e-01 2.2614e-03 7.9093e-03 +7.0001e-06 0.04100 4.15944e-02 1.08495e-01 2.60404e-01 0.00000e+00
37.501734 9.60820564e-02 8.81972802e-02 1.84279337e-01 3.65773660e-02 1.91381819e+00 3.03326741e+00 3.95766848e-02 9.179371e-01 1.584930e+00 9.845538e+00 5.161158e+00 2.338751e-01 2.2136e-03 7.5854e-03 +6.1540e-06 0.04156 4.30459e-02 1.12570e-01 2.70273e-01 0.00000e+00
37.751746 9.52483731e-02 8.82702822e-02 1.83518655e-01 3.67839098e-02 1.93709073e+00 3.01488316e+00 3.96157912e-02 9.267380e-01 1.556397e+00 9.735643e+00 5.244102e+00 2.185795e-01 2.2532e-03 7.3945e-03 +5.3307e-06 0.04163 4.43179e-02 1.17895e-01 2.79624e-01 0.00000e+00
38.001757 9.46042483e-02 8.81330880e-02 1.82737336e-01 3.66129121e-02 1.97023207e+00 3.02050005e+00 3.99258570e-02 9.315976e-01 1.533068e+00 9.722912e+00 5.490288e+00 2.139603e-01 2.2518e-03 6.8782e-03 +4.7854e-06 0.04122 4.52065e-02 1.21688e-01 2.88141e-01 0.00000e+00
38.251769 9.42027717e-02 8.77862923e-02 1.81989064e-01 3.60116803e-02 2.01439852e+00 3.03658595e+00 4.04078757e-02 9.318865e-01 1.507441e+00 9.879008e+00 5.615971e+00 2.051302e-01 2.1989e-03 6.1123e-03 +4.5245e-06 0.04208 4.52303e-02 1.22253e-01 2.94016e-01 0.00000e+00
38.501781 9.40220260e-02 8.73002033e-02 1.81322229e-01 3.50112625e-02 2.07299400e+00 3.04825728e+00 4.09700102e-02 9.285080e-01 1.470461e+00 1.022125e+01 6.146370e+00 2.001692e-01 2.1847e-03 5.7335e-03 +4.4544e-06 0.04267 4.43884e-02 1.20793e-01 2.94178e-01 0.00000e+00
38.751792 9.39430717e-02 8.68251455e-02 1.80768217e-01 3.36856218e-02 2.14946404e+00 3.08185418e+00 4.18505458e-02 9.242315e-01 1.433778e+00 1.064199e+01 6.567505e+00 2.217702e-01 2.1580e-03 5.4775e-03 +4.5153e-06 0.04290 4.49151e-02 1.22333e-01 2.91268e-01 0.00000e+00
39.001804 9.38089113e-02 8.65074419e-02 1.80316353e-01 3.21340431e-02 2.23606131e+00 3.15933859e+00 4.31631992e-02 9.221666e-01 1.412903e+00 1.108734e+01 6.833521e+00 2.621818e-01 2.1771e-03 5.2664e-03 +4.7017e-06 0.04357 4.75408e-02 1.26795e-01 2.88418e-01 0.00000e+00
39.251815 9.35240633e-02 8.64844952e-02 1.80008559e-01 3.04876907e-02 2.31502844e+00 3.28210367e+00 4.47770569e-02 9.247299e-01 1.417738e+00 1.154847e+01 6.917589e+00 3.038007e-01 2.1511e-03 5.1955e-03 +4.9978e-06 0.04712 4.94799e-02 1.27503e-01 2.82785e-01 0.00000e+00
39.501827 9.30969655e-02 8.68175731e-02 1.79914539e-01 2.89154005e-02 2.35977190e+00 3.46512624e+00 4.65991851e-02 9.325500e-01 1.468416e+00 1.179052e+01 7.166957e+00 3.584601e-01 2.2263e-03 5.3603e-03 +5.3336e-06 0.04827 4.86609e-02 1.21381e-01 2.71035e-01 0.00000e+00
39.751838 9.26341315e-02 8.74701553e-02 1.80104287e-01 2.75456146e-02 2.36694665e+00 3.64657214e+00 4.81081503e-02 9.442541e-01 1.540623e+00 1.162198e+01 7.420316e+00 4.209205e-01 2.5273e-03 5.6571e-03 +5.6228e-06 0.04713 4.54206e-02 1.10734e-01 2.54721e-01 0.00000e+00
40.001850 9.21249704e-02 8.85665268e-02 1.80691497e-01 2.63778002e-02 2.34599109e+00 3.72867614e+00 4.85973378e-02 9.613737e-01 1.589382e+00 1.102652e+01 7.440447e+00 4.573209e-01 2.9828e-03 6.5135e-03 +5.8309e-06 0.04442 4.06944e-02 9.85871e-02 2.36744e-01 0.00000e+00
40.251861 9.13786998e-02 9.04080631e-02 1.81786763e-01 2.53064889e-02 2.28938074e+00 3.69775906e+00 4.78971183e-02 9.893779e-01 1.615179e+00 1.018960e+01 7.502549e+00 4.628616e-01 3.2984e-03 6.5092e-03 +5.9806e-06 0.04154 3.62665e-02 8.90161e-02 2.20607e-01 0.00000e+00
40.501873 9.02730516e-02 9.30855942e-02 1.83358646e-01 2.42299537e-02 2.19771721e+00 3.61027816e+00 4.64639630e-02 1.031156e+00 1.642740e+00 9.767180e+00 7.099128e+00 4.439240e-01 3.2403e-03 5.4324e-03 +6.1128e-06 0.04005 3.39657e-02 8.55604e-02 2.10462e-01 0.00000e+00
40.751885 8.89337072e-02 9.62355424e-02 1.85169250e-01 2.31724837e-02 2.08951010e+00 3.52426973e+00 4.49102386e-02 1.082104e+00 1.686649e+00 9.886947e+00 7.033212e+00 3.933599e-01 2.8868e-03 4.9725e-03 +6.2566e-06 0.03922 3.34522e-02 8.73457e-02 2.05410e-01 0.00000e+00
41.001896 8.75970423e-02 9.92876087e-02 1.86884651e-01 2.23020002e-02 1.98352041e+00 3.46047563e+00 4.35519683e-02 1.133458e+00 1.744613e+00 9.857631e+00 6.929407e+00 3.226924e-01 2.5845e-03 4.8245e-03 +6.4164e-06 0.03880 3.39884e-02 9.11897e-02 2.03052e-01 0.00000e+00
41.251908 8.64340634e-02 1.01765137e-01 1.88199200e-01 2.17898541e-02 1.89274956e+00 3.43954934e+00 4.26583912e-02 1.177373e+00 1.817224e+00 9.726010e+00 7.224419e+00 2.637933e-01 2.4114e-03 5.0413e-03 +6.5712e-06 0.03994 3.48696e-02 9.28160e-02 2.05017e-01 0.00000e+00
41.501919 8.55603012e-02 1.03343239e-01 1.88903540e-01 2.16501189e-02 1.83992287e+00 3.43137450e+00 4.21703789e-02 1.207841e+00 1.864956e+00 9.600405e+00 6.810673e+00 2.326187e-01 2.3944e-03 5.8391e-03 +6.6712e-06 0.04134 3.58498e-02 9.56123e-02 2.12695e-01 0.00000e+00
41.751931 8.50398431e-02 1.03942926e-01 1.88982769e-01 2.18077056e-02 1.82950178e+00 3.39918605e+00 4.18295026e-02 1.222285e+00 1.857985e+00 9.579651e+00 6.301809e+00 2.214388e-01 2.4317e-03 7.2001e-03 +6.6704e-06 0.04222 3.81509e-02 9.86142e-02 2.21734e-01 0.00000e+00
42.001942 8.49042006e-02 1.03649821e-01 1.88554022e-01 2.21741010e-02 1.84868991e+00 3.33637477e+00 4.14805175e-02 1.220786e+00 1.804724e+00 9.206628e+00 6.059556e+00 2.295998e-01 2.4145e-03 7.7183e-03 +6.5526e-06 0.04254 3.99862e-02 1.00075e-01 2.30489e-01 0.00000e+00
42.251954 8.51434247e-02 1.02595906e-01 1.87739331e-01 2.26183412e-02 1.88188984e+00 3.26752879e+00 4.11953490e-02 1.204977e+00 1.736302e+00 9.255339e+00 5.761098e+00 2.571875e-01 2.3360e-03 6.7843e-03 +6.3191e-06 0.04238 4.05412e-02 1.01268e-01 2.39472e-01 0.00000e+00
42.501966 8.56427166e-02 1.00944522e-01 1.86587239e-01 2.29730233e-02 1.92042518e+00 3.21928981e+00 4.11177199e-02 1.178670e+00 1.676342e+00 9.297370e+00 5.801558e+00 2.922951e-01 2.2832e-03 5.3203e-03 +6.0115e-06 0.04267 4.13727e-02 1.03933e-01 2.49540e-01 0.00000e+00
42.751977 8.61756704e-02 9.89146390e-02 1.85090309e-01 2.31013426e-02 1.95995333e+00 3.20015767e+00 4.12808880e-02 1.147826e+00 1.632772e+00 9.566827e+00 5.743366e+00 3.113522e-01 2.2723e-03 4.6122e-03 +5.6632e-06 0.04243 4.30412e-02 1.08504e-01 2.60585e-01 0.00000e+00
43.001989 8.65182084e-02 9.67327189e-02 1.83250927e-01 2.29194267e-02 2.00176604e+00 3.19331440e+00 4.15606435e-02 1.118062e+00 1.595249e+00 9.854438e+00 5.751855e+00 3.047732e-01 2.3038e-03 5.0048e-03 +5.2768e-06 0.04137 4.50517e-02 1.14174e-01 2.70986e-01 0.00000e+00
43.252000 8.65387501e-02 9.46116744e-02 1.81150425e-01 2.23824560e-02 2.04974427e+00 3.15893003e+00 4.16693945e-02 1.093287e+00 1.541134e+00 9.373731e+00 5.881011e+00 2.942997e-01 2.3815e-03 5.5541e-03 +4.8339e-06 0.04236 4.65317e-02 1.19521e-01 2.79084e-01 0.00000e+00
43.502012 8.61603962e-02 9.28015568e-02 1.78961953e-01 2.14932773e-02 2.10014472e+00 3.08528240e+00 4.14834170e-02 1.077079e+00 1.469081e+00 9.891051e+00 6.060756e+00 2.918386e-01 2.3172e-03 5.9208e-03 +4.3049e-06 0.04516 4.63529e-02 1.22660e-01 2.84194e-01 0.00000e+00
43.752023 8.53321752e-02 9.15176024e-02 1.76849778e-01 2.02964521e-02 2.14504120e+00 3.03685758e+00 4.14551902e-02 1.072486e+00 1.415757e+00 1.080423e+01 6.267818e+00 2.933434e-01 2.1043e-03 6.0591e-03 +3.6910e-06 0.04746 4.53310e-02 1.24073e-01 2.87055e-01 0.00000e+00
44.002035 8.40997839e-02 9.07383874e-02 1.74838171e-01 1.88848102e-02 2.18068765e+00 3.10631304e+00 4.22960055e-02 1.078937e+00 1.424465e+00 1.187476e+01 6.333877e+00 3.079965e-01 1.9696e-03 5.8452e-03 +3.0644e-06 0.04878 4.55132e-02 1.26077e-01 2.89774e-01 0.00000e+00
44.252046 8.26795048e-02 9.01994782e-02 1.72878983e-01 1.74254921e-02 2.20612520e+00 3.27825216e+00 4.38750189e-02 1.090953e+00 1.485977e+00 1.257850e+01 7.220608e+00 3.295150e-01 1.9934e-03 5.7196e-03 +2.5297e-06 0.04926 4.48151e-02 1.24792e-01 2.86447e-01 0.00000e+00
44.502058 8.13684171e-02 8.96781817e-02 1.71046599e-01 1.60895459e-02 2.21827647e+00 3.45958435e+00 4.54228866e-02 1.102125e+00 1.559582e+00 1.253040e+01 8.170037e+00 3.402726e-01 2.1618e-03 6.1796e-03 +2.1634e-06 0.04884 4.25070e-02 1.19351e-01 2.74830e-01 0.00000e+00
44.752070 8.03214017e-02 8.92131707e-02 1.69534572e-01 1.49345798e-02 2.21518430e+00 3.57727821e+00 4.63397001e-02 1.110702e+00 1.614890e+00 1.170227e+01 8.800407e+00 3.495198e-01 2.4268e-03 6.6861e-03 +2.0000e-06 0.04699 4.06056e-02 1.13868e-01 2.61820e-01 0.00000e+00
45.002081 7.94438870e-02 8.91434660e-02 1.68587353e-01 1.38772362e-02 2.19017726e+00 3.57307263e+00 4.61059991e-02 1.122093e+00 1.631408e+00 1.055753e+01 8.626036e+00 3.472508e-01 2.9132e-03 7.6970e-03 +2.0187e-06 0.04427 3.94775e-02 1.09405e-01 2.50960e-01 0.00000e+00
45.252093 7.85127875e-02 8.99540999e-02 1.68466887e-01 1.28080284e-02 2.13424284e+00 3.43510398e+00 4.45547745e-02 1.145725e+00 1.609519e+00 1.035211e+01 7.833711e+00 3.316715e-01 3.3055e-03 8.4151e-03 +2.1680e-06 0.04305 3.86013e-02 1.05575e-01 2.42402e-01 0.00000e+00
45.502104 7.74100954e-02 9.18844883e-02 1.69294584e-01 1.17583366e-02 2.03388657e+00 3.27114137e+00 4.24402235e-02 1.186983e+00 1.608320e+00 1.028421e+01 7.014984e+00 3.181549e-01 3.0542e-03 8.0090e-03 +2.4111e-06 0.04195 3.76780e-02 1.03029e-01 2.36220e-01 0.00000e+00
45.752116 7.62867692e-02 9.45671203e-02 1.70853890e-01 1.08794419e-02 1.90700932e+00 3.20150891e+00 4.08681459e-02 1.239627e+00 1.678811e+00 1.011254e+01 6.604300e+00 3.085926e-01 2.5165e-03 7.1065e-03 +2.7349e-06 0.04016 3.67683e-02 1.03258e-01 2.32118e-01 0.00000e+00
46.002127 7.54430678e-02 9.72932527e-02 1.72736320e-01 1.02813941e-02 1.80025722e+00 3.19468213e+00 3.99595148e-02 1.289625e+00 1.774570e+00 9.910217e+00 6.545519e+00 2.855915e-01 2.5568e-03 6.9306e-03 +3.1420e-06 0.03782 3.71297e-02 1.06818e-01 2.30438e-01 0.00000e+00
46.252139 7.50486431e-02 9.95704104e-02 1.74619053e-01 9.96987349e-03 1.73500797e+00 3.18921432e+00 3.93937783e-02 1.326745e+00 1.838155e+00 9.636131e+00 6.750704e+00 2.511891e-01 2.6994e-03 7.3861e-03 +3.6345e-06 0.03717 3.95800e-02 1.10003e-01 2.30090e-01 0.00000e+00
46.502151 7.50746273e-02 1.01249291e-01 1.76323918e-01 9.85627973e-03 1.70810576e+00 3.16099220e+00 3.89527837e-02 1.348649e+00 1.850583e+00 9.236182e+00 7.015311e+00 2.374647e-01 2.6208e-03 7.3682e-03 +4.1572e-06 0.03832 4.13793e-02 1.10824e-01 2.28914e-01 0.00000e+00
46.752162 7.54340693e-02 1.02339894e-01 1.77773964e-01 9.80518179e-03 1.70675338e+00 3.12878874e+00 3.86843370e-02 1.356680e+00 1.833182e+00 8.728650e+00 6.810167e+00 2.455999e-01 2.4837e-03 6.9067e-03 +4.5819e-06 0.03889 4.13322e-02 1.08921e-01 2.27963e-01 0.00000e+00
47.002174 7.61173341e-02 1.02783707e-01 1.78901041e-01 9.66847941e-03 1.72273138e+00 3.12181892e+00 3.87564024e-02 1.350332e+00 1.812133e+00 8.854612e+00 6.576262e+00 2.686916e-01 2.4274e-03 6.5809e-03 +4.8688e-06 0.03906 4.18307e-02 1.07424e-01 2.29608e-01 0.00000e+00
47.252185 7.71415279e-02 1.02471091e-01 1.79612619e-01 9.30152792e-03 1.75857061e+00 3.13711393e+00 3.91654763e-02 1.328352e+00 1.783900e+00 8.786204e+00 6.247838e+00 3.080402e-01 2.4457e-03 6.2160e-03 +5.1130e-06 0.03906 4.29603e-02 1.08223e-01 2.34107e-01 0.00000e+00
47.502197 7.84024549e-02 1.01408643e-01 1.79811098e-01 8.61252736e-03 1.81638352e+00 3.16036129e+00 3.98139584e-02 1.293437e+00 1.739920e+00 8.399575e+00 6.607133e+00 3.460073e-01 2.4862e-03 6.3025e-03 +5.4006e-06 0.03899 4.48798e-02 1.10764e-01 2.39664e-01 0.00000e+00
47.752208 7.96416451e-02 9.97819919e-02 1.79423637e-01 7.59161415e-03 1.88893705e+00 3.18460974e+00 4.05883743e-02 1.252887e+00 1.685927e+00 8.141229e+00 6.074644e+00 3.652842e-01 2.4431e-03 6.3669e-03 +5.7179e-06 0.04040 4.69631e-02 1.14015e-01 2.45912e-01 0.00000e+00
48.002220 8.05456689e-02 9.79006487e-02 1.78446318e-01 6.25546312e-03 1.96445439e+00 3.19420221e+00 4.12692528e-02 1.215468e+00 1.626000e+00 8.798071e+00 6.123950e+00 3.774205e-01 2.3967e-03 6.0284e-03 +5.9207e-06 0.04120 4.80893e-02 1.16091e-01 2.53984e-01 0.00000e+00
48.252231 8.08564413e-02 9.61199381e-02 1.76976379e-01 4.59952166e-03 2.03412493e+00 3.17871884e+00 4.17027501e-02 1.188773e+00 1.562696e+00 8.558540e+00 5.888587e+00 3.826424e-01 2.4008e-03 5.7831e-03 +5.7542e-06 0.04104 4.71394e-02 1.16779e-01 2.63640e-01 0.00000e+00
48.502243 8.04137944e-02 9.47438033e-02 1.75157598e-01 2.61511786e-03 2.09192082e+00 3.14859297e+00 4.19241103e-02 1.178203e+00 1.505121e+00 8.358542e+00 5.552621e+00 3.776363e-01 2.3995e-03 6.3366e-03 +4.9832e-06 0.04159 4.39915e-02 1.16596e-01 2.70912e-01 0.00000e+00
48.752255 7.91727717e-02 9.39614204e-02 1.73134192e-01 3.11284030e-04 2.12385183e+00 3.14717679e+00 4.21682289e-02 1.186790e+00 1.481825e+00 7.863951e+00 5.497129e+00 3.656592e-01 2.2272e-03 6.9876e-03 +3.6893e-06 0.04277 4.14853e-02 1.17566e-01 2.74801e-01 0.00000e+00
49.002266 7.72341951e-02 9.37155212e-02 1.70949716e-01 -2.18260273e-03 2.12103528e+00 3.26075750e+00 4.30543423e-02 1.213394e+00 1.537342e+00 8.833226e+00 5.824120e+00 3.605626e-01 2.1021e-03 6.9239e-03 +2.2974e-06 0.04339 4.29034e-02 1.22365e-01 2.80738e-01 0.00000e+00
49.252278 7.48924021e-02 9.37289437e-02 1.68621346e-01 -4.56304863e-03 2.08848148e+00 3.44329505e+00 4.42542123e-02 1.251515e+00 1.648707e+00 1.040251e+01 5.797463e+00 3.621525e-01 2.1822e-03 6.7778e-03 +1.1888e-06 0.04289 4.40198e-02 1.22971e-01 2.80646e-01 0.00000e+00
49.502289 7.26088552e-02 9.37344310e-02 1.66343286e-01 -6.55923342e-03 2.03944498e+00 3.60111726e+00 4.51244979e-02 1.290950e+00 1.765734e+00 1.272337e+01 6.537854e+00 3.430710e-01 2.3906e-03 6.9127e-03 +5.3145e-07 0.04143 4.32984e-02 1.18131e-01 2.70838e-01 0.00000e+00
49.752301 7.08574113e-02 9.35725727e-02 1.64429984e-01 -8.15175205e-03 1.99028903e+00 3.64880706e+00 4.51127688e-02 1.320576e+00 1.833305e+00 1.224603e+01 7.788857e+00 3.091010e-01 2.8534e-03 7.3020e-03 +3.4378e-07 0.04093 4.17130e-02 1.11521e-01 2.57182e-01 0.00000e+00
49.999845 6.98522075e-02 9.34185934e-02 1.63270801e-01 -9.58062006e-03 1.94783004e+00 3.52019941e+00 4.37442356e-02 1.337375e+00 1.807242e+00 1.067308e+01 8.057932e+00 2.950887e-01 3.4949e-03 7.9497e-03 +5.1434e-07 0.04312 3.95489e-02 1.04709e-01 2.43394e-01 0.00000e+00
