# tg_mhd (CUDA FP32)  tgc_noslip_cond_n256_re1000_drive0.2_bdrive0.2  N=256 L=256 Re=1000 Pm=1 u0=0.05 nu_lat=4.058451e-03 eta_lat=4.058451e-03 tau_f=0.512175 tau_m=0.516234 dt=6.159986e-04 fw=profile
# t E_V E_M E_T H_C Omega_V Omega_M eps EM/EV OmM/OmV j_max w_max skew divb/j divb_wall/j mass_drift umax_lat fw1 fw2 fw4 tau_wall
0.000000 1.23054167e-01 1.25000000e-01 2.48054167e-01 -2.72154940e-20 3.56133420e+01 1.49969646e+00 7.42260770e-02 1.015813e+00 4.211052e-02 3.463620e+00 1.217420e+02 -2.407261e-19 8.3733e-07 1.3238e-06 +0.0000e+00 0.04999 9.51523e-01 9.53570e-01 9.57721e-01 5.95183e-02
0.250095 1.22480290e-01 1.39006836e-01 2.61487126e-01 -9.32272235e-05 8.00775704e+00 1.91671609e+00 1.98489462e-02 1.134932e+00 2.393574e-01 6.425678e+00 4.307045e+01 1.031685e-01 1.2790e-03 4.6651e-03 -7.5075e-06 0.05250 7.30795e-01 7.91843e-01 8.08419e-01 1.74476e-02
0.500191 1.25275711e-01 1.52994475e-01 2.78270186e-01 -2.14883491e-04 6.24036909e+00 2.59475901e+00 1.76702562e-02 1.221262e+00 4.158022e-01 8.297860e+00 3.505552e+01 1.970326e-01 1.4890e-03 5.5608e-03 -1.6775e-05 0.05250 5.68027e-01 6.86142e-01 7.14636e-01 1.33868e-02
0.750286 1.28850645e-01 1.65412255e-01 2.94262900e-01 -2.71489374e-04 5.86448799e+00 3.52621504e+00 1.87814061e-02 1.283752e+00 6.012827e-01 9.467572e+00 3.388146e+01 3.237535e-01 1.5639e-03 6.1675e-03 -2.0168e-05 0.05561 4.49163e-01 5.84961e-01 6.28398e-01 1.18728e-02
1.000382 1.33896261e-01 1.74299273e-01 3.08195535e-01 2.93539361e-05 6.16816301e+00 4.85248587e+00 2.20412978e-02 1.301749e+00 7.866987e-01 1.077788e+01 3.614442e+01 4.291751e-01 1.7367e-03 6.8330e-03 -1.5389e-05 0.05902 3.52029e-01 4.85036e-01 5.45654e-01 1.13255e-02
1.250477 1.41185805e-01 1.77878019e-01 3.19063824e-01 1.02441572e-03 7.22074031e+00 6.87219468e+00 2.81858700e-02 1.259886e+00 9.517299e-01 1.639987e+01 4.397509e+01 4.587171e-01 2.4478e-03 7.8350e-03 -8.6441e-06 0.06239 2.69533e-01 3.85186e-01 4.66614e-01 1.10006e-02
1.500572 1.49220978e-01 1.76891925e-01 3.26112904e-01 2.87769656e-03 8.84688018e+00 1.04763111e+01 3.86463826e-02 1.185436e+00 1.184181e+00 3.116923e+01 4.997068e+01 5.499954e-01 5.5402e-03 9.0166e-03 -7.0645e-06 0.05995 1.91668e-01 2.84072e-01 3.73998e-01 1.07515e-02
1.750668 1.55511467e-01 1.73392867e-01 3.28904333e-01 5.57080597e-03 1.05286170e+01 1.62651289e+01 5.35874917e-02 1.114984e+00 1.544850e+00 4.755696e+01 5.026150e+01 4.420589e-01 1.0551e-02 1.1264e-02 -1.4241e-05 0.06934 1.24880e-01 1.96687e-01 2.82215e-01 1.01328e-02
2.000763 1.60823336e-01 1.66784469e-01 3.27607805e-01 9.18506581e-03 1.19350444e+01 2.07200475e+01 6.53101837e-02 1.037066e+00 1.736068e+00 5.775364e+01 4.589839e+01 3.521133e-01 1.3933e-02 1.4727e-02 -2.5264e-05 0.07152 9.04284e-02 1.53477e-01 2.39150e-01 9.53527e-03
2.250859 1.67262791e-01 1.56781869e-01 3.24044659e-01 1.34072545e-02 1.31858397e+01 2.17021863e+01 6.97760520e-02 9.373386e-01 1.645871e+00 5.427323e+01 4.652578e+01 4.110830e-01 1.3517e-02 1.5039e-02 -3.3999e-05 0.06446 7.87281e-02 1.41136e-01 2.46502e-01 9.34462e-03
2.500954 1.73967258e-01 1.45740393e-01 3.19707651e-01 1.75839056e-02 1.43720335e+01 2.12889708e+01 7.13220086e-02 8.377461e-01 1.481278e+00 4.918097e+01 4.292597e+01 3.230888e-01 1.2331e-02 1.4617e-02 -3.6303e-05 0.06536 7.58434e-02 1.38166e-01 2.66658e-01 9.34888e-03
2.751050 1.78159773e-01 1.36590978e-01 3.14750751e-01 2.13967570e-02 1.54644403e+01 2.14141174e+01 7.37571155e-02 7.666769e-01 1.384733e+00 4.349566e+01 4.209795e+01 2.393547e-01 1.2026e-02 1.4487e-02 -3.5904e-05 0.07256 7.75158e-02 1.32337e-01 2.56713e-01 9.78751e-03
3.001145 1.78748386e-01 1.29938373e-01 3.08686759e-01 2.49314162e-02 1.63832291e+01 2.18157550e+01 7.63979684e-02 7.269345e-01 1.331591e+00 4.278842e+01 3.726859e+01 2.102216e-01 1.3705e-02 1.4748e-02 -3.6470e-05 0.07695 8.19525e-02 1.29628e-01 2.45590e-01 1.07977e-02
3.251240 1.77325337e-01 1.24074637e-01 3.01399974e-01 2.84144398e-02 1.74992695e+01 2.16650604e+01 7.83286598e-02 6.997006e-01 1.238055e+00 3.930474e+01 4.013590e+01 2.965728e-01 1.4072e-02 1.6462e-02 -4.0149e-05 0.07723 9.01036e-02 1.36587e-01 2.48172e-01 1.18587e-02
3.501336 1.74841450e-01 1.18194435e-01 2.93035885e-01 3.20475010e-02 1.86643757e+01 2.14253670e+01 8.01794854e-02 6.760092e-01 1.147928e+00 4.596663e+01 4.302155e+01 3.067639e-01 1.5653e-02 1.8832e-02 -4.4804e-05 0.07486 1.02377e-01 1.54235e-01 2.90910e-01 1.28692e-02
3.751431 1.70944920e-01 1.12371071e-01 2.83315990e-01 3.57400387e-02 1.98926378e+01 2.17244923e+01 8.32342602e-02 6.573525e-01 1.092087e+00 6.672298e+01 5.796659e+01 3.426017e-01 1.5255e-02 2.1371e-02 -4.7308e-05 0.07158 1.44130e-01 2.20032e-01 3.51632e-01 1.42587e-02
4.001527 1.64763549e-01 1.07831825e-01 2.72595374e-01 3.94819775e-02 2.04670635e+01 1.97877398e+01 8.05096067e-02 6.544641e-01 9.668089e-01 6.986828e+01 6.577379e+01 3.330893e-01 1.6530e-02 1.7032e-02 -4.5172e-05 0.07078 1.65559e-01 2.41522e-01 3.66408e-01 1.55475e-02
4.251622 1.56115029e-01 1.06618335e-01 2.62733363e-01 4.33715340e-02 1.92491195e+01 1.91369802e+01 7.67721993e-02 6.829473e-01 9.941743e-01 5.804457e+01 6.561310e+01 2.750921e-01 1.5169e-02 1.9396e-02 -4.3708e-05 0.06796 1.69894e-01 2.47794e-01 3.66900e-01 1.53856e-02
4.501717 1.46044192e-01 1.07268559e-01 2.53312751e-01 4.69627868e-02 1.85444686e+01 1.96016681e+01 7.62922734e-02 7.344938e-01 1.057009e+00 3.782039e+01 5.992987e+01 3.030950e-01 1.3455e-02 1.7435e-02 -4.5468e-05 0.07122 1.50258e-01 2.28539e-01 3.57435e-01 1.45842e-02
4.751813 1.36021862e-01 1.07704559e-01 2.43726421e-01 4.97679768e-02 1.84837728e+01 2.05226583e+01 7.80128622e-02 7.918180e-01 1.110307e+00 4.358571e+01 5.555919e+01 3.425463e-01 1.2927e-02 1.7779e-02 -5.0665e-05 0.06371 1.36091e-01 2.19039e-01 3.54218e-01 1.40052e-02
5.001908 1.27497403e-01 1.06380194e-01 2.33877597e-01 5.14760008e-02 1.86216764e+01 2.07173252e+01 7.86780032e-02 8.343715e-01 1.112538e+00 3.817159e+01 5.709268e+01 2.814211e-01 1.3261e-02 1.7905e-02 -5.6839e-05 0.06570 1.34971e-01 2.17367e-01 3.53641e-01 1.37716e-02
5.252004 1.20624914e-01 1.03542470e-01 2.24167384e-01 5.22885820e-02 1.81753462e+01 2.04624585e+01 7.72756093e-02 8.583838e-01 1.125836e+00 4.222695e+01 5.826412e+01 3.018344e-01 1.3311e-02 1.8452e-02 -6.1361e-05 0.07398 1.36359e-01 2.16955e-01 3.62063e-01 1.36082e-02
5.502099 1.15713204e-01 9.94485383e-02 2.15161743e-01 5.28390561e-02 1.72428655e+01 1.98551271e+01 7.41959851e-02 8.594398e-01 1.151498e+00 3.451881e+01 5.284140e+01 2.812953e-01 1.2282e-02 1.8746e-02 -6.3255e-05 0.07798 1.38639e-01 2.19937e-01 3.70204e-01 1.33188e-02
5.752195 1.12263262e-01 9.50370624e-02 2.07300324e-01 5.38260870e-02 1.61188396e+01 1.86376638e+01 6.95130068e-02 8.465553e-01 1.156266e+00 3.208221e+01 5.073926e+01 2.548386e-01 1.1772e-02 1.8193e-02 -6.2973e-05 0.06790 1.37516e-01 2.16192e-01 3.59597e-01 1.27138e-02
6.002290 1.09236615e-01 9.16989707e-02 2.00935586e-01 5.54541336e-02 1.47786378e+01 1.76908486e+01 6.49389728e-02 8.394527e-01 1.197055e+00 3.150259e+01 4.701640e+01 2.950725e-01 1.0681e-02 1.6378e-02 -6.2362e-05 0.06111 1.28755e-01 1.99976e-01 3.28921e-01 1.19141e-02
6.252385 1.06674811e-01 8.91906846e-02 1.95865496e-01 5.72990700e-02 1.37811858e+01 1.70611819e+01 6.16847354e-02 8.360988e-01 1.238005e+00 3.377052e+01 3.942624e+01 3.161257e-01 1.0298e-02 1.5695e-02 -6.2782e-05 0.05649 1.17877e-01 1.81901e-01 3.03957e-01 1.11926e-02
6.502481 1.04278490e-01 8.77283505e-02 1.92006840e-01 5.89050747e-02 1.28955147e+01 1.62763176e+01 5.83436647e-02 8.412890e-01 1.262169e+00 3.356779e+01 3.318889e+01 3.303099e-01 1.0282e-02 1.5572e-02 -6.3676e-05 0.05637 1.07730e-01 1.69349e-01 2.91212e-01 1.04499e-02
6.752576 1.02606331e-01 8.70259065e-02 1.89632238e-01 6.02004353e-02 1.20271554e+01 1.53807920e+01 5.48158948e-02 8.481534e-01 1.278839e+00 3.208663e+01 2.777167e+01 3.311151e-01 1.0326e-02 1.6649e-02 -6.3738e-05 0.06089 9.71063e-02 1.55961e-01 2.76134e-01 9.67270e-03
7.002672 1.02000800e-01 8.69252782e-02 1.88926078e-01 6.13147377e-02 1.12316683e+01 1.45457516e+01 5.15548399e-02 8.522019e-01 1.295066e+00 2.664468e+01 2.648980e+01 3.461929e-01 1.0239e-02 1.7297e-02 -6.2752e-05 0.06624 8.77935e-02 1.44196e-01 2.58743e-01 9.00635e-03
7.252767 1.02371121e-01 8.74358525e-02 1.89806973e-01 6.23576149e-02 1.05943344e+01 1.38044281e+01 4.87975251e-02 8.541066e-01 1.303001e+00 2.427481e+01 2.484393e+01 3.395760e-01 1.0059e-02 1.7228e-02 -6.1697e-05 0.06745 8.01362e-02 1.34292e-01 2.49797e-01 8.34666e-03
7.502862 1.03448891e-01 8.83582772e-02 1.91807168e-01 6.32315084e-02 1.02606920e+01 1.31607567e+01 4.68428973e-02 8.541249e-01 1.282638e+00 3.104664e+01 2.559714e+01 3.412303e-01 1.0369e-02 1.5746e-02 -6.1864e-05 0.05911 7.37664e-02 1.26874e-01 2.47290e-01 7.73826e-03
7.752958 1.04438876e-01 9.01084384e-02 1.94547314e-01 6.37372903e-02 1.00808102e+01 1.24683201e+01 4.50982605e-02 8.627864e-01 1.236837e+00 3.044607e+01 2.513308e+01 3.642507e-01 9.7593e-03 1.4387e-02 -6.3687e-05 0.06032 7.04532e-02 1.26516e-01 2.45851e-01 7.32679e-03
8.003053 1.05250055e-01 9.26634345e-02 1.97913490e-01 6.38870019e-02 9.91630594e+00 1.16813870e+01 4.31953859e-02 8.804122e-01 1.177998e+00 2.930480e+01 2.386445e+01 3.295730e-01 9.5292e-03 1.5151e-02 -6.6577e-05 0.06175 7.23039e-02 1.32656e-01 2.48077e-01 7.28109e-03
8.253149 1.06583704e-01 9.51890584e-02 2.01772762e-01 6.38215266e-02 9.73027342e+00 1.09981952e+01 4.14569373e-02 8.930921e-01 1.130307e+00 3.055749e+01 2.444795e+01 2.514647e-01 9.3646e-03 1.6824e-02 -6.9216e-05 0.06027 7.95965e-02 1.44701e-01 2.57805e-01 7.58532e-03
8.503244 1.08404066e-01 9.73186627e-02 2.05722729e-01 6.37239460e-02 9.62539578e+00 1.06729237e+01 4.05966390e-02 8.977400e-01 1.108830e+00 2.986628e+01 2.403760e+01 1.989110e-01 9.7684e-03 1.6790e-02 -7.0860e-05 0.05816 9.12738e-02 1.60901e-01 2.70238e-01 8.10509e-03
8.753340 1.10230010e-01 9.89579364e-02 2.09187946e-01 6.36987274e-02 9.80884394e+00 1.07584798e+01 4.11346475e-02 8.977404e-01 1.096814e+00 3.090708e+01 2.248768e+01 1.506094e-01 9.2873e-03 1.5748e-02 -7.1718e-05 0.05705 1.05849e-01 1.74110e-01 2.79304e-01 8.71866e-03
9.003435 1.11870600e-01 9.96469663e-02 2.11517567e-01 6.37191165e-02 1.02895051e+01 1.13329403e+01 4.32448908e-02 8.907342e-01 1.101408e+00 2.959489e+01 2.611212e+01 1.967384e-01 8.6072e-03 1.5006e-02 -7.2543e-05 0.05474 1.18652e-01 1.78767e-01 2.84203e-01 9.44637e-03
9.253530 1.13431176e-01 9.87712477e-02 2.12202423e-01 6.36887667e-02 1.10298308e+01 1.20837741e+01 4.62272098e-02 8.707593e-01 1.095554e+00 3.237195e+01 3.764095e+01 2.906320e-01 8.5362e-03 1.5961e-02 -7.3692e-05 0.05317 1.23965e-01 1.83795e-01 2.95870e-01 9.96593e-03
9.503626 1.14141789e-01 9.68607490e-02 2.11002537e-01 6.35509675e-02 1.17239267e+01 1.31125898e+01 4.96730330e-02 8.486002e-01 1.118447e+00 3.534296e+01 4.595896e+01 2.860445e-01 9.1087e-03 1.9470e-02 -7.4933e-05 0.05259 1.24984e-01 1.90868e-01 3.08774e-01 1.01203e-02
9.753721 1.14370740e-01 9.36322169e-02 2.08002957e-01 6.30901371e-02 1.21113291e+01 1.38260962e+01 5.18748507e-02 8.186728e-01 1.141584e+00 3.227987e+01 4.390726e+01 2.023749e-01 1.0213e-02 1.7810e-02 -7.5453e-05 0.05324 1.21735e-01 1.91098e-01 3.08678e-01 9.85637e-03
10.003817 1.14590681e-01 8.93923619e-02 2.03983043e-01 6.21783223e-02 1.22263508e+01 1.38532474e+01 5.21591965e-02 7.801015e-01 1.133065e+00 2.972980e+01 4.161873e+01 1.499032e-01 1.1346e-02 1.6065e-02 -7.5286e-05 0.05247 1.19198e-01 1.92448e-01 3.18052e-01 9.58398e-03
10.253912 1.14717422e-01 8.51832670e-02 1.99900689e-01 6.07162225e-02 1.21271006e+01 1.37576973e+01 5.17695958e-02 7.425487e-01 1.134459e+00 3.532976e+01 3.686703e+01 1.789660e-01 1.1187e-02 1.6888e-02 -7.5168e-05 0.05023 1.13023e-01 1.94093e-01 3.39162e-01 9.27439e-03
10.504007 1.15232434e-01 8.08472993e-02 1.96079733e-01 5.89271799e-02 1.19164755e+01 1.37279326e+01 5.12888163e-02 7.016019e-01 1.152013e+00 3.633120e+01 3.084350e+01 2.615455e-01 1.0504e-02 1.7826e-02 -7.5666e-05 0.05213 1.00072e-01 1.91939e-01 3.38822e-01 8.84696e-03
10.754103 1.15625400e-01 7.68773689e-02 1.92502769e-01 5.71926320e-02 1.17721172e+01 1.40904688e+01 5.17251721e-02 6.648831e-01 1.196936e+00 4.529304e+01 3.076467e+01 3.550731e-01 1.0437e-02 1.7648e-02 -7.6860e-05 0.05644 8.41220e-02 1.76359e-01 3.09574e-01 8.09588e-03
11.004198 1.14860818e-01 7.40545709e-02 1.88915389e-01 5.54930702e-02 1.18246939e+01 1.45577460e+01 5.27648797e-02 6.447331e-01 1.231131e+00 4.778565e+01 3.156582e+01 4.052658e-01 1.0979e-02 1.7106e-02 -7.8622e-05 0.06557 7.51733e-02 1.65600e-01 2.76430e-01 7.45254e-03
11.254294 1.12585212e-01 7.32313989e-02 1.85816611e-01 5.39148002e-02 1.14723534e+01 1.44009458e+01 5.17465984e-02 6.504531e-01 1.255274e+00 4.411519e+01 3.035962e+01 3.975101e-01 1.0801e-02 1.6202e-02 -8.0332e-05 0.06104 7.60089e-02 1.57571e-01 2.49107e-01 7.34434e-03
11.504389 1.09851702e-01 7.40265648e-02 1.83878267e-01 5.26065917e-02 1.10169713e+01 1.38837232e+01 4.98013891e-02 6.738773e-01 1.260212e+00 3.765711e+01 2.585864e+01 3.515294e-01 1.0323e-02 1.5286e-02 -8.1666e-05 0.05586 7.92190e-02 1.48295e-01 2.30319e-01 7.52033e-03
11.754485 1.07558321e-01 7.56225726e-02 1.83180894e-01 5.15833162e-02 1.07040663e+01 1.33326401e+01 4.80734128e-02 7.030844e-01 1.245568e+00 4.110505e+01 2.640062e+01 2.796858e-01 1.0909e-02 1.5243e-02 -8.2646e-05 0.05344 8.14237e-02 1.43518e-01 2.21352e-01 7.75763e-03
12.004580 1.05444914e-01 7.81445232e-02 1.83589437e-01 5.09422655e-02 1.01860361e+01 1.29432829e+01 4.62586380e-02 7.410933e-01 1.270689e+00 3.787421e+01 2.666283e+01 1.951414e-01 1.1455e-02 1.6351e-02 -8.3408e-05 0.05308 8.38768e-02 1.46573e-01 2.23487e-01 7.83171e-03
12.254675 1.04038615e-01 8.08309052e-02 1.84869520e-01 5.06063867e-02 9.76486349e+00 1.27091840e+01 4.49480950e-02 7.769318e-01 1.301522e+00 3.637274e+01 2.437239e+01 1.965377e-01 1.0919e-02 1.7319e-02 -8.3923e-05 0.05316 8.79425e-02 1.50122e-01 2.26526e-01 7.86195e-03
12.504771 1.03471734e-01 8.32493660e-02 1.86721100e-01 5.06032680e-02 9.64970969e+00 1.20674196e+01 4.34342586e-02 8.045614e-01 1.250547e+00 3.090319e+01 2.630727e+01 1.475548e-01 1.0249e-02 1.7008e-02 -8.4159e-05 0.06101 9.55298e-02 1.50238e-01 2.25702e-01 8.09026e-03
12.754866 1.02904927e-01 8.60680517e-02 1.88972978e-01 5.09354005e-02 9.62901032e+00 1.11953427e+01 4.16487061e-02 8.363842e-01 1.162668e+00 2.605342e+01 2.892789e+01 1.730995e-01 1.0082e-02 1.7788e-02 -8.4411e-05 0.06458 9.31325e-02 1.43126e-01 2.19098e-01 8.12227e-03
13.004962 1.01643659e-01 8.97286565e-02 1.91372315e-01 5.16751714e-02 9.37744631e+00 1.08632247e+01 4.04813420e-02 8.827767e-01 1.158442e+00 2.290102e+01 2.654126e+01 1.999658e-01 9.7915e-03 1.9768e-02 -8.4826e-05 0.06160 9.14044e-02 1.40608e-01 2.18202e-01 7.88520e-03
13.255057 1.00096592e-01 9.35918014e-02 1.93688393e-01 5.27352826e-02 8.90056861e+00 1.08667401e+01 3.95346175e-02 9.350149e-01 1.220904e+00 2.169026e+01 2.630779e+01 1.711284e-01 9.6429e-03 2.0116e-02 -8.5265e-05 0.05842 9.15482e-02 1.40201e-01 2.19424e-01 7.82467e-03
13.505152 9.91709138e-02 9.66400345e-02 1.95810948e-01 5.39034394e-02 8.60152493e+00 1.07028845e+01 3.86088189e-02 9.744796e-01 1.244301e+00 2.159233e+01 2.508883e+01 1.978423e-01 9.7124e-03 2.0248e-02 -8.6011e-05 0.05917 8.88029e-02 1.39218e-01 2.19735e-01 7.68031e-03
13.755248 9.89370511e-02 9.88445888e-02 1.97781640e-01 5.51013153e-02 8.39955488e+00 1.03570856e+01 3.75132809e-02 9.990654e-01 1.233052e+00 1.899345e+01 2.257692e+01 2.069342e-01 9.1012e-03 1.9440e-02 -8.7194e-05 0.05731 8.48360e-02 1.36822e-01 2.14647e-01 7.35247e-03
14.005343 9.90288765e-02 1.00626196e-01 1.99655072e-01 5.61413729e-02 8.16420033e+00 1.02906512e+01 3.69097031e-02 1.016130e+00 1.260460e+00 2.153707e+01 2.106155e+01 1.707224e-01 8.0607e-03 1.7779e-02 -8.8638e-05 0.05354 7.94554e-02 1.30017e-01 2.03861e-01 6.96995e-03
14.255439 9.94271376e-02 1.01830901e-01 2.01258038e-01 5.68079698e-02 7.97637370e+00 1.07269472e+01 3.74066417e-02 1.024176e+00 1.344840e+00 3.213117e+01 2.066354e+01 7.520913e-02 7.7624e-03 1.6421e-02 -9.0153e-05 0.05049 7.34650e-02 1.21427e-01 2.00812e-01 6.56000e-03
14.505534 1.00479821e-01 1.01947960e-01 2.02427782e-01 5.71760574e-02 7.96608457e+00 1.12436007e+01 3.84193705e-02 1.014611e+00 1.411434e+00 4.199583e+01 2.150498e+01 4.156564e-02 9.0196e-03 1.5592e-02 -9.1548e-05 0.05029 6.79900e-02 1.15674e-01 2.08649e-01 6.15987e-03
14.755629 1.02018345e-01 1.01306745e-01 2.03325090e-01 5.74310876e-02 7.99679241e+00 1.14385123e+01 3.88706094e-02 9.930248e-01 1.430388e+00 3.455102e+01 2.176392e+01 1.043060e-01 9.6172e-03 1.5891e-02 -9.2722e-05 0.05228 6.50856e-02 1.14088e-01 2.23048e-01 5.87058e-03
15.005725 1.03578414e-01 1.00736895e-01 2.04315309e-01 5.76078369e-02 7.96135125e+00 1.14910797e+01 3.89048619e-02 9.725665e-01 1.443358e+00 2.927284e+01 2.294910e+01 2.112868e-01 8.8534e-03 1.6962e-02 -9.3632e-05 0.05950 6.50503e-02 1.16010e-01 2.46541e-01 5.77683e-03
15.255820 1.04878092e-01 1.00746027e-01 2.05624119e-01 5.77502029e-02 7.92693473e+00 1.15258267e+01 3.89055229e-02 9.606013e-01 1.454008e+00 3.072060e+01 2.234769e+01 2.750876e-01 8.5197e-03 1.8599e-02 -9.4210e-05 0.06054 6.79256e-02 1.23944e-01 2.71533e-01 5.83646e-03
15.505916 1.05997957e-01 1.01355184e-01 2.07353141e-01 5.80292478e-02 7.95864854e+00 1.14624650e+01 3.88422271e-02 9.561994e-01 1.440253e+00 2.980758e+01 2.201521e+01 3.350802e-01 8.7339e-03 1.9431e-02 -9.4457e-05 0.05829 7.13973e-02 1.31341e-01 2.77887e-01 5.99460e-03
15.756011 1.07377061e-01 1.02166813e-01 2.09543873e-01 5.87600990e-02 8.01846898e+00 1.13315615e+01 3.87000609e-02 9.514771e-01 1.413183e+00 2.844642e+01 2.185440e+01 3.320799e-01 8.9779e-03 1.8132e-02 -9.4421e-05 0.05754 7.26650e-02 1.30455e-01 2.65722e-01 6.26192e-03
16.006107 1.08972520e-01 1.03215349e-01 2.12187869e-01 6.02197995e-02 7.98883887e+00 1.10697714e+01 3.81172206e-02 9.471686e-01 1.385655e+00 3.148659e+01 2.181374e+01 3.258408e-01 8.6077e-03 1.6632e-02 -9.4191e-05 0.05695 7.48288e-02 1.28742e-01 2.52769e-01 6.59125e-03
16.256202 1.10562691e-01 1.04566593e-01 2.15129284e-01 6.23640342e-02 8.04767184e+00 1.09365489e+01 3.79684415e-02 9.457674e-01 1.358971e+00 3.178153e+01 2.267550e+01 3.674323e-01 8.1014e-03 1.5744e-02 -9.4007e-05 0.05632 7.60531e-02 1.27240e-01 2.42990e-01 6.77872e-03
16.506297 1.12047070e-01 1.05899561e-01 2.17946631e-01 6.49807568e-02 8.24199568e+00 1.10446785e+01 3.85733484e-02 9.451346e-01 1.340049e+00 2.740743e+01 2.245041e+01 3.917789e-01 8.3767e-03 1.5318e-02 -9.4081e-05 0.05527 7.62969e-02 1.28192e-01 2.36687e-01 6.86791e-03
16.756393 1.13411175e-01 1.06780818e-01 2.20191993e-01 6.78117503e-02 8.49632365e+00 1.12169760e+01 3.94265994e-02 9.415370e-01 1.320215e+00 2.522939e+01 2.355319e+01 3.499065e-01 8.8373e-03 1.5323e-02 -9.4462e-05 0.06040 7.91242e-02 1.30343e-01 2.32729e-01 6.97015e-03
17.006488 1.14458534e-01 1.07130110e-01 2.21588644e-01 7.04715118e-02 8.78495377e+00 1.11992661e+01 3.99684397e-02 9.359731e-01 1.274824e+00 2.720046e+01 3.084075e+01 2.858651e-01 9.0165e-03 1.5236e-02 -9.5097e-05 0.06216 8.31072e-02 1.29639e-01 2.30813e-01 7.17385e-03
17.256584 1.14786635e-01 1.07348141e-01 2.22134775e-01 7.25917970e-02 9.07400689e+00 1.10117197e+01 4.01714532e-02 9.351972e-01 1.213545e+00 2.952944e+01 3.648764e+01 2.117564e-01 8.8358e-03 1.6779e-02 -9.6146e-05 0.06258 8.58951e-02 1.30360e-01 2.23845e-01 7.38922e-03
17.506679 1.14110082e-01 1.07911679e-01 2.22021761e-01 7.38674779e-02 9.25311881e+00 1.08133050e+01 4.01328475e-02 9.456805e-01 1.168612e+00 2.912709e+01 3.751346e+01 1.562931e-01 8.6752e-03 1.9158e-02 -9.7669e-05 0.06316 8.90701e-02 1.35155e-01 2.22841e-01 7.59680e-03
17.756774 1.12433751e-01 1.09198864e-01 2.21632615e-01 7.41488176e-02 9.26697743e+00 1.07807425e+01 4.00954400e-02 9.712285e-01 1.163350e+00 2.722675e+01 3.716941e+01 1.294403e-01 9.0819e-03 1.9987e-02 -9.9279e-05 0.06199 9.17609e-02 1.36992e-01 2.29270e-01 7.77798e-03
18.006870 1.10225099e-01 1.11118329e-01 2.21343428e-01 7.34317643e-02 9.16407531e+00 1.08891397e+01 4.01064300e-02 1.008104e+00 1.188242e+00 2.876151e+01 3.567482e+01 1.561891e-01 9.2804e-03 1.9646e-02 -1.0068e-04 0.05989 9.38407e-02 1.37756e-01 2.28937e-01 7.89574e-03
18.256965 1.08144325e-01 1.13246739e-01 2.21391064e-01 7.17531842e-02 9.03608187e+00 1.11242260e+01 4.03206158e-02 1.047182e+00 1.231090e+00 2.883657e+01 3.414755e+01 1.951537e-01 8.6175e-03 1.8647e-02 -1.0198e-04 0.05822 9.53959e-02 1.41964e-01 2.26515e-01 7.95594e-03
18.507061 1.06336859e-01 1.15411091e-01 2.21747949e-01 6.92104981e-02 9.02960094e+00 1.14356632e+01 4.09305283e-02 1.085335e+00 1.266464e+00 2.839011e+01 3.297154e+01 2.167555e-01 7.6774e-03 1.7417e-02 -1.0318e-04 0.05758 9.83801e-02 1.47204e-01 2.31199e-01 8.04092e-03
18.757156 1.04415970e-01 1.17871162e-01 2.22287131e-01 6.59841148e-02 9.10216826e+00 1.17063787e+01 4.16170938e-02 1.128861e+00 1.286109e+00 2.673867e+01 3.102676e+01 2.390219e-01 7.6437e-03 1.8678e-02 -1.0418e-04 0.05808 1.01064e-01 1.53866e-01 2.36774e-01 8.14214e-03
19.007252 1.02290341e-01 1.20680303e-01 2.22970645e-01 6.23944177e-02 9.11778822e+00 1.19681394e+01 4.21718552e-02 1.179782e+00 1.312614e+00 2.762267e+01 3.211481e+01 2.428627e-01 8.0843e-03 1.9596e-02 -1.0492e-04 0.06011 1.02524e-01 1.57593e-01 2.37543e-01 8.16368e-03
19.257347 1.00387193e-01 1.23332227e-01 2.23719420e-01 5.86714661e-02 9.10378075e+00 1.23951822e+01 4.29979258e-02 1.228565e+00 1.361542e+00 4.785720e+01 3.401595e+01 1.902870e-01 8.2770e-03 1.8667e-02 -1.0550e-04 0.06191 9.89941e-02 1.55006e-01 2.31957e-01 8.01521e-03
19.507442 9.91216316e-02 1.25166906e-01 2.24288537e-01 5.49952929e-02 9.28097401e+00 1.27657568e+01 4.40934617e-02 1.262761e+00 1.375476e+00 5.889090e+01 3.266452e+01 1.551110e-01 8.0528e-03 1.7621e-02 -1.0616e-04 0.06222 9.34388e-02 1.51057e-01 2.26959e-01 7.80900e-03
19.757538 9.82865755e-02 1.26185375e-01 2.24471951e-01 5.15785517e-02 9.56035804e+00 1.26978498e+01 4.45164157e-02 1.283852e+00 1.328177e+00 5.241837e+01 2.881633e+01 1.902727e-01 8.4679e-03 1.6400e-02 -1.0701e-04 0.06180 9.01479e-02 1.49338e-01 2.27944e-01 7.63277e-03
20.007633 9.69907532e-02 1.27184798e-01 2.24175552e-01 4.85619118e-02 9.84112465e+00 1.22246530e+01 4.41315552e-02 1.311308e+00 1.242201e+00 3.827281e+01 2.412585e+01 2.495542e-01 9.0053e-03 1.5098e-02 -1.0806e-04 0.06143 8.86230e-02 1.47559e-01 2.28505e-01 7.46515e-03
20.257729 9.42107838e-02 1.29043303e-01 2.23254087e-01 4.61646557e-02 1.01293765e+01 1.17928044e+01 4.38443619e-02 1.369730e+00 1.164218e+00 2.963539e+01 2.699390e+01 3.127930e-01 8.4635e-03 1.4243e-02 -1.0935e-04 0.06144 8.65602e-02 1.44859e-01 2.25626e-01 7.27196e-03
20.507824 8.96295858e-02 1.31868001e-01 2.21497587e-01 4.44854853e-02 1.01423672e+01 1.20380013e+01 4.43607371e-02 1.471255e+00 1.186903e+00 3.740547e+01 2.786956e+01 3.504761e-01 8.3679e-03 1.4114e-02 -1.1089e-04 0.06209 8.19332e-02 1.41876e-01 2.21817e-01 7.00918e-03
20.757919 8.37971596e-02 1.35133603e-01 2.18930763e-01 4.34332859e-02 9.88183687e+00 1.26341429e+01 4.50319594e-02 1.612627e+00 1.278522e+00 3.673447e+01 2.932016e+01 2.920105e-01 8.5497e-03 1.4566e-02 -1.1255e-04 0.06250 7.67565e-02 1.38990e-01 2.20699e-01 6.71768e-03
21.008015 7.77016001e-02 1.38391801e-01 2.16093401e-01 4.28712648e-02 9.47938765e+00 1.28346480e+01 4.46280713e-02 1.781068e+00 1.353953e+00 3.638023e+01 3.069764e+01 2.424681e-01 9.2413e-03 1.5489e-02 -1.1410e-04 0.06049 7.23459e-02 1.34326e-01 2.25611e-01 6.43607e-03
21.258110 7.24285827e-02 1.41334340e-01 2.13762923e-01 4.26688266e-02 8.97484711e+00 1.24790512e+01 4.29077966e-02 1.951361e+00 1.390447e+00 3.293559e+01 2.875195e+01 2.084418e-01 9.0944e-03 1.4547e-02 -1.1542e-04 0.05638 6.79732e-02 1.25923e-01 2.22597e-01 6.17797e-03
21.508206 6.89559356e-02 1.43510794e-01 2.12466729e-01 4.28150004e-02 8.46829348e+00 1.20074476e+01 4.09514822e-02 2.081196e+00 1.417930e+00 2.929032e+01 2.578474e+01 1.497145e-01 8.3670e-03 1.4353e-02 -1.1646e-04 0.05114 6.36212e-02 1.17582e-01 2.07702e-01 6.03925e-03
21.758301 6.76869246e-02 1.44579702e-01 2.12266627e-01 4.32480071e-02 8.04515294e+00 1.17069301e+01 3.95041661e-02 2.136006e+00 1.455153e+00 2.846442e+01 2.519764e+01 1.212345e-01 8.0223e-03 1.4210e-02 -1.1734e-04 0.04862 6.13172e-02 1.11038e-01 1.92555e-01 5.98694e-03
22.008397 6.77514680e-02 1.45162994e-01 2.12914462e-01 4.37658973e-02 7.78343645e+00 1.16462309e+01 3.88593346e-02 2.142581e+00 1.496284e+00 2.549623e+01 2.107710e+01 1.440719e-01 7.9716e-03 1.3709e-02 -1.1821e-04 0.04825 5.91434e-02 1.04248e-01 1.79198e-01 5.96364e-03
22.258492 6.78574858e-02 1.46165471e-01 2.14022957e-01 4.42103212e-02 7.64526126e+00 1.18205154e+01 3.89315534e-02 2.154007e+00 1.546123e+00 2.608884e+01 1.946066e+01 1.868131e-01 8.2369e-03 1.3641e-02 -1.1922e-04 0.05171 5.73995e-02 9.79612e-02 1.70554e-01 6.00763e-03
22.508587 6.74440032e-02 1.47868208e-01 2.15312211e-01 4.44214663e-02 7.62145909e+00 1.19757437e+01 3.91944055e-02 2.192459e+00 1.571319e+00 2.997126e+01 2.056659e+01 1.323745e-01 7.9562e-03 1.3853e-02 -1.2044e-04 0.05341 5.69814e-02 9.45367e-02 1.67264e-01 6.06991e-03
22.758683 6.66847724e-02 1.50139234e-01 2.16824007e-01 4.42638501e-02 7.61531802e+00 1.19898592e+01 3.92103544e-02 2.251477e+00 1.574440e+00 2.967144e+01 2.302071e+01 1.599898e-01 7.8354e-03 1.3387e-02 -1.2184e-04 0.05595 5.87569e-02 9.52170e-02 1.66583e-01 6.12625e-03
23.008778 6.58723524e-02 1.52856796e-01 2.18729148e-01 4.37568305e-02 7.53987823e+00 1.20942514e+01 3.92682593e-02 2.320500e+00 1.604038e+00 2.449443e+01 2.475257e+01 1.995411e-01 7.5906e-03 1.2545e-02 -1.2327e-04 0.05624 6.27466e-02 1.00809e-01 1.70321e-01 6.25206e-03
23.258874 6.53675500e-02 1.55743861e-01 2.21111411e-01 4.29407917e-02 7.50025744e+00 1.22847913e+01 3.95700976e-02 2.382587e+00 1.637916e+00 2.350450e+01 2.649616e+01 2.195914e-01 7.0989e-03 1.1866e-02 -1.2466e-04 0.05438 6.79965e-02 1.08538e-01 1.76087e-01 6.41247e-03
23.508969 6.53576613e-02 1.58666199e-01 2.24023860e-01 4.17505903e-02 7.57747662e+00 1.23072097e+01 3.97693726e-02 2.427660e+00 1.624183e+00 2.491847e+01 2.706041e+01 2.262694e-01 6.9879e-03 1.1713e-02 -1.2601e-04 0.05337 7.31466e-02 1.13494e-01 1.81365e-01 6.57355e-03
23.759064 6.57623887e-02 1.61790682e-01 2.27553071e-01 4.01453174e-02 7.61072084e+00 1.21003846e+01 3.94222108e-02 2.460231e+00 1.589913e+00 2.477495e+01 2.809510e+01 1.851631e-01 6.7873e-03 1.2671e-02 -1.2734e-04 0.05222 7.65809e-02 1.15537e-01 1.88455e-01 6.71354e-03
24.009160 6.65531147e-02 1.65169340e-01 2.31722455e-01 3.82377540e-02 7.53287809e+00 1.18931351e+01 3.88520264e-02 2.481767e+00 1.578830e+00 2.261489e+01 3.018017e+01 1.379285e-01 6.4524e-03 1.3598e-02 -1.2858e-04 0.05107 7.80034e-02 1.17067e-01 1.95900e-01 6.80212e-03
24.259255 6.73174601e-02 1.69068946e-01 2.36386406e-01 3.61760298e-02 7.34680508e+00 1.19335645e+01 3.85607392e-02 2.511517e+00 1.624320e+00 2.059670e+01 3.215221e+01 1.071422e-01 6.4059e-03 1.3581e-02 -1.2967e-04 0.04966 7.69400e-02 1.17084e-01 1.96319e-01 6.82944e-03
24.509351 6.75811534e-02 1.73765819e-01 2.41346973e-01 3.41101866e-02 7.13594143e+00 1.22209922e+01 3.87138673e-02 2.571217e+00 1.712597e+00 2.622646e+01 3.106570e+01 8.083737e-02 6.5718e-03 1.3347e-02 -1.3060e-04 0.04470 7.34907e-02 1.13961e-01 1.89041e-01 6.82836e-03
24.759446 6.76150245e-02 1.78915455e-01 2.46530479e-01 3.22064952e-02 7.08832935e+00 1.23066824e+01 3.87900235e-02 2.646090e+00 1.736189e+00 2.697134e+01 2.662079e+01 5.059229e-02 7.3179e-03 1.3656e-02 -1.3137e-04 0.04137 7.02107e-02 1.10006e-01 1.80461e-01 6.83481e-03
25.009542 6.75986085e-02 1.84386937e-01 2.51985545e-01 3.05589805e-02 7.14157521e+00 1.22662318e+01 3.88156140e-02 2.727674e+00 1.717581e+00 2.439635e+01 2.201290e+01 3.228499e-02 7.9341e-03 1.4457e-02 -1.3204e-04 0.04143 6.83575e-02 1.06501e-01 1.73277e-01 6.84707e-03
25.259637 6.75879633e-02 1.90126653e-01 2.57714616e-01 2.92414393e-02 7.18418406e+00 1.21882879e+01 3.87449439e-02 2.813025e+00 1.696544e+00 2.688452e+01 2.192949e+01 2.048262e-02 8.6317e-03 1.4914e-02 -1.3268e-04 0.04449 6.77234e-02 1.03486e-01 1.71073e-01 6.83893e-03
25.509732 6.76850051e-02 1.96101205e-01 2.63786210e-01 2.82195684e-02 7.11913160e+00 1.21916041e+01 3.86214714e-02 2.897262e+00 1.712513e+00 2.944203e+01 2.399824e+01 2.830587e-02 7.9384e-03 1.5295e-02 -1.3333e-04 0.04391 6.70003e-02 1.00925e-01 1.73643e-01 6.79219e-03
25.759828 6.80375245e-02 2.02119569e-01 2.70157093e-01 2.74131705e-02 7.10564087e+00 1.23910338e+01 3.89933493e-02 2.970707e+00 1.743831e+00 2.927704e+01 2.559881e+01 5.095596e-02 7.9301e-03 1.5962e-02 -1.3403e-04 0.04509 6.46726e-02 9.78488e-02 1.76351e-01 6.68960e-03
26.009923 6.83701245e-02 2.08310299e-01 2.76680423e-01 2.67891968e-02 7.15285991e+00 1.26698452e+01 3.96454102e-02 3.046803e+00 1.771298e+00 2.748018e+01 2.535186e+01 8.797723e-02 7.9536e-03 1.6141e-02 -1.3476e-04 0.04606 6.16824e-02 9.57380e-02 1.78830e-01 6.55756e-03
26.260019 6.82198848e-02 2.15070956e-01 2.83290841e-01 2.63016453e-02 7.08235125e+00 1.28740205e+01 3.99127435e-02 3.152614e+00 1.817761e+00 2.427085e+01 2.408761e+01 1.236111e-01 7.9742e-03 1.5541e-02 -1.3549e-04 0.04548 5.97866e-02 9.71313e-02 1.83571e-01 6.45032e-03
26.510114 6.79871761e-02 2.22029836e-01 2.90017013e-01 2.58408550e-02 6.90151587e+00 1.30486798e+01 3.99003914e-02 3.265761e+00 1.890698e+00 2.347824e+01 2.247005e+01 1.337436e-01 7.3232e-03 1.4552e-02 -1.3616e-04 0.04210 5.92979e-02 1.00238e-01 1.88721e-01 6.38532e-03
26.760209 6.83810605e-02 2.28384513e-01 2.96765573e-01 2.54364494e-02 6.81706073e+00 1.30957004e+01 3.98255223e-02 3.339880e+00 1.921019e+00 2.607504e+01 2.048851e+01 1.517909e-01 6.5934e-03 1.3460e-02 -1.3673e-04 0.04054 6.00293e-02 1.03065e-01 1.93706e-01 6.34604e-03
27.010305 6.94858951e-02 2.33931046e-01 3.03416941e-01 2.51492146e-02 6.84908960e+00 1.29551191e+01 3.96084174e-02 3.366598e+00 1.891510e+00 2.466644e+01 1.910485e+01 1.518581e-01 6.1213e-03 1.2486e-02 -1.3720e-04 0.04246 6.15352e-02 1.05290e-01 1.98892e-01 6.32262e-03
27.260400 7.07734688e-02 2.39112567e-01 3.09886035e-01 2.48789842e-02 6.91812083e+00 1.28337351e+01 3.95037118e-02 3.378562e+00 1.855090e+00 2.496310e+01 1.922180e+01 1.601827e-01 5.8713e-03 1.2135e-02 -1.3759e-04 0.04244 6.25685e-02 1.04734e-01 2.00277e-01 6.32266e-03
27.510496 7.17533734e-02 2.44359119e-01 3.16112492e-01 2.44726835e-02 6.90844365e+00 1.28400547e+01 3.94969967e-02 3.405542e+00 1.858603e+00 2.589220e+01 2.038978e+01 1.663413e-01 6.0104e-03 1.2756e-02 -1.3796e-04 0.04036 6.22703e-02 1.02793e-01 1.94904e-01 6.34453e-03
27.760591 7.23002048e-02 2.49829208e-01 3.22129413e-01 2.37809181e-02 6.78874025e+00 1.29605534e+01 3.94985873e-02 3.455443e+00 1.909125e+00 2.494543e+01 2.310027e+01 1.865929e-01 6.3478e-03 1.4613e-02 -1.3837e-04 0.04050 6.12033e-02 1.01441e-01 1.88509e-01 6.36301e-03
28.010686 7.25353036e-02 2.55476741e-01 3.28012044e-01 2.26923393e-02 6.63205599e+00 1.32451906e+01 3.97544932e-02 3.522102e+00 1.997147e+00 2.592925e+01 2.449283e+01 2.291709e-01 6.2965e-03 1.5515e-02 -1.3893e-04 0.04080 5.96658e-02 9.91508e-02 1.83178e-01 6.34572e-03
28.260782 7.28311822e-02 2.61033671e-01 3.33864853e-01 2.11304976e-02 6.57026273e+00 1.35558058e+01 4.02521370e-02 3.584092e+00 2.063206e+00 2.588590e+01 2.364940e+01 2.657437e-01 6.0440e-03 1.4709e-02 -1.3967e-04 0.04098 5.75142e-02 9.65509e-02 1.78896e-01 6.30704e-03
28.510877 7.31424607e-02 2.66692073e-01 3.39834534e-01 1.90708283e-02 6.61330426e+00 1.38911388e+01 4.10088861e-02 3.646200e+00 2.100484e+00 2.439406e+01 2.293869e+01 2.872404e-01 5.7456e-03 1.3471e-02 -1.4061e-04 0.04366 5.52772e-02 9.44622e-02 1.76295e-01 6.22703e-03
28.760973 7.34005141e-02 2.72616287e-01 3.46016801e-01 1.65477460e-02 6.75237927e+00 1.42789319e+01 4.20626223e-02 3.714092e+00 2.114652e+00 2.662266e+01 2.163459e+01 2.579904e-01 5.7822e-03 1.2621e-02 -1.4169e-04 0.04418 5.32184e-02 9.37484e-02 1.74424e-01 6.10864e-03
29.011068 7.35216656e-02 2.78858194e-01 3.52379859e-01 1.36432370e-02 6.91001157e+00 1.47714416e+01 4.33629064e-02 3.792871e+00 2.137687e+00 3.771140e+01 2.013186e+01 2.247658e-01 6.4486e-03 1.2758e-02 -1.4285e-04 0.04442 5.23921e-02 9.54182e-02 1.72077e-01 6.03883e-03
29.261164 7.36686436e-02 2.85185647e-01 3.58854291e-01 1.04626301e-02 7.05845865e+00 1.52258467e+01 4.45686108e-02 3.871194e+00 2.157106e+00 5.158682e+01 2.437054e+01 2.082282e-01 6.8844e-03 1.3392e-02 -1.4399e-04 0.04581 5.49818e-02 9.94496e-02 1.70680e-01 6.09226e-03
29.511259 7.40465950e-02 2.91411557e-01 3.65458152e-01 7.08730351e-03 7.24671522e+00 1.53775385e+01 4.52485074e-02 3.935516e+00 2.122001e+00 4.975129e+01 3.267192e+01 2.194523e-01 7.0953e-03 1.3662e-02 -1.4512e-04 0.04608 6.08463e-02 1.03007e-01 1.70883e-01 6.34361e-03
29.761354 7.45210198e-02 2.97820618e-01 3.72341637e-01 3.69142248e-03 7.35377808e+00 1.52866639e+01 4.52808839e-02 3.996465e+00 2.078750e+00 3.786352e+01 3.829438e+01 2.164895e-01 6.5467e-03 1.3918e-02 -1.4633e-04 0.04745 6.44298e-02 1.02957e-01 1.70454e-01 6.71452e-03
30.011450 7.53619656e-02 3.04253478e-01 3.79615443e-01 5.47883097e-04 7.39674808e+00 1.52855421e+01 4.53645803e-02 4.037229e+00 2.066522e+00 3.035626e+01 3.792214e+01 2.134077e-01 6.2205e-03 1.5276e-02 -1.4762e-04 0.04932 6.28037e-02 9.88430e-02 1.66046e-01 6.95009e-03
30.261545 7.70265733e-02 3.10226429e-01 3.87253002e-01 -2.22751140e-03 7.49110303e+00 1.52011506e+01 4.53845072e-02 4.027525e+00 2.029227e+00 2.749111e+01 3.385457e+01 2.113184e-01 6.5649e-03 1.7557e-02 -1.4866e-04 0.04910 6.12418e-02 9.61302e-02 1.62114e-01 7.06051e-03
30.511641 7.94235428e-02 3.15813219e-01 3.95236761e-01 -4.70987303e-03 7.54218406e+00 1.50898346e+01 4.52640373e-02 3.976317e+00 2.000725e+00 2.620631e+01 3.034638e+01 2.154491e-01 5.8916e-03 1.8862e-02 -1.4928e-04 0.04918 6.05414e-02 9.39257e-02 1.57937e-01 7.09682e-03
30.761736 8.21436705e-02 3.21270297e-01 4.03413967e-01 -6.93864645e-03 7.49047015e+00 1.51630236e+01 4.53069876e-02 3.911078e+00 2.024309e+00 2.798147e+01 2.789047e+01 1.871058e-01 6.1186e-03 1.8575e-02 -1.4962e-04 0.04966 5.89239e-02 9.05972e-02 1.52812e-01 7.00323e-03
31.011831 8.49946111e-02 3.26615963e-01 4.11610574e-01 -8.74370558e-03 7.52890814e+00 1.51459185e+01 4.53496534e-02 3.842784e+00 2.011702e+00 2.653186e+01 2.555402e+01 1.308088e-01 6.4964e-03 1.7835e-02 -1.4989e-04 0.05035 5.77693e-02 8.86392e-02 1.51341e-01 6.92394e-03
31.261927 8.79954301e-02 3.31619822e-01 4.19615252e-01 -9.93041036e-03 7.69108839e+00 1.53113654e+01 4.60049077e-02 3.768603e+00 1.990793e+00 2.741492e+01 2.364342e+01 1.357715e-01 6.4298e-03 1.7436e-02 -1.5026e-04 0.05084 5.69559e-02 8.65419e-02 1.53236e-01 6.99486e-03
31.512022 9.13234615e-02 3.35830107e-01 4.27153568e-01 -1.04714236e-02 7.88658206e+00 1.56100901e+01 4.69933443e-02 3.677369e+00 1.979323e+00 2.870075e+01 2.216737e+01 1.745608e-01 6.2495e-03 1.7267e-02 -1.5082e-04 0.04990 5.70089e-02 8.52038e-02 1.58109e-01 7.15489e-03
31.762118 9.48418001e-02 3.39205587e-01 4.34047387e-01 -1.04935543e-02 8.09001889e+00 1.59833887e+01 4.81468152e-02 3.576541e+00 1.975692e+00 3.001294e+01 2.068855e+01 2.041901e-01 6.0357e-03 1.7241e-02 -1.5157e-04 0.04931 5.80181e-02 8.63563e-02 1.64064e-01 7.33521e-03
32.012213 9.79341393e-02 3.42112205e-01 4.40046345e-01 -1.02950881e-02 8.30612872e+00 1.66508866e+01 4.99140307e-02 3.493289e+00 2.004651e+00 3.111652e+01 2.075016e+01 2.239488e-01 5.7921e-03 1.7377e-02 -1.5250e-04 0.05011 5.87784e-02 8.85144e-02 1.69766e-01 7.46859e-03
32.262309 1.00136730e-01 3.44660237e-01 4.44796967e-01 -1.02095387e-02 8.57503979e+00 1.75856776e+01 5.23214347e-02 3.441896e+00 2.050798e+00 3.159734e+01 2.243910e+01 2.403986e-01 5.6626e-03 1.7822e-02 -1.5361e-04 0.05186 5.86510e-02 9.05745e-02 1.73231e-01 7.52196e-03
32.512404 1.01125898e-01 3.46947373e-01 4.48073272e-01 -1.05562486e-02 8.87266302e+00 1.86951877e+01 5.51357014e-02 3.430846e+00 2.107055e+00 3.146857e+01 2.185492e+01 2.244541e-01 5.6712e-03 1.7174e-02 -1.5485e-04 0.05408 5.77962e-02 9.44920e-02 1.75076e-01 7.54897e-03
32.762499 1.00718234e-01 3.49251452e-01 4.49969685e-01 -1.15787678e-02 9.14536151e+00 1.98717972e+01 5.80343175e-02 3.467609e+00 2.172883e+00 3.580873e+01 1.955647e+01 1.868683e-01 5.9884e-03 1.4866e-02 -1.5616e-04 0.05584 5.81602e-02 1.02965e-01 1.76978e-01 7.64194e-03
33.012595 9.91817703e-02 3.51768163e-01 4.50949934e-01 -1.33888063e-02 9.46274646e+00 2.07285143e+01 6.03825215e-02 3.546702e+00 2.190539e+00 4.200399e+01 2.583356e+01 1.499539e-01 6.4853e-03 1.4044e-02 -1.5741e-04 0.05576 6.52628e-02 1.12760e-01 1.78963e-01 7.81396e-03
33.262690 9.69386902e-02 3.54644959e-01 4.51583649e-01 -1.59045468e-02 9.96335913e+00 2.10560336e+01 6.20387855e-02 3.658446e+00 2.113347e+00 4.605675e+01 3.785207e+01 1.219782e-01 6.8026e-03 1.3854e-02 -1.5865e-04 0.05490 7.43649e-02 1.15629e-01 1.79043e-01 8.19384e-03
33.512786 9.42794293e-02 3.57960802e-01 4.52240232e-01 -1.89294463e-02 1.03769992e+01 2.13173207e+01 6.33886398e-02 3.796807e+00 2.054286e+00 4.686143e+01 3.875853e+01 1.119585e-01 1.1548e-02 1.6096e-02 -1.6081e-04 0.05641 7.16813e-02 1.07442e-01 1.69520e-01 8.32535e-03
33.762881 9.16578572e-02 3.61449755e-01 4.53107612e-01 -2.22354775e-02 1.07326096e+01 2.17950469e+01 6.50553131e-02 3.943467e+00 2.030731e+00 6.000862e+01 3.649412e+01 1.281840e-01 6.9453e-02 1.8832e-02 -1.6337e-04 0.05546 6.50494e-02 9.75573e-02 1.58330e-01 8.31949e-03
# DIVERGED at t = 34.012976
