# tg_mhd (CUDA FP64)  hydro_noslip_nofield_n384_re500  N=384 L=384 Re=500 Pm=1 u0=0.05 nu_lat=1.219127e-02 eta_lat=1.219127e-02 tau_f=0.536574 tau_m=0.548765 dt=4.101296e-04
# t E_V E_M E_T H_C Omega_V Omega_M eps EM/EV OmM/OmV j_max w_max skew divb/j divb_wall/j mass_drift umax_lat fw1 fw2 fw4 tau_wall
0.000000 1.23697926e-01 0.00000000e+00 1.23697926e-01 0.00000000e+00 5.34487759e+01 0.00000000e+00 2.13795104e-01 0.000000e+00 0.000000e+00 0.000000e+00 1.828613e+02 -4.622608e-19 0.0000e+00 0.0000e+00 +0.0000e+00 0.05000 9.93387e-01 9.93755e-01 9.94568e-01 1.79661e-01
0.100072 1.17365221e-01 0.00000000e+00 1.17365221e-01 0.00000000e+00 8.84135381e+00 0.00000000e+00 3.53654152e-02 0.000000e+00 0.000000e+00 0.000000e+00 4.077120e+01 1.433842e-01 0.0000e+00 0.0000e+00 +7.8357e-06 0.05020 9.58298e-01 9.62317e-01 9.67222e-01 3.86453e-02
0.200143 1.14506103e-01 0.00000000e+00 1.14506103e-01 0.00000000e+00 6.36140482e+00 0.00000000e+00 2.54456193e-02 0.000000e+00 0.000000e+00 0.000000e+00 2.887164e+01 2.405642e-02 0.0000e+00 0.0000e+00 +5.1541e-06 0.04962 9.19551e-01 9.47487e-01 9.54286e-01 2.73927e-02
0.300215 1.12237015e-01 0.00000000e+00 1.12237015e-01 0.00000000e+00 5.23808746e+00 0.00000000e+00 2.09523499e-02 0.000000e+00 0.000000e+00 0.000000e+00 2.371723e+01 2.509649e-01 0.0000e+00 0.0000e+00 +7.1993e-07 0.04953 8.69217e-01 9.35634e-01 9.44151e-01 2.24242e-02
0.400286 1.10100795e-01 0.00000000e+00 1.10100795e-01 0.00000000e+00 4.59254820e+00 0.00000000e+00 1.83701928e-02 0.000000e+00 0.000000e+00 0.000000e+00 2.141260e+01 2.857604e-01 0.0000e+00 0.0000e+00 +8.8974e-06 0.04915 8.20103e-01 9.24676e-01 9.35903e-01 1.94642e-02
0.500358 1.08506729e-01 0.00000000e+00 1.08506729e-01 0.00000000e+00 4.17399473e+00 0.00000000e+00 1.66959789e-02 0.000000e+00 0.000000e+00 0.000000e+00 1.947161e+01 2.224383e-01 0.0000e+00 0.0000e+00 +2.1917e-06 0.04846 7.75830e-01 9.12899e-01 9.28682e-01 1.78862e-02
0.600430 1.06917489e-01 0.00000000e+00 1.06917489e-01 0.00000000e+00 3.80240319e+00 0.00000000e+00 1.52096128e-02 0.000000e+00 0.000000e+00 0.000000e+00 1.748729e+01 4.744802e-01 0.0000e+00 0.0000e+00 +2.8407e-06 0.04848 7.33034e-01 8.98093e-01 9.20748e-01 1.59165e-02
0.700501 1.05275193e-01 0.00000000e+00 1.05275193e-01 0.00000000e+00 3.62130347e+00 0.00000000e+00 1.44852139e-02 0.000000e+00 0.000000e+00 0.000000e+00 1.776258e+01 3.854820e-01 0.0000e+00 0.0000e+00 +8.2221e-06 0.04756 7.03204e-01 8.85289e-01 9.15684e-01 1.57149e-02
0.800573 1.04037426e-01 0.00000000e+00 1.04037426e-01 0.00000000e+00 3.39474647e+00 0.00000000e+00 1.35789859e-02 0.000000e+00 0.000000e+00 0.000000e+00 1.591955e+01 4.564483e-01 0.0000e+00 0.0000e+00 +2.7127e-07 0.04716 6.69223e-01 8.68153e-01 9.08454e-01 1.42510e-02
0.900645 1.02637997e-01 0.00000000e+00 1.02637997e-01 0.00000000e+00 3.23935015e+00 0.00000000e+00 1.29574006e-02 0.000000e+00 0.000000e+00 0.000000e+00 1.563469e+01 6.014726e-01 0.0000e+00 0.0000e+00 +5.2944e-06 0.04689 6.42898e-01 8.51866e-01 9.02390e-01 1.38902e-02
1.000716 1.01337932e-01 0.00000000e+00 1.01337932e-01 0.00000000e+00 3.15156723e+00 0.00000000e+00 1.26062689e-02 0.000000e+00 0.000000e+00 0.000000e+00 1.579835e+01 5.170727e-01 0.0000e+00 0.0000e+00 +6.2578e-06 0.04592 6.23665e-01 8.37198e-01 8.97630e-01 1.35748e-02
1.100788 1.00179891e-01 0.00000000e+00 1.00179891e-01 0.00000000e+00 3.03393679e+00 0.00000000e+00 1.21357472e-02 0.000000e+00 0.000000e+00 0.000000e+00 1.480888e+01 6.191160e-01 0.0000e+00 0.0000e+00 -3.5986e-07 0.04560 6.01166e-01 8.19696e-01 8.91146e-01 1.30095e-02
1.200859 9.88745728e-02 0.00000000e+00 9.88745728e-02 0.00000000e+00 2.92753950e+00 0.00000000e+00 1.17101580e-02 0.000000e+00 0.000000e+00 0.000000e+00 1.433279e+01 7.172280e-01 0.0000e+00 0.0000e+00 +7.2299e-06 0.04521 5.80529e-01 8.02155e-01 8.84478e-01 1.25013e-02
1.300931 9.77834184e-02 0.00000000e+00 9.77834184e-02 0.00000000e+00 2.94231262e+00 0.00000000e+00 1.17692505e-02 0.000000e+00 0.000000e+00 0.000000e+00 1.536252e+01 6.010717e-01 0.0000e+00 0.0000e+00 +3.6072e-06 0.04413 5.76495e-01 7.92091e-01 8.81859e-01 1.30578e-02
1.401003 9.66590756e-02 0.00000000e+00 9.66590756e-02 0.00000000e+00 2.79825482e+00 0.00000000e+00 1.11930193e-02 0.000000e+00 0.000000e+00 0.000000e+00 1.365754e+01 7.861149e-01 0.0000e+00 0.0000e+00 +1.0323e-06 0.04415 5.49314e-01 7.69986e-01 8.72046e-01 1.17283e-02
1.501074 9.54054971e-02 0.00000000e+00 9.54054971e-02 0.00000000e+00 2.81968222e+00 0.00000000e+00 1.12787289e-02 0.000000e+00 0.000000e+00 0.000000e+00 1.478969e+01 7.422164e-01 0.0000e+00 0.0000e+00 +7.7022e-06 0.04321 5.48118e-01 7.61012e-01 8.69112e-01 1.25349e-02
1.601146 9.44060210e-02 0.00000000e+00 9.44060210e-02 0.00000000e+00 2.77900407e+00 0.00000000e+00 1.11160163e-02 0.000000e+00 0.000000e+00 0.000000e+00 1.434216e+01 7.257422e-01 0.0000e+00 0.0000e+00 +1.3456e-06 0.04267 5.36314e-01 7.46495e-01 8.62670e-01 1.19749e-02
1.701218 9.32918939e-02 0.00000000e+00 9.32918939e-02 0.00000000e+00 2.72281097e+00 0.00000000e+00 1.08912439e-02 0.000000e+00 0.000000e+00 0.000000e+00 1.380983e+01 8.530700e-01 0.0000e+00 0.0000e+00 +3.1249e-06 0.04237 5.22248e-01 7.30477e-01 8.55001e-01 1.16541e-02
1.801289 9.21123188e-02 0.00000000e+00 9.21123188e-02 0.00000000e+00 2.74702984e+00 0.00000000e+00 1.09881194e-02 0.000000e+00 0.000000e+00 0.000000e+00 1.472813e+01 7.797710e-01 0.0000e+00 0.0000e+00 +6.7411e-06 0.04162 5.21953e-01 7.22518e-01 8.51241e-01 1.20958e-02
1.901361 9.11079085e-02 0.00000000e+00 9.11079085e-02 0.00000000e+00 2.73503953e+00 0.00000000e+00 1.09401581e-02 0.000000e+00 0.000000e+00 0.000000e+00 1.425001e+01 7.938961e-01 0.0000e+00 0.0000e+00 -1.0220e-07 0.04109 5.14962e-01 7.10894e-01 8.45080e-01 1.17069e-02
2.001432 8.99688908e-02 0.00000000e+00 8.99688908e-02 0.00000000e+00 2.68015227e+00 0.00000000e+00 1.07206091e-02 0.000000e+00 0.000000e+00 0.000000e+00 1.389952e+01 8.893774e-01 0.0000e+00 0.0000e+00 +5.2367e-06 0.04093 5.00656e-01 6.94907e-01 8.36265e-01 1.13413e-02
2.101504 8.88886846e-02 0.00000000e+00 8.88886846e-02 0.00000000e+00 2.76625061e+00 0.00000000e+00 1.10650024e-02 0.000000e+00 0.000000e+00 0.000000e+00 1.524550e+01 7.646046e-01 0.0000e+00 0.0000e+00 +4.7175e-06 0.03997 5.11680e-01 6.94840e-01 8.35612e-01 1.21424e-02
2.201576 8.78288115e-02 0.00000000e+00 8.78288115e-02 0.00000000e+00 2.69233447e+00 0.00000000e+00 1.07693379e-02 0.000000e+00 0.000000e+00 0.000000e+00 1.388051e+01 8.509762e-01 0.0000e+00 0.0000e+00 -6.2996e-08 0.03978 4.93623e-01 6.76870e-01 8.24960e-01 1.11848e-02
2.301647 8.66682985e-02 0.00000000e+00 8.66682985e-02 0.00000000e+00 2.72224897e+00 0.00000000e+00 1.08889959e-02 0.000000e+00 0.000000e+00 0.000000e+00 1.468171e+01 8.368937e-01 0.0000e+00 0.0000e+00 +6.4487e-06 0.03924 4.95114e-01 6.71422e-01 8.20844e-01 1.15664e-02
2.401719 8.56366044e-02 0.00000000e+00 8.56366044e-02 0.00000000e+00 2.75383701e+00 0.00000000e+00 1.10153481e-02 0.000000e+00 0.000000e+00 0.000000e+00 1.510360e+01 7.521514e-01 0.0000e+00 0.0000e+00 +2.4475e-06 0.03856 4.96721e-01 6.66575e-01 8.16671e-01 1.17534e-02
2.501790 8.45525938e-02 0.00000000e+00 8.45525938e-02 0.00000000e+00 2.70459337e+00 0.00000000e+00 1.08183735e-02 0.000000e+00 0.000000e+00 0.000000e+00 1.427293e+01 8.308428e-01 0.0000e+00 0.0000e+00 +1.2384e-06 0.03830 4.83627e-01 6.52088e-01 8.06898e-01 1.10121e-02
2.601862 8.33777850e-02 0.00000000e+00 8.33777850e-02 0.00000000e+00 2.74328556e+00 0.00000000e+00 1.09731422e-02 0.000000e+00 0.000000e+00 0.000000e+00 1.526379e+01 7.577255e-01 0.0000e+00 0.0000e+00 +6.4262e-06 0.03782 4.87532e-01 6.49184e-01 8.03329e-01 1.16546e-02
2.701934 8.23556774e-02 0.00000000e+00 8.23556774e-02 0.00000000e+00 2.74499128e+00 0.00000000e+00 1.09799651e-02 0.000000e+00 0.000000e+00 0.000000e+00 1.507728e+01 7.091541e-01 0.0000e+00 0.0000e+00 +5.9162e-07 0.03726 4.84517e-01 6.41951e-01 7.96889e-01 1.12544e-02
2.802005 8.12495673e-02 0.00000000e+00 8.12495673e-02 0.00000000e+00 2.70092980e+00 0.00000000e+00 1.08037192e-02 0.000000e+00 0.000000e+00 0.000000e+00 1.481415e+01 7.657281e-01 0.0000e+00 0.0000e+00 +3.0782e-06 0.03711 4.73259e-01 6.28961e-01 7.86991e-01 1.09844e-02
2.902077 8.01228411e-02 0.00000000e+00 8.01228411e-02 0.00000000e+00 2.74521807e+00 0.00000000e+00 1.09808723e-02 0.000000e+00 0.000000e+00 0.000000e+00 1.557019e+01 6.531079e-01 0.0000e+00 0.0000e+00 +5.2516e-06 0.03655 4.79383e-01 6.28380e-01 7.83882e-01 1.14213e-02
3.002149 7.90712664e-02 0.00000000e+00 7.90712664e-02 0.00000000e+00 2.70459781e+00 0.00000000e+00 1.08183912e-02 0.000000e+00 0.000000e+00 0.000000e+00 1.515892e+01 6.545765e-01 0.0000e+00 0.0000e+00 -3.6687e-07 0.03618 4.69381e-01 6.16565e-01 7.73851e-01 1.09023e-02
3.102220 7.79606300e-02 0.00000000e+00 7.79606300e-02 0.00000000e+00 2.67825226e+00 0.00000000e+00 1.07130091e-02 0.000000e+00 0.000000e+00 0.000000e+00 1.505202e+01 6.603863e-01 0.0000e+00 0.0000e+00 +4.7328e-06 0.03590 4.62512e-01 6.06899e-01 7.64896e-01 1.07562e-02
3.202292 7.68999750e-02 0.00000000e+00 7.68999750e-02 0.00000000e+00 2.70547157e+00 0.00000000e+00 1.08218863e-02 0.000000e+00 0.000000e+00 0.000000e+00 1.573727e+01 5.508405e-01 0.0000e+00 0.0000e+00 +3.3647e-06 0.03543 4.66679e-01 6.05524e-01 7.60534e-01 1.11831e-02
3.302363 7.58411457e-02 0.00000000e+00 7.58411457e-02 0.00000000e+00 2.63468746e+00 0.00000000e+00 1.05387498e-02 0.000000e+00 0.000000e+00 0.000000e+00 1.487748e+01 5.852427e-01 0.0000e+00 0.0000e+00 -1.6682e-08 0.03505 4.51369e-01 5.89894e-01 7.47162e-01 1.03242e-02
3.402435 7.47348790e-02 0.00000000e+00 7.47348790e-02 0.00000000e+00 2.63574070e+00 0.00000000e+00 1.05429628e-02 0.000000e+00 0.000000e+00 0.000000e+00 1.548294e+01 5.385069e-01 0.0000e+00 0.0000e+00 +5.4929e-06 0.03468 4.51139e-01 5.85412e-01 7.40548e-01 1.07493e-02
3.502507 7.37302562e-02 0.00000000e+00 7.37302562e-02 0.00000000e+00 2.61192343e+00 0.00000000e+00 1.04476937e-02 0.000000e+00 0.000000e+00 0.000000e+00 1.525354e+01 4.605970e-01 0.0000e+00 0.0000e+00 +1.4362e-06 0.03422 4.46029e-01 5.77546e-01 7.31377e-01 1.03832e-02
3.602578 7.26935360e-02 0.00000000e+00 7.26935360e-02 0.00000000e+00 2.56019448e+00 0.00000000e+00 1.02407779e-02 0.000000e+00 0.000000e+00 0.000000e+00 1.506276e+01 5.021166e-01 0.0000e+00 0.0000e+00 +1.2560e-06 0.03383 4.35096e-01 5.65235e-01 7.19236e-01 1.01346e-02
3.702650 7.16247543e-02 0.00000000e+00 7.16247543e-02 0.00000000e+00 2.54306603e+00 0.00000000e+00 1.01722641e-02 0.000000e+00 0.000000e+00 0.000000e+00 1.516281e+01 4.221905e-01 0.0000e+00 0.0000e+00 +5.1995e-06 0.03336 4.32046e-01 5.59006e-01 7.10898e-01 1.01722e-02
3.802722 7.06503806e-02 0.00000000e+00 7.06503806e-02 0.00000000e+00 2.51289332e+00 0.00000000e+00 1.00515733e-02 0.000000e+00 0.000000e+00 0.000000e+00 1.505986e+01 3.861050e-01 0.0000e+00 0.0000e+00 -7.1275e-08 0.03290 4.26426e-01 5.51041e-01 7.01110e-01 9.95709e-03
3.902793 6.96482050e-02 0.00000000e+00 6.96482050e-02 0.00000000e+00 2.44905163e+00 0.00000000e+00 9.79620650e-03 0.000000e+00 0.000000e+00 0.000000e+00 1.461595e+01 4.125744e-01 0.0000e+00 0.0000e+00 +2.9150e-06 0.03245 4.13108e-01 5.37043e-01 6.87362e-01 9.56825e-03
4.002865 6.86542220e-02 0.00000000e+00 6.86542220e-02 0.00000000e+00 2.44668350e+00 0.00000000e+00 9.78673398e-03 0.000000e+00 0.000000e+00 0.000000e+00 1.502317e+01 3.213570e-01 0.0000e+00 0.0000e+00 +3.9147e-06 0.03208 4.14801e-01 5.34971e-01 6.81593e-01 9.86010e-03
4.102936 6.77001676e-02 0.00000000e+00 6.77001676e-02 0.00000000e+00 2.37706683e+00 0.00000000e+00 9.50826732e-03 0.000000e+00 0.000000e+00 0.000000e+00 1.433438e+01 3.249802e-01 0.0000e+00 0.0000e+00 -5.6999e-07 0.03231 4.00491e-01 5.20462e-01 6.67167e-01 9.21227e-03
4.203008 6.67353761e-02 0.00000000e+00 6.67353761e-02 0.00000000e+00 2.34190501e+00 0.00000000e+00 9.36762003e-03 0.000000e+00 0.000000e+00 0.000000e+00 1.445137e+01 3.190662e-01 0.0000e+00 0.0000e+00 +4.1578e-06 0.03252 3.94914e-01 5.12861e-01 6.57775e-01 9.28140e-03
4.303080 6.58218448e-02 0.00000000e+00 6.58218448e-02 0.00000000e+00 2.30651757e+00 0.00000000e+00 9.22607028e-03 0.000000e+00 0.000000e+00 0.000000e+00 1.421922e+01 2.377651e-01 0.0000e+00 0.0000e+00 +2.2192e-06 0.03259 3.89805e-01 5.05881e-01 6.48713e-01 9.05812e-03
4.403151 6.49093415e-02 0.00000000e+00 6.49093415e-02 0.00000000e+00 2.24987631e+00 0.00000000e+00 8.99950522e-03 0.000000e+00 0.000000e+00 0.000000e+00 1.386634e+01 2.679331e-01 0.0000e+00 0.0000e+00 -2.8405e-08 0.03284 3.79274e-01 4.94643e-01 6.36694e-01 8.80890e-03
4.503223 6.39852668e-02 0.00000000e+00 6.39852668e-02 0.00000000e+00 2.20454498e+00 0.00000000e+00 8.81817990e-03 0.000000e+00 0.000000e+00 0.000000e+00 1.368419e+01 2.249736e-01 0.0000e+00 0.0000e+00 +4.5973e-06 0.03295 3.71979e-01 4.86042e-01 6.26804e-01 8.65591e-03
4.603295 6.31373616e-02 0.00000000e+00 6.31373616e-02 0.00000000e+00 2.17154356e+00 0.00000000e+00 8.68617423e-03 0.000000e+00 0.000000e+00 0.000000e+00 1.346876e+01 1.731409e-01 0.0000e+00 0.0000e+00 +5.5858e-07 0.03306 3.68662e-01 4.80912e-01 6.19298e-01 8.55845e-03
4.703366 6.22806082e-02 0.00000000e+00 6.22806082e-02 0.00000000e+00 2.10264733e+00 0.00000000e+00 8.41058931e-03 0.000000e+00 0.000000e+00 0.000000e+00 1.290748e+01 2.081620e-01 0.0000e+00 0.0000e+00 +1.2874e-06 0.03323 3.54723e-01 4.67122e-01 6.05623e-01 8.19961e-03
4.803438 6.14187565e-02 0.00000000e+00 6.14187565e-02 0.00000000e+00 2.07470326e+00 0.00000000e+00 8.29881305e-03 0.000000e+00 0.000000e+00 0.000000e+00 1.288120e+01 1.432525e-01 0.0000e+00 0.0000e+00 +4.0394e-06 0.03328 3.53338e-01 4.63679e-01 5.99699e-01 8.23742e-03
4.903509 6.06156687e-02 0.00000000e+00 6.06156687e-02 0.00000000e+00 2.01779098e+00 0.00000000e+00 8.07116390e-03 0.000000e+00 0.000000e+00 0.000000e+00 1.231289e+01 1.281757e-01 0.0000e+00 0.0000e+00 -4.8735e-07 0.03335 3.42963e-01 4.53002e-01 5.88229e-01 7.87829e-03
5.003581 5.98134404e-02 0.00000000e+00 5.98134404e-02 0.00000000e+00 1.96770159e+00 0.00000000e+00 7.87080636e-03 0.000000e+00 0.000000e+00 0.000000e+00 1.198618e+01 1.502696e-01 0.0000e+00 0.0000e+00 +2.6903e-06 0.03341 3.34395e-01 4.43749e-01 5.78038e-01 7.72589e-03
5.103653 5.90298626e-02 0.00000000e+00 5.90298626e-02 0.00000000e+00 1.93252926e+00 0.00000000e+00 7.73011704e-03 0.000000e+00 0.000000e+00 0.000000e+00 1.176668e+01 8.277956e-02 0.0000e+00 0.0000e+00 +2.8108e-06 0.03336 3.30800e-01 4.38717e-01 5.70987e-01 7.64085e-03
5.203724 5.82670672e-02 0.00000000e+00 5.82670672e-02 0.00000000e+00 1.87970728e+00 0.00000000e+00 7.51882912e-03 0.000000e+00 0.000000e+00 0.000000e+00 1.124216e+01 1.024359e-01 0.0000e+00 0.0000e+00 -6.3853e-07 0.03336 3.20809e-01 4.28406e-01 5.59810e-01 7.36715e-03
5.303796 5.75099174e-02 0.00000000e+00 5.75099174e-02 0.00000000e+00 1.83483560e+00 0.00000000e+00 7.33934242e-03 0.000000e+00 0.000000e+00 0.000000e+00 1.097306e+01 9.812478e-02 0.0000e+00 0.0000e+00 +3.6375e-06 0.03326 3.13042e-01 4.19872e-01 5.50203e-01 7.21528e-03
5.403867 5.67963184e-02 0.00000000e+00 5.67963184e-02 0.00000000e+00 1.80327574e+00 0.00000000e+00 7.21310295e-03 0.000000e+00 0.000000e+00 0.000000e+00 1.072331e+01 4.770847e-02 0.0000e+00 0.0000e+00 +1.3085e-06 0.03315 3.10069e-01 4.15442e-01 5.43608e-01 7.11396e-03
5.503939 5.60832625e-02 0.00000000e+00 5.60832625e-02 0.00000000e+00 1.75068976e+00 0.00000000e+00 7.00275905e-03 0.000000e+00 0.000000e+00 0.000000e+00 1.052046e+01 8.663694e-02 0.0000e+00 0.0000e+00 +1.0266e-07 0.03303 2.98358e-01 4.03613e-01 5.31290e-01 6.87435e-03
5.604011 5.53667927e-02 0.00000000e+00 5.53667927e-02 0.00000000e+00 1.71933172e+00 0.00000000e+00 6.87732687e-03 0.000000e+00 0.000000e+00 0.000000e+00 1.019423e+01 5.583185e-02 0.0000e+00 0.0000e+00 +3.7724e-06 0.03284 2.94479e-01 3.98327e-01 5.24229e-01 6.77112e-03
5.704082 5.47033080e-02 0.00000000e+00 5.47033080e-02 0.00000000e+00 1.68301595e+00 0.00000000e+00 6.73206378e-03 0.000000e+00 0.000000e+00 0.000000e+00 1.024212e+01 3.447664e-02 0.0000e+00 0.0000e+00 +1.1680e-08 0.03265 2.88150e-01 3.91012e-01 5.15426e-01 6.61694e-03
5.804154 5.40368728e-02 0.00000000e+00 5.40368728e-02 0.00000000e+00 1.64176069e+00 0.00000000e+00 6.56704278e-03 0.000000e+00 0.000000e+00 0.000000e+00 1.028087e+01 7.097410e-02 0.0000e+00 0.0000e+00 +1.3341e-06 0.03246 2.78911e-01 3.81121e-01 5.04706e-01 6.42416e-03
5.904226 5.33718105e-02 0.00000000e+00 5.33718105e-02 0.00000000e+00 1.61754023e+00 0.00000000e+00 6.47016091e-03 0.000000e+00 0.000000e+00 0.000000e+00 1.010180e+01 2.736552e-02 0.0000e+00 0.0000e+00 +3.1118e-06 0.03220 2.76520e-01 3.77035e-01 4.98687e-01 6.40362e-03
6.004297 5.27363332e-02 0.00000000e+00 5.27363332e-02 0.00000000e+00 1.58112070e+00 0.00000000e+00 6.32448280e-03 0.000000e+00 0.000000e+00 0.000000e+00 1.008776e+01 3.365392e-02 0.0000e+00 0.0000e+00 -6.6965e-07 0.03199 2.68086e-01 3.67764e-01 4.88384e-01 6.15113e-03
6.104369 5.21072629e-02 0.00000000e+00 5.21072629e-02 0.00000000e+00 1.55140313e+00 0.00000000e+00 6.20561254e-03 0.000000e+00 0.000000e+00 0.000000e+00 1.020514e+01 5.301928e-02 0.0000e+00 0.0000e+00 +2.4944e-06 0.03175 2.61839e-01 3.60271e-01 4.79718e-01 6.07667e-03
6.204440 5.14924655e-02 0.00000000e+00 5.14924655e-02 0.00000000e+00 1.52981665e+00 0.00000000e+00 6.11926660e-03 0.000000e+00 0.000000e+00 0.000000e+00 9.858940e+00 1.140169e-02 0.0000e+00 0.0000e+00 +1.9580e-06 0.03148 2.58933e-01 3.55647e-01 4.73307e-01 5.96520e-03
6.304512 5.08842081e-02 0.00000000e+00 5.08842081e-02 0.00000000e+00 1.49939291e+00 0.00000000e+00 5.99757163e-03 0.000000e+00 0.000000e+00 0.000000e+00 1.015159e+01 3.943735e-02 0.0000e+00 0.0000e+00 -5.6070e-07 0.03126 2.51009e-01 3.46642e-01 4.63302e-01 5.83797e-03
6.404584 5.02772599e-02 0.00000000e+00 5.02772599e-02 0.00000000e+00 1.47672369e+00 0.00000000e+00 5.90689477e-03 0.000000e+00 0.000000e+00 0.000000e+00 9.870307e+00 3.483152e-02 0.0000e+00 0.0000e+00 +3.1528e-06 0.03097 2.46171e-01 3.40259e-01 4.55577e-01 5.72020e-03
6.504655 4.97024953e-02 0.00000000e+00 4.97024953e-02 0.00000000e+00 1.45952198e+00 0.00000000e+00 5.83808793e-03 0.000000e+00 0.000000e+00 0.000000e+00 9.901177e+00 1.100720e-02 0.0000e+00 0.0000e+00 +6.6596e-07 0.03072 2.43628e-01 3.35885e-01 4.49391e-01 5.67339e-03
6.604727 4.91215354e-02 0.00000000e+00 4.91215354e-02 0.00000000e+00 1.43266919e+00 0.00000000e+00 5.73067676e-03 0.000000e+00 0.000000e+00 0.000000e+00 9.875976e+00 4.574016e-02 0.0000e+00 0.0000e+00 +2.5991e-07 0.03055 2.35373e-01 3.26506e-01 4.39091e-01 5.52306e-03
6.704799 4.85374099e-02 0.00000000e+00 4.85374099e-02 0.00000000e+00 1.41945510e+00 0.00000000e+00 5.67782038e-03 0.000000e+00 0.000000e+00 0.000000e+00 9.807668e+00 2.588256e-02 0.0000e+00 0.0000e+00 +3.0631e-06 0.03099 2.33810e-01 3.22987e-01 4.33744e-01 5.50979e-03
6.804870 4.79821180e-02 0.00000000e+00 4.79821180e-02 0.00000000e+00 1.39889578e+00 0.00000000e+00 5.59558311e-03 0.000000e+00 0.000000e+00 0.000000e+00 9.647399e+00 2.293861e-02 0.0000e+00 0.0000e+00 -3.2131e-07 0.03136 2.27884e-01 3.15678e-01 4.25092e-01 5.31997e-03
6.904942 4.74266660e-02 0.00000000e+00 4.74266660e-02 0.00000000e+00 1.38156032e+00 0.00000000e+00 5.52624128e-03 0.000000e+00 0.000000e+00 0.000000e+00 9.784989e+00 5.291672e-02 0.0000e+00 0.0000e+00 +1.3552e-06 0.03118 2.23185e-01 3.09474e-01 4.17488e-01 5.30112e-03
7.005013 4.68696477e-02 0.00000000e+00 4.68696477e-02 0.00000000e+00 1.36841569e+00 0.00000000e+00 5.47366275e-03 0.000000e+00 0.000000e+00 0.000000e+00 9.483691e+00 2.703674e-02 0.0000e+00 0.0000e+00 +2.3604e-06 0.03179 2.20565e-01 3.05161e-01 4.11470e-01 5.19734e-03
7.105085 4.63257975e-02 0.00000000e+00 4.63257975e-02 0.00000000e+00 1.35229991e+00 0.00000000e+00 5.40919963e-03 0.000000e+00 0.000000e+00 0.000000e+00 9.569436e+00 4.357505e-02 0.0000e+00 0.0000e+00 -7.3448e-07 0.03166 2.15969e-01 2.99157e-01 4.03961e-01 5.12260e-03
7.205157 4.57851985e-02 0.00000000e+00 4.57851985e-02 0.00000000e+00 1.33600575e+00 0.00000000e+00 5.34402302e-03 0.000000e+00 0.000000e+00 0.000000e+00 9.394750e+00 5.762863e-02 0.0000e+00 0.0000e+00 +2.2952e-06 0.03169 2.10914e-01 2.92814e-01 3.96308e-01 5.02595e-03
7.305228 4.52567845e-02 0.00000000e+00 4.52567845e-02 0.00000000e+00 1.32793229e+00 0.00000000e+00 5.31172915e-03 0.000000e+00 0.000000e+00 0.000000e+00 9.309459e+00 3.828545e-02 0.0000e+00 0.0000e+00 +1.2754e-06 0.03195 2.10587e-01 2.90747e-01 3.92253e-01 5.01010e-03
7.405300 4.47260627e-02 0.00000000e+00 4.47260627e-02 0.00000000e+00 1.30930958e+00 0.00000000e+00 5.23723831e-03 0.000000e+00 0.000000e+00 0.000000e+00 9.238008e+00 6.604589e-02 0.0000e+00 0.0000e+00 -4.2696e-07 0.03170 2.03696e-01 2.82893e-01 3.83258e-01 4.88236e-03
7.505371 4.41954561e-02 0.00000000e+00 4.41954561e-02 0.00000000e+00 1.29968343e+00 0.00000000e+00 5.19873373e-03 0.000000e+00 0.000000e+00 0.000000e+00 9.135838e+00 6.577566e-02 0.0000e+00 0.0000e+00 +2.6835e-06 0.03161 2.02023e-01 2.79771e-01 3.78457e-01 4.84874e-03
7.605443 4.36864075e-02 0.00000000e+00 4.36864075e-02 0.00000000e+00 1.28744777e+00 0.00000000e+00 5.14979107e-03 0.000000e+00 0.000000e+00 0.000000e+00 8.953751e+00 5.970834e-02 0.0000e+00 0.0000e+00 +2.0308e-07 0.03176 1.98598e-01 2.75136e-01 3.72271e-01 4.72721e-03
7.705515 4.31732311e-02 0.00000000e+00 4.31732311e-02 0.00000000e+00 1.27431205e+00 0.00000000e+00 5.09724821e-03 0.000000e+00 0.000000e+00 0.000000e+00 8.963543e+00 9.083214e-02 0.0000e+00 0.0000e+00 +3.8572e-07 0.03116 1.94306e-01 2.69787e-01 3.65554e-01 4.69501e-03
7.805586 4.26558592e-02 0.00000000e+00 4.26558592e-02 0.00000000e+00 1.26460841e+00 0.00000000e+00 5.05843366e-03 0.000000e+00 0.000000e+00 0.000000e+00 8.735840e+00 8.153773e-02 0.0000e+00 0.0000e+00 +2.4496e-06 0.03129 1.91957e-01 2.66228e-01 3.60456e-01 4.61705e-03
7.905658 4.21560876e-02 0.00000000e+00 4.21560876e-02 0.00000000e+00 1.25444471e+00 0.00000000e+00 5.01777884e-03 0.000000e+00 0.000000e+00 0.000000e+00 8.659298e+00 9.026937e-02 0.0000e+00 0.0000e+00 -5.4438e-07 0.03117 1.89089e-01 2.62239e-01 3.54917e-01 4.54035e-03
8.005730 4.16572978e-02 0.00000000e+00 4.16572978e-02 0.00000000e+00 1.24151916e+00 0.00000000e+00 4.96607662e-03 0.000000e+00 0.000000e+00 0.000000e+00 8.548362e+00 1.151156e-01 0.0000e+00 0.0000e+00 +1.3508e-06 0.03097 1.84056e-01 2.56344e-01 3.47833e-01 4.46699e-03
8.105801 4.11589572e-02 0.00000000e+00 4.11589572e-02 0.00000000e+00 1.23608305e+00 0.00000000e+00 4.94433219e-03 0.000000e+00 0.000000e+00 0.000000e+00 8.374118e+00 1.023156e-01 0.0000e+00 0.0000e+00 +1.7035e-06 0.03107 1.83734e-01 2.54724e-01 3.44494e-01 4.44778e-03
8.205873 4.06656645e-02 0.00000000e+00 4.06656645e-02 0.00000000e+00 1.22346910e+00 0.00000000e+00 4.89387641e-03 0.000000e+00 0.000000e+00 0.000000e+00 8.276608e+00 1.225759e-01 0.0000e+00 0.0000e+00 -7.1579e-07 0.03089 1.78294e-01 2.48490e-01 3.37075e-01 4.33309e-03
8.305944 4.01743627e-02 0.00000000e+00 4.01743627e-02 0.00000000e+00 1.21507915e+00 0.00000000e+00 4.86031662e-03 0.000000e+00 0.000000e+00 0.000000e+00 8.118306e+00 1.328820e-01 0.0000e+00 0.0000e+00 +2.0475e-06 0.03070 1.75384e-01 2.44577e-01 3.31824e-01 4.27492e-03
8.406016 3.96944089e-02 0.00000000e+00 3.96944089e-02 0.00000000e+00 1.20884863e+00 0.00000000e+00 4.83539451e-03 0.000000e+00 0.000000e+00 0.000000e+00 7.973066e+00 1.240402e-01 0.0000e+00 0.0000e+00 +7.3087e-07 0.03102 1.73677e-01 2.41756e-01 3.27489e-01 4.24057e-03
8.506088 3.92104701e-02 0.00000000e+00 3.92104701e-02 0.00000000e+00 1.19832311e+00 0.00000000e+00 4.79329242e-03 0.000000e+00 0.000000e+00 0.000000e+00 7.843413e+00 1.464039e-01 0.0000e+00 0.0000e+00 -3.0215e-07 0.03073 1.68724e-01 2.35998e-01 3.20587e-01 4.14842e-03
8.606159 3.87247918e-02 0.00000000e+00 3.87247918e-02 0.00000000e+00 1.19181331e+00 0.00000000e+00 4.76725323e-03 0.000000e+00 0.000000e+00 0.000000e+00 7.693552e+00 1.436556e-01 0.0000e+00 0.0000e+00 +2.2299e-06 0.03090 1.66318e-01 2.32570e-01 3.15845e-01 4.11161e-03
8.706231 3.82551072e-02 0.00000000e+00 3.82551072e-02 0.00000000e+00 1.18535590e+00 0.00000000e+00 4.74142359e-03 0.000000e+00 0.000000e+00 0.000000e+00 7.511320e+00 1.391472e-01 0.0000e+00 0.0000e+00 -1.5253e-07 0.03107 1.63793e-01 2.29027e-01 3.10946e-01 4.02718e-03
8.806303 3.77826591e-02 0.00000000e+00 3.77826591e-02 0.00000000e+00 1.17609531e+00 0.00000000e+00 4.70438123e-03 0.000000e+00 0.000000e+00 0.000000e+00 7.410212e+00 1.567635e-01 0.0000e+00 0.0000e+00 +4.7634e-07 0.03066 1.59060e-01 2.23493e-01 3.04354e-01 3.97107e-03
8.906374 3.73062804e-02 0.00000000e+00 3.73062804e-02 0.00000000e+00 1.17137998e+00 0.00000000e+00 4.68551994e-03 0.000000e+00 0.000000e+00 0.000000e+00 7.207703e+00 1.413355e-01 0.0000e+00 0.0000e+00 +1.8783e-06 0.03091 1.57580e-01 2.20932e-01 3.00475e-01 3.94713e-03
9.006446 3.68412755e-02 0.00000000e+00 3.68412755e-02 0.00000000e+00 1.16388629e+00 0.00000000e+00 4.65554518e-03 0.000000e+00 0.000000e+00 0.000000e+00 7.086493e+00 1.421837e-01 0.0000e+00 0.0000e+00 -6.7474e-07 0.03073 1.53974e-01 2.16428e-01 2.94815e-01 3.86071e-03
9.106517 3.63762339e-02 0.00000000e+00 3.63762339e-02 0.00000000e+00 1.15577224e+00 0.00000000e+00 4.62308895e-03 0.000000e+00 0.000000e+00 0.000000e+00 6.883576e+00 1.467153e-01 0.0000e+00 0.0000e+00 +1.2774e-06 0.03035 1.49946e-01 2.11566e-01 2.88950e-01 3.78382e-03
9.206589 3.59143982e-02 0.00000000e+00 3.59143982e-02 0.00000000e+00 1.15232031e+00 0.00000000e+00 4.60928123e-03 0.000000e+00 0.000000e+00 0.000000e+00 6.789737e+00 1.261412e-01 0.0000e+00 0.0000e+00 +1.1393e-06 0.03048 1.49375e-01 2.09879e-01 2.85942e-01 3.83861e-03
9.306661 3.54532258e-02 0.00000000e+00 3.54532258e-02 0.00000000e+00 1.14310023e+00 0.00000000e+00 4.57240094e-03 0.000000e+00 0.000000e+00 0.000000e+00 6.566749e+00 1.304170e-01 0.0000e+00 0.0000e+00 -6.7035e-07 0.03001 1.44524e-01 2.04262e-01 2.79386e-01 3.68029e-03
9.406732 3.49928767e-02 0.00000000e+00 3.49928767e-02 0.00000000e+00 1.13758531e+00 0.00000000e+00 4.55034123e-03 0.000000e+00 0.000000e+00 0.000000e+00 6.474707e+00 1.229748e-01 0.0000e+00 0.0000e+00 +1.7601e-06 0.02969 1.42470e-01 2.01250e-01 2.75281e-01 3.68426e-03
9.506804 3.45429316e-02 0.00000000e+00 3.45429316e-02 0.00000000e+00 1.13223772e+00 0.00000000e+00 4.52895089e-03 0.000000e+00 0.000000e+00 0.000000e+00 6.368506e+00 1.063444e-01 0.0000e+00 0.0000e+00 +2.8804e-07 0.02965 1.40528e-01 1.98330e-01 2.71212e-01 3.64303e-03
9.606875 3.40900293e-02 0.00000000e+00 3.40900293e-02 0.00000000e+00 1.12507923e+00 0.00000000e+00 4.50031693e-03 0.000000e+00 0.000000e+00 0.000000e+00 6.511333e+00 1.120842e-01 0.0000e+00 0.0000e+00 -2.0598e-07 0.02895 1.37059e-01 1.94019e-01 2.65903e-01 3.56755e-03
9.706947 3.36339923e-02 0.00000000e+00 3.36339923e-02 0.00000000e+00 1.11993581e+00 0.00000000e+00 4.47974322e-03 0.000000e+00 0.000000e+00 0.000000e+00 6.659091e+00 9.845317e-02 0.0000e+00 0.0000e+00 +1.7825e-06 0.02911 1.35066e-01 1.91078e-01 2.61877e-01 3.57362e-03
9.807019 3.31909292e-02 0.00000000e+00 3.31909292e-02 0.00000000e+00 1.11575222e+00 0.00000000e+00 4.46300886e-03 0.000000e+00 0.000000e+00 0.000000e+00 6.831982e+00 8.759274e-02 0.0000e+00 0.0000e+00 -4.2215e-07 0.02934 1.33512e-01 1.88533e-01 2.58135e-01 3.53102e-03
9.907090 3.27452415e-02 0.00000000e+00 3.27452415e-02 0.00000000e+00 1.10916477e+00 0.00000000e+00 4.43665906e-03 0.000000e+00 0.000000e+00 0.000000e+00 7.019571e+00 9.313892e-02 0.0000e+00 0.0000e+00 +5.0695e-07 0.02958 1.29819e-01 1.84023e-01 2.52631e-01 3.43391e-03
10.000190 3.23280458e-02 0.00000000e+00 3.23280458e-02 0.00000000e+00 1.10755230e+00 0.00000000e+00 4.43020921e-03 0.000000e+00 0.000000e+00 0.000000e+00 7.209128e+00 7.456600e-02 0.0000e+00 0.0000e+00 +1.4730e-06 0.03004 1.29679e-01 1.82886e-01 2.50293e-01 3.55474e-03
