Confined decaying MHD in a SPHERE, volume-penalised   CUDA twin
precision FP32   D3Q27 fluid + D3Q7 magnetic   operator CM
  N 96   R 38.40 (rfac 0.40)   Re 500   Pm 1.00   u0 0.0500
  nu 7.680000e-03   eta 7.680000e-03   magnetic wall: perfectly conducting (B.n = 0)
  eps 2.00 / 2.00   smooth 1.00   IC kmax 6  k0 4.0  seed 99
  one turnover 2R/u0 = 1536 steps; running 3072 (2.0 turnovers)

   step   t/Te      E_u        E_b      E_u/E_b   H_c    enstr     <j^2>    cos(J,B)  |<b>|    max|b|   dv/cl    Bn/B   B_sh   dmass
       0  0.000  1.250e-03  1.250e-03    1.000  0.0000 9.170e-05 1.689e-04   0.0398 8.84e-12 1.28e-01 1.74e-07  0.5072  0.913  0.00e+00
      12  0.008  9.424e-04  1.180e-03    0.799  0.0042 8.694e-05 1.687e-04   0.0451 3.18e-05 1.22e-01 1.06e-01  0.0952  0.737 -5.88e-09
      24  0.016  8.425e-04  1.171e-03    0.720  0.0072 8.400e-05 1.800e-04   0.0482 4.13e-05 1.31e-01 1.67e-01  0.0413  0.735 -6.15e-09
      36  0.023  7.841e-04  1.168e-03    0.672  0.0083 8.232e-05 1.972e-04   0.0495 4.44e-05 1.40e-01 1.96e-01  0.0238  0.735 -6.19e-09
      48  0.031  7.327e-04  1.166e-03    0.628  0.0090 8.199e-05 2.173e-04   0.0499 4.64e-05 1.53e-01 2.09e-01  0.0162  0.734 -6.07e-09
      60  0.039  6.917e-04  1.162e-03    0.595  0.0082 8.280e-05 2.381e-04   0.0493 4.90e-05 1.68e-01 2.12e-01  0.0121  0.734 -6.07e-09
      72  0.047  6.568e-04  1.153e-03    0.569  0.0053 8.463e-05 2.586e-04   0.0485 5.39e-05 1.85e-01 2.11e-01  0.0095  0.734 -6.29e-09
      84  0.055  6.251e-04  1.141e-03    0.548  0.0030 8.728e-05 2.779e-04   0.0474 6.02e-05 1.98e-01 2.08e-01  0.0080  0.735 -5.98e-09
      96  0.062  5.961e-04  1.124e-03    0.530  0.0041 9.034e-05 2.950e-04   0.0458 6.71e-05 2.08e-01 2.04e-01  0.0071  0.737 -6.13e-09
     108  0.070  5.698e-04  1.103e-03    0.517  0.0053 9.350e-05 3.095e-04   0.0439 7.41e-05 2.19e-01 2.01e-01  0.0063  0.740 -6.20e-09
     120  0.078  5.471e-04  1.079e-03    0.507  0.0062 9.642e-05 3.208e-04   0.0421 8.16e-05 2.26e-01 1.97e-01  0.0057  0.744 -5.95e-09
     132  0.086  5.267e-04  1.052e-03    0.501  0.0070 9.884e-05 3.284e-04   0.0401 8.94e-05 2.29e-01 1.95e-01  0.0052  0.749 -5.88e-09
     144  0.094  5.076e-04  1.022e-03    0.497  0.0073 1.007e-04 3.322e-04   0.0383 9.68e-05 2.33e-01 1.93e-01  0.0049  0.755 -6.40e-09
     156  0.102  4.891e-04  9.921e-04    0.493  0.0074 1.018e-04 3.327e-04   0.0368 1.05e-04 2.34e-01 1.92e-01  0.0047  0.761 -6.40e-09
     168  0.109  4.707e-04  9.611e-04    0.490  0.0075 1.022e-04 3.300e-04   0.0353 1.12e-04 2.32e-01 1.91e-01  0.0045  0.767 -6.58e-09
     180  0.117  4.531e-04  9.298e-04    0.487  0.0081 1.020e-04 3.246e-04   0.0341 1.19e-04 2.31e-01 1.91e-01  0.0043  0.773 -6.37e-09
     192  0.125  4.359e-04  8.987e-04    0.485  0.0091 1.012e-04 3.172e-04   0.0330 1.25e-04 2.35e-01 1.92e-01  0.0042  0.779 -6.49e-09
     204  0.133  4.197e-04  8.681e-04    0.484  0.0100 9.991e-05 3.083e-04   0.0322 1.32e-04 2.41e-01 1.93e-01  0.0040  0.786 -6.49e-09
     216  0.141  4.043e-04  8.383e-04    0.482  0.0110 9.821e-05 2.984e-04   0.0316 1.39e-04 2.44e-01 1.94e-01  0.0038  0.793 -6.63e-09
     228  0.148  3.892e-04  8.094e-04    0.481  0.0122 9.618e-05 2.880e-04   0.0310 1.46e-04 2.47e-01 1.95e-01  0.0037  0.799 -6.79e-09
     240  0.156  3.746e-04  7.816e-04    0.479  0.0134 9.390e-05 2.775e-04   0.0304 1.53e-04 2.52e-01 1.97e-01  0.0036  0.806 -6.67e-09
     252  0.164  3.603e-04  7.549e-04    0.477  0.0147 9.144e-05 2.671e-04   0.0299 1.61e-04 2.54e-01 1.98e-01  0.0035  0.812 -6.39e-09
     264  0.172  3.467e-04  7.295e-04    0.475  0.0160 8.888e-05 2.570e-04   0.0294 1.67e-04 2.54e-01 2.00e-01  0.0034  0.818 -6.70e-09
     276  0.180  3.335e-04  7.053e-04    0.473  0.0176 8.627e-05 2.474e-04   0.0289 1.74e-04 2.50e-01 2.01e-01  0.0033  0.823 -6.45e-09
     288  0.187  3.209e-04  6.823e-04    0.470  0.0190 8.361e-05 2.381e-04   0.0284 1.80e-04 2.45e-01 2.03e-01  0.0032  0.828 -6.55e-09
     300  0.195  3.088e-04  6.605e-04    0.468  0.0204 8.094e-05 2.291e-04   0.0281 1.86e-04 2.37e-01 2.04e-01  0.0031  0.833 -6.75e-09
     312  0.203  2.972e-04  6.396e-04    0.465  0.0217 7.828e-05 2.206e-04   0.0279 1.92e-04 2.33e-01 2.06e-01  0.0030  0.838 -6.64e-09
     324  0.211  2.861e-04  6.196e-04    0.462  0.0229 7.566e-05 2.124e-04   0.0278 1.99e-04 2.26e-01 2.07e-01  0.0029  0.842 -6.58e-09
     336  0.219  2.755e-04  6.006e-04    0.459  0.0239 7.311e-05 2.046e-04   0.0280 2.05e-04 2.18e-01 2.09e-01  0.0029  0.847 -6.76e-09
     348  0.227  2.655e-04  5.824e-04    0.456  0.0248 7.065e-05 1.972e-04   0.0284 2.11e-04 2.23e-01 2.10e-01  0.0028  0.851 -6.77e-09
     360  0.234  2.560e-04  5.650e-04    0.453  0.0257 6.829e-05 1.901e-04   0.0289 2.17e-04 2.29e-01 2.12e-01  0.0027  0.855 -6.94e-09
     372  0.242  2.469e-04  5.484e-04    0.450  0.0264 6.604e-05 1.834e-04   0.0295 2.23e-04 2.35e-01 2.13e-01  0.0026  0.859 -6.53e-09
     384  0.250  2.384e-04  5.324e-04    0.448  0.0269 6.390e-05 1.770e-04   0.0302 2.29e-04 2.39e-01 2.14e-01  0.0025  0.862 -6.69e-09
     396  0.258  2.303e-04  5.172e-04    0.445  0.0273 6.187e-05 1.709e-04   0.0308 2.35e-04 2.41e-01 2.16e-01  0.0024  0.866 -6.47e-09
     408  0.266  2.226e-04  5.025e-04    0.443  0.0277 5.992e-05 1.651e-04   0.0315 2.40e-04 2.42e-01 2.17e-01  0.0024  0.870 -6.58e-09
     420  0.273  2.153e-04  4.883e-04    0.441  0.0280 5.805e-05 1.595e-04   0.0320 2.46e-04 2.46e-01 2.18e-01  0.0023  0.873 -6.81e-09
     432  0.281  2.083e-04  4.747e-04    0.439  0.0282 5.626e-05 1.540e-04   0.0324 2.52e-04 2.54e-01 2.19e-01  0.0023  0.877 -7.00e-09
     444  0.289  2.017e-04  4.616e-04    0.437  0.0283 5.455e-05 1.488e-04   0.0327 2.58e-04 2.60e-01 2.21e-01  0.0022  0.881 -7.49e-09
     456  0.297  1.954e-04  4.490e-04    0.435  0.0284 5.289e-05 1.437e-04   0.0328 2.64e-04 2.66e-01 2.22e-01  0.0022  0.884 -7.75e-09
     468  0.305  1.895e-04  4.368e-04    0.434  0.0286 5.130e-05 1.388e-04   0.0326 2.69e-04 2.70e-01 2.24e-01  0.0021  0.888 -7.75e-09
     480  0.312  1.837e-04  4.250e-04    0.432  0.0287 4.976e-05 1.341e-04   0.0323 2.75e-04 2.73e-01 2.25e-01  0.0021  0.891 -7.15e-09
     492  0.320  1.783e-04  4.137e-04    0.431  0.0289 4.828e-05 1.294e-04   0.0318 2.81e-04 2.74e-01 2.26e-01  0.0021  0.894 -7.12e-09
     504  0.328  1.731e-04  4.027e-04    0.430  0.0291 4.683e-05 1.250e-04   0.0312 2.86e-04 2.74e-01 2.28e-01  0.0020  0.898 -7.05e-09
     516  0.336  1.680e-04  3.922e-04    0.429  0.0294 4.543e-05 1.206e-04   0.0304 2.92e-04 2.74e-01 2.30e-01  0.0020  0.901 -7.09e-09
     528  0.344  1.632e-04  3.819e-04    0.427  0.0298 4.407e-05 1.164e-04   0.0295 2.97e-04 2.72e-01 2.31e-01  0.0020  0.905 -6.97e-09
     540  0.352  1.586e-04  3.720e-04    0.426  0.0302 4.275e-05 1.123e-04   0.0285 3.03e-04 2.69e-01 2.33e-01  0.0019  0.908 -6.85e-09
     552  0.359  1.542e-04  3.625e-04    0.425  0.0307 4.147e-05 1.084e-04   0.0273 3.09e-04 2.66e-01 2.35e-01  0.0019  0.912 -7.07e-09
     564  0.367  1.499e-04  3.533e-04    0.424  0.0313 4.023e-05 1.046e-04   0.0261 3.14e-04 2.61e-01 2.36e-01  0.0018  0.915 -6.81e-09
     576  0.375  1.458e-04  3.444e-04    0.423  0.0319 3.902e-05 1.010e-04   0.0249 3.20e-04 2.57e-01 2.38e-01  0.0018  0.918 -6.88e-09
     588  0.383  1.418e-04  3.358e-04    0.422  0.0325 3.785e-05 9.747e-05   0.0235 3.25e-04 2.51e-01 2.40e-01  0.0018  0.922 -6.92e-09
     600  0.391  1.380e-04  3.275e-04    0.421  0.0332 3.671e-05 9.409e-05   0.0222 3.30e-04 2.46e-01 2.42e-01  0.0017  0.925 -6.70e-09
     612  0.398  1.343e-04  3.195e-04    0.420  0.0339 3.561e-05 9.085e-05   0.0207 3.36e-04 2.40e-01 2.44e-01  0.0017  0.928 -6.59e-09
     624  0.406  1.307e-04  3.117e-04    0.419  0.0346 3.454e-05 8.774e-05   0.0192 3.41e-04 2.34e-01 2.46e-01  0.0017  0.932 -6.52e-09
     636  0.414  1.273e-04  3.042e-04    0.419  0.0354 3.350e-05 8.475e-05   0.0177 3.46e-04 2.29e-01 2.47e-01  0.0017  0.935 -6.42e-09
     648  0.422  1.240e-04  2.969e-04    0.418  0.0361 3.249e-05 8.188e-05   0.0161 3.51e-04 2.23e-01 2.49e-01  0.0016  0.938 -6.33e-09
     660  0.430  1.208e-04  2.899e-04    0.417  0.0369 3.152e-05 7.914e-05   0.0144 3.57e-04 2.18e-01 2.51e-01  0.0016  0.942 -6.54e-09
     672  0.437  1.177e-04  2.831e-04    0.416  0.0376 3.057e-05 7.651e-05   0.0128 3.62e-04 2.14e-01 2.53e-01  0.0016  0.945 -6.62e-09
     684  0.445  1.147e-04  2.766e-04    0.415  0.0383 2.966e-05 7.399e-05   0.0110 3.67e-04 2.09e-01 2.55e-01  0.0015  0.948 -6.57e-09
     696  0.453  1.119e-04  2.702e-04    0.414  0.0391 2.877e-05 7.157e-05   0.0093 3.72e-04 2.05e-01 2.57e-01  0.0015  0.951 -6.30e-09
     708  0.461  1.091e-04  2.641e-04    0.413  0.0398 2.791e-05 6.925e-05   0.0075 3.77e-04 2.01e-01 2.59e-01  0.0015  0.954 -6.63e-09
     720  0.469  1.064e-04  2.582e-04    0.412  0.0404 2.708e-05 6.703e-05   0.0056 3.82e-04 1.97e-01 2.60e-01  0.0015  0.957 -6.73e-09
     732  0.477  1.038e-04  2.524e-04    0.411  0.0411 2.627e-05 6.489e-05   0.0038 3.87e-04 1.93e-01 2.62e-01  0.0014  0.960 -6.77e-09
     744  0.484  1.013e-04  2.469e-04    0.410  0.0417 2.549e-05 6.284e-05   0.0019 3.92e-04 1.89e-01 2.64e-01  0.0014  0.963 -6.33e-09
     756  0.492  9.880e-05  2.415e-04    0.409  0.0424 2.474e-05 6.087e-05   0.0000 3.97e-04 1.85e-01 2.66e-01  0.0014  0.966 -6.89e-09
     768  0.500  9.643e-05  2.363e-04    0.408  0.0430 2.401e-05 5.899e-05  -0.0019 4.02e-04 1.81e-01 2.68e-01  0.0014  0.969 -6.74e-09
     780  0.508  9.413e-05  2.313e-04    0.407  0.0435 2.330e-05 5.717e-05  -0.0038 4.07e-04 1.78e-01 2.69e-01  0.0014  0.971 -6.81e-09
     792  0.516  9.189e-05  2.264e-04    0.406  0.0441 2.262e-05 5.543e-05  -0.0057 4.11e-04 1.77e-01 2.71e-01  0.0013  0.974 -6.38e-09
     804  0.523  8.973e-05  2.217e-04    0.405  0.0446 2.196e-05 5.376e-05  -0.0076 4.16e-04 1.76e-01 2.73e-01  0.0013  0.977 -6.27e-09
     816  0.531  8.762e-05  2.171e-04    0.404  0.0450 2.132e-05 5.215e-05  -0.0095 4.21e-04 1.74e-01 2.75e-01  0.0013  0.979 -6.66e-09
     828  0.539  8.557e-05  2.127e-04    0.402  0.0455 2.070e-05 5.060e-05  -0.0113 4.26e-04 1.71e-01 2.77e-01  0.0013  0.982 -6.71e-09
     840  0.547  8.359e-05  2.084e-04    0.401  0.0458 2.011e-05 4.911e-05  -0.0132 4.30e-04 1.69e-01 2.78e-01  0.0013  0.984 -6.59e-09
     852  0.555  8.165e-05  2.042e-04    0.400  0.0462 1.953e-05 4.768e-05  -0.0150 4.35e-04 1.65e-01 2.80e-01  0.0013  0.987 -6.75e-09
     864  0.562  7.977e-05  2.002e-04    0.398  0.0465 1.897e-05 4.630e-05  -0.0169 4.40e-04 1.62e-01 2.82e-01  0.0013  0.989 -6.67e-09
     876  0.570  7.794e-05  1.963e-04    0.397  0.0467 1.843e-05 4.497e-05  -0.0187 4.44e-04 1.61e-01 2.83e-01  0.0012  0.992 -6.97e-09
     888  0.578  7.616e-05  1.925e-04    0.396  0.0469 1.791e-05 4.369e-05  -0.0205 4.49e-04 1.59e-01 2.85e-01  0.0012  0.994 -6.77e-09
     900  0.586  7.443e-05  1.888e-04    0.394  0.0471 1.740e-05 4.246e-05  -0.0223 4.53e-04 1.57e-01 2.87e-01  0.0012  0.996 -6.69e-09
     912  0.594  7.274e-05  1.852e-04    0.393  0.0472 1.691e-05 4.127e-05  -0.0240 4.58e-04 1.55e-01 2.89e-01  0.0012  0.998 -6.90e-09
     924  0.602  7.109e-05  1.818e-04    0.391  0.0472 1.643e-05 4.013e-05  -0.0257 4.62e-04 1.53e-01 2.90e-01  0.0012  1.000 -6.78e-09
     936  0.609  6.949e-05  1.784e-04    0.390  0.0473 1.597e-05 3.903e-05  -0.0274 4.67e-04 1.51e-01 2.92e-01  0.0012  1.003 -6.84e-09
     948  0.617  6.793e-05  1.751e-04    0.388  0.0472 1.552e-05 3.797e-05  -0.0291 4.71e-04 1.48e-01 2.93e-01  0.0012  1.005 -6.97e-09
     960  0.625  6.640e-05  1.719e-04    0.386  0.0471 1.509e-05 3.694e-05  -0.0308 4.76e-04 1.46e-01 2.95e-01  0.0012  1.007 -6.84e-09
     972  0.633  6.492e-05  1.688e-04    0.384  0.0470 1.467e-05 3.595e-05  -0.0324 4.80e-04 1.43e-01 2.97e-01  0.0012  1.009 -6.59e-09
     984  0.641  6.347e-05  1.658e-04    0.383  0.0468 1.426e-05 3.500e-05  -0.0340 4.84e-04 1.41e-01 2.98e-01  0.0011  1.010 -6.20e-09
     996  0.648  6.206e-05  1.629e-04    0.381  0.0466 1.386e-05 3.408e-05  -0.0356 4.89e-04 1.38e-01 3.00e-01  0.0011  1.012 -5.92e-09
    1008  0.656  6.069e-05  1.601e-04    0.379  0.0464 1.348e-05 3.319e-05  -0.0371 4.93e-04 1.36e-01 3.01e-01  0.0011  1.014 -6.12e-09
    1020  0.664  5.935e-05  1.573e-04    0.377  0.0461 1.311e-05 3.233e-05  -0.0387 4.97e-04 1.34e-01 3.03e-01  0.0011  1.016 -5.81e-09
    1032  0.672  5.805e-05  1.546e-04    0.375  0.0457 1.275e-05 3.150e-05  -0.0402 5.01e-04 1.33e-01 3.05e-01  0.0011  1.018 -5.99e-09
    1044  0.680  5.678e-05  1.520e-04    0.374  0.0454 1.240e-05 3.070e-05  -0.0416 5.05e-04 1.31e-01 3.06e-01  0.0011  1.019 -6.46e-09
    1056  0.687  5.554e-05  1.494e-04    0.372  0.0450 1.206e-05 2.993e-05  -0.0431 5.10e-04 1.28e-01 3.08e-01  0.0011  1.021 -6.46e-09
    1068  0.695  5.433e-05  1.469e-04    0.370  0.0445 1.173e-05 2.918e-05  -0.0445 5.14e-04 1.26e-01 3.09e-01  0.0011  1.023 -6.31e-09
    1080  0.703  5.316e-05  1.445e-04    0.368  0.0440 1.141e-05 2.846e-05  -0.0459 5.18e-04 1.24e-01 3.11e-01  0.0011  1.024 -5.86e-09
    1092  0.711  5.201e-05  1.421e-04    0.366  0.0435 1.110e-05 2.776e-05  -0.0473 5.22e-04 1.21e-01 3.12e-01  0.0011  1.026 -5.45e-09
    1104  0.719  5.090e-05  1.398e-04    0.364  0.0429 1.081e-05 2.708e-05  -0.0487 5.26e-04 1.19e-01 3.13e-01  0.0010  1.028 -5.06e-09
    1116  0.727  4.981e-05  1.375e-04    0.362  0.0424 1.052e-05 2.643e-05  -0.0500 5.30e-04 1.16e-01 3.15e-01  0.0010  1.029 -5.05e-09
    1128  0.734  4.876e-05  1.353e-04    0.360  0.0417 1.024e-05 2.580e-05  -0.0513 5.34e-04 1.14e-01 3.16e-01  0.0010  1.031 -5.02e-09
    1140  0.742  4.773e-05  1.332e-04    0.358  0.0411 9.966e-06 2.518e-05  -0.0526 5.38e-04 1.11e-01 3.18e-01  0.0010  1.032 -5.01e-09
    1152  0.750  4.673e-05  1.311e-04    0.357  0.0404 9.704e-06 2.459e-05  -0.0539 5.42e-04 1.09e-01 3.19e-01  0.0010  1.034 -4.50e-09
    1164  0.758  4.576e-05  1.290e-04    0.355  0.0397 9.451e-06 2.401e-05  -0.0551 5.46e-04 1.06e-01 3.20e-01  0.0010  1.035 -4.26e-09
    1176  0.766  4.481e-05  1.270e-04    0.353  0.0390 9.205e-06 2.346e-05  -0.0564 5.50e-04 1.04e-01 3.22e-01  0.0010  1.036 -4.38e-09
    1188  0.773  4.389e-05  1.250e-04    0.351  0.0383 8.967e-06 2.292e-05  -0.0576 5.53e-04 1.02e-01 3.23e-01  0.0010  1.038 -4.60e-09
    1200  0.781  4.299e-05  1.231e-04    0.349  0.0375 8.737e-06 2.239e-05  -0.0588 5.57e-04 1.01e-01 3.25e-01  0.0010  1.039 -4.45e-09
    1212  0.789  4.212e-05  1.212e-04    0.347  0.0368 8.515e-06 2.188e-05  -0.0599 5.61e-04 9.96e-02 3.26e-01  0.0010  1.041 -4.44e-09
    1224  0.797  4.127e-05  1.194e-04    0.346  0.0360 8.299e-06 2.139e-05  -0.0611 5.65e-04 9.82e-02 3.27e-01  0.0010  1.042 -4.56e-09
    1236  0.805  4.045e-05  1.176e-04    0.344  0.0352 8.091e-06 2.091e-05  -0.0622 5.68e-04 9.67e-02 3.28e-01  0.0010  1.043 -4.36e-09
    1248  0.812  3.964e-05  1.159e-04    0.342  0.0344 7.889e-06 2.045e-05  -0.0634 5.72e-04 9.51e-02 3.30e-01  0.0010  1.045 -4.44e-09
    1260  0.820  3.886e-05  1.141e-04    0.340  0.0336 7.694e-06 1.999e-05  -0.0645 5.76e-04 9.36e-02 3.31e-01  0.0010  1.046 -4.05e-09
    1272  0.828  3.810e-05  1.125e-04    0.339  0.0328 7.505e-06 1.956e-05  -0.0656 5.79e-04 9.19e-02 3.32e-01  0.0010  1.047 -4.11e-09
    1284  0.836  3.736e-05  1.108e-04    0.337  0.0320 7.322e-06 1.913e-05  -0.0666 5.83e-04 9.03e-02 3.34e-01  0.0009  1.049 -3.86e-09
    1296  0.844  3.664e-05  1.092e-04    0.336  0.0312 7.144e-06 1.871e-05  -0.0677 5.86e-04 8.86e-02 3.35e-01  0.0009  1.050 -4.18e-09
    1308  0.852  3.594e-05  1.076e-04    0.334  0.0304 6.972e-06 1.831e-05  -0.0687 5.90e-04 8.70e-02 3.36e-01  0.0009  1.051 -4.00e-09
    1320  0.859  3.526e-05  1.061e-04    0.332  0.0296 6.806e-06 1.792e-05  -0.0697 5.93e-04 8.57e-02 3.37e-01  0.0009  1.052 -4.31e-09
    1332  0.867  3.459e-05  1.046e-04    0.331  0.0288 6.645e-06 1.753e-05  -0.0707 5.97e-04 8.43e-02 3.39e-01  0.0009  1.054 -4.31e-09
    1344  0.875  3.395e-05  1.031e-04    0.329  0.0281 6.489e-06 1.716e-05  -0.0717 6.00e-04 8.31e-02 3.40e-01  0.0009  1.055 -4.30e-09
    1356  0.883  3.332e-05  1.016e-04    0.328  0.0273 6.337e-06 1.680e-05  -0.0726 6.04e-04 8.22e-02 3.41e-01  0.0009  1.056 -4.09e-09
    1368  0.891  3.271e-05  1.002e-04    0.326  0.0266 6.191e-06 1.645e-05  -0.0735 6.07e-04 8.12e-02 3.43e-01  0.0009  1.057 -3.98e-09
    1380  0.898  3.211e-05  9.880e-05    0.325  0.0258 6.048e-06 1.610e-05  -0.0744 6.10e-04 8.02e-02 3.44e-01  0.0009  1.059 -3.54e-09
    1392  0.906  3.153e-05  9.743e-05    0.324  0.0251 5.910e-06 1.577e-05  -0.0753 6.14e-04 7.91e-02 3.45e-01  0.0009  1.060 -3.58e-09
    1404  0.914  3.096e-05  9.608e-05    0.322  0.0244 5.776e-06 1.544e-05  -0.0762 6.17e-04 7.81e-02 3.46e-01  0.0009  1.061 -3.36e-09
    1416  0.922  3.041e-05  9.476e-05    0.321  0.0237 5.647e-06 1.512e-05  -0.0770 6.20e-04 7.71e-02 3.47e-01  0.0009  1.062 -3.54e-09
    1428  0.930  2.988e-05  9.347e-05    0.320  0.0230 5.521e-06 1.481e-05  -0.0779 6.24e-04 7.62e-02 3.49e-01  0.0009  1.063 -3.74e-09
    1440  0.937  2.935e-05  9.220e-05    0.318  0.0223 5.398e-06 1.451e-05  -0.0786 6.27e-04 7.52e-02 3.50e-01  0.0009  1.064 -3.96e-09
    1452  0.945  2.884e-05  9.095e-05    0.317  0.0217 5.279e-06 1.421e-05  -0.0794 6.30e-04 7.42e-02 3.51e-01  0.0009  1.066 -3.59e-09
    1464  0.953  2.835e-05  8.973e-05    0.316  0.0211 5.164e-06 1.392e-05  -0.0802 6.33e-04 7.32e-02 3.52e-01  0.0008  1.067 -3.20e-09
    1476  0.961  2.786e-05  8.854e-05    0.315  0.0205 5.052e-06 1.364e-05  -0.0809 6.36e-04 7.23e-02 3.54e-01  0.0008  1.068 -3.00e-09
    1488  0.969  2.739e-05  8.736e-05    0.314  0.0199 4.943e-06 1.336e-05  -0.0816 6.39e-04 7.14e-02 3.55e-01  0.0008  1.069 -3.29e-09
    1500  0.977  2.693e-05  8.621e-05    0.312  0.0193 4.838e-06 1.310e-05  -0.0823 6.42e-04 7.05e-02 3.56e-01  0.0008  1.070 -3.65e-09
    1512  0.984  2.648e-05  8.507e-05    0.311  0.0188 4.735e-06 1.283e-05  -0.0830 6.45e-04 6.96e-02 3.57e-01  0.0008  1.071 -3.59e-09
    1524  0.992  2.605e-05  8.396e-05    0.310  0.0183 4.635e-06 1.258e-05  -0.0836 6.48e-04 6.87e-02 3.59e-01  0.0008  1.072 -3.60e-09
    1536  1.000  2.562e-05  8.287e-05    0.309  0.0178 4.538e-06 1.233e-05  -0.0842 6.51e-04 6.78e-02 3.60e-01  0.0008  1.073 -3.78e-09
    1548  1.008  2.520e-05  8.180e-05    0.308  0.0173 4.443e-06 1.209e-05  -0.0849 6.54e-04 6.68e-02 3.61e-01  0.0008  1.075 -3.88e-09
    1560  1.016  2.480e-05  8.075e-05    0.307  0.0169 4.351e-06 1.185e-05  -0.0854 6.57e-04 6.59e-02 3.62e-01  0.0008  1.076 -4.06e-09
    1572  1.023  2.440e-05  7.972e-05    0.306  0.0164 4.262e-06 1.162e-05  -0.0860 6.60e-04 6.50e-02 3.64e-01  0.0008  1.077 -3.90e-09
    1584  1.031  2.401e-05  7.871e-05    0.305  0.0160 4.175e-06 1.139e-05  -0.0866 6.63e-04 6.41e-02 3.65e-01  0.0008  1.078 -3.98e-09
    1596  1.039  2.364e-05  7.771e-05    0.304  0.0156 4.090e-06 1.117e-05  -0.0871 6.66e-04 6.32e-02 3.66e-01  0.0008  1.079 -3.67e-09
    1608  1.047  2.327e-05  7.674e-05    0.303  0.0152 4.008e-06 1.095e-05  -0.0876 6.69e-04 6.29e-02 3.67e-01  0.0008  1.080 -3.47e-09
    1620  1.055  2.291e-05  7.578e-05    0.302  0.0149 3.927e-06 1.074e-05  -0.0881 6.72e-04 6.25e-02 3.68e-01  0.0008  1.081 -3.44e-09
    1632  1.062  2.255e-05  7.484e-05    0.301  0.0146 3.849e-06 1.053e-05  -0.0886 6.74e-04 6.21e-02 3.70e-01  0.0008  1.082 -3.18e-09
    1644  1.070  2.221e-05  7.391e-05    0.301  0.0143 3.773e-06 1.033e-05  -0.0891 6.77e-04 6.16e-02 3.71e-01  0.0008  1.083 -3.40e-09
    1656  1.078  2.187e-05  7.300e-05    0.300  0.0140 3.699e-06 1.014e-05  -0.0895 6.80e-04 6.12e-02 3.72e-01  0.0008  1.084 -3.40e-09
    1668  1.086  2.154e-05  7.211e-05    0.299  0.0137 3.626e-06 9.944e-06  -0.0899 6.83e-04 6.07e-02 3.73e-01  0.0008  1.085 -3.18e-09
    1680  1.094  2.122e-05  7.123e-05    0.298  0.0134 3.556e-06 9.756e-06  -0.0904 6.85e-04 6.05e-02 3.75e-01  0.0008  1.086 -2.91e-09
    1692  1.102  2.091e-05  7.037e-05    0.297  0.0132 3.487e-06 9.572e-06  -0.0908 6.88e-04 6.02e-02 3.76e-01  0.0008  1.087 -2.71e-09
    1704  1.109  2.060e-05  6.953e-05    0.296  0.0130 3.420e-06 9.393e-06  -0.0912 6.91e-04 5.98e-02 3.77e-01  0.0008  1.088 -2.44e-09
    1716  1.117  2.030e-05  6.870e-05    0.295  0.0128 3.355e-06 9.218e-06  -0.0916 6.93e-04 5.95e-02 3.78e-01  0.0008  1.089 -2.65e-09
    1728  1.125  2.001e-05  6.788e-05    0.295  0.0126 3.291e-06 9.047e-06  -0.0919 6.96e-04 5.91e-02 3.79e-01  0.0008  1.090 -2.31e-09
    1740  1.133  1.972e-05  6.708e-05    0.294  0.0124 3.229e-06 8.880e-06  -0.0923 6.98e-04 5.88e-02 3.81e-01  0.0008  1.091 -2.43e-09
    1752  1.141  1.943e-05  6.629e-05    0.293  0.0122 3.168e-06 8.717e-06  -0.0927 7.01e-04 5.84e-02 3.82e-01  0.0008  1.092 -2.20e-09
    1764  1.148  1.916e-05  6.552e-05    0.292  0.0121 3.109e-06 8.557e-06  -0.0930 7.04e-04 5.80e-02 3.83e-01  0.0007  1.093 -2.21e-09
    1776  1.156  1.889e-05  6.476e-05    0.292  0.0119 3.051e-06 8.401e-06  -0.0934 7.06e-04 5.75e-02 3.84e-01  0.0007  1.094 -2.05e-09
    1788  1.164  1.862e-05  6.401e-05    0.291  0.0118 2.994e-06 8.249e-06  -0.0937 7.09e-04 5.71e-02 3.85e-01  0.0007  1.095 -2.14e-09
    1800  1.172  1.836e-05  6.327e-05    0.290  0.0117 2.939e-06 8.100e-06  -0.0940 7.11e-04 5.66e-02 3.87e-01  0.0007  1.096 -1.74e-09
    1812  1.180  1.811e-05  6.255e-05    0.289  0.0116 2.885e-06 7.955e-06  -0.0943 7.14e-04 5.62e-02 3.88e-01  0.0007  1.097 -1.60e-09
    1824  1.187  1.786e-05  6.184e-05    0.289  0.0115 2.833e-06 7.813e-06  -0.0947 7.16e-04 5.57e-02 3.89e-01  0.0007  1.098 -1.57e-09
    1836  1.195  1.761e-05  6.114e-05    0.288  0.0114 2.781e-06 7.674e-06  -0.0950 7.18e-04 5.52e-02 3.90e-01  0.0007  1.098 -1.32e-09
    1848  1.203  1.737e-05  6.046e-05    0.287  0.0113 2.731e-06 7.538e-06  -0.0953 7.21e-04 5.48e-02 3.91e-01  0.0007  1.099 -1.12e-09
    1860  1.211  1.714e-05  5.978e-05    0.287  0.0113 2.682e-06 7.405e-06  -0.0956 7.23e-04 5.45e-02 3.92e-01  0.0007  1.100 -1.06e-09
    1872  1.219  1.691e-05  5.912e-05    0.286  0.0112 2.634e-06 7.276e-06  -0.0959 7.26e-04 5.42e-02 3.93e-01  0.0007  1.101 -9.85e-10
    1884  1.227  1.668e-05  5.847e-05    0.285  0.0112 2.587e-06 7.149e-06  -0.0962 7.28e-04 5.39e-02 3.95e-01  0.0007  1.102 -8.63e-10
    1896  1.234  1.646e-05  5.782e-05    0.285  0.0111 2.541e-06 7.025e-06  -0.0965 7.30e-04 5.36e-02 3.96e-01  0.0007  1.103 -6.39e-10
    1908  1.242  1.624e-05  5.719e-05    0.284  0.0111 2.497e-06 6.904e-06  -0.0968 7.33e-04 5.32e-02 3.97e-01  0.0007  1.104 -7.18e-10
    1920  1.250  1.603e-05  5.657e-05    0.283  0.0111 2.453e-06 6.785e-06  -0.0971 7.35e-04 5.29e-02 3.98e-01  0.0007  1.105 -7.15e-10
    1932  1.258  1.582e-05  5.596e-05    0.283  0.0110 2.410e-06 6.669e-06  -0.0974 7.37e-04 5.25e-02 3.99e-01  0.0007  1.105 -7.40e-10
    1944  1.266  1.561e-05  5.536e-05    0.282  0.0110 2.368e-06 6.556e-06  -0.0977 7.40e-04 5.21e-02 4.00e-01  0.0007  1.106 -7.79e-10
    1956  1.273  1.541e-05  5.477e-05    0.281  0.0110 2.327e-06 6.445e-06  -0.0980 7.42e-04 5.18e-02 4.01e-01  0.0007  1.107 -5.65e-10
    1968  1.281  1.521e-05  5.419e-05    0.281  0.0110 2.287e-06 6.337e-06  -0.0983 7.44e-04 5.14e-02 4.02e-01  0.0007  1.108 -5.84e-10
    1980  1.289  1.501e-05  5.362e-05    0.280  0.0109 2.247e-06 6.231e-06  -0.0986 7.46e-04 5.10e-02 4.03e-01  0.0007  1.109 -4.66e-10
    1992  1.297  1.482e-05  5.306e-05    0.279  0.0109 2.209e-06 6.128e-06  -0.0989 7.48e-04 5.05e-02 4.05e-01  0.0007  1.110 -6.38e-10
    2004  1.305  1.463e-05  5.251e-05    0.279  0.0109 2.171e-06 6.026e-06  -0.0992 7.51e-04 5.01e-02 4.06e-01  0.0007  1.110 -4.41e-10
    2016  1.312  1.445e-05  5.196e-05    0.278  0.0109 2.134e-06 5.927e-06  -0.0995 7.53e-04 4.97e-02 4.07e-01  0.0007  1.111 -2.37e-10
    2028  1.320  1.426e-05  5.143e-05    0.277  0.0109 2.098e-06 5.831e-06  -0.0998 7.55e-04 4.93e-02 4.08e-01  0.0007  1.112 -2.72e-10
    2040  1.328  1.408e-05  5.090e-05    0.277  0.0109 2.062e-06 5.736e-06  -0.1001 7.57e-04 4.88e-02 4.09e-01  0.0007  1.113 -2.30e-11
    2052  1.336  1.391e-05  5.038e-05    0.276  0.0109 2.028e-06 5.643e-06  -0.1004 7.59e-04 4.84e-02 4.10e-01  0.0007  1.114  1.30e-10
    2064  1.344  1.373e-05  4.987e-05    0.275  0.0109 1.994e-06 5.552e-06  -0.1007 7.61e-04 4.79e-02 4.11e-01  0.0007  1.114  1.26e-10
    2076  1.352  1.356e-05  4.937e-05    0.275  0.0109 1.960e-06 5.464e-06  -0.1011 7.63e-04 4.75e-02 4.12e-01  0.0007  1.115  3.74e-10
    2088  1.359  1.340e-05  4.888e-05    0.274  0.0108 1.928e-06 5.377e-06  -0.1014 7.66e-04 4.70e-02 4.13e-01  0.0007  1.116  5.82e-10
    2100  1.367  1.323e-05  4.839e-05    0.273  0.0108 1.896e-06 5.292e-06  -0.1017 7.68e-04 4.66e-02 4.14e-01  0.0007  1.117  4.78e-10
    2112  1.375  1.307e-05  4.791e-05    0.273  0.0108 1.864e-06 5.208e-06  -0.1021 7.70e-04 4.61e-02 4.15e-01  0.0007  1.117  8.61e-10
    2124  1.383  1.291e-05  4.744e-05    0.272  0.0108 1.834e-06 5.127e-06  -0.1024 7.72e-04 4.57e-02 4.16e-01  0.0007  1.118  1.19e-09
    2136  1.391  1.275e-05  4.698e-05    0.271  0.0108 1.803e-06 5.047e-06  -0.1028 7.74e-04 4.52e-02 4.17e-01  0.0007  1.119  7.43e-10
    2148  1.398  1.260e-05  4.652e-05    0.271  0.0108 1.774e-06 4.969e-06  -0.1031 7.76e-04 4.47e-02 4.18e-01  0.0007  1.119  1.14e-09
    2160  1.406  1.244e-05  4.607e-05    0.270  0.0107 1.745e-06 4.893e-06  -0.1035 7.78e-04 4.43e-02 4.19e-01  0.0007  1.120  1.16e-09
    2172  1.414  1.229e-05  4.563e-05    0.269  0.0107 1.717e-06 4.818e-06  -0.1038 7.80e-04 4.38e-02 4.20e-01  0.0007  1.121  1.38e-09
    2184  1.422  1.215e-05  4.519e-05    0.269  0.0107 1.689e-06 4.745e-06  -0.1042 7.82e-04 4.34e-02 4.21e-01  0.0007  1.122  1.45e-09
    2196  1.430  1.200e-05  4.476e-05    0.268  0.0107 1.661e-06 4.673e-06  -0.1046 7.84e-04 4.30e-02 4.21e-01  0.0007  1.122  1.38e-09
    2208  1.437  1.186e-05  4.434e-05    0.267  0.0106 1.635e-06 4.603e-06  -0.1049 7.86e-04 4.27e-02 4.22e-01  0.0007  1.123  1.24e-09
    2220  1.445  1.172e-05  4.392e-05    0.267  0.0106 1.608e-06 4.534e-06  -0.1053 7.88e-04 4.23e-02 4.23e-01  0.0007  1.124  1.58e-09
    2232  1.453  1.158e-05  4.351e-05    0.266  0.0105 1.583e-06 4.467e-06  -0.1057 7.89e-04 4.20e-02 4.24e-01  0.0007  1.124  1.66e-09
    2244  1.461  1.144e-05  4.310e-05    0.266  0.0105 1.557e-06 4.401e-06  -0.1061 7.91e-04 4.16e-02 4.25e-01  0.0007  1.125  2.13e-09
    2256  1.469  1.131e-05  4.270e-05    0.265  0.0104 1.533e-06 4.336e-06  -0.1065 7.93e-04 4.13e-02 4.26e-01  0.0007  1.126  1.99e-09
    2268  1.477  1.118e-05  4.231e-05    0.264  0.0104 1.508e-06 4.272e-06  -0.1069 7.95e-04 4.10e-02 4.27e-01  0.0007  1.126  2.04e-09
    2280  1.484  1.105e-05  4.192e-05    0.264  0.0103 1.484e-06 4.210e-06  -0.1073 7.97e-04 4.06e-02 4.28e-01  0.0007  1.127  2.23e-09
    2292  1.492  1.092e-05  4.154e-05    0.263  0.0103 1.461e-06 4.149e-06  -0.1077 7.99e-04 4.03e-02 4.29e-01  0.0007  1.127  2.59e-09
    2304  1.500  1.079e-05  4.117e-05    0.262  0.0102 1.438e-06 4.090e-06  -0.1081 8.01e-04 3.99e-02 4.29e-01  0.0007  1.128  2.51e-09
    2316  1.508  1.067e-05  4.080e-05    0.262  0.0101 1.415e-06 4.031e-06  -0.1085 8.03e-04 3.96e-02 4.30e-01  0.0007  1.129  2.69e-09
    2328  1.516  1.055e-05  4.043e-05    0.261  0.0100 1.393e-06 3.974e-06  -0.1089 8.04e-04 3.92e-02 4.31e-01  0.0007  1.129  3.06e-09
    2340  1.523  1.042e-05  4.007e-05    0.260  0.0100 1.372e-06 3.918e-06  -0.1094 8.06e-04 3.89e-02 4.32e-01  0.0007  1.130  3.44e-09
    2352  1.531  1.031e-05  3.971e-05    0.259  0.0099 1.350e-06 3.863e-06  -0.1098 8.08e-04 3.86e-02 4.33e-01  0.0007  1.131  3.52e-09
    2364  1.539  1.019e-05  3.936e-05    0.259  0.0098 1.329e-06 3.809e-06  -0.1102 8.10e-04 3.82e-02 4.33e-01  0.0007  1.131  3.72e-09
    2376  1.547  1.007e-05  3.902e-05    0.258  0.0097 1.309e-06 3.756e-06  -0.1107 8.12e-04 3.79e-02 4.34e-01  0.0007  1.132  3.88e-09
    2388  1.555  9.959e-06  3.868e-05    0.257  0.0096 1.289e-06 3.704e-06  -0.1111 8.13e-04 3.75e-02 4.35e-01  0.0007  1.132  3.67e-09
    2400  1.562  9.847e-06  3.834e-05    0.257  0.0095 1.269e-06 3.653e-06  -0.1115 8.15e-04 3.72e-02 4.36e-01  0.0007  1.133  4.26e-09
    2412  1.570  9.737e-06  3.801e-05    0.256  0.0094 1.249e-06 3.603e-06  -0.1120 8.17e-04 3.69e-02 4.37e-01  0.0007  1.133  4.00e-09
    2424  1.578  9.628e-06  3.769e-05    0.255  0.0093 1.230e-06 3.554e-06  -0.1124 8.19e-04 3.65e-02 4.37e-01  0.0007  1.134  3.95e-09
    2436  1.586  9.521e-06  3.736e-05    0.255  0.0092 1.212e-06 3.505e-06  -0.1129 8.20e-04 3.62e-02 4.38e-01  0.0007  1.135  4.52e-09
    2448  1.594  9.415e-06  3.705e-05    0.254  0.0091 1.193e-06 3.458e-06  -0.1134 8.22e-04 3.59e-02 4.39e-01  0.0007  1.135  4.67e-09
    2460  1.602  9.311e-06  3.673e-05    0.253  0.0089 1.175e-06 3.412e-06  -0.1138 8.24e-04 3.55e-02 4.40e-01  0.0007  1.136  5.22e-09
    2472  1.609  9.208e-06  3.642e-05    0.253  0.0088 1.157e-06 3.366e-06  -0.1143 8.25e-04 3.52e-02 4.40e-01  0.0006  1.136  5.39e-09
    2484  1.617  9.107e-06  3.612e-05    0.252  0.0087 1.140e-06 3.322e-06  -0.1148 8.27e-04 3.49e-02 4.41e-01  0.0006  1.137  5.83e-09
    2496  1.625  9.008e-06  3.582e-05    0.251  0.0086 1.123e-06 3.278e-06  -0.1152 8.29e-04 3.46e-02 4.42e-01  0.0006  1.137  5.84e-09
    2508  1.633  8.909e-06  3.552e-05    0.251  0.0084 1.106e-06 3.235e-06  -0.1157 8.30e-04 3.43e-02 4.42e-01  0.0006  1.138  6.21e-09
    2520  1.641  8.813e-06  3.523e-05    0.250  0.0083 1.090e-06 3.193e-06  -0.1162 8.32e-04 3.40e-02 4.43e-01  0.0006  1.138  6.11e-09
    2532  1.648  8.717e-06  3.494e-05    0.249  0.0081 1.074e-06 3.151e-06  -0.1166 8.34e-04 3.36e-02 4.44e-01  0.0006  1.139  6.09e-09
    2544  1.656  8.623e-06  3.465e-05    0.249  0.0080 1.058e-06 3.110e-06  -0.1171 8.35e-04 3.33e-02 4.44e-01  0.0006  1.140  6.69e-09
    2556  1.664  8.530e-06  3.437e-05    0.248  0.0078 1.042e-06 3.071e-06  -0.1176 8.37e-04 3.31e-02 4.45e-01  0.0006  1.140  6.58e-09
    2568  1.672  8.439e-06  3.409e-05    0.248  0.0077 1.027e-06 3.031e-06  -0.1181 8.39e-04 3.28e-02 4.46e-01  0.0006  1.141  7.44e-09
    2580  1.680  8.349e-06  3.382e-05    0.247  0.0075 1.012e-06 2.993e-06  -0.1186 8.40e-04 3.26e-02 4.46e-01  0.0006  1.141  7.62e-09
    2592  1.687  8.260e-06  3.355e-05    0.246  0.0074 9.969e-07 2.955e-06  -0.1191 8.42e-04 3.23e-02 4.47e-01  0.0006  1.142  7.67e-09
    2604  1.695  8.173e-06  3.328e-05    0.246  0.0072 9.824e-07 2.918e-06  -0.1195 8.44e-04 3.21e-02 4.48e-01  0.0006  1.142  7.39e-09
    2616  1.703  8.086e-06  3.302e-05    0.245  0.0070 9.682e-07 2.881e-06  -0.1200 8.45e-04 3.19e-02 4.48e-01  0.0006  1.143  7.88e-09
    2628  1.711  8.001e-06  3.276e-05    0.244  0.0069 9.542e-07 2.845e-06  -0.1205 8.47e-04 3.16e-02 4.49e-01  0.0006  1.143  7.93e-09
    2640  1.719  7.917e-06  3.250e-05    0.244  0.0067 9.405e-07 2.810e-06  -0.1210 8.48e-04 3.14e-02 4.50e-01  0.0006  1.144  8.12e-09
    2652  1.727  7.835e-06  3.225e-05    0.243  0.0065 9.270e-07 2.775e-06  -0.1215 8.50e-04 3.12e-02 4.50e-01  0.0006  1.144  8.53e-09
    2664  1.734  7.753e-06  3.200e-05    0.242  0.0063 9.137e-07 2.741e-06  -0.1220 8.51e-04 3.09e-02 4.51e-01  0.0006  1.145  8.52e-09
    2676  1.742  7.673e-06  3.175e-05    0.242  0.0061 9.007e-07 2.708e-06  -0.1225 8.53e-04 3.07e-02 4.51e-01  0.0006  1.145  8.25e-09
    2688  1.750  7.593e-06  3.150e-05    0.241  0.0060 8.879e-07 2.675e-06  -0.1230 8.54e-04 3.05e-02 4.52e-01  0.0006  1.146  8.81e-09
    2700  1.758  7.515e-06  3.126e-05    0.240  0.0058 8.753e-07 2.642e-06  -0.1235 8.56e-04 3.02e-02 4.52e-01  0.0006  1.146  9.04e-09
    2712  1.766  7.438e-06  3.102e-05    0.240  0.0056 8.630e-07 2.611e-06  -0.1239 8.58e-04 3.00e-02 4.53e-01  0.0006  1.147  9.14e-09
    2724  1.773  7.362e-06  3.079e-05    0.239  0.0054 8.509e-07 2.579e-06  -0.1244 8.59e-04 2.98e-02 4.54e-01  0.0006  1.147  9.85e-09
    2736  1.781  7.287e-06  3.055e-05    0.239  0.0052 8.389e-07 2.549e-06  -0.1249 8.61e-04 2.96e-02 4.54e-01  0.0006  1.148  1.05e-08
    2748  1.789  7.213e-06  3.032e-05    0.238  0.0050 8.272e-07 2.518e-06  -0.1254 8.62e-04 2.94e-02 4.55e-01  0.0006  1.148  1.08e-08
    2760  1.797  7.140e-06  3.010e-05    0.237  0.0048 8.157e-07 2.489e-06  -0.1259 8.64e-04 2.91e-02 4.55e-01  0.0006  1.149  1.12e-08
    2772  1.805  7.069e-06  2.987e-05    0.237  0.0046 8.044e-07 2.459e-06  -0.1264 8.65e-04 2.89e-02 4.56e-01  0.0006  1.149  1.18e-08
    2784  1.812  6.998e-06  2.965e-05    0.236  0.0044 7.933e-07 2.431e-06  -0.1269 8.66e-04 2.87e-02 4.56e-01  0.0006  1.150  1.20e-08
    2796  1.820  6.928e-06  2.943e-05    0.235  0.0042 7.824e-07 2.402e-06  -0.1274 8.68e-04 2.85e-02 4.57e-01  0.0006  1.150  1.24e-08
    2808  1.828  6.859e-06  2.921e-05    0.235  0.0040 7.717e-07 2.375e-06  -0.1278 8.69e-04 2.83e-02 4.57e-01  0.0006  1.151  1.34e-08
    2820  1.836  6.791e-06  2.900e-05    0.234  0.0038 7.612e-07 2.347e-06  -0.1283 8.71e-04 2.81e-02 4.58e-01  0.0006  1.151  1.36e-08
    2832  1.844  6.724e-06  2.879e-05    0.234  0.0035 7.509e-07 2.320e-06  -0.1288 8.72e-04 2.79e-02 4.58e-01  0.0006  1.152  1.45e-08
    2844  1.852  6.658e-06  2.858e-05    0.233  0.0033 7.407e-07 2.294e-06  -0.1293 8.74e-04 2.77e-02 4.59e-01  0.0006  1.152  1.51e-08
    2856  1.859  6.592e-06  2.837e-05    0.232  0.0031 7.307e-07 2.268e-06  -0.1298 8.75e-04 2.75e-02 4.59e-01  0.0006  1.153  1.51e-08
    2868  1.867  6.528e-06  2.816e-05    0.232  0.0029 7.209e-07 2.242e-06  -0.1302 8.77e-04 2.73e-02 4.60e-01  0.0006  1.153  1.58e-08
    2880  1.875  6.464e-06  2.796e-05    0.231  0.0027 7.112e-07 2.217e-06  -0.1307 8.78e-04 2.71e-02 4.60e-01  0.0006  1.154  1.61e-08
    2892  1.883  6.402e-06  2.776e-05    0.231  0.0025 7.018e-07 2.192e-06  -0.1312 8.79e-04 2.69e-02 4.61e-01  0.0006  1.154  1.68e-08
    2904  1.891  6.340e-06  2.756e-05    0.230  0.0022 6.924e-07 2.168e-06  -0.1317 8.81e-04 2.67e-02 4.61e-01  0.0006  1.155  1.76e-08
    2916  1.898  6.279e-06  2.737e-05    0.229  0.0020 6.833e-07 2.144e-06  -0.1321 8.82e-04 2.65e-02 4.62e-01  0.0006  1.155  1.84e-08
    2928  1.906  6.219e-06  2.718e-05    0.229  0.0018 6.743e-07 2.120e-06  -0.1326 8.84e-04 2.63e-02 4.62e-01  0.0006  1.156  1.92e-08
    2940  1.914  6.159e-06  2.698e-05    0.228  0.0016 6.654e-07 2.097e-06  -0.1331 8.85e-04 2.61e-02 4.63e-01  0.0006  1.156  2.00e-08
    2952  1.922  6.101e-06  2.680e-05    0.228  0.0013 6.567e-07 2.074e-06  -0.1335 8.86e-04 2.59e-02 4.63e-01  0.0005  1.156  2.09e-08
    2964  1.930  6.043e-06  2.661e-05    0.227  0.0011 6.482e-07 2.051e-06  -0.1340 8.88e-04 2.58e-02 4.63e-01  0.0005  1.157  2.15e-08
    2976  1.937  5.986e-06  2.642e-05    0.227  0.0009 6.398e-07 2.029e-06  -0.1344 8.89e-04 2.56e-02 4.64e-01  0.0005  1.157  2.24e-08
    2988  1.945  5.930e-06  2.624e-05    0.226  0.0007 6.315e-07 2.007e-06  -0.1349 8.91e-04 2.55e-02 4.64e-01  0.0005  1.158  2.36e-08
    3000  1.953  5.874e-06  2.606e-05    0.225  0.0004 6.234e-07 1.985e-06  -0.1353 8.92e-04 2.54e-02 4.65e-01  0.0005  1.158  2.43e-08
    3012  1.961  5.819e-06  2.588e-05    0.225  0.0002 6.154e-07 1.964e-06  -0.1358 8.93e-04 2.52e-02 4.65e-01  0.0005  1.159  2.49e-08
    3024  1.969  5.765e-06  2.570e-05    0.224 -0.0000 6.076e-07 1.943e-06  -0.1362 8.95e-04 2.51e-02 4.65e-01  0.0005  1.159  2.59e-08
    3036  1.977  5.712e-06  2.553e-05    0.224 -0.0003 5.999e-07 1.922e-06  -0.1367 8.96e-04 2.49e-02 4.66e-01  0.0005  1.160  2.60e-08
    3048  1.984  5.659e-06  2.536e-05    0.223 -0.0005 5.923e-07 1.902e-06  -0.1371 8.97e-04 2.48e-02 4.66e-01  0.0005  1.160  2.69e-08
    3060  1.992  5.607e-06  2.518e-05    0.223 -0.0007 5.848e-07 1.882e-06  -0.1375 8.99e-04 2.46e-02 4.67e-01  0.0005  1.161  2.79e-08
    3072  2.000  5.556e-06  2.501e-05    0.222 -0.0010 5.775e-07 1.862e-06  -0.1380 9.00e-04 2.45e-02 4.67e-01  0.0005  1.161  2.85e-08
