Confined decaying MHD in a SPHERE, volume-penalised   CUDA twin
precision FP32   D3Q27 fluid + D3Q7 magnetic   operator CM
  N 128   R 51.20 (rfac 0.40)   Re 500   Pm 1.00   u0 0.0500
  nu 1.024000e-02   eta 1.024000e-02   magnetic wall: perfectly conducting (B.n = 0)
  eps 2.00 / 4.00   smooth 1.00   IC kmax 6  k0 4.0  seed 99
  one turnover 2R/u0 = 2048 steps; running 4096 (2.0 turnovers)

   step   t/Te      E_u        E_b      E_u/E_b   H_c    enstr     <j^2>    cos(J,B)  |<b>|    max|b|   dv/cl    Bn/B   B_sh   dmass
       0  0.000  1.250e-03  1.250e-03    1.000 -0.0000 5.231e-05 9.607e-05   0.0400 1.58e-12 1.29e-01 2.30e-07  0.5064  0.913  0.00e+00
      16  0.008  9.588e-04  1.202e-03    0.798  0.0043 5.058e-05 9.717e-05   0.0449 3.32e-05 1.24e-01 9.18e-02  0.1561  0.745 -5.71e-09
      32  0.016  8.723e-04  1.196e-03    0.730  0.0075 4.965e-05 1.056e-04   0.0475 4.31e-05 1.33e-01 1.54e-01  0.0749  0.739 -5.63e-09
      48  0.023  8.142e-04  1.195e-03    0.681  0.0083 4.899e-05 1.172e-04   0.0482 4.77e-05 1.44e-01 1.85e-01  0.0481  0.741 -5.53e-09
      64  0.031  7.593e-04  1.196e-03    0.635  0.0089 4.867e-05 1.297e-04   0.0483 5.27e-05 1.56e-01 1.99e-01  0.0353  0.743 -5.69e-09
      80  0.039  7.155e-04  1.192e-03    0.600  0.0083 4.886e-05 1.423e-04   0.0477 5.85e-05 1.70e-01 2.03e-01  0.0280  0.745 -5.86e-09
      96  0.047  6.778e-04  1.184e-03    0.572  0.0053 4.972e-05 1.545e-04   0.0469 6.74e-05 1.84e-01 2.03e-01  0.0233  0.747 -5.99e-09
     112  0.055  6.422e-04  1.171e-03    0.548  0.0025 5.114e-05 1.661e-04   0.0458 7.67e-05 1.93e-01 2.00e-01  0.0201  0.750 -5.95e-09
     128  0.062  6.098e-04  1.153e-03    0.529  0.0045 5.286e-05 1.765e-04   0.0443 8.68e-05 2.00e-01 1.96e-01  0.0180  0.754 -5.62e-09
     144  0.070  5.807e-04  1.131e-03    0.513  0.0071 5.469e-05 1.853e-04   0.0423 9.70e-05 2.05e-01 1.92e-01  0.0162  0.759 -5.46e-09
     160  0.078  5.561e-04  1.106e-03    0.503  0.0087 5.643e-05 1.923e-04   0.0405 1.08e-04 2.07e-01 1.89e-01  0.0149  0.765 -5.55e-09
     176  0.086  5.339e-04  1.077e-03    0.496  0.0098 5.788e-05 1.969e-04   0.0383 1.18e-04 2.08e-01 1.86e-01  0.0138  0.772 -5.50e-09
     192  0.094  5.132e-04  1.046e-03    0.491  0.0102 5.896e-05 1.992e-04   0.0364 1.28e-04 2.09e-01 1.84e-01  0.0129  0.779 -5.54e-09
     208  0.102  4.928e-04  1.014e-03    0.486  0.0105 5.961e-05 1.995e-04   0.0348 1.38e-04 2.07e-01 1.83e-01  0.0122  0.785 -5.60e-09
     224  0.109  4.724e-04  9.808e-04    0.482  0.0106 5.982e-05 1.978e-04   0.0332 1.47e-04 2.04e-01 1.82e-01  0.0117  0.792 -5.54e-09
     240  0.117  4.532e-04  9.477e-04    0.478  0.0114 5.961e-05 1.944e-04   0.0318 1.55e-04 2.11e-01 1.82e-01  0.0112  0.799 -5.77e-09
     256  0.125  4.347e-04  9.150e-04    0.475  0.0129 5.902e-05 1.897e-04   0.0306 1.63e-04 2.17e-01 1.83e-01  0.0107  0.806 -5.85e-09
     272  0.133  4.176e-04  8.829e-04    0.473  0.0138 5.811e-05 1.840e-04   0.0298 1.72e-04 2.22e-01 1.84e-01  0.0103  0.813 -5.78e-09
     288  0.141  4.012e-04  8.515e-04    0.471  0.0148 5.694e-05 1.776e-04   0.0293 1.81e-04 2.26e-01 1.85e-01  0.0099  0.820 -5.65e-09
     304  0.148  3.851e-04  8.211e-04    0.469  0.0160 5.556e-05 1.710e-04   0.0289 1.90e-04 2.29e-01 1.86e-01  0.0096  0.827 -5.68e-09
     320  0.156  3.695e-04  7.919e-04    0.467  0.0172 5.404e-05 1.642e-04   0.0286 1.98e-04 2.33e-01 1.88e-01  0.0093  0.834 -5.78e-09
     336  0.164  3.546e-04  7.639e-04    0.464  0.0183 5.242e-05 1.575e-04   0.0284 2.07e-04 2.37e-01 1.90e-01  0.0090  0.840 -5.64e-09
     352  0.172  3.404e-04  7.372e-04    0.462  0.0196 5.077e-05 1.510e-04   0.0283 2.15e-04 2.38e-01 1.92e-01  0.0088  0.846 -5.50e-09
     368  0.180  3.269e-04  7.119e-04    0.459  0.0212 4.910e-05 1.447e-04   0.0284 2.21e-04 2.37e-01 1.93e-01  0.0085  0.851 -5.46e-09
     384  0.188  3.139e-04  6.879e-04    0.456  0.0226 4.743e-05 1.388e-04   0.0284 2.28e-04 2.35e-01 1.95e-01  0.0083  0.856 -5.25e-09
     400  0.195  3.015e-04  6.650e-04    0.453  0.0238 4.577e-05 1.332e-04   0.0285 2.34e-04 2.34e-01 1.97e-01  0.0081  0.861 -5.41e-09
     416  0.203  2.896e-04  6.432e-04    0.450  0.0249 4.412e-05 1.278e-04   0.0286 2.40e-04 2.30e-01 1.99e-01  0.0079  0.866 -5.38e-09
     432  0.211  2.783e-04  6.224e-04    0.447  0.0260 4.252e-05 1.226e-04   0.0289 2.46e-04 2.22e-01 2.01e-01  0.0077  0.871 -5.41e-09
     448  0.219  2.676e-04  6.026e-04    0.444  0.0268 4.096e-05 1.177e-04   0.0292 2.52e-04 2.15e-01 2.02e-01  0.0075  0.875 -5.21e-09
     464  0.227  2.574e-04  5.838e-04    0.441  0.0276 3.944e-05 1.131e-04   0.0297 2.58e-04 2.08e-01 2.04e-01  0.0074  0.879 -5.07e-09
     480  0.234  2.477e-04  5.658e-04    0.438  0.0285 3.799e-05 1.087e-04   0.0302 2.64e-04 1.99e-01 2.06e-01  0.0073  0.883 -4.90e-09
     496  0.242  2.385e-04  5.486e-04    0.435  0.0293 3.661e-05 1.046e-04   0.0309 2.70e-04 2.01e-01 2.07e-01  0.0071  0.887 -4.74e-09
     512  0.250  2.298e-04  5.322e-04    0.432  0.0299 3.529e-05 1.006e-04   0.0315 2.75e-04 2.07e-01 2.09e-01  0.0070  0.891 -4.63e-09
     528  0.258  2.216e-04  5.164e-04    0.429  0.0305 3.404e-05 9.687e-05   0.0321 2.81e-04 2.13e-01 2.11e-01  0.0068  0.894 -4.68e-09
     544  0.266  2.138e-04  5.013e-04    0.426  0.0311 3.285e-05 9.328e-05   0.0327 2.86e-04 2.17e-01 2.12e-01  0.0067  0.898 -4.76e-09
     560  0.273  2.064e-04  4.868e-04    0.424  0.0315 3.172e-05 8.982e-05   0.0331 2.92e-04 2.21e-01 2.14e-01  0.0066  0.901 -4.89e-09
     576  0.281  1.994e-04  4.729e-04    0.422  0.0319 3.064e-05 8.650e-05   0.0334 2.97e-04 2.24e-01 2.15e-01  0.0064  0.905 -4.76e-09
     592  0.289  1.928e-04  4.594e-04    0.420  0.0322 2.961e-05 8.331e-05   0.0336 3.02e-04 2.26e-01 2.17e-01  0.0063  0.908 -4.75e-09
     608  0.297  1.865e-04  4.465e-04    0.418  0.0326 2.863e-05 8.025e-05   0.0335 3.08e-04 2.27e-01 2.19e-01  0.0062  0.912 -4.45e-09
     624  0.305  1.805e-04  4.341e-04    0.416  0.0328 2.769e-05 7.730e-05   0.0332 3.13e-04 2.26e-01 2.20e-01  0.0061  0.915 -4.14e-09
     640  0.312  1.749e-04  4.221e-04    0.414  0.0331 2.678e-05 7.446e-05   0.0326 3.18e-04 2.25e-01 2.22e-01  0.0060  0.919 -4.19e-09
     656  0.320  1.695e-04  4.106e-04    0.413  0.0334 2.591e-05 7.172e-05   0.0319 3.23e-04 2.22e-01 2.24e-01  0.0059  0.922 -4.25e-09
     672  0.328  1.643e-04  3.996e-04    0.411  0.0338 2.508e-05 6.908e-05   0.0310 3.28e-04 2.21e-01 2.26e-01  0.0058  0.925 -4.22e-09
     688  0.336  1.594e-04  3.889e-04    0.410  0.0342 2.426e-05 6.654e-05   0.0300 3.34e-04 2.20e-01 2.28e-01  0.0057  0.929 -4.21e-09
     704  0.344  1.547e-04  3.786e-04    0.409  0.0347 2.348e-05 6.409e-05   0.0288 3.39e-04 2.18e-01 2.30e-01  0.0057  0.932 -3.99e-09
     720  0.352  1.502e-04  3.686e-04    0.407  0.0353 2.273e-05 6.174e-05   0.0275 3.44e-04 2.16e-01 2.32e-01  0.0056  0.936 -3.89e-09
     736  0.359  1.459e-04  3.591e-04    0.406  0.0359 2.200e-05 5.949e-05   0.0261 3.49e-04 2.14e-01 2.33e-01  0.0056  0.939 -4.06e-09
     752  0.367  1.418e-04  3.499e-04    0.405  0.0365 2.130e-05 5.733e-05   0.0246 3.54e-04 2.11e-01 2.35e-01  0.0055  0.942 -4.36e-09
     768  0.375  1.378e-04  3.410e-04    0.404  0.0372 2.062e-05 5.527e-05   0.0231 3.59e-04 2.08e-01 2.37e-01  0.0054  0.945 -4.40e-09
     784  0.383  1.340e-04  3.325e-04    0.403  0.0379 1.997e-05 5.329e-05   0.0214 3.64e-04 2.04e-01 2.39e-01  0.0054  0.948 -4.30e-09
     800  0.391  1.303e-04  3.242e-04    0.402  0.0385 1.934e-05 5.140e-05   0.0197 3.69e-04 2.00e-01 2.41e-01  0.0053  0.951 -4.21e-09
     816  0.398  1.268e-04  3.162e-04    0.401  0.0392 1.873e-05 4.958e-05   0.0179 3.75e-04 1.96e-01 2.43e-01  0.0052  0.955 -3.94e-09
     832  0.406  1.234e-04  3.086e-04    0.400  0.0398 1.815e-05 4.785e-05   0.0161 3.80e-04 1.92e-01 2.45e-01  0.0052  0.958 -4.14e-09
     848  0.414  1.202e-04  3.012e-04    0.399  0.0405 1.758e-05 4.619e-05   0.0142 3.85e-04 1.88e-01 2.47e-01  0.0051  0.961 -4.28e-09
     864  0.422  1.170e-04  2.940e-04    0.398  0.0411 1.703e-05 4.460e-05   0.0123 3.90e-04 1.84e-01 2.49e-01  0.0050  0.964 -4.26e-09
     880  0.430  1.140e-04  2.871e-04    0.397  0.0417 1.651e-05 4.309e-05   0.0103 3.95e-04 1.80e-01 2.51e-01  0.0050  0.967 -4.48e-09
     896  0.438  1.110e-04  2.804e-04    0.396  0.0423 1.600e-05 4.164e-05   0.0082 4.00e-04 1.76e-01 2.53e-01  0.0049  0.969 -4.59e-09
     912  0.445  1.082e-04  2.740e-04    0.395  0.0430 1.551e-05 4.025e-05   0.0061 4.05e-04 1.72e-01 2.55e-01  0.0048  0.972 -4.69e-09
     928  0.453  1.055e-04  2.678e-04    0.394  0.0435 1.504e-05 3.892e-05   0.0040 4.10e-04 1.69e-01 2.57e-01  0.0048  0.975 -4.89e-09
     944  0.461  1.028e-04  2.618e-04    0.393  0.0441 1.458e-05 3.765e-05   0.0019 4.15e-04 1.65e-01 2.59e-01  0.0047  0.978 -5.18e-09
     960  0.469  1.002e-04  2.560e-04    0.392  0.0447 1.414e-05 3.644e-05  -0.0003 4.20e-04 1.61e-01 2.61e-01  0.0047  0.981 -5.30e-09
     976  0.477  9.776e-05  2.504e-04    0.390  0.0452 1.371e-05 3.527e-05  -0.0025 4.25e-04 1.60e-01 2.63e-01  0.0047  0.983 -4.89e-09
     992  0.484  9.535e-05  2.449e-04    0.389  0.0457 1.329e-05 3.415e-05  -0.0047 4.30e-04 1.59e-01 2.65e-01  0.0046  0.986 -4.99e-09
    1008  0.492  9.301e-05  2.397e-04    0.388  0.0462 1.289e-05 3.308e-05  -0.0069 4.35e-04 1.58e-01 2.67e-01  0.0046  0.988 -4.79e-09
    1024  0.500  9.074e-05  2.346e-04    0.387  0.0467 1.251e-05 3.205e-05  -0.0092 4.40e-04 1.57e-01 2.69e-01  0.0046  0.991 -4.52e-09
    1040  0.508  8.855e-05  2.297e-04    0.385  0.0472 1.213e-05 3.107e-05  -0.0114 4.45e-04 1.56e-01 2.71e-01  0.0045  0.993 -4.82e-09
    1056  0.516  8.641e-05  2.249e-04    0.384  0.0476 1.177e-05 3.012e-05  -0.0136 4.50e-04 1.54e-01 2.72e-01  0.0045  0.996 -4.76e-09
    1072  0.523  8.434e-05  2.203e-04    0.383  0.0480 1.142e-05 2.922e-05  -0.0158 4.55e-04 1.53e-01 2.74e-01  0.0044  0.998 -4.91e-09
    1088  0.531  8.233e-05  2.159e-04    0.381  0.0484 1.108e-05 2.834e-05  -0.0181 4.60e-04 1.52e-01 2.76e-01  0.0044  1.000 -5.05e-09
    1104  0.539  8.037e-05  2.115e-04    0.380  0.0487 1.075e-05 2.750e-05  -0.0203 4.65e-04 1.51e-01 2.78e-01  0.0043  1.003 -5.00e-09
    1120  0.547  7.847e-05  2.073e-04    0.378  0.0490 1.044e-05 2.669e-05  -0.0224 4.69e-04 1.49e-01 2.80e-01  0.0043  1.005 -4.80e-09
    1136  0.555  7.662e-05  2.033e-04    0.377  0.0492 1.013e-05 2.592e-05  -0.0246 4.74e-04 1.48e-01 2.81e-01  0.0042  1.007 -4.58e-09
    1152  0.562  7.483e-05  1.993e-04    0.375  0.0495 9.835e-06 2.517e-05  -0.0268 4.79e-04 1.46e-01 2.83e-01  0.0042  1.009 -4.55e-09
    1168  0.570  7.309e-05  1.955e-04    0.374  0.0496 9.549e-06 2.445e-05  -0.0289 4.84e-04 1.44e-01 2.85e-01  0.0042  1.011 -4.91e-09
    1184  0.578  7.139e-05  1.918e-04    0.372  0.0497 9.272e-06 2.375e-05  -0.0310 4.89e-04 1.42e-01 2.87e-01  0.0041  1.013 -4.57e-09
    1200  0.586  6.975e-05  1.882e-04    0.371  0.0498 9.004e-06 2.308e-05  -0.0331 4.94e-04 1.40e-01 2.88e-01  0.0041  1.015 -4.76e-09
    1216  0.594  6.814e-05  1.846e-04    0.369  0.0498 8.744e-06 2.244e-05  -0.0351 4.98e-04 1.37e-01 2.90e-01  0.0040  1.017 -4.79e-09
    1232  0.602  6.659e-05  1.812e-04    0.367  0.0498 8.494e-06 2.181e-05  -0.0372 5.03e-04 1.35e-01 2.92e-01  0.0040  1.019 -5.14e-09
    1248  0.609  6.507e-05  1.779e-04    0.366  0.0498 8.251e-06 2.121e-05  -0.0392 5.08e-04 1.33e-01 2.94e-01  0.0040  1.021 -5.09e-09
    1264  0.617  6.360e-05  1.747e-04    0.364  0.0497 8.016e-06 2.063e-05  -0.0412 5.13e-04 1.31e-01 2.95e-01  0.0039  1.023 -4.93e-09
    1280  0.625  6.217e-05  1.716e-04    0.362  0.0496 7.789e-06 2.007e-05  -0.0431 5.17e-04 1.29e-01 2.97e-01  0.0039  1.024 -5.22e-09
    1296  0.633  6.077e-05  1.685e-04    0.361  0.0494 7.570e-06 1.953e-05  -0.0451 5.22e-04 1.27e-01 2.99e-01  0.0039  1.026 -5.28e-09
    1312  0.641  5.942e-05  1.655e-04    0.359  0.0492 7.357e-06 1.901e-05  -0.0470 5.26e-04 1.25e-01 3.00e-01  0.0038  1.028 -5.22e-09
    1328  0.648  5.810e-05  1.626e-04    0.357  0.0490 7.152e-06 1.851e-05  -0.0489 5.31e-04 1.23e-01 3.02e-01  0.0038  1.029 -5.33e-09
    1344  0.656  5.682e-05  1.598e-04    0.356  0.0487 6.953e-06 1.802e-05  -0.0507 5.36e-04 1.21e-01 3.04e-01  0.0038  1.031 -5.10e-09
    1360  0.664  5.557e-05  1.571e-04    0.354  0.0484 6.760e-06 1.755e-05  -0.0525 5.40e-04 1.19e-01 3.05e-01  0.0037  1.032 -5.06e-09
    1376  0.672  5.436e-05  1.544e-04    0.352  0.0481 6.574e-06 1.710e-05  -0.0543 5.44e-04 1.17e-01 3.07e-01  0.0037  1.034 -5.22e-09
    1392  0.680  5.318e-05  1.518e-04    0.350  0.0477 6.394e-06 1.666e-05  -0.0561 5.49e-04 1.15e-01 3.09e-01  0.0037  1.035 -5.25e-09
    1408  0.688  5.203e-05  1.493e-04    0.349  0.0473 6.219e-06 1.624e-05  -0.0579 5.53e-04 1.13e-01 3.10e-01  0.0037  1.037 -5.44e-09
    1424  0.695  5.091e-05  1.468e-04    0.347  0.0469 6.051e-06 1.583e-05  -0.0596 5.58e-04 1.11e-01 3.12e-01  0.0036  1.038 -5.37e-09
    1440  0.703  4.982e-05  1.444e-04    0.345  0.0465 5.887e-06 1.544e-05  -0.0612 5.62e-04 1.09e-01 3.13e-01  0.0036  1.040 -5.21e-09
    1456  0.711  4.877e-05  1.420e-04    0.343  0.0460 5.729e-06 1.505e-05  -0.0629 5.66e-04 1.07e-01 3.15e-01  0.0036  1.041 -5.49e-09
    1472  0.719  4.774e-05  1.397e-04    0.342  0.0455 5.576e-06 1.468e-05  -0.0645 5.70e-04 1.05e-01 3.16e-01  0.0036  1.042 -5.28e-09
    1488  0.727  4.674e-05  1.375e-04    0.340  0.0450 5.429e-06 1.433e-05  -0.0661 5.75e-04 1.03e-01 3.18e-01  0.0035  1.043 -5.30e-09
    1504  0.734  4.577e-05  1.353e-04    0.338  0.0444 5.286e-06 1.398e-05  -0.0676 5.79e-04 1.01e-01 3.19e-01  0.0035  1.045 -5.61e-09
    1520  0.742  4.482e-05  1.332e-04    0.337  0.0438 5.147e-06 1.365e-05  -0.0692 5.83e-04 9.89e-02 3.21e-01  0.0035  1.046 -5.17e-09
    1536  0.750  4.390e-05  1.311e-04    0.335  0.0433 5.013e-06 1.332e-05  -0.0707 5.87e-04 9.68e-02 3.22e-01  0.0035  1.047 -5.18e-09
    1552  0.758  4.301e-05  1.290e-04    0.333  0.0426 4.884e-06 1.301e-05  -0.0721 5.91e-04 9.52e-02 3.24e-01  0.0034  1.048 -5.26e-09
    1568  0.766  4.214e-05  1.270e-04    0.332  0.0420 4.759e-06 1.270e-05  -0.0735 5.95e-04 9.36e-02 3.25e-01  0.0034  1.049 -4.93e-09
    1584  0.773  4.129e-05  1.251e-04    0.330  0.0414 4.638e-06 1.241e-05  -0.0749 5.99e-04 9.21e-02 3.27e-01  0.0034  1.050 -4.98e-09
    1600  0.781  4.047e-05  1.232e-04    0.328  0.0407 4.521e-06 1.212e-05  -0.0763 6.03e-04 9.06e-02 3.28e-01  0.0034  1.052 -4.87e-09
    1616  0.789  3.967e-05  1.213e-04    0.327  0.0401 4.408e-06 1.185e-05  -0.0776 6.07e-04 8.91e-02 3.29e-01  0.0034  1.053 -5.09e-09
    1632  0.797  3.889e-05  1.195e-04    0.325  0.0394 4.298e-06 1.158e-05  -0.0789 6.10e-04 8.77e-02 3.31e-01  0.0034  1.054 -5.11e-09
    1648  0.805  3.813e-05  1.177e-04    0.324  0.0388 4.192e-06 1.132e-05  -0.0802 6.14e-04 8.67e-02 3.32e-01  0.0034  1.055 -5.01e-09
    1664  0.812  3.740e-05  1.160e-04    0.322  0.0381 4.090e-06 1.107e-05  -0.0814 6.18e-04 8.57e-02 3.33e-01  0.0033  1.056 -5.16e-09
    1680  0.820  3.668e-05  1.143e-04    0.321  0.0374 3.991e-06 1.082e-05  -0.0826 6.22e-04 8.47e-02 3.35e-01  0.0033  1.057 -5.10e-09
    1696  0.828  3.599e-05  1.126e-04    0.320  0.0368 3.895e-06 1.058e-05  -0.0837 6.25e-04 8.38e-02 3.36e-01  0.0033  1.058 -5.08e-09
    1712  0.836  3.531e-05  1.110e-04    0.318  0.0361 3.803e-06 1.035e-05  -0.0849 6.29e-04 8.28e-02 3.37e-01  0.0033  1.059 -4.95e-09
    1728  0.844  3.465e-05  1.094e-04    0.317  0.0354 3.713e-06 1.013e-05  -0.0860 6.33e-04 8.19e-02 3.39e-01  0.0033  1.060 -4.57e-09
    1744  0.852  3.401e-05  1.078e-04    0.315  0.0348 3.626e-06 9.911e-06  -0.0871 6.36e-04 8.09e-02 3.40e-01  0.0033  1.061 -4.59e-09
    1760  0.859  3.339e-05  1.063e-04    0.314  0.0341 3.542e-06 9.699e-06  -0.0881 6.40e-04 8.00e-02 3.41e-01  0.0032  1.062 -4.53e-09
    1776  0.867  3.278e-05  1.048e-04    0.313  0.0335 3.461e-06 9.493e-06  -0.0891 6.43e-04 7.91e-02 3.43e-01  0.0032  1.062 -4.64e-09
    1792  0.875  3.219e-05  1.033e-04    0.312  0.0328 3.382e-06 9.293e-06  -0.0901 6.47e-04 7.81e-02 3.44e-01  0.0032  1.063 -4.47e-09
    1808  0.883  3.162e-05  1.019e-04    0.310  0.0322 3.306e-06 9.098e-06  -0.0910 6.50e-04 7.72e-02 3.45e-01  0.0032  1.064 -4.71e-09
    1824  0.891  3.106e-05  1.004e-04    0.309  0.0316 3.232e-06 8.908e-06  -0.0920 6.53e-04 7.63e-02 3.46e-01  0.0031  1.065 -4.34e-09
    1840  0.898  3.051e-05  9.906e-05    0.308  0.0309 3.160e-06 8.723e-06  -0.0928 6.57e-04 7.54e-02 3.48e-01  0.0031  1.066 -4.40e-09
    1856  0.906  2.998e-05  9.770e-05    0.307  0.0303 3.091e-06 8.544e-06  -0.0937 6.60e-04 7.44e-02 3.49e-01  0.0031  1.067 -4.12e-09
    1872  0.914  2.947e-05  9.636e-05    0.306  0.0298 3.023e-06 8.368e-06  -0.0945 6.63e-04 7.35e-02 3.50e-01  0.0031  1.068 -4.07e-09
    1888  0.922  2.896e-05  9.506e-05    0.305  0.0292 2.958e-06 8.198e-06  -0.0954 6.66e-04 7.26e-02 3.51e-01  0.0031  1.069 -4.10e-09
    1904  0.930  2.847e-05  9.377e-05    0.304  0.0286 2.894e-06 8.032e-06  -0.0961 6.70e-04 7.17e-02 3.53e-01  0.0030  1.070 -3.83e-09
    1920  0.938  2.800e-05  9.252e-05    0.303  0.0281 2.833e-06 7.870e-06  -0.0969 6.73e-04 7.08e-02 3.54e-01  0.0030  1.071 -3.76e-09
    1936  0.945  2.753e-05  9.128e-05    0.302  0.0275 2.773e-06 7.712e-06  -0.0976 6.76e-04 6.99e-02 3.55e-01  0.0030  1.071 -3.96e-09
    1952  0.953  2.708e-05  9.007e-05    0.301  0.0270 2.715e-06 7.558e-06  -0.0983 6.79e-04 6.89e-02 3.56e-01  0.0030  1.072 -3.62e-09
    1968  0.961  2.664e-05  8.888e-05    0.300  0.0265 2.658e-06 7.408e-06  -0.0990 6.82e-04 6.80e-02 3.57e-01  0.0030  1.073 -3.74e-09
    1984  0.969  2.620e-05  8.772e-05    0.299  0.0261 2.604e-06 7.262e-06  -0.0997 6.85e-04 6.71e-02 3.59e-01  0.0030  1.074 -3.61e-09
    2000  0.977  2.578e-05  8.658e-05    0.298  0.0256 2.550e-06 7.119e-06  -0.1003 6.88e-04 6.62e-02 3.60e-01  0.0029  1.075 -3.51e-09
    2016  0.984  2.537e-05  8.545e-05    0.297  0.0252 2.498e-06 6.980e-06  -0.1009 6.91e-04 6.54e-02 3.61e-01  0.0029  1.076 -3.50e-09
    2032  0.992  2.497e-05  8.435e-05    0.296  0.0248 2.448e-06 6.844e-06  -0.1015 6.94e-04 6.46e-02 3.62e-01  0.0029  1.077 -3.43e-09
    2048  1.000  2.458e-05  8.327e-05    0.295  0.0244 2.399e-06 6.712e-06  -0.1020 6.97e-04 6.38e-02 3.63e-01  0.0029  1.078 -3.25e-09
    2064  1.008  2.420e-05  8.221e-05    0.294  0.0240 2.351e-06 6.582e-06  -0.1026 7.00e-04 6.30e-02 3.64e-01  0.0029  1.078 -3.20e-09
    2080  1.016  2.382e-05  8.116e-05    0.294  0.0236 2.304e-06 6.456e-06  -0.1031 7.03e-04 6.23e-02 3.66e-01  0.0029  1.079 -3.56e-09
    2096  1.023  2.346e-05  8.014e-05    0.293  0.0233 2.259e-06 6.333e-06  -0.1036 7.05e-04 6.15e-02 3.67e-01  0.0029  1.080 -3.43e-09
    2112  1.031  2.310e-05  7.914e-05    0.292  0.0229 2.215e-06 6.213e-06  -0.1041 7.08e-04 6.08e-02 3.68e-01  0.0029  1.081 -3.65e-09
    2128  1.039  2.276e-05  7.815e-05    0.291  0.0226 2.172e-06 6.095e-06  -0.1045 7.11e-04 6.00e-02 3.69e-01  0.0029  1.082 -3.75e-09
    2144  1.047  2.242e-05  7.718e-05    0.290  0.0223 2.130e-06 5.981e-06  -0.1050 7.14e-04 5.93e-02 3.70e-01  0.0029  1.083 -3.72e-09
    2160  1.055  2.208e-05  7.623e-05    0.290  0.0220 2.089e-06 5.869e-06  -0.1054 7.16e-04 5.86e-02 3.71e-01  0.0029  1.083 -3.42e-09
    2176  1.062  2.176e-05  7.529e-05    0.289  0.0218 2.049e-06 5.759e-06  -0.1058 7.19e-04 5.80e-02 3.73e-01  0.0029  1.084 -3.24e-09
    2192  1.070  2.144e-05  7.437e-05    0.288  0.0215 2.010e-06 5.653e-06  -0.1062 7.22e-04 5.75e-02 3.74e-01  0.0028  1.085 -3.50e-09
    2208  1.078  2.113e-05  7.347e-05    0.288  0.0213 1.973e-06 5.548e-06  -0.1066 7.24e-04 5.69e-02 3.75e-01  0.0028  1.086 -3.30e-09
    2224  1.086  2.082e-05  7.259e-05    0.287  0.0211 1.936e-06 5.446e-06  -0.1070 7.27e-04 5.64e-02 3.76e-01  0.0028  1.087 -3.35e-09
    2240  1.094  2.052e-05  7.172e-05    0.286  0.0209 1.899e-06 5.347e-06  -0.1073 7.29e-04 5.59e-02 3.77e-01  0.0028  1.088 -3.08e-09
    2256  1.102  2.023e-05  7.086e-05    0.286  0.0207 1.864e-06 5.250e-06  -0.1077 7.32e-04 5.53e-02 3.78e-01  0.0028  1.088 -2.66e-09
    2272  1.109  1.995e-05  7.002e-05    0.285  0.0205 1.830e-06 5.155e-06  -0.1080 7.35e-04 5.48e-02 3.79e-01  0.0028  1.089 -2.72e-09
    2288  1.117  1.967e-05  6.919e-05    0.284  0.0204 1.796e-06 5.062e-06  -0.1083 7.37e-04 5.43e-02 3.80e-01  0.0028  1.090 -2.57e-09
    2304  1.125  1.939e-05  6.838e-05    0.284  0.0203 1.763e-06 4.971e-06  -0.1086 7.39e-04 5.37e-02 3.82e-01  0.0028  1.091 -2.57e-09
    2320  1.133  1.912e-05  6.758e-05    0.283  0.0201 1.731e-06 4.882e-06  -0.1089 7.42e-04 5.32e-02 3.83e-01  0.0028  1.092 -2.33e-09
    2336  1.141  1.886e-05  6.680e-05    0.282  0.0200 1.700e-06 4.796e-06  -0.1092 7.44e-04 5.27e-02 3.84e-01  0.0027  1.092 -2.25e-09
    2352  1.148  1.860e-05  6.603e-05    0.282  0.0199 1.669e-06 4.711e-06  -0.1095 7.47e-04 5.22e-02 3.85e-01  0.0027  1.093 -2.27e-09
    2368  1.156  1.835e-05  6.527e-05    0.281  0.0198 1.639e-06 4.628e-06  -0.1098 7.49e-04 5.17e-02 3.86e-01  0.0027  1.094 -2.12e-09
    2384  1.164  1.810e-05  6.453e-05    0.281  0.0198 1.610e-06 4.547e-06  -0.1101 7.51e-04 5.14e-02 3.87e-01  0.0027  1.095 -1.91e-09
    2400  1.172  1.786e-05  6.380e-05    0.280  0.0197 1.582e-06 4.468e-06  -0.1103 7.54e-04 5.11e-02 3.88e-01  0.0027  1.095 -1.61e-09
    2416  1.180  1.762e-05  6.308e-05    0.279  0.0196 1.554e-06 4.391e-06  -0.1106 7.56e-04 5.08e-02 3.89e-01  0.0027  1.096 -1.34e-09
    2432  1.188  1.739e-05  6.237e-05    0.279  0.0196 1.526e-06 4.315e-06  -0.1109 7.58e-04 5.05e-02 3.90e-01  0.0026  1.097 -1.16e-09
    2448  1.195  1.716e-05  6.167e-05    0.278  0.0196 1.500e-06 4.241e-06  -0.1111 7.61e-04 5.02e-02 3.91e-01  0.0026  1.098 -7.79e-10
    2464  1.203  1.693e-05  6.099e-05    0.278  0.0195 1.473e-06 4.169e-06  -0.1114 7.63e-04 4.98e-02 3.92e-01  0.0026  1.098 -6.79e-10
    2480  1.211  1.671e-05  6.032e-05    0.277  0.0195 1.448e-06 4.098e-06  -0.1116 7.65e-04 4.95e-02 3.93e-01  0.0026  1.099 -5.26e-10
    2496  1.219  1.649e-05  5.966e-05    0.276  0.0195 1.423e-06 4.029e-06  -0.1118 7.67e-04 4.91e-02 3.94e-01  0.0026  1.100 -7.03e-10
    2512  1.227  1.628e-05  5.901e-05    0.276  0.0195 1.398e-06 3.962e-06  -0.1121 7.70e-04 4.88e-02 3.95e-01  0.0026  1.101 -9.29e-10
    2528  1.234  1.607e-05  5.837e-05    0.275  0.0195 1.374e-06 3.896e-06  -0.1123 7.72e-04 4.84e-02 3.96e-01  0.0026  1.101 -8.69e-10
    2544  1.242  1.586e-05  5.774e-05    0.275  0.0195 1.351e-06 3.831e-06  -0.1126 7.74e-04 4.80e-02 3.98e-01  0.0026  1.102 -5.19e-10
    2560  1.250  1.566e-05  5.712e-05    0.274  0.0195 1.328e-06 3.768e-06  -0.1128 7.76e-04 4.76e-02 3.99e-01  0.0025  1.103 -3.74e-10
    2576  1.258  1.546e-05  5.651e-05    0.274  0.0196 1.305e-06 3.706e-06  -0.1130 7.78e-04 4.72e-02 4.00e-01  0.0025  1.103 -6.51e-11
    2592  1.266  1.527e-05  5.591e-05    0.273  0.0196 1.283e-06 3.645e-06  -0.1133 7.80e-04 4.68e-02 4.01e-01  0.0025  1.104 -1.15e-10
    2608  1.273  1.507e-05  5.532e-05    0.272  0.0196 1.262e-06 3.586e-06  -0.1135 7.82e-04 4.65e-02 4.02e-01  0.0025  1.105 -1.34e-11
    2624  1.281  1.489e-05  5.474e-05    0.272  0.0196 1.240e-06 3.528e-06  -0.1137 7.84e-04 4.61e-02 4.02e-01  0.0025  1.105  4.63e-10
    2640  1.289  1.470e-05  5.417e-05    0.271  0.0197 1.220e-06 3.472e-06  -0.1140 7.87e-04 4.58e-02 4.03e-01  0.0025  1.106  5.83e-10
    2656  1.297  1.452e-05  5.361e-05    0.271  0.0197 1.199e-06 3.416e-06  -0.1142 7.89e-04 4.54e-02 4.04e-01  0.0025  1.107  9.38e-10
    2672  1.305  1.434e-05  5.306e-05    0.270  0.0198 1.180e-06 3.362e-06  -0.1145 7.91e-04 4.51e-02 4.05e-01  0.0025  1.107  9.79e-10
    2688  1.312  1.416e-05  5.252e-05    0.270  0.0198 1.160e-06 3.309e-06  -0.1147 7.93e-04 4.47e-02 4.06e-01  0.0025  1.108  1.42e-09
    2704  1.320  1.399e-05  5.198e-05    0.269  0.0198 1.141e-06 3.257e-06  -0.1150 7.95e-04 4.44e-02 4.07e-01  0.0025  1.109  1.53e-09
    2720  1.328  1.382e-05  5.146e-05    0.269  0.0199 1.122e-06 3.206e-06  -0.1152 7.97e-04 4.40e-02 4.08e-01  0.0025  1.109  1.75e-09
    2736  1.336  1.365e-05  5.094e-05    0.268  0.0199 1.104e-06 3.156e-06  -0.1154 7.99e-04 4.36e-02 4.09e-01  0.0025  1.110  1.98e-09
    2752  1.344  1.349e-05  5.043e-05    0.267  0.0200 1.086e-06 3.107e-06  -0.1157 8.00e-04 4.33e-02 4.10e-01  0.0025  1.110  2.20e-09
    2768  1.352  1.332e-05  4.993e-05    0.267  0.0200 1.068e-06 3.060e-06  -0.1159 8.02e-04 4.29e-02 4.11e-01  0.0025  1.111  2.28e-09
    2784  1.359  1.316e-05  4.943e-05    0.266  0.0201 1.051e-06 3.013e-06  -0.1162 8.04e-04 4.25e-02 4.12e-01  0.0025  1.112  2.50e-09
    2800  1.367  1.301e-05  4.895e-05    0.266  0.0201 1.034e-06 2.967e-06  -0.1165 8.06e-04 4.21e-02 4.13e-01  0.0025  1.112  2.93e-09
    2816  1.375  1.285e-05  4.847e-05    0.265  0.0201 1.017e-06 2.922e-06  -0.1167 8.08e-04 4.17e-02 4.14e-01  0.0025  1.113  3.09e-09
    2832  1.383  1.270e-05  4.799e-05    0.265  0.0202 1.001e-06 2.878e-06  -0.1170 8.10e-04 4.14e-02 4.14e-01  0.0025  1.113  3.41e-09
    2848  1.391  1.255e-05  4.753e-05    0.264  0.0202 9.850e-07 2.835e-06  -0.1173 8.12e-04 4.10e-02 4.15e-01  0.0025  1.114  3.48e-09
    2864  1.398  1.240e-05  4.707e-05    0.263  0.0203 9.693e-07 2.793e-06  -0.1175 8.14e-04 4.06e-02 4.16e-01  0.0025  1.115  3.67e-09
    2880  1.406  1.226e-05  4.662e-05    0.263  0.0203 9.539e-07 2.752e-06  -0.1178 8.16e-04 4.02e-02 4.17e-01  0.0025  1.115  4.12e-09
    2896  1.414  1.211e-05  4.618e-05    0.262  0.0203 9.388e-07 2.711e-06  -0.1181 8.17e-04 3.99e-02 4.18e-01  0.0025  1.116  4.45e-09
    2912  1.422  1.197e-05  4.574e-05    0.262  0.0204 9.240e-07 2.671e-06  -0.1184 8.19e-04 3.96e-02 4.19e-01  0.0025  1.116  4.90e-09
    2928  1.430  1.183e-05  4.531e-05    0.261  0.0204 9.095e-07 2.632e-06  -0.1186 8.21e-04 3.93e-02 4.20e-01  0.0025  1.117  5.29e-09
    2944  1.438  1.170e-05  4.488e-05    0.261  0.0204 8.952e-07 2.594e-06  -0.1189 8.23e-04 3.90e-02 4.20e-01  0.0025  1.117  5.57e-09
    2960  1.445  1.156e-05  4.447e-05    0.260  0.0204 8.812e-07 2.557e-06  -0.1192 8.24e-04 3.87e-02 4.21e-01  0.0025  1.118  5.83e-09
    2976  1.453  1.143e-05  4.405e-05    0.259  0.0204 8.675e-07 2.520e-06  -0.1195 8.26e-04 3.85e-02 4.22e-01  0.0025  1.118  6.01e-09
    2992  1.461  1.130e-05  4.365e-05    0.259  0.0205 8.540e-07 2.484e-06  -0.1198 8.28e-04 3.82e-02 4.23e-01  0.0024  1.119  6.58e-09
    3008  1.469  1.117e-05  4.325e-05    0.258  0.0205 8.408e-07 2.449e-06  -0.1201 8.30e-04 3.79e-02 4.24e-01  0.0024  1.119  7.20e-09
    3024  1.477  1.104e-05  4.285e-05    0.258  0.0205 8.278e-07 2.415e-06  -0.1204 8.31e-04 3.76e-02 4.24e-01  0.0024  1.120  7.64e-09
    3040  1.484  1.092e-05  4.246e-05    0.257  0.0205 8.151e-07 2.381e-06  -0.1207 8.33e-04 3.73e-02 4.25e-01  0.0024  1.120  8.01e-09
    3056  1.492  1.080e-05  4.208e-05    0.257  0.0205 8.026e-07 2.348e-06  -0.1210 8.35e-04 3.70e-02 4.26e-01  0.0024  1.121  8.20e-09
    3072  1.500  1.067e-05  4.170e-05    0.256  0.0205 7.904e-07 2.315e-06  -0.1213 8.37e-04 3.67e-02 4.27e-01  0.0024  1.122  8.34e-09
    3088  1.508  1.056e-05  4.133e-05    0.255  0.0204 7.783e-07 2.283e-06  -0.1216 8.38e-04 3.64e-02 4.27e-01  0.0024  1.122  8.52e-09
    3104  1.516  1.044e-05  4.096e-05    0.255  0.0204 7.665e-07 2.252e-06  -0.1219 8.40e-04 3.61e-02 4.28e-01  0.0024  1.123  9.00e-09
    3120  1.523  1.032e-05  4.060e-05    0.254  0.0204 7.549e-07 2.221e-06  -0.1222 8.41e-04 3.58e-02 4.29e-01  0.0024  1.123  9.45e-09
    3136  1.531  1.021e-05  4.024e-05    0.254  0.0204 7.435e-07 2.191e-06  -0.1225 8.43e-04 3.56e-02 4.30e-01  0.0024  1.124  9.93e-09
    3152  1.539  1.010e-05  3.989e-05    0.253  0.0203 7.323e-07 2.161e-06  -0.1229 8.45e-04 3.54e-02 4.30e-01  0.0024  1.124  1.07e-08
    3168  1.547  9.985e-06  3.954e-05    0.253  0.0203 7.214e-07 2.132e-06  -0.1232 8.46e-04 3.52e-02 4.31e-01  0.0024  1.125  1.10e-08
    3184  1.555  9.876e-06  3.920e-05    0.252  0.0203 7.106e-07 2.103e-06  -0.1235 8.48e-04 3.50e-02 4.32e-01  0.0023  1.125  1.18e-08
    3200  1.562  9.768e-06  3.886e-05    0.251  0.0202 7.000e-07 2.075e-06  -0.1238 8.50e-04 3.48e-02 4.32e-01  0.0023  1.125  1.21e-08
    3216  1.570  9.663e-06  3.853e-05    0.251  0.0202 6.896e-07 2.048e-06  -0.1242 8.51e-04 3.46e-02 4.33e-01  0.0023  1.126  1.25e-08
    3232  1.578  9.558e-06  3.820e-05    0.250  0.0201 6.794e-07 2.021e-06  -0.1245 8.53e-04 3.44e-02 4.34e-01  0.0023  1.126  1.30e-08
    3248  1.586  9.455e-06  3.787e-05    0.250  0.0201 6.694e-07 1.994e-06  -0.1248 8.54e-04 3.42e-02 4.34e-01  0.0023  1.127  1.36e-08
    3264  1.594  9.354e-06  3.755e-05    0.249  0.0200 6.596e-07 1.968e-06  -0.1251 8.56e-04 3.40e-02 4.35e-01  0.0023  1.127  1.42e-08
    3280  1.602  9.254e-06  3.723e-05    0.249  0.0199 6.499e-07 1.942e-06  -0.1255 8.57e-04 3.38e-02 4.36e-01  0.0023  1.128  1.52e-08
    3296  1.609  9.156e-06  3.692e-05    0.248  0.0199 6.404e-07 1.917e-06  -0.1258 8.59e-04 3.36e-02 4.36e-01  0.0023  1.128  1.57e-08
    3312  1.617  9.058e-06  3.662e-05    0.247  0.0198 6.311e-07 1.893e-06  -0.1262 8.60e-04 3.34e-02 4.37e-01  0.0023  1.129  1.63e-08
    3328  1.625  8.963e-06  3.631e-05    0.247  0.0197 6.220e-07 1.868e-06  -0.1265 8.62e-04 3.32e-02 4.38e-01  0.0023  1.129  1.69e-08
    3344  1.633  8.869e-06  3.601e-05    0.246  0.0196 6.130e-07 1.845e-06  -0.1268 8.64e-04 3.30e-02 4.38e-01  0.0022  1.130  1.77e-08
    3360  1.641  8.776e-06  3.572e-05    0.246  0.0195 6.042e-07 1.821e-06  -0.1272 8.65e-04 3.28e-02 4.39e-01  0.0022  1.130  1.85e-08
    3376  1.648  8.684e-06  3.542e-05    0.245  0.0194 5.955e-07 1.798e-06  -0.1275 8.67e-04 3.26e-02 4.40e-01  0.0022  1.131  1.90e-08
    3392  1.656  8.594e-06  3.514e-05    0.245  0.0193 5.870e-07 1.776e-06  -0.1279 8.68e-04 3.24e-02 4.40e-01  0.0022  1.131  1.95e-08
    3408  1.664  8.505e-06  3.485e-05    0.244  0.0192 5.786e-07 1.753e-06  -0.1282 8.69e-04 3.23e-02 4.41e-01  0.0022  1.132  2.03e-08
    3424  1.672  8.417e-06  3.457e-05    0.243  0.0191 5.704e-07 1.732e-06  -0.1285 8.71e-04 3.21e-02 4.41e-01  0.0022  1.132  2.11e-08
    3440  1.680  8.330e-06  3.429e-05    0.243  0.0190 5.624e-07 1.710e-06  -0.1289 8.72e-04 3.19e-02 4.42e-01  0.0022  1.133  2.20e-08
    3456  1.688  8.245e-06  3.402e-05    0.242  0.0189 5.544e-07 1.689e-06  -0.1292 8.74e-04 3.18e-02 4.43e-01  0.0022  1.133  2.26e-08
    3472  1.695  8.161e-06  3.375e-05    0.242  0.0187 5.466e-07 1.668e-06  -0.1296 8.75e-04 3.16e-02 4.43e-01  0.0022  1.134  2.36e-08
    3488  1.703  8.078e-06  3.348e-05    0.241  0.0186 5.390e-07 1.648e-06  -0.1299 8.77e-04 3.14e-02 4.44e-01  0.0022  1.134  2.42e-08
    3504  1.711  7.996e-06  3.322e-05    0.241  0.0185 5.315e-07 1.628e-06  -0.1303 8.78e-04 3.13e-02 4.44e-01  0.0021  1.134  2.53e-08
    3520  1.719  7.916e-06  3.296e-05    0.240  0.0183 5.241e-07 1.608e-06  -0.1306 8.80e-04 3.11e-02 4.45e-01  0.0021  1.135  2.63e-08
    3536  1.727  7.836e-06  3.270e-05    0.240  0.0182 5.168e-07 1.589e-06  -0.1310 8.81e-04 3.09e-02 4.46e-01  0.0021  1.135  2.71e-08
    3552  1.734  7.758e-06  3.244e-05    0.239  0.0181 5.097e-07 1.570e-06  -0.1313 8.82e-04 3.07e-02 4.46e-01  0.0021  1.136  2.87e-08
    3568  1.742  7.681e-06  3.219e-05    0.239  0.0179 5.027e-07 1.551e-06  -0.1317 8.84e-04 3.06e-02 4.47e-01  0.0021  1.136  2.98e-08
    3584  1.750  7.604e-06  3.194e-05    0.238  0.0178 4.958e-07 1.533e-06  -0.1320 8.85e-04 3.04e-02 4.47e-01  0.0021  1.137  3.06e-08
    3600  1.758  7.529e-06  3.170e-05    0.238  0.0176 4.890e-07 1.514e-06  -0.1323 8.87e-04 3.02e-02 4.48e-01  0.0021  1.137  3.18e-08
    3616  1.766  7.455e-06  3.146e-05    0.237  0.0174 4.824e-07 1.497e-06  -0.1327 8.88e-04 3.01e-02 4.48e-01  0.0021  1.138  3.29e-08
    3632  1.773  7.382e-06  3.122e-05    0.236  0.0173 4.759e-07 1.479e-06  -0.1330 8.89e-04 2.99e-02 4.49e-01  0.0021  1.138  3.39e-08
    3648  1.781  7.310e-06  3.098e-05    0.236  0.0171 4.694e-07 1.462e-06  -0.1334 8.91e-04 2.97e-02 4.49e-01  0.0021  1.139  3.50e-08
    3664  1.789  7.239e-06  3.075e-05    0.235  0.0169 4.631e-07 1.445e-06  -0.1337 8.92e-04 2.96e-02 4.50e-01  0.0020  1.139  3.64e-08
    3680  1.797  7.169e-06  3.052e-05    0.235  0.0168 4.569e-07 1.428e-06  -0.1341 8.93e-04 2.94e-02 4.50e-01  0.0020  1.140  3.77e-08
    3696  1.805  7.100e-06  3.029e-05    0.234  0.0166 4.508e-07 1.412e-06  -0.1344 8.95e-04 2.92e-02 4.51e-01  0.0020  1.140  3.88e-08
    3712  1.812  7.031e-06  3.006e-05    0.234  0.0164 4.448e-07 1.396e-06  -0.1348 8.96e-04 2.91e-02 4.51e-01  0.0020  1.140  4.04e-08
    3728  1.820  6.964e-06  2.984e-05    0.233  0.0162 4.389e-07 1.380e-06  -0.1351 8.97e-04 2.89e-02 4.52e-01  0.0020  1.141  4.16e-08
    3744  1.828  6.898e-06  2.962e-05    0.233  0.0161 4.331e-07 1.364e-06  -0.1355 8.99e-04 2.87e-02 4.52e-01  0.0020  1.141  4.32e-08
    3760  1.836  6.832e-06  2.940e-05    0.232  0.0159 4.274e-07 1.349e-06  -0.1358 9.00e-04 2.86e-02 4.53e-01  0.0020  1.142  4.41e-08
    3776  1.844  6.767e-06  2.919e-05    0.232  0.0157 4.218e-07 1.333e-06  -0.1361 9.01e-04 2.84e-02 4.53e-01  0.0020  1.142  4.54e-08
    3792  1.852  6.704e-06  2.897e-05    0.231  0.0155 4.163e-07 1.318e-06  -0.1365 9.03e-04 2.82e-02 4.54e-01  0.0020  1.143  4.66e-08
    3808  1.859  6.641e-06  2.876e-05    0.231  0.0153 4.109e-07 1.304e-06  -0.1368 9.04e-04 2.81e-02 4.54e-01  0.0020  1.143  4.80e-08
    3824  1.867  6.579e-06  2.856e-05    0.230  0.0151 4.056e-07 1.289e-06  -0.1372 9.05e-04 2.79e-02 4.55e-01  0.0020  1.144  4.94e-08
    3840  1.875  6.517e-06  2.835e-05    0.230  0.0149 4.004e-07 1.275e-06  -0.1375 9.06e-04 2.78e-02 4.55e-01  0.0019  1.144  5.07e-08
    3856  1.883  6.457e-06  2.815e-05    0.229  0.0147 3.952e-07 1.261e-06  -0.1378 9.08e-04 2.76e-02 4.55e-01  0.0019  1.145  5.22e-08
    3872  1.891  6.397e-06  2.795e-05    0.229  0.0145 3.902e-07 1.247e-06  -0.1382 9.09e-04 2.74e-02 4.56e-01  0.0019  1.145  5.35e-08
    3888  1.898  6.339e-06  2.775e-05    0.228  0.0143 3.852e-07 1.234e-06  -0.1385 9.10e-04 2.73e-02 4.56e-01  0.0019  1.145  5.48e-08
    3904  1.906  6.280e-06  2.755e-05    0.228  0.0141 3.803e-07 1.220e-06  -0.1389 9.11e-04 2.71e-02 4.57e-01  0.0019  1.146  5.62e-08
    3920  1.914  6.223e-06  2.736e-05    0.227  0.0139 3.755e-07 1.207e-06  -0.1392 9.13e-04 2.70e-02 4.57e-01  0.0019  1.146  5.75e-08
    3936  1.922  6.167e-06  2.716e-05    0.227  0.0136 3.708e-07 1.194e-06  -0.1395 9.14e-04 2.69e-02 4.58e-01  0.0019  1.147  5.87e-08
    3952  1.930  6.111e-06  2.697e-05    0.227  0.0134 3.661e-07 1.181e-06  -0.1398 9.15e-04 2.67e-02 4.58e-01  0.0019  1.147  6.03e-08
    3968  1.938  6.056e-06  2.678e-05    0.226  0.0132 3.615e-07 1.169e-06  -0.1402 9.16e-04 2.66e-02 4.58e-01  0.0019  1.148  6.22e-08
    3984  1.945  6.001e-06  2.660e-05    0.226  0.0130 3.570e-07 1.156e-06  -0.1405 9.18e-04 2.64e-02 4.59e-01  0.0019  1.148  6.38e-08
    4000  1.953  5.947e-06  2.641e-05    0.225  0.0128 3.526e-07 1.144e-06  -0.1408 9.19e-04 2.63e-02 4.59e-01  0.0019  1.149  6.56e-08
    4016  1.961  5.894e-06  2.623e-05    0.225  0.0125 3.482e-07 1.132e-06  -0.1412 9.20e-04 2.62e-02 4.60e-01  0.0019  1.149  6.73e-08
    4032  1.969  5.842e-06  2.605e-05    0.224  0.0123 3.440e-07 1.120e-06  -0.1415 9.21e-04 2.60e-02 4.60e-01  0.0019  1.150  6.87e-08
    4048  1.977  5.790e-06  2.587e-05    0.224  0.0121 3.397e-07 1.108e-06  -0.1418 9.22e-04 2.59e-02 4.60e-01  0.0019  1.150  7.02e-08
    4064  1.984  5.739e-06  2.570e-05    0.223  0.0119 3.356e-07 1.097e-06  -0.1421 9.24e-04 2.58e-02 4.61e-01  0.0019  1.150  7.17e-08
    4080  1.992  5.689e-06  2.552e-05    0.223  0.0116 3.315e-07 1.085e-06  -0.1424 9.25e-04 2.56e-02 4.61e-01  0.0019  1.151  7.33e-08
    4096  2.000  5.639e-06  2.535e-05    0.222  0.0114 3.275e-07 1.074e-06  -0.1427 9.26e-04 2.55e-02 4.62e-01  0.0019  1.151  7.53e-08
