# tg_mhd (CUDA FP32)  tgc_noslip_cond_n640_re1000  N=640 L=640 Re=1000 Pm=2 u0=0.05 nu_lat=1.017000e-02 eta_lat=5.085000e-03 tau_f=0.530510 tau_m=0.520340 dt=2.458210e-04 fw=profile
# t E_V E_M E_T H_C Omega_V Omega_M eps EM/EV OmM/OmV j_max w_max skew divb/j divb_wall/j mass_drift umax_lat fw1 fw2 fw4 tau_wall
0.000000 1.24218759e-01 1.25000000e-01 2.49218759e-01 1.02369169e-20 8.91161804e+01 1.49995166e+00 1.79732312e-01 1.006289e+00 1.683142e-02 3.464025e+00 3.050956e+02 6.557779e-20 2.0914e-06 3.2560e-06 +0.0000e+00 0.05000 9.87986e-01 9.88493e-01 9.89520e-01 1.50457e-01
0.100049 1.19684859e-01 1.24636444e-01 2.44321303e-01 -3.27735071e-05 1.25772438e+01 1.57152457e+00 2.67260122e-02 1.041372e+00 1.249498e-01 5.601254e+00 6.193201e+01 1.304735e-01 3.1586e-04 1.9101e-03 -4.4324e-07 0.05104 9.16434e-01 9.21948e-01 9.28900e-01 2.78146e-02
0.200098 1.17585237e-01 1.24336999e-01 2.41922236e-01 -8.23121397e-05 9.04344975e+00 1.71630344e+00 1.98032029e-02 1.057420e+00 1.897842e-01 7.848158e+00 4.418336e+01 3.574734e-02 3.7859e-04 2.1912e-03 -6.1213e-06 0.05116 8.61323e-01 8.91253e-01 9.00862e-01 1.99282e-02
0.300147 1.16003069e-01 1.24419974e-01 2.40423043e-01 -1.53860929e-04 7.54091972e+00 1.91133187e+00 1.69931713e-02 1.072558e+00 2.534614e-01 9.329587e+00 3.701547e+01 2.135740e-01 4.0346e-04 2.3113e-03 -3.9219e-06 0.05190 8.01690e-01 8.66006e-01 8.78119e-01 1.67798e-02
0.400197 1.14251712e-01 1.24412211e-01 2.38663923e-01 -2.33208043e-04 6.70585526e+00 2.14377908e+00 1.55554896e-02 1.088931e+00 3.196876e-01 1.044641e+01 3.641599e+01 2.245561e-01 4.1383e-04 2.3858e-03 +3.2433e-06 0.05202 7.47417e-01 8.41691e-01 8.57487e-01 1.48866e-02
0.500246 1.13015475e-01 1.24147680e-01 2.37163155e-01 -3.23765826e-04 6.16748063e+00 2.39865935e+00 1.47336206e-02 1.098502e+00 3.889205e-01 1.131622e+01 3.569031e+01 2.152404e-01 4.1660e-04 2.4454e-03 -6.8083e-06 0.05155 6.98179e-01 8.15807e-01 8.36770e-01 1.37240e-02
0.600295 1.11593170e-01 1.24041562e-01 2.35634732e-01 -4.23606687e-04 5.80020557e+00 2.69027877e+00 1.42906899e-02 1.111552e+00 4.638247e-01 1.208219e+01 3.331469e+01 3.289594e-01 4.1791e-04 2.5025e-03 -8.1031e-06 0.05239 6.53777e-01 7.88335e-01 8.15503e-01 1.27734e-02
0.700344 1.10157799e-01 1.24118569e-01 2.34276367e-01 -5.25028400e-04 5.71710847e+00 3.02656316e+00 1.44607801e-02 1.126734e+00 5.293870e-01 1.307485e+01 3.300120e+01 3.007851e-01 4.2194e-04 2.5772e-03 +2.6698e-07 0.05242 6.21274e-01 7.65116e-01 7.98312e-01 1.31222e-02
0.800393 1.09103686e-01 1.23854332e-01 2.32958018e-01 -6.25782540e-04 5.48649047e+00 3.38160358e+00 1.43545845e-02 1.135198e+00 6.163509e-01 1.424884e+01 3.239453e+01 3.785232e-01 4.2845e-04 2.6597e-03 -4.6700e-06 0.05262 5.77806e-01 7.32709e-01 7.73744e-01 1.19972e-02
0.900442 1.07994837e-01 1.23332785e-01 2.31327621e-01 -7.27763303e-04 5.42984591e+00 3.77522697e+00 1.46349188e-02 1.142025e+00 6.952733e-01 1.529288e+01 3.294694e+01 4.439991e-01 4.3834e-04 2.7624e-03 -7.2137e-06 0.05334 5.41333e-01 7.02211e-01 7.51526e-01 1.16952e-02
1.000492 1.07201399e-01 1.22664443e-01 2.29865842e-01 -8.23928084e-04 5.54349623e+00 4.20739990e+00 1.52943924e-02 1.144243e+00 7.589795e-01 1.614061e+01 3.269567e+01 3.819176e-01 4.5371e-04 2.8779e-03 -6.3655e-06 0.05373 5.12294e-01 6.74368e-01 7.32232e-01 1.18970e-02
1.100541 1.06713233e-01 1.21711669e-01 2.28424902e-01 -8.99398149e-04 5.64049821e+00 4.67994879e+00 1.59609452e-02 1.140549e+00 8.297049e-01 1.675938e+01 3.480786e+01 4.162076e-01 4.7577e-04 3.0089e-03 -5.6870e-06 0.05441 4.79341e-01 6.41408e-01 7.09253e-01 1.18199e-02
1.200590 1.06363704e-01 1.20377752e-01 2.26741456e-01 -9.72226229e-04 5.67268264e+00 5.21179570e+00 1.65571610e-02 1.131756e+00 9.187533e-01 1.728956e+01 3.514645e+01 4.827170e-01 5.0641e-04 3.1711e-03 -2.7415e-06 0.05445 4.39406e-01 6.01042e-01 6.80338e-01 1.11173e-02
1.300639 1.06367729e-01 1.18609342e-01 2.24977071e-01 -1.00715705e-03 5.87383272e+00 5.79133438e+00 1.75389998e-02 1.115088e+00 9.859549e-01 1.873035e+01 3.439836e+01 4.254915e-01 5.5133e-04 3.3507e-03 -1.0173e-05 0.05353 4.07786e-01 5.63926e-01 6.53257e-01 1.08967e-02
1.400688 1.06540452e-01 1.16701417e-01 2.23241870e-01 -1.04067782e-03 6.11747756e+00 6.49138119e+00 1.87263363e-02 1.095372e+00 1.061121e+00 2.042527e+01 3.973067e+01 4.119063e-01 6.2604e-04 3.5560e-03 -9.3756e-06 0.05468 3.76524e-01 5.25248e-01 6.23167e-01 1.11509e-02
1.500737 1.06563341e-01 1.14694267e-01 2.21257608e-01 -1.02538825e-03 6.34744841e+00 7.35953956e+00 2.00544364e-02 1.076301e+00 1.159449e+00 2.208877e+01 3.894475e+01 4.542326e-01 7.5085e-04 3.7884e-03 -1.5936e-06 0.05281 3.42138e-01 4.83022e-01 5.87678e-01 1.11689e-02
1.600786 1.06865149e-01 1.12382005e-01 2.19247154e-01 -9.80455090e-04 6.49485837e+00 8.37929579e+00 2.13690125e-02 1.051624e+00 1.290143e+00 2.677553e+01 3.802481e+01 5.341644e-01 9.3914e-04 3.9931e-03 -9.2914e-06 0.05122 3.00989e-01 4.33940e-01 5.43432e-01 1.02472e-02
1.700836 1.06833828e-01 1.10089548e-01 2.16923376e-01 -9.12673431e-04 6.72918198e+00 9.66666038e+00 2.31250243e-02 1.030475e+00 1.436528e+00 3.114406e+01 3.827555e+01 4.987172e-01 1.2032e-03 4.1894e-03 -1.1207e-05 0.05008 2.66251e-01 3.89552e-01 5.00028e-01 1.00575e-02
1.800885 1.06658664e-01 1.07873052e-01 2.14531716e-01 -8.12726358e-04 6.98960313e+00 1.12777494e+01 2.52569557e-02 1.011386e+00 1.613504e+00 3.648689e+01 3.740654e+01 4.500804e-01 1.5681e-03 4.3734e-03 -5.8022e-06 0.05288 2.35581e-01 3.48946e-01 4.57616e-01 1.03618e-02
1.900934 1.06391652e-01 1.05539908e-01 2.11931560e-01 -6.53136818e-04 7.07514673e+00 1.31350404e+01 2.72853338e-02 9.919943e-01 1.856504e+00 4.391920e+01 3.587939e+01 4.493384e-01 2.0463e-03 4.5071e-03 -8.1536e-06 0.05468 1.99554e-01 3.04203e-01 4.10387e-01 9.61065e-03
2.000983 1.05913178e-01 1.03122905e-01 2.09036083e-01 -5.12121549e-04 7.14659631e+00 1.51273905e+01 2.94205831e-02 9.736551e-01 2.116727e+00 5.121933e+01 3.241659e+01 4.248135e-01 2.6062e-03 4.6374e-03 -8.5861e-06 0.05559 1.70052e-01 2.66511e-01 3.69239e-01 8.98509e-03
2.101032 1.05381716e-01 1.00544292e-01 2.05926009e-01 -2.94729817e-04 7.27521908e+00 1.69724156e+01 3.15228537e-02 9.540962e-01 2.332908e+00 5.761623e+01 2.840858e+01 3.487179e-01 3.1724e-03 4.7022e-03 -1.1027e-05 0.05573 1.49694e-01 2.38718e-01 3.37615e-01 9.00296e-03
2.201081 1.04902433e-01 9.78436204e-02 2.02746053e-01 -8.35740756e-05 7.35661332e+00 1.84227540e+01 3.31359806e-02 9.327107e-01 2.504244e+00 6.257338e+01 2.882611e+01 3.453971e-01 3.6651e-03 4.7889e-03 -1.0081e-05 0.05418 1.30918e-01 2.14215e-01 3.10483e-01 8.59230e-03
2.301131 1.04300286e-01 9.49575377e-02 1.99257824e-01 1.75479878e-04 7.46910643e+00 1.92765101e+01 3.42147230e-02 9.104245e-01 2.580832e+00 6.563077e+01 2.465288e+01 4.064916e-01 3.9944e-03 4.8685e-03 -5.2991e-06 0.05498 1.16594e-01 1.95520e-01 2.90369e-01 8.18622e-03
2.401180 1.03955121e-01 9.18451614e-02 1.95800283e-01 4.79154825e-04 7.63821548e+00 1.94779548e+01 3.47543858e-02 8.835078e-01 2.550066e+00 6.657895e+01 2.323265e+01 4.496432e-01 4.1140e-03 4.8916e-03 -1.2776e-05 0.05606 1.06377e-01 1.81319e-01 2.75060e-01 7.98254e-03
2.501229 1.03571478e-01 8.86999633e-02 1.92271442e-01 8.07063641e-04 7.79175569e+00 1.93288674e+01 3.49123788e-02 8.564130e-01 2.480682e+00 6.630430e+01 2.285536e+01 4.288441e-01 4.0653e-03 4.9444e-03 -1.3039e-05 0.05827 9.67807e-02 1.68334e-01 2.61807e-01 7.55787e-03
2.601278 1.03112970e-01 8.55728700e-02 1.88685840e-01 1.16018723e-03 8.00150452e+00 1.90437672e+01 3.50467763e-02 8.298943e-01 2.380023e+00 6.503484e+01 2.168517e+01 4.331788e-01 3.9294e-03 5.0288e-03 -6.3158e-06 0.05893 9.14034e-02 1.59599e-01 2.52830e-01 7.63656e-03
2.701327 1.02877355e-01 8.23514398e-02 1.85228795e-01 1.56208937e-03 8.18367559e+00 1.86296696e+01 3.49970208e-02 8.004817e-01 2.276443e+00 6.279222e+01 2.264346e+01 4.346843e-01 3.7504e-03 5.0014e-03 -1.1540e-05 0.05898 8.55316e-02 1.50045e-01 2.42692e-01 7.25519e-03
2.801376 1.02462975e-01 7.91528594e-02 1.81615834e-01 1.91712882e-03 8.34921449e+00 1.82439804e+01 3.49424094e-02 7.725021e-01 2.185113e+00 6.007371e+01 2.321372e+01 4.113920e-01 3.5735e-03 5.0075e-03 -1.3135e-05 0.05992 7.94014e-02 1.40327e-01 2.32835e-01 7.07379e-03
2.901426 1.02021298e-01 7.60508357e-02 1.78072134e-01 2.31251706e-03 8.60304314e+00 1.78695055e+01 3.50755918e-02 7.454408e-01 2.077114e+00 5.709363e+01 2.338436e+01 3.950481e-01 3.4443e-03 4.9724e-03 -1.0782e-05 0.05982 7.84565e-02 1.35761e-01 2.28422e-01 7.30701e-03
3.001475 1.01541352e-01 7.30703236e-02 1.74611675e-01 2.68139099e-03 8.76066491e+00 1.75065052e+01 3.50278350e-02 7.196115e-01 1.998308e+00 5.398380e+01 2.313206e+01 3.806019e-01 3.4065e-03 4.9442e-03 -1.1591e-05 0.05944 7.34043e-02 1.27527e-01 2.20924e-01 6.85599e-03
3.101524 1.00811150e-01 7.01825671e-02 1.70993717e-01 3.02637087e-03 8.92683214e+00 1.72092649e+01 3.50629292e-02 6.961786e-01 1.927813e+00 5.085096e+01 2.239088e+01 3.618275e-01 3.4620e-03 4.9408e-03 -1.0115e-05 0.05839 7.12118e-02 1.22545e-01 2.16586e-01 6.84715e-03
3.201573 9.99852010e-02 6.74693891e-02 1.67454590e-01 3.39376724e-03 9.10792018e+00 1.69634660e+01 3.51793063e-02 6.747938e-01 1.862496e+00 4.780477e+01 2.266972e+01 3.315142e-01 3.5800e-03 4.9223e-03 -1.4447e-05 0.05684 7.25824e-02 1.21305e-01 2.14824e-01 7.21930e-03
3.301622 9.89929342e-02 6.49760164e-02 1.63968951e-01 3.73006821e-03 9.10694919e+00 1.68199633e+01 3.50338617e-02 6.563702e-01 1.846937e+00 5.258731e+01 2.037972e+01 2.946073e-01 3.6805e-03 4.9854e-03 -1.3904e-05 0.05571 6.78756e-02 1.14958e-01 2.08653e-01 6.63994e-03
3.401671 9.76746266e-02 6.26641874e-02 1.60338814e-01 4.06068282e-03 9.15419375e+00 1.67902159e+01 3.50986034e-02 6.415606e-01 1.834156e+00 5.964612e+01 2.168426e+01 2.665180e-01 3.7984e-03 5.1025e-03 -8.4616e-06 0.05355 6.93795e-02 1.15104e-01 2.08586e-01 7.12672e-03
3.501720 9.64001619e-02 6.04741725e-02 1.56874334e-01 4.40931866e-03 9.12967947e+00 1.67788276e+01 3.50381865e-02 6.273244e-01 1.837833e+00 6.714752e+01 2.222441e+01 2.491732e-01 4.0588e-03 5.0844e-03 -1.4760e-05 0.05114 6.99769e-02 1.14549e-01 2.07185e-01 6.88486e-03
3.601770 9.48713242e-02 5.84458868e-02 1.53317211e-01 4.72408280e-03 8.99307616e+00 1.68121643e+01 3.47983166e-02 6.160543e-01 1.869456e+00 7.291614e+01 2.141286e+01 2.292891e-01 4.4563e-03 5.1346e-03 -1.5668e-05 0.04948 6.63767e-02 1.10558e-01 2.03181e-01 6.54436e-03
3.701819 9.32051195e-02 5.65617188e-02 1.49766838e-01 5.04777446e-03 8.99560985e+00 1.68168967e+01 3.48081164e-02 6.068521e-01 1.869456e+00 7.421575e+01 2.342635e+01 2.262943e-01 4.8212e-03 5.1890e-03 -1.0597e-05 0.04874 7.08955e-02 1.14924e-01 2.07147e-01 7.33006e-03
3.801868 9.15619132e-02 5.47676169e-02 1.46329530e-01 5.37809932e-03 8.89563112e+00 1.66972250e+01 3.44884873e-02 5.981485e-01 1.877014e+00 7.256598e+01 2.455418e+01 2.315922e-01 5.0403e-03 5.2108e-03 -1.3793e-05 0.04807 6.97008e-02 1.14237e-01 2.06164e-01 6.77526e-03
3.901917 8.97837005e-02 5.30370254e-02 1.42820726e-01 5.66013281e-03 8.77782274e+00 1.64708759e+01 3.40265214e-02 5.907200e-01 1.876419e+00 6.811560e+01 2.454073e+01 2.527350e-01 5.1015e-03 5.2979e-03 -1.4323e-05 0.05157 6.73069e-02 1.13230e-01 2.05075e-01 6.46068e-03
4.001966 8.79718895e-02 5.14171068e-02 1.39388996e-01 5.97244854e-03 8.83325284e+00 1.61625745e+01 3.38290802e-02 5.844720e-01 1.829742e+00 5.975228e+01 2.302526e+01 2.765706e-01 5.0213e-03 5.3766e-03 -1.4476e-05 0.05532 7.46262e-02 1.22149e-01 2.12716e-01 7.44180e-03
4.102015 8.61218375e-02 4.99174191e-02 1.36039257e-01 6.25520915e-03 8.69012960e+00 1.58810979e+01 3.32613571e-02 5.796140e-01 1.827487e+00 4.997043e+01 2.506043e+01 3.128153e-01 4.6317e-03 5.4323e-03 -1.4648e-05 0.05549 7.12835e-02 1.21756e-01 2.12000e-01 6.64944e-03
4.202065 8.41365032e-02 4.85036391e-02 1.32640142e-01 6.53848690e-03 8.64855474e+00 1.57627791e+01 3.30598886e-02 5.764875e-01 1.822591e+00 4.873913e+01 2.730438e+01 3.352956e-01 4.1645e-03 5.4345e-03 -1.1700e-05 0.05336 7.37938e-02 1.28040e-01 2.18264e-01 6.90081e-03
4.302114 8.21554443e-02 4.71661976e-02 1.29321642e-01 6.83882011e-03 8.65185150e+00 1.58416146e+01 3.31453176e-02 5.741092e-01 1.831009e+00 5.280265e+01 2.785370e+01 3.445877e-01 3.9517e-03 5.3394e-03 -1.6702e-05 0.05159 7.95421e-02 1.37951e-01 2.29926e-01 7.01589e-03
4.402163 8.00801139e-02 4.59035325e-02 1.25983646e-01 7.12411313e-03 8.55274889e+00 1.61303798e+01 3.32358776e-02 5.732201e-01 1.885988e+00 5.356715e+01 2.626585e+01 3.339390e-01 4.1846e-03 5.3710e-03 -1.6791e-05 0.05154 8.23181e-02 1.44916e-01 2.40098e-01 6.73374e-03
4.502212 7.78664468e-02 4.46745648e-02 1.22541012e-01 7.38873619e-03 8.55983128e+00 1.65322101e+01 3.36518727e-02 5.737332e-01 1.931371e+00 5.495748e+01 2.703798e+01 3.210021e-01 4.5109e-03 5.9393e-03 -1.1522e-05 0.05092 9.62312e-02 1.61344e-01 2.58251e-01 7.28180e-03
4.602261 7.57452038e-02 4.34318064e-02 1.19177010e-01 7.65609549e-03 8.54272850e+00 1.68228538e+01 3.39083108e-02 5.733935e-01 1.969260e+00 5.824604e+01 2.846460e+01 3.047653e-01 4.7518e-03 6.7973e-03 -1.6392e-05 0.05165 1.11465e-01 1.77730e-01 2.74411e-01 7.11962e-03
4.702310 7.35199274e-02 4.21960987e-02 1.15716026e-01 7.84981808e-03 8.42898486e+00 1.68482746e+01 3.37062443e-02 5.739410e-01 1.998850e+00 6.090438e+01 3.189996e+01 2.974535e-01 4.9715e-03 6.8454e-03 -1.7251e-05 0.05220 1.20108e-01 1.87192e-01 2.84133e-01 6.94714e-03
4.802359 7.12940058e-02 4.09996286e-02 1.12293634e-01 8.03153823e-03 8.46173237e+00 1.65219984e+01 3.34454631e-02 5.750782e-01 1.952555e+00 6.360939e+01 3.583196e+01 2.781248e-01 5.1537e-03 6.7230e-03 -1.4115e-05 0.05228 1.34263e-01 2.00834e-01 2.97346e-01 7.80669e-03
4.902409 6.91126971e-02 3.98477634e-02 1.08960461e-01 8.16159727e-03 8.32296009e+00 1.58994693e+01 3.25453894e-02 5.765621e-01 1.910314e+00 6.528142e+01 3.727007e+01 2.717087e-01 5.2737e-03 6.9259e-03 -1.5910e-05 0.05157 1.38715e-01 2.04928e-01 3.01747e-01 7.35244e-03
5.002458 6.69429932e-02 3.87519709e-02 1.05694964e-01 8.24735161e-03 8.16929926e+00 1.51118861e+01 3.14504847e-02 5.788802e-01 1.849839e+00 6.350891e+01 3.756926e+01 2.558930e-01 5.2856e-03 7.1023e-03 -1.5180e-05 0.05045 1.43051e-01 2.08849e-01 3.06182e-01 7.43131e-03
5.102507 6.48243342e-02 3.77325348e-02 1.02556869e-01 8.31907709e-03 8.04142173e+00 1.42594126e+01 3.03422561e-02 5.820736e-01 1.773245e+00 5.997329e+01 3.608213e+01 2.298885e-01 5.1387e-03 7.1739e-03 -1.7153e-05 0.04893 1.49330e-01 2.14514e-01 3.12165e-01 7.86057e-03
5.202556 6.27694840e-02 3.67980445e-02 9.95675285e-02 8.36214780e-03 7.75522534e+00 1.34519704e+01 2.89624211e-02 5.862410e-01 1.734569e+00 5.643993e+01 3.554108e+01 2.185767e-01 4.8728e-03 7.2867e-03 -1.7282e-05 0.04722 1.47448e-01 2.13082e-01 3.12743e-01 7.46970e-03
5.302605 6.07261850e-02 3.59274505e-02 9.66536355e-02 8.38084148e-03 7.53319972e+00 1.27528707e+01 2.78192701e-02 5.916303e-01 1.692889e+00 5.290163e+01 3.320489e+01 2.242455e-01 4.5527e-03 7.4557e-03 -1.3547e-05 0.04582 1.50165e-01 2.16335e-01 3.18518e-01 7.60616e-03
5.402654 5.88368149e-02 3.50837497e-02 9.39205646e-02 8.41778673e-03 7.32909031e+00 1.21475411e+01 2.68057217e-02 5.962891e-01 1.657442e+00 4.905287e+01 3.040531e+01 2.253071e-01 4.2542e-03 7.5182e-03 -1.8429e-05 0.04442 1.54256e-01 2.21177e-01 3.25616e-01 7.53241e-03
5.502704 5.69821476e-02 3.42812443e-02 9.12633919e-02 8.43022054e-03 6.98868046e+00 1.16687730e+01 2.56461339e-02 6.016138e-01 1.669668e+00 4.509872e+01 2.709441e+01 2.239812e-01 4.0145e-03 7.4922e-03 -1.8943e-05 0.04281 1.49236e-01 2.18786e-01 3.26367e-01 7.21618e-03
5.602753 5.51761038e-02 3.35044334e-02 8.86805372e-02 8.45382936e-03 6.79380559e+00 1.12784999e+01 2.48661111e-02 6.072272e-01 1.660115e+00 4.290197e+01 2.629249e+01 2.204389e-01 3.7842e-03 7.3866e-03 -1.4606e-05 0.04132 1.53133e-01 2.25223e-01 3.34604e-01 7.56802e-03
5.702802 5.35269748e-02 3.27117528e-02 8.62387277e-02 8.48933577e-03 6.54419534e+00 1.09122936e+01 2.40006843e-02 6.111265e-01 1.667477e+00 4.159067e+01 2.545890e+01 2.228906e-01 3.5831e-03 7.1909e-03 -1.8130e-05 0.04058 1.52453e-01 2.27043e-01 3.38092e-01 7.22691e-03
5.802851 5.19310063e-02 3.19176719e-02 8.38486782e-02 8.50711295e-03 6.24559008e+00 1.05789234e+01 2.30701035e-02 6.146169e-01 1.693823e+00 4.474395e+01 2.439608e+01 2.198479e-01 3.4336e-03 7.0160e-03 -1.8565e-05 0.03977 1.47575e-01 2.24584e-01 3.37626e-01 6.88026e-03
5.902900 5.04223206e-02 3.11226405e-02 8.15449611e-02 8.54234309e-03 6.08625112e+00 1.02661055e+01 2.24386077e-02 6.172394e-01 1.686770e+00 4.806550e+01 2.566050e+01 2.025499e-01 3.3324e-03 6.8306e-03 -1.7406e-05 0.03903 1.52216e-01 2.30081e-01 3.43328e-01 7.36158e-03
6.002949 4.90022683e-02 3.03218871e-02 7.93241554e-02 8.56740329e-03 5.81882176e+00 9.95554820e+00 2.15931917e-02 6.187854e-01 1.710922e+00 5.058004e+01 2.429512e+01 1.969002e-01 3.2514e-03 6.6072e-03 -1.8428e-05 0.03783 1.47834e-01 2.26588e-01 3.40664e-01 6.79829e-03
6.102998 4.76503858e-02 2.95252575e-02 7.71756433e-02 8.57143471e-03 5.60247589e+00 9.65338798e+00 2.08583398e-02 6.196226e-01 1.723057e+00 5.099748e+01 2.441114e+01 1.896880e-01 3.1696e-03 6.3457e-03 -1.6618e-05 0.03709 1.46856e-01 2.25501e-01 3.39826e-01 6.72359e-03
6.203048 4.63749431e-02 2.87280623e-02 7.51030054e-02 8.59402008e-03 5.43910076e+00 9.34043896e+00 2.02186405e-02 6.194738e-01 1.717276e+00 4.916300e+01 2.432067e+01 1.764405e-01 3.0611e-03 6.0670e-03 -1.9575e-05 0.03627 1.49482e-01 2.26791e-01 3.40477e-01 6.70920e-03
6.303097 4.51524018e-02 2.79564822e-02 7.31088840e-02 8.58798406e-03 5.19980567e+00 9.04929299e+00 1.94489043e-02 6.191583e-01 1.740314e+00 4.615840e+01 2.316976e+01 1.693616e-01 2.9341e-03 5.8027e-03 -1.9770e-05 0.03551 1.44820e-01 2.20979e-01 3.35004e-01 6.45193e-03
6.403146 4.39373075e-02 2.72125817e-02 7.11498892e-02 8.57001080e-03 5.02832055e+00 8.78807527e+00 1.88447164e-02 6.193502e-01 1.747716e+00 4.255720e+01 2.384928e+01 1.665930e-01 2.8139e-03 5.5541e-03 -1.5789e-05 0.03526 1.45197e-01 2.19355e-01 3.33176e-01 6.41251e-03
6.503195 4.28344105e-02 2.64690048e-02 6.93034152e-02 8.56352454e-03 4.87235879e+00 8.53449060e+00 1.82792082e-02 6.179379e-01 1.751614e+00 3.890041e+01 2.418225e+01 1.626872e-01 2.7206e-03 5.2990e-03 -1.9876e-05 0.03524 1.45707e-01 2.17318e-01 3.30324e-01 6.26310e-03
6.603244 4.17304554e-02 2.57533222e-02 6.74837776e-02 8.52378090e-03 4.65310315e+00 8.31556353e+00 1.76217698e-02 6.171349e-01 1.787101e+00 3.536554e+01 2.292910e+01 1.705069e-01 2.6570e-03 5.0730e-03 -2.0365e-05 0.03564 1.38790e-01 2.08522e-01 3.21665e-01 5.87516e-03
6.703293 4.06538715e-02 2.50644648e-02 6.57183363e-02 8.48796900e-03 4.54350740e+00 8.12315441e+00 1.72101692e-02 6.165333e-01 1.787860e+00 3.223520e+01 2.445508e+01 1.721728e-01 2.6232e-03 4.8844e-03 -1.7179e-05 0.03570 1.41202e-01 2.08469e-01 3.20526e-01 6.22439e-03
6.803343 3.96380581e-02 2.43798639e-02 6.40179220e-02 8.44425906e-03 4.36896604e+00 7.92912434e+00 1.66670564e-02 6.150620e-01 1.814874e+00 2.965406e+01 2.266016e+01 1.813380e-01 2.6137e-03 4.6969e-03 -1.9461e-05 0.03560 1.35799e-01 2.01410e-01 3.13055e-01 5.72365e-03
6.903392 3.86477697e-02 2.37155577e-02 6.23633274e-02 8.37362182e-03 4.20934607e+00 7.74107000e+00 1.61597621e-02 6.136333e-01 1.839020e+00 2.755140e+01 2.204210e+01 1.920270e-01 2.6338e-03 4.5114e-03 -1.9107e-05 0.03577 1.31053e-01 1.95366e-01 3.06777e-01 5.54224e-03
7.003441 3.76837977e-02 2.30662811e-02 6.07500789e-02 8.31061204e-03 4.10058612e+00 7.54632172e+00 1.57474940e-02 6.121008e-01 1.840303e+00 2.600328e+01 2.218057e+01 1.952545e-01 2.6730e-03 4.3395e-03 -1.9393e-05 0.03558 1.31291e-01 1.94234e-01 3.04959e-01 5.63665e-03
7.103490 3.67572829e-02 2.24340479e-02 5.91913308e-02 8.22807037e-03 3.94143154e+00 7.34525320e+00 1.52281163e-02 6.103293e-01 1.863600e+00 2.511693e+01 2.091128e+01 2.056206e-01 2.6802e-03 4.1859e-03 -1.9983e-05 0.03570 1.25593e-01 1.87926e-01 2.98950e-01 5.35240e-03
7.203539 3.58493869e-02 2.18227432e-02 5.76721301e-02 8.12627528e-03 3.80468414e+00 7.14353048e+00 1.47528988e-02 6.087341e-01 1.877562e+00 2.483352e+01 2.036361e+01 2.116343e-01 2.6179e-03 4.0377e-03 -1.7389e-05 0.03518 1.22208e-01 1.84109e-01 2.95536e-01 5.17238e-03
7.303588 3.50011906e-02 2.12140272e-02 5.62152178e-02 8.03401928e-03 3.69922071e+00 6.93004436e+00 1.43284858e-02 6.060944e-01 1.873380e+00 2.511038e+01 2.032214e+01 2.136153e-01 2.5090e-03 3.8953e-03 -2.0638e-05 0.03457 1.22180e-01 1.83490e-01 2.94721e-01 5.11647e-03
7.403638 3.41689916e-02 2.06280407e-02 5.47970323e-02 7.91583565e-03 3.54314264e+00 6.72465897e+00 1.38109442e-02 6.037065e-01 1.897936e+00 2.558888e+01 1.866334e+01 2.273195e-01 2.4058e-03 3.7721e-03 -2.0962e-05 0.03460 1.15490e-01 1.77013e-01 2.89006e-01 4.85048e-03
7.503687 3.33441378e-02 2.00653794e-02 5.34095172e-02 7.79544369e-03 3.43928355e+00 6.52842408e+00 1.34069912e-02 6.017663e-01 1.898193e+00 2.575659e+01 1.902646e+01 2.295170e-01 2.3326e-03 3.6672e-03 -1.7333e-05 0.03386 1.15369e-01 1.76959e-01 2.88850e-01 4.94595e-03
7.603736 3.25925185e-02 1.95048910e-02 5.20974095e-02 7.67578016e-03 3.31129252e+00 6.32488052e+00 1.29474656e-02 5.984469e-01 1.910094e+00 2.541894e+01 1.752546e+01 2.301438e-01 2.2923e-03 3.5631e-03 -2.0542e-05 0.03299 1.12078e-01 1.74027e-01 2.85652e-01 4.57925e-03
7.703785 3.18430223e-02 1.89684677e-02 5.08114899e-02 7.53820195e-03 3.17237874e+00 6.12750409e+00 1.24722616e-02 5.956868e-01 1.931517e+00 2.441786e+01 1.646177e+01 2.360376e-01 2.2808e-03 3.4873e-03 -2.0843e-05 0.03275 1.07379e-01 1.70061e-01 2.81599e-01 4.40017e-03
7.803834 3.11151797e-02 1.84549555e-02 4.95701353e-02 7.40709718e-03 3.07222583e+00 5.93357352e+00 1.20780252e-02 5.931174e-01 1.931360e+00 2.336634e+01 1.722042e+01 2.269253e-01 2.2913e-03 3.4293e-03 -1.8963e-05 0.03185 1.08305e-01 1.71474e-01 2.82240e-01 4.55643e-03
7.903883 3.04206994e-02 1.79544120e-02 4.83751115e-02 7.27422513e-03 2.94156403e+00 5.73412213e+00 1.16172502e-02 5.902038e-01 1.949345e+00 2.295106e+01 1.625777e+01 2.238183e-01 2.3133e-03 3.3836e-03 -2.0492e-05 0.03121 1.04434e-01 1.68425e-01 2.78804e-01 4.21917e-03
8.003932 2.97504798e-02 1.74799623e-02 4.72304421e-02 7.13260065e-03 2.81965762e+00 5.53735422e+00 1.11766694e-02 5.875523e-01 1.963839e+00 2.235772e+01 1.619209e+01 2.199607e-01 2.3389e-03 3.3563e-03 -1.9402e-05 0.03056 1.01402e-01 1.66256e-01 2.76297e-01 4.04070e-03
8.103982 2.90995215e-02 1.70211832e-02 4.61207047e-02 7.00444677e-03 2.73127006e+00 5.34298205e+00 1.08055222e-02 5.849300e-01 1.956226e+00 2.161341e+01 1.670741e+01 2.074435e-01 2.3766e-03 3.3321e-03 -2.0760e-05 0.02960 1.03063e-01 1.68362e-01 2.77348e-01 4.07866e-03
8.204031 2.84699389e-02 1.65843005e-02 4.50542395e-02 6.87148469e-03 2.61393377e+00 5.15952792e+00 1.03873955e-02 5.825197e-01 1.973856e+00 2.086241e+01 1.527844e+01 2.087716e-01 2.4361e-03 3.3151e-03 -2.1246e-05 0.02903 9.89845e-02 1.65250e-01 2.73849e-01 3.88600e-03
8.304080 2.78421862e-02 1.61728729e-02 4.40150591e-02 6.74215892e-03 2.52233670e+00 4.98878415e+00 1.00334575e-02 5.808765e-01 1.977842e+00 2.012381e+01 1.582928e+01 2.076454e-01 2.4604e-03 3.3055e-03 -1.8340e-05 0.02820 9.84785e-02 1.65566e-01 2.73461e-01 3.80417e-03
8.404129 2.72647498e-02 1.57690974e-02 4.30338472e-02 6.62483606e-03 2.44329225e+00 4.82205041e+00 9.70863491e-03 5.783694e-01 1.973587e+00 1.933523e+01 1.576302e+01 2.037253e-01 2.4139e-03 3.2839e-03 -2.1461e-05 0.02750 9.91783e-02 1.66884e-01 2.73726e-01 3.72992e-03
8.504178 2.66826453e-02 1.53865788e-02 4.20692242e-02 6.50466870e-03 2.34805785e+00 4.66984957e+00 9.36596526e-03 5.766512e-01 1.988814e+00 1.869822e+01 1.482079e+01 2.144969e-01 2.3306e-03 3.2696e-03 -2.1850e-05 0.02716 9.57204e-02 1.64471e-01 2.70967e-01 3.53616e-03
8.604227 2.61068904e-02 1.50239450e-02 4.11308354e-02 6.39399190e-03 2.28537525e+00 4.53226242e+00 9.10301292e-03 5.754782e-01 1.983159e+00 1.819981e+01 1.516635e+01 2.137503e-01 2.2238e-03 3.2556e-03 -1.8924e-05 0.02662 9.74488e-02 1.66927e-01 2.72640e-01 3.68900e-03
8.704277 2.55690634e-02 1.46648037e-02 4.02338671e-02 6.29177837e-03 2.21261038e+00 4.40107367e+00 8.82629442e-03 5.735370e-01 1.989087e+00 1.769750e+01 1.464188e+01 2.178045e-01 2.1056e-03 3.2273e-03 -2.1351e-05 0.02634 9.60987e-02 1.66293e-01 2.71225e-01 3.39475e-03
8.804326 2.50381556e-02 1.43229204e-02 3.93610759e-02 6.18776169e-03 2.14035810e+00 4.28269535e+00 8.56341155e-03 5.720437e-01 2.000925e+00 1.745265e+01 1.407903e+01 2.310166e-01 2.0268e-03 3.2083e-03 -2.1239e-05 0.02616 9.39801e-02 1.64833e-01 2.69144e-01 3.31551e-03
8.904375 2.45144794e-02 1.39901736e-02 3.85046530e-02 6.09479835e-03 2.09335078e+00 4.17197320e+00 8.35867477e-03 5.706902e-01 1.992964e+00 1.722186e+01 1.435586e+01 2.307803e-01 2.0056e-03 3.1812e-03 -2.0560e-05 0.02570 9.65217e-02 1.67435e-01 2.70629e-01 3.40581e-03
9.004424 2.40117845e-02 1.36619244e-02 3.76737089e-02 6.00429170e-03 2.02835896e+00 4.06397952e+00 8.12069745e-03 5.689675e-01 2.003580e+00 1.701039e+01 1.356641e+01 2.431593e-01 2.0170e-03 3.1507e-03 -2.1626e-05 0.02550 9.45363e-02 1.65630e-01 2.68116e-01 3.20790e-03
9.104473 2.35209105e-02 1.33466754e-02 3.68675859e-02 5.91377718e-03 1.97064334e+00 3.96047152e+00 7.90175820e-03 5.674387e-01 2.009735e+00 1.678864e+01 1.311688e+01 2.516776e-01 2.0340e-03 3.1358e-03 -1.9931e-05 0.02535 9.36829e-02 1.64783e-01 2.66494e-01 3.10810e-03
9.204522 2.30539424e-02 1.30312696e-02 3.60852120e-02 5.83205946e-03 1.93064454e+00 3.85481505e+00 7.71610414e-03 5.652512e-01 1.996647e+00 1.650449e+01 1.316772e+01 2.525062e-01 2.0401e-03 3.1145e-03 -2.1896e-05 0.02498 9.63328e-02 1.66993e-01 2.67262e-01 3.19656e-03
9.304571 2.25956362e-02 1.27224916e-02 3.53181278e-02 5.74830978e-03 1.87008508e+00 3.75120065e+00 7.49137081e-03 5.630508e-01 2.005898e+00 1.621715e+01 1.289895e+01 2.703103e-01 2.0337e-03 3.1028e-03 -2.2349e-05 0.02492 9.36058e-02 1.64373e-01 2.63760e-01 3.00248e-03
9.404621 2.21413061e-02 1.24236023e-02 3.45649084e-02 5.66786813e-03 1.82597682e+00 3.65057811e+00 7.30253174e-03 5.611052e-01 1.999247e+00 1.591509e+01 1.278057e+01 2.743043e-01 2.0182e-03 3.0988e-03 -1.9511e-05 0.02451 9.44403e-02 1.65199e-01 2.63529e-01 3.03892e-03
9.504670 2.17293314e-02 1.21201821e-02 3.38495135e-02 5.59292782e-03 1.78143765e+00 3.54575030e+00 7.10862561e-03 5.577798e-01 1.990387e+00 1.552993e+01 1.257299e+01 2.753816e-01 1.9964e-03 3.0782e-03 -2.2240e-05 0.02436 9.47915e-02 1.65378e-01 2.62714e-01 2.90436e-03
9.604719 2.13182694e-02 1.18247577e-02 3.31430272e-02 5.51544458e-03 1.72929078e+00 3.44283283e+00 6.90141439e-03 5.546772e-01 1.990893e+00 1.510963e+01 1.192932e+01 2.909440e-01 1.9704e-03 3.0663e-03 -2.2524e-05 0.02396 9.29913e-02 1.63541e-01 2.60488e-01 2.83027e-03
9.704768 2.09151969e-02 1.15354075e-02 3.24506044e-02 5.44269611e-03 1.69361963e+00 3.34065031e+00 6.72788957e-03 5.515323e-01 1.972491e+00 1.471293e+01 1.224683e+01 2.900485e-01 1.9373e-03 3.0514e-03 -2.0462e-05 0.02383 9.54761e-02 1.65675e-01 2.62065e-01 2.92936e-03
9.804817 2.05413837e-02 1.12439173e-02 3.17853010e-02 5.37355297e-03 1.64717069e+00 3.23440409e+00 6.52874546e-03 5.473788e-01 1.963612e+00 1.488952e+01 1.138858e+01 2.941810e-01 1.8961e-03 3.0314e-03 -2.2260e-05 0.02365 9.49855e-02 1.64938e-01 2.61094e-01 2.75482e-03
9.904866 2.01794872e-02 1.09618511e-02 3.11413383e-02 5.30197112e-03 1.60053748e+00 3.12866456e+00 6.32973952e-03 5.432175e-01 1.954759e+00 1.488781e+01 1.103453e+01 3.013680e-01 1.8523e-03 3.0332e-03 -2.1642e-05 0.02334 9.44832e-02 1.64187e-01 2.60368e-01 2.69188e-03
9.999999 1.98445452e-02 1.06963408e-02 3.05408861e-02 5.24001787e-03 1.57122157e+00 3.02599015e+00 6.16843329e-03 5.390066e-01 1.925884e+00 1.450855e+01 1.112809e+01 2.968830e-01 1.8119e-03 3.0305e-03 -2.1721e-05 0.02328 9.82892e-02 1.67343e-01 2.63164e-01 2.83279e-03
