# tg_mhd (CUDA FP64)  hydro_noslip_nofield_n512_re1000  N=512 L=512 Re=1000 Pm=1 u0=0.05 nu_lat=8.132818e-03 eta_lat=8.132818e-03 tau_f=0.524398 tau_m=0.532531 dt=3.073965e-04 fw=profile
# t E_V E_M E_T H_C Omega_V Omega_M eps EM/EV OmM/OmV j_max w_max skew divb/j divb_wall/j mass_drift umax_lat fw1 fw2 fw4 tau_wall
0.000000 1.24023441e-01 0.00000000e+00 1.24023441e-01 0.00000000e+00 7.12827690e+01 0.00000000e+00 1.42565538e-01 0.000000e+00 0.000000e+00 0.000000e+00 2.439788e+02 6.015096e-20 0.0000e+00 0.0000e+00 +0.0000e+00 0.05000 9.94951e-01 9.95163e-01 9.95590e-01 1.20144e-01
0.099904 1.19538724e-01 0.00000000e+00 1.19538724e-01 0.00000000e+00 1.24372875e+01 0.00000000e+00 2.48745749e-02 0.000000e+00 0.000000e+00 0.000000e+00 5.735407e+01 1.443089e-01 0.0000e+00 0.0000e+00 +5.9409e-06 0.05023 9.67670e-01 9.72315e-01 9.74753e-01 2.74842e-02
0.199808 1.17565204e-01 0.00000000e+00 1.17565204e-01 0.00000000e+00 8.96345084e+00 0.00000000e+00 1.79269017e-02 0.000000e+00 0.000000e+00 0.000000e+00 4.085060e+01 2.335500e-02 0.0000e+00 0.0000e+00 +3.9291e-06 0.04980 9.28637e-01 9.61452e-01 9.64834e-01 1.95653e-02
0.299712 1.15981607e-01 0.00000000e+00 1.15981607e-01 0.00000000e+00 7.38691825e+00 0.00000000e+00 1.47738365e-02 0.000000e+00 0.000000e+00 0.000000e+00 3.361278e+01 2.514062e-01 0.0000e+00 0.0000e+00 +5.8589e-07 0.04978 8.78488e-01 9.52695e-01 9.57065e-01 1.60608e-02
0.399616 1.14418371e-01 0.00000000e+00 1.14418371e-01 0.00000000e+00 6.48480764e+00 0.00000000e+00 1.29696153e-02 0.000000e+00 0.000000e+00 0.000000e+00 3.031514e+01 2.864950e-01 0.0000e+00 0.0000e+00 +6.8407e-06 0.04950 8.29900e-01 9.44441e-01 9.50777e-01 1.39794e-02
0.499519 1.13347538e-01 0.00000000e+00 1.13347538e-01 0.00000000e+00 5.90906056e+00 0.00000000e+00 1.18181211e-02 0.000000e+00 0.000000e+00 0.000000e+00 2.781203e+01 2.186527e-01 0.0000e+00 0.0000e+00 +1.7205e-06 0.04894 7.86512e-01 9.35302e-01 9.45368e-01 1.28780e-02
0.599423 1.12228598e-01 0.00000000e+00 1.12228598e-01 0.00000000e+00 5.38360115e+00 0.00000000e+00 1.07672023e-02 0.000000e+00 0.000000e+00 0.000000e+00 2.482709e+01 4.778757e-01 0.0000e+00 0.0000e+00 +2.2153e-06 0.04898 7.44193e-01 9.23251e-01 9.39287e-01 1.14831e-02
0.699327 1.11004816e-01 0.00000000e+00 1.11004816e-01 0.00000000e+00 5.14874799e+00 0.00000000e+00 1.02974960e-02 0.000000e+00 0.000000e+00 0.000000e+00 2.541662e+01 3.825712e-01 0.0000e+00 0.0000e+00 +6.4179e-06 0.04821 7.15459e-01 9.12545e-01 9.35660e-01 1.13744e-02
0.799231 1.10192266e-01 0.00000000e+00 1.10192266e-01 0.00000000e+00 4.83237387e+00 0.00000000e+00 9.66474773e-03 0.000000e+00 0.000000e+00 0.000000e+00 2.283736e+01 4.542826e-01 0.0000e+00 0.0000e+00 +2.7548e-07 0.04786 6.82052e-01 8.97799e-01 9.30186e-01 1.03420e-02
0.899135 1.09166994e-01 0.00000000e+00 1.09166994e-01 0.00000000e+00 4.62191324e+00 0.00000000e+00 9.24382648e-03 0.000000e+00 0.000000e+00 0.000000e+00 2.243762e+01 6.039172e-01 0.0000e+00 0.0000e+00 +4.1533e-06 0.04767 6.56430e-01 8.83441e-01 9.25662e-01 1.01072e-02
0.999039 1.08230504e-01 0.00000000e+00 1.08230504e-01 0.00000000e+00 4.51641993e+00 0.00000000e+00 9.03283986e-03 0.000000e+00 0.000000e+00 0.000000e+00 2.279163e+01 5.140507e-01 0.0000e+00 0.0000e+00 +4.9611e-06 0.04681 6.38394e-01 8.70309e-01 9.22255e-01 9.92646e-03
1.098943 1.07435127e-01 0.00000000e+00 1.07435127e-01 0.00000000e+00 4.35784255e+00 0.00000000e+00 8.71568511e-03 0.000000e+00 0.000000e+00 0.000000e+00 2.140045e+01 6.180419e-01 0.0000e+00 0.0000e+00 -2.1142e-07 0.04653 6.16552e-01 8.54413e-01 9.17321e-01 9.53760e-03
1.198847 1.06452903e-01 0.00000000e+00 1.06452903e-01 0.00000000e+00 4.21463315e+00 0.00000000e+00 8.42926630e-03 0.000000e+00 0.000000e+00 0.000000e+00 2.076672e+01 7.203618e-01 0.0000e+00 0.0000e+00 +5.7251e-06 0.04625 5.96481e-01 8.38276e-01 9.12160e-01 9.18566e-03
1.298750 1.05698407e-01 0.00000000e+00 1.05698407e-01 0.00000000e+00 4.26924735e+00 0.00000000e+00 8.53849471e-03 0.000000e+00 0.000000e+00 0.000000e+00 2.240502e+01 5.955992e-01 0.0000e+00 0.0000e+00 +2.9343e-06 0.04526 5.94608e-01 8.29044e-01 9.10463e-01 9.68399e-03
1.398654 1.04896974e-01 0.00000000e+00 1.04896974e-01 0.00000000e+00 4.05615538e+00 0.00000000e+00 8.11231075e-03 0.000000e+00 0.000000e+00 0.000000e+00 1.982247e+01 7.904616e-01 0.0000e+00 0.0000e+00 +8.4364e-07 0.04536 5.66801e-01 8.08225e-01 9.02352e-01 8.67240e-03
1.498558 1.03929952e-01 0.00000000e+00 1.03929952e-01 0.00000000e+00 4.12359911e+00 0.00000000e+00 8.24719822e-03 0.000000e+00 0.000000e+00 0.000000e+00 2.167259e+01 7.406419e-01 0.0000e+00 0.0000e+00 +6.2012e-06 0.04456 5.68130e-01 8.00107e-01 9.00275e-01 9.36896e-03
1.598462 1.03252502e-01 0.00000000e+00 1.03252502e-01 0.00000000e+00 4.07810289e+00 0.00000000e+00 8.15620578e-03 0.000000e+00 0.000000e+00 0.000000e+00 2.097780e+01 7.254568e-01 0.0000e+00 0.0000e+00 +1.1540e-06 0.04411 5.56755e-01 7.86221e-01 8.94802e-01 8.96530e-03
1.698366 1.02430050e-01 0.00000000e+00 1.02430050e-01 0.00000000e+00 4.01424688e+00 0.00000000e+00 8.02849375e-03 0.000000e+00 0.000000e+00 0.000000e+00 2.028837e+01 8.557598e-01 0.0000e+00 0.0000e+00 +2.5115e-06 0.04391 5.43639e-01 7.71229e-01 8.88306e-01 8.75585e-03
1.798270 1.01518715e-01 0.00000000e+00 1.01518715e-01 0.00000000e+00 4.07981326e+00 0.00000000e+00 8.15962652e-03 0.000000e+00 0.000000e+00 0.000000e+00 2.162216e+01 7.816416e-01 0.0000e+00 0.0000e+00 +5.5336e-06 0.04334 5.44760e-01 7.63641e-01 8.84926e-01 9.14960e-03
1.898174 1.00817947e-01 0.00000000e+00 1.00817947e-01 0.00000000e+00 4.09120407e+00 0.00000000e+00 8.18240813e-03 0.000000e+00 0.000000e+00 0.000000e+00 2.100272e+01 7.941625e-01 0.0000e+00 0.0000e+00 +1.9400e-09 0.04290 5.39115e-01 7.52836e-01 8.79470e-01 8.88457e-03
1.998078 9.99399040e-02 0.00000000e+00 9.99399040e-02 0.00000000e+00 4.02247893e+00 0.00000000e+00 8.04495786e-03 0.000000e+00 0.000000e+00 0.000000e+00 2.044291e+01 8.991953e-01 0.0000e+00 0.0000e+00 +4.2733e-06 0.04289 5.24529e-01 7.37229e-01 8.71261e-01 8.62300e-03
2.097981 9.91288904e-02 0.00000000e+00 9.91288904e-02 0.00000000e+00 4.20735441e+00 0.00000000e+00 8.41470882e-03 0.000000e+00 0.000000e+00 0.000000e+00 2.249001e+01 7.666589e-01 0.0000e+00 0.0000e+00 +3.9742e-06 0.04208 5.38470e-01 7.37807e-01 8.70550e-01 9.32570e-03
2.197885 9.83404050e-02 0.00000000e+00 9.83404050e-02 0.00000000e+00 4.10762416e+00 0.00000000e+00 8.21524832e-03 0.000000e+00 0.000000e+00 0.000000e+00 2.037371e+01 8.599472e-01 0.0000e+00 0.0000e+00 -4.4179e-09 0.04202 5.19625e-01 7.20163e-01 8.60429e-01 8.57324e-03
2.297789 9.74175982e-02 0.00000000e+00 9.74175982e-02 0.00000000e+00 4.19776712e+00 0.00000000e+00 8.39553423e-03 0.000000e+00 0.000000e+00 0.000000e+00 2.151316e+01 8.480578e-01 0.0000e+00 0.0000e+00 +5.3717e-06 0.04165 5.22767e-01 7.15271e-01 8.56351e-01 8.94087e-03
2.397693 9.66474615e-02 0.00000000e+00 9.66474615e-02 0.00000000e+00 4.29004927e+00 0.00000000e+00 8.58009854e-03 0.000000e+00 0.000000e+00 0.000000e+00 2.214182e+01 7.594343e-01 0.0000e+00 0.0000e+00 +2.1508e-06 0.04115 5.25477e-01 7.10711e-01 8.52048e-01 9.12983e-03
2.497597 9.58093615e-02 0.00000000e+00 9.58093615e-02 0.00000000e+00 4.24217187e+00 0.00000000e+00 8.48434374e-03 0.000000e+00 0.000000e+00 0.000000e+00 2.104713e+01 8.427773e-01 0.0000e+00 0.0000e+00 +1.0449e-06 0.04102 5.12376e-01 6.96655e-01 8.42527e-01 8.56720e-03
2.597501 9.48416532e-02 0.00000000e+00 9.48416532e-02 0.00000000e+00 4.34979061e+00 0.00000000e+00 8.69958122e-03 0.000000e+00 0.000000e+00 0.000000e+00 2.256901e+01 7.701581e-01 0.0000e+00 0.0000e+00 +5.4695e-06 0.04072 5.17236e-01 6.93767e-01 8.38534e-01 9.13845e-03
2.697405 9.40689841e-02 0.00000000e+00 9.40689841e-02 0.00000000e+00 4.40167126e+00 0.00000000e+00 8.80334252e-03 0.000000e+00 0.000000e+00 0.000000e+00 2.254581e+01 7.144599e-01 0.0000e+00 0.0000e+00 +6.2968e-07 0.04027 5.15453e-01 6.87149e-01 8.32098e-01 8.87000e-03
2.797309 9.31724115e-02 0.00000000e+00 9.31724115e-02 0.00000000e+00 4.35768540e+00 0.00000000e+00 8.71537080e-03 0.000000e+00 0.000000e+00 0.000000e+00 2.255940e+01 7.781097e-01 0.0000e+00 0.0000e+00 +2.6045e-06 0.04026 5.03299e-01 6.73730e-01 8.21732e-01 8.67586e-03
2.897212 9.22402843e-02 0.00000000e+00 9.22402843e-02 0.00000000e+00 4.48780993e+00 0.00000000e+00 8.97561987e-03 0.000000e+00 0.000000e+00 0.000000e+00 2.362555e+01 6.568930e-01 0.0000e+00 0.0000e+00 +4.5847e-06 0.03978 5.10958e-01 6.73334e-01 8.18064e-01 9.09841e-03
2.997116 9.14005015e-02 0.00000000e+00 9.14005015e-02 0.00000000e+00 4.45915297e+00 0.00000000e+00 8.91830594e-03 0.000000e+00 0.000000e+00 0.000000e+00 2.359551e+01 6.541832e-01 0.0000e+00 0.0000e+00 -2.0319e-07 0.03950 5.00935e-01 6.61454e-01 8.07536e-01 8.72492e-03
3.097020 9.04687827e-02 0.00000000e+00 9.04687827e-02 0.00000000e+00 4.44735203e+00 0.00000000e+00 8.89470406e-03 0.000000e+00 0.000000e+00 0.000000e+00 2.352248e+01 6.620744e-01 0.0000e+00 0.0000e+00 +4.0840e-06 0.03929 4.93101e-01 6.50755e-01 7.97303e-01 8.62262e-03
3.196924 8.95890548e-02 0.00000000e+00 8.95890548e-02 0.00000000e+00 4.55308886e+00 0.00000000e+00 9.10617772e-03 0.000000e+00 0.000000e+00 0.000000e+00 2.476738e+01 5.407664e-01 0.0000e+00 0.0000e+00 +3.0514e-06 0.03883 4.98833e-01 6.49483e-01 7.92074e-01 9.06712e-03
3.296828 8.87061563e-02 0.00000000e+00 8.87061563e-02 0.00000000e+00 4.45571158e+00 0.00000000e+00 8.91142316e-03 0.000000e+00 0.000000e+00 0.000000e+00 2.384313e+01 5.724088e-01 0.0000e+00 0.0000e+00 +5.8189e-08 0.03849 4.81624e-01 6.32358e-01 7.76899e-01 8.35878e-03
3.396732 8.77420180e-02 0.00000000e+00 8.77420180e-02 0.00000000e+00 4.50372552e+00 0.00000000e+00 9.00745105e-03 0.000000e+00 0.000000e+00 0.000000e+00 2.499213e+01 5.233935e-01 0.0000e+00 0.0000e+00 +4.8485e-06 0.03812 4.81452e-01 6.26897e-01 7.68499e-01 8.77209e-03
3.496636 8.69046830e-02 0.00000000e+00 8.69046830e-02 0.00000000e+00 4.50518672e+00 0.00000000e+00 9.01037344e-03 0.000000e+00 0.000000e+00 0.000000e+00 2.464437e+01 4.343254e-01 0.0000e+00 0.0000e+00 +1.4320e-06 0.03758 4.76005e-01 6.17958e-01 7.57377e-01 8.51102e-03
3.596540 8.60097822e-02 0.00000000e+00 8.60097822e-02 0.00000000e+00 4.44333553e+00 0.00000000e+00 8.88667106e-03 0.000000e+00 0.000000e+00 0.000000e+00 2.495901e+01 4.772087e-01 0.0000e+00 0.0000e+00 +1.1423e-06 0.03722 4.63097e-01 6.03498e-01 7.42451e-01 8.32443e-03
3.696443 8.50553568e-02 0.00000000e+00 8.50553568e-02 0.00000000e+00 4.45370991e+00 0.00000000e+00 8.90741982e-03 0.000000e+00 0.000000e+00 0.000000e+00 2.487491e+01 3.914860e-01 0.0000e+00 0.0000e+00 +4.7055e-06 0.03660 4.59059e-01 5.95411e-01 7.31436e-01 8.38097e-03
3.796347 8.42209621e-02 0.00000000e+00 8.42209621e-02 0.00000000e+00 4.44574329e+00 0.00000000e+00 8.89148657e-03 0.000000e+00 0.000000e+00 0.000000e+00 2.535433e+01 3.511043e-01 0.0000e+00 0.0000e+00 +1.2259e-07 0.03605 4.52989e-01 5.86109e-01 7.19316e-01 8.26899e-03
3.896251 8.33308150e-02 0.00000000e+00 8.33308150e-02 0.00000000e+00 4.34993480e+00 0.00000000e+00 8.69986960e-03 0.000000e+00 0.000000e+00 0.000000e+00 2.463125e+01 3.800450e-01 0.0000e+00 0.0000e+00 +2.6253e-06 0.03615 4.35808e-01 5.68329e-01 7.01474e-01 7.89955e-03
3.996155 8.24348351e-02 0.00000000e+00 8.24348351e-02 0.00000000e+00 4.40196583e+00 0.00000000e+00 8.80393166e-03 0.000000e+00 0.000000e+00 0.000000e+00 2.568812e+01 2.878992e-01 0.0000e+00 0.0000e+00 +3.6673e-06 0.03565 4.38037e-01 5.65337e-01 6.93889e-01 8.24079e-03
4.096059 8.15840536e-02 0.00000000e+00 8.15840536e-02 0.00000000e+00 4.29790636e+00 0.00000000e+00 8.59581272e-03 0.000000e+00 0.000000e+00 0.000000e+00 2.449901e+01 2.917911e-01 0.0000e+00 0.0000e+00 -3.6841e-07 0.03591 4.20212e-01 5.47285e-01 6.75682e-01 7.66139e-03
4.195963 8.07014150e-02 0.00000000e+00 8.07014150e-02 0.00000000e+00 4.27182242e+00 0.00000000e+00 8.54364485e-03 0.000000e+00 0.000000e+00 0.000000e+00 2.494872e+01 2.927291e-01 0.0000e+00 0.0000e+00 +3.8091e-06 0.03649 4.13052e-01 5.37341e-01 6.63655e-01 7.76238e-03
4.295867 7.98729723e-02 0.00000000e+00 7.98729723e-02 0.00000000e+00 4.24455361e+00 0.00000000e+00 8.48910722e-03 0.000000e+00 0.000000e+00 0.000000e+00 2.445559e+01 2.146788e-01 0.0000e+00 0.0000e+00 +2.2171e-06 0.03684 4.06585e-01 5.28242e-01 6.52337e-01 7.59177e-03
4.395771 7.90325794e-02 0.00000000e+00 7.90325794e-02 0.00000000e+00 4.16811951e+00 0.00000000e+00 8.33623903e-03 0.000000e+00 0.000000e+00 0.000000e+00 2.394028e+01 2.506992e-01 0.0000e+00 0.0000e+00 +6.4396e-08 0.03751 3.93718e-01 5.14303e-01 6.37693e-01 7.40051e-03
4.495674 7.81598937e-02 0.00000000e+00 7.81598937e-02 0.00000000e+00 4.11358952e+00 0.00000000e+00 8.22717903e-03 0.000000e+00 0.000000e+00 0.000000e+00 2.405709e+01 2.182041e-01 0.0000e+00 0.0000e+00 +4.3071e-06 0.03797 3.84558e-01 5.03273e-01 6.25604e-01 7.27825e-03
4.595578 7.73810871e-02 0.00000000e+00 7.73810871e-02 0.00000000e+00 4.09018510e+00 0.00000000e+00 8.18037021e-03 0.000000e+00 0.000000e+00 0.000000e+00 2.410184e+01 1.747141e-01 0.0000e+00 0.0000e+00 +7.4520e-07 0.03842 3.81085e-01 4.97144e-01 6.17230e-01 7.24589e-03
4.695482 7.65737974e-02 0.00000000e+00 7.65737974e-02 0.00000000e+00 3.97575194e+00 0.00000000e+00 7.95150389e-03 0.000000e+00 0.000000e+00 0.000000e+00 2.480620e+01 2.230613e-01 0.0000e+00 0.0000e+00 +1.2364e-06 0.03898 3.63943e-01 4.80095e-01 6.00800e-01 6.93270e-03
4.795386 7.57427389e-02 0.00000000e+00 7.57427389e-02 0.00000000e+00 3.95947504e+00 0.00000000e+00 7.91895009e-03 0.000000e+00 0.000000e+00 0.000000e+00 2.415481e+01 1.717388e-01 0.0000e+00 0.0000e+00 +3.8980e-06 0.03931 3.62997e-01 4.76189e-01 5.94621e-01 7.00761e-03
4.895290 7.49848357e-02 0.00000000e+00 7.49848357e-02 0.00000000e+00 3.87105320e+00 0.00000000e+00 7.74210640e-03 0.000000e+00 0.000000e+00 0.000000e+00 2.415704e+01 1.708096e-01 0.0000e+00 0.0000e+00 -2.4136e-07 0.03960 3.50995e-01 4.63586e-01 5.81610e-01 6.70148e-03
4.995194 7.42140337e-02 0.00000000e+00 7.42140337e-02 0.00000000e+00 3.79720881e+00 0.00000000e+00 7.59441762e-03 0.000000e+00 0.000000e+00 0.000000e+00 2.402363e+01 2.082605e-01 0.0000e+00 0.0000e+00 +2.5625e-06 0.03990 3.41411e-01 4.52913e-01 5.70297e-01 6.60023e-03
5.095098 7.34531771e-02 0.00000000e+00 7.34531771e-02 0.00000000e+00 3.75540669e+00 0.00000000e+00 7.51081338e-03 0.000000e+00 0.000000e+00 0.000000e+00 2.400509e+01 1.571060e-01 0.0000e+00 0.0000e+00 +2.8451e-06 0.03987 3.37903e-01 4.47354e-01 5.62982e-01 6.54019e-03
5.195002 7.27110831e-02 0.00000000e+00 7.27110831e-02 0.00000000e+00 3.67258552e+00 0.00000000e+00 7.34517104e-03 0.000000e+00 0.000000e+00 0.000000e+00 2.372313e+01 1.877515e-01 0.0000e+00 0.0000e+00 -4.5091e-07 0.03995 3.27342e-01 4.36129e-01 5.51108e-01 6.32940e-03
5.294905 7.19665093e-02 0.00000000e+00 7.19665093e-02 0.00000000e+00 3.60416002e+00 0.00000000e+00 7.20832004e-03 0.000000e+00 0.000000e+00 0.000000e+00 2.356198e+01 2.004696e-01 0.0000e+00 0.0000e+00 +3.5285e-06 0.03984 3.19114e-01 4.26743e-01 5.40956e-01 6.21296e-03
5.394809 7.12705992e-02 0.00000000e+00 7.12705992e-02 0.00000000e+00 3.56793277e+00 0.00000000e+00 7.13586554e-03 0.000000e+00 0.000000e+00 0.000000e+00 2.331864e+01 1.595767e-01 0.0000e+00 0.0000e+00 +1.4923e-06 0.03962 3.17327e-01 4.22856e-01 5.35115e-01 6.14545e-03
5.494713 7.05632727e-02 0.00000000e+00 7.05632727e-02 0.00000000e+00 3.47918277e+00 0.00000000e+00 6.95836553e-03 0.000000e+00 0.000000e+00 0.000000e+00 2.291005e+01 2.102217e-01 0.0000e+00 0.0000e+00 +1.8684e-07 0.03944 3.05065e-01 4.10223e-01 5.22379e-01 5.96607e-03
5.594617 6.98395917e-02 0.00000000e+00 6.98395917e-02 0.00000000e+00 3.43966417e+00 0.00000000e+00 6.87932835e-03 0.000000e+00 0.000000e+00 0.000000e+00 2.259828e+01 1.893934e-01 0.0000e+00 0.0000e+00 +3.7543e-06 0.03912 3.02280e-01 4.05442e-01 5.16218e-01 5.88583e-03
5.694521 6.91844587e-02 0.00000000e+00 6.91844587e-02 0.00000000e+00 3.38836446e+00 0.00000000e+00 6.77672892e-03 0.000000e+00 0.000000e+00 0.000000e+00 2.220381e+01 1.751118e-01 0.0000e+00 0.0000e+00 +2.7047e-07 0.03874 2.97119e-01 3.98761e-01 5.08492e-01 5.77648e-03
5.794425 6.85131473e-02 0.00000000e+00 6.85131473e-02 0.00000000e+00 3.32268405e+00 0.00000000e+00 6.64536811e-03 0.000000e+00 0.000000e+00 0.000000e+00 2.183567e+01 2.193494e-01 0.0000e+00 0.0000e+00 +1.3450e-06 0.03848 2.88337e-01 3.88932e-01 4.98400e-01 5.64654e-03
5.894329 6.78306448e-02 0.00000000e+00 6.78306448e-02 0.00000000e+00 3.29677042e+00 0.00000000e+00 6.59354083e-03 0.000000e+00 0.000000e+00 0.000000e+00 2.175054e+01 1.813296e-01 0.0000e+00 0.0000e+00 +3.2134e-06 0.03797 2.87723e-01 3.85987e-01 4.94126e-01 5.64146e-03
5.994233 6.71851412e-02 0.00000000e+00 6.71851412e-02 0.00000000e+00 3.24154342e+00 0.00000000e+00 6.48308685e-03 0.000000e+00 0.000000e+00 0.000000e+00 2.187207e+01 1.894210e-01 0.0000e+00 0.0000e+00 -4.3801e-07 0.03756 2.80461e-01 3.77421e-01 4.85123e-01 5.45164e-03
6.094136 6.65406463e-02 0.00000000e+00 6.65406463e-02 0.00000000e+00 3.19956761e+00 0.00000000e+00 6.39913523e-03 0.000000e+00 0.000000e+00 0.000000e+00 2.233731e+01 2.154953e-01 0.0000e+00 0.0000e+00 +2.5103e-06 0.03716 2.75253e-01 3.70513e-01 4.77768e-01 5.41817e-03
6.194040 6.59049342e-02 0.00000000e+00 6.59049342e-02 0.00000000e+00 3.17657189e+00 0.00000000e+00 6.35314378e-03 0.000000e+00 0.000000e+00 0.000000e+00 2.174791e+01 1.744808e-01 0.0000e+00 0.0000e+00 +2.1665e-06 0.03659 2.74016e-01 3.67022e-01 4.73158e-01 5.33257e-03
6.293944 6.52707906e-02 0.00000000e+00 6.52707906e-02 0.00000000e+00 3.13182106e+00 0.00000000e+00 6.26364211e-03 0.000000e+00 0.000000e+00 0.000000e+00 2.247846e+01 2.048493e-01 0.0000e+00 0.0000e+00 -4.1222e-07 0.03618 2.67086e-01 3.58643e-01 4.64442e-01 5.26424e-03
6.393848 6.46320863e-02 0.00000000e+00 6.46320863e-02 0.00000000e+00 3.10207942e+00 0.00000000e+00 6.20415884e-03 0.000000e+00 0.000000e+00 0.000000e+00 2.205401e+01 2.048020e-01 0.0000e+00 0.0000e+00 +3.2366e-06 0.03588 2.62825e-01 3.52519e-01 4.57757e-01 5.16823e-03
6.493752 6.40341310e-02 0.00000000e+00 6.40341310e-02 0.00000000e+00 3.08831355e+00 0.00000000e+00 6.17662710e-03 0.000000e+00 0.000000e+00 0.000000e+00 2.213080e+01 1.798700e-01 0.0000e+00 0.0000e+00 +9.3766e-07 0.03652 2.61995e-01 3.49449e-01 4.53431e-01 5.15952e-03
6.593656 6.34177034e-02 0.00000000e+00 6.34177034e-02 0.00000000e+00 3.04423869e+00 0.00000000e+00 6.08847738e-03 0.000000e+00 0.000000e+00 0.000000e+00 2.222308e+01 2.162277e-01 0.0000e+00 0.0000e+00 +3.3928e-07 0.03625 2.53168e-01 3.39445e-01 4.43265e-01 5.04341e-03
6.693560 6.27880015e-02 0.00000000e+00 6.27880015e-02 0.00000000e+00 3.03620596e+00 0.00000000e+00 6.07241191e-03 0.000000e+00 0.000000e+00 0.000000e+00 2.202216e+01 1.952233e-01 0.0000e+00 0.0000e+00 +3.2399e-06 0.03681 2.52657e-01 3.36731e-01 4.39332e-01 5.04509e-03
6.793464 6.22002594e-02 0.00000000e+00 6.22002594e-02 0.00000000e+00 3.00595708e+00 0.00000000e+00 6.01191416e-03 0.000000e+00 0.000000e+00 0.000000e+00 2.165355e+01 1.899984e-01 0.0000e+00 0.0000e+00 -6.0491e-08 0.03725 2.46480e-01 3.29156e-01 4.31007e-01 4.87585e-03
6.893367 6.16043764e-02 0.00000000e+00 6.16043764e-02 0.00000000e+00 2.98247833e+00 0.00000000e+00 5.96495666e-03 0.000000e+00 0.000000e+00 0.000000e+00 2.198738e+01 2.222017e-01 0.0000e+00 0.0000e+00 +1.4328e-06 0.03709 2.41458e-01 3.22647e-01 4.23710e-01 4.87939e-03
6.993271 6.09969067e-02 0.00000000e+00 6.09969067e-02 0.00000000e+00 2.96794865e+00 0.00000000e+00 5.93589731e-03 0.000000e+00 0.000000e+00 0.000000e+00 2.109225e+01 1.996685e-01 0.0000e+00 0.0000e+00 +2.6194e-06 0.03820 2.38575e-01 3.18078e-01 4.17978e-01 4.78407e-03
7.093175 6.04082290e-02 0.00000000e+00 6.04082290e-02 0.00000000e+00 2.94656767e+00 0.00000000e+00 5.89313534e-03 0.000000e+00 0.000000e+00 0.000000e+00 2.125729e+01 2.206957e-01 0.0000e+00 0.0000e+00 -5.4610e-07 0.03826 2.33731e-01 3.11867e-01 4.10630e-01 4.72970e-03
7.193079 5.98191904e-02 0.00000000e+00 5.98191904e-02 0.00000000e+00 2.91958319e+00 0.00000000e+00 5.83916637e-03 0.000000e+00 0.000000e+00 0.000000e+00 2.073683e+01 2.467771e-01 0.0000e+00 0.0000e+00 +2.4408e-06 0.03851 2.26952e-01 3.03961e-01 4.01962e-01 4.63352e-03
7.292983 5.92430100e-02 0.00000000e+00 5.92430100e-02 0.00000000e+00 2.91952084e+00 0.00000000e+00 5.83904168e-03 0.000000e+00 0.000000e+00 0.000000e+00 2.027499e+01 2.343792e-01 0.0000e+00 0.0000e+00 +1.5823e-06 0.03897 2.27198e-01 3.02355e-01 3.98491e-01 4.64557e-03
7.392887 5.86582235e-02 0.00000000e+00 5.86582235e-02 0.00000000e+00 2.88459839e+00 0.00000000e+00 5.76919678e-03 0.000000e+00 0.000000e+00 0.000000e+00 2.003168e+01 2.727599e-01 0.0000e+00 0.0000e+00 -3.1309e-07 0.03876 2.17745e-01 2.92140e-01 3.87470e-01 4.50248e-03
7.492791 5.80675607e-02 0.00000000e+00 5.80675607e-02 0.00000000e+00 2.87823827e+00 0.00000000e+00 5.75647655e-03 0.000000e+00 0.000000e+00 0.000000e+00 1.955727e+01 2.798672e-01 0.0000e+00 0.0000e+00 +2.9248e-06 0.03854 2.15635e-01 2.88493e-01 3.82227e-01 4.48619e-03
7.592695 5.75110170e-02 0.00000000e+00 5.75110170e-02 0.00000000e+00 2.86286916e+00 0.00000000e+00 5.72573832e-03 0.000000e+00 0.000000e+00 0.000000e+00 1.887815e+01 2.784593e-01 0.0000e+00 0.0000e+00 +5.0409e-07 0.03869 2.10888e-01 2.82519e-01 3.74680e-01 4.36654e-03
7.692598 5.69396672e-02 0.00000000e+00 5.69396672e-02 0.00000000e+00 2.84427953e+00 0.00000000e+00 5.68855906e-03 0.000000e+00 0.000000e+00 0.000000e+00 1.879983e+01 3.088202e-01 0.0000e+00 0.0000e+00 +4.8277e-07 0.03768 2.04773e-01 2.75354e-01 3.66102e-01 4.33015e-03
7.792502 5.63530240e-02 0.00000000e+00 5.63530240e-02 0.00000000e+00 2.83626580e+00 0.00000000e+00 5.67253161e-03 0.000000e+00 0.000000e+00 0.000000e+00 1.793211e+01 2.998958e-01 0.0000e+00 0.0000e+00 +2.7710e-06 0.03803 2.01234e-01 2.70493e-01 3.59537e-01 4.27243e-03
7.892406 5.57985014e-02 0.00000000e+00 5.57985014e-02 0.00000000e+00 2.82903909e+00 0.00000000e+00 5.65807817e-03 0.000000e+00 0.000000e+00 0.000000e+00 1.758463e+01 3.013190e-01 0.0000e+00 0.0000e+00 -3.0987e-07 0.03794 1.97497e-01 2.65486e-01 3.52589e-01 4.19234e-03
7.992310 5.52356192e-02 0.00000000e+00 5.52356192e-02 0.00000000e+00 2.81019737e+00 0.00000000e+00 5.62039474e-03 0.000000e+00 0.000000e+00 0.000000e+00 1.717051e+01 3.219900e-01 0.0000e+00 0.0000e+00 +1.5099e-06 0.03758 1.89632e-01 2.56746e-01 3.42437e-01 4.11078e-03
8.092214 5.46662895e-02 0.00000000e+00 5.46662895e-02 0.00000000e+00 2.81977033e+00 0.00000000e+00 5.63954067e-03 0.000000e+00 0.000000e+00 0.000000e+00 1.645698e+01 3.007738e-01 0.0000e+00 0.0000e+00 +2.0653e-06 0.03795 1.89385e-01 2.54882e-01 3.38259e-01 4.14526e-03
8.192118 5.41046865e-02 0.00000000e+00 5.41046865e-02 0.00000000e+00 2.80532550e+00 0.00000000e+00 5.61065099e-03 0.000000e+00 0.000000e+00 0.000000e+00 1.614660e+01 3.109585e-01 0.0000e+00 0.0000e+00 -5.7109e-07 0.03803 1.81294e-01 2.45900e-01 3.27608e-01 3.99129e-03
8.292022 5.35367696e-02 0.00000000e+00 5.35367696e-02 0.00000000e+00 2.80578078e+00 0.00000000e+00 5.61156155e-03 0.000000e+00 0.000000e+00 0.000000e+00 1.618592e+01 3.082971e-01 0.0000e+00 0.0000e+00 +2.3132e-06 0.03813 1.76823e-01 2.40203e-01 3.20017e-01 3.95191e-03
8.391926 5.29849663e-02 0.00000000e+00 5.29849663e-02 0.00000000e+00 2.81586281e+00 0.00000000e+00 5.63172563e-03 0.000000e+00 0.000000e+00 0.000000e+00 1.623852e+01 2.873274e-01 0.0000e+00 0.0000e+00 +1.0829e-06 0.03829 1.74570e-01 2.36519e-01 3.14097e-01 3.98064e-03
8.491829 5.24188556e-02 0.00000000e+00 5.24188556e-02 0.00000000e+00 2.81020632e+00 0.00000000e+00 5.62041264e-03 0.000000e+00 0.000000e+00 0.000000e+00 1.579789e+01 2.922541e-01 0.0000e+00 0.0000e+00 -2.0597e-07 0.03825 1.67135e-01 2.28134e-01 3.03976e-01 3.82917e-03
8.591733 5.18400977e-02 0.00000000e+00 5.18400977e-02 0.00000000e+00 2.81965696e+00 0.00000000e+00 5.63931392e-03 0.000000e+00 0.000000e+00 0.000000e+00 1.591235e+01 2.796375e-01 0.0000e+00 0.0000e+00 +2.5916e-06 0.03828 1.63860e-01 2.23564e-01 2.97440e-01 3.86638e-03
8.691637 5.12898662e-02 0.00000000e+00 5.12898662e-02 0.00000000e+00 2.83048347e+00 0.00000000e+00 5.66096694e-03 0.000000e+00 0.000000e+00 0.000000e+00 1.561243e+01 2.676259e-01 0.0000e+00 0.0000e+00 +1.3497e-07 0.03820 1.60852e-01 2.19264e-01 2.91073e-01 3.79434e-03
8.791541 5.07239044e-02 0.00000000e+00 5.07239044e-02 0.00000000e+00 2.82945433e+00 0.00000000e+00 5.65890865e-03 0.000000e+00 0.000000e+00 0.000000e+00 1.527047e+01 2.840022e-01 0.0000e+00 0.0000e+00 +6.0603e-07 0.03811 1.54039e-01 2.11528e-01 2.81726e-01 3.70185e-03
8.891445 5.01409190e-02 0.00000000e+00 5.01409190e-02 0.00000000e+00 2.84667959e+00 0.00000000e+00 5.69335919e-03 0.000000e+00 0.000000e+00 0.000000e+00 1.530214e+01 2.801836e-01 0.0000e+00 0.0000e+00 +2.2909e-06 0.03795 1.52726e-01 2.08851e-01 2.77080e-01 3.78573e-03
8.991349 4.95789912e-02 0.00000000e+00 4.95789912e-02 0.00000000e+00 2.85582463e+00 0.00000000e+00 5.71164927e-03 0.000000e+00 0.000000e+00 0.000000e+00 1.552032e+01 2.976240e-01 0.0000e+00 0.0000e+00 -4.9014e-07 0.03772 1.48583e-01 2.03597e-01 2.70036e-01 3.67697e-03
9.091253 4.90052987e-02 0.00000000e+00 4.90052987e-02 0.00000000e+00 2.86168869e+00 0.00000000e+00 5.72337739e-03 0.000000e+00 0.000000e+00 0.000000e+00 1.575953e+01 3.252512e-01 0.0000e+00 0.0000e+00 +1.5133e-06 0.03753 1.43153e-01 1.97179e-01 2.62077e-01 3.58294e-03
9.191157 4.84293584e-02 0.00000000e+00 4.84293584e-02 0.00000000e+00 2.88957544e+00 0.00000000e+00 5.77915088e-03 0.000000e+00 0.000000e+00 0.000000e+00 1.598953e+01 3.331735e-01 0.0000e+00 0.0000e+00 +1.5453e-06 0.03714 1.43775e-01 1.96341e-01 2.59234e-01 3.79131e-03
9.291060 4.78486329e-02 0.00000000e+00 4.78486329e-02 0.00000000e+00 2.89729722e+00 0.00000000e+00 5.79459443e-03 0.000000e+00 0.000000e+00 0.000000e+00 1.620217e+01 3.621498e-01 0.0000e+00 0.0000e+00 -5.7170e-07 0.03737 1.37529e-01 1.89140e-01 2.50509e-01 3.52004e-03
9.390964 4.72588300e-02 0.00000000e+00 4.72588300e-02 0.00000000e+00 2.92270326e+00 0.00000000e+00 5.84540652e-03 0.000000e+00 0.000000e+00 0.000000e+00 1.702259e+01 3.794583e-01 0.0000e+00 0.0000e+00 +2.1160e-06 0.03980 1.35575e-01 1.85917e-01 2.45540e-01 3.62779e-03
9.490868 4.66809747e-02 0.00000000e+00 4.66809747e-02 0.00000000e+00 2.95285351e+00 0.00000000e+00 5.90570703e-03 0.000000e+00 0.000000e+00 0.000000e+00 1.827857e+01 3.870082e-01 0.0000e+00 0.0000e+00 +6.3405e-07 0.04330 1.33924e-01 1.82938e-01 2.40726e-01 3.65234e-03
9.590772 4.60860511e-02 0.00000000e+00 4.60860511e-02 0.00000000e+00 2.97687469e+00 0.00000000e+00 5.95374938e-03 0.000000e+00 0.000000e+00 0.000000e+00 1.976136e+01 3.999284e-01 0.0000e+00 0.0000e+00 -1.2116e-07 0.04641 1.29692e-01 1.77607e-01 2.33781e-01 3.49015e-03
9.690676 4.54723554e-02 0.00000000e+00 4.54723554e-02 0.00000000e+00 3.00817739e+00 0.00000000e+00 6.01635478e-03 0.000000e+00 0.000000e+00 0.000000e+00 2.121434e+01 3.995481e-01 0.0000e+00 0.0000e+00 +2.2190e-06 0.04945 1.27887e-01 1.74589e-01 2.29139e-01 3.62068e-03
9.790580 4.48790569e-02 0.00000000e+00 4.48790569e-02 0.00000000e+00 3.04256816e+00 0.00000000e+00 6.08513633e-03 0.000000e+00 0.000000e+00 0.000000e+00 2.222883e+01 4.014996e-01 0.0000e+00 0.0000e+00 -1.8445e-07 0.05133 1.27275e-01 1.72771e-01 2.25689e-01 3.61055e-03
9.890484 4.42676760e-02 0.00000000e+00 4.42676760e-02 0.00000000e+00 3.06315373e+00 0.00000000e+00 6.12630746e-03 0.000000e+00 0.000000e+00 0.000000e+00 2.249091e+01 4.225361e-01 0.0000e+00 0.0000e+00 +6.7122e-07 0.05152 1.22509e-01 1.67137e-01 2.18839e-01 3.43066e-03
9.990388 4.36411798e-02 0.00000000e+00 4.36411798e-02 0.00000000e+00 3.10763541e+00 0.00000000e+00 6.21527083e-03 0.000000e+00 0.000000e+00 0.000000e+00 2.202593e+01 4.373525e-01 0.0000e+00 0.0000e+00 +1.8026e-06 0.05091 1.23935e-01 1.67305e-01 2.17554e-01 3.71559e-03
9.999917 4.35843322e-02 0.00000000e+00 4.35843322e-02 0.00000000e+00 3.11155537e+00 0.00000000e+00 6.22311074e-03 0.000000e+00 0.000000e+00 0.000000e+00 2.196140e+01 4.399460e-01 0.0000e+00 0.0000e+00 +1.5916e-06 0.05085 1.23943e-01 1.67201e-01 2.17324e-01 3.71721e-03
