# tg_mhd (CUDA FP64)  tgi_slip_pv_n512_re1000  N=512 L=512 Re=1000 Pm=1 u0=0.05 nu_lat=8.132818e-03 eta_lat=8.132818e-03 tau_f=0.524398 tau_m=0.532531 dt=3.073965e-04 fw=profile
# t E_V E_M E_T H_C Omega_V Omega_M eps EM/EV OmM/OmV j_max w_max skew divb/j divb_wall/j mass_drift umax_lat fw1 fw2 fw4 tau_wall
0.000000 1.25000000e-01 1.25000000e-01 2.50000000e-01 1.73212746e-21 3.74995275e-01 3.74995275e-01 1.49998110e-03 1.000000e+00 1.000000e+00 1.732032e+00 1.999969e+00 2.964799e-18 1.0295e-14 4.6434e-15 +0.0000e+00 0.05000 5.95769e-02 1.17534e-01 2.28483e-01 0.00000e+00
0.099904 1.24391639e-01 1.24353288e-01 2.48744927e-01 1.00434537e-02 3.74293161e-01 3.74124044e-01 1.49683441e-03 9.996917e-01 9.995482e-01 1.741611e+00 1.955140e+00 3.049485e-01 1.7639e-07 1.8621e-09 +1.5311e-05 0.05000 5.97709e-02 1.17890e-01 2.29069e-01 0.00000e+00
0.199808 1.24573289e-01 1.24727357e-01 2.49300646e-01 2.44199338e-02 3.79102267e-01 3.78363105e-01 1.51493075e-03 1.001237e+00 9.980502e-01 1.733369e+00 1.901357e+00 1.788768e-02 3.6674e-07 3.8395e-09 +9.9158e-06 0.04960 5.93953e-02 1.17154e-01 2.27691e-01 0.00000e+00
0.299712 1.24227702e-01 1.25081275e-01 2.49308977e-01 3.23463208e-02 3.86416443e-01 3.84774558e-01 1.54238200e-03 1.006871e+00 9.957510e-01 1.730489e+00 1.799479e+00 5.012934e-01 8.5209e-07 8.8505e-09 +1.9122e-06 0.04948 5.89161e-02 1.16196e-01 2.25825e-01 0.00000e+00
0.399616 1.23284950e-01 1.24970759e-01 2.48255710e-01 4.20829407e-02 3.95000160e-01 3.92226552e-01 1.57445342e-03 1.013674e+00 9.929782e-01 1.729953e+00 1.661781e+00 5.057159e-01 1.3859e-06 1.5135e-08 +1.7923e-05 0.04896 5.88368e-02 1.16008e-01 2.25381e-01 0.00000e+00
0.499519 1.23249247e-01 1.25722335e-01 2.48971582e-01 5.39575144e-02 4.08795729e-01 4.04685147e-01 1.62696175e-03 1.020066e+00 9.899447e-01 1.722666e+00 1.518222e+00 3.729170e-01 2.1309e-06 2.4095e-08 +4.3376e-06 0.04774 5.84129e-02 1.15150e-01 2.23685e-01 0.00000e+00
0.599423 1.22633473e-01 1.26264449e-01 2.48897922e-01 5.70482836e-02 4.24992313e-01 4.19428026e-01 1.68884068e-03 1.029608e+00 9.869073e-01 1.714309e+00 1.363115e+00 8.192036e-01 2.8902e-06 3.6049e-08 +6.5866e-06 0.04803 5.85029e-02 1.15287e-01 2.23844e-01 0.00000e+00
0.699327 1.21274514e-01 1.26541286e-01 2.47815800e-01 6.73372486e-02 4.43741324e-01 4.37238093e-01 1.76195883e-03 1.043429e+00 9.853445e-01 1.717603e+00 1.338675e+00 6.103685e-01 3.8013e-06 5.6784e-08 +1.6897e-05 0.04635 5.92272e-02 1.16634e-01 2.26170e-01 0.00000e+00
0.799231 1.20844902e-01 1.27832010e-01 2.48676913e-01 7.15790041e-02 4.68518612e-01 4.60999047e-01 1.85903532e-03 1.057819e+00 9.839503e-01 1.726535e+00 1.461076e+00 6.837074e-01 4.7248e-06 8.8434e-08 +7.0308e-07 0.04528 5.99732e-02 1.18030e-01 2.28602e-01 0.00000e+00
0.899135 1.19587637e-01 1.28387104e-01 2.47974741e-01 7.44712000e-02 4.95584225e-01 4.88613307e-01 1.96839506e-03 1.073582e+00 9.859339e-01 1.840698e+00 1.596214e+00 9.592751e-01 5.7766e-06 1.4984e-07 +1.2248e-05 0.04519 6.20779e-02 1.22006e-01 2.35577e-01 0.00000e+00
0.999039 1.18352584e-01 1.29443226e-01 2.47795809e-01 7.97311293e-02 5.28181514e-01 5.23015903e-01 2.10239484e-03 1.093708e+00 9.902200e-01 2.035054e+00 1.748332e+00 6.964087e-01 6.8927e-06 2.5257e-07 +1.2746e-05 0.04347 6.49560e-02 1.27420e-01 2.44916e-01 0.00000e+00
1.098943 1.17051097e-01 1.30951515e-01 2.48002612e-01 8.10143159e-02 5.66988563e-01 5.65908184e-01 2.26579349e-03 1.118755e+00 9.980945e-01 2.320396e+00 1.912728e+00 9.303661e-01 8.2007e-06 4.2397e-07 +4.4618e-07 0.04265 6.88605e-02 1.34687e-01 2.57014e-01 0.00000e+00
1.198847 1.15121210e-01 1.31941644e-01 2.47062854e-01 8.05694187e-02 6.10578732e-01 6.18391191e-01 2.45793985e-03 1.146111e+00 1.012795e+00 2.736596e+00 2.099427e+00 9.822347e-01 9.7182e-06 7.0238e-07 +1.6480e-05 0.04269 7.53817e-02 1.46668e-01 2.76239e-01 0.00000e+00
1.298750 1.13701401e-01 1.33713736e-01 2.47415137e-01 8.40013492e-02 6.62718358e-01 6.84550601e-01 2.69453792e-03 1.176008e+00 1.032943e+00 3.273825e+00 2.300508e+00 8.197317e-01 1.1533e-05 1.0941e-06 +7.3110e-06 0.04386 8.37776e-02 1.61668e-01 2.98592e-01 0.00000e+00
1.398654 1.11647976e-01 1.35554847e-01 2.47202822e-01 8.01439524e-02 7.23085622e-01 7.68221259e-01 2.98261376e-03 1.214127e+00 1.062421e+00 4.109343e+00 2.527944e+00 1.058123e+00 1.3721e-05 1.6013e-06 +3.6440e-06 0.04335 9.59278e-02 1.82606e-01 3.27363e-01 0.00000e+00
1.498558 1.08933197e-01 1.37231452e-01 2.46164649e-01 7.98907764e-02 7.92592531e-01 8.76239645e-01 3.33766435e-03 1.259776e+00 1.105536e+00 5.317648e+00 2.804928e+00 9.749552e-01 1.6440e-05 2.2008e-06 +1.7548e-05 0.04605 1.13949e-01 2.12194e-01 3.64495e-01 0.00000e+00
1.598462 1.06769035e-01 1.39745992e-01 2.46515027e-01 7.90269938e-02 8.74750217e-01 1.01513220e+00 3.77976484e-03 1.308863e+00 1.160482e+00 6.862742e+00 3.138107e+00 9.054520e-01 2.0015e-05 2.9788e-06 +2.7479e-06 0.04924 1.37040e-01 2.47515e-01 4.03782e-01 0.00000e+00
1.698366 1.03934730e-01 1.42081059e-01 2.46015789e-01 7.29843865e-02 9.69228466e-01 1.19848815e+00 4.33543322e-03 1.367022e+00 1.236538e+00 8.955873e+00 3.588761e+00 1.098696e+00 2.5412e-05 4.6304e-06 +8.9901e-06 0.05051 1.69244e-01 2.93301e-01 4.50267e-01 0.00000e+00
1.798270 1.00510094e-01 1.44627635e-01 2.45137729e-01 7.21679732e-02 1.07826841e+00 1.44164753e+00 5.03983188e-03 1.438936e+00 1.337002e+00 1.163300e+01 4.163431e+00 8.991219e-01 3.4178e-05 8.0819e-06 +1.5302e-05 0.05510 2.10245e-01 3.46750e-01 4.99603e-01 0.00000e+00
1.898174 9.71939824e-02 1.47891370e-01 2.45085352e-01 6.72235258e-02 1.20429405e+00 1.75512947e+00 5.91884704e-03 1.521610e+00 1.457393e+00 1.483628e+01 4.846943e+00 9.714375e-01 4.7405e-05 1.3612e-05 +5.7164e-07 0.05761 2.56419e-01 4.01622e-01 5.46064e-01 0.00000e+00
1.998078 9.32686113e-02 1.50764220e-01 2.44032831e-01 6.07352199e-02 1.34526581e+00 2.17291255e+00 7.03635672e-03 1.616452e+00 1.615229e+00 1.873036e+01 5.615619e+00 9.630332e-01 6.6108e-05 2.1095e-05 +1.4404e-05 0.05950 3.10828e-01 4.61267e-01 5.94347e-01 0.00000e+00
2.097981 8.92830626e-02 1.54260991e-01 2.43544053e-01 5.83653274e-02 1.50359465e+00 2.69908702e+00 8.40536335e-03 1.727774e+00 1.795090e+00 2.301334e+01 6.453143e+00 8.357221e-01 9.0723e-05 2.9935e-05 +1.0708e-05 0.06333 3.63831e-01 5.14786e-01 6.35783e-01 0.00000e+00
2.197885 8.47406877e-02 1.57903769e-01 2.42644457e-01 5.06562508e-02 1.67647677e+00 3.34361453e+00 1.00401826e-02 1.863376e+00 1.994429e+00 2.725762e+01 7.308876e+00 8.377222e-01 1.2228e-04 3.8802e-05 +1.7966e-06 0.06362 4.11723e-01 5.59789e-01 6.69678e-01 0.00000e+00
2.297789 7.97912273e-02 1.61334847e-01 2.41126075e-01 4.41442096e-02 1.86377297e+00 4.14522450e+00 1.20179950e-02 2.021962e+00 2.224104e+00 3.179014e+01 8.191531e+00 7.530074e-01 1.6966e-04 4.8471e-05 +1.7433e-05 0.06480 4.55790e-01 5.99239e-01 6.99994e-01 0.00000e+00
2.397693 7.50826429e-02 1.65157933e-01 2.40240576e-01 4.06859682e-02 2.06533920e+00 5.04653734e+00 1.42237531e-02 2.199682e+00 2.443442e+00 3.536770e+01 8.981380e+00 6.049860e-01 2.5220e-04 5.6504e-05 +5.6867e-06 0.06521 4.83661e-01 6.22744e-01 7.18288e-01 0.00000e+00
2.497597 6.99345134e-02 1.68800894e-01 2.38735408e-01 3.02087690e-02 2.28790308e+00 6.09935060e+00 1.67745074e-02 2.413699e+00 2.665913e+00 3.871671e+01 9.898840e+00 5.332266e-01 4.8140e-04 6.6842e-05 +5.9913e-06 0.06291 5.00674e-01 6.36425e-01 7.30629e-01 0.00000e+00
2.597501 6.44273047e-02 1.71980995e-01 2.36408300e-01 2.57189360e-02 2.53780731e+00 7.27959196e+00 1.96347986e-02 2.669381e+00 2.868457e+00 4.690365e+01 1.433633e+01 3.171555e-01 1.0987e-03 8.8499e-05 +1.7040e-05 0.06176 5.05671e-01 6.39660e-01 7.35934e-01 0.00000e+00
2.697405 5.93798003e-02 1.75354906e-01 2.34734706e-01 1.93742292e-02 2.82311612e+00 8.47015188e+00 2.25865360e-02 2.953107e+00 3.000285e+00 6.190521e+01 1.910064e+01 1.258599e-01 1.9004e-03 1.1430e-04 +1.9242e-06 0.05886 4.95691e-01 6.29709e-01 7.30694e-01 0.00000e+00
2.797309 5.44901607e-02 1.77680269e-01 2.32170430e-01 8.59998579e-03 3.12910466e+00 9.62055387e+00 2.54993170e-02 3.260777e+00 3.074539e+00 7.242834e+01 2.382331e+01 4.595661e-02 2.3725e-03 1.2748e-04 +1.1471e-05 0.05603 4.84104e-01 6.18147e-01 7.22794e-01 0.00000e+00
2.897212 4.98443380e-02 1.79615290e-01 2.29459628e-01 5.77008608e-03 3.44070190e+00 1.06088960e+01 2.80991958e-02 3.603524e+00 3.083352e+00 7.561796e+01 2.729796e+01 -7.312857e-02 2.5509e-03 1.3623e-04 +1.3443e-05 0.05682 4.69273e-01 6.04033e-01 7.11478e-01 0.00000e+00
2.997116 4.56199822e-02 1.80909903e-01 2.26529885e-01 -3.58546538e-03 3.73706726e+00 1.13158895e+01 3.01059136e-02 3.965585e+00 3.028013e+00 7.324061e+01 2.947725e+01 -1.249176e-01 2.4814e-03 1.4195e-04 +6.6890e-07 0.05948 4.52675e-01 5.88580e-01 6.97450e-01 0.00000e+00
3.097020 4.20901984e-02 1.81198393e-01 2.23288591e-01 -1.07073815e-02 3.98984362e+00 1.17955878e+01 3.15708629e-02 4.305002e+00 2.956404e+00 6.945374e+01 3.008352e+01 -1.695317e-01 2.2526e-03 1.4797e-04 +1.5601e-05 0.06239 4.42615e-01 5.79316e-01 6.87647e-01 0.00000e+00
3.196924 3.92185721e-02 1.81052016e-01 2.20270588e-01 -1.36039909e-02 4.17365010e+00 1.19812114e+01 3.23097231e-02 4.616487e+00 2.870679e+00 6.420961e+01 2.927703e+01 -1.576708e-01 1.9453e-03 1.5235e-04 +8.0269e-06 0.06365 4.30619e-01 5.68950e-01 6.76281e-01 0.00000e+00
3.296828 3.66147651e-02 1.80376491e-01 2.16991257e-01 -2.19895722e-02 4.28704313e+00 1.19727278e+01 3.25195419e-02 4.926332e+00 2.792771e+00 5.894341e+01 2.803174e+01 -1.326311e-01 1.6385e-03 1.5668e-04 +2.5881e-06 0.06286 4.20506e-01 5.60848e-01 6.66807e-01 0.00000e+00
3.396732 3.44375056e-02 1.78934978e-01 2.13372484e-01 -2.60883228e-02 4.33257481e+00 1.18529381e+01 3.23710259e-02 5.195933e+00 2.735772e+00 5.496693e+01 2.655616e+01 -5.647091e-02 1.3979e-03 1.6151e-04 +1.6534e-05 0.06214 4.14120e-01 5.56623e-01 6.60789e-01 0.00000e+00
3.496636 3.29175510e-02 1.77545937e-01 2.10463488e-01 -2.74294610e-02 4.32661846e+00 1.16060948e+01 3.18654265e-02 5.393656e+00 2.682486e+00 5.402479e+01 2.508793e+01 -9.340932e-03 1.2883e-03 1.6752e-04 +2.9116e-06 0.06224 4.02882e-01 5.48112e-01 6.51455e-01 0.00000e+00
3.596540 3.17001955e-02 1.75571876e-01 2.07272071e-01 -3.59163369e-02 4.28357931e+00 1.13175262e+01 3.12022109e-02 5.538511e+00 2.642072e+00 5.285820e+01 2.750170e+01 -7.897018e-03 1.2993e-03 1.7472e-04 +7.0001e-06 0.05838 3.93885e-01 5.41618e-01 6.43992e-01 0.00000e+00
3.696443 3.05744272e-02 1.73362140e-01 2.03936567e-01 -3.45814489e-02 4.21605076e+00 1.09914554e+01 3.04150124e-02 5.670168e+00 2.607050e+00 5.150425e+01 2.860594e+01 8.037453e-02 1.3918e-03 1.8269e-04 +1.4207e-05 0.05946 3.84183e-01 5.34244e-01 6.35998e-01 0.00000e+00
3.796347 2.98163343e-02 1.71215803e-01 2.01032137e-01 -3.84813053e-02 4.14083415e+00 1.06261137e+01 2.95338958e-02 5.742349e+00 2.566177e+00 5.067496e+01 2.900161e+01 9.369455e-02 1.4897e-03 1.8988e-04 -2.3198e-07 0.05630 3.69841e-01 5.21836e-01 6.23914e-01 0.00000e+00
3.896251 2.95305728e-02 1.68532266e-01 1.98062838e-01 -4.25737645e-02 4.06491371e+00 1.02821737e+01 2.86941747e-02 5.707044e+00 2.529494e+00 4.938291e+01 2.922429e+01 1.417569e-01 1.5731e-03 1.9760e-04 +1.1907e-05 0.05530 3.58433e-01 5.11878e-01 6.14263e-01 0.00000e+00
3.996155 2.94146019e-02 1.65858646e-01 1.95273248e-01 -4.06105392e-02 3.99553063e+00 9.91538535e+00 2.78218320e-02 5.638650e+00 2.481619e+00 4.806313e+01 2.892220e+01 2.434404e-01 1.6809e-03 2.0416e-04 +9.6353e-06 0.05457 3.43889e-01 4.98023e-01 6.01504e-01 0.00000e+00
4.096059 2.93927590e-02 1.63078003e-01 1.92470762e-01 -4.43466942e-02 3.93364215e+00 9.54250366e+00 2.69522916e-02 5.548237e+00 2.425870e+00 4.672501e+01 2.838180e+01 2.856610e-01 1.8103e-03 2.0991e-04 -2.0210e-07 0.05299 3.27742e-01 4.81630e-01 5.86633e-01 0.00000e+00
4.195963 2.97313962e-02 1.59855111e-01 1.89586507e-01 -4.56869116e-02 3.87242071e+00 9.19204361e+00 2.61289286e-02 5.376643e+00 2.373720e+00 4.428803e+01 2.753588e+01 3.575072e-01 1.9474e-03 2.1635e-04 +1.4797e-05 0.05136 3.14872e-01 4.68045e-01 5.74465e-01 0.00000e+00
4.295867 3.04978118e-02 1.56768687e-01 1.87266498e-01 -4.28755264e-02 3.81728828e+00 8.83128960e+00 2.52971558e-02 5.140326e+00 2.313498e+00 4.222570e+01 2.668147e+01 5.167639e-01 2.0979e-03 2.2040e-04 +4.4948e-06 0.05198 2.98643e-01 4.49749e-01 5.58235e-01 0.00000e+00
4.395771 3.12894113e-02 1.53464172e-01 1.84753583e-01 -4.72508688e-02 3.76061093e+00 8.47967523e+00 2.44805723e-02 4.904668e+00 2.254866e+00 3.915646e+01 2.556259e+01 4.940221e-01 2.2431e-03 2.2407e-04 +3.0302e-06 0.04914 2.83949e-01 4.32429e-01 5.43106e-01 0.00000e+00
4.495674 3.21041424e-02 1.49875471e-01 1.81979613e-01 -4.46537775e-02 3.70240204e+00 8.15095857e+00 2.37067212e-02 4.668415e+00 2.201533e+00 3.599647e+01 2.425337e+01 6.253261e-01 2.3711e-03 2.2631e-04 +1.4464e-05 0.04975 2.71742e-01 4.17197e-01 5.29910e-01 0.00000e+00
4.595578 3.33028189e-02 1.46621909e-01 1.79924728e-01 -4.35360259e-02 3.64390692e+00 7.82009831e+00 2.29280105e-02 4.402688e+00 2.146075e+00 3.327321e+01 2.296546e+01 6.521626e-01 2.4996e-03 2.2461e-04 +3.8921e-07 0.04838 2.57057e-01 3.98279e-01 5.13526e-01 0.00000e+00
4.695482 3.46145833e-02 1.42996269e-01 1.77610852e-01 -4.61741045e-02 3.57917232e+00 7.51336653e+00 2.21850777e-02 4.131099e+00 2.099191e+00 3.227161e+01 2.175945e+01 6.169207e-01 2.5889e-03 2.2125e-04 +8.0654e-06 0.04706 2.46211e-01 3.83431e-01 5.00564e-01 0.00000e+00
4.795386 3.57842884e-02 1.39526846e-01 1.75311135e-01 -4.17965831e-02 3.50884047e+00 7.20694452e+00 2.14315700e-02 3.899109e+00 2.053939e+00 3.234507e+01 2.030820e+01 6.690731e-01 2.6567e-03 2.1597e-04 +1.1300e-05 0.04686 2.35824e-01 3.68797e-01 4.87686e-01 0.00000e+00
4.895290 3.69836374e-02 1.36263243e-01 1.73246880e-01 -4.22274676e-02 3.43646980e+00 6.91540831e+00 2.07037562e-02 3.684420e+00 2.012358e+00 3.259943e+01 1.904348e+01 6.164158e-01 2.7080e-03 2.1098e-04 -1.3418e-06 0.04536 2.25169e-01 3.53319e-01 4.73283e-01 0.00000e+00
4.995194 3.82902992e-02 1.32793611e-01 1.71083910e-01 -4.23842695e-02 3.35677637e+00 6.61781701e+00 1.99491867e-02 3.468075e+00 1.971480e+00 3.233049e+01 1.766389e+01 5.665442e-01 2.7202e-03 2.0978e-04 +1.2417e-05 0.04391 2.18254e-01 3.42816e-01 4.63281e-01 0.00000e+00
5.095098 3.96405309e-02 1.29623862e-01 1.69264393e-01 -3.79563843e-02 3.27967762e+00 6.33108479e+00 1.92215248e-02 3.269983e+00 1.930399e+00 3.214938e+01 1.653818e+01 5.955558e-01 2.7168e-03 2.0983e-04 +6.6096e-06 0.04365 2.10560e-01 3.31091e-01 4.51270e-01 0.00000e+00
5.195002 4.07682640e-02 1.26644050e-01 1.67412314e-01 -3.92478547e-02 3.20412398e+00 6.03941268e+00 1.84870733e-02 3.106437e+00 1.884887e+00 3.155894e+01 1.544597e+01 5.185995e-01 2.6777e-03 2.1109e-04 +9.2350e-08 0.04141 2.03318e-01 3.20254e-01 4.39783e-01 0.00000e+00
5.294905 4.17326238e-02 1.23461754e-01 1.65194377e-01 -3.68196180e-02 3.13480970e+00 5.76641424e+00 1.78024479e-02 2.958399e+00 1.839478e+00 3.057781e+01 1.444339e+01 5.070814e-01 2.5904e-03 2.1467e-04 +1.4048e-05 0.04026 1.98406e-01 3.12515e-01 4.30605e-01 0.00000e+00
5.394809 4.29717937e-02 1.20875114e-01 1.63846908e-01 -3.35435490e-02 3.07531259e+00 5.50960188e+00 1.71698289e-02 2.812894e+00 1.791558e+00 2.941570e+01 1.403875e+01 5.389127e-01 2.4900e-03 2.1797e-04 +1.9569e-06 0.03949 1.91121e-01 3.01794e-01 4.18543e-01 0.00000e+00
5.494713 4.39167118e-02 1.18166724e-01 1.62083436e-01 -3.42840816e-02 3.02142844e+00 5.27830308e+00 1.65994630e-02 2.690701e+00 1.746956e+00 2.789216e+01 1.403180e+01 4.911187e-01 2.3617e-03 2.2299e-04 +4.3360e-06 0.03758 1.85181e-01 2.92894e-01 4.08290e-01 0.00000e+00
5.594617 4.45174806e-02 1.15690795e-01 1.60208275e-01 -3.02069534e-02 2.97222095e+00 5.07925240e+00 1.61029467e-02 2.598772e+00 1.708908e+00 2.654595e+01 1.385763e+01 5.496609e-01 2.2262e-03 2.2780e-04 +1.2517e-05 0.03959 1.79687e-01 2.84883e-01 3.99670e-01 0.00000e+00
5.694521 4.51256730e-02 1.13671557e-01 1.58797230e-01 -2.81298147e-02 2.92785215e+00 4.91328584e+00 1.56822760e-02 2.519000e+00 1.678120e+00 2.582713e+01 1.343895e+01 5.477392e-01 2.1220e-03 2.3047e-04 -1.1106e-06 0.04125 1.72868e-01 2.75246e-01 3.90120e-01 0.00000e+00
5.794425 4.55602792e-02 1.11646394e-01 1.57206674e-01 -2.73550644e-02 2.88482144e+00 4.77024511e+00 1.53101331e-02 2.450520e+00 1.653567e+00 2.553302e+01 1.320464e+01 5.450994e-01 2.0301e-03 2.3336e-04 +9.4312e-06 0.04166 1.68213e-01 2.68937e-01 3.84759e-01 0.00000e+00
5.894329 4.56616428e-02 1.09998145e-01 1.55659788e-01 -2.29311859e-02 2.84914336e+00 4.65103837e+00 1.50003635e-02 2.408984e+00 1.632434e+00 2.549620e+01 1.284878e+01 5.584578e-01 1.9721e-03 2.3546e-04 +8.7869e-06 0.04317 1.63272e-01 2.62416e-01 3.79405e-01 0.00000e+00
5.994233 4.54843578e-02 1.08773430e-01 1.54257788e-01 -2.15877242e-02 2.81808205e+00 4.54640710e+00 1.47289783e-02 2.391447e+00 1.613298e+00 2.563074e+01 1.258131e+01 5.400582e-01 1.9181e-03 2.3848e-04 -1.4752e-06 0.04252 1.58302e-01 2.56077e-01 3.74279e-01 0.00000e+00
6.094136 4.50751829e-02 1.07436494e-01 1.52511676e-01 -1.92162875e-02 2.78570304e+00 4.46358734e+00 1.44985808e-02 2.383495e+00 1.602320e+00 2.635941e+01 1.248071e+01 4.903532e-01 1.8337e-03 2.4969e-04 +1.2875e-05 0.04260 1.56274e-01 2.53633e-01 3.73020e-01 0.00000e+00
6.194040 4.47493463e-02 1.06621397e-01 1.51370744e-01 -1.56163132e-02 2.75479366e+00 4.40576804e+00 1.43211234e-02 2.382636e+00 1.599310e+00 2.728681e+01 1.225730e+01 5.043557e-01 1.7429e-03 2.7027e-04 +4.1823e-06 0.04177 1.54015e-01 2.50562e-01 3.71056e-01 0.00000e+00
6.293944 4.40652506e-02 1.05868689e-01 1.49933939e-01 -1.45111017e-02 2.72101518e+00 4.36277323e+00 1.41675768e-02 2.402544e+00 1.603362e+00 2.861084e+01 1.310452e+01 4.372138e-01 1.6494e-03 3.0287e-04 +1.3100e-06 0.04045 1.53749e-01 2.49523e-01 3.71005e-01 0.00000e+00
6.393848 4.31121948e-02 1.05066804e-01 1.48178999e-01 -1.12997103e-02 2.68649293e+00 4.33798204e+00 1.40489500e-02 2.437055e+00 1.614738e+00 3.037416e+01 1.371831e+01 4.240523e-01 1.5627e-03 3.4586e-04 +1.3147e-05 0.03910 1.56050e-01 2.51132e-01 3.73370e-01 0.00000e+00
6.493752 4.24307179e-02 1.04650165e-01 1.47080883e-01 -9.12094142e-03 2.65680745e+00 4.32320446e+00 1.39600238e-02 2.466377e+00 1.627218e+00 3.196176e+01 1.412118e+01 4.173463e-01 1.4963e-03 3.8730e-04 +2.1621e-07 0.03797 1.57538e-01 2.51073e-01 3.73590e-01 0.00000e+00
6.593656 4.16194912e-02 1.04041802e-01 1.45661294e-01 -7.55991421e-03 2.62768606e+00 4.31914853e+00 1.38936692e-02 2.499834e+00 1.643708e+00 3.369777e+01 1.437614e+01 3.567112e-01 1.4496e-03 4.2472e-04 +6.1429e-06 0.03760 1.61118e-01 2.53211e-01 3.75617e-01 0.00000e+00
6.693560 4.06160755e-02 1.03499095e-01 1.44115170e-01 -5.10569912e-03 2.60311105e+00 4.32651374e+00 1.38592496e-02 2.548230e+00 1.662055e+00 3.515204e+01 1.453776e+01 3.826839e-01 1.4207e-03 4.4821e-04 +1.0575e-05 0.03772 1.64594e-01 2.55096e-01 3.77099e-01 0.00000e+00
6.793464 3.97105781e-02 1.03117421e-01 1.42827999e-01 -3.37852953e-03 2.58230940e+00 4.33584164e+00 1.38363021e-02 2.596724e+00 1.679056e+00 3.601917e+01 1.465437e+01 3.591066e-01 1.4001e-03 4.5571e-04 -1.8101e-06 0.03754 1.66426e-01 2.54944e-01 3.76301e-01 0.00000e+00
6.893367 3.88749602e-02 1.02475765e-01 1.41350725e-01 -1.97690442e-03 2.55903207e+00 4.35948053e+00 1.38370252e-02 2.636035e+00 1.703566e+00 3.676739e+01 1.474843e+01 3.464785e-01 1.3841e-03 4.5465e-04 +1.0668e-05 0.03832 1.69671e-01 2.56793e-01 3.77681e-01 0.00000e+00
6.993271 3.81218868e-02 1.01934433e-01 1.40056320e-01 -1.20077625e-04 2.53643029e+00 4.38463225e+00 1.38421251e-02 2.673908e+00 1.728663e+00 3.684228e+01 1.484010e+01 3.723744e-01 1.3725e-03 4.4297e-04 +6.3837e-06 0.03847 1.70660e-01 2.56242e-01 3.76889e-01 0.00000e+00
7.093175 3.72873118e-02 1.01425573e-01 1.38712885e-01 1.02947643e-03 2.51399061e+00 4.41689166e+00 1.38617645e-02 2.720110e+00 1.756924e+00 3.626002e+01 1.490433e+01 3.654448e-01 1.3615e-03 4.2540e-04 -9.4132e-07 0.03874 1.70522e-01 2.54725e-01 3.75571e-01 0.00000e+00
7.193079 3.64157352e-02 1.00581819e-01 1.36997554e-01 2.64002608e-03 2.48631875e+00 4.45284805e+00 1.38783336e-02 2.762043e+00 1.790940e+00 3.554344e+01 1.487373e+01 3.653094e-01 1.3534e-03 4.0894e-04 +1.2689e-05 0.03993 1.71396e-01 2.54649e-01 3.76105e-01 0.00000e+00
7.292983 3.59648603e-02 9.99702093e-02 1.35935070e-01 3.66225463e-03 2.46257014e+00 4.48540168e+00 1.38959436e-02 2.779663e+00 1.821431e+00 3.379946e+01 1.470194e+01 3.896258e-01 1.3397e-03 3.8032e-04 +2.0015e-06 0.04198 1.69040e-01 2.51318e-01 3.73447e-01 0.00000e+00
7.392887 3.53914115e-02 9.91246479e-02 1.34516059e-01 4.96234157e-03 2.43344783e+00 4.51187799e+00 1.38906516e-02 2.800811e+00 1.854109e+00 3.190170e+01 1.439107e+01 3.286955e-01 1.3151e-03 3.5301e-04 +2.7633e-06 0.04046 1.66928e-01 2.48696e-01 3.71013e-01 0.00000e+00
7.492791 3.47164001e-02 9.81447510e-02 1.32861151e-01 6.11966400e-03 2.40379003e+00 4.53066152e+00 1.38689031e-02 2.827043e+00 1.884799e+00 2.971219e+01 1.395986e+01 3.432866e-01 1.2987e-03 3.3059e-04 +1.1613e-05 0.04142 1.64490e-01 2.46261e-01 3.68312e-01 0.00000e+00
7.592695 3.43740317e-02 9.73003242e-02 1.31674356e-01 7.26770497e-03 2.37625385e+00 4.53092264e+00 1.38143530e-02 2.830635e+00 1.906750e+00 2.715244e+01 1.343547e+01 3.217614e-01 1.2964e-03 3.1325e-04 -1.2127e-06 0.04064 1.59758e-01 2.41260e-01 3.62635e-01 0.00000e+00
7.692598 3.41015717e-02 9.61766003e-02 1.30278172e-01 8.34983398e-03 2.34759287e+00 4.51991388e+00 1.37350135e-02 2.820298e+00 1.925340e+00 2.486615e+01 1.374466e+01 2.791704e-01 1.3134e-03 3.0646e-04 +7.6239e-06 0.04066 1.56428e-01 2.38107e-01 3.59379e-01 0.00000e+00
7.792502 3.37897931e-02 9.50456189e-02 1.28835412e-01 9.36795662e-03 2.31929898e+00 4.48721476e+00 1.36130275e-02 2.812850e+00 1.934729e+00 2.424911e+01 1.417624e+01 2.962499e-01 1.3487e-03 3.0538e-04 +8.2927e-06 0.04249 1.52070e-01 2.33667e-01 3.55120e-01 0.00000e+00
7.892406 3.35570215e-02 9.40107272e-02 1.27567749e-01 1.05376198e-02 2.29387714e+00 4.43860855e+00 1.34649714e-02 2.801522e+00 1.934981e+00 2.434657e+01 1.460085e+01 2.679402e-01 1.4006e-03 3.0722e-04 -2.1416e-06 0.04183 1.46685e-01 2.27880e-01 3.49717e-01 0.00000e+00
7.992310 3.33620313e-02 9.26538357e-02 1.26015867e-01 1.13070485e-02 2.26381938e+00 4.36592714e+00 1.32594930e-02 2.777224e+00 1.928567e+00 2.446045e+01 1.474435e+01 2.725333e-01 1.4630e-03 3.1260e-04 +1.1155e-05 0.04159 1.42881e-01 2.23785e-01 3.46245e-01 0.00000e+00
8.092214 3.34458455e-02 9.14924476e-02 1.24938293e-01 1.23593460e-02 2.23809054e+00 4.27209843e+00 1.30203779e-02 2.735540e+00 1.908814e+00 2.469076e+01 1.463300e+01 2.521189e-01 1.5271e-03 3.1343e-04 +4.0068e-06 0.04140 1.37430e-01 2.17468e-01 3.40306e-01 0.00000e+00
8.192118 3.33799826e-02 9.02568084e-02 1.23636791e-01 1.29559078e-02 2.21260131e+00 4.15227571e+00 1.27297541e-02 2.703920e+00 1.876649e+00 2.506774e+01 1.480221e+01 2.654079e-01 1.5787e-03 3.1169e-04 -1.3011e-07 0.04001 1.32205e-01 2.11175e-01 3.34136e-01 0.00000e+00
8.292022 3.32279912e-02 8.88531061e-02 1.22081097e-01 1.36986708e-02 2.18891028e+00 4.01256153e+00 1.24029436e-02 2.674044e+00 1.833132e+00 2.559314e+01 1.514620e+01 2.417223e-01 1.6138e-03 3.0986e-04 +1.1809e-05 0.03870 1.27984e-01 2.06092e-01 3.29227e-01 0.00000e+00
8.391926 3.34457516e-02 8.76880263e-02 1.21133778e-01 1.44242255e-02 2.17009737e+00 3.85399607e+00 1.20481869e-02 2.621799e+00 1.775955e+00 2.624565e+01 1.587894e+01 2.722257e-01 1.6268e-03 3.0477e-04 +9.0628e-08 0.03896 1.22278e-01 1.99056e-01 3.21688e-01 0.00000e+00
8.491829 3.35756880e-02 8.63728316e-02 1.19948520e-01 1.44218123e-02 2.15253245e+00 3.68829720e+00 1.16816593e-02 2.572481e+00 1.713469e+00 2.707692e+01 1.628506e+01 2.499696e-01 1.6248e-03 3.0255e-04 +4.2105e-06 0.03854 1.17574e-01 1.93369e-01 3.15670e-01 0.00000e+00
8.591733 3.35288808e-02 8.50619317e-02 1.18590812e-01 1.50906736e-02 2.13552490e+00 3.52000967e+00 1.13110691e-02 2.536975e+00 1.648311e+00 2.811432e+01 1.615783e+01 2.962633e-01 1.6157e-03 3.0208e-04 +9.7450e-06 0.04006 1.12837e-01 1.87731e-01 3.09686e-01 0.00000e+00
8.691637 3.36485575e-02 8.39835565e-02 1.17632114e-01 1.53110554e-02 2.11973602e+00 3.35625800e+00 1.09519880e-02 2.495904e+00 1.583338e+00 2.896903e+01 1.550959e+01 2.864302e-01 1.6110e-03 3.0077e-04 -2.2331e-06 0.03946 1.07341e-01 1.81070e-01 3.02351e-01 0.00000e+00
8.791541 3.37511468e-02 8.27092398e-02 1.16460387e-01 1.47991969e-02 2.09857823e+00 3.20174223e+00 1.06006409e-02 2.450561e+00 1.525672e+00 2.945086e+01 1.432207e+01 3.369872e-01 1.6150e-03 3.0332e-04 +8.7344e-06 0.03901 1.03021e-01 1.75991e-01 2.97139e-01 0.00000e+00
8.891445 3.38586316e-02 8.16296953e-02 1.15488327e-01 1.54650643e-02 2.07411781e+00 3.05541662e+00 1.02590689e-02 2.410898e+00 1.473116e+00 2.970147e+01 1.380430e+01 3.148337e-01 1.6224e-03 3.0413e-04 +6.0452e-06 0.03866 9.83060e-02 1.70276e-01 2.90990e-01 0.00000e+00
8.991349 3.38323400e-02 8.06690576e-02 1.14501398e-01 1.46934650e-02 2.04403287e+00 2.91771951e+00 9.92350476e-03 2.384377e+00 1.427433e+00 2.918041e+01 1.353585e+01 3.667704e-01 1.6287e-03 3.0532e-04 -1.9861e-06 0.03778 9.37649e-02 1.64664e-01 2.84759e-01 0.00000e+00
9.091253 3.37193503e-02 7.95575736e-02 1.13276924e-01 1.42649259e-02 2.00523777e+00 2.79165862e+00 9.59379277e-03 2.359404e+00 1.392183e+00 2.835362e+01 1.323170e+01 3.480175e-01 1.6328e-03 3.1072e-04 +1.1159e-05 0.03653 9.04491e-02 1.60738e-01 2.80660e-01 0.00000e+00
9.191157 3.38591516e-02 7.87405214e-02 1.12599673e-01 1.44992479e-02 1.96309679e+00 2.67176565e+00 9.26972488e-03 2.325531e+00 1.360995e+00 2.709490e+01 1.357610e+01 3.673940e-01 1.6299e-03 3.1217e-04 +1.9440e-06 0.03612 8.69105e-02 1.56345e-01 2.75496e-01 0.00000e+00
9.291060 3.37904530e-02 7.78882109e-02 1.11678664e-01 1.27859611e-02 1.91515881e+00 2.56319181e+00 8.95670124e-03 2.305036e+00 1.338370e+00 2.574917e+01 1.388240e+01 3.629581e-01 1.6244e-03 3.1138e-04 +1.1156e-06 0.03450 8.41875e-02 1.53068e-01 2.71565e-01 0.00000e+00
9.390964 3.35190720e-02 7.70074215e-02 1.10526493e-01 1.27841669e-02 1.86348057e+00 2.46864239e+00 8.66424591e-03 2.297421e+00 1.324748e+00 2.426474e+01 1.420481e+01 3.884006e-01 1.6295e-03 3.0723e-04 +1.0662e-05 0.03387 8.22459e-02 1.50857e-01 2.68872e-01 0.00000e+00
9.490868 3.35024467e-02 7.63869720e-02 1.09889419e-01 1.20573804e-02 1.81154944e+00 2.38209457e+00 8.38728801e-03 2.280042e+00 1.314949e+00 2.263403e+01 1.447253e+01 3.846025e-01 1.6579e-03 2.9787e-04 -1.3076e-06 0.03291 7.99965e-02 1.48004e-01 2.64869e-01 0.00000e+00
9.590772 3.34095998e-02 7.56421503e-02 1.09051750e-01 1.00584133e-02 1.75862765e+00 2.31323406e+00 8.14372343e-03 2.264084e+00 1.315363e+00 2.131911e+01 1.471769e+01 4.222004e-01 1.7268e-03 2.9305e-04 +5.7943e-06 0.03192 7.85073e-02 1.46155e-01 2.62274e-01 0.00000e+00
9.690676 3.31732489e-02 7.49670776e-02 1.08140326e-01 1.02217850e-02 1.70769204e+00 2.25461713e+00 7.92461833e-03 2.259865e+00 1.320272e+00 2.004096e+01 1.486415e+01 4.081864e-01 1.8109e-03 2.8800e-04 +7.9121e-06 0.03160 7.69969e-02 1.44041e-01 2.59143e-01 0.00000e+00
9.790580 3.29513994e-02 7.44999021e-02 1.07451302e-01 8.50324854e-03 1.66191996e+00 2.20692469e+00 7.73768928e-03 2.260903e+00 1.327937e+00 1.888023e+01 1.494262e+01 4.429671e-01 1.8863e-03 2.7657e-04 -2.6172e-06 0.03219 7.53155e-02 1.41311e-01 2.54899e-01 0.00000e+00
9.890484 3.27127233e-02 7.38128894e-02 1.06525613e-01 6.80955011e-03 1.61789032e+00 2.17269632e+00 7.58117328e-03 2.256397e+00 1.342919e+00 1.763994e+01 1.490529e+01 4.437149e-01 1.9363e-03 2.5668e-04 +9.6333e-06 0.03221 7.43755e-02 1.39453e-01 2.51826e-01 0.00000e+00
9.990388 3.25803920e-02 7.33746703e-02 1.05955062e-01 6.89018809e-03 1.57901118e+00 2.14422279e+00 7.44646796e-03 2.252111e+00 1.357953e+00 1.650181e+01 1.489664e+01 4.186862e-01 1.9834e-03 2.3030e-04 +4.0511e-06 0.03297 7.33324e-02 1.37057e-01 2.47514e-01 0.00000e+00
9.999917 3.25572816e-02 7.33426187e-02 1.05899900e-01 6.74689032e-03 1.57543837e+00 2.14145433e+00 7.43378541e-03 2.252726e+00 1.359275e+00 1.638574e+01 1.489682e+01 4.167026e-01 1.9884e-03 2.2819e-04 +2.7219e-06 0.03283 7.32403e-02 1.36825e-01 2.47074e-01 0.00000e+00
