# tg_mhd (CUDA FP32)  tgc_noslip_cond_n640_re2000_ramp1  N=640 L=640 Re=2000 Pm=1 u0=0.05 nu_lat=5.085000e-03 eta_lat=5.085000e-03 tau_f=0.515255 tau_m=0.520340 dt=2.458210e-04 fw=profile
# t E_V E_M E_T H_C Omega_V Omega_M eps EM/EV OmM/OmV j_max w_max skew divb/j divb_wall/j mass_drift umax_lat fw1 fw2 fw4 tau_wall
0.000000 1.25000007e-01 1.25000000e-01 2.50000007e-01 -1.41098860e-21 3.74997000e-01 1.49995166e+00 1.87494866e-03 9.999999e-01 3.999903e+00 3.464025e+00 1.999980e+00 2.333793e-19 2.0892e-06 3.1042e-06 +0.0000e+00 0.05000 2.84856e-02 5.70557e-02 1.14676e-01 3.44250e-08
0.100049 1.24780467e-01 1.24644183e-01 2.49424650e-01 3.80412843e-05 5.03855781e-01 1.50234949e+00 2.00620527e-03 9.989078e-01 2.981705e+00 3.550081e+00 1.258947e+01 1.389604e-01 3.5095e-05 2.5257e-04 -4.4706e-07 0.05092 8.68982e-02 1.13727e-01 1.67846e-01 2.27448e-03
0.200098 1.24444576e-01 1.24369494e-01 2.48814071e-01 9.56913563e-05 7.92976076e-01 1.52075735e+00 2.31373343e-03 9.993967e-01 1.917785e+00 3.667031e+00 1.920429e+01 3.216354e-02 6.3433e-05 5.1795e-04 -6.3526e-06 0.05130 1.89391e-01 2.13290e-01 2.60990e-01 3.72439e-03
0.300147 1.23862260e-01 1.24503930e-01 2.48366190e-01 1.37586335e-04 1.57904483e+00 1.56343301e+00 3.14247785e-03 1.005181e+00 9.901131e-01 3.834601e+00 2.694519e+01 2.034557e-01 1.0369e-04 8.3900e-04 -4.3519e-06 0.05221 3.76736e-01 3.96308e-01 4.32659e-01 6.09150e-03
0.400197 1.22602244e-01 1.24581321e-01 2.47183565e-01 1.49920714e-04 2.84189304e+00 1.63271408e+00 4.47460712e-03 1.016142e+00 5.745164e-01 4.213902e+00 3.983150e+01 2.302259e-01 1.5499e-04 1.1977e-03 +2.8076e-06 0.05281 5.33746e-01 5.52073e-01 5.78937e-01 8.28558e-03
0.500246 1.21582527e-01 1.24411414e-01 2.45993941e-01 1.15462640e-04 4.57026594e+00 1.73442327e+00 6.30468921e-03 1.023267e+00 3.795016e-01 4.748439e+00 4.943626e+01 2.217811e-01 2.1115e-04 1.5592e-03 -7.6340e-06 0.05282 6.38817e-01 6.59786e-01 6.80042e-01 1.03809e-02
0.600295 1.20162323e-01 1.24436350e-01 2.44598673e-01 2.22818068e-05 6.53785460e+00 1.88571172e+00 8.42356633e-03 1.035569e+00 2.884297e-01 5.614408e+00 5.560368e+01 3.383797e-01 2.6781e-04 1.8836e-03 -9.1632e-06 0.05403 6.96547e-01 7.23736e-01 7.40348e-01 1.19407e-02
0.700344 1.18618481e-01 1.24674849e-01 2.43293331e-01 -1.17843623e-04 8.44144986e+00 2.10040451e+00 1.05418544e-02 1.051058e+00 2.488204e-01 6.992699e+00 5.994035e+01 3.086597e-01 3.2283e-04 2.1549e-03 -8.2254e-07 0.05460 7.20337e-01 7.57193e-01 7.72373e-01 1.29412e-02
0.800393 1.17482851e-01 1.24591982e-01 2.42074834e-01 -2.92823257e-04 9.58516653e+00 2.37474217e+00 1.19599087e-02 1.060512e+00 2.477518e-01 8.690029e+00 6.161879e+01 4.020543e-01 3.6712e-04 2.3646e-03 -5.9360e-06 0.05515 7.10847e-01 7.61975e-01 7.77957e-01 1.29207e-02
0.900442 1.16290750e-01 1.24291901e-01 2.40582651e-01 -4.87779287e-04 1.00300642e+01 2.72203936e+00 1.27521035e-02 1.068803e+00 2.713880e-01 1.035976e+01 6.019832e+01 4.754779e-01 4.0252e-04 2.5462e-03 -8.6586e-06 0.05636 6.79612e-01 7.48762e-01 7.67644e-01 1.22734e-02
1.000492 1.15453769e-01 1.23858730e-01 2.39312498e-01 -6.68043747e-04 9.78657096e+00 3.14067445e+00 1.29272454e-02 1.072799e+00 3.209167e-01 1.180429e+01 5.687648e+01 4.080494e-01 4.2991e-04 2.7028e-03 -8.1664e-06 0.05731 6.27087e-01 7.17841e-01 7.42258e-01 1.08643e-02
1.100541 1.14974270e-01 1.23163196e-01 2.38137466e-01 -8.11060086e-04 9.35381006e+00 3.62822825e+00 1.29820383e-02 1.071224e+00 3.878877e-01 1.292786e+01 5.727228e+01 4.477516e-01 4.5261e-04 2.8421e-03 -7.3834e-06 0.05838 5.65847e-01 6.76728e-01 7.09234e-01 9.91258e-03
1.200590 1.14670307e-01 1.22093883e-01 2.36764190e-01 -9.47870762e-04 9.08458813e+00 4.19671835e+00 1.32813065e-02 1.064738e+00 4.619602e-01 1.376755e+01 5.665397e+01 5.247062e-01 4.7858e-04 2.9965e-03 -4.4678e-06 0.05891 5.08138e-01 6.33076e-01 6.75509e-01 9.17658e-03
1.300639 1.14800462e-01 1.20553113e-01 2.35353575e-01 -1.04421216e-03 9.13308695e+00 4.83974482e+00 1.39728318e-02 1.050110e+00 5.299134e-01 1.544077e+01 5.507881e+01 4.678305e-01 5.1992e-04 3.1758e-03 -1.2514e-05 0.05824 4.60568e-01 5.92165e-01 6.45113e-01 8.84619e-03
1.400688 1.15137869e-01 1.18851248e-01 2.33989117e-01 -1.14396585e-03 9.27209733e+00 5.61760682e+00 1.48897042e-02 1.032252e+00 6.058615e-01 2.011284e+01 6.264419e+01 4.525268e-01 6.0304e-04 3.3793e-03 -1.1850e-05 0.05970 4.15307e-01 5.48465e-01 6.12274e-01 8.69693e-03
1.500737 1.15354262e-01 1.17015827e-01 2.32370089e-01 -1.19435785e-03 9.52866471e+00 6.57470622e+00 1.61033709e-02 1.014404e+00 6.899924e-01 2.542628e+01 6.091402e+01 4.970394e-01 7.6166e-04 3.6265e-03 -3.7780e-06 0.05798 3.72904e-01 5.03628e-01 5.77240e-01 8.65534e-03
1.600786 1.15960215e-01 1.14823406e-01 2.30783620e-01 -1.21601720e-03 9.67356794e+00 7.70035530e+00 1.73739232e-02 9.901966e-01 7.960202e-01 3.059797e+01 5.987605e+01 5.903674e-01 1.0051e-03 3.8763e-03 -1.1864e-05 0.05661 3.25019e-01 4.51343e-01 5.33475e-01 8.18568e-03
1.700836 1.16250116e-01 1.12607872e-01 2.28857989e-01 -1.21534535e-03 9.93036325e+00 9.09066332e+00 1.90210266e-02 9.686689e-01 9.154412e-01 3.507917e+01 5.983728e+01 5.447228e-01 1.3283e-03 4.1491e-03 -1.4069e-05 0.05536 2.82037e-01 4.01045e-01 4.88429e-01 8.04882e-03
1.800885 1.16436945e-01 1.10436958e-01 2.26873903e-01 -1.17839951e-03 1.03144177e+01 1.07911158e+01 2.11055336e-02 9.484701e-01 1.046217e+00 3.852775e+01 5.679154e+01 4.894469e-01 1.7422e-03 4.4557e-03 -8.6423e-06 0.05535 2.45753e-01 3.55825e-01 4.44862e-01 8.17259e-03
1.900934 1.16578287e-01 1.08110962e-01 2.24689249e-01 -1.08858823e-03 1.04671169e+01 1.27090129e+01 2.31761298e-02 9.273679e-01 1.214185e+00 4.345715e+01 5.375691e+01 4.823420e-01 2.2454e-03 4.7393e-03 -1.0873e-05 0.05813 2.06396e-01 3.08028e-01 3.96873e-01 7.70925e-03
2.000983 1.16534083e-01 1.05670257e-01 2.22204341e-01 -1.00451791e-03 1.06240038e+01 1.46991170e+01 2.53231207e-02 9.067755e-01 1.383576e+00 5.055924e+01 4.941240e+01 4.565241e-01 2.7812e-03 5.0336e-03 -1.1387e-05 0.06005 1.75174e-01 2.68752e-01 3.55619e-01 7.34580e-03
2.101032 1.16465412e-01 1.03043391e-01 2.19508802e-01 -8.46919873e-04 1.08788936e+01 1.64743861e+01 2.73532797e-02 8.847553e-01 1.514344e+00 5.697793e+01 4.299916e+01 3.668121e-01 3.2806e-03 5.2642e-03 -1.4391e-05 0.06100 1.54135e-01 2.40478e-01 3.24551e-01 7.38416e-03
2.201081 1.16464931e-01 1.00297523e-01 2.16762454e-01 -6.91619495e-04 1.09880613e+01 1.78184506e+01 2.88065120e-02 8.611822e-01 1.621619e+00 6.238064e+01 4.257245e+01 3.435261e-01 3.7056e-03 5.4920e-03 -1.3275e-05 0.05938 1.33754e-01 2.14629e-01 2.96873e-01 6.92191e-03
2.301131 1.16319556e-01 9.73651182e-02 2.13684675e-01 -4.91126750e-04 1.12408115e+01 1.85605904e+01 2.98014019e-02 8.370486e-01 1.651179e+00 6.606014e+01 3.765389e+01 3.991295e-01 3.9762e-03 5.6975e-03 -8.0213e-06 0.05604 1.20688e-01 1.97010e-01 2.78072e-01 6.68915e-03
2.401180 1.16490629e-01 9.42094755e-02 2.10700104e-01 -2.49941144e-04 1.15927742e+01 1.86917023e+01 3.02844765e-02 8.087301e-01 1.612358e+00 6.758511e+01 3.915411e+01 4.399788e-01 4.0287e-03 5.8448e-03 -1.6235e-05 0.05582 1.11260e-01 1.83154e-01 2.63177e-01 6.57111e-03
2.501229 1.16576976e-01 9.10357967e-02 2.07612773e-01 1.32695807e-05 1.18536956e+01 1.85500028e+01 3.04036983e-02 7.809072e-01 1.564913e+00 6.771224e+01 3.550554e+01 4.114375e-01 3.9033e-03 5.9980e-03 -1.6649e-05 0.05832 9.98931e-02 1.67854e-01 2.47473e-01 6.14517e-03
2.601278 1.16560503e-01 8.78959922e-02 2.04456495e-01 3.10031332e-04 1.22776265e+01 1.83601009e+01 3.06377273e-02 7.540804e-01 1.495411e+00 6.696630e+01 3.556730e+01 4.146885e-01 3.7066e-03 6.1712e-03 -9.4605e-06 0.05927 9.42614e-02 1.58071e-01 2.36831e-01 6.21191e-03
2.701327 1.16800275e-01 8.46535682e-02 2.01453844e-01 6.51776175e-04 1.26302126e+01 1.80839184e+01 3.07141310e-02 7.247720e-01 1.431798e+00 6.523705e+01 3.716502e+01 4.249434e-01 3.5015e-03 6.2235e-03 -1.4883e-05 0.05976 8.79065e-02 1.47381e-01 2.24909e-01 5.93959e-03
2.801376 1.16822013e-01 8.14290852e-02 1.98251098e-01 9.69558355e-04 1.29323114e+01 1.78021163e+01 3.07344276e-02 6.970355e-01 1.376561e+00 6.278269e+01 3.689774e+01 4.086566e-01 3.3549e-03 6.3340e-03 -1.6690e-05 0.06142 8.12478e-02 1.36744e-01 2.13198e-01 5.79147e-03
2.901426 1.16804163e-01 7.83151438e-02 1.95119307e-01 1.33146138e-03 1.34028937e+01 1.74916624e+01 3.08945561e-02 6.704825e-01 1.305066e+00 5.968211e+01 3.732712e+01 4.052490e-01 3.3148e-03 6.5085e-03 -1.4567e-05 0.06217 8.01916e-02 1.31809e-01 2.06892e-01 5.97957e-03
3.001475 1.16718123e-01 7.53638970e-02 1.92082020e-01 1.67777751e-03 1.37236678e+01 1.72054159e+01 3.09290837e-02 6.456915e-01 1.253704e+00 5.609667e+01 4.077343e+01 4.126209e-01 3.4023e-03 6.9296e-03 -1.5110e-05 0.06300 7.47598e-02 1.22894e-01 1.96711e-01 5.66824e-03
3.101524 1.16308946e-01 7.25305239e-02 1.88839469e-01 2.00666113e-03 1.41329434e+01 1.70361006e+01 3.11690439e-02 6.236023e-01 1.205418e+00 5.253329e+01 4.333926e+01 4.218781e-01 3.5798e-03 7.6026e-03 -1.3323e-05 0.06310 7.26118e-02 1.17425e-01 1.89700e-01 5.65879e-03
3.201573 1.15765118e-01 6.99146514e-02 1.85679770e-01 2.35687586e-03 1.46352787e+01 1.70233534e+01 3.16586321e-02 6.039354e-01 1.163172e+00 4.928990e+01 4.471533e+01 4.138139e-01 3.7855e-03 8.2061e-03 -1.8577e-05 0.06276 7.38266e-02 1.15238e-01 1.85230e-01 5.99810e-03
3.301622 1.14946757e-01 6.75715693e-02 1.82518326e-01 2.66885457e-03 1.48566195e+01 1.72747089e+01 3.21313283e-02 5.878510e-01 1.162762e+00 5.618487e+01 4.461954e+01 3.925784e-01 4.0541e-03 8.5413e-03 -1.7894e-05 0.06295 6.82842e-02 1.06929e-01 1.75440e-01 5.62932e-03
3.401671 1.13642292e-01 6.54534487e-02 1.79095740e-01 2.97967336e-03 1.52153840e+01 1.78568749e+01 3.30722589e-02 5.759603e-01 1.173607e+00 6.234627e+01 4.320301e+01 3.813502e-01 4.4647e-03 8.6331e-03 -1.1707e-05 0.06143 6.88810e-02 1.04814e-01 1.72134e-01 6.03838e-03
3.501720 1.12322776e-01 6.34817511e-02 1.75804527e-01 3.30073533e-03 1.54176927e+01 1.86307123e+01 3.40484050e-02 5.651726e-01 1.208398e+00 7.572301e+01 4.098458e+01 3.703488e-01 5.3608e-03 8.3682e-03 -1.8695e-05 0.06038 6.74819e-02 1.00990e-01 1.67908e-01 5.87553e-03
3.601770 1.10595707e-01 6.16682670e-02 1.72263974e-01 3.60537941e-03 1.54269210e+01 1.94483699e+01 3.48752909e-02 5.576009e-01 1.260677e+00 7.972907e+01 3.795324e+01 3.338769e-01 6.4170e-03 8.0208e-03 -1.9768e-05 0.06108 6.34344e-02 9.54448e-02 1.64220e-01 5.69737e-03
3.701819 1.08659964e-01 5.99754720e-02 1.68635436e-01 3.93188967e-03 1.56534112e+01 2.00787399e+01 3.57321511e-02 5.519556e-01 1.282707e+00 7.662335e+01 3.687663e+01 3.100220e-01 6.9802e-03 7.7423e-03 -1.4353e-05 0.05973 6.69932e-02 9.84447e-02 1.70466e-01 6.26967e-03
3.801868 1.06720222e-01 5.83372823e-02 1.65057504e-01 4.26813969e-03 1.56464718e+01 2.03664034e+01 3.60128752e-02 5.466376e-01 1.301661e+00 6.833922e+01 3.605455e+01 2.979280e-01 7.1178e-03 7.7889e-03 -1.7464e-05 0.05929 6.53726e-02 9.79791e-02 1.74222e-01 5.95481e-03
3.901917 1.04638333e-01 5.67101745e-02 1.61348508e-01 4.56739808e-03 1.55806908e+01 2.04122454e+01 3.59929362e-02 5.419637e-01 1.310099e+00 5.878853e+01 3.579492e+01 2.995267e-01 6.0945e-03 8.3592e-03 -1.7962e-05 0.06095 6.35322e-02 9.97582e-02 1.80204e-01 5.70884e-03
4.001966 1.02532324e-01 5.51458883e-02 1.57678212e-01 4.89733419e-03 1.57861557e+01 2.04602203e+01 3.62463760e-02 5.378391e-01 1.296086e+00 4.880060e+01 4.308635e+01 3.006722e-01 5.0097e-03 9.1155e-03 -1.8735e-05 0.05945 7.05814e-02 1.12493e-01 1.94607e-01 6.40971e-03
4.102015 1.00409476e-01 5.36340509e-02 1.54043527e-01 5.19537142e-03 1.55723072e+01 2.06231799e+01 3.61954871e-02 5.341533e-01 1.324350e+00 4.154179e+01 4.030101e+01 3.122785e-01 4.5503e-03 9.5982e-03 -1.8528e-05 0.05753 6.86675e-02 1.18421e-01 2.01718e-01 5.88769e-03
4.202065 9.81716606e-02 5.21134302e-02 1.50285091e-01 5.48755281e-03 1.55176376e+01 2.09332383e+01 3.64508760e-02 5.308399e-01 1.348996e+00 4.150831e+01 3.829640e+01 3.175812e-01 4.4451e-03 9.6033e-03 -1.4915e-05 0.05745 7.29635e-02 1.30215e-01 2.14685e-01 6.07509e-03
4.302114 9.60107258e-02 5.05951539e-02 1.46605880e-01 5.77409269e-03 1.55288496e+01 2.12828509e+01 3.68117005e-02 5.269740e-01 1.370536e+00 5.737301e+01 3.825754e+01 3.049650e-01 4.6043e-03 8.9485e-03 -2.0959e-05 0.05680 8.07867e-02 1.42613e-01 2.27675e-01 6.14303e-03
4.402163 9.37699763e-02 4.90919842e-02 1.42861960e-01 6.03480527e-03 1.54461330e+01 2.15278436e+01 3.69739766e-02 5.235363e-01 1.393737e+00 6.324704e+01 3.944378e+01 2.748941e-01 5.1172e-03 8.2023e-03 -2.0912e-05 0.05666 8.78385e-02 1.50564e-01 2.36112e-01 6.03393e-03
4.502212 9.14064814e-02 4.76056127e-02 1.39012094e-01 6.27413033e-03 1.56015719e+01 2.14194225e+01 3.70209945e-02 5.208122e-01 1.372902e+00 6.332559e+01 4.119325e+01 2.564701e-01 5.5079e-03 7.6863e-03 -1.4818e-05 0.05604 9.97254e-02 1.60876e-01 2.45358e-01 6.48703e-03
4.602261 8.91750616e-02 4.61536777e-02 1.35328739e-01 6.51002647e-03 1.57273944e+01 2.08474690e+01 3.65748634e-02 5.175626e-01 1.325551e+00 5.690505e+01 5.314507e+01 2.505136e-01 5.5226e-03 7.4311e-03 -2.0031e-05 0.05623 1.06795e-01 1.66517e-01 2.48963e-01 6.38301e-03
4.702310 8.68065983e-02 4.47938857e-02 1.31600484e-01 6.69277588e-03 1.56984661e+01 2.01046939e+01 3.58031600e-02 5.160194e-01 1.280679e+00 4.823356e+01 6.270356e+01 2.542081e-01 5.2733e-03 7.7676e-03 -2.0991e-05 0.05649 1.09462e-01 1.68067e-01 2.48783e-01 6.29600e-03
4.802359 8.43964324e-02 4.35725274e-02 1.27968960e-01 6.87356549e-03 1.58234735e+01 1.94119296e+01 3.52354031e-02 5.162840e-01 1.226781e+00 4.189426e+01 6.717460e+01 2.531510e-01 5.0377e-03 8.2179e-03 -1.7877e-05 0.05628 1.17165e-01 1.73660e-01 2.52261e-01 6.85359e-03
4.902409 8.19563764e-02 4.24756686e-02 1.24432045e-01 7.03024256e-03 1.55833208e+01 1.88473770e+01 3.44306977e-02 5.182717e-01 1.209458e+00 4.440968e+01 7.104649e+01 2.577134e-01 4.9045e-03 8.8309e-03 -1.9422e-05 0.05600 1.15677e-01 1.70892e-01 2.48051e-01 6.48952e-03
5.002458 7.94941975e-02 4.14550338e-02 1.20949231e-01 7.17374147e-03 1.53119141e+01 1.84061376e+01 3.37180517e-02 5.214850e-01 1.202079e+00 4.905597e+01 6.481474e+01 2.578474e-01 4.8564e-03 9.5210e-03 -1.8425e-05 0.05553 1.13869e-01 1.68595e-01 2.45085e-01 6.33291e-03
5.102507 7.70394437e-02 4.05069075e-02 1.17546351e-01 7.32996798e-03 1.50779908e+01 1.80457797e+01 3.31237705e-02 5.257944e-01 1.196829e+00 5.105226e+01 5.220796e+01 2.554207e-01 4.7784e-03 9.9108e-03 -2.1433e-05 0.05421 1.14066e-01 1.68289e-01 2.45546e-01 6.47084e-03
5.202556 7.46106660e-02 3.96198257e-02 1.14230492e-01 7.47523216e-03 1.45860534e+01 1.77368475e+01 3.23229009e-02 5.310209e-01 1.216014e+00 4.990533e+01 4.972511e+01 2.665616e-01 4.7158e-03 9.9181e-03 -2.1283e-05 0.05280 1.08572e-01 1.62742e-01 2.44805e-01 6.13796e-03
5.302605 7.21547454e-02 3.87728373e-02 1.10927583e-01 7.61734753e-03 1.41873762e+01 1.74607718e+01 3.16481481e-02 5.373567e-01 1.230726e+00 4.728522e+01 5.160323e+01 2.877797e-01 4.6328e-03 9.6391e-03 -1.6722e-05 0.05163 1.06644e-01 1.61637e-01 2.49641e-01 6.07738e-03
5.402654 6.98614811e-02 3.79223398e-02 1.07783821e-01 7.77812397e-03 1.37693745e+01 1.71706961e+01 3.09400706e-02 5.428219e-01 1.247021e+00 4.515103e+01 5.107865e+01 2.960287e-01 4.4902e-03 9.2125e-03 -2.2599e-05 0.05039 1.04642e-01 1.62266e-01 2.54556e-01 5.80878e-03
5.502704 6.75749090e-02 3.70934808e-02 1.04668390e-01 7.91954079e-03 1.31891717e+01 1.68894829e+01 3.00786546e-02 5.489239e-01 1.280557e+00 4.345537e+01 4.560481e+01 2.862031e-01 4.3546e-03 8.8210e-03 -2.3191e-05 0.04882 9.85799e-02 1.60082e-01 2.56309e-01 5.60380e-03
5.602753 6.53409619e-02 3.62765021e-02 1.01617464e-01 8.06972794e-03 1.28151172e+01 1.65482635e+01 2.93633806e-02 5.551878e-01 1.291308e+00 4.279361e+01 4.310603e+01 2.774634e-01 4.2915e-03 8.4335e-03 -1.8280e-05 0.04785 9.95079e-02 1.64118e-01 2.63301e-01 5.76299e-03
5.702802 6.32670922e-02 3.54302853e-02 9.86973776e-02 8.22023617e-03 1.23308008e+01 1.60598936e+01 2.83906944e-02 5.600113e-01 1.302421e+00 4.430250e+01 4.121815e+01 2.803167e-01 4.3501e-03 7.9598e-03 -2.1928e-05 0.04745 9.73490e-02 1.64240e-01 2.65922e-01 5.42375e-03
5.802851 6.12773347e-02 3.45845474e-02 9.58618822e-02 8.34771660e-03 1.18068724e+01 1.54594475e+01 2.72663199e-02 5.643938e-01 1.309360e+00 4.140878e+01 4.023584e+01 2.777450e-01 4.4119e-03 7.4690e-03 -2.2355e-05 0.04675 9.37162e-02 1.62350e-01 2.66550e-01 5.11523e-03
5.902900 5.93839569e-02 3.37489803e-02 9.31329371e-02 8.48439121e-03 1.15143508e+01 1.48195760e+01 2.63339268e-02 5.683181e-01 1.287053e+00 3.939025e+01 3.980316e+01 2.651634e-01 4.3349e-03 7.0574e-03 -2.1630e-05 0.04563 9.71046e-02 1.65976e-01 2.71251e-01 5.42614e-03
6.002949 5.75793849e-02 3.29251281e-02 9.05045131e-02 8.59411643e-03 1.10247465e+01 1.42035858e+01 2.52283323e-02 5.718215e-01 1.288337e+00 3.715103e+01 4.141543e+01 2.709828e-01 4.1131e-03 6.7482e-03 -2.2277e-05 0.04482 9.28713e-02 1.61393e-01 2.67098e-01 5.01138e-03
6.102998 5.58655702e-02 3.21248204e-02 8.79903906e-02 8.67572014e-03 1.06304574e+01 1.36585987e+01 2.42890561e-02 5.750379e-01 1.284855e+00 3.574198e+01 4.142899e+01 2.802943e-01 3.8452e-03 6.5275e-03 -1.9804e-05 0.04413 9.11909e-02 1.58434e-01 2.63064e-01 4.87913e-03
6.203048 5.42456539e-02 3.13233939e-02 8.55690478e-02 8.75940449e-03 1.03049679e+01 1.31529437e+01 2.34579116e-02 5.774360e-01 1.276369e+00 3.790014e+01 4.254461e+01 2.750452e-01 3.6140e-03 6.3701e-03 -2.3943e-05 0.04278 9.09451e-02 1.56165e-01 2.58457e-01 4.75606e-03
6.303097 5.26817755e-02 3.05528223e-02 8.32345978e-02 8.79802220e-03 9.93612735e+00 1.27009924e+01 2.26371198e-02 5.799505e-01 1.278264e+00 3.574517e+01 4.605280e+01 2.689751e-01 3.4473e-03 6.2815e-03 -2.3965e-05 0.04152 8.78667e-02 1.51437e-01 2.51234e-01 4.68257e-03
6.403146 5.11269859e-02 2.98158582e-02 8.09428441e-02 8.80790339e-03 9.62932993e+00 1.23387978e+01 2.19681277e-02 5.831726e-01 1.281377e+00 4.410927e+01 4.589551e+01 2.753707e-01 3.3942e-03 6.2873e-03 -1.9076e-05 0.04026 8.64059e-02 1.48343e-01 2.45032e-01 4.55569e-03
6.503195 4.97079020e-02 2.90640128e-02 7.87719148e-02 8.80371821e-03 9.33886088e+00 1.20590336e+01 2.13978945e-02 5.846960e-01 1.291275e+00 6.480195e+01 4.505974e+01 2.794822e-01 3.4213e-03 6.3384e-03 -2.3901e-05 0.03929 8.49684e-02 1.44817e-01 2.37617e-01 4.36125e-03
6.603244 4.82881370e-02 2.83324007e-02 7.66205377e-02 8.75265177e-03 8.97920249e+00 1.18294160e+01 2.08086185e-02 5.867363e-01 1.317424e+00 6.876923e+01 4.545698e+01 2.704518e-01 3.4530e-03 6.3252e-03 -2.4471e-05 0.03831 8.03332e-02 1.38441e-01 2.28195e-01 4.10143e-03
6.703293 4.69107781e-02 2.76174395e-02 7.45282176e-02 8.69948408e-03 8.77182573e+00 1.15684096e+01 2.03402354e-02 5.887227e-01 1.318814e+00 6.697515e+01 4.402678e+01 2.606676e-01 3.4545e-03 6.2397e-03 -2.1033e-05 0.03869 8.25131e-02 1.38582e-01 2.25427e-01 4.35828e-03
6.803343 4.55968942e-02 2.68953413e-02 7.24922355e-02 8.63364353e-03 8.42345427e+00 1.12424536e+01 1.96659079e-02 5.898503e-01 1.334661e+00 6.491778e+01 4.115412e+01 2.677073e-01 3.4374e-03 6.0875e-03 -2.3199e-05 0.03909 7.81812e-02 1.32493e-01 2.17442e-01 3.96819e-03
6.903392 4.43473034e-02 2.61938094e-02 7.05411128e-02 8.55297805e-03 8.12324080e+00 1.09024149e+01 1.90256557e-02 5.906517e-01 1.342126e+00 6.416824e+01 3.974065e+01 2.743846e-01 3.4072e-03 5.8548e-03 -2.2537e-05 0.03894 7.59304e-02 1.28333e-01 2.11722e-01 3.82856e-03
7.003441 4.31377373e-02 2.54963056e-02 6.86340430e-02 8.48928812e-03 7.88438100e+00 1.05592090e+01 1.84435900e-02 5.910441e-01 1.339257e+00 6.317610e+01 3.898238e+01 2.791462e-01 3.4113e-03 5.6237e-03 -2.3658e-05 0.03852 7.65708e-02 1.26742e-01 2.08557e-01 3.86050e-03
7.103490 4.19820302e-02 2.48126858e-02 6.67947160e-02 8.41425627e-03 7.58569476e+00 1.02019767e+01 1.77876714e-02 5.910311e-01 1.344897e+00 6.103073e+01 3.640998e+01 2.825816e-01 3.4629e-03 5.4192e-03 -2.3882e-05 0.03815 7.40754e-02 1.22425e-01 2.03343e-01 3.77946e-03
7.203539 4.08615924e-02 2.41529719e-02 6.50145644e-02 8.33049443e-03 7.30278363e+00 9.80845844e+00 1.71112421e-02 5.910923e-01 1.343112e+00 5.777152e+01 3.498760e+01 2.929425e-01 3.5442e-03 5.2406e-03 -2.0369e-05 0.03841 7.21636e-02 1.19123e-01 1.99630e-01 3.60225e-03
7.303588 3.98344640e-02 2.34922266e-02 6.33266906e-02 8.25989245e-03 7.08051009e+00 9.36295466e+00 1.64434647e-02 5.897463e-01 1.322356e+00 5.385020e+01 3.359020e+01 3.022685e-01 3.6388e-03 5.1093e-03 -2.4754e-05 0.03823 7.32462e-02 1.18880e-01 1.98653e-01 3.58431e-03
7.403638 3.88280973e-02 2.28653496e-02 6.16934469e-02 8.16501200e-03 6.79075176e+00 8.92117232e+00 1.57119241e-02 5.888867e-01 1.313724e+00 4.978391e+01 2.961512e+01 3.004731e-01 3.6865e-03 5.0290e-03 -2.4973e-05 0.03752 7.02297e-02 1.15197e-01 1.94599e-01 3.43998e-03
7.503687 3.78419366e-02 2.22737473e-02 6.01156838e-02 8.07203954e-03 6.58477500e+00 8.53336414e+00 1.51181391e-02 5.885996e-01 1.295923e+00 4.795395e+01 2.914305e+01 3.037800e-01 3.7301e-03 4.9919e-03 -2.0541e-05 0.03663 7.18912e-02 1.16191e-01 1.94621e-01 3.50770e-03
7.603736 3.69478158e-02 2.16788306e-02 5.86266464e-02 7.97992091e-03 6.33167078e+00 8.19085451e+00 1.45225253e-02 5.867419e-01 1.293632e+00 4.461212e+01 2.699077e+01 3.061017e-01 3.8170e-03 4.9676e-03 -2.4146e-05 0.03566 7.01556e-02 1.13767e-01 1.90888e-01 3.30414e-03
7.703785 3.60736108e-02 2.11081942e-02 5.71818050e-02 7.87358379e-03 6.08227965e+00 7.88291246e+00 1.39651921e-02 5.851423e-01 1.296046e+00 3.893175e+01 2.498821e+01 2.990344e-01 3.8137e-03 4.9788e-03 -2.4380e-05 0.03593 6.80952e-02 1.11073e-01 1.86941e-01 3.20205e-03
7.803834 3.52325027e-02 2.05557193e-02 5.57882220e-02 7.78139716e-03 5.90338381e+00 7.59263970e+00 1.34960235e-02 5.834306e-01 1.286150e+00 3.560041e+01 2.590358e+01 2.978116e-01 3.6919e-03 4.9993e-03 -2.2655e-05 0.03637 7.00672e-02 1.12104e-01 1.86392e-01 3.28040e-03
7.903883 3.44249088e-02 2.00153558e-02 5.44402646e-02 7.69131350e-03 5.67241880e+00 7.30756628e+00 1.29799851e-02 5.814207e-01 1.288263e+00 3.256776e+01 2.387532e+01 3.015774e-01 3.5796e-03 5.0186e-03 -2.3910e-05 0.03615 6.76763e-02 1.08798e-01 1.81718e-01 3.08760e-03
8.003932 3.36547125e-02 1.95028994e-02 5.31576119e-02 7.59759841e-03 5.46391493e+00 7.02455044e+00 1.24884654e-02 5.794998e-01 1.285626e+00 3.408749e+01 2.300319e+01 3.100688e-01 3.5081e-03 5.0509e-03 -2.2206e-05 0.03594 6.62477e-02 1.06372e-01 1.77925e-01 3.01575e-03
8.103982 3.29093908e-02 1.90049077e-02 5.19142985e-02 7.52360991e-03 5.30557189e+00 6.73926740e+00 1.20448393e-02 5.774919e-01 1.270224e+00 3.290718e+01 2.271215e+01 3.210273e-01 3.4343e-03 5.0579e-03 -2.4652e-05 0.03551 6.79828e-02 1.06817e-01 1.76608e-01 3.00826e-03
8.204031 3.21841847e-02 1.85363091e-02 5.07204938e-02 7.44254727e-03 5.09883990e+00 6.46170562e+00 1.15605455e-02 5.759447e-01 1.267289e+00 3.025071e+01 2.027057e+01 3.209162e-01 3.3469e-03 5.0650e-03 -2.4853e-05 0.03464 6.53266e-02 1.03080e-01 1.71607e-01 2.87238e-03
8.304080 3.14544961e-02 1.81042813e-02 4.95587775e-02 7.36659327e-03 4.93492486e+00 6.19546520e+00 1.11303901e-02 5.755705e-01 1.255433e+00 2.683441e+01 2.012420e+01 3.320652e-01 3.2391e-03 5.0875e-03 -2.0967e-05 0.03485 6.55754e-02 1.02170e-01 1.69565e-01 2.84441e-03
8.404129 3.07900198e-02 1.76793006e-02 4.84693204e-02 7.30189888e-03 4.78565856e+00 5.93675731e+00 1.07224159e-02 5.741893e-01 1.240531e+00 2.328883e+01 1.963400e+01 3.389835e-01 3.1133e-03 5.0801e-03 -2.5044e-05 0.03553 6.63997e-02 1.01680e-01 1.67806e-01 2.84527e-03
8.504178 3.01130901e-02 1.72887227e-02 4.74018128e-02 7.22654550e-03 4.60290226e+00 5.69845004e+00 1.03013523e-02 5.741265e-01 1.238012e+00 2.186179e+01 1.771823e+01 3.273194e-01 2.9807e-03 5.1137e-03 -2.5386e-05 0.03556 6.36834e-02 9.79120e-02 1.63348e-01 2.68788e-03
8.604227 2.94424588e-02 1.69279346e-02 4.63703934e-02 7.16156519e-03 4.48571416e+00 5.48095973e+00 9.96667389e-03 5.749498e-01 1.221870e+00 2.044123e+01 1.982186e+01 3.267152e-01 2.8667e-03 5.1636e-03 -2.1966e-05 0.03572 6.62792e-02 9.94328e-02 1.64044e-01 2.80212e-03
8.704277 2.88061564e-02 1.65761445e-02 4.53823009e-02 7.10127013e-03 4.32822392e+00 5.27732049e+00 9.60554442e-03 5.754376e-01 1.219281e+00 1.896405e+01 1.810917e+01 3.279183e-01 2.7855e-03 5.1977e-03 -2.4533e-05 0.03556 6.44007e-02 9.67877e-02 1.60790e-01 2.61483e-03
8.804326 2.81822089e-02 1.62517404e-02 4.44339493e-02 7.03182286e-03 4.18543794e+00 5.09192065e+00 9.27735859e-03 5.766667e-01 1.216580e+00 2.028317e+01 1.755888e+01 3.211460e-01 2.7269e-03 5.2455e-03 -2.4166e-05 0.03497 6.33272e-02 9.51471e-02 1.58692e-01 2.58899e-03
8.904375 2.75638700e-02 1.59438751e-02 4.35077451e-02 6.97527663e-03 4.07951588e+00 4.92187214e+00 9.00138801e-03 5.784338e-01 1.206484e+00 2.199605e+01 1.893161e+01 3.252068e-01 2.6793e-03 5.2549e-03 -2.4060e-05 0.03461 6.53967e-02 9.67025e-02 1.59669e-01 2.62431e-03
9.004424 2.69587847e-02 1.56487567e-02 4.26075413e-02 6.91578685e-03 3.94260061e+00 4.76682649e+00 8.70942710e-03 5.804697e-01 1.209056e+00 2.264279e+01 1.739231e+01 3.222808e-01 2.6466e-03 5.2355e-03 -2.4834e-05 0.03415 6.36351e-02 9.46816e-02 1.57359e-01 2.50297e-03
9.104473 2.63638231e-02 1.53783465e-02 4.17421696e-02 6.85325187e-03 3.81524857e+00 4.62809663e+00 8.44334521e-03 5.833125e-01 1.213052e+00 2.220564e+01 1.720258e+01 3.249862e-01 2.6430e-03 5.2142e-03 -2.2311e-05 0.03376 6.22817e-02 9.31842e-02 1.55726e-01 2.44361e-03
9.204522 2.57960744e-02 1.51096055e-02 4.09056799e-02 6.80211494e-03 3.72517480e+00 4.49750083e+00 8.22267562e-03 5.857327e-01 1.207326e+00 2.116192e+01 1.782149e+01 3.285216e-01 2.6388e-03 5.1186e-03 -2.5446e-05 0.03331 6.43777e-02 9.50620e-02 1.57144e-01 2.51420e-03
9.304571 2.52258997e-02 1.48602079e-02 4.00861077e-02 6.74063291e-03 3.59633243e+00 4.38109823e+00 7.97743066e-03 5.890853e-01 1.218213e+00 1.976717e+01 1.649677e+01 3.309435e-01 2.6015e-03 5.0059e-03 -2.5721e-05 0.03272 6.13014e-02 9.21117e-02 1.54298e-01 2.34023e-03
9.404621 2.46456466e-02 1.46332567e-02 3.92789033e-02 6.68397382e-03 3.50953905e+00 4.28072825e+00 7.79026730e-03 5.937461e-01 1.219741e+00 1.820178e+01 1.667100e+01 3.388014e-01 2.5605e-03 4.8954e-03 -2.1999e-05 0.03174 6.24193e-02 9.33187e-02 1.55566e-01 2.41488e-03
9.504670 2.41072620e-02 1.44045321e-02 3.85117941e-02 6.63168094e-03 3.40593736e+00 4.18919644e+00 7.59513381e-03 5.975184e-01 1.229969e+00 1.674260e+01 1.582802e+01 3.515910e-01 2.5216e-03 4.7708e-03 -2.5422e-05 0.03051 6.07962e-02 9.18278e-02 1.54142e-01 2.26769e-03
9.604719 2.35568390e-02 1.41965059e-02 3.77533449e-02 6.56759780e-03 3.30751703e+00 4.11209979e+00 7.41961682e-03 6.026490e-01 1.243259e+00 1.588082e+01 1.586850e+01 3.646975e-01 2.4871e-03 4.7213e-03 -2.5622e-05 0.02926 5.92221e-02 9.03649e-02 1.52897e-01 2.19159e-03
9.704768 2.30056272e-02 1.40018765e-02 3.70075037e-02 6.51032150e-03 3.23615409e+00 4.04625211e+00 7.28240620e-03 6.086283e-01 1.250327e+00 1.488050e+01 1.582399e+01 3.851661e-01 2.4615e-03 4.7089e-03 -2.3446e-05 0.02885 6.06238e-02 9.17224e-02 1.54347e-01 2.28247e-03
9.804817 2.24663948e-02 1.38066685e-02 3.62730633e-02 6.45288531e-03 3.14290835e+00 3.98776463e+00 7.13067298e-03 6.145476e-01 1.268814e+00 1.509377e+01 1.544347e+01 3.986578e-01 2.4439e-03 4.6862e-03 -2.5207e-05 0.02898 5.87557e-02 8.97622e-02 1.52502e-01 2.14535e-03
9.904866 2.19427899e-02 1.36264514e-02 3.55692412e-02 6.38584644e-03 3.04773867e+00 3.94194446e+00 6.98968313e-03 6.209990e-01 1.293400e+00 1.520372e+01 1.467253e+01 4.106937e-01 2.4224e-03 4.6533e-03 -2.4088e-05 0.02924 5.61567e-02 8.69679e-02 1.49875e-01 2.05181e-03
9.999999 2.14485416e-02 1.34528895e-02 3.49014311e-02 6.33206752e-03 2.99313897e+00 3.90404329e+00 6.89718226e-03 6.272170e-01 1.304331e+00 1.493322e+01 1.483357e+01 4.223683e-01 2.3907e-03 4.5854e-03 -2.5014e-05 0.02858 5.82154e-02 8.85312e-02 1.51111e-01 2.16640e-03
