# tg_mhd (Kokkos FP64)  tgc_slip_cond_n65_re1000  N=65 Re=1000 h=4.90873852e-02 delta=3.16227766e-02 delta/h=0.644214 layers=33
# layer k: the nodes k cells from the nearest wall, i.e. the slab [(k-1/2)h, (k+1/2)h] ([0, h/2] for k = 0)
# row 'vol': each layer's share of the volume; then per probe: t and each layer's share of eps
# vol 4.614639e-02 8.798981e-02 8.240509e-02 7.700348e-02 7.178497e-02 6.674957e-02 6.189728e-02 5.722809e-02 5.274200e-02 4.843903e-02 4.431915e-02 4.038239e-02 3.662872e-02 3.305817e-02 2.967072e-02 2.646637e-02 2.344513e-02 2.060699e-02 1.795197e-02 1.548004e-02 1.319122e-02 1.108551e-02 9.162903e-03 7.423401e-03 5.867004e-03 4.493713e-03 3.303528e-03 2.296448e-03 1.472473e-03 8.316040e-04 3.738403e-04 9.918213e-05 3.814697e-06
0.000000 3.12500e-02 6.29149e-02 6.38346e-02 6.47625e-02 6.52780e-02 6.50845e-02 6.40367e-02 6.21413e-02 5.95287e-02 5.64035e-02 5.29843e-02 4.94488e-02 4.58981e-02 4.23465e-02 3.87401e-02 3.49950e-02 3.10442e-02 2.68773e-02 2.25618e-02 1.82405e-02 1.41056e-02 1.03578e-02 7.16374e-03 4.62249e-03 2.75018e-03 1.48584e-03 7.14026e-04 2.96275e-04 1.01400e-04 2.64383e-05 4.43530e-06 2.91026e-07 0.00000e+00
0.049087 3.11905e-02 6.27971e-02 6.37238e-02 6.46676e-02 6.52068e-02 6.50406e-02 6.40187e-02 6.21445e-02 5.95489e-02 5.64396e-02 5.30389e-02 4.95254e-02 4.59965e-02 4.24596e-02 3.88537e-02 3.50919e-02 3.11098e-02 2.69044e-02 2.25528e-02 1.82058e-02 1.40594e-02 1.03137e-02 7.13069e-03 4.60333e-03 2.74271e-03 1.48533e-03 7.16000e-04 2.98104e-04 1.02335e-04 2.67324e-05 4.48572e-06 2.94029e-07 2.05867e-34
0.098175 3.12099e-02 6.28572e-02 6.38358e-02 6.48405e-02 6.54279e-02 6.52804e-02 6.42402e-02 6.23135e-02 5.96420e-02 5.64480e-02 5.29679e-02 4.93906e-02 4.58192e-02 4.22614e-02 3.86537e-02 3.49046e-02 3.09456e-02 2.67705e-02 2.24543e-02 1.81447e-02 1.40340e-02 1.03176e-02 7.15382e-03 4.63439e-03 2.77220e-03 1.50767e-03 7.29848e-04 3.05062e-04 1.05069e-04 2.75121e-05 4.62268e-06 3.03131e-07 1.78376e-33
0.147262 3.11677e-02 6.28072e-02 6.38740e-02 6.49891e-02 6.56728e-02 6.55775e-02 6.45304e-02 6.25413e-02 5.97711e-02 5.64683e-02 5.28931e-02 4.92496e-02 4.56430e-02 4.20745e-02 3.84692e-02 3.47269e-02 3.07765e-02 2.66153e-02 2.23238e-02 1.80520e-02 1.39879e-02 1.03176e-02 7.18898e-03 4.68727e-03 2.82548e-03 1.54965e-03 7.56547e-04 3.18642e-04 1.10383e-04 2.89900e-05 4.86968e-06 3.18534e-07 4.09090e-34
0.196350 3.09584e-02 6.24333e-02 6.36192e-02 6.48936e-02 6.57348e-02 6.57579e-02 6.47685e-02 6.27741e-02 5.99504e-02 5.65704e-02 5.29208e-02 4.92249e-02 4.55957e-02 4.20296e-02 3.84385e-02 3.47080e-02 3.07591e-02 2.65908e-02 2.22916e-02 1.80208e-02 1.39702e-02 1.03220e-02 7.21586e-03 4.72885e-03 2.87002e-03 1.58698e-03 7.81679e-04 3.32093e-04 1.15885e-04 3.05781e-05 5.14303e-06 3.35933e-07 4.82575e-34
0.245437 3.08017e-02 6.21873e-02 6.35437e-02 6.50258e-02 6.60419e-02 6.61549e-02 6.51515e-02 6.30535e-02 6.00728e-02 5.65265e-02 5.27388e-02 4.89567e-02 4.52993e-02 4.17528e-02 3.82087e-02 3.45316e-02 3.06295e-02 2.65003e-02 2.22392e-02 1.80118e-02 1.40089e-02 1.04045e-02 7.32704e-03 4.84660e-03 2.97342e-03 1.66325e-03 8.28574e-04 3.55545e-04 1.24982e-04 3.30905e-05 5.55892e-06 3.61520e-07 1.49578e-33
0.294524 3.06282e-02 6.19265e-02 6.34980e-02 6.52365e-02 6.64603e-02 6.66720e-02 6.56410e-02 6.34118e-02 6.02410e-02 5.64951e-02 5.25404e-02 4.86514e-02 4.49569e-02 4.14332e-02 3.79480e-02 3.43371e-02 3.04882e-02 2.63939e-02 2.21580e-02 1.79581e-02 1.39914e-02 1.04277e-02 7.38487e-03 4.92343e-03 3.05022e-03 1.72514e-03 8.69256e-04 3.76974e-04 1.33630e-04 3.55447e-05 5.97055e-06 3.86848e-07 4.26740e-34
0.343612 3.04245e-02 6.16259e-02 6.34607e-02 6.55044e-02 6.69647e-02 6.72769e-02 6.62007e-02 6.38146e-02 6.04299e-02 5.64683e-02 5.23407e-02 4.83509e-02 4.46371e-02 4.11610e-02 3.77545e-02 3.42129e-02 3.03966e-02 2.62973e-02 2.20396e-02 1.78277e-02 1.38744e-02 1.03478e-02 7.35144e-03 4.92937e-03 3.07850e-03 1.75804e-03 8.95103e-04 3.92105e-04 1.40158e-04 3.74727e-05 6.29925e-06 4.06997e-07 1.37923e-33
0.392699 3.02761e-02 6.14734e-02 6.36497e-02 6.60601e-02 6.77631e-02 6.81217e-02 6.69064e-02 6.42589e-02 6.05667e-02 5.63135e-02 5.19537e-02 4.78195e-02 4.40620e-02 4.06339e-02 3.73341e-02 3.39115e-02 3.01886e-02 2.61438e-02 2.19128e-02 1.77221e-02 1.37999e-02 1.03157e-02 7.36244e-03 4.97153e-03 3.13311e-03 1.80794e-03 9.30519e-04 4.11763e-04 1.48375e-04 3.98453e-05 6.69534e-06 4.30730e-07 2.71024e-34
0.441786 2.99952e-02 6.10842e-02 6.36598e-02 6.64823e-02 6.84444e-02 6.88473e-02 6.74940e-02 6.46046e-02 6.06419e-02 5.61406e-02 5.15872e-02 4.73411e-02 4.35733e-02 4.02332e-02 3.70812e-02 3.38062e-02 3.01804e-02 2.61655e-02 2.19168e-02 1.76960e-02 1.37601e-02 1.02870e-02 7.36068e-03 4.99674e-03 3.17362e-03 1.84900e-03 9.61711e-04 4.29934e-04 1.56225e-04 4.21477e-05 7.07711e-06 4.52901e-07 2.13387e-34
0.490874 2.96607e-02 6.06301e-02 6.36830e-02 6.69653e-02 6.91827e-02 6.95928e-02 6.80623e-02 6.49125e-02 6.06838e-02 5.59462e-02 5.12005e-02 4.68288e-02 4.30354e-02 3.97832e-02 3.68010e-02 3.37097e-02 3.02162e-02 2.62533e-02 2.19896e-02 1.77258e-02 1.37554e-02 1.02732e-02 7.35904e-03 5.01434e-03 3.20460e-03 1.88214e-03 9.87820e-04 4.45560e-04 1.63106e-04 4.41870e-05 7.41416e-06 4.72084e-07 1.73698e-33
0.539961 2.93807e-02 6.03504e-02 6.39873e-02 6.77691e-02 7.01926e-02 7.05059e-02 6.86903e-02 6.52035e-02 6.06686e-02 5.56722e-02 5.07093e-02 4.61818e-02 4.23401e-02 3.91731e-02 3.63767e-02 3.34943e-02 3.01592e-02 2.62708e-02 2.20104e-02 1.77162e-02 1.37196e-02 1.02342e-02 7.33786e-03 5.01821e-03 3.22738e-03 1.91147e-03 1.01284e-03 4.61223e-04 1.70191e-04 4.63073e-05 7.75988e-06 4.90899e-07 2.26436e-33
0.589049 2.90479e-02 6.00248e-02 6.43203e-02 6.86043e-02 7.11870e-02 7.13577e-02 6.92509e-02 6.54711e-02 6.07009e-02 5.55029e-02 5.03360e-02 4.56260e-02 4.17023e-02 3.86069e-02 3.60022e-02 3.33363e-02 3.01545e-02 2.63205e-02 2.20322e-02 1.76741e-02 1.36235e-02 1.01190e-02 7.23786e-03 4.95176e-03 3.19511e-03 1.90315e-03 1.01576e-03 4.66140e-04 1.73180e-04 4.73100e-05 7.92184e-06 4.98386e-07 1.35664e-33
0.638136 2.87513e-02 5.98765e-02 6.49474e-02 6.97169e-02 7.23497e-02 7.22502e-02 6.97673e-02 6.56738e-02 6.06880e-02 5.53015e-02 4.99072e-02 4.49678e-02 4.09290e-02 3.79041e-02 3.55085e-02 3.30777e-02 3.00668e-02 2.63091e-02 2.20187e-02 1.76197e-02 1.35296e-02 1.00115e-02 7.14567e-03 4.89120e-03 3.16691e-03 1.89759e-03 1.02052e-03 4.72140e-04 1.76659e-04 4.84547e-05 8.10232e-06 5.06223e-07 1.27023e-33
0.687223 2.84315e-02 5.98050e-02 6.57493e-02 7.09508e-02 7.35217e-02 7.30607e-02 7.01815e-02 6.58257e-02 6.07008e-02 5.51659e-02 4.95176e-02 4.42848e-02 4.00858e-02 3.71259e-02 3.49530e-02 3.27699e-02 2.99427e-02 2.62801e-02 2.20101e-02 1.75866e-02 1.34615e-02 9.92446e-03 7.06449e-03 4.83381e-03 3.13761e-03 1.88977e-03 1.02349e-03 4.77195e-04 1.79785e-04 4.95042e-05 8.26460e-06 5.12489e-07 1.41078e-33
0.736311 2.79903e-02 5.96225e-02 6.64869e-02 7.20204e-02 7.44376e-02 7.36016e-02 7.04120e-02 6.59480e-02 6.08382e-02 5.52383e-02 4.93217e-02 4.37316e-02 3.93350e-02 3.64493e-02 3.45174e-02 3.25783e-02 2.99112e-02 2.63154e-02 2.20417e-02 1.75748e-02 1.33986e-02 9.82857e-03 6.96457e-03 4.75346e-03 3.08656e-03 1.86498e-03 1.01543e-03 4.76415e-04 1.80516e-04 4.98595e-05 8.30808e-06 5.11285e-07 1.53119e-33
0.785398 2.75800e-02 5.97079e-02 6.75579e-02 7.32769e-02 7.53731e-02 7.40587e-02 7.05588e-02 6.60563e-02 6.10237e-02 5.53461e-02 4.90717e-02 4.30370e-02 3.84281e-02 3.56511e-02 3.39813e-02 3.22804e-02 2.97690e-02 2.62606e-02 2.20268e-02 1.75640e-02 1.33695e-02 9.77750e-03 6.90454e-03 4.70185e-03 3.05369e-03 1.85068e-03 1.01294e-03 4.78224e-04 1.82219e-04 5.04724e-05 8.39006e-06 5.11963e-07 1.63351e-33
0.834486 2.71711e-02 6.00269e-02 6.88539e-02 7.45577e-02 7.61826e-02 7.43571e-02 7.06361e-02 6.62318e-02 6.13633e-02 5.55794e-02 4.88288e-02 4.22611e-02 3.74590e-02 3.48563e-02 3.34701e-02 3.19738e-02 2.95701e-02 2.61209e-02 2.19287e-02 1.74928e-02 1.33068e-02 9.71142e-03 6.83708e-03 4.64437e-03 3.01547e-03 1.83237e-03 1.00815e-03 4.79048e-04 1.83601e-04 5.09983e-05 8.45384e-06 5.11012e-07 2.24363e-33
0.883573 2.67379e-02 6.05526e-02 7.02843e-02 7.57531e-02 7.67965e-02 7.44968e-02 7.07044e-02 6.65603e-02 6.19337e-02 5.59847e-02 4.86148e-02 4.14354e-02 3.64911e-02 3.41424e-02 3.30485e-02 3.17012e-02 2.93354e-02 2.58947e-02 2.17241e-02 1.73226e-02 1.31671e-02 9.58963e-03 6.72765e-03 4.55291e-03 2.94980e-03 1.79371e-03 9.90229e-04 4.72819e-04 1.81998e-04 5.06256e-05 8.36233e-06 5.00841e-07 7.27171e-34
0.932660 2.63509e-02 6.14934e-02 7.20343e-02 7.70120e-02 7.73288e-02 7.45671e-02 7.08176e-02 6.70282e-02 6.26247e-02 5.63600e-02 4.81994e-02 4.03880e-02 3.54273e-02 3.34306e-02 3.26177e-02 3.13546e-02 2.89757e-02 2.55314e-02 2.14064e-02 1.70849e-02 1.30074e-02 9.48023e-03 6.64257e-03 4.48377e-03 2.89984e-03 1.76481e-03 9.77970e-04 4.69540e-04 1.81612e-04 5.05817e-05 8.31747e-06 4.92959e-07 1.05926e-33
0.981748 2.58828e-02 6.25309e-02 7.36841e-02 7.79326e-02 7.74775e-02 7.43856e-02 7.08727e-02 6.75829e-02 6.34478e-02 5.68095e-02 4.77841e-02 3.93708e-02 3.44986e-02 3.29040e-02 3.23404e-02 3.11050e-02 2.86680e-02 2.51920e-02 2.10996e-02 1.68594e-02 1.28699e-02 9.40113e-03 6.58667e-03 4.43543e-03 2.86141e-03 1.74122e-03 9.67910e-04 4.67141e-04 1.81510e-04 5.05686e-05 8.26514e-06 4.84296e-07 1.31680e-33
1.030835 2.53729e-02 6.37585e-02 7.52886e-02 7.85623e-02 7.73130e-02 7.40373e-02 7.09291e-02 6.82289e-02 6.43438e-02 5.72352e-02 4.72916e-02 3.83547e-02 3.36895e-02 3.25296e-02 3.21704e-02 3.09079e-02 2.83774e-02 2.48520e-02 2.07882e-02 1.66371e-02 1.27516e-02 9.35545e-03 6.56736e-03 4.41619e-03 2.84139e-03 1.72773e-03 9.63081e-04 4.67327e-04 1.82469e-04 5.08207e-05 8.24078e-06 4.76775e-07 1.40030e-33
1.079922 2.49121e-02 6.53822e-02 7.70576e-02 7.91135e-02 7.70505e-02 7.37113e-02 7.11145e-02 6.90143e-02 6.52583e-02 5.74961e-02 4.65864e-02 3.72689e-02 3.29538e-02 3.22362e-02 3.20073e-02 3.06488e-02 2.79883e-02 2.44032e-02 2.03750e-02 1.63346e-02 1.25858e-02 9.29630e-03 6.55700e-03 4.41247e-03 2.83407e-03 1.72243e-03 9.63278e-04 4.70510e-04 1.84887e-04 5.14970e-05 8.26826e-06 4.71462e-07 6.68283e-34
1.129010 2.44305e-02 6.71581e-02 7.86846e-02 7.93491e-02 7.65806e-02 7.33845e-02 7.14537e-02 7.00008e-02 6.62788e-02 5.77227e-02 4.58599e-02 3.63005e-02 3.24178e-02 3.21179e-02 3.19495e-02 3.04304e-02 2.75899e-02 2.39050e-02 1.98823e-02 1.59380e-02 1.23310e-02 9.16883e-03 6.50225e-03 4.38095e-03 2.80780e-03 1.70381e-03 9.55078e-04 4.69461e-04 1.85713e-04 5.17069e-05 8.19836e-06 4.60031e-07 1.02167e-33
1.178097 2.39796e-02 6.92129e-02 8.02897e-02 7.94118e-02 7.60490e-02 7.31533e-02 7.19714e-02 7.11118e-02 6.72018e-02 5.76885e-02 4.50098e-02 3.54339e-02 3.20336e-02 3.20751e-02 3.18867e-02 3.01651e-02 2.71332e-02 2.33497e-02 1.93358e-02 1.54927e-02 1.20383e-02 9.02159e-03 6.44611e-03 4.35757e-03 2.79010e-03 1.69097e-03 9.50442e-04 4.70715e-04 1.87847e-04 5.23487e-05 8.17707e-06 4.50310e-07 8.56593e-34
1.227185 2.35391e-02 7.14029e-02 8.17351e-02 7.92324e-02 7.54125e-02 7.29540e-02 7.25848e-02 7.22382e-02 6.79249e-02 5.74281e-02 4.42086e-02 3.47929e-02 3.18041e-02 3.20776e-02 3.18210e-02 2.98916e-02 2.66802e-02 2.28099e-02 1.88085e-02 1.50624e-02 1.17565e-02 8.88873e-03 6.41279e-03 4.36034e-03 2.79392e-03 1.69236e-03 9.54397e-04 4.77010e-04 1.92585e-04 5.38540e-05 8.27143e-06 4.45443e-07 3.86148e-34
1.276272 2.30428e-02 7.34423e-02 8.27537e-02 7.86666e-02 7.45827e-02 7.27053e-02 7.32245e-02 7.33302e-02 6.84907e-02 5.71641e-02 4.37375e-02 3.45337e-02 3.17650e-02 3.21553e-02 3.18261e-02 2.97071e-02 2.63237e-02 2.23577e-02 1.83457e-02 1.46665e-02 1.14826e-02 8.75162e-03 6.37718e-03 4.36594e-03 2.80124e-03 1.69535e-03 9.58742e-04 4.83671e-04 1.97834e-04 5.55963e-05 8.37299e-06 4.39173e-07 7.34059e-34
1.325359 2.25765e-02 7.55537e-02 8.35716e-02 7.79697e-02 7.37864e-02 7.26108e-02 7.40501e-02 7.43949e-02 6.87452e-02 5.67024e-02 4.34124e-02 3.45136e-02 3.18033e-02 3.21902e-02 3.17774e-02 2.94906e-02 2.59587e-02 2.19146e-02 1.78983e-02 1.42803e-02 1.12072e-02 8.60782e-03 6.34150e-03 4.38066e-03 2.82009e-03 1.70703e-03 9.68550e-04 4.93821e-04 2.05197e-04 5.81563e-05 8.57995e-06 4.36146e-07 1.44922e-33
1.374447 2.21394e-02 7.76375e-02 8.41308e-02 7.71817e-02 7.30717e-02 7.27308e-02 7.51009e-02 7.53810e-02 6.86583e-02 5.61120e-02 4.32798e-02 3.47436e-02 3.19265e-02 3.21833e-02 3.16819e-02 2.92542e-02 2.55946e-02 2.14839e-02 1.74640e-02 1.38968e-02 1.09180e-02 8.43886e-03 6.28329e-03 4.38422e-03 2.83616e-03 1.71862e-03 9.78801e-04 5.04857e-04 2.13631e-04 6.12874e-05 8.86053e-06 4.34385e-07 6.82421e-34
1.423534 2.17100e-02 7.95334e-02 8.43516e-02 7.63157e-02 7.24656e-02 7.31162e-02 7.63772e-02 7.62004e-02 6.82542e-02 5.55137e-02 4.33765e-02 3.52167e-02 3.21430e-02 3.21423e-02 3.15586e-02 2.90273e-02 2.52581e-02 2.10849e-02 1.70550e-02 1.35236e-02 1.06186e-02 8.24244e-03 6.19356e-03 4.36453e-03 2.83893e-03 1.72284e-03 9.84881e-04 5.14051e-04 2.21809e-04 6.45900e-05 9.15821e-06 4.30946e-07 7.06718e-34
1.472622 2.13240e-02 8.13129e-02 8.43843e-02 7.55124e-02 7.20786e-02 7.38693e-02 7.78456e-02 7.66914e-02 6.74847e-02 5.48771e-02 4.35766e-02 3.58188e-02 3.23995e-02 3.19991e-02 3.13280e-02 2.87530e-02 2.49202e-02 2.07133e-02 1.66861e-02 1.31869e-02 1.03398e-02 8.04860e-03 6.09849e-03 4.34325e-03 2.84535e-03 1.73176e-03 9.94475e-04 5.25749e-04 2.31799e-04 6.87710e-05 9.58630e-06 4.30583e-07 7.96805e-34
1.521709 2.09185e-02 8.26489e-02 8.40512e-02 7.46283e-02 7.17713e-02 7.48368e-02 7.92584e-02 7.67601e-02 6.65827e-02 5.44359e-02 4.39810e-02 3.66022e-02 3.27826e-02 3.18390e-02 3.10748e-02 2.85377e-02 2.46869e-02 2.04574e-02 1.64238e-02 1.29341e-02 1.01142e-02 7.87821e-03 6.00811e-03 4.32205e-03 2.85319e-03 1.74240e-03 1.00514e-03 5.38259e-04 2.42670e-04 7.35193e-05 1.00971e-05 4.30537e-07 1.02488e-33
1.570796 2.05015e-02 8.35355e-02 8.34295e-02 7.37368e-02 7.16282e-02 7.60589e-02 8.04747e-02 7.63523e-02 6.56111e-02 5.41419e-02 4.44735e-02 3.74711e-02 3.33017e-02 3.16933e-02 3.07701e-02 2.83581e-02 2.45578e-02 2.03288e-02 1.62858e-02 1.27848e-02 9.96123e-03 7.74838e-03 5.93576e-03 4.31060e-03 2.86947e-03 1.75971e-03 1.02006e-03 5.53453e-04 2.55383e-04 7.92079e-05 1.07551e-05 4.32975e-07 7.64106e-34
1.619884 2.01184e-02 8.41177e-02 8.27318e-02 7.30237e-02 7.18877e-02 7.77203e-02 8.14676e-02 7.55260e-02 6.45816e-02 5.38387e-02 4.48590e-02 3.82387e-02 3.38734e-02 3.15751e-02 3.03489e-02 2.81075e-02 2.44444e-02 2.02607e-02 1.62257e-02 1.27095e-02 9.86369e-03 7.64932e-03 5.87460e-03 4.30370e-03 2.89122e-03 1.78258e-03 1.03900e-03 5.71360e-04 2.70071e-04 8.59697e-05 1.15978e-05 4.39146e-07 2.96870e-34
1.668971 1.97500e-02 8.42687e-02 8.19538e-02 7.25010e-02 7.26154e-02 7.97424e-02 8.20965e-02 7.44699e-02 6.36555e-02 5.35785e-02 4.51656e-02 3.88879e-02 3.44821e-02 3.15854e-02 2.98831e-02 2.77832e-02 2.43325e-02 2.02311e-02 1.62132e-02 1.26741e-02 9.78923e-03 7.55286e-03 5.79847e-03 4.27489e-03 2.89463e-03 1.79376e-03 1.05129e-03 5.85873e-04 2.83558e-04 9.26406e-05 1.24510e-05 4.42155e-07 1.10786e-34
1.718058 1.94108e-02 8.40723e-02 8.12153e-02 7.22729e-02 7.39596e-02 8.20069e-02 8.22141e-02 7.32621e-02 6.27828e-02 5.32756e-02 4.53417e-02 3.93590e-02 3.50255e-02 3.17170e-02 2.94057e-02 2.73374e-02 2.41819e-02 2.02302e-02 1.62570e-02 1.26975e-02 9.75987e-03 7.48045e-03 5.72715e-03 4.24116e-03 2.89233e-03 1.80147e-03 1.06191e-03 5.99749e-04 2.97172e-04 9.97004e-05 1.33986e-05 4.45187e-07 3.36089e-35
1.767146 1.90887e-02 8.35274e-02 8.05362e-02 7.23315e-02 7.58854e-02 8.41318e-02 8.17123e-02 7.20040e-02 6.19445e-02 5.29266e-02 4.54106e-02 3.96730e-02 3.54545e-02 3.19534e-02 2.90206e-02 2.67918e-02 2.39935e-02 2.02918e-02 1.64075e-02 1.28355e-02 9.82661e-03 7.47348e-03 5.69338e-03 4.22910e-03 2.90473e-03 1.81925e-03 1.07892e-03 6.17533e-04 3.13288e-04 1.08090e-04 1.45986e-05 4.53183e-07 2.93106e-34
1.816233 1.87495e-02 8.25351e-02 7.98433e-02 7.26255e-02 7.82062e-02 8.56792e-02 8.07041e-02 7.08299e-02 6.11844e-02 5.26070e-02 4.54619e-02 3.99328e-02 3.58125e-02 3.22840e-02 2.88784e-02 2.62471e-02 2.37614e-02 2.04220e-02 1.66767e-02 1.31031e-02 1.00036e-02 7.54032e-03 5.69978e-03 4.23763e-03 2.92877e-03 1.84362e-03 1.09967e-03 6.37618e-04 3.30999e-04 1.17449e-04 1.60000e-05 4.63732e-07 1.39693e-34
1.865321 1.84398e-02 8.13343e-02 7.93221e-02 7.34102e-02 8.10292e-02 8.66100e-02 7.94633e-02 6.97213e-02 6.03910e-02 5.22065e-02 4.53935e-02 4.00696e-02 3.60185e-02 3.25184e-02 2.89161e-02 2.57546e-02 2.33731e-02 2.05048e-02 1.69891e-02 1.34590e-02 1.02750e-02 7.67484e-03 5.74129e-03 4.26317e-03 2.96357e-03 1.87497e-03 1.12485e-03 6.60696e-04 3.50847e-04 1.28096e-04 1.76833e-05 4.79539e-07 3.43871e-34
1.914408 1.81702e-02 8.00311e-02 7.90561e-02 7.48736e-02 8.42213e-02 8.68472e-02 7.81881e-02 6.86412e-02 5.95411e-02 5.17135e-02 4.51989e-02 4.00915e-02 3.60925e-02 3.25757e-02 2.90035e-02 2.54403e-02 2.28446e-02 2.04543e-02 1.72849e-02 1.38612e-02 1.06213e-02 7.86780e-03 5.80870e-03 4.29579e-03 3.00098e-03 1.90758e-03 1.15080e-03 6.84722e-04 3.71744e-04 1.39620e-04 1.96181e-05 5.01578e-07 9.55814e-34
1.963495 1.79339e-02 7.86631e-02 7.90655e-02 7.71140e-02 8.73695e-02 8.63680e-02 7.69698e-02 6.75479e-02 5.86531e-02 5.11601e-02 4.49266e-02 4.00459e-02 3.60963e-02 3.24955e-02 2.90064e-02 2.53601e-02 2.23272e-02 2.02284e-02 1.75336e-02 1.42900e-02 1.10409e-02 8.12764e-03 5.90654e-03 4.33513e-03 3.03994e-03 1.94075e-03 1.17691e-03 7.09352e-04 3.93516e-04 1.51965e-04 2.18312e-05 5.32888e-07 5.36217e-34
2.012583 1.77463e-02 7.73654e-02 7.94549e-02 8.02313e-02 9.00734e-02 8.53960e-02 7.58257e-02 6.63940e-02 5.77040e-02 5.05162e-02 4.45627e-02 3.99076e-02 3.60038e-02 3.22916e-02 2.88112e-02 2.53762e-02 2.19967e-02 1.98172e-02 1.76831e-02 1.47273e-02 1.15407e-02 8.48426e-03 6.06016e-03 4.39581e-03 3.09216e-03 1.98444e-03 1.20950e-03 7.38331e-04 4.18458e-04 1.66270e-04 2.45761e-05 5.82881e-07 3.89115e-34
2.061670 1.75815e-02 7.60640e-02 8.01622e-02 8.39247e-02 9.17863e-02 8.41664e-02 7.47204e-02 6.52295e-02 5.67711e-02 4.98647e-02 4.42084e-02 3.97701e-02 3.58941e-02 3.20785e-02 2.85039e-02 2.53422e-02 2.19956e-02 1.93760e-02 1.76837e-02 1.51603e-02 1.21099e-02 8.95556e-03 6.29008e-03 4.48454e-03 3.15773e-03 2.03919e-03 1.24909e-03 7.71957e-04 4.46907e-04 1.82785e-04 2.79675e-05 6.59029e-07 1.61867e-34
2.110758 1.74323e-02 7.47946e-02 8.12717e-02 8.79023e-02 9.23798e-02 8.28909e-02 7.35857e-02 6.40568e-02 5.58523e-02 4.92182e-02 4.38863e-02 3.96620e-02 3.57892e-02 3.18859e-02 2.81806e-02 2.51529e-02 2.22071e-02 1.91652e-02 1.74844e-02 1.55440e-02 1.27131e-02 9.54367e-03 6.62042e-03 4.61304e-03 3.23813e-03 2.10636e-03 1.29734e-03 8.11147e-04 4.79610e-04 2.02086e-04 3.22286e-05 7.75011e-07 4.84213e-34
2.159845 1.73200e-02 7.37232e-02 8.30384e-02 9.19585e-02 9.20905e-02 8.17173e-02 7.23924e-02 6.28485e-02 5.48901e-02 4.85314e-02 4.35443e-02 3.95317e-02 3.56454e-02 3.16508e-02 2.78586e-02 2.48220e-02 2.23100e-02 1.93329e-02 1.71655e-02 1.57617e-02 1.32812e-02 1.02075e-02 7.06525e-03 4.79567e-03 3.33561e-03 2.18668e-03 1.35637e-03 8.57148e-04 5.17524e-04 2.25033e-04 3.77119e-05 9.53057e-07 1.32625e-34
2.208932 1.72309e-02 7.28338e-02 8.55016e-02 9.55479e-02 9.11468e-02 8.06332e-02 7.11555e-02 6.16456e-02 5.39238e-02 4.78690e-02 4.32450e-02 3.94285e-02 3.55197e-02 3.14199e-02 2.75950e-02 2.45122e-02 2.21839e-02 1.97286e-02 1.70453e-02 1.57211e-02 1.37411e-02 1.08560e-02 7.59727e-03 5.03173e-03 3.44127e-03 2.26731e-03 1.41873e-03 9.05499e-04 5.57712e-04 2.50412e-04 4.43626e-05 1.20723e-06 5.59138e-34
2.258020 1.71660e-02 7.22089e-02 8.86703e-02 9.82847e-02 8.98958e-02 7.95985e-02 6.98918e-02 6.04483e-02 5.29518e-02 4.72378e-02 4.29940e-02 3.93348e-02 3.53835e-02 3.11991e-02 2.73783e-02 2.42928e-02 2.19414e-02 2.00142e-02 1.73499e-02 1.54954e-02 1.40140e-02 1.14204e-02 8.19133e-03 5.34046e-03 3.56915e-03 2.35101e-03 1.48562e-03 9.57383e-04 6.00609e-04 2.78755e-04 5.25259e-05 1.56579e-06 8.67030e-34
2.307107 1.71106e-02 7.19190e-02 9.23041e-02 9.98538e-02 8.85502e-02 7.85415e-02 6.86092e-02 5.92617e-02 5.19940e-02 4.66602e-02 4.28005e-02 3.92477e-02 3.52267e-02 3.10119e-02 2.72314e-02 2.41870e-02 2.17710e-02 2.00679e-02 1.79523e-02 1.54113e-02 1.40292e-02 1.18682e-02 8.82197e-03 5.75625e-03 3.75199e-03 2.45335e-03 1.56384e-03 1.01767e-03 6.48996e-04 3.11821e-04 6.29145e-05 2.07678e-06 8.88865e-34
2.356194 1.70313e-02 7.19573e-02 9.58476e-02 1.00081e-01 8.71478e-02 7.74009e-02 6.73305e-02 5.81222e-02 5.11122e-02 4.62059e-02 4.27100e-02 3.92226e-02 3.51233e-02 3.09277e-02 2.72340e-02 2.42339e-02 2.17995e-02 2.00620e-02 1.84834e-02 1.57933e-02 1.38449e-02 1.21462e-02 9.42015e-03 6.28300e-03 4.01553e-03 2.58740e-03 1.65533e-03 1.08821e-03 7.04036e-04 3.50352e-04 7.60998e-05 2.79389e-06 9.30249e-34
2.405282 1.69411e-02 7.25303e-02 9.90823e-02 9.93634e-02 8.58263e-02 7.62344e-02 6.60724e-02 5.70053e-02 5.02850e-02 4.58453e-02 4.26577e-02 3.91842e-02 3.50260e-02 3.08978e-02 2.73286e-02 2.43838e-02 2.19791e-02 2.01347e-02 1.87195e-02 1.65013e-02 1.37601e-02 1.21615e-02 9.88082e-03 6.87060e-03 4.37227e-03 2.76718e-03 1.76135e-03 1.16939e-03 7.66706e-04 3.95083e-04 9.27489e-05 3.78528e-06 1.11344e-33
2.454369 1.68477e-02 7.37492e-02 1.01780e-01 9.80786e-02 8.46384e-02 7.50832e-02 6.48524e-02 5.59079e-02 4.95268e-02 4.55763e-02 4.26235e-02 3.91012e-02 3.49269e-02 3.09151e-02 2.74709e-02 2.46147e-02 2.22358e-02 2.03033e-02 1.88081e-02 1.70834e-02 1.40956e-02 1.19523e-02 1.00977e-02 7.40160e-03 4.79960e-03 2.99684e-03 1.87876e-03 1.25618e-03 8.34682e-04 4.44734e-04 1.12907e-04 5.09460e-06 1.17867e-33
2.503457 1.67385e-02 7.55460e-02 1.03649e-01 9.64476e-02 8.35436e-02 7.39450e-02 6.36706e-02 5.48447e-02 4.88751e-02 4.54129e-02 4.26093e-02 3.89965e-02 3.48661e-02 3.10125e-02 2.76974e-02 2.49318e-02 2.25549e-02 2.05371e-02 1.89181e-02 1.73681e-02 1.47557e-02 1.18254e-02 1.00504e-02 7.76958e-03 5.24981e-03 3.28015e-03 2.01133e-03 1.34499e-03 9.06341e-04 4.98527e-04 1.36582e-04 6.75577e-06 7.86637e-34
2.552544 1.66118e-02 7.78375e-02 1.04633e-01 9.47024e-02 8.25287e-02 7.28210e-02 6.24989e-02 5.38151e-02 4.83301e-02 4.53205e-02 4.25531e-02 3.88618e-02 3.48468e-02 3.11856e-02 2.80337e-02 2.53345e-02 2.29396e-02 2.07993e-02 1.90419e-02 1.74592e-02 1.53122e-02 1.20905e-02 9.86915e-03 7.94134e-03 5.66774e-03 3.62627e-03 2.17901e-03 1.44034e-03 9.85291e-04 5.59346e-04 1.65039e-04 8.87758e-06 5.66886e-34
2.601631 1.64513e-02 8.02910e-02 1.04610e-01 9.28994e-02 8.15208e-02 7.17097e-02 6.13449e-02 5.28728e-02 4.79260e-02 4.52973e-02 4.24669e-02 3.87917e-02 3.49640e-02 3.15050e-02 2.85380e-02 2.58863e-02 2.34206e-02 2.11307e-02 1.92020e-02 1.74802e-02 1.54859e-02 1.26288e-02 9.80487e-03 7.94493e-03 5.97661e-03 4.00364e-03 2.39527e-03 1.54278e-03 1.07090e-03 6.27379e-04 1.98782e-04 1.15382e-05 4.57898e-34
2.650719 1.62573e-02 8.26462e-02 1.03715e-01 9.11250e-02 8.05083e-02 7.06245e-02 6.02107e-02 5.20458e-02 4.76707e-02 4.53115e-02 4.23772e-02 3.88687e-02 3.52606e-02 3.19724e-02 2.91868e-02 2.65798e-02 2.39779e-02 2.15210e-02 1.94107e-02 1.75290e-02 1.54276e-02 1.29722e-02 9.99571e-03 7.89118e-03 6.13967e-03 4.34465e-03 2.66202e-03 1.65403e-03 1.16049e-03 7.01284e-04 2.37729e-04 1.47828e-05 9.79720e-34
2.699806 1.60497e-02 8.48620e-02 1.02302e-01 8.95277e-02 7.95534e-02 6.95722e-02 5.90812e-02 5.13204e-02 4.75367e-02 4.52930e-02 4.23131e-02 3.90928e-02 3.56486e-02 3.25065e-02 2.98913e-02 2.73314e-02 2.45464e-02 2.19006e-02 1.96182e-02 1.76092e-02 1.53959e-02 1.30023e-02 1.02833e-02 7.90652e-03 6.19231e-03 4.59027e-03 2.95956e-03 1.78226e-03 1.25120e-03 7.79601e-04 2.81512e-04 1.86389e-05 8.90638e-34
2.748894 1.58343e-02 8.67434e-02 1.00518e-01 8.81115e-02 7.86626e-02 6.85358e-02 5.79835e-02 5.07242e-02 4.75241e-02 4.52465e-02 4.23931e-02 3.94446e-02 3.60717e-02 3.31178e-02 3.06453e-02 2.80987e-02 2.51173e-02 2.22691e-02 1.98099e-02 1.76692e-02 1.54049e-02 1.29653e-02 1.04702e-02 8.01474e-03 6.19697e-03 4.72004e-03 3.23100e-03 1.93267e-03 1.33563e-03 8.57511e-04 3.27696e-04 2.29582e-05 9.70657e-34
2.797981 1.56224e-02 8.81910e-02 9.85596e-02 8.69025e-02 7.78609e-02 6.74979e-02 5.69501e-02 5.02828e-02 4.75919e-02 4.52101e-02 4.26531e-02 3.97980e-02 3.64982e-02 3.38117e-02 3.14284e-02 2.88150e-02 2.56805e-02 2.26206e-02 1.99837e-02 1.76869e-02 1.53991e-02 1.29589e-02 1.05770e-02 8.16501e-03 6.20828e-03 4.76629e-03 3.42842e-03 2.10621e-03 1.41119e-03 9.32376e-04 3.74347e-04 2.75970e-05 1.31626e-33
2.847068 1.54186e-02 8.91073e-02 9.65473e-02 8.58651e-02 7.71254e-02 6.64394e-02 5.60142e-02 5.00214e-02 4.76824e-02 4.52631e-02 4.30017e-02 4.00698e-02 3.69742e-02 3.45812e-02 3.22142e-02 2.94527e-02 2.62261e-02 2.29683e-02 2.01437e-02 1.76941e-02 1.54037e-02 1.29682e-02 1.06782e-02 8.33076e-03 6.25513e-03 4.77473e-03 3.54697e-03 2.29229e-03 1.48284e-03 1.00375e-03 4.20677e-04 3.24830e-05 1.12800e-33
2.896156 1.52145e-02 8.93171e-02 9.44518e-02 8.48781e-02 7.63846e-02 6.53547e-02 5.52017e-02 4.99509e-02 4.77823e-02 4.54684e-02 4.33208e-02 4.03388e-02 3.75895e-02 3.54332e-02 3.30068e-02 3.00560e-02 2.67641e-02 2.33410e-02 2.03079e-02 1.77669e-02 1.54393e-02 1.30077e-02 1.07889e-02 8.51335e-03 6.34318e-03 4.77399e-03 3.61126e-03 2.46429e-03 1.55744e-03 1.06886e-03 4.65155e-04 3.74458e-05 7.68108e-34
2.945243 1.50231e-02 8.89404e-02 9.24364e-02 8.39924e-02 7.56428e-02 6.42535e-02 5.45074e-02 5.00418e-02 4.78955e-02 4.57472e-02 4.35278e-02 4.06772e-02 3.83298e-02 3.62971e-02 3.37444e-02 3.06197e-02 2.72456e-02 2.36944e-02 2.04865e-02 1.78977e-02 1.55050e-02 1.30791e-02 1.08986e-02 8.70544e-03 6.46795e-03 4.78001e-03 3.64947e-03 2.59966e-03 1.64081e-03 1.12453e-03 5.06342e-04 4.22920e-05 9.38164e-34
2.994330 1.48561e-02 8.81138e-02 9.06293e-02 8.32720e-02 7.49067e-02 6.31564e-02 5.39561e-02 5.02710e-02 4.80467e-02 4.59988e-02 4.36921e-02 4.11559e-02 3.91619e-02 3.71108e-02 3.43885e-02 3.11314e-02 2.76169e-02 2.39781e-02 2.06861e-02 1.80400e-02 1.55884e-02 1.31489e-02 1.09818e-02 8.87583e-03 6.60852e-03 4.79544e-03 3.66597e-03 2.68765e-03 1.72724e-03 1.16478e-03 5.40733e-04 4.65832e-05 8.74943e-34
3.043418 1.47127e-02 8.68754e-02 8.90396e-02 8.27030e-02 7.41458e-02 6.20727e-02 5.36008e-02 5.06064e-02 4.82238e-02 4.62000e-02 4.39599e-02 4.18259e-02 4.00428e-02 3.78511e-02 3.49493e-02 3.15704e-02 2.78692e-02 2.41911e-02 2.09144e-02 1.81831e-02 1.56569e-02 1.31997e-02 1.10265e-02 9.00325e-03 6.74559e-03 4.82594e-03 3.66051e-03 2.73650e-03 1.80537e-03 1.18671e-03 5.65523e-04 4.99242e-05 1.37392e-33
3.092505 1.45898e-02 8.53263e-02 8.76932e-02 8.22695e-02 7.33159e-02 6.09921e-02 5.34885e-02 5.09714e-02 4.83670e-02 4.64017e-02 4.44143e-02 4.26386e-02 4.08784e-02 3.84815e-02 3.54050e-02 3.18740e-02 2.80206e-02 2.43917e-02 2.11744e-02 1.83246e-02 1.57019e-02 1.32430e-02 1.10491e-02 9.09624e-03 6.88094e-03 4.88996e-03 3.65272e-03 2.76664e-03 1.87171e-03 1.19513e-03 5.81826e-04 5.23549e-05 1.26933e-33
3.141593 1.44733e-02 8.34446e-02 8.64939e-02 8.18648e-02 7.23477e-02 5.99333e-02 5.36399e-02 5.12762e-02 4.84911e-02 4.67325e-02 4.51017e-02 4.35317e-02 4.16506e-02 3.90184e-02 3.57419e-02 3.20330e-02 2.81705e-02 2.46779e-02 2.14552e-02 1.84771e-02 1.57240e-02 1.32742e-02 1.10690e-02 9.16370e-03 7.00898e-03 4.99218e-03 3.66422e-03 2.78809e-03 1.92262e-03 1.19377e-03 5.89971e-04 5.38891e-05 1.08994e-33
3.190680 1.43564e-02 8.12980e-02 8.54136e-02 8.14504e-02 7.12119e-02 5.89633e-02 5.40071e-02 5.14682e-02 4.86872e-02 4.72956e-02 4.59785e-02 4.44517e-02 4.23672e-02 3.94541e-02 3.59200e-02 3.20874e-02 2.84282e-02 2.50561e-02 2.17060e-02 1.86210e-02 1.57185e-02 1.32600e-02 1.10841e-02 9.20396e-03 7.10969e-03 5.11468e-03 3.70527e-03 2.80394e-03 1.95238e-03 1.18284e-03 5.88472e-04 5.44209e-05 1.30533e-33
3.239767 1.42460e-02 7.90986e-02 8.45673e-02 8.10907e-02 6.99048e-02 5.81779e-02 5.44616e-02 5.15594e-02 4.90654e-02 4.81043e-02 4.69302e-02 4.53489e-02 4.29949e-02 3.97277e-02 3.59131e-02 3.21286e-02 2.88149e-02 2.53987e-02 2.18649e-02 1.87256e-02 1.56863e-02 1.31629e-02 1.10717e-02 9.21378e-03 7.16587e-03 5.23108e-03 3.77391e-03 2.82078e-03 1.95907e-03 1.16130e-03 5.75875e-04 5.39036e-05 1.26758e-33
3.288855 1.41404e-02 7.69375e-02 8.39821e-02 8.07559e-02 6.84223e-02 5.76703e-02 5.48297e-02 5.16430e-02 4.97240e-02 4.90936e-02 4.78873e-02 4.62013e-02 4.35202e-02 3.98516e-02 3.58502e-02 3.22903e-02 2.92097e-02 2.55876e-02 2.19554e-02 1.87905e-02 1.56300e-02 1.29715e-02 1.10073e-02 9.19059e-03 7.16955e-03 5.31601e-03 3.85470e-03 2.84327e-03 1.94421e-03 1.12680e-03 5.51051e-04 5.23057e-05 1.01391e-33
3.337942 1.40390e-02 7.49099e-02 8.36894e-02 8.03566e-02 6.68030e-02 5.74494e-02 5.49786e-02 5.18502e-02 5.06778e-02 5.01396e-02 4.87958e-02 4.69443e-02 4.39201e-02 3.99319e-02 3.59160e-02 3.25468e-02 2.94112e-02 2.56145e-02 2.20372e-02 1.88357e-02 1.55500e-02 1.27101e-02 1.08852e-02 9.13929e-03 7.13348e-03 5.36282e-03 3.93344e-03 2.87570e-03 1.91676e-03 1.08061e-03 5.15839e-04 4.98364e-05 1.01267e-33
3.387030 1.39400e-02 7.30936e-02 8.36876e-02 7.97575e-02 6.51590e-02 5.74072e-02 5.48982e-02 5.22852e-02 5.18112e-02 5.11336e-02 4.95898e-02 4.75010e-02 4.42383e-02 4.01668e-02 3.61805e-02 3.27211e-02 2.93528e-02 2.55645e-02 2.21347e-02 1.89046e-02 1.54491e-02 1.24252e-02 1.07186e-02 9.06623e-03 7.08039e-03 5.37793e-03 4.00154e-03 2.91917e-03 1.88771e-03 1.02661e-03 4.73619e-04 4.67636e-05 9.05097e-34
3.436117 1.38349e-02 7.14928e-02 8.38668e-02 7.87990e-02 6.36123e-02 5.73634e-02 5.46959e-02 5.29606e-02 5.29554e-02 5.20238e-02 5.02187e-02 4.78698e-02 4.46533e-02 4.07024e-02 3.65551e-02 3.27224e-02 2.91369e-02 2.55105e-02 2.22634e-02 1.90315e-02 1.53408e-02 1.21673e-02 1.05294e-02 8.97197e-03 7.02742e-03 5.36913e-03 4.05314e-03 2.96860e-03 1.86403e-03 9.68713e-04 4.27518e-04 4.32366e-05 4.47936e-34
3.485204 1.37297e-02 7.02440e-02 8.42288e-02 7.74775e-02 6.22517e-02 5.71944e-02 5.45188e-02 5.37714e-02 5.39740e-02 5.27398e-02 5.06131e-02 4.81281e-02 4.52832e-02 4.14268e-02 3.68944e-02 3.25813e-02 2.88546e-02 2.54592e-02 2.24135e-02 1.91930e-02 1.52437e-02 1.19678e-02 1.03368e-02 8.85459e-03 6.98367e-03 5.34679e-03 4.08810e-03 3.01800e-03 1.85070e-03 9.12025e-04 3.80889e-04 3.94217e-05 3.13731e-34
3.534292 1.36351e-02 6.94973e-02 8.47679e-02 7.58572e-02 6.11128e-02 5.68958e-02 5.44992e-02 5.45922e-02 5.48070e-02 5.32145e-02 5.07708e-02 4.84551e-02 4.60606e-02 4.21273e-02 3.71494e-02 3.23868e-02 2.85635e-02 2.53924e-02 2.25534e-02 1.93239e-02 1.51642e-02 1.18287e-02 1.01513e-02 8.70685e-03 6.93879e-03 5.31208e-03 4.10245e-03 3.05664e-03 1.84594e-03 8.59543e-04 3.35990e-04 3.54153e-05 2.78306e-34
3.583379 1.35533e-02 6.93132e-02 8.53792e-02 7.40182e-02 6.01833e-02 5.65494e-02 5.46818e-02 5.53362e-02 5.54142e-02 5.34097e-02 5.08446e-02 4.89646e-02 4.67740e-02 4.27028e-02 3.73549e-02 3.22280e-02 2.83243e-02 2.52990e-02 2.26472e-02 1.93699e-02 1.51068e-02 1.17426e-02 9.98320e-03 8.53196e-03 6.87672e-03 5.26124e-03 4.09154e-03 3.07497e-03 1.84429e-03 8.12895e-04 2.94455e-04 3.13420e-05 3.75503e-34
3.632467 1.34833e-02 6.97278e-02 8.59348e-02 7.20382e-02 5.94332e-02 5.62629e-02 5.50138e-02 5.59579e-02 5.57308e-02 5.33402e-02 5.10229e-02 4.94958e-02 4.72371e-02 4.31369e-02 3.75533e-02 3.21693e-02 2.81848e-02 2.51888e-02 2.26655e-02 1.93403e-02 1.50968e-02 1.17193e-02 9.85471e-03 8.35994e-03 6.80225e-03 5.20215e-03 4.06174e-03 3.07676e-03 1.84701e-03 7.76014e-04 2.58288e-04 2.74677e-05 5.28960e-34
3.681554 1.34144e-02 7.06482e-02 8.62346e-02 6.99796e-02 5.88502e-02 5.60852e-02 5.53981e-02 5.64024e-02 5.57237e-02 5.32100e-02 5.13305e-02 4.97843e-02 4.74498e-02 4.34442e-02 3.78048e-02 3.22839e-02 2.81892e-02 2.50964e-02 2.26077e-02 1.92922e-02 1.51593e-02 1.17757e-02 9.79060e-03 8.22568e-03 6.72826e-03 5.14083e-03 4.02048e-03 3.06862e-03 1.85679e-03 7.51896e-04 2.28600e-04 2.39825e-05 7.23121e-34
3.730641 1.33406e-02 7.19888e-02 8.61663e-02 6.79351e-02 5.84513e-02 5.60117e-02 5.57897e-02 5.66214e-02 5.54756e-02 5.32926e-02 5.15572e-02 4.97114e-02 4.74804e-02 4.36122e-02 3.81124e-02 3.26060e-02 2.83394e-02 2.50377e-02 2.24754e-02 1.92559e-02 1.52877e-02 1.19091e-02 9.79923e-03 8.14834e-03 6.66125e-03 5.07253e-03 3.96898e-03 3.05200e-03 1.87245e-03 7.40892e-04 2.05483e-04 2.09483e-05 1.17574e-33
3.779729 1.32679e-02 7.37803e-02 8.57631e-02 6.60852e-02 5.82873e-02 5.60485e-02 5.61732e-02 5.65889e-02 5.52317e-02 5.36202e-02 5.14656e-02 4.93208e-02 4.73392e-02 4.35919e-02 3.83854e-02 3.30834e-02 2.86042e-02 2.49926e-02 2.22682e-02 1.92099e-02 1.54476e-02 1.20919e-02 9.86745e-03 8.12881e-03 6.60061e-03 4.98837e-03 3.90472e-03 3.02492e-03 1.88970e-03 7.41546e-04 1.88602e-04 1.83696e-05 8.71165e-34
3.828816 1.31994e-02 7.59899e-02 8.50114e-02 6.46149e-02 5.83254e-02 5.62065e-02 5.64889e-02 5.63548e-02 5.53055e-02 5.39588e-02 5.10163e-02 4.87365e-02 4.70292e-02 4.33762e-02 3.85404e-02 3.36370e-02 2.89757e-02 2.49643e-02 2.20111e-02 1.91270e-02 1.56122e-02 1.22982e-02 9.97799e-03 8.15860e-03 6.54285e-03 4.88421e-03 3.82533e-03 2.98447e-03 1.90218e-03 7.50851e-04 1.77372e-04 1.62298e-05 1.22206e-33
3.877903 1.31349e-02 7.85139e-02 8.38639e-02 6.36807e-02 5.84830e-02 5.64891e-02 5.66402e-02 5.61433e-02 5.57484e-02 5.40330e-02 5.03212e-02 4.80429e-02 4.65570e-02 4.29777e-02 3.85234e-02 3.41718e-02 2.94609e-02 2.49995e-02 2.17419e-02 1.90057e-02 1.57796e-02 1.25278e-02 1.01292e-02 8.23435e-03 6.49297e-03 4.77118e-03 3.73675e-03 2.93392e-03 1.90837e-03 7.67283e-04 1.71550e-04 1.45516e-05 1.36071e-33
3.926991 1.30707e-02 8.11516e-02 8.23250e-02 6.33711e-02 5.87050e-02 5.68244e-02 5.65868e-02 5.62913e-02 5.62646e-02 5.37557e-02 4.95326e-02 4.72866e-02 4.59575e-02 4.24188e-02 3.83022e-02 3.45824e-02 3.00563e-02 2.51824e-02 2.15055e-02 1.88591e-02 1.59520e-02 1.27962e-02 1.03294e-02 8.35606e-03 6.45945e-03 4.66644e-03 3.64814e-03 2.87913e-03 1.90951e-03 7.89868e-04 1.70977e-04 1.33615e-05 1.32732e-33
3.976078 1.30004e-02 8.35881e-02 8.04883e-02 6.36245e-02 5.89757e-02 5.70711e-02 5.65093e-02 5.68932e-02 5.65587e-02 5.32396e-02 4.87802e-02 4.65355e-02 4.53050e-02 4.17505e-02 3.78786e-02 3.47812e-02 3.07250e-02 2.56012e-02 2.13545e-02 1.86980e-02 1.61155e-02 1.31106e-02 1.05808e-02 8.51802e-03 6.44370e-03 4.58009e-03 3.56370e-03 2.82208e-03 1.90410e-03 8.15323e-04 1.74925e-04 1.26410e-05 2.80377e-33
4.025166 1.29261e-02 8.56016e-02 7.85970e-02 6.43284e-02 5.93042e-02 5.71474e-02 5.67825e-02 5.76351e-02 5.65730e-02 5.26175e-02 4.81074e-02 4.58374e-02 4.46479e-02 4.10060e-02 3.72602e-02 3.46881e-02 3.13726e-02 2.62769e-02 2.13360e-02 1.85267e-02 1.62397e-02 1.34577e-02 1.08772e-02 8.71024e-03 6.44605e-03 4.51848e-03 3.48670e-03 2.76500e-03 1.89176e-03 8.40272e-04 1.82490e-04 1.23588e-05 1.63616e-33
4.074253 1.28547e-02 8.70186e-02 7.69403e-02 6.53857e-02 5.96239e-02 5.71669e-02 5.76359e-02 5.81472e-02 5.63879e-02 5.19833e-02 4.75211e-02 4.52265e-02 4.40277e-02 4.02272e-02 3.64750e-02 3.42818e-02 3.18736e-02 2.71489e-02 2.14902e-02 1.83563e-02 1.62929e-02 1.38000e-02 1.12028e-02 8.91771e-03 6.46567e-03 4.48250e-03 3.41872e-03 2.70913e-03 1.87191e-03 8.61111e-04 1.92445e-04 1.24566e-05 1.90976e-33
4.123340 1.27892e-02 8.76310e-02 7.57522e-02 6.66796e-02 5.97883e-02 5.74798e-02 5.88347e-02 5.83555e-02 5.60758e-02 5.14072e-02 4.70370e-02 4.47481e-02 4.35035e-02 3.94767e-02 3.55888e-02 3.36258e-02 3.21353e-02 2.80952e-02 2.18478e-02 1.82146e-02 1.62621e-02 1.40920e-02 1.15362e-02 9.12623e-03 6.50059e-03 4.46953e-03 3.36004e-03 2.65416e-03 1.84308e-03 8.74150e-04 2.03157e-04 1.28400e-05 2.42358e-33
4.172428 1.27307e-02 8.72875e-02 7.51956e-02 6.80129e-02 5.97571e-02 5.84314e-02 5.98598e-02 5.84100e-02 5.56641e-02 5.09126e-02 4.66572e-02 4.44338e-02 4.31195e-02 3.88009e-02 3.46837e-02 3.28321e-02 3.21254e-02 2.89646e-02 2.24241e-02 1.81523e-02 1.61619e-02 1.43046e-02 1.18634e-02 9.33860e-03 6.55938e-03 4.48282e-03 3.31603e-03 2.60368e-03 1.80804e-03 8.79100e-04 2.13602e-04 1.34372e-05 2.64614e-33
4.221515 1.26744e-02 8.58940e-02 7.53118e-02 6.90458e-02 5.97567e-02 5.99470e-02 6.04214e-02 5.84196e-02 5.51849e-02 5.05000e-02 4.63901e-02 4.43002e-02 4.29064e-02 3.82558e-02 3.38650e-02 3.20410e-02 3.18629e-02 2.96285e-02 2.32146e-02 1.82434e-02 1.60304e-02 1.44293e-02 1.21773e-02 9.57070e-03 6.65667e-03 4.52872e-03 3.29435e-03 2.56262e-03 1.77138e-03 8.77675e-04 2.23285e-04 1.41985e-05 3.93340e-33
4.270603 1.26158e-02 8.35439e-02 7.60308e-02 6.94804e-02 6.01941e-02 6.15320e-02 6.06412e-02 5.83739e-02 5.46785e-02 5.01485e-02 4.62351e-02 4.43319e-02 4.28618e-02 3.78984e-02 3.32459e-02 3.13687e-02 3.13973e-02 2.99718e-02 2.41447e-02 1.85536e-02 1.59090e-02 1.44619e-02 1.24570e-02 9.82955e-03 6.79933e-03 4.60886e-03 3.29927e-03 2.53302e-03 1.73568e-03 8.71105e-04 2.31684e-04 1.50688e-05 4.61567e-33
4.319690 1.25606e-02 8.05926e-02 7.71784e-02 6.93377e-02 6.13175e-02 6.27333e-02 6.07721e-02 5.82345e-02 5.41771e-02 4.98240e-02 4.61621e-02 4.44690e-02 4.29407e-02 3.77486e-02 3.29083e-02 3.08792e-02 3.08006e-02 2.99047e-02 2.50291e-02 1.90949e-02 1.58295e-02 1.43997e-02 1.26593e-02 1.00964e-02 6.97871e-03 4.71540e-03 3.32926e-03 2.51291e-03 1.70051e-03 8.59384e-04 2.38025e-04 1.59738e-05 4.83727e-33
4.368777 1.25131e-02 7.74993e-02 7.83986e-02 6.89847e-02 6.29475e-02 6.34339e-02 6.09267e-02 5.79870e-02 5.37057e-02 4.95199e-02 4.61449e-02 4.46518e-02 4.30992e-02 3.78121e-02 3.29000e-02 3.06014e-02 3.01629e-02 2.94400e-02 2.56541e-02 1.98054e-02 1.58261e-02 1.42580e-02 1.27470e-02 1.03341e-02 7.17488e-03 4.83330e-03 3.37797e-03 2.49746e-03 1.66322e-03 8.41619e-04 2.41330e-04 1.68170e-05 6.38436e-33
4.417865 1.24715e-02 7.47305e-02 7.92691e-02 6.89166e-02 6.46065e-02 6.37779e-02 6.10573e-02 5.76158e-02 5.32542e-02 4.92379e-02 4.61423e-02 4.48364e-02 4.32984e-02 3.81030e-02 3.32140e-02 3.05327e-02 2.95611e-02 2.86851e-02 2.58929e-02 2.05722e-02 1.59474e-02 1.40741e-02 1.27232e-02 1.05185e-02 7.37648e-03 4.95448e-03 3.44234e-03 2.48546e-03 1.62424e-03 8.19142e-04 2.41549e-04 1.75599e-05 6.88686e-33
4.466952 1.24303e-02 7.26260e-02 7.95471e-02 6.94006e-02 6.58816e-02 6.39306e-02 6.10683e-02 5.71083e-02 5.27934e-02 4.89759e-02 4.61081e-02 4.50036e-02 4.35191e-02 3.86349e-02 3.37832e-02 3.06691e-02 2.90502e-02 2.77767e-02 2.57220e-02 2.12596e-02 1.62450e-02 1.38957e-02 1.26226e-02 1.06449e-02 7.58090e-03 5.08114e-03 3.52291e-03 2.47922e-03 1.58645e-03 7.94821e-04 2.39444e-04 1.82272e-05 8.73091e-33
4.516039 1.23836e-02 7.12602e-02 7.93231e-02 7.02987e-02 6.66500e-02 6.39599e-02 6.09004e-02 5.64893e-02 5.23208e-02 4.87317e-02 4.60332e-02 4.51552e-02 4.37965e-02 3.93778e-02 3.45255e-02 3.10167e-02 2.86786e-02 2.68343e-02 2.51970e-02 2.17170e-02 1.67252e-02 1.37753e-02 1.24793e-02 1.07113e-02 7.77591e-03 5.21456e-03 3.61618e-03 2.47842e-03 1.55009e-03 7.69886e-04 2.35439e-04 1.88196e-05 8.91395e-33
4.565127 1.23333e-02 7.05133e-02 7.89744e-02 7.12775e-02 6.70407e-02 6.38902e-02 6.05438e-02 5.58086e-02 5.18544e-02 4.84804e-02 4.59312e-02 4.52968e-02 4.41663e-02 4.02194e-02 3.53565e-02 3.15487e-02 2.84738e-02 2.59398e-02 2.44259e-02 2.18222e-02 1.72999e-02 1.37704e-02 1.23127e-02 1.07210e-02 7.94130e-03 5.35343e-03 3.71465e-03 2.48093e-03 1.51444e-03 7.44873e-04 2.29862e-04 1.93276e-05 9.93089e-33
4.614214 1.22895e-02 7.01756e-02 7.88649e-02 7.20706e-02 6.72251e-02 6.37493e-02 6.00150e-02 5.51223e-02 5.14211e-02 4.81957e-02 4.58248e-02 4.54635e-02 4.46185e-02 4.10289e-02 3.61956e-02 3.22039e-02 2.84434e-02 2.51506e-02 2.35420e-02 2.15556e-02 1.78047e-02 1.39274e-02 1.21355e-02 1.06848e-02 8.06121e-03 5.49490e-03 3.80905e-03 2.48407e-03 1.47923e-03 7.20369e-04 2.23163e-04 1.97514e-05 1.07104e-32
4.663302 1.22618e-02 7.00449e-02 7.91185e-02 7.25737e-02 6.72940e-02 6.35581e-02 5.93448e-02 5.44862e-02 5.10393e-02 4.78797e-02 4.57478e-02 4.57081e-02 4.51051e-02 4.17153e-02 3.69844e-02 3.29169e-02 2.85797e-02 2.45232e-02 2.26596e-02 2.10171e-02 1.80861e-02 1.42415e-02 1.19735e-02 1.06147e-02 8.13597e-03 5.63622e-03 3.89134e-03 2.48494e-03 1.44464e-03 6.96941e-04 2.15832e-04 2.00962e-05 1.13259e-32
4.712389 1.22559e-02 7.00276e-02 7.96403e-02 7.28219e-02 6.72783e-02 6.33179e-02 5.85824e-02 5.39420e-02 5.06949e-02 4.75594e-02 4.57461e-02 4.60354e-02 4.55631e-02 4.22237e-02 3.76818e-02 3.36193e-02 2.88536e-02 2.41068e-02 2.18455e-02 2.03595e-02 1.80869e-02 1.46386e-02 1.18726e-02 1.05186e-02 8.18641e-03 5.78074e-03 3.96002e-03 2.48313e-03 1.41264e-03 6.75921e-04 2.08613e-04 2.03970e-05 1.15472e-32
4.761476 1.22710e-02 7.01039e-02 8.02212e-02 7.28848e-02 6.71810e-02 6.30090e-02 5.77914e-02 5.35090e-02 5.03584e-02 4.72819e-02 4.58670e-02 4.64013e-02 4.59420e-02 4.25524e-02 3.82626e-02 3.42539e-02 2.92314e-02 2.39370e-02 2.11433e-02 1.97100e-02 1.78615e-02 1.50036e-02 1.18801e-02 1.04030e-02 8.23775e-03 5.93601e-03 4.01881e-03 2.47938e-03 1.38577e-03 6.58795e-04 2.02234e-04 2.06965e-05 1.19140e-32
4.810564 1.23069e-02 7.03038e-02 8.06914e-02 7.28211e-02 6.70177e-02 6.26168e-02 5.70389e-02 5.31804e-02 5.00135e-02 4.70901e-02 4.61090e-02 4.67554e-02 4.61997e-02 4.27318e-02 3.87030e-02 3.47725e-02 2.96737e-02 2.40199e-02 2.05922e-02 1.91298e-02 1.75275e-02 1.52307e-02 1.20058e-02 1.02812e-02 8.29986e-03 6.10850e-03 4.07367e-03 2.47424e-03 1.36598e-03 6.46819e-04 1.97266e-04 2.10312e-05 1.24014e-32
4.859651 1.23698e-02 7.06934e-02 8.10168e-02 7.26965e-02 6.68444e-02 6.21575e-02 5.63921e-02 5.29310e-02 4.96722e-02 4.70098e-02 4.64181e-02 4.70610e-02 4.63013e-02 4.27785e-02 3.89736e-02 3.51274e-02 3.01157e-02 2.43046e-02 2.02209e-02 1.86201e-02 1.71921e-02 1.52710e-02 1.21966e-02 1.01753e-02 8.35548e-03 6.29721e-03 4.12987e-03 2.46743e-03 1.35397e-03 6.40841e-04 1.94098e-04 2.14273e-05 1.23527e-32
4.908739 1.24666e-02 7.12778e-02 8.12298e-02 7.25606e-02 6.67205e-02 6.16649e-02 5.59073e-02 5.27300e-02 4.93767e-02 4.70611e-02 4.67484e-02 4.72980e-02 4.62486e-02 4.27099e-02 3.90680e-02 3.53054e-02 3.04898e-02 2.46981e-02 2.00450e-02 1.81671e-02 1.69033e-02 1.51588e-02 1.23586e-02 1.01027e-02 8.36938e-03 6.48569e-03 4.18791e-03 2.45692e-03 1.34808e-03 6.40638e-04 1.92721e-04 2.18702e-05 1.19896e-32
4.957826 1.26028e-02 7.19829e-02 8.13587e-02 7.24345e-02 6.66752e-02 6.11715e-02 5.56045e-02 5.25452e-02 4.91654e-02 4.72420e-02 4.70769e-02 4.74423e-02 4.60728e-02 4.25537e-02 3.90056e-02 3.53370e-02 3.07548e-02 2.51172e-02 2.00657e-02 1.77817e-02 1.66532e-02 1.49869e-02 1.24277e-02 1.00649e-02 8.32447e-03 6.64791e-03 4.25010e-03 2.44484e-03 1.34746e-03 6.46319e-04 1.93243e-04 2.23616e-05 1.20218e-32
5.006913 1.27829e-02 7.26921e-02 8.14013e-02 7.23200e-02 6.67028e-02 6.07014e-02 5.54593e-02 5.23574e-02 4.90468e-02 4.75178e-02 4.73838e-02 4.74743e-02 4.58145e-02 4.23407e-02 3.88267e-02 3.52698e-02 3.09032e-02 2.55261e-02 2.02652e-02 1.75051e-02 1.64208e-02 1.48318e-02 1.24150e-02 1.00525e-02 8.23633e-03 6.75586e-03 4.32409e-03 2.44010e-03 1.35378e-03 6.59080e-04 1.96194e-04 2.29639e-05 1.19501e-32
5.056001 1.30098e-02 7.32916e-02 8.13346e-02 7.22174e-02 6.67797e-02 6.02779e-02 5.54260e-02 5.21750e-02 4.90071e-02 4.78468e-02 4.76497e-02 4.74123e-02 4.55206e-02 4.21023e-02 3.85892e-02 3.51410e-02 3.09480e-02 2.59122e-02 2.05977e-02 1.73829e-02 1.62067e-02 1.47031e-02 1.23807e-02 1.00471e-02 8.13019e-03 6.77740e-03 4.40851e-03 2.45101e-03 1.36829e-03 6.79489e-04 2.01960e-04 2.37317e-05 1.23241e-32
5.105088 1.32923e-02 7.37597e-02 8.11791e-02 7.21685e-02 6.69005e-02 5.99355e-02 5.54719e-02 5.20156e-02 4.90306e-02 4.81968e-02 4.78564e-02 4.72937e-02 4.52192e-02 4.18518e-02 3.83328e-02 3.49529e-02 3.08987e-02 2.62368e-02 2.09871e-02 1.74267e-02 1.60297e-02 1.45622e-02 1.23738e-02 1.00264e-02 8.02027e-03 6.68625e-03 4.48136e-03 2.48070e-03 1.39067e-03 7.06777e-04 2.10532e-04 2.46769e-05 1.11344e-32
5.154175 1.36425e-02 7.41457e-02 8.09902e-02 7.22419e-02 6.70704e-02 5.97087e-02 5.55816e-02 5.18760e-02 4.91183e-02 4.85390e-02 4.79956e-02 4.71460e-02 4.49173e-02 4.15913e-02 3.80703e-02 3.46988e-02 3.07709e-02 2.64397e-02 2.13612e-02 1.76028e-02 1.59096e-02 1.43805e-02 1.23836e-02 9.98968e-03 7.90934e-03 6.48168e-03 4.50424e-03 2.52676e-03 1.42003e-03 7.39310e-04 2.21642e-04 2.57830e-05 1.24016e-32
5.203263 1.40653e-02 7.44923e-02 8.08074e-02 7.24844e-02 6.72690e-02 5.96209e-02 5.57295e-02 5.17340e-02 4.92768e-02 4.88378e-02 4.80750e-02 4.69849e-02 4.46196e-02 4.13293e-02 3.78025e-02 3.43951e-02 3.05919e-02 2.64846e-02 2.16820e-02 1.78583e-02 1.58596e-02 1.41664e-02 1.23557e-02 9.96623e-03 7.79909e-03 6.19597e-03 4.44022e-03 2.58254e-03 1.45617e-03 7.75440e-04 2.34986e-04 2.70326e-05 1.12611e-32
5.252350 1.45559e-02 7.48252e-02 8.06580e-02 7.29130e-02 6.74462e-02 5.97014e-02 5.58629e-02 5.15847e-02 4.94864e-02 4.90642e-02 4.81090e-02 4.68162e-02 4.43306e-02 4.10714e-02 3.75239e-02 3.40703e-02 3.03740e-02 2.63845e-02 2.19269e-02 1.81448e-02 1.58893e-02 1.39471e-02 1.22505e-02 9.97676e-03 7.69964e-03 5.88188e-03 4.27323e-03 2.63846e-03 1.50040e-03 8.14359e-04 2.50505e-04 2.84393e-05 1.26845e-32
5.301438 1.50989e-02 7.51500e-02 8.05589e-02 7.35031e-02 6.75432e-02 5.99813e-02 5.59151e-02 5.14561e-02 4.97017e-02 4.92170e-02 4.81144e-02 4.66485e-02 4.40606e-02 4.08188e-02 3.72374e-02 3.37501e-02 3.01144e-02 2.62012e-02 2.20630e-02 1.84224e-02 1.60026e-02 1.37554e-02 1.20659e-02 9.99849e-03 7.63228e-03 5.58814e-03 4.01460e-03 2.67892e-03 1.55381e-03 8.55513e-04 2.68092e-04 3.00136e-05 1.09300e-32
5.350525 1.56737e-02 7.54834e-02 8.05376e-02 7.42008e-02 6.75397e-02 6.04567e-02 5.58479e-02 5.13743e-02 4.98829e-02 4.93114e-02 4.80989e-02 4.64867e-02 4.38127e-02 4.05691e-02 3.69504e-02 3.34455e-02 2.98178e-02 2.60049e-02 2.20518e-02 1.86531e-02 1.61849e-02 1.36250e-02 1.18222e-02 9.98494e-03 7.62166e-03 5.34292e-03 3.70302e-03 2.68298e-03 1.61563e-03 8.98393e-04 2.87412e-04 3.17440e-05 9.48067e-33
5.399612 1.62635e-02 7.58854e-02 8.06524e-02 7.49496e-02 6.74953e-02 6.10598e-02 5.56901e-02 5.13359e-02 5.00231e-02 4.93546e-02 4.80535e-02 4.63190e-02 4.35662e-02 4.03118e-02 3.66585e-02 3.31465e-02 2.95030e-02 2.58214e-02 2.18778e-02 1.87963e-02 1.63899e-02 1.35772e-02 1.15489e-02 9.90243e-03 7.67168e-03 5.15563e-03 3.39195e-03 2.63217e-03 1.68200e-03 9.42791e-04 3.07980e-04 3.36024e-05 1.01070e-32
5.448700 1.68530e-02 7.64137e-02 8.09468e-02 7.56737e-02 6.75356e-02 6.16592e-02 5.55278e-02 5.13264e-02 5.01408e-02 4.93518e-02 4.79730e-02 4.61300e-02 4.33022e-02 4.00403e-02 3.63575e-02 3.28412e-02 2.92003e-02 2.56291e-02 2.15785e-02 1.88165e-02 1.65478e-02 1.36087e-02 1.12865e-02 9.73688e-03 7.75005e-03 5.02973e-03 3.12617e-03 2.52018e-03 1.74379e-03 9.88004e-04 3.28991e-04 3.55064e-05 8.42877e-33
5.497787 1.74241e-02 7.70897e-02 8.14078e-02 7.62899e-02 6.77885e-02 6.21181e-02 5.54376e-02 5.13389e-02 5.02560e-02 4.93097e-02 4.78624e-02 4.59089e-02 4.30199e-02 3.97505e-02 3.60503e-02 3.25283e-02 2.89309e-02 2.54021e-02 2.12298e-02 1.86946e-02 1.66004e-02 1.36992e-02 1.10825e-02 9.49237e-03 7.81257e-03 4.97395e-03 2.93036e-03 2.36127e-03 1.78884e-03 1.03321e-03 3.49810e-04 3.73732e-05 7.54905e-33
5.546875 1.79535e-02 7.78870e-02 8.19584e-02 7.67550e-02 6.82980e-02 6.23774e-02 5.54249e-02 5.13756e-02 5.03759e-02 4.92349e-02 4.77256e-02 4.56557e-02 4.27260e-02 3.94411e-02 3.57457e-02 3.22196e-02 2.87006e-02 2.51511e-02 2.09035e-02 1.84384e-02 1.65295e-02 1.38250e-02 1.09762e-02 9.19837e-03 7.83077e-03 4.99624e-03 2.81513e-03 2.18624e-03 1.80687e-03 1.07797e-03 3.70593e-04 3.92151e-05 6.11213e-33
5.595962 1.84139e-02 7.87342e-02 8.24816e-02 7.70947e-02 6.89871e-02 6.24868e-02 5.54387e-02 5.14486e-02 5.04997e-02 4.91400e-02 4.75660e-02 4.53866e-02 4.24252e-02 3.91230e-02 3.54568e-02 3.19381e-02 2.85089e-02 2.49198e-02 2.06345e-02 1.80859e-02 1.63472e-02 1.39561e-02 1.09857e-02 8.90937e-03 7.78514e-03 5.08703e-03 2.78574e-03 2.03004e-03 1.79082e-03 1.12001e-03 3.91808e-04 4.11097e-05 5.40411e-33
5.645049 1.87877e-02 7.95763e-02 8.29068e-02 7.74011e-02 6.97286e-02 6.25550e-02 5.54385e-02 5.15757e-02 5.06271e-02 4.90396e-02 4.73881e-02 4.51147e-02 4.21083e-02 3.88042e-02 3.51850e-02 3.16962e-02 2.83449e-02 2.47399e-02 2.04093e-02 1.76934e-02 1.60660e-02 1.40445e-02 1.10990e-02 8.68703e-03 7.65419e-03 5.21398e-03 2.84506e-03 1.92210e-03 1.73825e-03 1.15311e-03 4.13401e-04 4.31362e-05 5.78638e-33
5.694137 1.90649e-02 8.03819e-02 8.32391e-02 7.77703e-02 7.04308e-02 6.26686e-02 5.54297e-02 5.17713e-02 5.07617e-02 4.89450e-02 4.72033e-02 4.48392e-02 4.17653e-02 3.84820e-02 3.49249e-02 3.14934e-02 2.81946e-02 2.46057e-02 2.01963e-02 1.73168e-02 1.56950e-02 1.40385e-02 1.12795e-02 8.57168e-03 7.42754e-03 5.33179e-03 2.98884e-03 1.88011e-03 1.65498e-03 1.16804e-03 4.34120e-04 4.53260e-05 3.63776e-33
5.743224 1.92277e-02 8.10875e-02 8.35075e-02 7.82269e-02 7.10587e-02 6.28524e-02 5.54434e-02 5.20381e-02 5.09039e-02 4.88654e-02 4.70291e-02 4.45577e-02 4.14045e-02 3.81558e-02 3.46840e-02 3.13315e-02 2.80590e-02 2.44952e-02 1.99930e-02 1.69930e-02 1.52610e-02 1.39131e-02 1.14866e-02 8.56762e-03 7.12884e-03 5.40164e-03 3.20279e-03 1.90998e-03 1.55799e-03 1.15699e-03 4.51456e-04 4.76730e-05 2.72759e-33
5.792311 1.92515e-02 8.16013e-02 8.37285e-02 7.87135e-02 7.16163e-02 6.30855e-02 5.55090e-02 5.23638e-02 5.10495e-02 4.88077e-02 4.68757e-02 4.42710e-02 4.10426e-02 3.78319e-02 3.44778e-02 3.12159e-02 2.79532e-02 2.43985e-02 1.98304e-02 1.67336e-02 1.48141e-02 1.36781e-02 1.16898e-02 8.66013e-03 6.81484e-03 5.40334e-03 3.46772e-03 2.01265e-03 1.47215e-03 1.11746e-03 4.62360e-04 5.01850e-05 1.76812e-33
5.841399 1.91206e-02 8.18486e-02 8.38906e-02 7.91262e-02 7.21122e-02 6.33374e-02 5.56453e-02 5.27300e-02 5.12004e-02 4.87810e-02 4.67467e-02 4.39877e-02 4.06917e-02 3.75268e-02 3.43206e-02 3.11536e-02 2.78974e-02 2.43248e-02 1.97412e-02 1.65344e-02 1.44112e-02 1.33636e-02 1.18550e-02 8.83829e-03 6.54747e-03 5.33041e-03 3.76006e-03 2.18734e-03 1.42084e-03 1.05212e-03 4.63607e-04 5.27672e-05 2.02504e-33
5.890486 1.88522e-02 8.18438e-02 8.39814e-02 7.93814e-02 7.25364e-02 6.35898e-02 5.58554e-02 5.31194e-02 5.13603e-02 4.87919e-02 4.66396e-02 4.37119e-02 4.03509e-02 3.72573e-02 3.42162e-02 3.11466e-02 2.79037e-02 2.42862e-02 1.97285e-02 1.63902e-02 1.40926e-02 1.30088e-02 1.19318e-02 9.09689e-03 6.36492e-03 5.19205e-03 4.04771e-03 2.42793e-03 1.41795e-03 9.68710e-04 4.52582e-04 5.49997e-05 1.90235e-33
5.939574 1.85075e-02 8.17307e-02 8.40350e-02 7.94627e-02 7.28639e-02 6.38288e-02 5.61243e-02 5.35082e-02 5.15196e-02 4.88323e-02 4.65365e-02 4.34266e-02 4.00019e-02 3.70217e-02 3.41512e-02 3.11824e-02 2.79635e-02 2.42827e-02 1.97662e-02 1.63012e-02 1.38667e-02 1.26543e-02 1.18724e-02 9.41831e-03 6.27492e-03 5.02311e-03 4.29299e-03 2.71883e-03 1.46631e-03 8.80432e-04 4.28639e-04 5.61048e-05 3.23209e-33
5.988661 1.81704e-02 8.17106e-02 8.41203e-02 7.93997e-02 7.30604e-02 6.40340e-02 5.64209e-02 5.38638e-02 5.16608e-02 4.88811e-02 4.64133e-02 4.31062e-02 3.96266e-02 3.68055e-02 3.41071e-02 3.12411e-02 2.80573e-02 2.43086e-02 1.98254e-02 1.62684e-02 1.37135e-02 1.23332e-02 1.16647e-02 9.74938e-03 6.27261e-03 4.87648e-03 4.46368e-03 3.03332e-03 1.56057e-03 8.02231e-04 3.93366e-04 5.52565e-05 3.77664e-33
6.037748 1.79126e-02 8.19430e-02 8.43065e-02 7.92354e-02 7.30985e-02 6.41857e-02 5.67071e-02 5.41561e-02 5.17711e-02 4.89115e-02 4.62491e-02 4.27291e-02 3.92157e-02 3.65917e-02 3.40663e-02 3.13035e-02 2.81689e-02 2.43629e-02 1.98941e-02 1.62808e-02 1.36050e-02 1.20658e-02 1.13454e-02 1.00065e-02 6.36442e-03 4.79754e-03 4.54928e-03 3.33832e-03 1.69100e-03 7.44802e-04 3.50273e-04 5.21475e-05 4.76376e-33
6.086836 1.77678e-02 8.24836e-02 8.46312e-02 7.90115e-02 7.29768e-02 6.42771e-02 5.69521e-02 5.43641e-02 5.18442e-02 4.88973e-02 4.60282e-02 4.22798e-02 3.87667e-02 3.63639e-02 3.40126e-02 3.13585e-02 2.82903e-02 2.44515e-02 1.99798e-02 1.63196e-02 1.35304e-02 1.18624e-02 1.09829e-02 1.01109e-02 6.56957e-03 4.80615e-03 4.56841e-03 3.60342e-03 1.84538e-03 7.12212e-04 3.04357e-04 4.72534e-05 7.98760e-33
6.135923 1.77305e-02 8.32838e-02 8.50860e-02 7.87644e-02 7.27260e-02 6.43175e-02 5.71371e-02 5.44773e-02 5.18766e-02 4.88241e-02 4.57445e-02 4.17562e-02 3.82819e-02 3.61110e-02 3.39345e-02 3.14056e-02 2.84210e-02 2.45867e-02 2.01014e-02 1.63715e-02 1.34986e-02 1.17226e-02 1.06482e-02 1.00191e-02 6.89181e-03 4.90182e-03 4.55925e-03 3.80571e-03 2.00847e-03 7.04313e-04 2.61001e-04 4.14716e-05 1.16041e-32
6.185011 1.77766e-02 8.42768e-02 8.56515e-02 7.85358e-02 7.24120e-02 6.43280e-02 5.72593e-02 5.45006e-02 5.18621e-02 4.86897e-02 4.53971e-02 4.11669e-02 3.77601e-02 3.58221e-02 3.38186e-02 3.14405e-02 2.85556e-02 2.47717e-02 2.02680e-02 1.64295e-02 1.35129e-02 1.16334e-02 1.03899e-02 9.73967e-03 7.28844e-03 5.08005e-03 4.56042e-03 3.93031e-03 2.16248e-03 7.19769e-04 2.24518e-04 3.55864e-05 1.68675e-32
6.234098 1.78799e-02 8.54243e-02 8.63113e-02 7.83640e-02 7.21225e-02 6.43473e-02 5.73421e-02 5.44574e-02 5.17938e-02 4.84978e-02 4.49894e-02 4.05278e-02 3.71990e-02 3.54873e-02 3.36474e-02 3.14469e-02 2.86794e-02 2.49885e-02 2.04701e-02 1.64876e-02 1.35528e-02 1.15776e-02 1.02213e-02 9.33977e-03 7.66863e-03 5.33975e-03 4.59259e-03 3.97055e-03 2.29008e-03 7.55931e-04 1.97290e-04 3.00374e-05 2.15354e-32
6.283185 1.80212e-02 8.66875e-02 8.70277e-02 7.82527e-02 7.19263e-02 6.44288e-02 5.74280e-02 5.43795e-02 5.16694e-02 4.82518e-02 4.45331e-02 3.98609e-02 3.66072e-02 3.51014e-02 3.34104e-02 3.14078e-02 2.87792e-02 2.52114e-02 2.06933e-02 1.65435e-02 1.35900e-02 1.15500e-02 1.01254e-02 8.92370e-03 7.93610e-03 5.67695e-03 4.65221e-03 3.93140e-03 2.38004e-03 8.07780e-04 1.80197e-04 2.50429e-05 2.64476e-32
6.332273 1.81958e-02 8.80172e-02 8.77409e-02 7.81712e-02 7.18363e-02 6.46077e-02 5.75594e-02 5.42913e-02 5.14923e-02 4.79513e-02 4.40438e-02 3.91879e-02 3.60025e-02 3.46612e-02 3.31068e-02 3.13107e-02 2.88500e-02 2.54263e-02 2.09343e-02 1.66071e-02 1.36157e-02 1.15573e-02 1.00756e-02 8.58927e-03 8.04226e-03 6.07624e-03 4.72310e-03 3.83128e-03 2.43110e-03 8.69710e-04 1.73656e-04 2.07794e-05 3.19958e-32
6.381360 1.84053e-02 8.93480e-02 8.83863e-02 7.80813e-02 7.18192e-02 6.48858e-02 5.77711e-02 5.42071e-02 5.12727e-02 4.75992e-02 4.35391e-02 3.85309e-02 3.54049e-02 3.41703e-02 3.27430e-02 3.11480e-02 2.88914e-02 2.56317e-02 2.11973e-02 1.66977e-02 1.36442e-02 1.16026e-02 1.00551e-02 8.39752e-03 8.00154e-03 6.50102e-03 4.79249e-03 3.69578e-03 2.44696e-03 9.37229e-04 1.77834e-04 1.73996e-05 3.01174e-32
6.430447 1.86454e-02 9.06166e-02 8.89214e-02 7.79718e-02 7.18498e-02 6.52509e-02 5.80885e-02 5.41411e-02 5.10270e-02 4.72067e-02 4.30346e-02 3.79118e-02 3.48305e-02 3.36423e-02 3.23261e-02 3.09138e-02 2.88959e-02 2.58206e-02 2.14733e-02 1.68272e-02 1.36940e-02 1.16765e-02 1.00625e-02 8.36365e-03 7.87754e-03 6.88181e-03 4.85776e-03 3.54822e-03 2.42988e-03 1.00599e-03 1.91972e-04 1.49900e-05 3.61049e-32
6.479535 1.89172e-02 9.18137e-02 8.93490e-02 7.78693e-02 7.19257e-02 6.56900e-02 5.85151e-02 5.41104e-02 5.07712e-02 4.67874e-02 4.25353e-02 3.73443e-02 3.42873e-02 3.30963e-02 3.18584e-02 3.06038e-02 2.88415e-02 2.59700e-02 2.17328e-02 1.69895e-02 1.37716e-02 1.17635e-02 1.01044e-02 8.46290e-03 7.75356e-03 7.12714e-03 4.92497e-03 3.40403e-03 2.38196e-03 1.07031e-03 2.13871e-04 1.35610e-05 3.89479e-32
6.528622 1.92300e-02 9.29634e-02 8.96941e-02 7.78104e-02 7.20475e-02 6.61872e-02 5.90288e-02 5.41257e-02 5.05188e-02 4.63575e-02 4.20416e-02 3.68363e-02 3.37806e-02 3.25519e-02 3.13463e-02 3.02231e-02 2.87058e-02 2.60532e-02 2.19439e-02 1.71667e-02 1.38727e-02 1.18563e-02 1.01853e-02 8.65446e-03 7.69194e-03 7.17021e-03 4.99994e-03 3.27148e-03 2.30849e-03 1.12319e-03 2.40169e-04 1.30421e-05 4.14552e-32
6.577710 1.95880e-02 9.40622e-02 8.99706e-02 7.78175e-02 7.22134e-02 6.67171e-02 5.95967e-02 5.41833e-02 5.02804e-02 4.59360e-02 4.15603e-02 3.63949e-02 3.33189e-02 3.20258e-02 3.08054e-02 2.97847e-02 2.84790e-02 2.60541e-02 2.20911e-02 1.73404e-02 1.39924e-02 1.19596e-02 1.03085e-02 8.90836e-03 7.70797e-03 7.01270e-03 5.07612e-03 3.15798e-03 2.21747e-03 1.15861e-03 2.67387e-04 1.32958e-05 5.02114e-32
6.626797 1.99884e-02 9.50656e-02 9.01765e-02 7.78917e-02 7.24175e-02 6.72469e-02 6.01880e-02 5.42698e-02 5.00631e-02 4.55420e-02 4.11072e-02 3.60268e-02 3.29129e-02 3.15293e-02 3.02577e-02 2.93038e-02 2.81669e-02 2.59685e-02 2.21742e-02 1.74993e-02 1.41313e-02 1.20844e-02 1.04825e-02 9.20759e-03 7.77586e-03 6.72209e-03 5.12872e-03 3.07448e-03 2.11638e-03 1.17341e-03 2.92901e-04 1.41575e-05 5.17531e-32
6.675884 2.04261e-02 9.59146e-02 9.03061e-02 7.80229e-02 7.26470e-02 6.77431e-02 6.07763e-02 5.43708e-02 4.98688e-02 4.51916e-02 4.07036e-02 3.57384e-02 3.25752e-02 3.10732e-02 2.97267e-02 2.87973e-02 2.77876e-02 2.57989e-02 2.21977e-02 1.76392e-02 1.42920e-02 1.22394e-02 1.07195e-02 9.53053e-03 7.85612e-03 6.39363e-03 5.12221e-03 3.03278e-03 2.01090e-03 1.16727e-03 3.15066e-04 1.54684e-05 5.99284e-32
6.724972 2.08955e-02 9.65849e-02 9.03750e-02 7.82122e-02 7.28927e-02 6.81812e-02 6.13379e-02 5.44742e-02 4.96899e-02 4.48889e-02 4.03626e-02 3.55302e-02 3.23149e-02 3.06658e-02 2.92288e-02 2.82815e-02 2.73601e-02 2.55462e-02 2.21590e-02 1.77559e-02 1.44690e-02 1.24261e-02 1.10228e-02 9.84245e-03 7.92416e-03 6.11024e-03 5.03129e-03 3.03791e-03 1.90668e-03 1.14212e-03 3.32922e-04 1.70880e-05 6.36077e-32
6.774059 2.13918e-02 9.70969e-02 9.04228e-02 7.84773e-02 7.31547e-02 6.85523e-02 6.18558e-02 5.45702e-02 4.95135e-02 4.46261e-02 4.00823e-02 3.53951e-02 3.21333e-02 3.03123e-02 2.87707e-02 2.77704e-02 2.68980e-02 2.52106e-02 2.20471e-02 1.78392e-02 1.46448e-02 1.26410e-02 1.13740e-02 1.01064e-02 7.97915e-03 5.91607e-03 4.86033e-03 3.08003e-03 1.81121e-03 1.10187e-03 3.45852e-04 1.88846e-05 7.04659e-32
6.823147 2.19077e-02 9.74686e-02 9.04852e-02 7.88341e-02 7.34315e-02 6.88595e-02 6.23230e-02 5.46510e-02 4.93318e-02 4.43932e-02 3.98548e-02 3.53265e-02 3.20287e-02 3.00184e-02 2.83556e-02 2.72774e-02 2.64135e-02 2.48023e-02 2.18548e-02 1.78780e-02 1.48013e-02 1.28811e-02 1.17321e-02 1.03010e-02 8.03262e-03 5.81504e-03 4.64631e-03 3.13402e-03 1.73401e-03 1.05266e-03 3.53655e-04 2.07376e-05 7.15135e-32
6.872234 2.24288e-02 9.76825e-02 9.05732e-02 7.92760e-02 7.37067e-02 6.91080e-02 6.27363e-02 5.47071e-02 4.91429e-02 4.41835e-02 3.96723e-02 3.53204e-02 3.19981e-02 2.97899e-02 2.79880e-02 2.68144e-02 2.59204e-02 2.43450e-02 2.15916e-02 1.78751e-02 1.49350e-02 1.31437e-02 1.20523e-02 1.04317e-02 8.09868e-03 5.79484e-03 4.44298e-03 3.17221e-03 1.68568e-03 1.00313e-03 3.57134e-04 2.25842e-05 7.79535e-32
6.921321 2.29339e-02 9.76890e-02 9.06729e-02 7.97719e-02 7.39508e-02 6.92993e-02 6.30905e-02 5.47289e-02 4.89483e-02 4.39937e-02 3.95297e-02 3.53726e-02 3.20390e-02 2.96323e-02 2.76768e-02 2.63916e-02 2.54355e-02 2.38697e-02 2.12835e-02 1.78492e-02 1.50556e-02 1.34194e-02 1.23074e-02 1.05249e-02 8.18877e-03 5.84809e-03 4.29819e-03 3.17771e-03 1.67511e-03 9.63169e-04 3.58160e-04 2.44329e-05 7.89223e-32
6.970409 2.34034e-02 9.74546e-02 9.07707e-02 8.02850e-02 7.41382e-02 6.94380e-02 6.33770e-02 5.47107e-02 4.87506e-02 4.38227e-02 3.94224e-02 3.54747e-02 3.21471e-02 2.95493e-02 2.74327e-02 2.60166e-02 2.49736e-02 2.34017e-02 2.09595e-02 1.78188e-02 1.51677e-02 1.36864e-02 1.24948e-02 1.06085e-02 8.30362e-03 5.97138e-03 4.23961e-03 3.14851e-03 1.70518e-03 9.41792e-04 3.59115e-04 2.63109e-05 8.60348e-32
7.019496 2.38299e-02 9.70072e-02 9.08802e-02 8.07961e-02 7.42654e-02 6.95408e-02 6.35860e-02 5.46497e-02 4.85514e-02 4.36668e-02 3.93407e-02 3.56096e-02 3.23092e-02 2.95349e-02 2.72597e-02 2.56910e-02 2.45412e-02 2.29524e-02 2.06414e-02 1.77880e-02 1.52604e-02 1.39151e-02 1.26264e-02 1.06940e-02 8.43234e-03 6.15496e-03 4.27279e-03 3.09715e-03 1.76904e-03 9.45596e-04 3.62537e-04 2.82296e-05 9.51507e-32
7.068583 2.42163e-02 9.64086e-02 9.10278e-02 8.12958e-02 7.43455e-02 6.96305e-02 6.37082e-02 5.45439e-02 4.83502e-02 4.35224e-02 3.92757e-02 3.57574e-02 3.25048e-02 2.95749e-02 2.71541e-02 2.54133e-02 2.41397e-02 2.25259e-02 2.03463e-02 1.77515e-02 1.53185e-02 1.40803e-02 1.27183e-02 1.07793e-02 8.56547e-03 6.37919e-03 4.38805e-03 3.04810e-03 1.85064e-03 9.78140e-04 3.71068e-04 3.02209e-05 9.32890e-32
7.117671 2.45690e-02 9.57068e-02 9.12201e-02 8.17642e-02 7.43906e-02 6.97205e-02 6.37344e-02 5.43932e-02 4.81447e-02 4.33877e-02 3.92241e-02 3.59042e-02 3.27132e-02 2.96537e-02 2.71083e-02 2.51833e-02 2.37729e-02 2.21285e-02 2.00913e-02 1.77080e-02 1.53369e-02 1.41713e-02 1.27860e-02 1.08660e-02 8.70742e-03 6.62076e-03 4.57065e-03 3.03103e-03 1.93141e-03 1.04011e-03 3.87378e-04 3.24203e-05 9.50539e-32
7.166758 2.48934e-02 9.49247e-02 9.14352e-02 8.21682e-02 7.44063e-02 6.98063e-02 6.36571e-02 5.42030e-02 4.79323e-02 4.32630e-02 3.91892e-02 3.60440e-02 3.29170e-02 2.97582e-02 2.71142e-02 2.50032e-02 2.34489e-02 2.17718e-02 1.98898e-02 1.76634e-02 1.53228e-02 1.41916e-02 1.28427e-02 1.09662e-02 8.87223e-03 6.86113e-03 4.80630e-03 3.07173e-03 1.99820e-03 1.12914e-03 4.13752e-04 3.51034e-05 8.80759e-32
7.215846 2.51938e-02 9.40792e-02 9.16348e-02 8.24746e-02 7.43987e-02 6.98703e-02 6.34741e-02 5.39852e-02 4.77128e-02 4.31501e-02 3.91781e-02 3.61775e-02 3.31046e-02 2.98780e-02 2.71637e-02 2.48754e-02 2.31790e-02 2.14695e-02 1.97462e-02 1.76250e-02 1.52863e-02 1.41545e-02 1.28951e-02 1.10923e-02 9.06982e-03 7.09235e-03 5.07894e-03 3.18448e-03 2.04755e-03 1.23816e-03 4.51351e-04 3.86316e-05 8.67601e-32
7.264933 2.54774e-02 9.32125e-02 9.17940e-02 8.26687e-02 7.43839e-02 6.98963e-02 6.31909e-02 5.37512e-02 4.74868e-02 4.30472e-02 3.91949e-02 3.63060e-02 3.32652e-02 2.99993e-02 2.72433e-02 2.47968e-02 2.29699e-02 2.12309e-02 1.96521e-02 1.75928e-02 1.52331e-02 1.40775e-02 1.29415e-02 1.12457e-02 9.30127e-03 7.32020e-03 5.36839e-03 3.36836e-03 2.08679e-03 1.35402e-03 4.99684e-04 4.33480e-05 8.50364e-32
7.314020 2.57547e-02 9.23919e-02 9.19097e-02 8.27586e-02 7.43887e-02 6.98775e-02 6.28193e-02 5.35082e-02 4.72543e-02 4.29478e-02 3.92383e-02 3.64280e-02 3.33876e-02 3.01042e-02 2.73321e-02 2.47563e-02 2.28203e-02 2.10573e-02 1.95912e-02 1.75596e-02 1.51643e-02 1.39787e-02 1.29752e-02 1.14158e-02 9.56325e-03 7.56022e-03 5.65320e-03 3.60783e-03 2.13117e-03 1.45900e-03 5.56444e-04 4.94285e-05 8.13991e-32
7.363108 2.60342e-02 9.16745e-02 9.19833e-02 8.27597e-02 7.44386e-02 6.98095e-02 6.23769e-02 5.32638e-02 4.70175e-02 4.28491e-02 3.93077e-02 3.65441e-02 3.34651e-02 3.01786e-02 2.74090e-02 2.47408e-02 2.27248e-02 2.09442e-02 1.95492e-02 1.75160e-02 1.50792e-02 1.38735e-02 1.29911e-02 1.15876e-02 9.85114e-03 7.82773e-03 5.91880e-03 3.87694e-03 2.19673e-03 1.53636e-03 6.17641e-04 5.67179e-05 7.55567e-32
7.412195 2.63175e-02 9.10813e-02 9.20030e-02 8.26827e-02 7.45428e-02 6.96815e-02 6.18829e-02 5.30294e-02 4.67797e-02 4.27546e-02 3.94058e-02 3.66592e-02 3.35001e-02 3.02180e-02 2.74598e-02 2.47415e-02 2.26783e-02 2.08851e-02 1.95192e-02 1.74583e-02 1.49799e-02 1.37739e-02 1.29916e-02 1.17527e-02 1.01598e-02 8.13331e-03 6.16670e-03 4.14778e-03 2.29335e-03 1.57752e-03 6.78111e-04 6.46728e-05 6.97612e-32
7.461283 2.65990e-02 9.05965e-02 9.19425e-02 8.25292e-02 7.46886e-02 6.94790e-02 6.13534e-02 5.28159e-02 4.65457e-02 4.26709e-02 3.95351e-02 3.67803e-02 3.35027e-02 3.02263e-02 2.74797e-02 2.47557e-02 2.26779e-02 2.08740e-02 1.95004e-02 1.73910e-02 1.48733e-02 1.36895e-02 1.29869e-02 1.19132e-02 1.04848e-02 8.48441e-03 6.41420e-03 4.39841e-03 2.42140e-03 1.58555e-03 7.32112e-04 7.24487e-05 5.74016e-32
7.510370 2.68718e-02 9.01955e-02 9.17800e-02 8.23011e-02 7.48538e-02 6.91979e-02 6.08018e-02 5.26260e-02 4.63240e-02 4.26054e-02 3.96923e-02 3.69131e-02 3.34859e-02 3.02097e-02 2.74694e-02 2.47818e-02 2.27184e-02 2.09026e-02 1.94914e-02 1.73207e-02 1.47669e-02 1.36252e-02 1.29896e-02 1.20748e-02 1.08222e-02 8.88368e-03 6.68205e-03 4.61620e-03 2.57127e-03 1.57246e-03 7.73822e-04 7.90727e-05 4.57869e-32
7.559457 2.71344e-02 8.98753e-02 9.15223e-02 8.20163e-02 7.50270e-02 6.88517e-02 6.02435e-02 5.24528e-02 4.61249e-02 4.25671e-02 3.98683e-02 3.70573e-02 3.34593e-02 3.01701e-02 2.74285e-02 2.48123e-02 2.27863e-02 2.09552e-02 1.94844e-02 1.72471e-02 1.46638e-02 1.35781e-02 1.30061e-02 1.22388e-02 1.11688e-02 9.32280e-03 6.97985e-03 4.79786e-03 2.72493e-03 1.55307e-03 7.98371e-04 8.36760e-05 2.81311e-32
7.608545 2.73891e-02 8.96463e-02 9.11977e-02 8.17051e-02 7.52097e-02 6.84652e-02 5.96935e-02 5.22904e-02 4.59587e-02 4.25643e-02 4.00542e-02 3.72074e-02 3.34295e-02 3.01067e-02 2.73567e-02 2.48361e-02 2.28629e-02 2.10112e-02 1.94668e-02 1.71630e-02 1.45625e-02 1.35411e-02 1.30359e-02 1.24016e-02 1.15226e-02 9.78222e-03 7.30065e-03 4.94891e-03 2.86150e-03 1.53882e-03 8.03681e-04 8.57722e-05 1.76573e-32
7.657632 2.76364e-02 8.95027e-02 9.08293e-02 8.13908e-02 7.53989e-02 6.80605e-02 5.91580e-02 5.21398e-02 4.58371e-02 4.25958e-02 4.02460e-02 3.73585e-02 3.34047e-02 3.00211e-02 2.72613e-02 2.48466e-02 2.29334e-02 2.10530e-02 1.94285e-02 1.70640e-02 1.44644e-02 1.35099e-02 1.30786e-02 1.25620e-02 1.18855e-02 1.02422e-02 7.62982e-03 5.08235e-03 2.96638e-03 1.53475e-03 7.92016e-04 8.54565e-05 2.30911e-32
7.706719 2.78715e-02 8.94129e-02 9.04222e-02 8.10764e-02 7.55745e-02 6.76516e-02 5.86337e-02 5.20046e-02 4.57701e-02 4.26487e-02 4.04408e-02 3.75101e-02 3.33959e-02 2.99189e-02 2.71583e-02 2.48438e-02 2.29917e-02 2.10715e-02 1.93672e-02 1.69532e-02 1.43781e-02 1.34855e-02 1.31371e-02 1.27262e-02 1.22621e-02 1.06928e-02 7.95788e-03 5.21326e-03 3.03694e-03 1.53986e-03 7.69163e-04 8.33106e-05 2.55457e-32
7.755807 2.80877e-02 8.93354e-02 8.99729e-02 8.07508e-02 7.57069e-02 6.72513e-02 5.81177e-02 5.18873e-02 4.57596e-02 4.27107e-02 4.06356e-02 3.76676e-02 3.34160e-02 2.98101e-02 2.70668e-02 2.48319e-02 2.30364e-02 2.10636e-02 1.92848e-02 1.68376e-02 1.43141e-02 1.34717e-02 1.32133e-02 1.29051e-02 1.26519e-02 1.11305e-02 8.28260e-03 5.35066e-03 3.07921e-03 1.54857e-03 7.41417e-04 8.00550e-05 5.66894e-32
7.804894 2.82819e-02 8.92477e-02 8.94907e-02 8.04084e-02 7.57768e-02 6.68798e-02 5.76153e-02 5.17859e-02 4.57953e-02 4.27785e-02 4.08256e-02 3.78354e-02 3.34733e-02 2.97045e-02 2.69991e-02 2.48146e-02 2.30633e-02 2.10255e-02 1.91806e-02 1.67198e-02 1.42780e-02 1.34709e-02 1.33033e-02 1.31086e-02 1.30446e-02 1.15510e-02 8.60352e-03 5.49443e-03 3.10166e-03 1.55282e-03 7.12967e-04 7.62672e-05 9.57542e-32
7.853982 2.84565e-02 8.91535e-02 8.90016e-02 8.00586e-02 7.57852e-02 6.65614e-02 5.71386e-02 5.16916e-02 4.58590e-02 4.28539e-02 4.10048e-02 3.80106e-02 3.35669e-02 2.96095e-02 2.69573e-02 2.47933e-02 2.30636e-02 2.09500e-02 1.90496e-02 1.65987e-02 1.42692e-02 1.34831e-02 1.33989e-02 1.33398e-02 1.34238e-02 1.19479e-02 8.91847e-03 5.64025e-03 3.11158e-03 1.54512e-03 6.85142e-04 7.23054e-05 1.26491e-31
7.903069 2.86135e-02 8.90601e-02 8.85292e-02 7.97150e-02 7.57432e-02 6.63149e-02 5.66979e-02 5.15917e-02 4.59353e-02 4.29379e-02 4.11681e-02 3.81876e-02 3.36926e-02 2.95340e-02 2.69375e-02 2.47717e-02 2.30293e-02 2.08312e-02 1.88879e-02 1.64747e-02 1.42851e-02 1.35085e-02 1.34948e-02 1.35942e-02 1.37756e-02 1.23159e-02 9.22437e-03 5.78656e-03 3.11463e-03 1.52156e-03 6.57166e-04 6.83515e-05 2.17432e-31
7.952156 2.87522e-02 8.89596e-02 8.80797e-02 7.93820e-02 7.56566e-02 6.61456e-02 5.62962e-02 5.14716e-02 4.60143e-02 4.30285e-02 4.13106e-02 3.83634e-02 3.38505e-02 2.94940e-02 2.69342e-02 2.47576e-02 2.29570e-02 2.06702e-02 1.86977e-02 1.63538e-02 1.43244e-02 1.35490e-02 1.35922e-02 1.38618e-02 1.40943e-02 1.26534e-02 9.52068e-03 5.93743e-03 3.11656e-03 1.48298e-03 6.27543e-04 6.44769e-05 2.66801e-31
8.001244 2.88680e-02 8.88283e-02 8.76428e-02 7.90538e-02 7.55225e-02 6.60436e-02 5.59314e-02 5.13168e-02 4.60884e-02 4.31209e-02 4.14279e-02 3.85388e-02 3.40484e-02 2.95116e-02 2.69442e-02 2.47603e-02 2.28493e-02 2.04752e-02 1.84870e-02 1.62457e-02 1.43884e-02 1.36085e-02 1.36991e-02 1.41305e-02 1.43808e-02 1.29612e-02 9.81121e-03 6.10036e-03 3.12501e-03 1.43402e-03 5.95132e-04 6.06778e-05 3.41596e-31
8.050331 2.89559e-02 8.86423e-02 8.72066e-02 7.87271e-02 7.53385e-02 6.59886e-02 5.56028e-02 5.11160e-02 4.61476e-02 4.32090e-02 4.15166e-02 3.87120e-02 3.42965e-02 2.96075e-02 2.69678e-02 2.47825e-02 2.27125e-02 2.02569e-02 1.82654e-02 1.61604e-02 1.44783e-02 1.36907e-02 1.38244e-02 1.43878e-02 1.46363e-02 1.32404e-02 1.01013e-02 6.28226e-03 3.14868e-03 1.38117e-03 5.59591e-04 5.68894e-05 4.25744e-31
8.099419 2.90138e-02 8.83969e-02 8.67749e-02 7.84157e-02 7.51144e-02 6.59579e-02 5.53168e-02 5.08650e-02 4.61796e-02 4.32861e-02 4.15754e-02 3.88746e-02 3.45975e-02 2.97904e-02 2.70070e-02 2.48153e-02 2.25506e-02 2.00225e-02 1.80393e-02 1.61021e-02 1.45909e-02 1.37961e-02 1.39720e-02 1.46208e-02 1.48566e-02 1.34890e-02 1.03920e-02 6.48627e-03 3.19482e-03 1.33105e-03 5.21432e-04 5.30148e-05 4.48246e-31
8.148506 2.90436e-02 8.81031e-02 8.63662e-02 7.81465e-02 7.48700e-02 6.59332e-02 5.50841e-02 5.05688e-02 4.61741e-02 4.33471e-02 4.16059e-02 3.90172e-02 3.49454e-02 3.00564e-02 2.70662e-02 2.48411e-02 2.23651e-02 1.97757e-02 1.78125e-02 1.60695e-02 1.47198e-02 1.39220e-02 1.41388e-02 1.48185e-02 1.50330e-02 1.37015e-02 1.06769e-02 6.71056e-03 3.26681e-03 1.28946e-03 4.81959e-04 4.89792e-05 5.32375e-31
8.197593 2.90469e-02 8.77674e-02 8.59966e-02 7.79392e-02 7.46194e-02 6.59004e-02 5.49114e-02 5.02373e-02 4.61249e-02 4.33862e-02 4.16121e-02 3.91366e-02 3.53331e-02 3.03948e-02 2.71555e-02 2.48432e-02 2.21588e-02 1.95219e-02 1.75914e-02 1.60601e-02 1.48596e-02 1.40660e-02 1.43176e-02 1.49744e-02 1.51588e-02 1.38731e-02 1.09472e-02 6.95152e-03 3.36523e-03 1.26132e-03 4.43229e-04 4.48021e-05 6.33308e-31
8.246681 2.90233e-02 8.73804e-02 8.56679e-02 7.77937e-02 7.43618e-02 6.58464e-02 5.47965e-02 4.98774e-02 4.60268e-02 4.33938e-02 4.15964e-02 3.92352e-02 3.57562e-02 3.07965e-02 2.72883e-02 2.48140e-02 2.19404e-02 1.92726e-02 1.73878e-02 1.60744e-02 1.50103e-02 1.42282e-02 1.45009e-02 1.50895e-02 1.52361e-02 1.40057e-02 1.12005e-02 7.20866e-03 3.49085e-03 1.25107e-03 4.07757e-04 4.06176e-05 7.15588e-31
8.295768 2.89711e-02 8.69243e-02 8.53721e-02 7.76962e-02 7.40897e-02 6.57603e-02 5.47323e-02 4.94925e-02 4.58750e-02 4.33594e-02 4.15604e-02 3.93181e-02 3.62071e-02 3.12559e-02 2.74767e-02 2.47584e-02 2.17221e-02 1.90422e-02 1.72155e-02 1.61149e-02 1.51738e-02 1.44097e-02 1.46812e-02 1.51694e-02 1.52734e-02 1.41047e-02 1.14393e-02 7.48330e-03 3.64463e-03 1.26208e-03 3.77823e-04 3.66077e-05 7.37777e-31
8.344855 2.88921e-02 8.63961e-02 8.51073e-02 7.76389e-02 7.38063e-02 6.56397e-02 5.47111e-02 4.90893e-02 4.56681e-02 4.32763e-02 4.15058e-02 3.93907e-02 3.66664e-02 3.17656e-02 2.77226e-02 2.46881e-02 2.15118e-02 1.88408e-02 1.70838e-02 1.61821e-02 1.53468e-02 1.46063e-02 1.48493e-02 1.52194e-02 1.52781e-02 1.41733e-02 1.16636e-02 7.77259e-03 3.82453e-03 1.29557e-03 3.54884e-04 3.29228e-05 7.77599e-31
8.393943 2.87934e-02 8.58174e-02 8.48851e-02 7.76293e-02 7.35321e-02 6.54930e-02 5.47243e-02 4.86802e-02 4.54100e-02 4.31426e-02 4.14347e-02 3.94587e-02 3.71044e-02 3.23099e-02 2.80144e-02 2.46150e-02 2.13102e-02 1.86707e-02 1.69955e-02 1.62726e-02 1.55183e-02 1.48075e-02 1.49951e-02 1.52416e-02 1.52528e-02 1.42108e-02 1.18691e-02 8.06789e-03 4.02409e-03 1.35007e-03 3.39473e-04 2.96585e-05 8.16519e-31
8.443030 2.86832e-02 8.52157e-02 8.47187e-02 7.76773e-02 7.32912e-02 6.53335e-02 5.47616e-02 4.82776e-02 4.51084e-02 4.29595e-02 4.13490e-02 3.95288e-02 3.74931e-02 3.28702e-02 2.83332e-02 2.45496e-02 2.11182e-02 1.85302e-02 1.69520e-02 1.63807e-02 1.56749e-02 1.50014e-02 1.51112e-02 1.52364e-02 1.51988e-02 1.42178e-02 1.20518e-02 8.36006e-03 4.23514e-03 1.42240e-03 3.31499e-04 2.68751e-05 8.11766e-31
8.492118 2.85658e-02 8.46047e-02 8.46060e-02 7.77809e-02 7.30964e-02 6.51705e-02 5.48133e-02 4.78885e-02 4.47706e-02 4.27281e-02 4.12506e-02 3.96063e-02 3.78148e-02 3.34328e-02 2.86653e-02 2.45043e-02 2.09436e-02 1.84191e-02 1.69570e-02 1.64998e-02 1.58075e-02 1.51799e-02 1.51953e-02 1.52057e-02 1.51191e-02 1.41986e-02 1.22138e-02 8.64544e-03 4.45193e-03 1.50929e-03 3.30657e-04 2.46177e-05 8.61378e-31
8.541205 2.84417e-02 8.39809e-02 8.45278e-02 7.79233e-02 7.29477e-02 6.50076e-02 5.48726e-02 4.75160e-02 4.44021e-02 4.24502e-02 4.11408e-02 3.96928e-02 3.80642e-02 3.39891e-02 2.90107e-02 2.44935e-02 2.07999e-02 1.83404e-02 1.70171e-02 1.66213e-02 1.59143e-02 1.53394e-02 1.52498e-02 1.51520e-02 1.50186e-02 1.41595e-02 1.23617e-02 8.92579e-03 4.67197e-03 1.60800e-03 3.36599e-04 2.29151e-05 9.00476e-31
8.590292 2.83096e-02 8.33382e-02 8.44601e-02 7.80855e-02 7.28421e-02 6.48478e-02 5.49355e-02 4.71641e-02 4.40086e-02 4.21311e-02 4.10210e-02 3.97839e-02 3.82470e-02 3.45277e-02 2.93791e-02 2.45288e-02 2.06994e-02 1.82981e-02 1.71352e-02 1.67344e-02 1.59992e-02 1.54767e-02 1.52775e-02 1.50768e-02 1.49012e-02 1.41052e-02 1.25020e-02 9.20393e-03 4.89407e-03 1.71576e-03 3.48878e-04 2.17737e-05 9.89559e-31
8.639380 2.81706e-02 8.26845e-02 8.43904e-02 7.82604e-02 7.27837e-02 6.46980e-02 5.49981e-02 4.68389e-02 4.35974e-02 4.17805e-02 4.08924e-02 3.98679e-02 3.83749e-02 3.50288e-02 2.97774e-02 2.46123e-02 2.06467e-02 1.82949e-02 1.73046e-02 1.68275e-02 1.60676e-02 1.55856e-02 1.52790e-02 1.49795e-02 1.47680e-02 1.40378e-02 1.26380e-02 9.48075e-03 5.11652e-03 1.82923e-03 3.66835e-04 2.11763e-05 9.58296e-31
8.688467 2.80281e-02 8.20409e-02 8.43197e-02 7.84528e-02 7.27814e-02 6.45701e-02 5.50564e-02 4.65464e-02 4.31790e-02 4.14131e-02 4.07575e-02 3.99301e-02 3.84624e-02 3.54691e-02 3.02045e-02 2.47384e-02 2.06373e-02 1.83321e-02 1.75072e-02 1.68928e-02 1.61228e-02 1.56584e-02 1.52521e-02 1.48586e-02 1.46168e-02 1.39572e-02 1.27688e-02 9.75431e-03 5.33668e-03 1.94457e-03 3.89540e-04 2.10837e-05 1.01706e-30
8.737555 2.78858e-02 8.14251e-02 8.42489e-02 7.86652e-02 7.28386e-02 6.44744e-02 5.51076e-02 4.62905e-02 4.27646e-02 4.10456e-02 4.06189e-02 3.99582e-02 3.85230e-02 3.58339e-02 3.06576e-02 2.49019e-02 2.06634e-02 1.84116e-02 1.77205e-02 1.69311e-02 1.61650e-02 1.56904e-02 1.51943e-02 1.47141e-02 1.44448e-02 1.38635e-02 1.28910e-02 1.00222e-02 5.55249e-03 2.05841e-03 4.15935e-04 2.14441e-05 1.04323e-30
8.786642 2.77451e-02 8.08384e-02 8.41676e-02 7.88882e-02 7.29465e-02 6.44139e-02 5.51501e-02 4.60726e-02 4.23624e-02 4.06917e-02 4.04761e-02 3.99450e-02 3.85642e-02 3.61227e-02 3.11402e-02 2.51065e-02 2.07209e-02 1.85371e-02 1.79248e-02 1.69526e-02 1.61929e-02 1.56829e-02 1.51047e-02 1.45502e-02 1.42522e-02 1.37588e-02 1.30032e-02 1.02856e-02 5.76557e-03 2.16965e-03 4.45220e-04 2.22102e-05 1.10096e-30
8.835729 2.76046e-02 8.02684e-02 8.40568e-02 7.91037e-02 7.30872e-02 6.43835e-02 5.51822e-02 4.58939e-02 4.19776e-02 4.03605e-02 4.03245e-02 3.98893e-02 3.85855e-02 3.63448e-02 3.16598e-02 2.53633e-02 2.08116e-02 1.87101e-02 1.81075e-02 1.69722e-02 1.62037e-02 1.56424e-02 1.49855e-02 1.43737e-02 1.40431e-02 1.36469e-02 1.31070e-02 1.05495e-02 5.98133e-03 2.27965e-03 4.77001e-04 2.33448e-05 1.17146e-30
8.884817 2.74630e-02 7.97070e-02 8.39057e-02 7.93004e-02 7.32470e-02 6.43780e-02 5.52019e-02 4.57559e-02 4.16173e-02 4.00592e-02 4.01608e-02 3.97954e-02 3.85807e-02 3.65098e-02 3.22146e-02 2.56805e-02 2.09379e-02 1.89243e-02 1.82620e-02 1.70000e-02 1.61933e-02 1.55749e-02 1.48393e-02 1.41897e-02 1.38224e-02 1.35288e-02 1.32027e-02 1.08167e-02 6.20463e-03 2.39038e-03 5.10937e-04 2.48036e-05 1.27764e-30
8.933904 2.73211e-02 7.91605e-02 8.37235e-02 7.94843e-02 7.34254e-02 6.43972e-02 5.52083e-02 4.56583e-02 4.12931e-02 3.97946e-02 3.99889e-02 3.96723e-02 3.85420e-02 3.66257e-02 3.27855e-02 2.60537e-02 2.10985e-02 1.91639e-02 1.83856e-02 1.70354e-02 1.61562e-02 1.54827e-02 1.46674e-02 1.39989e-02 1.35934e-02 1.34020e-02 1.32865e-02 1.10836e-02 6.43596e-03 2.50256e-03 5.46358e-04 2.65168e-05 1.38622e-30
8.982991 2.71801e-02 7.86388e-02 8.35289e-02 7.96699e-02 7.36296e-02 6.44422e-02 5.52017e-02 4.55984e-02 4.10187e-02 3.95695e-02 3.98199e-02 3.95303e-02 3.84636e-02 3.67022e-02 3.33448e-02 2.64695e-02 2.12908e-02 1.94088e-02 1.84801e-02 1.70688e-02 1.60894e-02 1.53649e-02 1.44722e-02 1.37998e-02 1.33588e-02 1.32629e-02 1.33529e-02 1.13431e-02 6.67289e-03 2.61613e-03 5.82445e-04 2.84016e-05 1.49371e-30
9.032079 2.70369e-02 7.81371e-02 8.33313e-02 7.98636e-02 7.38623e-02 6.45086e-02 5.51814e-02 4.55732e-02 4.08044e-02 3.93784e-02 3.96678e-02 3.93768e-02 3.83435e-02 3.67516e-02 3.38722e-02 2.69186e-02 2.15178e-02 1.96430e-02 1.85527e-02 1.70889e-02 1.59954e-02 1.52218e-02 1.42593e-02 1.35929e-02 1.31225e-02 1.31113e-02 1.33989e-02 1.15910e-02 6.91517e-03 2.73258e-03 6.18907e-04 3.04009e-05 1.58086e-30
9.081166 2.68849e-02 7.76329e-02 8.31242e-02 8.00576e-02 7.41182e-02 6.45871e-02 5.51462e-02 4.55815e-02 4.06570e-02 3.92091e-02 3.95459e-02 3.92146e-02 3.81841e-02 3.67855e-02 3.43581e-02 2.74011e-02 2.17897e-02 1.98601e-02 1.86136e-02 1.70889e-02 1.58811e-02 1.50560e-02 1.40371e-02 1.33828e-02 1.28896e-02 1.29502e-02 1.34249e-02 1.18279e-02 7.16603e-03 2.85544e-03 6.56218e-04 3.25010e-05 1.82964e-30
9.130254 2.67175e-02 7.71013e-02 8.28970e-02 8.02407e-02 7.43912e-02 6.46695e-02 5.50956e-02 4.56221e-02 4.05811e-02 3.90503e-02 3.94672e-02 3.90452e-02 3.79915e-02 3.68118e-02 3.47968e-02 2.79179e-02 2.21175e-02 2.00613e-02 1.86704e-02 1.70655e-02 1.57524e-02 1.48713e-02 1.38124e-02 1.31747e-02 1.26634e-02 1.27835e-02 1.34307e-02 1.20542e-02 7.42784e-03 2.98814e-03 6.95114e-04 3.47071e-05 1.91009e-30
9.179341 2.65322e-02 7.65336e-02 8.26511e-02 8.04148e-02 7.46840e-02 6.47542e-02 5.50299e-02 4.56909e-02 4.05785e-02 3.88991e-02 3.94415e-02 3.88711e-02 3.77728e-02 3.68331e-02 3.51798e-02 2.84576e-02 2.25044e-02 2.02498e-02 1.87218e-02 1.70166e-02 1.56104e-02 1.46700e-02 1.35885e-02 1.29724e-02 1.24442e-02 1.26135e-02 1.34147e-02 1.22661e-02 7.69829e-03 3.13196e-03 7.36050e-04 3.70155e-05 2.08820e-30
9.228428 2.63294e-02 7.59376e-02 8.24015e-02 8.05954e-02 7.50075e-02 6.48444e-02 5.49495e-02 4.57815e-02 4.06438e-02 3.87626e-02 3.94721e-02 3.86961e-02 3.75358e-02 3.68464e-02 3.54993e-02 2.89952e-02 2.29435e-02 2.04284e-02 1.87598e-02 1.69402e-02 1.54526e-02 1.44546e-02 1.33659e-02 1.27769e-02 1.22307e-02 1.24419e-02 1.33752e-02 1.24570e-02 7.97072e-03 3.28586e-03 7.79157e-04 3.94117e-05 2.29705e-30
9.277516 2.61075e-02 7.53194e-02 8.21622e-02 8.07987e-02 7.53708e-02 6.49434e-02 5.48562e-02 4.58892e-02 4.07630e-02 3.86557e-02 3.95538e-02 3.85254e-02 3.72908e-02 3.68458e-02 3.57578e-02 2.95064e-02 2.34236e-02 2.06015e-02 1.87750e-02 1.68374e-02 1.52765e-02 1.42280e-02 1.31456e-02 1.25889e-02 1.20219e-02 1.22702e-02 1.33125e-02 1.26210e-02 8.23744e-03 3.44790e-03 8.24588e-04 4.18928e-05 2.56622e-30
9.326603 2.58610e-02 7.46702e-02 8.19332e-02 8.10284e-02 7.57718e-02 6.50504e-02 5.47537e-02 4.60127e-02 4.09170e-02 3.85957e-02 3.96728e-02 3.83666e-02 3.70490e-02 3.68250e-02 3.59693e-02 2.99804e-02 2.39364e-02 2.07772e-02 1.87644e-02 1.67133e-02 1.50834e-02 1.39954e-02 1.29311e-02 1.24098e-02 1.18183e-02 1.21006e-02 1.32295e-02 1.27558e-02 8.49303e-03 3.61691e-03 8.72925e-04 4.44933e-05 2.70309e-30
9.375691 2.55834e-02 7.39726e-02 8.17020e-02 8.12772e-02 7.61987e-02 6.51608e-02 5.46477e-02 4.61500e-02 4.10875e-02 3.85967e-02 3.98111e-02 3.82290e-02 3.68212e-02 3.67782e-02 3.61538e-02 3.04209e-02 2.44763e-02 2.09647e-02 1.87314e-02 1.65746e-02 1.48780e-02 1.37630e-02 1.27280e-02 1.22414e-02 1.16222e-02 1.19357e-02 1.31316e-02 1.28623e-02 8.73476e-03 3.79269e-03 9.25177e-04 4.72861e-05 2.95911e-30
9.424778 2.52710e-02 7.32180e-02 8.14595e-02 8.15401e-02 7.66406e-02 6.52699e-02 5.45439e-02 4.62954e-02 4.12606e-02 3.86687e-02 3.99523e-02 3.81209e-02 3.66173e-02 3.67018e-02 3.63262e-02 3.08340e-02 2.50314e-02 2.11685e-02 1.86824e-02 1.64258e-02 1.46659e-02 1.35364e-02 1.25407e-02 1.20843e-02 1.14350e-02 1.17776e-02 1.30239e-02 1.29413e-02 8.95959e-03 3.97441e-03 9.82260e-04 5.03529e-05 3.16979e-30
9.473865 2.49236e-02 7.24159e-02 8.12127e-02 8.18262e-02 7.70961e-02 6.53768e-02 5.44478e-02 4.64407e-02 4.14265e-02 3.88187e-02 4.00858e-02 3.80468e-02 3.64461e-02 3.65986e-02 3.64901e-02 3.12218e-02 2.55766e-02 2.13823e-02 1.86212e-02 1.62664e-02 1.44509e-02 1.33179e-02 1.23709e-02 1.19367e-02 1.12566e-02 1.16273e-02 1.29104e-02 1.29915e-02 9.16078e-03 4.15838e-03 1.04430e-03 5.37438e-05 3.54643e-30
9.522953 2.45433e-02 7.15841e-02 8.09760e-02 8.21515e-02 7.75708e-02 6.54833e-02 5.43654e-02 4.65781e-02 4.15805e-02 3.90497e-02 4.02070e-02 3.80073e-02 3.63150e-02 3.64793e-02 3.66411e-02 3.15865e-02 2.60811e-02 2.15905e-02 1.85499e-02 1.60942e-02 1.42359e-02 1.31080e-02 1.22176e-02 1.17951e-02 1.10851e-02 1.14845e-02 1.27934e-02 1.30098e-02 9.32914e-03 4.33841e-03 1.11053e-03 5.74714e-05 3.66823e-30
9.572040 2.41319e-02 7.07336e-02 8.07532e-02 8.25199e-02 7.80641e-02 6.55882e-02 5.43018e-02 4.67002e-02 4.17239e-02 3.93554e-02 4.03145e-02 3.80019e-02 3.62290e-02 3.63595e-02 3.67740e-02 3.19400e-02 2.65227e-02 2.17785e-02 1.84733e-02 1.59103e-02 1.40250e-02 1.29086e-02 1.20804e-02 1.16577e-02 1.09198e-02 1.13496e-02 1.26761e-02 1.29967e-02 9.45917e-03 4.50922e-03 1.18023e-03 6.15591e-05 3.87297e-30
9.621128 2.36920e-02 6.98664e-02 8.05296e-02 8.29135e-02 7.85632e-02 6.56852e-02 5.42593e-02 4.67990e-02 4.18626e-02 3.97201e-02 4.04085e-02 3.80296e-02 3.61900e-02 3.62547e-02 3.68864e-02 3.23025e-02 2.68952e-02 2.19399e-02 1.84002e-02 1.57213e-02 1.38246e-02 1.27240e-02 1.19606e-02 1.15252e-02 1.07619e-02 1.12245e-02 1.25629e-02 1.29570e-02 9.55200e-03 4.66873e-03 1.25338e-03 6.60776e-05 4.01457e-30
9.670215 2.32286e-02 6.89865e-02 8.02859e-02 8.33038e-02 7.90498e-02 6.57666e-02 5.42371e-02 4.68699e-02 4.20027e-02 4.01244e-02 4.04928e-02 3.80891e-02 3.61985e-02 3.61792e-02 3.69766e-02 3.26913e-02 2.72034e-02 2.20734e-02 1.83389e-02 1.55362e-02 1.36410e-02 1.25584e-02 1.18595e-02 1.13987e-02 1.06130e-02 1.11115e-02 1.24577e-02 1.28974e-02 9.61115e-03 4.81589e-03 1.33002e-03 7.11067e-05 4.17030e-30
9.719302 2.27514e-02 6.81131e-02 8.00185e-02 8.36742e-02 7.95112e-02 6.58270e-02 5.42305e-02 4.69132e-02 4.21473e-02 4.05514e-02 4.05741e-02 3.81767e-02 3.62536e-02 3.61455e-02 3.70425e-02 3.31070e-02 2.74531e-02 2.21736e-02 1.82916e-02 1.53618e-02 1.34771e-02 1.24138e-02 1.17756e-02 1.12773e-02 1.04732e-02 1.10112e-02 1.23626e-02 1.28213e-02 9.63722e-03 4.94750e-03 1.40922e-03 7.66625e-05 4.37612e-30
9.768390 2.22738e-02 6.72785e-02 7.97422e-02 8.40271e-02 7.99414e-02 6.58623e-02 5.42318e-02 4.69339e-02 4.22969e-02 4.09870e-02 4.06602e-02 3.82859e-02 3.63518e-02 3.61622e-02 3.70845e-02 3.35321e-02 2.76494e-02 2.22297e-02 1.82534e-02 1.52011e-02 1.33331e-02 1.22893e-02 1.17052e-02 1.11577e-02 1.03412e-02 1.09229e-02 1.22778e-02 1.27297e-02 9.62814e-03 5.05821e-03 1.48881e-03 8.26758e-05 4.67145e-30
9.817477 2.18098e-02 6.65136e-02 7.94745e-02 8.43698e-02 8.03313e-02 6.58658e-02 5.42318e-02 4.69391e-02 4.24516e-02 4.14167e-02 4.07565e-02 3.84100e-02 3.64869e-02 3.62319e-02 3.71088e-02 3.39418e-02 2.78016e-02 2.22352e-02 1.82181e-02 1.50571e-02 1.32091e-02 1.21838e-02 1.16452e-02 1.10369e-02 1.02169e-02 1.08462e-02 1.22032e-02 1.26240e-02 9.58334e-03 5.14356e-03 1.56642e-03 8.90411e-05 4.78280e-30
9.866564 2.13709e-02 6.58359e-02 7.92224e-02 8.46986e-02 8.06605e-02 6.58260e-02 5.42223e-02 4.69361e-02 4.26113e-02 4.18255e-02 4.08670e-02 3.85446e-02 3.66522e-02 3.63531e-02 3.71273e-02 3.43172e-02 2.79275e-02 2.21964e-02 1.81835e-02 1.49352e-02 1.31066e-02 1.20981e-02 1.15940e-02 1.09139e-02 1.01016e-02 1.07813e-02 1.21391e-02 1.25073e-02 9.50629e-03 5.20213e-03 1.64031e-03 9.56758e-05 5.01962e-30
9.915652 2.09650e-02 6.52497e-02 7.89836e-02 8.49990e-02 8.09018e-02 6.57283e-02 5.41980e-02 4.69326e-02 4.27742e-02 4.22004e-02 4.09943e-02 3.86865e-02 3.68407e-02 3.65218e-02 3.71547e-02 3.46464e-02 2.80515e-02 2.21295e-02 1.81514e-02 1.48417e-02 1.30283e-02 1.20337e-02 1.15511e-02 1.07895e-02 9.99811e-03 1.07288e-02 1.20862e-02 1.23837e-02 9.40288e-03 5.23479e-03 1.70942e-03 1.02519e-04 5.04855e-30
9.964739 2.05976e-02 6.47568e-02 7.87616e-02 8.52628e-02 8.10339e-02 6.55574e-02 5.41562e-02 4.69348e-02 4.29373e-02 4.25331e-02 4.11380e-02 3.88328e-02 3.70460e-02 3.67328e-02 3.72039e-02 3.49186e-02 2.81923e-02 2.20512e-02 1.81228e-02 1.47803e-02 1.29760e-02 1.19917e-02 1.15153e-02 1.06649e-02 9.90862e-03 1.06892e-02 1.20448e-02 1.22563e-02 9.27823e-03 5.24254e-03 1.77250e-03 1.09479e-04 5.07176e-30
9.999100 2.03656e-02 6.44714e-02 7.86256e-02 8.54312e-02 8.10574e-02 6.53869e-02 5.41166e-02 4.69427e-02 4.30505e-02 4.27392e-02 4.12458e-02 3.89356e-02 3.71960e-02 3.69021e-02 3.72555e-02 3.50686e-02 2.83031e-02 2.19960e-02 1.81029e-02 1.47558e-02 1.29546e-02 1.19752e-02 1.14930e-02 1.05780e-02 9.85489e-03 1.06691e-02 1.20222e-02 1.21654e-02 9.17972e-03 5.23304e-03 1.81206e-03 1.14327e-04 5.03132e-30
