# tg_mhd (Kokkos FP64)  tgc_slip_cond_n65_re1000  N=65 L=65 Re=1000 Pm=1 u0=0.05 nu_lat=1.018592e-03 eta_lat=1.018592e-03 tau_f=0.503056 tau_m=0.504074 dt=2.454369e-03 fw=profile
# t E_V E_M E_T H_C Omega_V Omega_M eps EM/EV OmM/OmV j_max w_max skew divb/j divb_wall/j mass_drift umax_lat fw1 fw2 fw4 tau_wall
0.000000 1.25000000e-01 1.25000000e-01 2.50000000e-01 1.26648796e-19 3.74698900e-01 1.49518705e+00 3.73977189e-03 1.000000e+00 3.990369e+00 3.458540e+00 1.999197e+00 -4.054089e-19 9.0030e-16 1.3209e-15 +0.0000e+00 0.05000 4.03232e-02 8.08539e-02 1.62977e-01 0.00000e+00
0.049087 1.24946097e-01 1.24199678e-01 2.49145775e-01 4.46368198e-06 3.76417050e-01 1.48714759e+00 3.72712929e-03 9.940261e-01 3.950798e+00 3.502353e+00 1.993360e+00 1.484215e-01 6.8655e-05 1.0035e-04 -5.2042e-05 0.04999 4.02467e-02 8.07015e-02 1.62682e-01 0.00000e+00
0.098175 1.24746396e-01 1.23948963e-01 2.48695359e-01 7.19910003e-06 3.82289948e-01 1.48867546e+00 3.74193082e-03 9.936076e-01 3.894100e+00 3.532200e+00 2.000843e+00 1.408882e-01 1.1249e-04 1.6186e-04 -2.9685e-06 0.05076 4.02748e-02 8.07683e-02 1.62886e-01 0.00000e+00
0.147262 1.24580045e-01 1.23840193e-01 2.48420238e-01 8.91307908e-06 3.92739478e-01 1.49511772e+00 3.77571439e-03 9.940612e-01 3.806894e+00 3.584473e+00 2.018712e+00 4.932322e-02 1.9119e-04 2.9124e-04 +4.5592e-05 0.05090 4.02254e-02 8.06867e-02 1.62844e-01 0.00000e+00
0.196350 1.24641461e-01 1.23576248e-01 2.48217709e-01 1.02388276e-05 4.07462573e-01 1.50301639e+00 3.82095792e-03 9.914538e-01 3.688723e+00 3.642653e+00 2.042652e+00 3.170749e-02 2.9375e-04 4.5242e-04 -4.1815e-05 0.05132 3.99622e-02 8.01826e-02 1.61998e-01 0.00000e+00
0.245437 1.24665832e-01 1.23688347e-01 2.48354179e-01 1.13591379e-05 4.25880978e-01 1.51907510e+00 3.88991215e-03 9.921592e-01 3.566901e+00 3.701353e+00 2.076336e+00 1.107321e-01 4.3879e-04 6.8113e-04 -2.4552e-05 0.05224 3.97700e-02 7.98319e-02 1.61530e-01 0.00000e+00
0.294524 1.24552283e-01 1.23675616e-01 2.48227899e-01 1.28019762e-05 4.47435281e-01 1.53753143e+00 3.96993342e-03 9.929615e-01 3.436321e+00 3.781190e+00 2.113350e+00 1.985107e-01 5.9916e-04 9.3114e-04 -2.0000e-05 0.05225 3.95589e-02 7.94528e-02 1.61066e-01 0.00000e+00
0.343612 1.24365246e-01 1.23353735e-01 2.47718981e-01 1.47021564e-05 4.71942808e-01 1.55704526e+00 4.05797614e-03 9.918666e-01 3.299224e+00 3.863701e+00 2.147445e+00 2.481425e-01 7.9335e-04 1.2450e-03 -4.1926e-05 0.05281 3.93118e-02 7.90121e-02 1.60545e-01 0.00000e+00
0.392699 1.24126400e-01 1.23465276e-01 2.47591676e-01 1.70509239e-05 4.99415492e-01 1.58599953e+00 4.17083005e-03 9.946738e-01 3.175712e+00 3.967063e+00 2.195145e+00 2.352546e-01 1.0078e-03 1.5891e-03 +3.4375e-05 0.05288 3.91415e-02 7.87434e-02 1.60476e-01 0.00000e+00
0.441786 1.24042329e-01 1.23283547e-01 2.47325875e-01 2.03651447e-05 5.30072281e-01 1.61692374e+00 4.29399205e-03 9.938829e-01 3.050384e+00 4.064550e+00 2.243429e+00 1.964561e-01 1.2580e-03 1.9983e-03 +5.4691e-06 0.05341 3.88044e-02 7.81557e-02 1.59849e-01 0.00000e+00
0.490874 1.23972736e-01 1.23170609e-01 2.47143344e-01 2.44579583e-05 5.63574238e-01 1.65359125e+00 4.43433098e-03 9.935298e-01 2.934114e+00 4.171943e+00 2.298400e+00 2.135476e-01 1.5339e-03 2.4499e-03 -4.2620e-05 0.05289 3.84044e-02 7.74631e-02 1.59120e-01 0.00000e+00
0.539961 1.23815192e-01 1.23257999e-01 2.47073191e-01 2.93837153e-05 5.99877838e-01 1.69871851e+00 4.59719269e-03 9.954998e-01 2.831774e+00 4.276783e+00 2.362165e+00 2.646659e-01 1.8502e-03 2.9764e-03 -1.2542e-05 0.05352 3.80841e-02 7.69627e-02 1.58927e-01 0.00000e+00
0.589049 1.23647004e-01 1.23117745e-01 2.46764749e-01 3.56128638e-05 6.38495307e-01 1.74754716e+00 4.77208494e-03 9.957196e-01 2.736977e+00 4.387076e+00 2.415457e+00 3.212678e-01 2.2027e-03 3.5621e-03 -3.8835e-05 0.05409 3.77043e-02 7.63731e-02 1.58666e-01 0.00000e+00
0.638136 1.23339348e-01 1.23102878e-01 2.46442226e-01 4.31502058e-05 6.79893181e-01 1.80498629e+00 4.96975894e-03 9.980828e-01 2.654809e+00 4.522251e+00 2.517472e+00 3.646696e-01 2.6061e-03 4.2428e-03 -6.8422e-06 0.05443 3.73863e-02 7.59596e-02 1.58933e-01 0.00000e+00
0.687223 1.23058364e-01 1.23135955e-01 2.46194319e-01 5.19080185e-05 7.24782121e-01 1.86979566e+00 5.18915556e-03 1.000631e+00 2.579804e+00 4.619289e+00 2.663621e+00 3.201651e-01 3.0637e-03 5.0219e-03 +3.2747e-05 0.05481 3.70562e-02 7.55834e-02 1.59439e-01 0.00000e+00
0.736311 1.22994355e-01 1.22934014e-01 2.45928369e-01 6.22987263e-05 7.73145303e-01 1.93822802e+00 5.42274664e-03 9.995094e-01 2.506939e+00 4.721935e+00 2.838893e+00 3.132201e-01 3.5757e-03 5.9018e-03 -2.6191e-05 0.05523 3.65887e-02 7.49983e-02 1.59635e-01 0.00000e+00
0.785398 1.22903702e-01 1.22864571e-01 2.45768273e-01 7.40685857e-05 8.25507558e-01 2.01621508e+00 5.68344527e-03 9.996816e-01 2.442394e+00 4.825558e+00 3.023844e+00 3.746150e-01 4.1627e-03 6.9194e-03 -2.8474e-05 0.05559 3.61907e-02 7.46554e-02 1.60478e-01 0.00000e+00
0.834486 1.22735939e-01 1.22748149e-01 2.45484087e-01 8.75342385e-05 8.81724529e-01 2.10235086e+00 5.96815077e-03 1.000099e+00 2.384362e+00 4.958864e+00 3.212838e+00 3.976234e-01 4.8338e-03 8.0799e-03 -2.2103e-05 0.05692 3.58278e-02 7.44980e-02 1.61782e-01 0.00000e+00
0.883573 1.22567323e-01 1.22511532e-01 2.45078856e-01 1.02611972e-04 9.42048229e-01 2.19565935e+00 6.27541516e-03 9.995448e-01 2.330729e+00 5.156090e+00 3.407029e+00 4.362080e-01 5.5946e-03 9.3783e-03 -3.3533e-05 0.05739 3.54704e-02 7.44793e-02 1.63397e-01 0.00000e+00
0.932660 1.22398538e-01 1.22362970e-01 2.44761507e-01 1.19228424e-04 1.00752586e+00 2.29984134e+00 6.61473439e-03 9.997094e-01 2.282662e+00 5.461140e+00 3.658810e+00 4.455818e-01 6.4592e-03 1.0832e-02 +1.9635e-05 0.05777 3.52191e-02 7.48340e-02 1.65797e-01 0.00000e+00
0.981748 1.22392732e-01 1.22036807e-01 2.44429539e-01 1.37468933e-04 1.07823983e+00 2.40986624e+00 6.97621214e-03 9.970919e-01 2.235000e+00 6.137632e+00 3.926225e+00 4.072195e-01 7.4209e-03 1.2394e-02 +6.5645e-06 0.05838 3.49006e-02 7.51839e-02 1.68087e-01 0.00000e+00
1.030835 1.22482772e-01 1.21602418e-01 2.44085190e-01 1.57062791e-04 1.15435079e+00 2.52754464e+00 7.36379087e-03 9.928124e-01 2.189581e+00 6.889202e+00 4.211209e+00 4.386854e-01 8.5010e-03 1.4080e-02 -3.4426e-05 0.05870 3.45678e-02 7.56419e-02 1.70458e-01 0.00000e+00
1.079922 1.22559807e-01 1.21194682e-01 2.43754489e-01 1.77876290e-04 1.23637647e+00 2.65718329e+00 7.78711954e-03 9.888616e-01 2.149170e+00 7.746143e+00 4.521951e+00 4.571578e-01 9.7274e-03 1.5900e-02 -2.0800e-05 0.05959 3.43411e-02 7.64613e-02 1.73432e-01 0.00000e+00
1.129010 1.22695804e-01 1.20632578e-01 2.43328382e-01 2.00003080e-04 1.32344846e+00 2.79510490e+00 8.23710671e-03 9.831842e-01 2.111986e+00 8.663968e+00 4.903555e+00 4.577512e-01 1.1121e-02 1.7848e-02 -3.2131e-05 0.06076 3.41157e-02 7.73798e-02 1.76372e-01 0.00000e+00
1.178097 1.22793356e-01 1.20042208e-01 2.42835564e-01 2.23300384e-04 1.41611769e+00 2.94577768e+00 8.72379075e-03 9.775953e-01 2.080179e+00 9.663317e+00 5.323548e+00 5.043565e-01 1.2750e-02 1.9999e-02 -9.8858e-06 0.06126 3.39610e-02 7.85489e-02 1.79585e-01 0.00000e+00
1.227185 1.22944125e-01 1.19402897e-01 2.42347022e-01 2.47736090e-04 1.51449455e+00 3.10820006e+00 9.24538922e-03 9.711964e-01 2.052302e+00 1.073237e+01 5.762562e+00 4.649728e-01 1.4660e-02 2.2387e-02 +2.2725e-05 0.06169 3.38364e-02 7.98351e-02 1.82766e-01 0.00000e+00
1.276272 1.23302215e-01 1.18562535e-01 2.41864751e-01 2.73759843e-04 1.61746739e+00 3.27660616e+00 9.78814711e-03 9.615605e-01 2.025763e+00 1.180408e+01 6.254318e+00 4.436454e-01 1.6899e-02 2.5045e-02 -1.5963e-05 0.06169 3.36342e-02 8.09468e-02 1.85285e-01 0.00000e+00
1.325359 1.23681684e-01 1.17688401e-01 2.41370085e-01 3.01385392e-04 1.72492282e+00 3.45880036e+00 1.03674464e-02 9.515427e-01 2.005191e+00 1.290575e+01 6.743759e+00 4.832360e-01 1.9563e-02 2.8071e-02 -2.7511e-05 0.06219 3.34724e-02 8.21451e-02 1.87694e-01 0.00000e+00
1.374447 1.24022786e-01 1.16764050e-01 2.40786836e-01 3.31261814e-04 1.83554593e+00 3.65491199e+00 1.09809158e-02 9.414726e-01 1.991185e+00 1.399310e+01 7.207276e+00 4.778325e-01 2.2695e-02 3.1459e-02 -2.2206e-05 0.06330 3.33358e-02 8.33510e-02 1.89840e-01 0.00000e+00
1.423534 1.24363034e-01 1.15754748e-01 2.40117782e-01 3.64146258e-04 1.94780307e+00 3.86305161e+00 1.16217094e-02 9.307810e-01 1.983287e+00 1.500705e+01 7.640475e+00 4.991755e-01 2.6281e-02 3.5145e-02 -2.4968e-05 0.06376 3.31798e-02 8.44163e-02 1.91460e-01 0.00000e+00
1.472622 1.24664922e-01 1.14740513e-01 2.39405436e-01 4.00649998e-04 2.06104212e+00 4.08731311e+00 1.22967105e-02 9.203913e-01 1.983129e+00 1.597864e+01 8.008490e+00 5.098990e-01 3.0294e-02 3.9088e-02 +1.3816e-05 0.06354 3.30504e-02 8.54333e-02 1.92825e-01 0.00000e+00
1.521709 1.25058208e-01 1.13613765e-01 2.38671973e-01 4.41657364e-04 2.17335640e+00 4.31950676e+00 1.29857263e-02 9.084871e-01 1.987482e+00 1.682361e+01 8.318874e+00 4.711334e-01 3.4610e-02 4.3123e-02 +1.0688e-05 0.06311 3.28376e-02 8.60812e-02 1.93354e-01 0.00000e+00
1.570796 1.25502820e-01 1.12407950e-01 2.37910771e-01 4.87746908e-04 2.28320849e+00 4.56006458e+00 1.36865461e-02 8.956608e-01 1.997218e+00 1.753040e+01 8.523614e+00 4.953834e-01 3.9161e-02 4.7121e-02 -2.2218e-05 0.06285 3.25485e-02 8.63632e-02 1.93134e-01 0.00000e+00
1.619884 1.25860630e-01 1.11216224e-01 2.37076854e-01 5.39448937e-04 2.38941152e+00 4.81422823e+00 1.44072795e-02 8.836459e-01 2.014818e+00 1.812772e+01 8.651252e+00 4.998016e-01 4.3903e-02 5.0963e-02 -1.8346e-05 0.06280 3.22494e-02 8.64392e-02 1.92580e-01 0.00000e+00
1.668971 1.26185479e-01 1.09972349e-01 2.36157828e-01 5.97371367e-04 2.48961651e+00 5.07318690e+00 1.51256068e-02 8.715135e-01 2.037738e+00 1.856741e+01 8.643304e+00 4.755936e-01 4.8745e-02 5.4458e-02 -2.1266e-05 0.06248 3.19027e-02 8.61898e-02 1.91545e-01 0.00000e+00
1.718058 1.26416408e-01 1.08719401e-01 2.35135808e-01 6.61853138e-04 2.58363519e+00 5.33734319e+00 1.58419568e-02 8.600102e-01 2.065827e+00 1.887896e+01 8.519600e+00 4.895037e-01 5.3709e-02 5.7541e-02 -3.5954e-06 0.06196 3.15352e-02 8.56957e-02 1.90253e-01 0.00000e+00
1.767146 1.26599019e-01 1.07458137e-01 2.34057156e-01 7.33477747e-04 2.67206974e+00 5.60147639e+00 1.65470923e-02 8.488070e-01 2.096306e+00 1.906489e+01 8.353464e+00 4.634242e-01 5.8801e-02 6.0159e-02 +2.3594e-05 0.06089 3.11345e-02 8.49440e-02 1.88711e-01 0.00000e+00
1.816233 1.26863507e-01 1.06116223e-01 2.32979730e-01 8.12898657e-04 2.75520096e+00 5.85199073e+00 1.72143834e-02 8.364598e-01 2.123980e+00 1.907774e+01 8.558505e+00 4.315309e-01 6.3959e-02 6.2266e-02 -1.2444e-06 0.05953 3.06522e-02 8.38224e-02 1.86710e-01 0.00000e+00
1.865321 1.27086750e-01 1.04763501e-01 2.31850250e-01 9.00134001e-04 2.83404747e+00 6.09083616e+00 1.78497673e-02 8.243464e-01 2.149165e+00 1.899186e+01 8.813263e+00 4.327791e-01 6.9199e-02 6.3955e-02 -1.6530e-05 0.05851 3.01693e-02 8.25660e-02 1.84738e-01 0.00000e+00
1.914408 1.27224415e-01 1.03403874e-01 2.30628289e-01 9.95617196e-04 2.90974206e+00 6.31231163e+00 1.84441074e-02 8.127675e-01 2.169372e+00 1.880407e+01 9.118508e+00 4.105754e-01 7.4411e-02 6.5236e-02 -1.3487e-05 0.05757 2.97118e-02 8.12690e-02 1.83012e-01 0.00000e+00
1.963495 1.27319875e-01 1.02014347e-01 2.29334222e-01 1.09954803e-03 2.98367936e+00 6.50822084e+00 1.89838004e-02 8.012445e-01 2.181274e+00 1.906784e+01 9.476800e+00 4.092178e-01 7.9443e-02 6.6167e-02 -1.1278e-05 0.05676 2.92783e-02 7.99541e-02 1.81589e-01 0.00000e+00
2.012583 1.27338359e-01 1.00629799e-01 2.27968158e-01 1.21185793e-03 3.05786840e+00 6.67943966e+00 1.94746161e-02 7.902552e-01 2.184345e+00 1.960938e+01 9.937716e+00 4.143116e-01 8.4158e-02 6.6907e-02 +1.7715e-05 0.05538 2.89034e-02 7.87433e-02 1.80733e-01 0.00000e+00
2.061670 1.27411258e-01 9.91939042e-02 2.26605162e-01 1.33311920e-03 3.13355877e+00 6.81579140e+00 1.98987003e-02 7.785333e-01 2.175096e+00 1.981134e+01 1.052588e+01 3.999313e-01 8.8297e-02 6.7539e-02 +1.9836e-05 0.05373 2.85510e-02 7.75525e-02 1.80258e-01 0.00000e+00
2.110758 1.27544303e-01 9.77095842e-02 2.25253888e-01 1.46382966e-03 3.21172323e+00 6.91734262e+00 2.02581317e-02 7.660835e-01 2.153779e+00 1.981362e+01 1.123344e+01 4.192809e-01 9.1669e-02 6.8174e-02 -6.6996e-06 0.05294 2.82187e-02 7.64024e-02 1.80254e-01 0.00000e+00
2.159845 1.27623041e-01 9.62362523e-02 2.23859294e-01 1.60494354e-03 3.29247428e+00 6.99340800e+00 2.05717646e-02 7.540664e-01 2.124059e+00 1.994169e+01 1.205297e+01 4.419080e-01 9.4169e-02 6.8910e-02 -9.7645e-06 0.05227 2.79519e-02 7.54454e-02 1.81149e-01 0.00000e+00
2.208932 1.27674253e-01 9.47388029e-02 2.22413056e-01 1.75804774e-03 3.37427435e+00 7.04268751e+00 2.08339237e-02 7.420353e-01 2.087171e+00 2.017801e+01 1.289044e+01 4.478301e-01 9.5657e-02 6.9724e-02 -9.6442e-06 0.05221 2.77345e-02 7.46551e-02 1.82910e-01 0.00000e+00
2.258020 1.27675096e-01 9.32304759e-02 2.20905572e-01 1.92361600e-03 3.45569885e+00 7.07165589e+00 2.10547095e-02 7.302166e-01 2.046375e+00 2.014448e+01 1.370882e+01 4.721428e-01 9.6146e-02 7.0624e-02 +4.9199e-06 0.05325 2.75795e-02 7.40975e-02 1.85599e-01 0.00000e+00
2.307107 1.27652280e-01 9.17244078e-02 2.19376687e-01 2.10144063e-03 3.53592715e+00 7.08469367e+00 2.12412416e-02 7.185489e-01 2.003631e+00 2.000185e+01 1.447205e+01 4.853625e-01 9.5749e-02 7.1596e-02 +2.6547e-05 0.05397 2.74823e-02 7.38135e-02 1.89008e-01 0.00000e+00
2.356194 1.27719407e-01 9.01857828e-02 2.17905190e-01 2.29005484e-03 3.61376778e+00 7.07964452e+00 2.13868246e-02 7.061243e-01 1.959076e+00 1.979573e+01 1.511694e+01 4.913391e-01 9.4631e-02 7.2598e-02 +9.9782e-06 0.05461 2.74086e-02 7.37645e-02 1.92528e-01 0.00000e+00
2.405282 1.27778617e-01 8.86513592e-02 2.16429977e-01 2.48650550e-03 3.68732380e+00 7.06527592e+00 2.15051994e-02 6.937887e-01 1.916099e+00 1.965185e+01 1.558887e+01 4.979574e-01 9.3052e-02 7.3526e-02 -6.9651e-06 0.05526 2.74010e-02 7.41260e-02 1.96190e-01 0.00000e+00
2.454369 1.27775790e-01 8.71252068e-02 2.14900997e-01 2.68770324e-03 3.75458740e+00 7.04569440e+00 2.16005636e-02 6.818601e-01 1.876556e+00 1.937390e+01 1.582297e+01 4.819895e-01 9.1234e-02 7.4190e-02 -7.1921e-06 0.05584 2.74834e-02 7.49936e-02 1.99915e-01 0.00000e+00
2.503457 1.27729736e-01 8.55914750e-02 2.13321211e-01 2.89056921e-03 3.81535127e+00 7.02079390e+00 2.16722903e-02 6.700983e-01 1.840144e+00 1.906718e+01 1.591257e+01 4.694381e-01 8.9341e-02 7.4486e-02 -3.4799e-06 0.05630 2.76332e-02 7.63010e-02 2.03346e-01 0.00000e+00
2.552544 1.27620741e-01 8.40814732e-02 2.11702214e-01 3.09230543e-03 3.87147892e+00 6.99468747e+00 2.17323328e-02 6.588386e-01 1.806722e+00 1.879853e+01 1.585530e+01 4.616266e-01 8.7495e-02 7.4447e-02 +1.8414e-05 0.05655 2.78371e-02 7.79811e-02 2.06361e-01 0.00000e+00
2.601631 1.27544546e-01 8.25724582e-02 2.10117004e-01 3.29100457e-03 3.92483961e+00 6.96257378e+00 2.17748268e-02 6.474009e-01 1.773977e+00 1.833893e+01 1.564062e+01 4.421913e-01 8.5706e-02 7.4153e-02 +2.2564e-05 0.05647 2.80303e-02 7.97549e-02 2.08492e-01 0.00000e+00
2.650719 1.27524387e-01 8.10589699e-02 2.08583357e-01 3.48537567e-03 3.97677173e+00 6.92302840e+00 2.17996003e-02 6.356350e-01 1.740866e+00 1.806109e+01 1.550300e+01 4.340905e-01 8.3971e-02 7.3702e-02 +9.7503e-07 0.05657 2.81760e-02 8.14178e-02 2.09622e-01 0.00000e+00
2.699806 1.27451613e-01 7.95736434e-02 2.07025256e-01 3.67496055e-03 4.02768692e+00 6.88123913e+00 2.18178521e-02 6.243439e-01 1.708484e+00 1.784216e+01 1.520865e+01 4.323540e-01 8.2299e-02 7.3173e-02 -6.7095e-06 0.05655 2.82880e-02 8.29573e-02 2.10095e-01 0.00000e+00
2.748894 1.27330731e-01 7.80995737e-02 2.05430305e-01 3.85999697e-03 4.07722917e+00 6.83611482e+00 2.18266880e-02 6.133600e-01 1.676657e+00 1.746738e+01 1.504115e+01 4.300498e-01 8.0701e-02 7.2630e-02 -5.9063e-06 0.05759 2.83439e-02 8.42252e-02 2.09867e-01 0.00000e+00
2.797981 1.27144895e-01 7.66419686e-02 2.03786863e-01 4.04002932e-03 4.12488765e+00 6.78852395e+00 2.18268232e-02 6.027923e-01 1.645748e+00 1.739004e+01 1.484342e+01 4.367124e-01 7.9209e-02 7.2121e-02 +6.6707e-06 0.05884 2.83408e-02 8.51546e-02 2.09052e-01 0.00000e+00
2.847068 1.26920969e-01 7.52126384e-02 2.02133607e-01 4.21448437e-03 4.17087610e+00 6.73948373e+00 2.18207197e-02 5.925943e-01 1.615844e+00 1.753887e+01 1.453098e+01 4.466655e-01 7.7885e-02 7.1673e-02 +2.4297e-05 0.05957 2.82691e-02 8.56733e-02 2.07672e-01 0.00000e+00
2.896156 1.26750089e-01 7.37995908e-02 2.00549680e-01 4.38221439e-03 4.21568922e+00 6.68772412e+00 2.18068267e-02 5.822449e-01 1.586389e+00 1.752581e+01 1.430438e+01 4.598791e-01 7.6810e-02 7.1314e-02 +1.3706e-05 0.06070 2.80953e-02 8.56346e-02 2.05507e-01 0.00000e+00
2.945243 1.26565556e-01 7.24254621e-02 1.98991018e-01 4.54207588e-03 4.25840411e+00 6.63852863e+00 2.17938655e-02 5.722367e-01 1.558924e+00 1.740828e+01 1.413557e+01 4.728327e-01 7.6053e-02 7.1065e-02 -2.4829e-06 0.06169 2.78495e-02 8.51461e-02 2.02855e-01 0.00000e+00
2.994330 1.26298415e-01 7.10919752e-02 1.97390390e-01 4.69372199e-03 4.29693566e+00 6.59561209e+00 2.17850955e-02 5.628889e-01 1.534957e+00 1.720692e+01 1.384252e+01 4.782735e-01 7.5637e-02 7.0944e-02 -4.6867e-06 0.06294 2.75633e-02 8.43274e-02 1.99999e-01 0.00000e+00
3.043418 1.25960155e-01 6.97870422e-02 1.95747197e-01 4.83694709e-03 4.32996745e+00 6.55999967e+00 2.17799342e-02 5.540406e-01 1.515023e+00 1.689842e+01 1.341405e+01 4.833292e-01 7.5547e-02 7.0960e-02 +3.1924e-07 0.06379 2.72413e-02 8.32076e-02 1.96984e-01 0.00000e+00
3.092505 1.25534845e-01 6.85347287e-02 1.94069574e-01 4.97242320e-03 4.35766032e+00 6.53550397e+00 2.17863286e-02 5.459419e-01 1.499774e+00 1.657734e+01 1.304791e+01 4.911948e-01 7.5780e-02 7.1100e-02 +1.8419e-05 0.06433 2.68950e-02 8.18634e-02 1.93932e-01 0.00000e+00
3.141593 1.25100045e-01 6.73332757e-02 1.92433321e-01 5.10091188e-03 4.38041639e+00 6.52154127e+00 2.18039153e-02 5.382354e-01 1.488795e+00 1.682728e+01 1.270988e+01 4.953833e-01 7.6314e-02 7.1331e-02 +2.4209e-05 0.06491 2.65072e-02 8.02634e-02 1.90704e-01 0.00000e+00
3.190680 1.24678643e-01 6.61766065e-02 1.90855249e-01 5.22380260e-03 4.39773843e+00 6.51809488e+00 2.18316666e-02 5.307774e-01 1.482147e+00 1.662409e+01 1.231724e+01 4.951610e-01 7.7126e-02 7.1583e-02 +7.7591e-06 0.06529 2.60807e-02 7.84540e-02 1.87328e-01 0.00000e+00
3.239767 1.24177859e-01 6.50764986e-02 1.89254358e-01 5.34279649e-03 4.40865537e+00 6.52895489e+00 2.18752205e-02 5.240588e-01 1.480940e+00 1.640935e+01 1.198024e+01 4.916380e-01 7.8267e-02 7.1784e-02 -1.5226e-06 0.06525 2.56531e-02 7.66095e-02 1.84144e-01 0.00000e+00
3.288855 1.23591492e-01 6.40241347e-02 1.87615627e-01 5.45957657e-03 4.41303603e+00 6.55483600e+00 2.19357440e-02 5.180303e-01 1.485335e+00 1.715669e+01 1.182400e+01 4.865202e-01 7.9831e-02 7.1858e-02 -5.6726e-07 0.06566 2.52358e-02 7.48000e-02 1.81266e-01 0.00000e+00
3.337942 1.22919226e-01 6.30190594e-02 1.85938285e-01 5.57546107e-03 4.41147473e+00 6.59518792e+00 2.20133253e-02 5.126868e-01 1.495008e+00 1.809205e+01 1.191476e+01 4.816963e-01 8.1955e-02 7.1787e-02 +1.0829e-05 0.06556 2.48421e-02 7.31000e-02 1.78814e-01 0.00000e+00
3.387030 1.22179085e-01 6.20647869e-02 1.84243872e-01 5.69153753e-03 4.40510181e+00 6.64748682e+00 2.21051773e-02 5.079821e-01 1.509043e+00 1.890233e+01 1.206365e+01 4.767507e-01 8.4736e-02 7.1606e-02 +2.5920e-05 0.06588 2.44811e-02 7.15690e-02 1.76851e-01 0.00000e+00
3.436117 1.21451973e-01 6.11505516e-02 1.82602524e-01 5.80802841e-03 4.39534968e+00 6.70668995e+00 2.22040793e-02 5.034957e-01 1.525860e+00 1.954466e+01 1.209258e+01 4.722253e-01 8.8175e-02 7.1373e-02 +1.9410e-05 0.06613 2.41452e-02 7.02018e-02 1.75251e-01 0.00000e+00
3.485204 1.20696544e-01 6.02813019e-02 1.80977846e-01 5.92448962e-03 4.38292140e+00 6.77180082e+00 2.23094444e-02 4.994451e-01 1.545043e+00 2.005306e+01 1.211092e+01 4.691315e-01 9.2161e-02 7.1177e-02 +4.3859e-06 0.06607 2.38599e-02 6.91120e-02 1.74157e-01 0.00000e+00
3.534292 1.19858679e-01 5.94531552e-02 1.79311834e-01 6.03959088e-03 4.36778497e+00 6.84200241e+00 2.24195748e-02 4.960271e-01 1.566470e+00 2.042765e+01 1.211356e+01 4.630588e-01 9.6479e-02 7.1088e-02 +2.9453e-07 0.06641 2.36576e-02 6.84287e-02 1.73730e-01 0.00000e+00
3.583379 1.18954208e-01 5.86513755e-02 1.77605584e-01 6.15091989e-03 4.34985069e+00 6.91438332e+00 2.25284680e-02 4.930584e-01 1.589568e+00 2.054065e+01 1.207865e+01 4.556002e-01 1.0078e-01 7.1182e-02 +5.1529e-06 0.06612 2.35492e-02 6.82017e-02 1.73934e-01 0.00000e+00
3.632467 1.17975023e-01 5.78776088e-02 1.75852631e-01 6.25592663e-03 4.32930179e+00 6.98670763e+00 2.26320188e-02 4.905921e-01 1.613819e+00 2.056245e+01 1.210927e+01 4.510868e-01 1.0475e-01 7.1469e-02 +1.9873e-05 0.06560 2.35390e-02 6.84586e-02 1.74682e-01 0.00000e+00
3.681554 1.16981836e-01 5.71289738e-02 1.74110810e-01 6.35239142e-03 4.30642147e+00 7.05571852e+00 2.27242800e-02 4.883576e-01 1.638418e+00 2.036521e+01 1.215048e+01 4.458286e-01 1.0811e-01 7.1993e-02 +2.5619e-05 0.06423 2.36029e-02 6.91155e-02 1.75676e-01 0.00000e+00
3.730641 1.16009361e-01 5.63965584e-02 1.72405920e-01 6.43886990e-03 4.28060943e+00 7.11867164e+00 2.27985621e-02 4.861380e-01 1.663004e+00 2.016092e+01 1.211343e+01 4.382260e-01 1.1073e-01 7.2787e-02 +1.2519e-05 0.06291 2.37224e-02 7.00986e-02 1.76717e-01 0.00000e+00
3.779729 1.14991808e-01 5.56753147e-02 1.70667122e-01 6.51548803e-03 4.25078517e+00 7.17519422e+00 2.28519588e-02 4.841677e-01 1.687969e+00 1.995090e+01 1.230810e+01 4.272017e-01 1.1262e-01 7.3870e-02 +2.0134e-06 0.06135 2.39080e-02 7.14384e-02 1.77890e-01 0.00000e+00
3.828816 1.13925557e-01 5.49530976e-02 1.68878655e-01 6.58228744e-03 4.21634346e+00 7.22350139e+00 2.28796897e-02 4.823597e-01 1.713215e+00 1.972875e+01 1.230414e+01 4.130334e-01 1.1383e-01 7.5247e-02 +1.7144e-06 0.05979 2.41582e-02 7.31119e-02 1.79167e-01 0.00000e+00
3.877903 1.12820263e-01 5.42246884e-02 1.67044951e-01 6.64027085e-03 4.17757874e+00 7.26075769e+00 2.28766729e-02 4.806290e-01 1.738030e+00 1.993639e+01 1.216501e+01 4.013404e-01 1.1440e-01 7.6890e-02 +1.1361e-05 0.05765 2.44577e-02 7.50375e-02 1.80407e-01 0.00000e+00
3.926991 1.11691301e-01 5.34893639e-02 1.65180665e-01 6.69154244e-03 4.13559529e+00 7.28340529e+00 2.28380012e-02 4.789036e-01 1.761150e+00 1.966336e+01 1.184603e+01 3.890826e-01 1.1437e-01 7.8793e-02 +2.4068e-05 0.05530 2.47739e-02 7.70529e-02 1.81418e-01 0.00000e+00
3.976078 1.10608168e-01 5.27396478e-02 1.63347815e-01 6.73870176e-03 4.09163284e+00 7.28761868e+00 2.27585030e-02 4.768151e-01 1.781103e+00 2.003524e+01 1.168345e+01 3.748747e-01 1.1377e-01 8.1067e-02 +2.0014e-05 0.05252 2.50550e-02 7.89036e-02 1.81967e-01 0.00000e+00
4.025166 1.09549384e-01 5.19756041e-02 1.61524988e-01 6.78376243e-03 4.04650637e+00 7.27332706e+00 2.26396669e-02 4.744491e-01 1.797434e+00 1.955288e+01 1.166054e+01 3.632528e-01 1.1272e-01 8.3869e-02 +6.4340e-06 0.05168 2.52710e-02 8.04168e-02 1.82069e-01 0.00000e+00
4.074253 1.08472389e-01 5.11985755e-02 1.59670964e-01 6.82781652e-03 4.00084942e+00 7.24238075e+00 2.24864603e-02 4.719964e-01 1.810211e+00 1.944638e+01 1.149397e+01 3.509635e-01 1.1143e-01 8.7393e-02 +1.0491e-06 0.05112 2.54040e-02 8.14626e-02 1.81839e-01 0.00000e+00
4.123340 1.07391446e-01 5.04052342e-02 1.57796680e-01 6.87191813e-03 3.95543899e+00 7.19507085e+00 2.23010197e-02 4.693599e-01 1.819032e+00 1.937000e+01 1.122459e+01 3.376962e-01 1.1010e-01 9.1684e-02 +5.4472e-06 0.05043 2.54268e-02 8.18799e-02 1.81297e-01 0.00000e+00
4.172428 1.06300580e-01 4.95992003e-02 1.55899781e-01 6.91683492e-03 3.91124658e+00 7.13110170e+00 2.20846966e-02 4.665939e-01 1.823230e+00 1.846170e+01 1.128470e+01 3.263355e-01 1.0888e-01 9.6540e-02 +1.8172e-05 0.05038 2.53188e-02 8.15507e-02 1.80441e-01 0.00000e+00
4.221515 1.05237985e-01 4.87855350e-02 1.54023520e-01 6.96203032e-03 3.86919455e+00 7.05046991e+00 2.18393289e-02 4.635734e-01 1.822206e+00 1.799152e+01 1.123215e+01 3.151990e-01 1.0781e-01 1.0158e-01 +2.4328e-05 0.05029 2.50615e-02 8.03956e-02 1.79187e-01 0.00000e+00
4.270603 1.04235248e-01 4.79679062e-02 1.52203155e-01 7.00627734e-03 3.82966065e+00 6.95523547e+00 2.15697923e-02 4.601889e-01 1.816149e+00 1.776368e+01 1.108068e+01 3.052114e-01 1.0685e-01 1.0643e-01 +1.4566e-05 0.04976 2.46640e-02 7.84842e-02 1.77530e-01 0.00000e+00
4.319690 1.03239698e-01 4.71499799e-02 1.50389678e-01 7.04895536e-03 3.79229873e+00 6.84976214e+00 2.12841217e-02 4.567040e-01 1.806230e+00 1.669144e+01 1.086573e+01 2.947931e-01 1.0600e-01 1.1086e-01 +4.5290e-06 0.04894 2.41832e-02 7.61020e-02 1.75661e-01 0.00000e+00
4.368777 1.02239655e-01 4.63321087e-02 1.48571763e-01 7.09048604e-03 3.75649419e+00 6.73854983e+00 2.09900881e-02 4.531716e-01 1.793840e+00 1.558738e+01 1.062551e+01 2.831930e-01 1.0524e-01 1.1470e-01 +3.8921e-06 0.04841 2.36896e-02 7.36158e-02 1.73713e-01 0.00000e+00
4.417865 1.01236897e-01 4.55212218e-02 1.46758119e-01 7.13215967e-03 3.72208559e+00 6.62655583e+00 2.06972828e-02 4.496505e-01 1.780334e+00 1.528732e+01 1.048664e+01 2.752942e-01 1.0457e-01 1.1764e-01 +1.2729e-05 0.04784 2.32487e-02 7.13911e-02 1.71768e-01 0.00000e+00
4.466952 1.00232360e-01 4.47300345e-02 1.44962395e-01 7.17561061e-03 3.68940098e+00 6.51843511e+00 2.04156722e-02 4.462634e-01 1.766800e+00 1.485985e+01 1.037653e+01 2.687763e-01 1.0396e-01 1.1951e-01 +2.4169e-05 0.04793 2.29040e-02 6.96907e-02 1.69937e-01 0.00000e+00
4.516039 9.92718777e-02 4.39650230e-02 1.43236901e-01 7.22163485e-03 3.65857722e+00 6.41657455e+00 2.01503035e-02 4.428749e-01 1.753844e+00 1.409824e+01 1.018001e+01 2.612054e-01 1.0344e-01 1.2056e-01 +2.2355e-05 0.04763 2.26603e-02 6.85671e-02 1.68370e-01 0.00000e+00
4.565127 9.83403714e-02 4.32292101e-02 1.41569581e-01 7.27004707e-03 3.62940779e+00 6.32194107e+00 1.99026977e-02 4.395876e-01 1.741866e+00 1.368417e+01 9.975454e+00 2.570605e-01 1.0301e-01 1.2123e-01 +1.0698e-05 0.04770 2.25023e-02 6.79280e-02 1.67299e-01 0.00000e+00
4.614214 9.73946271e-02 4.25226308e-02 1.39917258e-01 7.32003771e-03 3.60158659e+00 6.23429022e+00 1.96717536e-02 4.366014e-01 1.730984e+00 1.457380e+01 9.864962e+00 2.562613e-01 1.0271e-01 1.2178e-01 +4.5198e-06 0.04757 2.24098e-02 6.76179e-02 1.66869e-01 0.00000e+00
4.663302 9.64414577e-02 4.18410132e-02 1.38282471e-01 7.37059486e-03 3.57492649e+00 6.15177394e+00 1.94534008e-02 4.338488e-01 1.720811e+00 1.537960e+01 9.708639e+00 2.568118e-01 1.0253e-01 1.2214e-01 +7.9963e-06 0.04763 2.23633e-02 6.74871e-02 1.67003e-01 0.00000e+00
4.712389 9.54740148e-02 4.11812012e-02 1.36655216e-01 7.42115273e-03 3.54959868e+00 6.07220297e+00 1.92436033e-02 4.313341e-01 1.710673e+00 1.610517e+01 9.491813e+00 2.573715e-01 1.0247e-01 1.2210e-01 +1.8932e-05 0.04762 2.23548e-02 6.74676e-02 1.67521e-01 0.00000e+00
4.761476 9.45170166e-02 4.05403213e-02 1.35057338e-01 7.47168879e-03 3.52588783e+00 5.99357616e+00 1.90389280e-02 4.289209e-01 1.699877e+00 1.672579e+01 9.383169e+00 2.563383e-01 1.0253e-01 1.2149e-01 +2.4870e-05 0.04710 2.23810e-02 6.75429e-02 1.68198e-01 0.00000e+00
4.810564 9.35979261e-02 3.99162112e-02 1.33514137e-01 7.52230273e-03 3.50382951e+00 5.91463243e+00 1.88369239e-02 4.264647e-01 1.688048e+00 1.720350e+01 9.180889e+00 2.571827e-01 1.0274e-01 1.2032e-01 +1.7178e-05 0.04613 2.24457e-02 6.77363e-02 1.68899e-01 0.00000e+00
4.859651 9.26798567e-02 3.93082691e-02 1.31988126e-01 7.57295842e-03 3.48314598e+00 5.83480994e+00 1.86359118e-02 4.241296e-01 1.675155e+00 1.758468e+01 9.118737e+00 2.607046e-01 1.0309e-01 1.1876e-01 +7.3463e-06 0.04760 2.25647e-02 6.81064e-02 1.69667e-01 0.00000e+00
4.908739 9.17514172e-02 3.87138583e-02 1.30465275e-01 7.62358554e-03 3.46329566e+00 5.75304092e+00 1.84326732e-02 4.219429e-01 1.661146e+00 1.780841e+01 9.121142e+00 2.638357e-01 1.0358e-01 1.1710e-01 +5.7045e-06 0.04887 2.27458e-02 6.86640e-02 1.70551e-01 0.00000e+00
4.957826 9.08178898e-02 3.81320840e-02 1.28949974e-01 7.67434619e-03 3.44377419e+00 5.66837576e+00 1.82242999e-02 4.198741e-01 1.645978e+00 1.786227e+01 9.277130e+00 2.674929e-01 1.0414e-01 1.1558e-01 +1.3101e-05 0.04992 2.29838e-02 6.93562e-02 1.71511e-01 0.00000e+00
5.006913 8.98758930e-02 3.75651225e-02 1.27441015e-01 7.72570308e-03 3.42423316e+00 5.58066048e+00 1.80097873e-02 4.179666e-01 1.629755e+00 1.774720e+01 9.695939e+00 2.705440e-01 1.0471e-01 1.1441e-01 +2.3054e-05 0.05095 2.32661e-02 7.00954e-02 1.72435e-01 0.00000e+00
5.056001 8.89605906e-02 3.70131839e-02 1.25973775e-01 7.77819581e-03 3.40421290e+00 5.49016901e+00 1.77887638e-02 4.160627e-01 1.612757e+00 1.746585e+01 1.005101e+01 2.716838e-01 1.0522e-01 1.1369e-01 +2.2519e-05 0.05165 2.35795e-02 7.07950e-02 1.73186e-01 0.00000e+00
5.105088 8.80667460e-02 3.64759802e-02 1.24542726e-01 7.83221686e-03 3.38310697e+00 5.39808426e+00 1.75623825e-02 4.141856e-01 1.595600e+00 1.702886e+01 1.030879e+01 2.741681e-01 1.0561e-01 1.1340e-01 +1.2485e-05 0.05174 2.39295e-02 7.14465e-02 1.73778e-01 0.00000e+00
5.154175 8.71619366e-02 3.59541121e-02 1.23116049e-01 7.88786072e-03 3.36029613e+00 5.30631901e+00 1.73332303e-02 4.124979e-01 1.579122e+00 1.735270e+01 1.043850e+01 2.783215e-01 1.0585e-01 1.1342e-01 +5.7921e-06 0.05147 2.43354e-02 7.21010e-02 1.74331e-01 0.00000e+00
5.203263 8.62518220e-02 3.54480766e-02 1.21699899e-01 7.94490706e-03 3.33534156e+00 5.21677889e+00 1.71042409e-02 4.109835e-01 1.564091e+00 1.768820e+01 1.042088e+01 2.829557e-01 1.0589e-01 1.1361e-01 +8.0967e-06 0.05067 2.48082e-02 7.27971e-02 1.74936e-01 0.00000e+00
5.252350 8.53327472e-02 3.49584689e-02 1.20291216e-01 8.00299454e-03 3.30821423e+00 5.13114755e+00 1.68787236e-02 4.096724e-01 1.551032e+00 1.804984e+01 1.024508e+01 2.866300e-01 1.0573e-01 1.1385e-01 +1.7283e-05 0.04975 2.53468e-02 7.35502e-02 1.75643e-01 0.00000e+00
5.301438 8.44193935e-02 3.44837424e-02 1.18903136e-01 8.06155176e-03 3.27917208e+00 5.05037175e+00 1.66590877e-02 4.084813e-01 1.540136e+00 1.842444e+01 1.014755e+01 2.871470e-01 1.0535e-01 1.1401e-01 +2.2671e-05 0.04876 2.59366e-02 7.43492e-02 1.76457e-01 0.00000e+00
5.350525 8.35373777e-02 3.40210228e-02 1.17558401e-01 8.11953055e-03 3.24856036e+00 4.97470939e+00 1.64465395e-02 4.072551e-01 1.531358e+00 1.866309e+01 1.053686e+01 2.882827e-01 1.0474e-01 1.1401e-01 +1.6273e-05 0.04770 2.65594e-02 7.51869e-02 1.77397e-01 0.00000e+00
5.399612 8.26616064e-02 3.35690363e-02 1.16230643e-01 8.17565689e-03 3.21677672e+00 4.90409924e+00 1.62417519e-02 4.061019e-01 1.524538e+00 1.880801e+01 1.080089e+01 2.929489e-01 1.0393e-01 1.1383e-01 +6.4242e-06 0.04665 2.72072e-02 7.60937e-02 1.78562e-01 0.00000e+00
5.448700 8.17833740e-02 3.31262539e-02 1.14909628e-01 8.22890911e-03 3.18420807e+00 4.83778064e+00 1.60439774e-02 4.050488e-01 1.519304e+00 1.874078e+01 1.092106e+01 2.983501e-01 1.0294e-01 1.1357e-01 +3.3273e-06 0.04547 2.78729e-02 7.70997e-02 1.80029e-01 0.00000e+00
5.497787 8.09102294e-02 3.26903723e-02 1.13600602e-01 8.27851064e-03 3.15127418e+00 4.77450317e+00 1.58515547e-02 4.040326e-01 1.515102e+00 1.861712e+01 1.086026e+01 3.034591e-01 1.0182e-01 1.1333e-01 +8.7848e-06 0.04425 2.85415e-02 7.82038e-02 1.81785e-01 0.00000e+00
5.546875 8.00387280e-02 3.22590235e-02 1.12297751e-01 8.32384502e-03 3.11844093e+00 4.71300204e+00 1.56628859e-02 4.030427e-01 1.511333e+00 1.846467e+01 1.056070e+01 3.070842e-01 1.0060e-01 1.1323e-01 +1.6867e-05 0.04356 2.91859e-02 7.93618e-02 1.83698e-01 0.00000e+00
5.595962 7.91943030e-02 3.18294012e-02 1.11023704e-01 8.36458313e-03 3.08611194e+00 4.65203014e+00 1.54762842e-02 4.019153e-01 1.507408e+00 1.818224e+01 1.075149e+01 3.087848e-01 9.9331e-02 1.1331e-01 +1.6528e-05 0.04335 2.97685e-02 8.04902e-02 1.85555e-01 0.00000e+00
5.645049 7.83790016e-02 3.14006077e-02 1.09779609e-01 8.40065788e-03 3.05459562e+00 4.59069048e+00 1.52905722e-02 4.006253e-01 1.502880e+00 1.774527e+01 1.089203e+01 3.115632e-01 9.8060e-02 1.1355e-01 +7.3722e-06 0.04301 3.02637e-02 8.15279e-02 1.87220e-01 0.00000e+00
5.694137 7.75687419e-02 3.09738271e-02 1.08542569e-01 8.43215338e-03 3.02411176e+00 4.52828317e+00 1.51047899e-02 3.993081e-01 1.497393e+00 1.712276e+01 1.085313e+01 3.153185e-01 9.6832e-02 1.1382e-01 +7.7059e-08 0.04244 3.06571e-02 8.24402e-02 1.88663e-01 0.00000e+00
5.743224 7.67685393e-02 3.05498573e-02 1.07318397e-01 8.45928105e-03 2.99483939e+00 4.46382269e+00 1.49173242e-02 3.979476e-01 1.490505e+00 1.628174e+01 1.077765e+01 3.182347e-01 9.5662e-02 1.1390e-01 +1.0166e-06 0.04194 3.09217e-02 8.31594e-02 1.89835e-01 0.00000e+00
5.792311 7.59754247e-02 3.01286659e-02 1.06104091e-01 8.48242317e-03 2.96699426e+00 4.39612789e+00 1.47262443e-02 3.965580e-01 1.481677e+00 1.523349e+01 1.131367e+01 3.188542e-01 9.4551e-02 1.1351e-01 +8.6264e-06 0.04160 3.10195e-02 8.35882e-02 1.90631e-01 0.00000e+00
5.841399 7.51957845e-02 2.97090770e-02 1.04904862e-01 8.50198785e-03 2.94080681e+00 4.32396444e+00 1.45295425e-02 3.950897e-01 1.470333e+00 1.416557e+01 1.146221e+01 3.152884e-01 9.3520e-02 1.1252e-01 +1.3743e-05 0.04114 3.09243e-02 8.36523e-02 1.90941e-01 0.00000e+00
5.890486 7.44495725e-02 2.92906868e-02 1.03740259e-01 8.51801371e-03 2.91652384e+00 4.24674806e+00 1.43265438e-02 3.934299e-01 1.456099e+00 1.315862e+01 1.124206e+01 3.100721e-01 9.2618e-02 1.1102e-01 +8.9433e-06 0.04075 3.06552e-02 8.33801e-02 1.90778e-01 0.00000e+00
5.939574 7.37189179e-02 2.88765600e-02 1.02595478e-01 8.52989837e-03 2.89444076e+00 4.16546009e+00 1.41198017e-02 3.917117e-01 1.439124e+00 1.221393e+01 1.125746e+01 3.065893e-01 9.1877e-02 1.0902e-01 +7.5601e-08 0.04012 3.02942e-02 8.29462e-02 1.90380e-01 0.00000e+00
5.988661 7.29934427e-02 2.84708634e-02 1.01464306e-01 8.53666626e-03 2.87481123e+00 4.08229476e+00 1.39142120e-02 3.900469e-01 1.420022e+00 1.126660e+01 1.195662e+01 3.046753e-01 9.1269e-02 1.0634e-01 -3.2908e-06 0.03970 2.99542e-02 8.25934e-02 1.90104e-01 0.00000e+00
6.037748 7.22780128e-02 2.80761026e-02 1.00354115e-01 8.53749263e-03 2.85770860e+00 3.99982210e+00 1.37150614e-02 3.884460e-01 1.399661e+00 1.053752e+01 1.214093e+01 3.040366e-01 9.0740e-02 1.0294e-01 +1.4746e-06 0.04003 2.97299e-02 8.25188e-02 1.90252e-01 0.00000e+00
6.086836 7.15659991e-02 2.76927487e-02 9.92587478e-02 8.53185622e-03 2.84301566e+00 3.92027030e+00 1.35265719e-02 3.869540e-01 1.378913e+00 9.907015e+00 1.170076e+01 3.036786e-01 9.0254e-02 9.9207e-02 +9.0977e-06 0.03998 2.96631e-02 8.28002e-02 1.90955e-01 0.00000e+00
6.135923 7.08726415e-02 2.73198117e-02 9.81924532e-02 8.51944521e-03 2.83052662e+00 3.84488884e+00 1.33508309e-02 3.854775e-01 1.358365e+00 9.779669e+00 1.171865e+01 3.036143e-01 8.9792e-02 9.5791e-02 +9.9315e-06 0.03977 2.97412e-02 8.33938e-02 1.92154e-01 0.00000e+00
6.185011 7.02006965e-02 2.69572742e-02 9.71579707e-02 8.50022422e-03 2.81995064e+00 3.77411564e+00 1.31881325e-02 3.840029e-01 1.338362e+00 9.535915e+00 1.206687e+01 3.068416e-01 8.9331e-02 9.3000e-02 +2.6492e-06 0.03948 2.99305e-02 8.42228e-02 1.93741e-01 0.00000e+00
6.234098 6.95300883e-02 2.66065014e-02 9.61365897e-02 8.47444350e-03 2.81084947e+00 3.70816431e+00 1.30380276e-02 3.826617e-01 1.319233e+00 9.208212e+00 1.184349e+01 3.144147e-01 8.8793e-02 9.0534e-02 -3.9777e-06 0.03960 3.01993e-02 8.52308e-02 1.95638e-01 0.00000e+00
6.283185 6.88627266e-02 2.62680346e-02 9.51307612e-02 8.44248792e-03 2.80270118e+00 3.64721932e+00 1.28998410e-02 3.814550e-01 1.301323e+00 9.322748e+00 1.195251e+01 3.248397e-01 8.8048e-02 8.7924e-02 -3.3687e-06 0.03990 3.05227e-02 8.63680e-02 1.97751e-01 0.00000e+00
6.332273 6.81958432e-02 2.59409104e-02 9.41367536e-02 8.40475887e-03 2.79502882e+00 3.59127454e+00 1.27726067e-02 3.803884e-01 1.284879e+00 9.472070e+00 1.137393e+01 3.359561e-01 8.7025e-02 8.5126e-02 +3.5469e-06 0.04006 3.08891e-02 8.75910e-02 1.99962e-01 0.00000e+00
6.381360 6.75309474e-02 2.56229231e-02 9.31538705e-02 8.36162125e-03 2.78749225e+00 3.53996790e+00 1.26549203e-02 3.794249e-01 1.269947e+00 9.550704e+00 1.182490e+01 3.460760e-01 8.5736e-02 8.2340e-02 +8.8560e-06 0.04002 3.12905e-02 8.88497e-02 2.02141e-01 0.00000e+00
6.430447 6.68843401e-02 2.53121144e-02 9.21964545e-02 8.31353952e-03 2.77980730e+00 3.49289545e+00 1.25454055e-02 3.784461e-01 1.256524e+00 9.806861e+00 1.161850e+01 3.565135e-01 8.4199e-02 7.9495e-02 +5.6997e-06 0.03984 3.17135e-02 9.00900e-02 2.04176e-01 0.00000e+00
6.479535 6.62446408e-02 2.50086928e-02 9.12533335e-02 8.26116703e-03 2.77164308e+00 3.44995984e+00 1.24432058e-02 3.775202e-01 1.244735e+00 1.009324e+01 1.161589e+01 3.687827e-01 8.2457e-02 7.6691e-02 -1.9099e-06 0.03991 3.21580e-02 9.13056e-02 2.06065e-01 0.00000e+00
6.528622 6.56020848e-02 2.47137551e-02 9.03158399e-02 8.20515757e-03 2.76270760e+00 3.41106652e+00 1.23475482e-02 3.767221e-01 1.234682e+00 9.928021e+00 1.145818e+01 3.813937e-01 8.0646e-02 7.4477e-02 -5.3010e-06 0.04026 3.26367e-02 9.25250e-02 2.07868e-01 0.00000e+00
6.577710 6.49613370e-02 2.44272034e-02 8.93885404e-02 8.14604305e-03 2.75275916e+00 3.37585814e+00 1.22572346e-02 3.760268e-01 1.226354e+00 9.637305e+00 1.129967e+01 3.918898e-01 7.8923e-02 7.3192e-02 -1.2163e-06 0.04032 3.31530e-02 9.37492e-02 2.09601e-01 0.00000e+00
6.626797 6.43176745e-02 2.41473210e-02 8.84649955e-02 8.08426476e-03 2.74156994e+00 3.34377268e+00 1.21706852e-02 3.754383e-01 1.219656e+00 9.618885e+00 1.116366e+01 3.983160e-01 7.7416e-02 7.2837e-02 +5.9334e-06 0.04022 3.36982e-02 9.49408e-02 2.11217e-01 0.00000e+00
6.675884 6.36827699e-02 2.38714800e-02 8.75542499e-02 8.02023911e-03 2.72895866e+00 3.31411239e+00 1.20861421e-02 3.748499e-01 1.214424e+00 9.694923e+00 1.126221e+01 4.007570e-01 7.6218e-02 7.3317e-02 +7.6470e-06 0.04044 3.42584e-02 9.60479e-02 2.12643e-01 0.00000e+00
6.724972 6.30619853e-02 2.35984297e-02 8.66604150e-02 7.95433627e-03 2.71479290e+00 3.28636307e+00 1.20023119e-02 3.742101e-01 1.210539e+00 1.081996e+01 1.105663e+01 4.018778e-01 7.5350e-02 7.4350e-02 +1.9192e-06 0.04085 3.48244e-02 9.70457e-02 2.13866e-01 0.00000e+00
6.774059 6.24402943e-02 2.33289462e-02 8.57692405e-02 7.88680388e-03 2.69901432e+00 3.26029648e+00 1.19186216e-02 3.736201e-01 1.207958e+00 1.203550e+01 1.069445e+01 4.035717e-01 7.4769e-02 7.5595e-02 -4.0879e-06 0.04125 3.53945e-02 9.79457e-02 2.14943e-01 0.00000e+00
6.823147 6.18188001e-02 2.30637743e-02 8.48825744e-02 7.81773181e-03 2.68164772e+00 3.23566021e+00 1.18346159e-02 3.730867e-01 1.206594e+00 1.322119e+01 1.082256e+01 4.053663e-01 7.4425e-02 7.6895e-02 -3.8173e-06 0.04159 3.59640e-02 9.87546e-02 2.15920e-01 0.00000e+00
6.872234 6.11974096e-02 2.28023028e-02 8.39997124e-02 7.74711478e-03 2.66276097e+00 3.21197153e+00 1.17494650e-02 3.726024e-01 1.206256e+00 1.428643e+01 1.008034e+01 4.057823e-01 7.4301e-02 7.8336e-02 +2.4333e-06 0.04187 3.65159e-02 9.94443e-02 2.16777e-01 0.00000e+00
6.921321 6.05763873e-02 2.25426429e-02 8.31190302e-02 7.67494917e-03 2.64244712e+00 3.18851552e+00 1.16619253e-02 3.721358e-01 1.206653e+00 1.516346e+01 1.034004e+01 4.039744e-01 7.4420e-02 8.0133e-02 +7.7968e-06 0.04220 3.70220e-02 9.99546e-02 2.17427e-01 0.00000e+00
6.970409 5.99695305e-02 2.22832230e-02 8.22527535e-02 7.60131359e-03 2.62081620e+00 3.16462384e+00 1.15708801e-02 3.715757e-01 1.207496e+00 1.581585e+01 1.009334e+01 4.015620e-01 7.4822e-02 8.2450e-02 +5.9503e-06 0.04235 3.74577e-02 1.00239e-01 2.17799e-01 0.00000e+00
7.019496 5.93703236e-02 2.20245651e-02 8.13948887e-02 7.52643922e-03 2.59799283e+00 3.14000420e+00 1.14759941e-02 3.709693e-01 1.208627e+00 1.624101e+01 9.618460e+00 4.009148e-01 7.5518e-02 8.5277e-02 -4.5800e-07 0.04264 3.78197e-02 1.00313e-01 2.17927e-01 0.00000e+00
7.068583 5.87700653e-02 2.17682432e-02 8.05383085e-02 7.45068729e-03 2.57412720e+00 3.11459517e+00 1.13774448e-02 3.703968e-01 1.209962e+00 1.646208e+01 9.768746e+00 4.018039e-01 7.6469e-02 8.8424e-02 -3.7791e-06 0.04274 3.81198e-02 1.00228e-01 2.17901e-01 0.00000e+00
7.117671 5.81723972e-02 2.15150712e-02 7.96874683e-02 7.37452465e-03 2.54941540e+00 3.08831319e+00 1.12754572e-02 3.698502e-01 1.211381e+00 1.651534e+01 9.422319e+00 4.022383e-01 7.7583e-02 9.1601e-02 -3.8392e-07 0.04294 3.83712e-02 1.00027e-01 2.17780e-01 0.00000e+00
7.166758 5.75740973e-02 2.12646417e-02 7.88387390e-02 7.29848353e-03 2.52410906e+00 3.06099522e+00 1.11702086e-02 3.693439e-01 1.212703e+00 1.644051e+01 9.025809e+00 4.006953e-01 7.8747e-02 9.4529e-02 +6.2033e-06 0.04304 3.85828e-02 9.97346e-02 2.17568e-01 0.00000e+00
7.215846 5.69837805e-02 2.10158228e-02 7.79996033e-02 7.22305354e-03 2.49849141e+00 3.03244812e+00 1.10618791e-02 3.688036e-01 1.213712e+00 1.627426e+01 8.966969e+00 3.974817e-01 7.9849e-02 9.6998e-02 +8.4628e-06 0.04304 3.87614e-02 9.93685e-02 2.17246e-01 0.00000e+00
7.264933 5.64079543e-02 2.07684899e-02 7.71764442e-02 7.14860760e-03 2.47283006e+00 3.00267616e+00 1.09510124e-02 3.681837e-01 1.214267e+00 1.604844e+01 8.774192e+00 3.947147e-01 8.0809e-02 9.8910e-02 +3.9105e-06 0.04308 3.89200e-02 9.89687e-02 2.16837e-01 0.00000e+00
7.314020 5.58345932e-02 2.05241158e-02 7.63587089e-02 7.07540348e-03 2.44733767e+00 2.97193783e+00 1.08385510e-02 3.675878e-01 1.214355e+00 1.578929e+01 8.741174e+00 3.937528e-01 8.1590e-02 1.0024e-01 -1.6863e-06 0.04298 3.90789e-02 9.85990e-02 2.16417e-01 0.00000e+00
7.363108 5.52630708e-02 2.02841667e-02 7.55472375e-02 7.00369128e-03 2.42216405e+00 2.94051815e+00 1.07253644e-02 3.670474e-01 1.214005e+00 1.559428e+01 8.716717e+00 3.939623e-01 8.2193e-02 1.0104e-01 -2.0010e-06 0.04310 3.92549e-02 9.83129e-02 2.16053e-01 0.00000e+00
7.412195 5.46940285e-02 2.00488395e-02 7.47428680e-02 6.93379263e-03 2.39738943e+00 2.90859112e+00 1.06119611e-02 3.665636e-01 1.213233e+00 1.538044e+01 8.687579e+00 3.938472e-01 8.2633e-02 1.0136e-01 +3.2820e-06 0.04291 3.94527e-02 9.81285e-02 2.15756e-01 0.00000e+00
7.461283 5.41269840e-02 1.98170490e-02 7.39440330e-02 6.86607653e-03 2.37304276e+00 2.87623583e+00 1.04985572e-02 3.661214e-01 1.212046e+00 1.513292e+01 8.639700e+00 3.924577e-01 8.2935e-02 1.0129e-01 +8.2545e-06 0.04286 3.96643e-02 9.80279e-02 2.15481e-01 0.00000e+00
7.510370 5.35726459e-02 1.95876653e-02 7.31603112e-02 6.80089245e-03 2.34912231e+00 2.84357213e+00 1.03853889e-02 3.656281e-01 1.210483e+00 1.486648e+01 8.610694e+00 3.908786e-01 8.3125e-02 1.0088e-01 +7.0589e-06 0.04276 3.98793e-02 9.79845e-02 2.15173e-01 0.00000e+00
7.559457 5.30272496e-02 1.93609138e-02 7.23881634e-02 6.73857574e-03 2.32557582e+00 2.81089446e+00 1.02729405e-02 3.651125e-01 1.208688e+00 1.459322e+01 8.685248e+00 3.911080e-01 8.3227e-02 1.0019e-01 +1.3184e-06 0.04259 4.00956e-02 9.79946e-02 2.14835e-01 0.00000e+00
7.608545 5.24827707e-02 1.91378290e-02 7.16205997e-02 6.67947520e-03 2.30229777e+00 2.77856701e+00 1.01617296e-02 3.646497e-01 1.206867e+00 1.432327e+01 8.841766e+00 3.933047e-01 8.3259e-02 9.9270e-02 -2.2662e-06 0.04233 4.03174e-02 9.80688e-02 2.14513e-01 0.00000e+00
7.657632 5.19421643e-02 1.89188426e-02 7.08610069e-02 6.62387828e-03 2.27916909e+00 2.74685554e+00 1.00520493e-02 3.642290e-01 1.205200e+00 1.406323e+01 8.906260e+00 3.960014e-01 8.3253e-02 9.8204e-02 +1.3271e-07 0.04221 4.05440e-02 9.82029e-02 2.14224e-01 0.00000e+00
7.706719 5.14030018e-02 1.87032620e-02 7.01062638e-02 6.57190282e-03 2.25610022e+00 2.71587864e+00 9.94395773e-03 3.638554e-01 1.203793e+00 1.381554e+01 8.870031e+00 3.979344e-01 8.3242e-02 9.7076e-02 +5.8037e-06 0.04199 4.07661e-02 9.83672e-02 2.13938e-01 0.00000e+00
7.755807 5.08710274e-02 1.84897187e-02 6.93607462e-02 6.52346568e-03 2.23303639e+00 2.68563369e+00 9.83734016e-03 3.634627e-01 1.202682e+00 1.359193e+01 9.111461e+00 3.992897e-01 8.3248e-02 9.5957e-02 +8.1366e-06 0.04175 4.09711e-02 9.85222e-02 2.13602e-01 0.00000e+00
7.804894 5.03527755e-02 1.82774652e-02 6.86302408e-02 6.47832641e-03 2.20992285e+00 2.65610536e+00 9.73205643e-03 3.629882e-01 1.201900e+00 1.338599e+01 9.279350e+00 4.015500e-01 8.3264e-02 9.4883e-02 +4.3851e-06 0.04142 4.11527e-02 9.86473e-02 2.13200e-01 0.00000e+00
7.853982 4.98394683e-02 1.80669292e-02 6.79063975e-02 6.43614228e-03 2.18668817e+00 2.62731646e+00 9.62800927e-03 3.625024e-01 1.201505e+00 1.318472e+01 9.322158e+00 4.054437e-01 8.3267e-02 9.3868e-02 -8.9583e-07 0.04116 4.13136e-02 9.87476e-02 2.12765e-01 0.00000e+00
7.903069 4.93296347e-02 1.78587287e-02 6.71883634e-02 6.39650214e-03 2.16327359e+00 2.59924958e+00 9.52504634e-03 3.620284e-01 1.201535e+00 1.299029e+01 9.226311e+00 4.102121e-01 8.3239e-02 9.2919e-02 -1.7751e-06 0.04086 4.14573e-02 9.88310e-02 2.12329e-01 0.00000e+00
7.952156 4.88245961e-02 1.76526962e-02 6.64772923e-02 6.35895218e-03 2.13967033e+00 2.57179442e+00 9.42292950e-03 3.615533e-01 1.201958e+00 1.280675e+01 9.498763e+00 4.148100e-01 8.3179e-02 9.2049e-02 +2.6173e-06 0.04066 4.15814e-02 9.88905e-02 2.11893e-01 0.00000e+00
8.001244 4.83237274e-02 1.74477424e-02 6.57714697e-02 6.32302750e-03 2.11593030e+00 2.54475214e+00 9.32136487e-03 3.610595e-01 1.202663e+00 1.264000e+01 9.726510e+00 4.186637e-01 8.3113e-02 9.1286e-02 +7.2695e-06 0.04016 4.16783e-02 9.89028e-02 2.11415e-01 0.00000e+00
8.050331 4.78357023e-02 1.72427500e-02 6.50784523e-02 6.28828612e-03 2.09213461e+00 2.51790429e+00 9.22007782e-03 3.604578e-01 1.203510e+00 1.249670e+01 9.805072e+00 4.221734e-01 8.3071e-02 9.0668e-02 +6.7207e-06 0.03975 4.17393e-02 9.88439e-02 2.10855e-01 0.00000e+00
8.099419 4.73588774e-02 1.70377066e-02 6.43965840e-02 6.25434044e-03 2.06833950e+00 2.49109135e+00 9.11886169e-03 3.597574e-01 1.204392e+00 1.238395e+01 9.732519e+00 4.262799e-01 8.3082e-02 9.0245e-02 +1.7760e-06 0.03935 4.17619e-02 9.87084e-02 2.10212e-01 0.00000e+00
8.148506 4.68862104e-02 1.68334179e-02 6.37196283e-02 6.22086526e-03 2.04456010e+00 2.46417109e+00 9.01746237e-03 3.590271e-01 1.205233e+00 1.230914e+01 9.520125e+00 4.311376e-01 8.3163e-02 9.0078e-02 -1.7523e-06 0.03895 4.17493e-02 9.85065e-02 2.09519e-01 0.00000e+00
8.197593 4.64198274e-02 1.66303657e-02 6.30501931e-02 6.18760419e-03 2.02080605e+00 2.43695345e+00 8.91551900e-03 3.582600e-01 1.205931e+00 1.227954e+01 9.190618e+00 4.360480e-01 8.3320e-02 9.0226e-02 +1.3856e-08 0.03854 4.17042e-02 9.82451e-02 2.08801e-01 0.00000e+00
8.246681 4.59580246e-02 1.64281774e-02 6.23862020e-02 6.15439322e-03 1.99712498e+00 2.40922011e+00 8.81269019e-03 3.574605e-01 1.206344e+00 1.230100e+01 8.874009e+00 4.403257e-01 8.3563e-02 9.0725e-02 +5.0645e-06 0.03810 4.16248e-02 9.79165e-02 2.08051e-01 0.00000e+00
8.295768 4.55041070e-02 1.62259936e-02 6.17301006e-02 6.12119758e-03 1.97359587e+00 2.38076300e+00 8.70871773e-03 3.565831e-01 1.206307e+00 1.237494e+01 8.976084e+00 4.440463e-01 8.3896e-02 9.1568e-02 +7.5898e-06 0.03789 4.15068e-02 9.75046e-02 2.07239e-01 0.00000e+00
8.344855 4.50637964e-02 1.60235239e-02 6.10873203e-02 6.08812438e-03 1.95027218e+00 2.35145796e+00 8.60346028e-03 3.555742e-01 1.205708e+00 1.249640e+01 8.976823e+00 4.480866e-01 8.4318e-02 9.2709e-02 +4.7043e-06 0.03767 4.13516e-02 9.70092e-02 2.06362e-01 0.00000e+00
8.393943 4.46303988e-02 1.58215385e-02 6.04519373e-02 6.05538722e-03 1.92715272e+00 2.32129859e+00 8.49690262e-03 3.545014e-01 1.204522e+00 1.265331e+01 9.218160e+00 4.531188e-01 8.4812e-02 9.4077e-02 -5.8279e-08 0.03743 4.11695e-02 9.64543e-02 2.05462e-01 0.00000e+00
8.443030 4.42014874e-02 1.56211184e-02 5.98226057e-02 6.02323104e-03 1.90421795e+00 2.29033938e+00 8.38911466e-03 3.534071e-01 1.202772e+00 1.282668e+01 9.406893e+00 4.589437e-01 8.5358e-02 9.5592e-02 -1.2590e-06 0.03717 4.09725e-02 9.58696e-02 2.04588e-01 0.00000e+00
8.492118 4.37779051e-02 1.54227660e-02 5.92006711e-02 5.99187162e-03 1.88147343e+00 2.25864759e+00 8.28024205e-03 3.522957e-01 1.200467e+00 1.299322e+01 9.520284e+00 4.648450e-01 8.5935e-02 9.7183e-02 +2.3984e-06 0.03693 4.07670e-02 9.52705e-02 2.03754e-01 0.00000e+00
8.541205 4.33583502e-02 1.52262283e-02 5.85845786e-02 5.96149161e-03 1.85894598e+00 2.22628740e+00 8.17046677e-03 3.511718e-01 1.197607e+00 1.312902e+01 9.567794e+00 4.702271e-01 8.6523e-02 9.8805e-02 +6.7415e-06 0.03672 4.05529e-02 9.46545e-02 2.02939e-01 0.00000e+00
8.590292 4.29491908e-02 1.50311507e-02 5.79803415e-02 5.93223832e-03 1.83664453e+00 2.19333687e+00 8.05996280e-03 3.499752e-01 1.194209e+00 1.321202e+01 9.574323e+00 4.751859e-01 8.7105e-02 1.0043e-01 +6.7212e-06 0.03653 4.03282e-02 9.40158e-02 2.02109e-01 0.00000e+00
8.639380 4.25498518e-02 1.48379377e-02 5.73877895e-02 5.90422029e-03 1.81452701e+00 2.15992179e+00 7.94889760e-03 3.487189e-01 1.190350e+00 1.322437e+01 9.527851e+00 4.802803e-01 8.7657e-02 1.0203e-01 +2.4925e-06 0.03640 4.00949e-02 9.33614e-02 2.01260e-01 0.00000e+00
8.688467 4.21537478e-02 1.46476545e-02 5.68014024e-02 5.87750735e-03 1.79250722e+00 2.12619108e+00 7.83739660e-03 3.474817e-01 1.186155e+00 1.315468e+01 9.573097e+00 4.855932e-01 8.8151e-02 1.0356e-01 -9.6514e-07 0.03625 3.98595e-02 9.27114e-02 2.00418e-01 0.00000e+00
8.737555 4.17618194e-02 1.44611692e-02 5.62229886e-02 5.85212900e-03 1.77049613e+00 2.09227929e+00 7.72555085e-03 3.462773e-01 1.181747e+00 1.299949e+01 9.545402e+00 4.904744e-01 8.8563e-02 1.0498e-01 +1.9937e-07 0.03607 3.96284e-02 9.20835e-02 1.99606e-01 0.00000e+00
8.786642 4.13729093e-02 1.42786111e-02 5.56515204e-02 5.82808139e-03 1.74843797e+00 2.05830788e+00 7.61349170e-03 3.451198e-01 1.177227e+00 1.276237e+01 9.449292e+00 4.941591e-01 8.8877e-02 1.0627e-01 +4.6137e-06 0.03595 3.94032e-02 9.14804e-02 1.98814e-01 0.00000e+00
8.835729 4.09889169e-02 1.40995984e-02 5.50885153e-02 5.80533374e-03 1.72630745e+00 2.02438585e+00 7.50138661e-03 3.439856e-01 1.172668e+00 1.245101e+01 9.287530e+00 4.964576e-01 8.9086e-02 1.0740e-01 +7.1801e-06 0.03589 3.91804e-02 9.08905e-02 1.98009e-01 0.00000e+00
8.884817 4.06147941e-02 1.39240221e-02 5.45388162e-02 5.78384374e-03 1.70406560e+00 1.99062197e+00 7.38937513e-03 3.428313e-01 1.168160e+00 1.207554e+01 9.062933e+00 4.978770e-01 8.9175e-02 1.0833e-01 +4.9590e-06 0.03579 3.89578e-02 9.03061e-02 1.97170e-01 0.00000e+00
8.933904 4.02455987e-02 1.37524289e-02 5.39980276e-02 5.76356880e-03 1.68162933e+00 1.95712254e+00 7.27750373e-03 3.417126e-01 1.163825e+00 1.164833e+01 8.905825e+00 4.989706e-01 8.9122e-02 1.0898e-01 +6.5571e-07 0.03562 3.87372e-02 8.97335e-02 1.96314e-01 0.00000e+00
8.982991 3.98786247e-02 1.35855245e-02 5.34641492e-02 5.74445961e-03 1.65890148e+00 1.92397212e+00 7.16574721e-03 3.406718e-01 1.159787e+00 1.118277e+01 8.897814e+00 4.997108e-01 8.8906e-02 1.0927e-01 -8.0718e-07 0.03558 3.85209e-02 8.91810e-02 1.95471e-01 0.00000e+00
9.032079 3.95147290e-02 1.34235105e-02 5.29382395e-02 5.72645009e-03 1.63582387e+00 1.89122097e+00 7.05408969e-03 3.397090e-01 1.156128e+00 1.069130e+01 9.014792e+00 4.995940e-01 8.8522e-02 1.0915e-01 +2.1626e-06 0.03546 3.83054e-02 8.86424e-02 1.94643e-01 0.00000e+00
9.081166 3.91527782e-02 1.32659504e-02 5.24187286e-02 5.70945157e-03 1.61239113e+00 1.85887312e+00 6.94252851e-03 3.388253e-01 1.152867e+00 1.018416e+01 9.090009e+00 4.981258e-01 8.7987e-02 1.0865e-01 +6.1519e-06 0.03525 3.80807e-02 8.80929e-02 1.93795e-01 0.00000e+00
9.130254 3.87978515e-02 1.31122659e-02 5.19101174e-02 5.69335392e-03 1.58861563e+00 1.82690047e+00 6.83103220e-03 3.379637e-01 1.149995e+00 9.669522e+00 9.127866e+00 4.954193e-01 8.7331e-02 1.0783e-01 +6.5433e-06 0.03515 3.78366e-02 8.75063e-02 1.92883e-01 0.00000e+00
9.179341 3.84507397e-02 1.29623779e-02 5.14131176e-02 5.67803038e-03 1.56449214e+00 1.79528914e+00 6.71956257e-03 3.371165e-01 1.147522e+00 9.779641e+00 9.129538e+00 4.922973e-01 8.6588e-02 1.0681e-01 +2.9855e-06 0.03496 3.75694e-02 8.68734e-02 1.91897e-01 0.00000e+00
9.228428 3.81060816e-02 1.28167045e-02 5.09227861e-02 5.66333887e-03 1.54000413e+00 1.76405097e+00 6.60811019e-03 3.363428e-01 1.145485e+00 1.011967e+01 9.094046e+00 4.893427e-01 8.5784e-02 1.0569e-01 -3.2330e-07 0.03464 3.72806e-02 8.62007e-02 1.90863e-01 0.00000e+00
9.277516 3.77643300e-02 1.26755513e-02 5.04398813e-02 5.64913373e-03 1.51515297e+00 1.73318339e+00 6.49667270e-03 3.356488e-01 1.143900e+00 1.014288e+01 9.020624e+00 4.861290e-01 8.4944e-02 1.0455e-01 +3.5804e-07 0.03447 3.69696e-02 8.54914e-02 1.89799e-01 0.00000e+00
9.326603 3.74251952e-02 1.25386562e-02 4.99638514e-02 5.63529501e-03 1.48997686e+00 1.70263954e+00 6.38523280e-03 3.350325e-01 1.142729e+00 9.809097e+00 8.964049e+00 4.817796e-01 8.4086e-02 1.0342e-01 +4.2177e-06 0.03416 3.66295e-02 8.47331e-02 1.88692e-01 0.00000e+00
9.375691 3.70902870e-02 1.24053497e-02 4.94956367e-02 5.62174626e-03 1.46455035e+00 1.67234493e+00 6.27379056e-03 3.344636e-01 1.141883e+00 9.002346e+00 8.931099e+00 4.760610e-01 8.3230e-02 1.0235e-01 +6.8084e-06 0.03373 3.62513e-02 8.39054e-02 1.87505e-01 0.00000e+00
9.424778 3.67643085e-02 1.22751587e-02 4.90394672e-02 5.60844560e-03 1.43896371e+00 1.64224096e+00 6.16240935e-03 3.338879e-01 1.141266e+00 8.710657e+00 8.869024e+00 4.696614e-01 8.2394e-02 1.0141e-01 +5.1873e-06 0.03342 3.58300e-02 8.29980e-02 1.86215e-01 0.00000e+00
9.473865 3.64440623e-02 1.21481550e-02 4.85922173e-02 5.59536864e-03 1.41330215e+00 1.61230238e+00 6.05120905e-03 3.333370e-01 1.140805e+00 9.166726e+00 8.775031e+00 4.633594e-01 8.1585e-02 1.0063e-01 +1.3655e-06 0.03297 3.53670e-02 8.20184e-02 1.84841e-01 0.00000e+00
9.522953 3.61270141e-02 1.20246407e-02 4.81516548e-02 5.58249692e-03 1.38765070e+00 1.58251830e+00 5.94033801e-03 3.328435e-01 1.140430e+00 9.306160e+00 8.646802e+00 4.572325e-01 8.0800e-02 1.0003e-01 -2.4472e-07 0.03259 3.48667e-02 8.09822e-02 1.83417e-01 0.00000e+00
9.572040 3.58142681e-02 1.19046270e-02 4.77188951e-02 5.56981504e-03 1.36211465e+00 1.55287662e+00 5.82998253e-03 3.323990e-01 1.140048e+00 8.917954e+00 8.554023e+00 4.507834e-01 8.0040e-02 9.9585e-02 +2.1475e-06 0.03228 3.43327e-02 7.99003e-02 1.81961e-01 0.00000e+00
9.621128 3.55051305e-02 1.17876963e-02 4.72928268e-02 5.55731635e-03 1.33682298e+00 1.52336667e+00 5.72037929e-03 3.319998e-01 1.139543e+00 8.105129e+00 8.498718e+00 4.434932e-01 7.9304e-02 9.9290e-02 +5.7922e-06 0.03200 3.37677e-02 7.87766e-02 1.80460e-01 0.00000e+00
9.670215 3.52035684e-02 1.16733520e-02 4.68769204e-02 5.54500788e-03 1.31190346e+00 1.49400331e+00 5.61181355e-03 3.315957e-01 1.138806e+00 7.846607e+00 8.410558e+00 4.354874e-01 7.8593e-02 9.9120e-02 +6.4965e-06 0.03176 3.31774e-02 7.76195e-02 1.78903e-01 0.00000e+00
9.719302 3.49110208e-02 1.15614748e-02 4.64724956e-02 5.53290402e-03 1.28745430e+00 1.46486739e+00 5.50464339e-03 3.311698e-01 1.137801e+00 7.868229e+00 8.286856e+00 4.278178e-01 7.7903e-02 9.9049e-02 +3.5383e-06 0.03149 3.25742e-02 7.64536e-02 1.77314e-01 0.00000e+00
9.768390 3.46231077e-02 1.14523478e-02 4.60754555e-02 5.52101297e-03 1.26354358e+00 1.43611610e+00 5.39931936e-03 3.307718e-01 1.136578e+00 7.847744e+00 8.126702e+00 4.215014e-01 7.7223e-02 9.9037e-02 +4.1260e-07 0.03133 3.19763e-02 7.53180e-02 1.75752e-01 0.00000e+00
9.817477 3.43395881e-02 1.13462481e-02 4.56858362e-02 5.50933385e-03 1.24022772e+00 1.40794219e+00 5.29633983e-03 3.304131e-01 1.135229e+00 7.782564e+00 8.041378e+00 4.162801e-01 7.6546e-02 9.9030e-02 +6.7574e-07 0.03107 3.14020e-02 7.42510e-02 1.74282e-01 0.00000e+00
9.866564 3.40602709e-02 1.12430984e-02 4.53033693e-02 5.49786675e-03 1.21755965e+00 1.38052217e+00 5.19616364e-03 3.300942e-01 1.133844e+00 7.673072e+00 7.985805e+00 4.108228e-01 7.5861e-02 9.8964e-02 +3.9902e-06 0.03102 3.08654e-02 7.32778e-02 1.72939e-01 0.00000e+00
9.915652 3.37860197e-02 1.11425241e-02 4.49285438e-02 5.48661871e-03 1.19558209e+00 1.35399787e+00 5.09915992e-03 3.297969e-01 1.132501e+00 7.591630e+00 7.906435e+00 4.044035e-01 7.5160e-02 9.8757e-02 +6.5243e-06 0.03102 3.03749e-02 7.24097e-02 1.71731e-01 0.00000e+00
9.964739 3.35206893e-02 1.10442361e-02 4.45649254e-02 5.47559838e-03 1.17432011e+00 1.32849826e+00 5.00563674e-03 3.294752e-01 1.131291e+00 7.523461e+00 7.800553e+00 3.980407e-01 7.4430e-02 9.8315e-02 +5.3846e-06 0.03100 2.99364e-02 7.16536e-02 1.70669e-01 0.00000e+00
9.999100 3.33391185e-02 1.09768161e-02 4.43159346e-02 5.46802074e-03 1.15986697e+00 1.31132931e+00 4.94239256e-03 3.292473e-01 1.130586e+00 7.455184e+00 7.709323e+00 3.944732e-01 7.3898e-02 9.7827e-02 +3.0119e-06 0.03094 2.96633e-02 7.11967e-02 1.70029e-01 0.00000e+00
