# tg_mhd (CUDA FP64)  tgc_noslip_cond_n256_re1000_drive0.4_bdrive0.1  N=256 L=256 Re=1000 Pm=1 u0=0.05 nu_lat=4.058451e-03 eta_lat=4.058451e-03 tau_f=0.512175 tau_m=0.516234 dt=6.159986e-04 fw=profile
# t E_V E_M E_T H_C Omega_V Omega_M eps EM/EV OmM/OmV j_max w_max skew divb/j divb_wall/j mass_drift umax_lat fw1 fw2 fw4 tau_wall
0.000000 1.23061415e-01 1.25000000e-01 2.48061415e-01 1.33079760e-20 3.56133618e+01 1.49969646e+00 7.42261165e-02 1.015753e+00 4.211050e-02 3.463620e+00 1.217420e+02 6.021784e-19 3.3668e-15 5.1489e-15 +0.0000e+00 0.04999 9.51522e-01 9.53569e-01 9.57721e-01 5.95183e-02
0.250095 1.28640852e-01 1.31402673e-01 2.60043525e-01 -2.23936395e-04 8.03640392e+00 1.79546470e+00 1.96637373e-02 1.021469e+00 2.234164e-01 6.433554e+00 4.306837e+01 1.092608e-01 1.2964e-03 4.6643e-03 -7.1660e-06 0.05252 7.38768e-01 8.00418e-01 8.17188e-01 1.74515e-02
0.500191 1.37690299e-01 1.37897049e-01 2.75587348e-01 -7.35583053e-04 6.28124210e+00 2.33536197e+00 1.72332082e-02 1.001502e+00 3.717994e-01 8.332146e+00 3.483254e+01 2.228496e-01 1.5183e-03 5.5669e-03 -1.6086e-05 0.05225 5.85761e-01 7.07074e-01 7.36555e-01 1.34260e-02
0.750286 1.47404507e-01 1.43631781e-01 2.91036288e-01 -1.45732652e-03 5.90368997e+00 3.11922000e+00 1.80458200e-02 9.744056e-01 5.283509e-01 9.556650e+00 3.299698e+01 3.517404e-01 1.6016e-03 6.1868e-03 -1.9161e-05 0.05472 4.73631e-01 6.15256e-01 6.61444e-01 1.20239e-02
1.000382 1.58523970e-01 1.46928717e-01 3.05452687e-01 -2.12835076e-03 6.13376131e+00 4.28216384e+00 2.08318503e-02 9.268549e-01 6.981302e-01 1.075955e+01 3.333575e+01 4.256001e-01 1.7371e-03 6.8712e-03 -1.3989e-05 0.05676 3.77469e-01 5.18205e-01 5.84340e-01 1.15166e-02
1.250477 1.71858881e-01 1.46213203e-01 3.18072084e-01 -2.38418596e-03 6.90994132e+00 6.17216932e+00 2.61642213e-02 8.507748e-01 8.932304e-01 1.483609e+01 3.657412e+01 4.225359e-01 2.3207e-03 7.9357e-03 -6.8215e-06 0.05826 2.87654e-01 4.13295e-01 5.01403e-01 1.11351e-02
1.500572 1.86581523e-01 1.41751402e-01 3.28332925e-01 -1.91695977e-03 8.13129781e+00 9.63951510e+00 3.55416258e-02 7.597290e-01 1.185483e+00 2.729228e+01 3.645856e+01 4.733073e-01 4.8750e-03 9.4310e-03 -4.7269e-06 0.06419 2.01074e-01 3.02941e-01 3.99467e-01 1.07093e-02
1.750668 2.00872244e-01 1.34750838e-01 3.35623082e-01 -5.17637401e-04 9.58426510e+00 1.51650328e+01 4.94985959e-02 6.708286e-01 1.582284e+00 4.074045e+01 3.390018e+01 3.980241e-01 1.0015e-02 1.0573e-02 -1.1213e-05 0.07243 1.32548e-01 2.09419e-01 2.99870e-01 1.01001e-02
2.000763 2.14759243e-01 1.25147127e-01 3.39906370e-01 1.93910147e-03 1.11577024e+01 1.87942540e+01 5.99039127e-02 5.827322e-01 1.684420e+00 4.900721e+01 3.228148e+01 4.078870e-01 1.4336e-02 1.2107e-02 -2.1109e-05 0.07653 1.00122e-01 1.63667e-01 2.55248e-01 9.83855e-03
2.250859 2.28714991e-01 1.14312935e-01 3.43027926e-01 5.10077389e-03 1.28912436e+01 1.90004308e+01 6.37833489e-02 4.998052e-01 1.473902e+00 4.648044e+01 3.831926e+01 4.698791e-01 1.2994e-02 1.5049e-02 -2.8928e-05 0.07403 9.12617e-02 1.49491e-01 2.49733e-01 9.97443e-03
2.500954 2.41802462e-01 1.04298043e-01 3.46100505e-01 8.28738057e-03 1.44146875e+01 1.80649310e+01 6.49592371e-02 4.313357e-01 1.253231e+00 3.962458e+01 3.853246e+01 3.888980e-01 1.2318e-02 1.4982e-02 -3.0529e-05 0.07307 9.05406e-02 1.45407e-01 2.49581e-01 1.01793e-02
2.751050 2.52132193e-01 9.69631055e-02 3.49095299e-01 1.11308269e-02 1.58011853e+01 1.71852521e+01 6.59728749e-02 3.845725e-01 1.087593e+00 3.232296e+01 3.320128e+01 3.455217e-01 1.1811e-02 1.4764e-02 -2.9411e-05 0.07111 9.40542e-02 1.46155e-01 2.47288e-01 1.07125e-02
3.001145 2.57885055e-01 9.33205427e-02 3.51205597e-01 1.35512137e-02 1.68123195e+01 1.76035964e+01 6.88318317e-02 3.618688e-01 1.047065e+00 3.227490e+01 3.585893e+01 3.673555e-01 1.2882e-02 1.7773e-02 -2.9252e-05 0.07611 1.03176e-01 1.54863e-01 2.50053e-01 1.17625e-02
3.251240 2.59134359e-01 9.20237056e-02 3.51158065e-01 1.58918898e-02 1.78130186e+01 1.99789241e+01 7.55838855e-02 3.551197e-01 1.121591e+00 3.549246e+01 4.904532e+01 3.698252e-01 1.4581e-02 1.9331e-02 -3.2396e-05 0.07683 1.21985e-01 1.91377e-01 3.01962e-01 1.30811e-02
3.501336 2.56882665e-01 8.99858743e-02 3.46868539e-01 1.82741423e-02 1.99221870e+01 2.37279984e+01 8.73003708e-02 3.502995e-01 1.191034e+00 5.584605e+01 7.175354e+01 3.470775e-01 1.5472e-02 1.6594e-02 -3.6195e-05 0.07737 1.90225e-01 2.95374e-01 4.12307e-01 1.45834e-02
3.751431 2.51756928e-01 8.70768926e-02 3.38833821e-01 2.01339619e-02 2.28527571e+01 2.28184072e+01 9.13423288e-02 3.458768e-01 9.984969e-01 5.665627e+01 7.413142e+01 2.561237e-01 1.4970e-02 1.4588e-02 -3.5873e-05 0.07783 2.39427e-01 3.17453e-01 4.30449e-01 1.66473e-02
4.001527 2.44479404e-01 8.55538881e-02 3.30033292e-01 2.27138526e-02 2.35036671e+01 2.19403053e+01 9.08879449e-02 3.499431e-01 9.334843e-01 5.439986e+01 7.490885e+01 1.684615e-01 1.5477e-02 1.4156e-02 -3.4047e-05 0.07326 2.26047e-01 2.96849e-01 4.10704e-01 1.76416e-02
4.251622 2.37487439e-01 8.39718689e-02 3.21459308e-01 2.56867032e-02 2.25577386e+01 2.17785391e+01 8.86725553e-02 3.535845e-01 9.654576e-01 5.718852e+01 5.975443e+01 1.258563e-01 1.3760e-02 1.5882e-02 -3.4140e-05 0.07317 2.09720e-01 2.85269e-01 4.13113e-01 1.71915e-02
4.501717 2.32267202e-01 8.12399823e-02 3.13507184e-01 2.81363939e-02 2.12401122e+01 2.15134591e+01 8.55071426e-02 3.497695e-01 1.012869e+00 6.383464e+01 6.032607e+01 2.191667e-01 1.3364e-02 1.6723e-02 -3.5898e-05 0.07729 2.01961e-01 2.95788e-01 4.36504e-01 1.60793e-02
4.751813 2.28827229e-01 7.76660628e-02 3.06493292e-01 3.01115294e-02 2.01076051e+01 2.02868052e+01 8.07888206e-02 3.394092e-01 1.008912e+00 5.924441e+01 7.313799e+01 3.402942e-01 1.4435e-02 1.5204e-02 -3.9519e-05 0.09198 2.11194e-01 3.08170e-01 4.49958e-01 1.54465e-02
5.001908 2.26714039e-01 7.44447680e-02 3.01158807e-01 3.18780346e-02 1.89690937e+01 1.90009338e+01 7.59400550e-02 3.283642e-01 1.001679e+00 4.654545e+01 7.550555e+01 3.735016e-01 1.4641e-02 1.4789e-02 -4.4557e-05 0.08778 2.03078e-01 2.98961e-01 4.13503e-01 1.46338e-02
5.252004 2.26135643e-01 7.12127883e-02 2.97348432e-01 3.36432770e-02 1.77515811e+01 1.79938795e+01 7.14909213e-02 3.149118e-01 1.013649e+00 3.599045e+01 6.234255e+01 3.964539e-01 1.5445e-02 1.5028e-02 -4.8694e-05 0.07559 1.91336e-01 2.80057e-01 3.83588e-01 1.35318e-02
5.502099 2.27084718e-01 6.80375981e-02 2.95122316e-01 3.52031287e-02 1.67675335e+01 1.64883946e+01 6.65118562e-02 2.996133e-01 9.833524e-01 4.136305e+01 4.774285e+01 3.949008e-01 1.4314e-02 1.7145e-02 -5.0409e-05 0.08154 1.79893e-01 2.65247e-01 3.78299e-01 1.28814e-02
5.752195 2.28523877e-01 6.54934208e-02 2.94017298e-01 3.66290288e-02 1.62486838e+01 1.58769102e+01 6.42511880e-02 2.865933e-01 9.771198e-01 4.740687e+01 4.781899e+01 3.967767e-01 1.3357e-02 2.0186e-02 -5.0861e-05 0.08035 1.77595e-01 2.66789e-01 3.82095e-01 1.30678e-02
6.002290 2.29927531e-01 6.35544652e-02 2.93481996e-01 3.80903566e-02 1.59018599e+01 1.54550843e+01 6.27138883e-02 2.764109e-01 9.719042e-01 4.434451e+01 4.196959e+01 3.438483e-01 1.3215e-02 2.1298e-02 -5.1030e-05 0.07283 1.85335e-01 2.77333e-01 3.85540e-01 1.36984e-02
6.252385 2.31556636e-01 6.17538083e-02 2.93310444e-01 3.97015865e-02 1.54936321e+01 1.52967340e+01 6.15807323e-02 2.666899e-01 9.872917e-01 3.539827e+01 4.014126e+01 3.408695e-01 1.2040e-02 1.9368e-02 -5.1457e-05 0.06314 1.87735e-01 2.74923e-01 3.80567e-01 1.41039e-02
6.502481 2.33580793e-01 5.96428327e-02 2.93223625e-01 4.17287268e-02 1.50626094e+01 1.50405382e+01 6.02062953e-02 2.553413e-01 9.985347e-01 4.349524e+01 3.830716e+01 3.660871e-01 1.2200e-02 1.8338e-02 -5.1663e-05 0.06518 1.83230e-01 2.64448e-01 3.75255e-01 1.42528e-02
6.752576 2.35608185e-01 5.75983031e-02 2.93206488e-01 4.41420804e-02 1.47060492e+01 1.46758464e+01 5.87637912e-02 2.444665e-01 9.979462e-01 3.612372e+01 4.176131e+01 3.518189e-01 1.2042e-02 1.7823e-02 -5.0964e-05 0.06810 1.78894e-01 2.61020e-01 3.75652e-01 1.42011e-02
7.002672 2.37197661e-01 5.59857496e-02 2.93183411e-01 4.66010192e-02 1.47331709e+01 1.41231222e+01 5.77125861e-02 2.360299e-01 9.585935e-01 3.791749e+01 4.610454e+01 3.790986e-01 1.2302e-02 1.6858e-02 -4.9250e-05 0.06609 1.82012e-01 2.59933e-01 3.76840e-01 1.41249e-02
7.252767 2.38253369e-01 5.48732808e-02 2.93126650e-01 4.85347932e-02 1.47180295e+01 1.36057691e+01 5.66475973e-02 2.303148e-01 9.244287e-01 3.465504e+01 4.419553e+01 4.204012e-01 1.2426e-02 1.5503e-02 -4.7465e-05 0.06813 1.78871e-01 2.58097e-01 3.84122e-01 1.39915e-02
7.502862 2.39332504e-01 5.37793577e-02 2.93111862e-01 4.96561350e-02 1.46218381e+01 1.32664933e+01 5.57766628e-02 2.247056e-01 9.073068e-01 3.287172e+01 3.730591e+01 3.923164e-01 1.2417e-02 1.6378e-02 -4.7119e-05 0.06571 1.80523e-01 2.74447e-01 4.05009e-01 1.36890e-02
7.752958 2.41045158e-01 5.24516893e-02 2.93496848e-01 4.99301552e-02 1.47740355e+01 1.20346837e+01 5.36174385e-02 2.176011e-01 8.145834e-01 5.008962e+01 3.612788e+01 3.265158e-01 1.3142e-02 1.5630e-02 -4.8219e-05 0.06730 1.94944e-01 2.96405e-01 4.15561e-01 1.35477e-02
8.003053 2.43167589e-01 5.15738239e-02 2.94741413e-01 4.94995851e-02 1.51422711e+01 1.09123152e+01 5.21091727e-02 2.120917e-01 7.206525e-01 3.738272e+01 3.746980e+01 3.582332e-01 1.3116e-02 1.4170e-02 -5.0050e-05 0.07033 2.06290e-01 2.99602e-01 4.05359e-01 1.36075e-02
8.253149 2.45165032e-01 5.12406643e-02 2.96405696e-01 4.84954000e-02 1.57304130e+01 1.00512067e+01 5.15632394e-02 2.090048e-01 6.389665e-01 2.684132e+01 3.922100e+01 4.501397e-01 1.5383e-02 1.4924e-02 -5.1483e-05 0.07730 2.16324e-01 3.02330e-01 4.00667e-01 1.37929e-02
8.503244 2.46715559e-01 5.14533829e-02 2.98168942e-01 4.68361133e-02 1.63003989e+01 9.91836108e+00 5.24375199e-02 2.085535e-01 6.084735e-01 3.267216e+01 4.168095e+01 4.665074e-01 1.3632e-02 1.6137e-02 -5.2256e-05 0.08233 2.28613e-01 3.17581e-01 4.13127e-01 1.43187e-02
8.753340 2.47939855e-01 5.12502931e-02 2.99190148e-01 4.47533228e-02 1.69295145e+01 1.06582238e+01 5.51754765e-02 2.067045e-01 6.295646e-01 3.369694e+01 5.200901e+01 4.520922e-01 1.5527e-02 1.5697e-02 -5.2379e-05 0.08652 2.45738e-01 3.29869e-01 4.24503e-01 1.51297e-02
9.003435 2.49092141e-01 5.03438155e-02 2.99435956e-01 4.24015127e-02 1.74439596e+01 1.05315772e+01 5.59510735e-02 2.021092e-01 6.037378e-01 3.005125e+01 5.009453e+01 4.415990e-01 1.6787e-02 1.5637e-02 -5.2204e-05 0.08455 2.49899e-01 3.27941e-01 4.27907e-01 1.58375e-02
9.253530 2.50235767e-01 4.91321883e-02 2.99367955e-01 4.00041042e-02 1.79598327e+01 9.66040206e+00 5.52404696e-02 1.963436e-01 5.378893e-01 2.512857e+01 5.421660e+01 4.536106e-01 1.6581e-02 1.6264e-02 -5.2203e-05 0.07882 2.55010e-01 3.29951e-01 4.33834e-01 1.62281e-02
9.503626 2.50390270e-01 4.88383686e-02 2.99228639e-01 3.77356013e-02 1.84279645e+01 8.89441228e+00 5.46447536e-02 1.950490e-01 4.826584e-01 2.599796e+01 5.839130e+01 4.321141e-01 1.4595e-02 1.5338e-02 -5.2395e-05 0.07210 2.64907e-01 3.42914e-01 4.47108e-01 1.64919e-02
9.753721 2.48452145e-01 5.06869406e-02 2.99139086e-01 3.55181625e-02 1.85074482e+01 8.92887113e+00 5.48726387e-02 2.040109e-01 4.824474e-01 2.807390e+01 6.073007e+01 3.743973e-01 1.2929e-02 1.4500e-02 -5.2672e-05 0.07021 2.75995e-01 3.58663e-01 4.65810e-01 1.65849e-02
10.003817 2.44333916e-01 5.46751710e-02 2.99009087e-01 3.27273100e-02 1.79378631e+01 1.02740342e+01 5.64237946e-02 2.237723e-01 5.727569e-01 4.256177e+01 6.417542e+01 3.661405e-01 1.4264e-02 1.4384e-02 -5.3948e-05 0.06741 2.58906e-01 3.53880e-01 4.69282e-01 1.62294e-02
10.253912 2.39431163e-01 5.91398978e-02 2.98571061e-01 2.88946890e-02 1.73154519e+01 1.19524670e+01 5.85358380e-02 2.470017e-01 6.902775e-01 4.365893e+01 5.958203e+01 3.426347e-01 1.4934e-02 2.0220e-02 -5.5921e-05 0.06788 2.50148e-01 3.53258e-01 4.70627e-01 1.55453e-02
10.504007 2.34741592e-01 6.32377177e-02 2.97979310e-01 2.41729175e-02 1.72114924e+01 1.25479009e+01 5.95187867e-02 2.693929e-01 7.290420e-01 3.300517e+01 6.462472e+01 3.064544e-01 1.3245e-02 1.8822e-02 -5.6825e-05 0.07436 2.46463e-01 3.53371e-01 4.70486e-01 1.52980e-02
10.754103 2.29628082e-01 6.75781070e-02 2.97206189e-01 1.89356792e-02 1.74880458e+01 1.34535025e+01 6.18830967e-02 2.942937e-01 7.692971e-01 3.311653e+01 6.254033e+01 2.961792e-01 1.2591e-02 1.9472e-02 -5.7454e-05 0.07751 2.41537e-01 3.39834e-01 4.53662e-01 1.52965e-02
11.004198 2.24076208e-01 7.17885220e-02 2.95864730e-01 1.34966042e-02 1.79177490e+01 1.43930859e+01 6.46216698e-02 3.203755e-01 8.032865e-01 3.649194e+01 5.972152e+01 2.964412e-01 1.4037e-02 1.8386e-02 -5.8333e-05 0.07616 2.31568e-01 3.17944e-01 4.24834e-01 1.53645e-02
11.254294 2.18631501e-01 7.51851207e-02 2.93816622e-01 8.32686402e-03 1.84241176e+01 1.53215865e+01 6.74914082e-02 3.438897e-01 8.316049e-01 4.014551e+01 5.707010e+01 3.287814e-01 1.4336e-02 1.8041e-02 -5.9750e-05 0.07166 2.18349e-01 3.01740e-01 4.05154e-01 1.55534e-02
11.504389 2.13303531e-01 7.77480630e-02 2.91051594e-01 3.72135403e-03 1.87705466e+01 1.58570635e+01 6.92552202e-02 3.644950e-01 8.447843e-01 4.765784e+01 5.627871e+01 2.914064e-01 1.5030e-02 1.9499e-02 -6.1923e-05 0.07924 2.16015e-01 3.02622e-01 4.06178e-01 1.56251e-02
11.754485 2.08229620e-01 7.97170990e-02 2.87946719e-01 -1.78276659e-04 1.87226358e+01 1.57774651e+01 6.90002018e-02 3.828327e-01 8.426947e-01 3.746452e+01 5.426468e+01 2.871606e-01 1.4624e-02 1.8472e-02 -6.3727e-05 0.08294 2.16832e-01 3.07268e-01 4.14387e-01 1.55370e-02
12.004580 2.03689740e-01 8.11700624e-02 2.84859802e-01 -3.68907338e-03 1.83952163e+01 1.56649287e+01 6.81202901e-02 3.984985e-01 8.515762e-01 3.186570e+01 5.417168e+01 3.820843e-01 1.3515e-02 1.6362e-02 -6.4796e-05 0.08326 2.07903e-01 2.96724e-01 4.04529e-01 1.51188e-02
12.254675 2.00110810e-01 8.14200850e-02 2.81530895e-01 -7.04845065e-03 1.81149117e+01 1.62604368e+01 6.87506969e-02 4.068750e-01 8.976272e-01 4.264947e+01 5.022720e+01 3.680239e-01 1.3738e-02 1.6033e-02 -6.5519e-05 0.08250 1.90433e-01 2.71119e-01 3.72749e-01 1.46920e-02
12.504771 1.97584396e-01 8.02111702e-02 2.77795567e-01 -1.01691188e-02 1.77018209e+01 1.66920803e+01 6.87878025e-02 4.059590e-01 9.429584e-01 5.131993e+01 4.585615e+01 1.853650e-01 1.5199e-02 1.6952e-02 -6.5980e-05 0.07762 1.78020e-01 2.51497e-01 3.46651e-01 1.42872e-02
12.754866 1.95918452e-01 7.83697071e-02 2.74288159e-01 -1.33129425e-02 1.72497580e+01 1.62478776e+01 6.69952712e-02 4.000119e-01 9.419192e-01 7.228109e+01 5.136044e+01 1.117492e-01 1.4986e-02 1.6901e-02 -6.6043e-05 0.07044 1.71835e-01 2.42939e-01 3.34289e-01 1.39236e-02
13.004962 1.94734651e-01 7.70260162e-02 2.71760667e-01 -1.68606853e-02 1.69822037e+01 1.48225877e+01 6.36095829e-02 3.955435e-01 8.728306e-01 5.486265e+01 4.834432e+01 1.467482e-01 1.4442e-02 1.6040e-02 -6.5900e-05 0.07417 1.76100e-01 2.52210e-01 3.45294e-01 1.36657e-02
13.255057 1.93491750e-01 7.67785278e-02 2.70270278e-01 -2.07000318e-02 1.64939215e+01 1.40576129e+01 6.11030687e-02 3.968052e-01 8.522905e-01 4.907066e+01 4.180461e+01 1.243267e-01 1.3451e-02 1.5649e-02 -6.6106e-05 0.07466 1.78649e-01 2.55626e-01 3.47001e-01 1.35168e-02
13.505152 1.92493701e-01 7.69996781e-02 2.69493379e-01 -2.41710931e-02 1.59998153e+01 1.35987262e+01 5.91970831e-02 4.000114e-01 8.499302e-01 4.239756e+01 4.742396e+01 2.489600e-02 1.3313e-02 1.8734e-02 -6.7322e-05 0.07173 1.86398e-01 2.65545e-01 3.50653e-01 1.35669e-02
13.755248 1.92487405e-01 7.67820965e-02 2.69269501e-01 -2.64779665e-02 1.55419596e+01 1.28852959e+01 5.68545109e-02 3.988941e-01 8.290651e-01 6.296373e+01 4.793196e+01 7.237792e-02 1.4534e-02 2.0906e-02 -6.8984e-05 0.06889 1.96890e-01 2.77659e-01 3.61635e-01 1.36192e-02
14.005343 1.93197885e-01 7.63046698e-02 2.69502555e-01 -2.73627695e-02 1.50964924e+01 1.23008401e+01 5.47946649e-02 3.949560e-01 8.148144e-01 7.128996e+01 4.885643e+01 1.728764e-01 1.4595e-02 2.0370e-02 -7.0915e-05 0.07023 1.98760e-01 2.80969e-01 3.68068e-01 1.34699e-02
14.255439 1.93956992e-01 7.59867890e-02 2.69943781e-01 -2.70265147e-02 1.45857319e+01 1.18418723e+01 5.28552084e-02 3.917713e-01 8.118806e-01 6.130486e+01 4.277697e+01 1.935236e-01 1.3554e-02 1.7068e-02 -7.3094e-05 0.07010 1.96174e-01 2.77303e-01 3.68070e-01 1.29694e-02
14.505534 1.94420205e-01 7.61333558e-02 2.70553561e-01 -2.56456128e-02 1.43356014e+01 1.11415089e+01 5.09542207e-02 3.915918e-01 7.771916e-01 3.968237e+01 3.598937e+01 2.689563e-01 1.2725e-02 1.5032e-02 -7.5502e-05 0.06822 1.94292e-01 2.77400e-01 3.68835e-01 1.23949e-02
14.755629 1.94695092e-01 7.64659452e-02 2.71161038e-01 -2.35375583e-02 1.45487867e+01 1.06942410e+01 5.04860555e-02 3.927472e-01 7.350607e-01 2.944272e+01 3.596152e+01 4.416385e-01 1.1190e-02 1.5032e-02 -7.7869e-05 0.06957 1.94102e-01 2.78172e-01 3.78310e-01 1.21146e-02
15.005725 1.94830208e-01 7.65876561e-02 2.71417864e-01 -2.10662052e-02 1.50510771e+01 1.09595320e+01 5.20212181e-02 3.930995e-01 7.281560e-01 2.753480e+01 4.091356e+01 6.087568e-01 1.1665e-02 1.5167e-02 -7.9919e-05 0.07878 1.94059e-01 2.82038e-01 3.87862e-01 1.21374e-02
15.255820 1.94881815e-01 7.61733983e-02 2.71055213e-01 -1.87695602e-02 1.53068442e+01 1.15700000e+01 5.37536884e-02 3.908697e-01 7.558710e-01 3.987554e+01 5.081963e+01 5.092423e-01 1.3500e-02 1.5246e-02 -8.1603e-05 0.08631 1.98940e-01 2.91693e-01 3.97913e-01 1.22359e-02
15.505916 1.95645557e-01 7.49254378e-02 2.70570995e-01 -1.71164559e-02 1.52518003e+01 1.14724286e+01 5.34484578e-02 3.829652e-01 7.522016e-01 4.753284e+01 4.977816e+01 3.142153e-01 1.2392e-02 1.5139e-02 -8.2906e-05 0.08473 2.01216e-01 2.96319e-01 4.05837e-01 1.21283e-02
15.756011 1.96825845e-01 7.38179298e-02 2.70643774e-01 -1.59839264e-02 1.49744396e+01 1.08890603e+01 5.17269998e-02 3.750419e-01 7.271765e-01 4.278485e+01 4.470337e+01 2.496585e-01 1.3845e-02 1.8228e-02 -8.4205e-05 0.07971 1.99819e-01 2.96039e-01 4.01517e-01 1.21975e-02
16.006107 1.98003990e-01 7.36754573e-02 2.71679447e-01 -1.50216395e-02 1.42617267e+01 1.02975589e+01 4.91185712e-02 3.720908e-01 7.220415e-01 3.669165e+01 3.827210e+01 2.167731e-01 1.3547e-02 1.8802e-02 -8.5416e-05 0.07201 2.03616e-01 2.95694e-01 3.97766e-01 1.23307e-02
16.256202 1.99438966e-01 7.42570549e-02 2.73696021e-01 -1.41556052e-02 1.38317018e+01 9.84103259e+00 4.73454688e-02 3.723297e-01 7.114839e-01 3.686252e+01 3.842128e+01 3.212628e-01 1.2528e-02 1.7919e-02 -8.6755e-05 0.07436 2.05801e-01 2.94930e-01 3.95524e-01 1.24795e-02
16.506297 2.00447135e-01 7.57010498e-02 2.76148184e-01 -1.33875519e-02 1.40811782e+01 1.00547283e+01 4.82718132e-02 3.776609e-01 7.140545e-01 4.456384e+01 4.112165e+01 3.848571e-01 1.1122e-02 1.5828e-02 -8.8628e-05 0.07569 2.05830e-01 2.90801e-01 3.96529e-01 1.27560e-02
16.756393 2.00394078e-01 7.77230420e-02 2.78117120e-01 -1.27633263e-02 1.47547873e+01 1.09931201e+01 5.14958148e-02 3.878510e-01 7.450545e-01 4.497798e+01 4.518942e+01 3.742404e-01 1.1047e-02 1.5074e-02 -9.1153e-05 0.07391 2.00830e-01 2.81836e-01 3.99010e-01 1.31844e-02
17.006488 1.98964999e-01 8.00533793e-02 2.79018378e-01 -1.23603753e-02 1.55211813e+01 1.23706893e+01 5.57837412e-02 4.023491e-01 7.970198e-01 5.101250e+01 4.328652e+01 4.567112e-01 1.1605e-02 1.4475e-02 -9.4577e-05 0.07051 1.95278e-01 2.77159e-01 3.98071e-01 1.38508e-02
17.256584 1.95967491e-01 8.25964340e-02 2.78563925e-01 -1.21733310e-02 1.62800594e+01 1.36243725e+01 5.98088638e-02 4.214803e-01 8.368749e-01 5.989254e+01 5.566835e+01 5.503221e-01 1.1319e-02 1.4333e-02 -9.8810e-05 0.07497 1.94597e-01 2.83836e-01 3.96054e-01 1.45582e-02
17.506679 1.91511354e-01 8.54598860e-02 2.76971240e-01 -1.19851525e-02 1.68856865e+01 1.41503222e+01 6.20720175e-02 4.462393e-01 8.380069e-01 5.344161e+01 5.046660e+01 4.973583e-01 1.0797e-02 1.5393e-02 -1.0301e-04 0.07342 1.98936e-01 2.96184e-01 4.03932e-01 1.49568e-02
17.756774 1.85785177e-01 8.87274216e-02 2.74512598e-01 -1.17353600e-02 1.75147232e+01 1.45000222e+01 6.40294907e-02 4.775807e-01 8.278762e-01 4.526524e+01 5.096620e+01 4.257937e-01 9.9901e-03 1.8755e-02 -1.0631e-04 0.07370 2.05288e-01 3.04586e-01 4.15079e-01 1.51253e-02
18.006870 1.79067109e-01 9.18050658e-02 2.70872175e-01 -1.16098146e-02 1.82573989e+01 1.60019065e+01 6.85186108e-02 5.126853e-01 8.764615e-01 4.356995e+01 5.745449e+01 4.148124e-01 9.5722e-03 1.9337e-02 -1.0884e-04 0.07204 2.09540e-01 3.10062e-01 4.25541e-01 1.53492e-02
18.256965 1.72022427e-01 9.34260716e-02 2.65448499e-01 -1.15286587e-02 1.85136264e+01 1.80974666e+01 7.32221859e-02 5.431040e-01 9.775214e-01 4.522085e+01 5.909932e+01 3.596532e-01 1.0745e-02 1.8366e-02 -1.1114e-04 0.06578 1.96270e-01 2.92636e-01 4.12470e-01 1.52033e-02
18.507061 1.65522491e-01 9.32357753e-02 2.58758266e-01 -1.15141902e-02 1.79688941e+01 1.98382509e+01 7.56142900e-02 5.632816e-01 1.104033e+00 5.870164e+01 5.328957e+01 2.938705e-01 1.2454e-02 1.7317e-02 -1.1362e-04 0.06276 1.72796e-01 2.61935e-01 3.81091e-01 1.44280e-02
18.757156 1.60125671e-01 9.17030495e-02 2.51828720e-01 -1.18548371e-02 1.70847635e+01 2.02438242e+01 7.46571755e-02 5.726942e-01 1.184905e+00 5.114265e+01 5.478536e+01 2.298048e-01 1.1975e-02 1.6005e-02 -1.1565e-04 0.06038 1.59856e-01 2.44016e-01 3.57224e-01 1.34411e-02
19.007252 1.55957012e-01 8.97666017e-02 2.45723614e-01 -1.25149474e-02 1.61305935e+01 1.89006898e+01 7.00625666e-02 5.755855e-01 1.171729e+00 4.351566e+01 5.879042e+01 2.287676e-01 1.2346e-02 1.4776e-02 -1.1705e-04 0.05848 1.56822e-01 2.34061e-01 3.47086e-01 1.27135e-02
19.257347 1.53128228e-01 8.82030953e-02 2.41331323e-01 -1.32387214e-02 1.49036849e+01 1.67603526e+01 6.33280751e-02 5.760081e-01 1.124578e+00 3.957667e+01 5.834701e+01 2.591649e-01 1.2573e-02 1.4885e-02 -1.1857e-04 0.06020 1.47696e-01 2.21380e-01 3.43683e-01 1.20186e-02
19.507442 1.51650086e-01 8.68450514e-02 2.38495137e-01 -1.38271883e-02 1.37925462e+01 1.58185086e+01 5.92221094e-02 5.726673e-01 1.146888e+00 3.806825e+01 5.052968e+01 2.689703e-01 1.2877e-02 1.6453e-02 -1.2074e-04 0.06026 1.38246e-01 2.20569e-01 3.51962e-01 1.13425e-02
19.757538 1.51131768e-01 8.52253729e-02 2.36357141e-01 -1.43566204e-02 1.32203836e+01 1.57328038e+01 5.79063748e-02 5.639144e-01 1.190041e+00 3.248783e+01 5.038357e+01 2.990884e-01 1.2421e-02 1.6658e-02 -1.2334e-04 0.06071 1.42282e-01 2.39994e-01 3.73841e-01 1.09936e-02
20.007633 1.51325863e-01 8.29037253e-02 2.34229589e-01 -1.48204050e-02 1.33785875e+01 1.58743727e+01 5.85059203e-02 5.478490e-01 1.186551e+00 3.435889e+01 5.639308e+01 3.581690e-01 1.1645e-02 1.5385e-02 -1.2565e-04 0.06210 1.53048e-01 2.52802e-01 3.85675e-01 1.11539e-02
20.257729 1.52095290e-01 7.99241930e-02 2.32019483e-01 -1.50558058e-02 1.36411102e+01 1.53175435e+01 5.79173074e-02 5.254876e-01 1.122896e+00 3.084255e+01 5.649702e+01 3.553981e-01 1.2696e-02 1.5291e-02 -1.2760e-04 0.06050 1.59792e-01 2.57336e-01 3.91898e-01 1.14363e-02
20.507824 1.53288753e-01 7.69686664e-02 2.30257419e-01 -1.51520952e-02 1.36321322e+01 1.40089471e+01 5.52821586e-02 5.021156e-01 1.027642e+00 3.032830e+01 5.139584e+01 3.371542e-01 1.3346e-02 1.6033e-02 -1.2967e-04 0.06055 1.70238e-01 2.67376e-01 3.98425e-01 1.16994e-02
20.757919 1.54539628e-01 7.45671650e-02 2.29106793e-01 -1.51053023e-02 1.38061262e+01 1.28350673e+01 5.32823870e-02 4.825116e-01 9.296646e-01 2.982446e+01 4.633085e+01 3.939233e-01 1.1081e-02 1.5797e-02 -1.3175e-04 0.06189 1.83982e-01 2.74379e-01 4.03984e-01 1.20349e-02
21.008015 1.55086837e-01 7.30748084e-02 2.28161646e-01 -1.47176916e-02 1.39067227e+01 1.20936751e+01 5.20007956e-02 4.711864e-01 8.696280e-01 3.291178e+01 5.287170e+01 3.955295e-01 1.0498e-02 1.5731e-02 -1.3371e-04 0.06042 1.90598e-01 2.72483e-01 4.04345e-01 1.22767e-02
21.258110 1.54997983e-01 7.22731268e-02 2.27271110e-01 -1.39032084e-02 1.38289685e+01 1.15512862e+01 5.07605092e-02 4.662843e-01 8.352963e-01 3.166819e+01 5.779039e+01 3.806556e-01 1.0690e-02 1.7432e-02 -1.3585e-04 0.05789 1.94339e-01 2.73993e-01 4.01472e-01 1.23744e-02
21.508206 1.54573120e-01 7.18244092e-02 2.26397529e-01 -1.30509468e-02 1.39030291e+01 1.11318823e+01 5.00698230e-02 4.646630e-01 8.006804e-01 2.858941e+01 6.864680e+01 3.508129e-01 1.1018e-02 1.7403e-02 -1.3807e-04 0.05740 2.06091e-01 2.90995e-01 4.15456e-01 1.26426e-02
21.758301 1.53882652e-01 7.15487693e-02 2.25431421e-01 -1.23843750e-02 1.36712446e+01 1.09255981e+01 4.91936854e-02 4.649567e-01 7.991663e-01 3.024291e+01 6.331524e+01 3.250492e-01 1.1309e-02 1.7928e-02 -1.4026e-04 0.05653 2.12999e-01 2.99101e-01 4.23019e-01 1.27806e-02
22.008397 1.52877839e-01 7.16656867e-02 2.24543525e-01 -1.18099397e-02 1.33639005e+01 1.07265110e+01 4.81808230e-02 4.687775e-01 8.026482e-01 3.546117e+01 5.920900e+01 3.247027e-01 1.1683e-02 2.0050e-02 -1.4266e-04 0.05552 2.11928e-01 2.95039e-01 4.19406e-01 1.28094e-02
22.258492 1.51510458e-01 7.21748712e-02 2.23685329e-01 -1.11292394e-02 1.32192451e+01 1.06545063e+01 4.77475028e-02 4.763689e-01 8.059845e-01 3.401782e+01 5.578514e+01 3.440275e-01 1.2043e-02 2.0907e-02 -1.4567e-04 0.05520 2.06851e-01 2.89329e-01 4.14651e-01 1.27247e-02
22.508587 1.49820225e-01 7.29501579e-02 2.22770383e-01 -1.03759118e-02 1.28955503e+01 1.08147368e+01 4.74205742e-02 4.869180e-01 8.386410e-01 3.399336e+01 5.325669e+01 3.030132e-01 1.3501e-02 2.1293e-02 -1.4932e-04 0.05443 1.96530e-01 2.82263e-01 4.12832e-01 1.23484e-02
22.758683 1.48058431e-01 7.38690214e-02 2.21927453e-01 -9.69891144e-03 1.23556625e+01 1.09635870e+01 4.66384990e-02 4.989180e-01 8.873330e-01 3.526468e+01 4.451108e+01 2.761489e-01 1.4689e-02 1.9992e-02 -1.5309e-04 0.05312 1.87916e-01 2.79351e-01 4.16511e-01 1.16661e-02
23.008778 1.46631419e-01 7.47411034e-02 2.21372522e-01 -9.20135241e-03 1.19983498e+01 1.07176564e+01 4.54320125e-02 5.097209e-01 8.932609e-01 3.357273e+01 4.326905e+01 3.218890e-01 1.5218e-02 1.8366e-02 -1.5674e-04 0.05299 1.85864e-01 2.83385e-01 4.28169e-01 1.12307e-02
23.258874 1.45773619e-01 7.55339573e-02 2.21307576e-01 -9.00750659e-03 1.17928489e+01 1.01569206e+01 4.38995390e-02 5.181593e-01 8.612779e-01 2.921683e+01 4.126606e+01 2.847531e-01 1.4293e-02 1.7751e-02 -1.6028e-04 0.05455 1.91436e-01 2.94161e-01 4.49028e-01 1.11779e-02
23.508969 1.45499455e-01 7.62825564e-02 2.21782011e-01 -9.18157588e-03 1.17123024e+01 9.79843473e+00 4.30214743e-02 5.242807e-01 8.365934e-01 2.548499e+01 4.174308e+01 2.197503e-01 1.2042e-02 1.6790e-02 -1.6370e-04 0.05679 1.98669e-01 3.03502e-01 4.66326e-01 1.14402e-02
23.759064 1.45668039e-01 7.68713517e-02 2.22539391e-01 -9.61097201e-03 1.17086248e+01 9.89271003e+00 4.32026696e-02 5.277160e-01 8.449079e-01 3.094198e+01 4.462735e+01 1.446074e-01 1.0914e-02 1.6193e-02 -1.6695e-04 0.05896 2.04576e-01 3.09644e-01 4.76068e-01 1.16647e-02
24.009160 1.46144130e-01 7.71225917e-02 2.23266722e-01 -1.01154863e-02 1.18111937e+01 1.02444835e+01 4.41113544e-02 5.277160e-01 8.673538e-01 4.374710e+01 4.931033e+01 1.061923e-01 1.0409e-02 1.6189e-02 -1.6992e-04 0.05979 2.07560e-01 3.14989e-01 4.84205e-01 1.19205e-02
24.259255 1.46620682e-01 7.71632665e-02 2.23783948e-01 -1.05777821e-02 1.19291773e+01 1.04702619e+01 4.47988784e-02 5.262782e-01 8.777019e-01 4.761822e+01 5.160455e+01 1.344746e-01 1.0938e-02 1.7159e-02 -1.7263e-04 0.05985 2.08980e-01 3.26888e-01 4.98606e-01 1.22123e-02
24.509351 1.46928939e-01 7.72546973e-02 2.24183637e-01 -1.09782731e-02 1.19534260e+01 1.03257520e+01 4.45583559e-02 5.257963e-01 8.638320e-01 4.466352e+01 5.166666e+01 1.937650e-01 1.1448e-02 1.9005e-02 -1.7525e-04 0.05958 2.10554e-01 3.41455e-01 5.16230e-01 1.23548e-02
24.759446 1.47186533e-01 7.74109454e-02 2.24597479e-01 -1.13247775e-02 1.19344697e+01 1.00865200e+01 4.40419793e-02 5.259377e-01 8.451586e-01 3.926540e+01 4.977085e+01 2.693027e-01 1.1011e-02 1.9976e-02 -1.7774e-04 0.05927 2.11084e-01 3.43854e-01 5.29897e-01 1.23722e-02
25.009542 1.47603490e-01 7.74128823e-02 2.25016373e-01 -1.15765976e-02 1.20342518e+01 9.81207155e+00 4.36926466e-02 5.244651e-01 8.153454e-01 3.736614e+01 4.778245e+01 3.292843e-01 1.0672e-02 2.0240e-02 -1.7997e-04 0.05957 2.08160e-01 3.40574e-01 5.37538e-01 1.23414e-02
25.259637 1.48201229e-01 7.71444158e-02 2.25345645e-01 -1.16934256e-02 1.22459097e+01 9.93804405e+00 4.43679075e-02 5.205383e-01 8.115399e-01 3.723626e+01 4.320692e+01 3.394027e-01 1.0350e-02 2.0822e-02 -1.8210e-04 0.06031 1.98845e-01 3.33977e-01 5.32348e-01 1.22609e-02
25.509732 1.48892361e-01 7.65566812e-02 2.25449042e-01 -1.18267490e-02 1.23408002e+01 1.00431034e+01 4.47678072e-02 5.141747e-01 8.138130e-01 3.418296e+01 4.030324e+01 3.128988e-01 1.1017e-02 2.2787e-02 -1.8427e-04 0.06064 1.94385e-01 3.27804e-01 5.21867e-01 1.22043e-02
25.759828 1.49702668e-01 7.57613858e-02 2.25464054e-01 -1.20895856e-02 1.24434149e+01 1.02082989e+01 4.53034276e-02 5.060791e-01 8.203776e-01 4.184958e+01 3.889892e+01 3.000222e-01 1.1049e-02 2.3788e-02 -1.8655e-04 0.06003 1.90456e-01 3.14791e-01 4.98858e-01 1.22133e-02
26.009923 1.50638694e-01 7.47264627e-02 2.25365157e-01 -1.24347560e-02 1.25991801e+01 1.03080399e+01 4.58144400e-02 4.960642e-01 8.181516e-01 4.703846e+01 3.824136e+01 2.792265e-01 1.1069e-02 2.4127e-02 -1.8903e-04 0.05807 1.86846e-01 3.10986e-01 4.79294e-01 1.23257e-02
26.260019 1.51484778e-01 7.38448538e-02 2.25329631e-01 -1.29152322e-02 1.27322672e+01 1.00879209e+01 4.56403761e-02 4.874738e-01 7.923114e-01 4.468210e+01 4.036585e+01 2.537918e-01 1.0532e-02 2.2357e-02 -1.9172e-04 0.05482 1.91847e-01 3.16496e-01 4.75119e-01 1.25212e-02
26.510114 1.51734689e-01 7.37296367e-02 2.25464326e-01 -1.35684630e-02 1.28981415e+01 9.88005950e+00 4.55564019e-02 4.859115e-01 7.660064e-01 4.212836e+01 4.157450e+01 2.663474e-01 1.0338e-02 1.9913e-02 -1.9448e-04 0.05642 2.00342e-01 3.29865e-01 4.86254e-01 1.27462e-02
26.760209 1.51000421e-01 7.45200445e-02 2.25520465e-01 -1.43206350e-02 1.31041672e+01 1.01180985e+01 4.64445313e-02 4.935089e-01 7.721283e-01 3.912481e+01 4.420648e+01 3.067623e-01 1.0366e-02 1.9625e-02 -1.9730e-04 0.05474 2.11945e-01 3.48385e-01 5.02239e-01 1.30527e-02
27.010305 1.49423629e-01 7.57761249e-02 2.25199754e-01 -1.52169147e-02 1.33171822e+01 1.06020761e+01 4.78385166e-02 5.071228e-01 7.961201e-01 3.957624e+01 5.108547e+01 3.229177e-01 1.0396e-02 1.8663e-02 -2.0003e-04 0.05480 2.32760e-01 3.61399e-01 5.10840e-01 1.32541e-02
27.260400 1.47483050e-01 7.70236540e-02 2.24506704e-01 -1.64403116e-02 1.34934227e+01 1.06945558e+01 4.83759570e-02 5.222543e-01 7.925755e-01 3.402469e+01 4.716222e+01 2.821496e-01 1.0772e-02 1.8067e-02 -2.0228e-04 0.05565 2.38934e-01 3.55090e-01 4.99700e-01 1.32781e-02
27.510496 1.45653594e-01 7.81590578e-02 2.23812652e-01 -1.77371301e-02 1.34666765e+01 1.06949179e+01 4.83231887e-02 5.366092e-01 7.941765e-01 2.952334e+01 4.458959e+01 3.142083e-01 9.8704e-03 1.7357e-02 -2.0436e-04 0.05613 2.28172e-01 3.35686e-01 4.77246e-01 1.31035e-02
27.760591 1.44187443e-01 7.87808972e-02 2.22968340e-01 -1.89413357e-02 1.34763561e+01 1.12334630e+01 4.94196381e-02 5.463783e-01 8.335683e-01 3.242968e+01 4.428066e+01 3.782625e-01 1.0858e-02 1.7536e-02 -2.0667e-04 0.05693 2.20367e-01 3.27382e-01 4.63969e-01 1.29589e-02
28.010686 1.43357263e-01 7.83511077e-02 2.21708371e-01 -1.99450064e-02 1.36361320e+01 1.16437290e+01 5.05597220e-02 5.465444e-01 8.538880e-01 3.282156e+01 4.854801e+01 4.050926e-01 1.2509e-02 1.6630e-02 -2.0899e-04 0.05883 2.20454e-01 3.28266e-01 4.66452e-01 1.29447e-02
28.260782 1.42982603e-01 7.72756391e-02 2.20258243e-01 -2.06985560e-02 1.38198117e+01 1.12841456e+01 5.02079146e-02 5.404548e-01 8.165195e-01 2.827546e+01 4.997404e+01 4.028047e-01 1.2536e-02 1.7708e-02 -2.1128e-04 0.05914 2.27384e-01 3.29716e-01 4.72448e-01 1.31103e-02
28.510877 1.42614104e-01 7.63723035e-02 2.18986408e-01 -2.13510163e-02 1.39245281e+01 1.06364746e+01 4.91220055e-02 5.355172e-01 7.638661e-01 2.562175e+01 6.425235e+01 3.986251e-01 1.2437e-02 1.8541e-02 -2.1390e-04 0.05893 2.34074e-01 3.28760e-01 4.68878e-01 1.34383e-02
28.760973 1.42061795e-01 7.58939461e-02 2.17955741e-01 -2.21889384e-02 1.38948891e+01 1.01203071e+01 4.80303924e-02 5.342319e-01 7.283475e-01 2.798712e+01 7.979186e+01 3.970351e-01 1.2224e-02 1.7885e-02 -2.1716e-04 0.05753 2.41097e-01 3.30926e-01 4.70031e-01 1.36549e-02
29.011068 1.41444886e-01 7.56627456e-02 2.17107631e-01 -2.32579661e-02 1.37522873e+01 9.68718912e+00 4.68789528e-02 5.349274e-01 7.044057e-01 2.759963e+01 8.382829e+01 3.985647e-01 1.1897e-02 1.6789e-02 -2.2116e-04 0.05708 2.46495e-01 3.34989e-01 4.73203e-01 1.35469e-02
29.261164 1.40861321e-01 7.55919833e-02 2.16453304e-01 -2.45658751e-02 1.36962841e+01 9.07498178e+00 4.55425317e-02 5.366412e-01 6.625871e-01 2.542212e+01 8.621178e+01 3.985091e-01 1.1294e-02 1.7491e-02 -2.2574e-04 0.05752 2.53428e-01 3.44425e-01 4.78691e-01 1.34049e-02
29.511259 1.40170397e-01 7.58146724e-02 2.15985070e-01 -2.60350310e-02 1.37140459e+01 8.56818554e+00 4.45644629e-02 5.408751e-01 6.247745e-01 2.582757e+01 8.266488e+01 3.876800e-01 1.0139e-02 1.7757e-02 -2.3055e-04 0.05767 2.59017e-01 3.54113e-01 4.83109e-01 1.32978e-02
29.761354 1.39169347e-01 7.63975417e-02 2.15566889e-01 -2.75122009e-02 1.37736554e+01 8.31597116e+00 4.41792531e-02 5.489538e-01 6.037592e-01 2.932658e+01 7.639286e+01 3.971877e-01 9.7915e-03 1.6048e-02 -2.3526e-04 0.05603 2.63924e-01 3.65278e-01 4.93542e-01 1.32537e-02
30.011450 1.37747480e-01 7.73663364e-02 2.15113816e-01 -2.88914940e-02 1.37464702e+01 8.25162695e+00 4.39961943e-02 5.616534e-01 6.002724e-01 3.475825e+01 6.928565e+01 3.225470e-01 9.9297e-03 1.4886e-02 -2.3959e-04 0.05747 2.68574e-01 3.78177e-01 5.07476e-01 1.32421e-02
30.261545 1.36216765e-01 7.84154033e-02 2.14632168e-01 -3.01754632e-02 1.35406029e+01 8.35286684e+00 4.37869395e-02 5.756663e-01 6.168755e-01 3.334078e+01 6.764142e+01 2.628948e-01 9.1833e-03 1.4759e-02 -2.4333e-04 0.05676 2.67033e-01 3.78407e-01 5.03904e-01 1.30938e-02
30.511641 1.35059882e-01 7.91353465e-02 2.14195229e-01 -3.14240928e-02 1.32020796e+01 8.34757631e+00 4.30993118e-02 5.859278e-01 6.322925e-01 2.961292e+01 6.499590e+01 2.167003e-01 9.1027e-03 1.4453e-02 -2.4647e-04 0.05706 2.57623e-01 3.66172e-01 4.88104e-01 1.27058e-02
30.761736 1.34465966e-01 7.95039052e-02 2.13969871e-01 -3.26579595e-02 1.27765667e+01 8.12112599e+00 4.17953854e-02 5.912567e-01 6.356266e-01 4.198900e+01 6.236799e+01 1.744914e-01 9.8786e-03 1.4040e-02 -2.4930e-04 0.05644 2.48097e-01 3.50400e-01 4.67800e-01 1.21811e-02
31.011831 1.34242213e-01 7.98221779e-02 2.14064391e-01 -3.39099675e-02 1.23314878e+01 7.94060375e+00 4.05441831e-02 5.946131e-01 6.439291e-01 4.635045e+01 5.788226e+01 1.453292e-01 1.0385e-02 1.3696e-02 -2.5199e-04 0.05520 2.37548e-01 3.32790e-01 4.45351e-01 1.16795e-02
31.261927 1.34251390e-01 8.02532824e-02 2.14504672e-01 -3.52612005e-02 1.18339631e+01 7.87780392e+00 3.94235340e-02 5.977836e-01 6.656945e-01 4.471394e+01 5.265946e+01 1.098833e-01 1.0196e-02 1.3757e-02 -2.5456e-04 0.05439 2.28457e-01 3.18709e-01 4.29479e-01 1.12075e-02
31.512022 1.34662562e-01 8.06516292e-02 2.15314191e-01 -3.68801557e-02 1.14052761e+01 7.93791394e+00 3.86863801e-02 5.989165e-01 6.959861e-01 4.034569e+01 4.889192e+01 9.451455e-02 1.0285e-02 1.3458e-02 -2.5706e-04 0.05323 2.27102e-01 3.15546e-01 4.30526e-01 1.10450e-02
31.762118 1.35466227e-01 8.09664882e-02 2.16432716e-01 -3.88444204e-02 1.12294144e+01 8.01455427e+00 3.84879373e-02 5.976876e-01 7.137108e-01 3.772744e+01 5.722213e+01 1.432591e-01 1.0639e-02 1.3948e-02 -2.5973e-04 0.05537 2.32132e-01 3.16460e-01 4.44200e-01 1.11569e-02
32.012213 1.36339980e-01 8.15433694e-02 2.17883350e-01 -4.10322715e-02 1.10593645e+01 8.24287518e+00 3.86044795e-02 5.980885e-01 7.453299e-01 3.436404e+01 4.032794e+01 1.349947e-01 1.0458e-02 1.4952e-02 -2.6296e-04 0.06124 2.26030e-01 3.09290e-01 4.64494e-01 1.13028e-02
32.262309 1.37194184e-01 8.23530363e-02 2.19547221e-01 -4.31872353e-02 1.09410177e+01 8.90552141e+00 3.96930782e-02 6.002662e-01 8.139573e-01 2.835660e+01 4.010640e+01 1.422277e-01 1.0065e-02 1.6987e-02 -2.6637e-04 0.06345 2.18117e-01 3.10567e-01 4.85417e-01 1.13072e-02
32.512404 1.38094844e-01 8.31864325e-02 2.21281276e-01 -4.52069889e-02 1.08283046e+01 9.56077210e+00 4.07781535e-02 6.023862e-01 8.829427e-01 2.937151e+01 3.736038e+01 2.094786e-01 9.8470e-03 1.6033e-02 -2.6951e-04 0.06243 2.03926e-01 3.12295e-01 4.81734e-01 1.10703e-02
32.762499 1.38952289e-01 8.41515174e-02 2.23103807e-01 -4.72062542e-02 1.06775764e+01 9.92302371e+00 4.12012003e-02 6.056145e-01 9.293330e-01 2.747570e+01 3.605798e+01 2.438792e-01 1.0168e-02 1.6587e-02 -2.7223e-04 0.06031 1.92117e-01 3.08487e-01 4.69586e-01 1.08677e-02
33.012595 1.39895455e-01 8.51843348e-02 2.25079790e-01 -4.92092946e-02 1.05125682e+01 1.00871180e+01 4.11993725e-02 6.089142e-01 9.595294e-01 2.618493e+01 3.784125e+01 2.645686e-01 9.7380e-03 1.7327e-02 -2.7461e-04 0.05979 1.88840e-01 3.04805e-01 4.55271e-01 1.07987e-02
33.262690 1.41221477e-01 8.59384984e-02 2.27159975e-01 -5.12664504e-02 1.03774898e+01 1.00911088e+01 4.09371972e-02 6.085370e-01 9.724036e-01 3.145899e+01 3.962875e+01 3.810887e-01 9.6258e-03 1.7406e-02 -2.7679e-04 0.05810 1.92868e-01 3.07799e-01 4.46448e-01 1.08566e-02
33.512786 1.43142539e-01 8.60719021e-02 2.29214441e-01 -5.34057306e-02 1.04948375e+01 1.00407047e+01 4.10710843e-02 6.013021e-01 9.567280e-01 3.147123e+01 4.218095e+01 4.810459e-01 9.4315e-03 1.8247e-02 -2.7884e-04 0.05724 1.98773e-01 3.12105e-01 4.39931e-01 1.09882e-02
33.762881 1.45383560e-01 8.54362303e-02 2.30819791e-01 -5.55372837e-02 1.08799799e+01 1.01784855e+01 4.21169308e-02 5.876609e-01 9.355243e-01 4.420954e+01 4.351352e+01 4.559920e-01 1.1911e-02 1.9571e-02 -2.8076e-04 0.05785 2.02524e-01 3.11240e-01 4.30866e-01 1.11176e-02
34.012976 1.47378207e-01 8.45784056e-02 2.31956612e-01 -5.77749908e-02 1.13222482e+01 9.82514525e+00 4.22947869e-02 5.738868e-01 8.677734e-01 4.885449e+01 4.072012e+01 4.389440e-01 1.2755e-02 1.9696e-02 -2.8245e-04 0.05712 2.09277e-01 3.11409e-01 4.30735e-01 1.11953e-02
34.263072 1.48668023e-01 8.39631454e-02 2.32631169e-01 -5.99337435e-02 1.18777286e+01 9.89202393e+00 4.35395051e-02 5.647694e-01 8.328212e-01 5.601314e+01 4.776277e+01 5.190789e-01 1.5063e-02 2.0616e-02 -2.8410e-04 0.05505 2.13773e-01 3.05161e-01 4.22975e-01 1.13317e-02
34.513167 1.48865921e-01 8.37852282e-02 2.32651150e-01 -6.15191451e-02 1.23468632e+01 9.97889520e+00 4.46515169e-02 5.628234e-01 8.082130e-01 5.633203e+01 5.290106e+01 5.395189e-01 1.6190e-02 1.9310e-02 -2.8603e-04 0.05577 2.11905e-01 2.93925e-01 4.10876e-01 1.13515e-02
34.763263 1.47778010e-01 8.44843725e-02 2.32262382e-01 -6.23487164e-02 1.21583356e+01 1.00609450e+01 4.44385611e-02 5.716979e-01 8.274936e-01 5.774930e+01 4.999050e+01 4.511275e-01 1.6961e-02 1.6734e-02 -2.8875e-04 0.05722 2.01668e-01 2.84805e-01 3.99767e-01 1.10763e-02
35.013358 1.45901025e-01 8.60050640e-02 2.31906089e-01 -6.25653314e-02 1.14277436e+01 9.96207973e+00 4.27796466e-02 5.894754e-01 8.717451e-01 5.226299e+01 4.228678e+01 4.096296e-01 1.6430e-02 1.4797e-02 -2.9227e-04 0.05651 1.88863e-01 2.79554e-01 4.00116e-01 1.05120e-02
35.263454 1.43875529e-01 8.79436212e-02 2.31819150e-01 -6.25031599e-02 1.06706733e+01 9.83218027e+00 4.10057072e-02 6.112479e-01 9.214208e-01 4.400305e+01 3.936085e+01 4.285426e-01 1.4550e-02 1.3948e-02 -2.9639e-04 0.05790 1.76146e-01 2.74021e-01 3.99364e-01 9.90113e-03
35.513549 1.42135981e-01 8.98602414e-02 2.31996223e-01 -6.24566892e-02 1.02407177e+01 9.77847898e+00 4.00383933e-02 6.322132e-01 9.548627e-01 3.479771e+01 3.873240e+01 4.424227e-01 1.1550e-02 1.3421e-02 -3.0085e-04 0.05833 1.63530e-01 2.68724e-01 3.97813e-01 9.53060e-03
35.763644 1.40704867e-01 9.14446734e-02 2.32149541e-01 -6.25098173e-02 1.02266470e+01 9.95333345e+00 4.03599608e-02 6.499041e-01 9.732744e-01 2.937214e+01 3.975385e+01 4.708990e-01 1.0700e-02 1.3092e-02 -3.0502e-04 0.05834 1.58537e-01 2.68761e-01 4.00234e-01 9.29459e-03
36.013740 1.39340183e-01 9.27999745e-02 2.32140158e-01 -6.27815988e-02 1.03839829e+01 9.96880847e+00 4.07055828e-02 6.659958e-01 9.600178e-01 2.719094e+01 4.118779e+01 4.332021e-01 9.8087e-03 1.2907e-02 -3.0839e-04 0.05758 1.65294e-01 2.74679e-01 4.05069e-01 9.25367e-03
36.263835 1.37855999e-01 9.42286339e-02 2.32084632e-01 -6.33380331e-02 1.06549046e+01 9.96576404e+00 4.12413373e-02 6.835294e-01 9.353218e-01 2.519889e+01 4.102531e+01 3.979627e-01 8.9251e-03 1.3372e-02 -3.1105e-04 0.05517 1.72116e-01 2.73400e-01 4.01433e-01 9.52851e-03
36.513931 1.36015840e-01 9.59073327e-02 2.31923172e-01 -6.39995650e-02 1.10150148e+01 1.02652119e+01 4.25604534e-02 7.051189e-01 9.319290e-01 3.825786e+01 4.953278e+01 3.996856e-01 9.3957e-03 1.4587e-02 -3.1351e-04 0.05536 1.73148e-01 2.65470e-01 3.86225e-01 1.00779e-02
36.764026 1.33799693e-01 9.77845620e-02 2.31584255e-01 -6.44473610e-02 1.13137413e+01 1.06546773e+01 4.39368371e-02 7.308280e-01 9.417466e-01 4.143760e+01 5.438083e+01 3.368796e-01 1.0599e-02 1.4891e-02 -3.1621e-04 0.05548 1.74574e-01 2.62937e-01 3.69882e-01 1.06242e-02
37.014121 1.31407494e-01 9.98036713e-02 2.31211166e-01 -6.46298289e-02 1.12595152e+01 1.09450931e+01 4.44092167e-02 7.594976e-01 9.720750e-01 4.203686e+01 5.283078e+01 2.793058e-01 1.0843e-02 1.6063e-02 -3.1931e-04 0.05399 1.73617e-01 2.58234e-01 3.58500e-01 1.07980e-02
37.264217 1.29379533e-01 1.01740332e-01 2.31119865e-01 -6.49075794e-02 1.08246914e+01 1.09589135e+01 4.35672097e-02 7.863711e-01 1.012400e+00 4.054629e+01 4.880559e+01 2.286685e-01 1.0084e-02 1.7572e-02 -3.2292e-04 0.05101 1.66213e-01 2.46480e-01 3.51391e-01 1.02716e-02
37.514312 1.28267240e-01 1.03254928e-01 2.31522168e-01 -6.56261500e-02 1.04042602e+01 1.09347867e+01 4.26780938e-02 8.049984e-01 1.050991e+00 3.978753e+01 4.377668e+01 2.224718e-01 9.0923e-03 1.6389e-02 -3.2678e-04 0.04988 1.59827e-01 2.37506e-01 3.54025e-01 9.83684e-03
37.764408 1.28134312e-01 1.04083748e-01 2.32218059e-01 -6.66357395e-02 1.01685743e+01 1.12485731e+01 4.28342949e-02 8.123019e-01 1.106209e+00 3.590776e+01 3.780867e+01 2.773938e-01 9.1680e-03 1.5176e-02 -3.3007e-04 0.05180 1.52573e-01 2.26175e-01 3.59333e-01 9.50265e-03
38.014503 1.28732848e-01 1.04204666e-01 2.32937514e-01 -6.76409693e-02 9.99184044e+00 1.17088153e+01 4.34013115e-02 8.094645e-01 1.171838e+00 3.724568e+01 3.314229e+01 3.111284e-01 9.6057e-03 1.4928e-02 -3.3272e-04 0.05594 1.40192e-01 2.13379e-01 3.57644e-01 9.23269e-03
38.264599 1.29894383e-01 1.03747657e-01 2.33642040e-01 -6.85852106e-02 9.88031298e+00 1.19603172e+01 4.36812603e-02 7.987078e-01 1.210520e+00 2.991556e+01 3.055030e+01 3.396418e-01 9.8527e-03 1.5625e-02 -3.3510e-04 0.05983 1.28243e-01 2.01987e-01 3.56181e-01 9.00207e-03
38.514694 1.31349644e-01 1.03127652e-01 2.34477296e-01 -6.95220311e-02 9.82768091e+00 1.17100987e+01 4.30755592e-02 7.851384e-01 1.191542e+00 2.916423e+01 2.904305e+01 3.149040e-01 1.1530e-02 1.6240e-02 -3.3740e-04 0.06360 1.21327e-01 1.96257e-01 3.59872e-01 8.87292e-03
38.764789 1.32840709e-01 1.02874201e-01 2.35714910e-01 -7.05476786e-02 9.65956075e+00 1.12794755e+01 4.18780725e-02 7.744177e-01 1.167701e+00 2.916419e+01 2.998902e+01 2.791052e-01 1.1257e-02 1.5836e-02 -3.3969e-04 0.06074 1.19310e-01 1.95712e-01 3.67573e-01 8.89065e-03
39.014885 1.34293028e-01 1.03026215e-01 2.37319243e-01 -7.13278552e-02 9.63094827e+00 1.11669859e+01 4.15958683e-02 7.671747e-01 1.159490e+00 2.628822e+01 3.175315e+01 3.124185e-01 9.8249e-03 1.5607e-02 -3.4208e-04 0.06057 1.17980e-01 1.94550e-01 3.71176e-01 9.00287e-03
39.264980 1.35630314e-01 1.03323725e-01 2.38954038e-01 -7.17574459e-02 9.78421192e+00 1.13262203e+01 4.22208644e-02 7.618041e-01 1.157602e+00 2.838411e+01 3.116297e+01 2.668860e-01 8.7746e-03 1.5483e-02 -3.4459e-04 0.05867 1.15684e-01 1.91906e-01 3.69742e-01 9.06784e-03
39.515076 1.36809721e-01 1.03414675e-01 2.40224396e-01 -7.19257551e-02 9.94536056e+00 1.20988336e+01 4.40883882e-02 7.559015e-01 1.216530e+00 3.951099e+01 3.146054e+01 3.160544e-01 8.7265e-03 1.5616e-02 -3.4724e-04 0.05796 1.11184e-01 1.88368e-01 3.63855e-01 9.01334e-03
39.765171 1.37996957e-01 1.02793319e-01 2.40790276e-01 -7.20471573e-02 1.02247208e+01 1.24900678e+01 4.54295772e-02 7.448956e-01 1.221556e+00 5.037941e+01 3.379396e+01 2.605800e-01 9.1150e-03 1.6857e-02 -3.5008e-04 0.05951 1.10108e-01 1.95236e-01 3.64091e-01 8.90940e-03
40.015266 1.39146831e-01 1.01676279e-01 2.40823110e-01 -7.25852059e-02 1.06748361e+01 1.24527885e+01 4.62552492e-02 7.307121e-01 1.166555e+00 5.093728e+01 3.903689e+01 2.081685e-01 8.9541e-03 1.8336e-02 -3.5309e-04 0.05996 1.14701e-01 2.12045e-01 3.76114e-01 8.82300e-03
40.265362 1.39863090e-01 1.00412385e-01 2.40275475e-01 -7.36398123e-02 1.11159964e+01 1.26702031e+01 4.75723989e-02 7.179334e-01 1.139817e+00 4.863160e+01 4.123091e+01 3.093839e-01 9.2376e-03 1.9252e-02 -3.5610e-04 0.05888 1.23695e-01 2.34446e-01 4.06338e-01 8.82898e-03
40.515457 1.39966343e-01 9.90754730e-02 2.39041816e-01 -7.49159183e-02 1.17200585e+01 1.25771233e+01 4.85943635e-02 7.078521e-01 1.073128e+00 4.912043e+01 4.647423e+01 4.438443e-01 1.0747e-02 2.1148e-02 -3.5901e-04 0.06029 1.41741e-01 2.66949e-01 4.14970e-01 9.02591e-03
40.765553 1.39361152e-01 9.79756234e-02 2.37336775e-01 -7.62435156e-02 1.20043510e+01 1.24349713e+01 4.88786446e-02 7.030340e-01 1.035872e+00 4.688969e+01 4.243435e+01 4.714928e-01 1.0953e-02 2.0777e-02 -3.6151e-04 0.05905 1.50684e-01 2.67279e-01 4.00461e-01 9.34253e-03
41.015648 1.38238539e-01 9.69522026e-02 2.35190741e-01 -7.72620645e-02 1.20898820e+01 1.25596034e+01 4.92989709e-02 7.013399e-01 1.038852e+00 4.790452e+01 4.103661e+01 4.959227e-01 1.1903e-02 2.0271e-02 -3.6371e-04 0.05906 1.46844e-01 2.49077e-01 3.77203e-01 9.44404e-03
41.265744 1.36445587e-01 9.59843062e-02 2.32429893e-01 -7.76854862e-02 1.24424513e+01 1.28690021e+01 5.06229068e-02 7.034622e-01 1.034282e+00 4.415046e+01 3.971942e+01 5.238628e-01 1.3073e-02 1.9813e-02 -3.6588e-04 0.05891 1.43868e-01 2.39008e-01 3.63424e-01 9.58353e-03
41.515839 1.33562352e-01 9.53025469e-02 2.28864899e-01 -7.73696045e-02 1.27329629e+01 1.32328756e+01 5.19316771e-02 7.135435e-01 1.039261e+00 4.710461e+01 5.074472e+01 4.449333e-01 1.2824e-02 1.9125e-02 -3.6812e-04 0.05965 1.45527e-01 2.35146e-01 3.58308e-01 9.66693e-03
41.765934 1.29892610e-01 9.48255332e-02 2.24718143e-01 -7.64719079e-02 1.29274614e+01 1.32482676e+01 5.23514581e-02 7.300302e-01 1.024816e+00 4.116032e+01 6.319867e+01 3.757071e-01 1.2626e-02 1.9422e-02 -3.7024e-04 0.05818 1.48501e-01 2.33586e-01 3.59283e-01 9.78518e-03
42.016030 1.26019295e-01 9.42595994e-02 2.20278894e-01 -7.52852664e-02 1.31323146e+01 1.31466516e+01 5.25579324e-02 7.479775e-01 1.001092e+00 3.362513e+01 5.920135e+01 3.657170e-01 1.1607e-02 1.8716e-02 -3.7241e-04 0.05560 1.54027e-01 2.39498e-01 3.63408e-01 9.93345e-03
42.266125 1.22173899e-01 9.34852378e-02 2.15659137e-01 -7.38522966e-02 1.30770784e+01 1.30078340e+01 5.21698249e-02 7.651817e-01 9.947049e-01 3.742722e+01 5.377029e+01 3.365865e-01 1.1668e-02 1.8918e-02 -3.7443e-04 0.05622 1.57631e-01 2.42570e-01 3.62652e-01 1.01523e-02
42.516221 1.18529042e-01 9.27577791e-02 2.11286821e-01 -7.21847066e-02 1.24978957e+01 1.25179940e+01 5.00317793e-02 7.825743e-01 1.001608e+00 3.590912e+01 4.831761e+01 2.657672e-01 1.1113e-02 1.8069e-02 -3.7637e-04 0.05630 1.55330e-01 2.40037e-01 3.59810e-01 1.02034e-02
42.766316 1.15426626e-01 9.22992747e-02 2.07725900e-01 -7.04839836e-02 1.15938983e+01 1.18131979e+01 4.68141924e-02 7.996359e-01 1.018915e+00 3.862153e+01 4.288531e+01 2.193731e-01 1.0350e-02 1.7416e-02 -3.7849e-04 0.05601 1.46940e-01 2.29409e-01 3.51883e-01 9.99386e-03
43.016411 1.13091845e-01 9.21626019e-02 2.05254447e-01 -6.88935916e-02 1.07194827e+01 1.11158093e+01 4.36705841e-02 8.149359e-01 1.036973e+00 3.487496e+01 3.708435e+01 2.199681e-01 1.0286e-02 1.6983e-02 -3.8095e-04 0.05506 1.39251e-01 2.17753e-01 3.39679e-01 9.57832e-03
43.266507 1.11599894e-01 9.22880427e-02 2.03887936e-01 -6.74539638e-02 9.91144602e+00 1.06651610e+01 4.11532141e-02 8.269546e-01 1.076045e+00 3.539110e+01 3.674231e+01 2.414491e-01 1.0091e-02 1.6426e-02 -3.8376e-04 0.05226 1.34531e-01 2.09279e-01 3.31135e-01 9.21954e-03
43.516602 1.11220225e-01 9.22596656e-02 2.03479891e-01 -6.63707166e-02 9.26710569e+00 1.05020986e+01 3.95384086e-02 8.295224e-01 1.133266e+00 3.454188e+01 3.612441e+01 2.464881e-01 1.0141e-02 1.6204e-02 -3.8680e-04 0.04801 1.31452e-01 2.02113e-01 3.27500e-01 9.01230e-03
43.766698 1.11970555e-01 9.18549790e-02 2.03825534e-01 -6.58763601e-02 8.81612241e+00 1.04494648e+01 3.85311745e-02 8.203494e-01 1.185268e+00 3.571770e+01 3.310631e+01 2.268474e-01 1.0458e-02 1.5491e-02 -3.8970e-04 0.04718 1.31214e-01 1.98724e-01 3.26496e-01 8.85357e-03
44.016793 1.13647804e-01 9.11395304e-02 2.04787334e-01 -6.60430664e-02 8.53311111e+00 1.04512269e+01 3.79686759e-02 8.019471e-01 1.224785e+00 3.122369e+01 3.242135e+01 1.977131e-01 1.0061e-02 1.4825e-02 -3.9232e-04 0.04877 1.33109e-01 1.99494e-01 3.27972e-01 8.76366e-03
44.266888 1.15870226e-01 9.03763827e-02 2.06246608e-01 -6.66957786e-02 8.34372672e+00 1.04666782e+01 3.76208098e-02 7.799793e-01 1.254437e+00 3.896351e+01 3.443084e+01 2.128923e-01 1.0084e-02 1.4583e-02 -3.9470e-04 0.04890 1.35966e-01 2.03762e-01 3.34704e-01 8.68819e-03
44.516984 1.18224489e-01 8.98260695e-02 2.08050559e-01 -6.75926698e-02 8.26239727e+00 1.07194981e+01 3.79637908e-02 7.597924e-01 1.297384e+00 4.730541e+01 3.739651e+01 2.833456e-01 1.0831e-02 1.4035e-02 -3.9697e-04 0.04846 1.36352e-01 2.08385e-01 3.46005e-01 8.60810e-03
44.767079 1.20606325e-01 8.94316513e-02 2.10037976e-01 -6.85519993e-02 8.29462218e+00 1.08367729e+01 3.82627902e-02 7.415171e-01 1.306482e+00 4.349571e+01 4.050818e+01 3.308576e-01 1.1927e-02 1.3658e-02 -3.9922e-04 0.04922 1.35666e-01 2.15268e-01 3.61505e-01 8.58371e-03
45.017175 1.23336829e-01 8.90454556e-02 2.12382284e-01 -6.94820581e-02 8.35815427e+00 1.03385182e+01 3.73933449e-02 7.219697e-01 1.236938e+00 3.673816e+01 4.188245e+01 3.831883e-01 1.1727e-02 1.4006e-02 -4.0146e-04 0.05165 1.36735e-01 2.28240e-01 3.84871e-01 8.54861e-03
45.267270 1.26727961e-01 8.86209802e-02 2.15348941e-01 -7.04498940e-02 8.50328218e+00 9.52380880e+00 3.60541819e-02 6.993009e-01 1.120016e+00 3.350270e+01 4.108954e+01 4.924881e-01 1.0267e-02 1.4890e-02 -4.0359e-04 0.05261 1.39327e-01 2.41973e-01 4.03413e-01 8.55046e-03
45.517366 1.30640703e-01 8.82616797e-02 2.18902383e-01 -7.14212722e-02 8.82578188e+00 8.75450915e+00 3.51605820e-02 6.756063e-01 9.919245e-01 3.069500e+01 4.010087e+01 5.076159e-01 9.7403e-03 1.5966e-02 -4.0557e-04 0.05343 1.41765e-01 2.45700e-01 4.04980e-01 8.62839e-03
45.767461 1.34728274e-01 8.80582966e-02 2.22786571e-01 -7.22222693e-02 9.18086720e+00 8.40426609e+00 3.51702666e-02 6.535992e-01 9.154109e-01 2.938071e+01 3.839813e+01 4.680914e-01 1.0056e-02 1.6541e-02 -4.0742e-04 0.05393 1.40021e-01 2.37135e-01 3.94780e-01 8.67162e-03
46.017556 1.38798650e-01 8.77729141e-02 2.26571564e-01 -7.28077323e-02 9.39427228e+00 8.61186522e+00 3.60122750e-02 6.323758e-01 9.167145e-01 3.362837e+01 3.318199e+01 3.301660e-01 1.0423e-02 1.6742e-02 -4.0922e-04 0.05795 1.36473e-01 2.29621e-01 3.85645e-01 8.81624e-03
46.267652 1.42804601e-01 8.71440169e-02 2.29948617e-01 -7.33994980e-02 9.61595412e+00 8.92205982e+00 3.70760279e-02 6.102326e-01 9.278393e-01 3.487796e+01 3.243831e+01 2.688694e-01 1.0401e-02 1.8089e-02 -4.1111e-04 0.06017 1.39415e-01 2.35061e-01 3.85845e-01 9.11392e-03
46.517747 1.46630421e-01 8.63222517e-02 2.32952672e-01 -7.41242204e-02 9.88807526e+00 8.68507678e+00 3.71463041e-02 5.887063e-01 8.783385e-01 3.015592e+01 3.890082e+01 2.810628e-01 1.1424e-02 1.9008e-02 -4.1307e-04 0.06029 1.54398e-01 2.57528e-01 4.07414e-01 9.50645e-03
46.767843 1.50022844e-01 8.57323204e-02 2.35755164e-01 -7.51414163e-02 1.03372675e+01 8.35018201e+00 3.73748990e-02 5.714618e-01 8.077746e-01 2.790507e+01 4.838247e+01 3.766510e-01 1.1604e-02 1.8789e-02 -4.1500e-04 0.06152 1.77077e-01 2.88086e-01 4.36201e-01 9.99252e-03
47.017938 1.52648234e-01 8.54647756e-02 2.38113010e-01 -7.66179987e-02 1.09854940e+01 8.31896372e+00 3.86089154e-02 5.598805e-01 7.572681e-01 2.717692e+01 5.215322e+01 4.411436e-01 1.1234e-02 1.8303e-02 -4.1675e-04 0.06210 1.98719e-01 3.11804e-01 4.58623e-01 1.05848e-02
47.268033 1.54096528e-01 8.56937896e-02 2.39790317e-01 -7.85924263e-02 1.16005783e+01 8.58574927e+00 4.03726552e-02 5.561046e-01 7.401139e-01 2.470043e+01 4.745417e+01 4.531813e-01 1.0594e-02 1.7544e-02 -4.1829e-04 0.05959 2.10345e-01 3.20193e-01 4.65770e-01 1.10705e-02
47.518129 1.53967035e-01 8.66656432e-02 2.40632678e-01 -8.08678006e-02 1.22947796e+01 9.25168901e+00 4.30929372e-02 5.628844e-01 7.524892e-01 4.142464e+01 6.511600e+01 5.250483e-01 1.1387e-02 1.9720e-02 -4.1983e-04 0.05720 2.16421e-01 3.16615e-01 4.63488e-01 1.13628e-02
47.768224 1.52127317e-01 8.85309705e-02 2.40658287e-01 -8.31009901e-02 1.28525520e+01 9.54438383e+00 4.47938717e-02 5.819531e-01 7.426061e-01 4.253593e+01 7.476440e+01 5.613553e-01 1.2165e-02 1.9658e-02 -4.2134e-04 0.05439 2.19180e-01 3.12838e-01 4.60794e-01 1.15023e-02
48.018320 1.49061031e-01 9.14283021e-02 2.40489333e-01 -8.51564660e-02 1.30079881e+01 9.17254302e+00 4.43610622e-02 6.133615e-01 7.051469e-01 3.152069e+01 6.435544e+01 5.365188e-01 1.2254e-02 2.0118e-02 -4.2318e-04 0.05659 2.16389e-01 3.04528e-01 4.47028e-01 1.16002e-02
48.268415 1.45674101e-01 9.47731120e-02 2.40447213e-01 -8.71496306e-02 1.30961287e+01 9.12559543e+00 4.44434482e-02 6.505831e-01 6.968163e-01 2.959078e+01 4.984663e+01 5.136349e-01 1.1280e-02 2.0823e-02 -4.2544e-04 0.05717 2.10856e-01 2.93304e-01 4.29039e-01 1.17180e-02
48.518511 1.42471995e-01 9.78089360e-02 2.40280932e-01 -8.90188062e-02 1.32709006e+01 9.39576931e+00 4.53333399e-02 6.865134e-01 7.079979e-01 2.727971e+01 4.921433e+01 5.108160e-01 1.1321e-02 1.9767e-02 -4.2799e-04 0.05765 2.05416e-01 2.83505e-01 4.18575e-01 1.18192e-02
48.768606 1.39204904e-01 1.00680882e-01 2.39885786e-01 -9.06410073e-02 1.33698366e+01 9.80380900e+00 4.63472912e-02 7.232567e-01 7.332781e-01 2.880235e+01 5.281291e+01 4.919224e-01 1.1143e-02 1.8294e-02 -4.3091e-04 0.05689 1.99969e-01 2.79614e-01 4.10494e-01 1.18067e-02
49.018701 1.35610830e-01 1.03678686e-01 2.39289516e-01 -9.20091173e-02 1.32058874e+01 1.03528365e+01 4.71174478e-02 7.645310e-01 7.839561e-01 3.562810e+01 4.823268e+01 4.707552e-01 1.0841e-02 1.6984e-02 -4.3404e-04 0.05454 1.91731e-01 2.74020e-01 3.97540e-01 1.16447e-02
49.268797 1.32124604e-01 1.06536519e-01 2.38661123e-01 -9.32010964e-02 1.26808359e+01 1.07875260e+01 4.69367238e-02 8.063337e-01 8.506952e-01 3.560984e+01 4.605982e+01 4.002501e-01 1.0780e-02 1.5952e-02 -4.3724e-04 0.05474 1.81250e-01 2.63253e-01 3.83333e-01 1.13414e-02
49.518892 1.29436196e-01 1.08824915e-01 2.38261112e-01 -9.43432105e-02 1.19536492e+01 1.10778588e+01 4.60630161e-02 8.407611e-01 9.267345e-01 3.783020e+01 4.507365e+01 3.280005e-01 1.0481e-02 1.5368e-02 -4.4042e-04 0.05491 1.71240e-01 2.51708e-01 3.71243e-01 1.09505e-02
49.768988 1.28059561e-01 1.10184097e-01 2.38243658e-01 -9.54682901e-02 1.11915505e+01 1.10435631e+01 4.44702273e-02 8.604129e-01 9.867769e-01 3.418196e+01 4.285410e+01 2.929608e-01 1.0394e-02 1.4766e-02 -4.4349e-04 0.05597 1.62052e-01 2.40729e-01 3.61580e-01 1.04605e-02
49.999987 1.28032462e-01 1.10680654e-01 2.38713117e-01 -9.65700876e-02 1.05717492e+01 1.06105507e+01 4.23645997e-02 8.644734e-01 1.003670e+00 3.173960e+01 4.056975e+01 2.709017e-01 1.0358e-02 1.4176e-02 -4.4627e-04 0.05896 1.55224e-01 2.33462e-01 3.54773e-01 9.94882e-03
