# tg_mhd (CUDA FP64)  tgc_noslip_cond_n256_re1000_drive0.4_bdrive0.4  N=256 L=256 Re=1000 Pm=1 u0=0.05 nu_lat=4.058451e-03 eta_lat=4.058451e-03 tau_f=0.512175 tau_m=0.516234 dt=6.159986e-04 fw=profile
# t E_V E_M E_T H_C Omega_V Omega_M eps EM/EV OmM/OmV j_max w_max skew divb/j divb_wall/j mass_drift umax_lat fw1 fw2 fw4 tau_wall
0.000000 1.23061415e-01 1.25000000e-01 2.48061415e-01 1.33079760e-20 3.56133618e+01 1.49969646e+00 7.42261165e-02 1.015753e+00 4.211050e-02 3.463620e+00 1.217420e+02 6.021784e-19 3.3668e-15 5.1489e-15 +0.0000e+00 0.04999 9.51522e-01 9.53569e-01 9.57721e-01 5.95183e-02
0.250095 1.28848155e-01 1.55388248e-01 2.84236402e-01 -5.76116264e-05 8.08388192e+00 2.23469509e+00 2.06371540e-02 1.205980e+00 2.764384e-01 6.423537e+00 4.352116e+01 9.649813e-02 1.2751e-03 4.6609e-03 -6.4915e-06 0.05278 7.04742e-01 7.63487e-01 7.79386e-01 1.74592e-02
0.500191 1.39417659e-01 1.87445494e-01 3.26863153e-01 -8.00155162e-05 6.56243603e+00 3.33398196e+00 1.97928360e-02 1.344489e+00 5.080403e-01 8.251899e+00 3.605483e+01 1.666333e-01 1.4996e-03 5.5466e-03 -1.4708e-05 0.05559 5.13788e-01 6.19457e-01 6.45042e-01 1.34862e-02
0.750286 1.52185021e-01 2.17082809e-01 3.69267830e-01 1.57616844e-04 6.62410828e+00 4.81080894e+00 2.28698344e-02 1.426440e+00 7.262576e-01 9.845685e+00 3.585813e+01 2.889377e-01 1.6075e-03 6.1573e-03 -1.7103e-05 0.06090 3.81989e-01 4.95268e-01 5.33062e-01 1.20686e-02
1.000382 1.68013055e-01 2.40316326e-01 4.08329381e-01 1.31994180e-03 7.72611062e+00 7.07950246e+00 2.96112262e-02 1.430343e+00 9.163087e-01 1.208326e+01 4.068603e+01 3.676522e-01 1.9995e-03 6.8796e-03 -1.1543e-05 0.06689 2.81630e-01 3.87535e-01 4.39490e-01 1.16805e-02
1.250477 1.87059449e-01 2.54818016e-01 4.41877465e-01 3.97520093e-03 1.03924461e+01 1.12780565e+01 4.33410053e-02 1.362230e+00 1.085217e+00 2.533065e+01 5.392500e+01 4.072119e-01 3.7419e-03 8.2171e-03 -4.1985e-06 0.07034 2.06752e-01 2.97453e-01 3.62840e-01 1.17386e-02
1.500572 2.03879274e-01 2.64331982e-01 4.68211256e-01 8.31643169e-03 1.42643036e+01 2.02890635e+01 6.91067343e-02 1.296512e+00 1.422366e+00 5.140739e+01 6.452772e+01 4.574263e-01 9.7908e-03 1.1874e-02 -2.5726e-06 0.07449 1.39791e-01 2.12280e-01 2.74413e-01 1.20787e-02
1.750668 2.16483863e-01 2.69454075e-01 4.85937937e-01 1.47647934e-02 1.79353124e+01 3.16277469e+01 9.91261187e-02 1.244684e+00 1.763434e+00 7.295360e+01 6.889746e+01 2.375388e-01 1.5633e-02 1.4852e-02 -1.0179e-05 0.08732 9.98993e-02 1.62990e-01 2.21408e-01 1.19713e-02
2.000763 2.31568116e-01 2.64611280e-01 4.96179396e-01 2.30103271e-02 2.06264707e+01 3.63605388e+01 1.13974019e-01 1.142693e+00 1.762810e+00 6.920223e+01 6.942101e+01 3.294759e-01 1.5966e-02 1.4691e-02 -2.0922e-05 0.07748 9.19402e-02 1.51638e-01 2.61630e-01 1.20526e-02
2.250859 2.47402642e-01 2.54455974e-01 5.01858616e-01 3.12846776e-02 2.35667768e+01 3.75114483e+01 1.22156450e-01 1.028510e+00 1.591709e+00 6.574880e+01 5.526495e+01 2.807825e-01 1.3278e-02 1.3319e-02 -2.9625e-05 0.08100 9.16605e-02 1.49222e-01 2.78070e-01 1.26671e-02
2.500954 2.57864483e-01 2.46542100e-01 5.04406582e-01 3.80170565e-02 2.67103293e+01 3.84051574e+01 1.30230973e-01 9.560917e-01 1.437839e+00 5.952603e+01 6.533818e+01 1.537972e-01 1.3678e-02 1.6089e-02 -3.2925e-05 0.09128 9.17259e-02 1.48493e-01 2.75387e-01 1.38691e-02
2.751050 2.63162112e-01 2.40845625e-01 5.04007738e-01 4.44139525e-02 3.05654558e+01 3.94477616e+01 1.40026435e-01 9.151987e-01 1.290599e+00 5.793992e+01 7.954041e+01 1.152785e-01 1.6008e-02 1.9069e-02 -3.4527e-05 0.09301 1.03512e-01 1.61106e-01 2.82493e-01 1.58032e-02
3.001145 2.67172419e-01 2.32063778e-01 4.99236197e-01 5.18847337e-02 3.39787795e+01 4.06796692e+01 1.49316897e-01 8.685918e-01 1.197208e+00 6.549959e+01 8.238921e+01 1.175702e-01 1.8890e-02 2.1233e-02 -3.8698e-05 0.09091 1.08583e-01 1.73303e-01 2.79682e-01 1.72241e-02
3.251240 2.71348876e-01 2.19438646e-01 4.90787522e-01 5.94647727e-02 3.59952024e+01 4.13414068e+01 1.54673218e-01 8.086956e-01 1.148525e+00 6.679000e+01 7.740562e+01 1.878119e-01 1.8088e-02 2.3467e-02 -4.3018e-05 0.09357 1.13321e-01 1.79733e-01 3.08945e-01 1.85870e-02
3.501336 2.71028577e-01 2.06008750e-01 4.77037327e-01 6.67355080e-02 3.87810435e+01 4.57001361e+01 1.68962359e-01 7.600997e-01 1.178414e+00 9.945428e+01 7.440779e+01 2.989538e-01 2.0928e-02 2.3669e-02 -4.6835e-05 0.09286 1.31604e-01 2.07758e-01 3.17022e-01 1.96771e-02
3.751431 2.65653900e-01 1.92063670e-01 4.57717571e-01 7.45594429e-02 3.95291039e+01 4.42387307e+01 1.67535669e-01 7.229846e-01 1.119143e+00 6.813578e+01 8.238004e+01 2.458785e-01 2.1241e-02 2.3568e-02 -4.8977e-05 0.10531 1.35120e-01 2.07610e-01 3.20529e-01 2.03774e-02
4.001527 2.56665673e-01 1.80805062e-01 4.37470735e-01 8.12007833e-02 4.11266451e+01 4.73685980e+01 1.76990486e-01 7.044380e-01 1.151774e+00 6.034537e+01 1.011066e+02 2.987158e-01 1.8573e-02 2.7543e-02 -4.9891e-05 0.09837 1.35914e-01 2.22682e-01 3.43212e-01 2.01844e-02
4.251622 2.40697648e-01 1.73436655e-01 4.14134304e-01 8.60837273e-02 4.13496614e+01 4.96350246e+01 1.81969372e-01 7.205582e-01 1.200373e+00 7.144893e+01 9.126517e+01 2.793001e-01 1.8120e-02 2.4291e-02 -4.7991e-05 0.10537 1.28787e-01 2.11790e-01 3.37888e-01 1.98697e-02
4.501717 2.24363960e-01 1.67598433e-01 3.91962394e-01 9.09553482e-02 3.81949321e+01 4.83504227e+01 1.73090710e-01 7.469936e-01 1.265886e+00 8.960468e+01 9.198102e+01 2.142505e-01 1.8753e-02 2.2925e-02 -4.7180e-05 0.09384 1.23896e-01 1.97853e-01 3.29368e-01 1.93732e-02
4.751813 2.14747929e-01 1.59430023e-01 3.74177952e-01 9.80141316e-02 3.50025801e+01 4.36608275e+01 1.57326815e-01 7.424054e-01 1.247360e+00 7.453745e+01 7.242350e+01 2.224746e-01 1.7316e-02 2.4043e-02 -5.0058e-05 0.08781 1.20483e-01 1.93739e-01 3.29658e-01 1.86240e-02
5.001908 2.06167513e-01 1.56884366e-01 3.63051879e-01 1.06170316e-01 3.12434119e+01 3.92737553e+01 1.41034334e-01 7.609558e-01 1.257025e+00 5.899532e+01 5.939632e+01 2.510625e-01 1.6273e-02 2.4012e-02 -5.5203e-05 0.08516 1.14030e-01 1.82638e-01 3.10618e-01 1.73033e-02
5.252004 2.02372627e-01 1.56914393e-01 3.59287020e-01 1.14514242e-01 2.83838567e+01 3.52870359e+01 1.27341785e-01 7.753736e-01 1.243208e+00 4.139899e+01 4.954618e+01 2.390242e-01 1.4979e-02 2.1796e-02 -5.9124e-05 0.08235 1.07228e-01 1.71132e-01 2.97329e-01 1.59676e-02
5.502099 2.03034662e-01 1.59032951e-01 3.62067613e-01 1.21772264e-01 2.61091414e+01 3.25162626e+01 1.17250808e-01 7.832798e-01 1.245398e+00 4.725901e+01 5.010453e+01 2.398864e-01 1.3955e-02 2.0811e-02 -6.0726e-05 0.08028 1.01810e-01 1.68262e-01 2.91244e-01 1.45472e-02
5.752195 2.06601162e-01 1.63124768e-01 3.69725929e-01 1.27923934e-01 2.37806696e+01 2.99877485e+01 1.07536836e-01 7.895637e-01 1.261014e+00 4.198164e+01 4.427956e+01 2.464275e-01 1.4657e-02 1.9165e-02 -6.0494e-05 0.07912 9.76060e-02 1.61507e-01 2.76833e-01 1.34077e-02
6.002290 2.11011632e-01 1.69920674e-01 3.80932306e-01 1.33044522e-01 2.25311266e+01 2.71679981e+01 9.93982494e-02 8.052669e-01 1.205798e+00 4.342017e+01 5.197335e+01 2.299271e-01 1.4893e-02 1.9920e-02 -6.0036e-05 0.07889 9.60290e-02 1.52530e-01 2.70004e-01 1.27057e-02
6.252385 2.17195256e-01 1.76853338e-01 3.94048594e-01 1.37648571e-01 2.17424768e+01 2.57752137e+01 9.50353809e-02 8.142597e-01 1.185477e+00 4.894954e+01 5.703034e+01 1.704137e-01 1.4281e-02 1.9573e-02 -6.0338e-05 0.08038 9.25477e-02 1.47864e-01 2.71036e-01 1.24125e-02
6.502481 2.24149389e-01 1.82455123e-01 4.06604512e-01 1.41956829e-01 2.13237488e+01 2.67232869e+01 9.60940715e-02 8.139889e-01 1.253217e+00 5.078631e+01 5.064088e+01 1.904013e-01 1.3032e-02 1.8145e-02 -6.0818e-05 0.08288 8.77720e-02 1.49655e-01 2.76626e-01 1.23156e-02
6.752576 2.30052860e-01 1.85919808e-01 4.15972667e-01 1.45912717e-01 2.17794808e+01 2.91249858e+01 1.01808933e-01 8.081613e-01 1.337267e+00 4.433125e+01 4.687776e+01 2.870854e-01 1.2669e-02 1.7342e-02 -6.0760e-05 0.08913 8.74893e-02 1.64811e-01 2.94875e-01 1.23933e-02
7.002672 2.36181485e-01 1.84522015e-01 4.20703501e-01 1.48828479e-01 2.29960430e+01 3.06972691e+01 1.07386624e-01 7.812721e-01 1.334894e+00 4.744995e+01 4.219792e+01 2.956690e-01 1.2472e-02 1.6517e-02 -5.9592e-05 0.09229 1.09999e-01 2.04364e-01 3.24046e-01 1.31441e-02
7.252767 2.40149325e-01 1.80299285e-01 4.20448610e-01 1.50236749e-01 2.63931944e+01 3.02652698e+01 1.13316928e-01 7.507799e-01 1.146707e+00 6.143212e+01 7.621970e+01 3.178280e-01 1.3133e-02 1.5426e-02 -5.7091e-05 0.09069 1.61427e-01 2.34160e-01 3.43063e-01 1.55436e-02
7.502862 2.39892646e-01 1.76627261e-01 4.16519907e-01 1.49433436e-01 2.96725707e+01 2.87558275e+01 1.16856796e-01 7.362763e-01 9.691047e-01 5.227720e+01 9.361079e+01 2.769225e-01 1.2696e-02 1.9360e-02 -5.7393e-05 0.09067 1.80932e-01 2.52850e-01 3.67454e-01 1.75465e-02
7.752958 2.35522372e-01 1.75036350e-01 4.10558722e-01 1.47030321e-01 2.90464855e+01 2.91674173e+01 1.16427806e-01 7.431835e-01 1.004163e+00 4.997943e+01 9.302331e+01 2.210394e-01 1.2987e-02 2.3286e-02 -6.2308e-05 0.08338 1.67472e-01 2.38211e-01 3.55546e-01 1.68904e-02
8.003053 2.29274976e-01 1.75131049e-01 4.04406025e-01 1.45159967e-01 2.80625077e+01 3.03118765e+01 1.16748768e-01 7.638472e-01 1.080156e+00 5.015316e+01 8.550416e+01 2.829089e-01 1.2372e-02 2.0572e-02 -6.7339e-05 0.08064 1.52756e-01 2.17998e-01 3.35252e-01 1.60597e-02
8.253149 2.25722386e-01 1.73681434e-01 3.99403819e-01 1.43974715e-01 2.73986396e+01 3.10772809e+01 1.16951841e-01 7.694471e-01 1.134264e+00 5.661475e+01 6.990042e+01 2.898513e-01 1.2458e-02 1.9666e-02 -7.1465e-05 0.07920 1.37742e-01 2.10380e-01 3.30643e-01 1.50981e-02
8.503244 2.23855075e-01 1.73050308e-01 3.96905382e-01 1.43503382e-01 2.62528118e+01 3.24263837e+01 1.17358391e-01 7.730462e-01 1.235159e+00 6.792083e+01 5.645017e+01 2.473569e-01 1.3691e-02 1.7936e-02 -7.4351e-05 0.08200 1.35754e-01 2.03381e-01 3.16037e-01 1.46793e-02
8.753340 2.24832712e-01 1.73540112e-01 3.98372824e-01 1.43918562e-01 2.57035592e+01 3.13625449e+01 1.14132208e-01 7.718633e-01 1.220164e+00 5.822155e+01 5.193910e+01 2.016790e-01 1.3906e-02 1.8374e-02 -7.4233e-05 0.08244 1.24764e-01 1.79334e-01 2.76984e-01 1.50298e-02
9.003435 2.27202621e-01 1.77188438e-01 4.04391059e-01 1.46101084e-01 2.55392061e+01 3.04184588e+01 1.11915330e-01 7.798697e-01 1.191050e+00 5.526360e+01 5.962113e+01 2.327490e-01 1.4136e-02 2.1702e-02 -7.3393e-05 0.07851 1.18202e-01 1.67960e-01 2.59923e-01 1.56850e-02
9.253530 2.27435843e-01 1.85241685e-01 4.12677528e-01 1.49892990e-01 2.58702683e+01 3.08844493e+01 1.13509435e-01 8.144789e-01 1.193820e+00 4.883295e+01 5.395282e+01 2.727709e-01 1.4303e-02 2.2302e-02 -7.2916e-05 0.07708 1.25060e-01 1.77732e-01 2.66307e-01 1.67053e-02
9.503626 2.24901139e-01 1.96327841e-01 4.21228980e-01 1.53863949e-01 2.59130519e+01 3.19244593e+01 1.15675022e-01 8.729517e-01 1.231984e+00 5.001214e+01 4.530106e+01 2.787539e-01 1.3664e-02 2.1189e-02 -7.3150e-05 0.08095 1.28275e-01 1.82752e-01 2.72245e-01 1.75051e-02
9.753721 2.21452714e-01 2.07172563e-01 4.28625277e-01 1.57220694e-01 2.70687213e+01 3.12339846e+01 1.16605412e-01 9.355160e-01 1.153877e+00 4.771846e+01 7.430410e+01 2.544575e-01 1.3401e-02 2.1177e-02 -7.4112e-05 0.07345 1.40181e-01 2.04331e-01 3.05901e-01 1.80270e-02
10.003817 2.17374574e-01 2.16199612e-01 4.33574187e-01 1.59669786e-01 2.69439698e+01 3.20958293e+01 1.18079598e-01 9.945948e-01 1.191206e+00 4.610248e+01 1.054436e+02 1.358404e-01 1.2694e-02 2.3130e-02 -7.6189e-05 0.07793 1.38707e-01 2.15622e-01 3.30917e-01 1.71843e-02
10.253912 2.15123824e-01 2.19405485e-01 4.34529308e-01 1.61892588e-01 2.59483126e+01 3.65918893e+01 1.25080404e-01 1.019903e+00 1.410184e+00 6.816437e+01 9.666907e+01 1.434422e-01 1.2716e-02 2.6003e-02 -7.8980e-05 0.07545 1.24844e-01 2.21868e-01 3.56573e-01 1.54174e-02
10.504007 2.13749251e-01 2.16411498e-01 4.30160749e-01 1.64205936e-01 2.66191400e+01 3.84587285e+01 1.30155737e-01 1.012455e+00 1.444777e+00 5.268554e+01 8.442279e+01 1.386583e-01 1.3269e-02 2.3054e-02 -8.0489e-05 0.07530 1.24570e-01 2.07562e-01 3.54795e-01 1.49092e-02
10.754103 2.12585665e-01 2.09683470e-01 4.22269134e-01 1.65779967e-01 2.74034240e+01 3.77831987e+01 1.30373245e-01 9.863481e-01 1.378777e+00 5.993525e+01 7.261778e+01 1.556496e-01 1.3495e-02 1.8376e-02 -8.1010e-05 0.07345 1.33937e-01 2.28570e-01 3.92924e-01 1.53760e-02
11.004198 2.08880973e-01 2.03788068e-01 4.12669040e-01 1.66386177e-01 2.76858773e+01 3.69995660e+01 1.29370886e-01 9.756181e-01 1.336406e+00 5.711473e+01 7.661413e+01 1.589923e-01 1.3192e-02 1.3956e-02 -8.1702e-05 0.07279 1.70272e-01 2.78134e-01 4.31154e-01 1.62060e-02
11.254294 2.03420970e-01 1.99264902e-01 4.02685872e-01 1.65957429e-01 2.72716262e+01 3.65144299e+01 1.27572112e-01 9.795691e-01 1.338916e+00 5.195877e+01 7.961395e+01 1.810852e-01 1.2518e-02 1.4966e-02 -8.3410e-05 0.07588 1.77288e-01 2.85932e-01 4.28789e-01 1.66013e-02
11.504389 1.99069246e-01 1.95943181e-01 3.95012427e-01 1.65705081e-01 2.58256645e+01 3.47897651e+01 1.21230859e-01 9.842966e-01 1.347100e+00 5.297690e+01 7.211488e+01 1.802922e-01 1.2131e-02 1.5683e-02 -8.5650e-05 0.07137 1.59561e-01 2.68002e-01 4.07257e-01 1.58343e-02
11.754485 1.97353209e-01 1.94559174e-01 3.91912383e-01 1.66757938e-01 2.36061698e+01 3.28931617e+01 1.12998663e-01 9.858425e-01 1.393414e+00 5.572209e+01 6.216674e+01 1.910019e-01 1.2693e-02 1.7485e-02 -8.7323e-05 0.07153 1.39294e-01 2.49734e-01 3.81138e-01 1.40550e-02
12.004580 1.97704412e-01 1.96098341e-01 3.93802753e-01 1.69411285e-01 2.20720940e+01 3.28289016e+01 1.09801991e-01 9.918764e-01 1.487349e+00 5.034971e+01 7.094340e+01 2.504174e-01 1.1672e-02 1.6339e-02 -8.8764e-05 0.07108 1.26679e-01 2.31595e-01 3.62788e-01 1.28993e-02
12.254675 2.00922413e-01 1.98928571e-01 3.99850984e-01 1.73011579e-01 2.21452592e+01 3.27738024e+01 1.09838123e-01 9.900766e-01 1.479947e+00 4.777747e+01 7.450342e+01 2.869789e-01 1.2020e-02 1.7063e-02 -8.9178e-05 0.07173 1.22105e-01 2.24177e-01 3.52702e-01 1.30772e-02
12.504771 2.06747124e-01 2.03447476e-01 4.10194601e-01 1.77636782e-01 2.30925931e+01 3.10770257e+01 1.08339238e-01 9.840402e-01 1.345757e+00 4.779025e+01 5.401354e+01 3.035457e-01 1.3471e-02 1.7368e-02 -8.8605e-05 0.07691 1.22911e-01 2.14508e-01 3.32190e-01 1.32706e-02
12.754866 2.14457285e-01 2.09649544e-01 4.24106830e-01 1.83192392e-01 2.34719861e+01 2.87872733e+01 1.04518519e-01 9.775818e-01 1.226452e+00 4.265265e+01 4.807207e+01 2.813687e-01 1.3895e-02 1.8420e-02 -8.8328e-05 0.08140 1.22401e-01 1.99069e-01 3.01553e-01 1.34618e-02
13.004962 2.24806252e-01 2.15408053e-01 4.40214305e-01 1.89122813e-01 2.35948368e+01 2.73121900e+01 1.01814054e-01 9.581942e-01 1.157549e+00 5.622619e+01 4.611513e+01 2.535447e-01 1.5939e-02 1.9327e-02 -8.8580e-05 0.07865 1.18357e-01 1.83665e-01 2.80418e-01 1.40602e-02
13.255057 2.37274484e-01 2.18395890e-01 4.55670375e-01 1.94987164e-01 2.41877040e+01 2.62014036e+01 1.00778215e-01 9.204356e-01 1.083253e+00 4.689844e+01 4.775377e+01 2.491882e-01 1.2892e-02 1.9999e-02 -8.9352e-05 0.08777 1.23268e-01 1.85805e-01 2.80786e-01 1.51216e-02
13.505152 2.48137092e-01 2.19288442e-01 4.67425534e-01 2.00311608e-01 2.54161228e+01 2.80534148e+01 1.06939075e-01 8.837391e-01 1.103765e+00 4.418652e+01 6.111386e+01 1.647833e-01 1.2727e-02 1.9043e-02 -9.0975e-05 0.08649 1.32558e-01 1.93956e-01 2.95172e-01 1.63199e-02
13.755248 2.53860196e-01 2.18216572e-01 4.72076769e-01 2.04407497e-01 2.80717634e+01 3.35895577e+01 1.23322642e-01 8.595935e-01 1.196560e+00 5.106238e+01 7.374826e+01 1.609458e-01 1.2833e-02 1.8613e-02 -9.4076e-05 0.08535 1.28384e-01 1.90667e-01 3.27795e-01 1.79309e-02
14.005343 2.55382184e-01 2.10982790e-01 4.66364974e-01 2.06835005e-01 3.18902090e+01 4.32011975e+01 1.50182813e-01 8.261453e-01 1.354685e+00 8.276949e+01 7.922847e+01 2.538185e-01 1.4183e-02 2.1004e-02 -9.8703e-05 0.08133 1.16875e-01 2.05317e-01 3.65864e-01 1.90230e-02
14.255439 2.53793091e-01 1.97048681e-01 4.50841772e-01 2.08042142e-01 3.46354339e+01 4.57070079e+01 1.60684884e-01 7.764147e-01 1.319660e+00 7.583167e+01 9.861866e+01 2.664384e-01 1.5021e-02 2.1120e-02 -1.0445e-04 0.08534 1.26826e-01 2.11452e-01 3.83095e-01 1.87843e-02
14.505534 2.46345013e-01 1.87385531e-01 4.33730544e-01 2.09537216e-01 3.45012413e+01 4.31535529e+01 1.55309588e-01 7.606630e-01 1.250783e+00 7.440177e+01 9.775362e+01 3.072113e-01 1.5035e-02 2.1968e-02 -1.0996e-04 0.08522 1.19493e-01 2.18607e-01 3.99609e-01 1.77057e-02
14.755629 2.35815091e-01 1.81294737e-01 4.17109828e-01 2.11607194e-01 3.25471204e+01 4.46769918e+01 1.54448224e-01 7.688004e-01 1.372686e+00 6.844997e+01 8.479294e+01 2.962831e-01 1.6508e-02 2.2939e-02 -1.1545e-04 0.08780 1.28202e-01 2.34273e-01 4.01651e-01 1.72340e-02
15.005725 2.27391428e-01 1.76237280e-01 4.03628708e-01 2.13814221e-01 3.09777209e+01 4.16273297e+01 1.45210101e-01 7.750392e-01 1.343783e+00 7.365596e+01 7.204086e+01 2.375609e-01 1.5146e-02 2.1632e-02 -1.1640e-04 0.08672 1.35978e-01 2.39718e-01 3.85078e-01 1.74580e-02
15.255820 2.20954814e-01 1.75358168e-01 3.96312981e-01 2.15973753e-01 2.91495187e+01 3.83743568e+01 1.35047751e-01 7.936381e-01 1.316466e+00 6.338426e+01 7.564213e+01 1.760124e-01 1.4369e-02 2.3041e-02 -1.1525e-04 0.09324 1.41228e-01 2.41470e-01 3.72606e-01 1.72359e-02
15.505916 2.17198695e-01 1.78687137e-01 3.95885832e-01 2.17928394e-01 2.67855797e+01 3.51159827e+01 1.23803125e-01 8.226897e-01 1.311003e+00 4.802311e+01 7.320500e+01 1.588362e-01 1.3554e-02 2.2884e-02 -1.1387e-04 0.09017 1.31946e-01 2.16508e-01 3.42436e-01 1.64309e-02
15.756011 2.15641234e-01 1.85248776e-01 4.00890010e-01 2.19991233e-01 2.56857919e+01 3.38342568e+01 1.19040097e-01 8.590601e-01 1.317236e+00 3.987302e+01 5.217966e+01 1.939467e-01 1.3424e-02 2.2093e-02 -1.1314e-04 0.08944 1.17930e-01 1.92840e-01 3.21802e-01 1.54566e-02
16.006107 2.16612147e-01 1.92558415e-01 4.09170562e-01 2.22256487e-01 2.51585618e+01 3.26197679e+01 1.15556659e-01 8.889548e-01 1.296567e+00 4.312662e+01 4.804030e+01 1.825639e-01 1.3189e-02 2.3403e-02 -1.1249e-04 0.08840 1.11285e-01 1.83807e-01 3.22499e-01 1.49137e-02
16.256202 2.20171285e-01 2.00827989e-01 4.20999274e-01 2.25356104e-01 2.38813725e+01 3.05642828e+01 1.08891311e-01 9.121443e-01 1.279838e+00 3.719591e+01 5.536505e+01 1.657777e-01 1.2851e-02 2.3601e-02 -1.1150e-04 0.08586 1.08372e-01 1.78594e-01 3.12810e-01 1.43825e-02
16.506297 2.25847229e-01 2.10820145e-01 4.36667375e-01 2.30047893e-01 2.29069741e+01 2.83808344e+01 1.02575617e-01 9.334635e-01 1.238960e+00 3.757649e+01 6.558883e+01 2.233658e-01 1.2352e-02 2.3723e-02 -1.1089e-04 0.08144 1.03864e-01 1.70687e-01 2.90625e-01 1.37736e-02
16.756393 2.32448082e-01 2.21627905e-01 4.54075986e-01 2.35655897e-01 2.28552482e+01 2.82754681e+01 1.02261432e-01 9.534512e-01 1.237154e+00 4.604449e+01 6.266321e+01 2.365016e-01 1.2398e-02 2.4217e-02 -1.1096e-04 0.08259 9.71530e-02 1.58840e-01 2.66405e-01 1.32781e-02
17.006488 2.38702900e-01 2.31328890e-01 4.70031790e-01 2.40467725e-01 2.37007931e+01 2.90626369e+01 1.05526860e-01 9.691080e-01 1.226231e+00 3.985454e+01 5.017354e+01 2.107753e-01 1.2404e-02 2.4061e-02 -1.1156e-04 0.07710 9.26837e-02 1.50860e-01 2.46320e-01 1.33965e-02
17.256584 2.45788842e-01 2.36327038e-01 4.82115880e-01 2.43087224e-01 2.52355795e+01 3.04553103e+01 1.11381780e-01 9.615043e-01 1.206840e+00 3.718373e+01 4.554810e+01 2.357385e-01 1.1049e-02 2.1659e-02 -1.1221e-04 0.07789 9.05775e-02 1.43256e-01 2.25892e-01 1.38493e-02
17.506679 2.54670941e-01 2.33417896e-01 4.88088836e-01 2.42737244e-01 2.75903099e+01 3.33068011e+01 1.21794222e-01 9.165470e-01 1.207192e+00 4.306380e+01 5.083198e+01 2.823887e-01 1.1715e-02 1.8831e-02 -1.1293e-04 0.08057 9.30249e-02 1.37557e-01 2.27276e-01 1.45809e-02
17.756774 2.61200032e-01 2.25008361e-01 4.86208393e-01 2.39076119e-01 2.93731349e+01 3.62072604e+01 1.31160790e-01 8.614408e-01 1.232666e+00 5.016392e+01 5.213543e+01 2.517434e-01 1.3073e-02 1.8861e-02 -1.1454e-04 0.08341 9.58564e-02 1.41920e-01 2.82392e-01 1.53364e-02
18.006870 2.62431414e-01 2.16456505e-01 4.78887920e-01 2.33829297e-01 2.95351391e+01 3.81772298e+01 1.35424738e-01 8.248117e-01 1.292604e+00 5.653085e+01 6.976464e+01 2.421169e-01 1.3963e-02 2.0576e-02 -1.1793e-04 0.08368 9.95133e-02 1.79062e-01 3.26102e-01 1.52547e-02
18.256965 2.61518976e-01 2.08356218e-01 4.69875194e-01 2.28529969e-01 2.94728546e+01 3.87217299e+01 1.36389169e-01 7.967155e-01 1.313810e+00 4.786611e+01 7.583599e+01 2.356570e-01 1.3527e-02 2.1013e-02 -1.2091e-04 0.08496 1.16411e-01 2.04112e-01 3.55235e-01 1.55474e-02
18.507061 2.61446060e-01 2.00479195e-01 4.61925255e-01 2.23480177e-01 3.00973041e+01 3.85276557e+01 1.37249919e-01 7.668090e-01 1.280103e+00 5.004804e+01 6.810398e+01 2.151736e-01 1.3244e-02 2.2572e-02 -1.2239e-04 0.08788 1.15289e-01 2.17914e-01 3.54460e-01 1.53218e-02
18.757156 2.62214759e-01 1.95042440e-01 4.57257198e-01 2.18558700e-01 2.97903211e+01 3.83434424e+01 1.36267527e-01 7.438271e-01 1.287111e+00 5.609108e+01 7.489852e+01 2.621843e-01 1.3800e-02 2.0025e-02 -1.2247e-04 0.09041 1.11128e-01 1.99263e-01 3.27544e-01 1.45022e-02
19.007252 2.62074693e-01 1.95318743e-01 4.57393436e-01 2.13842246e-01 2.96809141e+01 3.71263881e+01 1.33614605e-01 7.452789e-01 1.250851e+00 5.556320e+01 5.934380e+01 3.093072e-01 1.4593e-02 1.9773e-02 -1.2209e-04 0.09873 9.43300e-02 1.70698e-01 2.88940e-01 1.39617e-02
19.257347 2.59071909e-01 2.02568552e-01 4.61640460e-01 2.09381711e-01 2.94791583e+01 3.74444849e+01 1.33847286e-01 7.819009e-01 1.270202e+00 5.200126e+01 7.049559e+01 2.253236e-01 1.5435e-02 2.2460e-02 -1.2307e-04 0.10605 9.30400e-02 1.62866e-01 2.63581e-01 1.43111e-02
19.507442 2.56975999e-01 2.10325188e-01 4.67301187e-01 2.05080820e-01 3.04631609e+01 3.63747507e+01 1.33675823e-01 8.184624e-01 1.194057e+00 4.937007e+01 6.680534e+01 1.606168e-01 1.5529e-02 2.5170e-02 -1.2419e-04 0.11246 9.89699e-02 1.58564e-01 2.51566e-01 1.51219e-02
19.757538 2.55407458e-01 2.17167605e-01 4.72575063e-01 2.01115215e-01 3.19600766e+01 3.56287740e+01 1.35177701e-01 8.502790e-01 1.114790e+00 4.248698e+01 5.993939e+01 1.344199e-01 1.4985e-02 2.6825e-02 -1.2565e-04 0.10645 1.08469e-01 1.63726e-01 2.56919e-01 1.63526e-02
20.007633 2.51539944e-01 2.23745877e-01 4.75285821e-01 1.97243193e-01 3.27943151e+01 3.68323957e+01 1.39253422e-01 8.895044e-01 1.123134e+00 4.936925e+01 6.587076e+01 2.201790e-01 1.4916e-02 2.5403e-02 -1.2767e-04 0.10079 1.14194e-01 1.66134e-01 2.65168e-01 1.71816e-02
20.257729 2.48440194e-01 2.26664657e-01 4.75104852e-01 1.93550281e-01 3.29175092e+01 3.77580204e+01 1.41351059e-01 9.123510e-01 1.147050e+00 5.616019e+01 7.673914e+01 1.970668e-01 1.5605e-02 2.2694e-02 -1.2973e-04 0.09374 1.29934e-01 1.94292e-01 2.99162e-01 1.76617e-02
20.507824 2.48147141e-01 2.26062567e-01 4.74209708e-01 1.90050543e-01 3.25157916e+01 3.61937104e+01 1.37419004e-01 9.110021e-01 1.113112e+00 6.228025e+01 7.666858e+01 1.934452e-01 1.5212e-02 2.6739e-02 -1.3174e-04 0.09094 1.43502e-01 2.11835e-01 3.07336e-01 1.76080e-02
20.757919 2.50548743e-01 2.22773284e-01 4.73322026e-01 1.85936991e-01 3.25803373e+01 3.61856925e+01 1.37532060e-01 8.891415e-01 1.110660e+00 6.315476e+01 6.616521e+01 2.101672e-01 1.4984e-02 2.5821e-02 -1.3219e-04 0.09250 1.40969e-01 2.03150e-01 2.95566e-01 1.74899e-02
21.008015 2.54180769e-01 2.17703193e-01 4.71883962e-01 1.80685688e-01 3.32099809e+01 3.63170341e+01 1.39054030e-01 8.564896e-01 1.093558e+00 5.634299e+01 6.576040e+01 2.145572e-01 1.4132e-02 2.3747e-02 -1.3192e-04 0.08884 1.39642e-01 1.98003e-01 2.83103e-01 1.76451e-02
21.258110 2.56999615e-01 2.13807748e-01 4.70807364e-01 1.75240701e-01 3.25475726e+01 3.69566178e+01 1.39008381e-01 8.319380e-01 1.135465e+00 5.528577e+01 6.733549e+01 2.496629e-01 1.4445e-02 2.4193e-02 -1.3235e-04 0.08873 1.23527e-01 1.76640e-01 2.59324e-01 1.69216e-02
21.508206 2.58456041e-01 2.11801500e-01 4.70257542e-01 1.69956276e-01 3.22625871e+01 3.83646136e+01 1.41254401e-01 8.194875e-01 1.189136e+00 6.218464e+01 9.169470e+01 2.748302e-01 1.6188e-02 2.8083e-02 -1.3342e-04 0.09004 1.11062e-01 1.60287e-01 2.40638e-01 1.66217e-02
21.758301 2.58120821e-01 2.12120714e-01 4.70241535e-01 1.65096462e-01 3.21370661e+01 3.92741907e+01 1.42822514e-01 8.217885e-01 1.222084e+00 5.148381e+01 8.553876e+01 3.258975e-01 1.5671e-02 2.9834e-02 -1.3458e-04 0.08882 1.05192e-01 1.53963e-01 2.31859e-01 1.69212e-02
22.008397 2.55699659e-01 2.14843819e-01 4.70543478e-01 1.61779304e-01 3.22076763e+01 3.97663966e+01 1.43948146e-01 8.402194e-01 1.234687e+00 4.672690e+01 6.556220e+01 3.366990e-01 1.4384e-02 2.7479e-02 -1.3567e-04 0.09191 1.04611e-01 1.53008e-01 2.33067e-01 1.74791e-02
22.258492 2.52216958e-01 2.20337465e-01 4.72554424e-01 1.60512882e-01 3.20579230e+01 3.78820310e+01 1.39879908e-01 8.736029e-01 1.181675e+00 4.375714e+01 5.869766e+01 2.990764e-01 1.4829e-02 2.6206e-02 -1.3664e-04 0.07789 1.12949e-01 1.66816e-01 2.62952e-01 1.83302e-02
22.508587 2.47564683e-01 2.29321213e-01 4.76885896e-01 1.61449614e-01 3.20468482e+01 3.56335759e+01 1.35360848e-01 9.263083e-01 1.111921e+00 4.455739e+01 8.094921e+01 2.652990e-01 1.3686e-02 2.5153e-02 -1.3782e-04 0.07828 1.38835e-01 2.01819e-01 2.97064e-01 1.92261e-02
22.758683 2.43678505e-01 2.37097877e-01 4.80776382e-01 1.62477828e-01 3.23160000e+01 3.42088556e+01 1.33049711e-01 9.729946e-01 1.058573e+00 4.783284e+01 8.235768e+01 2.704830e-01 1.3877e-02 2.1555e-02 -1.3860e-04 0.08108 1.64874e-01 2.34010e-01 3.35966e-01 2.00593e-02
23.008778 2.39586664e-01 2.41548055e-01 4.81134719e-01 1.61843362e-01 3.13245867e+01 3.31522001e+01 1.28953574e-01 1.008187e+00 1.058344e+00 5.141506e+01 9.098250e+01 3.315385e-01 1.3954e-02 2.0914e-02 -1.4094e-04 0.07829 1.65034e-01 2.42067e-01 3.42841e-01 1.96201e-02
23.258874 2.35991392e-01 2.40819600e-01 4.76810992e-01 1.59886556e-01 2.96741498e+01 3.41551934e+01 1.27658686e-01 1.020459e+00 1.151008e+00 5.651447e+01 7.707662e+01 3.695701e-01 1.3019e-02 2.1477e-02 -1.4586e-04 0.07817 1.48542e-01 2.33592e-01 3.28945e-01 1.76866e-02
23.508969 2.32047013e-01 2.35596258e-01 4.67643271e-01 1.57308602e-01 2.85293864e+01 3.45980132e+01 1.26254799e-01 1.015295e+00 1.212715e+00 9.386149e+01 8.591370e+01 3.908218e-01 1.2925e-02 1.9740e-02 -1.4912e-04 0.08678 1.26187e-01 2.05465e-01 3.01209e-01 1.56529e-02
23.759064 2.24668452e-01 2.31879507e-01 4.56547959e-01 1.54395642e-01 2.68427718e+01 3.43017930e+01 1.22289130e-01 1.032096e+00 1.277878e+00 5.982621e+01 6.909622e+01 1.901418e-01 1.4199e-02 2.0875e-02 -1.5210e-04 0.08734 1.08226e-01 1.80897e-01 2.84339e-01 1.40649e-02
24.009160 2.14681900e-01 2.31700703e-01 4.46382603e-01 1.51026331e-01 2.52263152e+01 3.61608856e+01 1.22774402e-01 1.079275e+00 1.433459e+00 7.158936e+01 5.902189e+01 2.268494e-01 1.3561e-02 2.0411e-02 -1.5484e-04 0.07147 9.27894e-02 1.63896e-01 2.75253e-01 1.31388e-02
24.259255 2.05748805e-01 2.31839863e-01 4.37588668e-01 1.48672091e-01 2.52895814e+01 3.83291224e+01 1.27237408e-01 1.126810e+00 1.515609e+00 6.230266e+01 4.756558e+01 2.332883e-01 1.3451e-02 1.8666e-02 -1.5641e-04 0.07398 8.62972e-02 1.55601e-01 2.76085e-01 1.29127e-02
24.509351 1.98625537e-01 2.31466260e-01 4.30091797e-01 1.47738234e-01 2.58413289e+01 3.97019186e+01 1.31086495e-01 1.165340e+00 1.536373e+00 5.221074e+01 6.261313e+01 2.685622e-01 1.3840e-02 1.6532e-02 -1.5683e-04 0.07779 8.89056e-02 1.63606e-01 2.74145e-01 1.31654e-02
24.759446 1.94951852e-01 2.30954385e-01 4.25906237e-01 1.48799565e-01 2.56304879e+01 3.82481636e+01 1.27757303e-01 1.184674e+00 1.492292e+00 5.202694e+01 5.941586e+01 3.068893e-01 1.4738e-02 1.6599e-02 -1.5677e-04 0.07917 8.98926e-02 1.53773e-01 2.48940e-01 1.28449e-02
25.009542 1.93484290e-01 2.33004766e-01 4.26489056e-01 1.51993167e-01 2.53132973e+01 3.76192473e+01 1.25865089e-01 1.204257e+00 1.486146e+00 5.697503e+01 5.013602e+01 2.524229e-01 1.4790e-02 1.7991e-02 -1.5680e-04 0.07991 8.44752e-02 1.36502e-01 2.23882e-01 1.31102e-02
25.259637 1.91692087e-01 2.39642997e-01 4.31335084e-01 1.56923208e-01 2.46994966e+01 3.68289538e+01 1.23056901e-01 1.250145e+00 1.491081e+00 5.317509e+01 4.952033e+01 1.844770e-01 1.5570e-02 1.8452e-02 -1.5652e-04 0.07404 8.34070e-02 1.30059e-01 2.14249e-01 1.33187e-02
25.509732 1.90969528e-01 2.48842499e-01 4.39812027e-01 1.62617676e-01 2.41853746e+01 3.44731291e+01 1.17317007e-01 1.303048e+00 1.425371e+00 4.387752e+01 4.642199e+01 2.363953e-01 1.5269e-02 1.8526e-02 -1.5572e-04 0.07820 8.65019e-02 1.32093e-01 2.16682e-01 1.34564e-02
25.759828 1.91839405e-01 2.59067802e-01 4.50907207e-01 1.68690252e-01 2.34013832e+01 3.16904192e+01 1.10183605e-01 1.350441e+00 1.354211e+00 3.955333e+01 4.010755e+01 2.654899e-01 1.5352e-02 2.0613e-02 -1.5541e-04 0.07826 9.39435e-02 1.38485e-01 2.23249e-01 1.37369e-02
26.009923 1.92247012e-01 2.70465699e-01 4.62712711e-01 1.73775422e-01 2.29155443e+01 3.05780946e+01 1.06987278e-01 1.406866e+00 1.334382e+00 6.323011e+01 5.421768e+01 2.482993e-01 1.2713e-02 2.1734e-02 -1.5650e-04 0.07361 1.00950e-01 1.47875e-01 2.31295e-01 1.41860e-02
26.260019 1.89331045e-01 2.83019155e-01 4.72350200e-01 1.76470310e-01 2.23421244e+01 3.28929405e+01 1.10470130e-01 1.494838e+00 1.472239e+00 8.863758e+01 6.916261e+01 1.757485e-01 1.2540e-02 2.4935e-02 -1.5939e-04 0.06483 1.05725e-01 1.62052e-01 2.44491e-01 1.44572e-02
26.510114 1.84292590e-01 2.94186150e-01 4.78478741e-01 1.75084689e-01 2.30077574e+01 3.53345052e+01 1.16684525e-01 1.596299e+00 1.535765e+00 8.276882e+01 6.797510e+01 1.855374e-01 1.2177e-02 2.4458e-02 -1.6341e-04 0.06977 1.05281e-01 1.66871e-01 2.67615e-01 1.44003e-02
26.760209 1.76874967e-01 3.03231218e-01 4.80106185e-01 1.70514524e-01 2.42872028e+01 3.87784593e+01 1.26131324e-01 1.714382e+00 1.596662e+00 5.627133e+01 6.117866e+01 2.066772e-01 1.1732e-02 2.3362e-02 -1.6748e-04 0.07397 9.18134e-02 1.51839e-01 2.60233e-01 1.40834e-02
27.010305 1.66929407e-01 3.09317711e-01 4.76247118e-01 1.65501972e-01 2.56589571e+01 4.29282801e+01 1.37174474e-01 1.852985e+00 1.673033e+00 5.348041e+01 5.781280e+01 1.931136e-01 1.2842e-02 1.9004e-02 -1.6927e-04 0.06720 8.09925e-02 1.36539e-01 2.29453e-01 1.34784e-02
27.260400 1.57179127e-01 3.09712185e-01 4.66891311e-01 1.61739484e-01 2.67393216e+01 4.64381512e+01 1.46354946e-01 1.970441e+00 1.736699e+00 5.728519e+01 5.595600e+01 2.200910e-01 1.3765e-02 1.6318e-02 -1.6999e-04 0.07000 7.68674e-02 1.27667e-01 2.09695e-01 1.31351e-02
27.510496 1.49648554e-01 3.03704051e-01 4.53352605e-01 1.59185977e-01 2.69164149e+01 4.57373831e+01 1.45307596e-01 2.029449e+00 1.699238e+00 5.478128e+01 5.765017e+01 1.824397e-01 1.4173e-02 1.5559e-02 -1.7047e-04 0.07322 8.05850e-02 1.35846e-01 2.22038e-01 1.28302e-02
27.760591 1.42192242e-01 2.97020724e-01 4.39212966e-01 1.57062172e-01 2.56573061e+01 4.41683875e+01 1.39651387e-01 2.088867e+00 1.721474e+00 5.948976e+01 6.059887e+01 2.331582e-01 1.3027e-02 1.4867e-02 -1.7075e-04 0.07415 8.45366e-02 1.48240e-01 2.45817e-01 1.23342e-02
28.010686 1.34311297e-01 2.91927887e-01 4.26239184e-01 1.55005681e-01 2.52218463e+01 4.25712020e+01 1.35586097e-01 2.173517e+00 1.687870e+00 6.742953e+01 7.022543e+01 2.227766e-01 1.2529e-02 1.4430e-02 -1.7216e-04 0.08387 8.30505e-02 1.47854e-01 2.52007e-01 1.20773e-02
28.260782 1.28170978e-01 2.88414320e-01 4.16585298e-01 1.53390219e-01 2.35265301e+01 3.96404960e+01 1.26334052e-01 2.250231e+00 1.684927e+00 6.066016e+01 5.746459e+01 2.062372e-01 1.3835e-02 1.5149e-02 -1.7479e-04 0.08587 7.78198e-02 1.42966e-01 2.45346e-01 1.16056e-02
28.510877 1.25814378e-01 2.86537933e-01 4.12352311e-01 1.53341921e-01 2.15550007e+01 3.62845494e+01 1.15679100e-01 2.277466e+00 1.683347e+00 7.298424e+01 4.881839e+01 1.994472e-01 1.3972e-02 1.5007e-02 -1.7715e-04 0.07934 7.57432e-02 1.38174e-01 2.38185e-01 1.10113e-02
28.760973 1.26876016e-01 2.87359167e-01 4.14235183e-01 1.55309386e-01 1.97714143e+01 3.31296242e+01 1.05802077e-01 2.264882e+00 1.675632e+00 6.195941e+01 4.159941e+01 2.068118e-01 1.2963e-02 1.6063e-02 -1.7888e-04 0.07904 7.51376e-02 1.32975e-01 2.28873e-01 1.08461e-02
29.011068 1.29380675e-01 2.91846782e-01 4.21227457e-01 1.58814505e-01 1.86076498e+01 3.12160624e+01 9.96474244e-02 2.255722e+00 1.677593e+00 4.973930e+01 4.858807e+01 2.402728e-01 1.1132e-02 1.9592e-02 -1.8035e-04 0.07682 7.56701e-02 1.29018e-01 2.19112e-01 1.09179e-02
29.261164 1.31494403e-01 2.99839487e-01 4.31333890e-01 1.63143875e-01 1.85563502e+01 3.10803416e+01 9.92733836e-02 2.280245e+00 1.674917e+00 5.372408e+01 5.746196e+01 2.201197e-01 1.1685e-02 1.9903e-02 -1.8176e-04 0.07701 7.91785e-02 1.28642e-01 2.12274e-01 1.12702e-02
29.511259 1.33024760e-01 3.09861270e-01 4.42886030e-01 1.67395018e-01 1.90202682e+01 3.18551066e+01 1.01750750e-01 2.329350e+00 1.674798e+00 5.819354e+01 5.752880e+01 2.863637e-01 1.4060e-02 1.8117e-02 -1.8264e-04 0.07609 8.11886e-02 1.28739e-01 2.06076e-01 1.14909e-02
29.761354 1.35160044e-01 3.19805834e-01 4.54965877e-01 1.71175997e-01 1.94053556e+01 3.18926652e+01 1.02596042e-01 2.366127e+00 1.643498e+00 6.544863e+01 4.922748e+01 2.321913e-01 1.5382e-02 1.6718e-02 -1.8272e-04 0.07387 8.33194e-02 1.27829e-01 2.02406e-01 1.16477e-02
30.011450 1.40519184e-01 3.26407185e-01 4.66926370e-01 1.73525169e-01 1.94575125e+01 3.13514475e+01 1.01617920e-01 2.322866e+00 1.611277e+00 5.369135e+01 4.133274e+01 2.173142e-01 1.4049e-02 1.6146e-02 -1.8259e-04 0.08219 8.19053e-02 1.24213e-01 1.99389e-01 1.16161e-02
30.261545 1.47488466e-01 3.30332048e-01 4.77820514e-01 1.73380828e-01 1.99088816e+01 3.16330329e+01 1.03083829e-01 2.239714e+00 1.588891e+00 5.994549e+01 4.302215e+01 2.664300e-01 1.8320e-02 1.6868e-02 -1.8284e-04 0.08794 7.89326e-02 1.20461e-01 1.92498e-01 1.14963e-02
30.511641 1.51889099e-01 3.34392374e-01 4.86281473e-01 1.70881380e-01 2.01997860e+01 3.35789790e+01 1.07557530e-01 2.201556e+00 1.662343e+00 7.768264e+01 3.817541e+01 2.589527e-01 1.5490e-02 1.7017e-02 -1.8316e-04 0.08407 7.32181e-02 1.14906e-01 1.81927e-01 1.14780e-02
30.761736 1.56364291e-01 3.35627588e-01 4.91991879e-01 1.66553340e-01 2.03321930e+01 3.43359337e+01 1.09336253e-01 2.146447e+00 1.688747e+00 7.328151e+01 4.226348e+01 2.727141e-01 1.3326e-02 1.6843e-02 -1.8314e-04 0.07877 7.14937e-02 1.17886e-01 1.87097e-01 1.13342e-02
31.011831 1.62751445e-01 3.32929480e-01 4.95680925e-01 1.61416163e-01 2.06292708e+01 3.46627523e+01 1.10584046e-01 2.045631e+00 1.680270e+00 8.240570e+01 4.645096e+01 2.039120e-01 1.1517e-02 1.6667e-02 -1.8312e-04 0.07972 7.97475e-02 1.36386e-01 2.12417e-01 1.13762e-02
31.261927 1.70531340e-01 3.26756529e-01 4.97287869e-01 1.56820041e-01 2.10250418e+01 3.41760243e+01 1.10402132e-01 1.916108e+00 1.625491e+00 8.321337e+01 4.922906e+01 -5.755049e-03 1.0227e-02 1.6056e-02 -1.8331e-04 0.07844 9.46211e-02 1.52540e-01 2.31512e-01 1.16917e-02
31.512022 1.77617010e-01 3.19620719e-01 4.97237729e-01 1.54198688e-01 2.14305260e+01 3.38068484e+01 1.10474749e-01 1.799494e+00 1.577509e+00 8.554564e+01 4.896682e+01 2.645430e-02 1.0561e-02 1.6270e-02 -1.8387e-04 0.08312 8.91540e-02 1.38779e-01 2.22484e-01 1.19471e-02
31.762118 1.81808477e-01 3.14700263e-01 4.96508740e-01 1.54202035e-01 2.18041293e+01 3.43865264e+01 1.12381311e-01 1.730944e+00 1.577065e+00 8.697476e+01 4.393853e+01 1.038363e-01 1.1195e-02 1.8764e-02 -1.8572e-04 0.07992 7.68191e-02 1.25594e-01 2.13297e-01 1.16553e-02
32.012213 1.84013107e-01 3.11528989e-01 4.95542096e-01 1.57902473e-01 2.31835252e+01 3.59386863e+01 1.18244423e-01 1.692972e+00 1.550182e+00 8.309673e+01 5.625533e+01 1.693828e-01 1.1730e-02 2.0862e-02 -1.8820e-04 0.08493 7.89777e-02 1.28177e-01 2.19027e-01 1.13476e-02
32.262309 1.84712920e-01 3.10063058e-01 4.94775977e-01 1.65838102e-01 2.47376526e+01 3.75719865e+01 1.24619278e-01 1.678621e+00 1.518818e+00 7.235039e+01 6.408643e+01 1.669763e-01 1.2528e-02 2.3939e-02 -1.9023e-04 0.08950 8.46151e-02 1.33243e-01 2.30877e-01 1.19399e-02
32.512404 1.83391766e-01 3.12312052e-01 4.95703818e-01 1.77219574e-01 2.57070677e+01 3.82231843e+01 1.27860504e-01 1.702978e+00 1.486875e+00 8.476109e+01 5.702925e+01 1.922224e-01 1.3448e-02 2.4467e-02 -1.9100e-04 0.09338 8.35892e-02 1.30551e-01 2.33830e-01 1.25803e-02
32.762499 1.81132487e-01 3.19489475e-01 5.00621962e-01 1.91054066e-01 2.58670845e+01 3.77267897e+01 1.27187748e-01 1.763844e+00 1.458486e+00 8.597082e+01 6.048840e+01 2.215263e-01 1.3877e-02 2.3510e-02 -1.9092e-04 0.09927 8.47281e-02 1.36144e-01 2.39859e-01 1.27252e-02
33.012595 1.77376549e-01 3.32147364e-01 5.09523912e-01 2.07030671e-01 2.55089986e+01 3.83726913e+01 1.27763380e-01 1.872555e+00 1.504281e+00 6.840985e+01 6.327005e+01 2.836497e-01 1.4981e-02 2.4543e-02 -1.9102e-04 0.10537 8.96780e-02 1.52859e-01 2.54458e-01 1.24352e-02
33.262690 1.71892262e-01 3.48394709e-01 5.20286971e-01 2.24323290e-01 2.49220996e+01 3.94711186e+01 1.28786436e-01 2.026820e+00 1.583780e+00 9.262601e+01 7.903213e+01 2.919302e-01 1.4412e-02 2.2544e-02 -1.9182e-04 0.10995 8.98151e-02 1.51698e-01 2.45234e-01 1.22214e-02
33.512786 1.68015452e-01 3.62385104e-01 5.30400556e-01 2.41502754e-01 2.49559490e+01 3.90483271e+01 1.28008552e-01 2.156856e+00 1.564690e+00 1.094944e+02 9.539007e+01 2.104049e-01 1.6228e-02 2.1848e-02 -1.9317e-04 0.10872 8.64306e-02 1.46311e-01 2.24488e-01 1.14821e-02
33.762881 1.68990060e-01 3.70905620e-01 5.39895680e-01 2.58001199e-01 2.41812447e+01 3.53167039e+01 1.18995897e-01 2.194837e+00 1.460500e+00 7.929076e+01 7.875991e+01 2.035390e-01 1.5171e-02 2.0982e-02 -1.9310e-04 0.10234 8.30786e-02 1.33829e-01 2.05214e-01 1.06254e-02
34.012976 1.71334450e-01 3.77860070e-01 5.49194521e-01 2.74129517e-01 2.34271856e+01 3.35655834e+01 1.13985538e-01 2.205395e+00 1.432762e+00 7.992571e+01 6.113540e+01 1.957415e-01 1.4862e-02 2.2395e-02 -1.9250e-04 0.09222 7.89091e-02 1.22198e-01 2.03209e-01 1.06042e-02
34.263072 1.74665025e-01 3.82044004e-01 5.56709029e-01 2.89665726e-01 2.34693558e+01 3.27086405e+01 1.12355993e-01 2.187295e+00 1.393674e+00 7.160116e+01 6.250569e+01 2.192451e-01 1.4525e-02 2.5594e-02 -1.9235e-04 0.09521 7.91431e-02 1.26607e-01 2.03188e-01 1.11088e-02
34.513167 1.79591549e-01 3.82464398e-01 5.62055947e-01 3.03989693e-01 2.38796914e+01 3.16480190e+01 1.11055421e-01 2.129635e+00 1.325311e+00 7.240097e+01 6.265379e+01 2.155512e-01 1.3175e-02 2.5655e-02 -1.9233e-04 0.08735 8.00158e-02 1.27881e-01 2.03253e-01 1.13856e-02
34.763263 1.83409222e-01 3.82528835e-01 5.65938057e-01 3.16858532e-01 2.41135423e+01 3.12244612e+01 1.10676007e-01 2.085658e+00 1.294893e+00 7.033078e+01 6.015371e+01 2.039192e-01 1.3676e-02 2.2198e-02 -1.9230e-04 0.08434 7.81072e-02 1.23957e-01 2.02436e-01 1.14663e-02
35.013358 1.85957513e-01 3.83376853e-01 5.69334366e-01 3.28358034e-01 2.46251931e+01 3.08092015e+01 1.10868789e-01 2.061637e+00 1.251125e+00 6.140665e+01 5.267873e+01 2.026481e-01 1.2890e-02 2.0736e-02 -1.9266e-04 0.08296 7.66831e-02 1.22641e-01 2.03639e-01 1.15588e-02
35.263454 1.86973963e-01 3.85663248e-01 5.72637211e-01 3.38274603e-01 2.41168300e+01 3.00690172e+01 1.08371695e-01 2.062658e+00 1.246806e+00 6.725769e+01 5.127981e+01 1.594470e-01 1.2603e-02 2.0037e-02 -1.9346e-04 0.07907 7.92774e-02 1.25904e-01 2.13514e-01 1.14414e-02
35.513549 1.88752914e-01 3.87490148e-01 5.76243062e-01 3.47392458e-01 2.22729928e+01 3.06621908e+01 1.05870367e-01 2.052896e+00 1.376653e+00 7.884660e+01 5.720535e+01 1.408769e-01 1.3795e-02 2.1451e-02 -1.9521e-04 0.07585 8.12526e-02 1.35946e-01 2.25897e-01 1.13442e-02
35.763644 1.92954312e-01 3.87586015e-01 5.80540327e-01 3.56656269e-01 2.16035665e+01 3.05760768e+01 1.04359287e-01 2.008693e+00 1.415325e+00 9.348125e+01 5.257688e+01 1.936946e-01 1.2596e-02 2.2084e-02 -1.9704e-04 0.08551 8.95081e-02 1.53425e-01 2.43672e-01 1.14770e-02
36.013740 1.96025608e-01 3.89664377e-01 5.85689984e-01 3.66929268e-01 2.18913716e+01 3.04177185e+01 1.04618180e-01 1.987824e+00 1.389484e+00 6.803765e+01 4.911056e+01 2.433783e-01 1.2552e-02 1.7094e-02 -1.9790e-04 0.09094 1.08389e-01 1.80181e-01 2.80805e-01 1.22405e-02
36.263835 1.96045854e-01 3.95515991e-01 5.91561845e-01 3.78427466e-01 2.20075130e+01 3.03832528e+01 1.04781532e-01 2.017467e+00 1.380585e+00 5.223310e+01 5.975961e+01 2.736378e-01 1.1350e-02 1.3251e-02 -1.9807e-04 0.09028 1.29613e-01 2.04211e-01 3.09054e-01 1.35351e-02
36.513931 1.93044626e-01 4.06498242e-01 5.99542869e-01 3.90131837e-01 2.07380679e+01 2.98054291e+01 1.01086994e-01 2.105722e+00 1.437233e+00 6.108182e+01 5.405853e+01 2.311585e-01 1.0389e-02 1.3222e-02 -2.0032e-04 0.09313 1.24749e-01 1.98465e-01 3.03037e-01 1.39314e-02
36.764026 1.89838399e-01 4.22079625e-01 6.11918023e-01 4.01649661e-01 1.89665218e+01 2.87563519e+01 9.54457474e-02 2.223363e+00 1.516164e+00 5.324666e+01 5.400005e+01 1.745188e-01 9.5011e-03 1.3885e-02 -2.0477e-04 0.09111 1.12244e-01 1.82505e-01 2.72524e-01 1.32219e-02
37.014121 1.90092295e-01 4.39580815e-01 6.29673110e-01 4.13740692e-01 1.70205104e+01 2.73986972e+01 8.88384151e-02 2.312460e+00 1.609746e+00 4.778098e+01 5.453252e+01 8.890168e-02 9.0197e-03 1.4407e-02 -2.0877e-04 0.09430 1.03765e-01 1.70485e-01 2.48724e-01 1.20668e-02
37.264217 1.93421629e-01 4.59330066e-01 6.52751696e-01 4.27439060e-01 1.59260250e+01 2.60354714e+01 8.39229928e-02 2.374761e+00 1.634775e+00 4.504911e+01 5.192198e+01 5.559475e-02 8.0243e-03 1.4028e-02 -2.1208e-04 0.09293 9.90253e-02 1.60902e-01 2.31654e-01 1.11725e-02
37.514312 1.99102741e-01 4.81015842e-01 6.80118584e-01 4.42561095e-01 1.55933249e+01 2.50511053e+01 8.12888604e-02 2.415918e+00 1.606528e+00 4.111093e+01 4.958292e+01 8.067757e-02 7.9759e-03 1.3752e-02 -2.1419e-04 0.09628 9.62688e-02 1.51844e-01 2.16637e-01 1.09239e-02
37.764408 2.05296956e-01 5.05297331e-01 7.10594287e-01 4.58510118e-01 1.53561381e+01 2.44639490e+01 7.96401741e-02 2.461300e+00 1.593106e+00 3.735290e+01 4.207793e+01 1.416769e-01 8.8141e-03 1.4063e-02 -2.1466e-04 0.09352 9.45286e-02 1.41460e-01 2.01351e-01 1.10204e-02
38.014503 2.10183189e-01 5.32435914e-01 7.42619103e-01 4.74684229e-01 1.55025516e+01 2.48693008e+01 8.07437047e-02 2.533199e+00 1.604207e+00 3.286994e+01 4.582298e+01 1.571297e-01 8.9532e-03 1.3779e-02 -2.1468e-04 0.09496 8.73653e-02 1.27100e-01 1.80838e-01 1.09211e-02
38.264599 2.14736374e-01 5.59808544e-01 7.74544918e-01 4.90605741e-01 1.60164278e+01 2.57985493e+01 8.36299540e-02 2.606957e+00 1.610756e+00 3.668571e+01 4.698078e+01 1.901186e-01 8.8407e-03 1.4970e-02 -2.1453e-04 0.09691 7.94218e-02 1.13820e-01 1.62451e-01 1.08061e-02
38.514694 2.20590515e-01 5.84647860e-01 8.05238375e-01 5.05610184e-01 1.68520246e+01 2.74503805e+01 8.86048103e-02 2.650376e+00 1.628907e+00 4.702763e+01 4.390512e+01 2.414156e-01 1.0941e-02 1.5782e-02 -2.1345e-04 0.09927 7.65620e-02 1.06377e-01 1.53514e-01 1.09746e-02
38.764789 2.28542952e-01 6.04721210e-01 8.33264162e-01 5.18664328e-01 1.78385802e+01 2.92196300e+01 9.41164204e-02 2.645985e+00 1.638002e+00 4.683660e+01 4.314757e+01 2.184422e-01 1.0796e-02 1.6391e-02 -2.1171e-04 0.10292 7.89258e-02 1.07668e-01 1.55899e-01 1.15291e-02
39.014885 2.36399643e-01 6.20431639e-01 8.56831282e-01 5.29258200e-01 1.88643675e+01 3.12729494e+01 1.00274634e-01 2.624503e+00 1.657779e+00 5.264068e+01 4.989438e+01 1.922511e-01 1.0369e-02 1.8181e-02 -2.1038e-04 0.10541 8.40692e-02 1.15992e-01 1.70431e-01 1.23287e-02
39.264980 2.42295732e-01 6.31529415e-01 8.73825147e-01 5.37587944e-01 2.05588763e+01 3.35316867e+01 1.08181126e-01 2.606441e+00 1.631008e+00 7.173538e+01 5.946090e+01 1.709815e-01 1.1384e-02 2.0293e-02 -2.1003e-04 0.10317 9.13698e-02 1.25453e-01 1.92072e-01 1.34907e-02
39.515076 2.44950462e-01 6.38504253e-01 8.83454715e-01 5.44729708e-01 2.24850054e+01 3.62711394e+01 1.17512290e-01 2.606667e+00 1.613126e+00 6.540831e+01 6.485111e+01 2.138339e-01 1.1868e-02 2.1112e-02 -2.1049e-04 0.10514 9.58960e-02 1.34398e-01 2.17508e-01 1.46761e-02
39.765171 2.43839202e-01 6.42540319e-01 8.86379521e-01 5.51759016e-01 2.39723773e+01 3.94763025e+01 1.26897360e-01 2.635099e+00 1.646741e+00 5.418378e+01 7.189187e+01 2.250081e-01 1.2174e-02 2.2523e-02 -2.1148e-04 0.11189 9.69170e-02 1.59243e-01 2.46797e-01 1.51779e-02
40.015266 2.40949869e-01 6.43694152e-01 8.84644022e-01 5.58289489e-01 2.51896290e+01 4.10288934e+01 1.32437045e-01 2.671486e+00 1.628801e+00 6.389109e+01 8.057767e+01 2.270510e-01 1.1417e-02 1.8501e-02 -2.1234e-04 0.11637 1.17253e-01 1.89920e-01 2.71327e-01 1.49467e-02
40.265362 2.37061893e-01 6.44311250e-01 8.81373143e-01 5.62613279e-01 2.61953085e+01 3.94927278e+01 1.31376073e-01 2.717903e+00 1.507626e+00 5.796491e+01 6.865292e+01 1.943750e-01 1.0599e-02 1.4556e-02 -2.1314e-04 0.12199 1.24750e-01 1.90094e-01 2.71325e-01 1.49656e-02
40.515457 2.32523996e-01 6.47135574e-01 8.79659570e-01 5.65567164e-01 2.56727894e+01 3.73156290e+01 1.25976837e-01 2.783092e+00 1.453509e+00 5.575351e+01 6.909648e+01 1.694958e-01 1.0032e-02 1.4567e-02 -2.1587e-04 0.12246 1.17601e-01 1.74906e-01 2.55871e-01 1.48050e-02
40.765553 2.29751196e-01 6.51256018e-01 8.81007214e-01 5.69057960e-01 2.42249676e+01 3.57401635e+01 1.19930262e-01 2.834614e+00 1.475344e+00 5.070191e+01 7.521062e+01 1.337749e-01 1.0174e-02 1.5127e-02 -2.1972e-04 0.11546 1.10410e-01 1.62409e-01 2.44468e-01 1.40433e-02
41.015648 2.29433450e-01 6.56456191e-01 8.85889641e-01 5.73715066e-01 2.29444798e+01 3.40326884e+01 1.13954336e-01 2.861205e+00 1.483263e+00 4.487460e+01 7.103754e+01 1.436765e-01 1.0606e-02 1.6896e-02 -2.2370e-04 0.10909 1.05600e-01 1.54326e-01 2.34323e-01 1.35243e-02
41.265744 2.30580287e-01 6.63702568e-01 8.94282855e-01 5.79515493e-01 2.16655553e+01 3.28849822e+01 1.09101075e-01 2.878401e+00 1.517846e+00 5.696930e+01 6.661262e+01 1.583042e-01 1.1698e-02 1.8340e-02 -2.2568e-04 0.10325 1.04634e-01 1.51346e-01 2.24375e-01 1.36901e-02
41.515839 2.33234959e-01 6.72722457e-01 9.05957416e-01 5.86194269e-01 2.04036667e+01 3.21260110e+01 1.05059355e-01 2.884312e+00 1.574521e+00 5.386705e+01 5.731282e+01 1.633759e-01 1.0828e-02 1.8774e-02 -2.2522e-04 0.10005 1.05964e-01 1.52670e-01 2.13803e-01 1.39230e-02
41.765934 2.37060898e-01 6.83737245e-01 9.20798143e-01 5.93460282e-01 1.93494540e+01 3.11568938e+01 1.01012696e-01 2.884226e+00 1.610221e+00 4.953722e+01 4.955156e+01 1.386322e-01 9.7464e-03 1.7162e-02 -2.2367e-04 0.09685 1.07342e-01 1.50268e-01 2.05778e-01 1.38606e-02
42.016030 2.41491384e-01 6.96853885e-01 9.38345270e-01 6.00562917e-01 1.85547611e+01 3.08556534e+01 9.88208290e-02 2.885626e+00 1.662951e+00 4.181696e+01 4.945137e+01 1.148279e-01 8.5377e-03 1.7149e-02 -2.2217e-04 0.09480 1.06037e-01 1.45560e-01 2.00875e-01 1.39905e-02
42.266125 2.48138016e-01 7.09301030e-01 9.57439046e-01 6.06732649e-01 1.83612691e+01 3.11226994e+01 9.89679370e-02 2.858494e+00 1.695019e+00 4.178163e+01 5.220906e+01 1.144203e-01 8.1213e-03 1.8443e-02 -2.2112e-04 0.09561 1.05067e-01 1.42428e-01 1.97457e-01 1.44232e-02
42.516221 2.55380902e-01 7.21152850e-01 9.76533752e-01 6.11918560e-01 1.85038372e+01 3.17659804e+01 1.00539635e-01 2.823832e+00 1.716724e+00 3.485249e+01 5.167200e+01 1.143084e-01 8.1543e-03 1.8429e-02 -2.2104e-04 0.09806 1.03493e-01 1.39388e-01 1.95834e-01 1.47548e-02
42.766316 2.61540164e-01 7.32242585e-01 9.93782750e-01 6.16013032e-01 1.88170444e+01 3.28873414e+01 1.03408772e-01 2.799733e+00 1.747742e+00 3.390957e+01 4.999115e+01 1.191935e-01 7.4546e-03 1.7941e-02 -2.2174e-04 0.09891 1.00258e-01 1.35964e-01 1.97854e-01 1.48162e-02
43.016411 2.66565426e-01 7.41007303e-01 1.00757273e+00 6.18608733e-01 1.92615408e+01 3.42451986e+01 1.07013479e-01 2.779833e+00 1.777905e+00 3.756960e+01 5.437098e+01 8.616590e-02 7.5406e-03 1.8856e-02 -2.2254e-04 0.10268 9.78516e-02 1.34125e-01 2.03010e-01 1.48458e-02
43.266507 2.69399299e-01 7.47802409e-01 1.01720171e+00 6.19836611e-01 1.99475500e+01 3.52370590e+01 1.10369218e-01 2.775814e+00 1.766486e+00 3.983366e+01 5.581490e+01 6.133368e-02 7.9792e-03 1.9548e-02 -2.2321e-04 0.10954 9.65439e-02 1.32617e-01 2.05527e-01 1.50499e-02
43.516602 2.68787374e-01 7.54167745e-01 1.02295512e+00 6.20233069e-01 2.07922450e+01 3.55698416e+01 1.12724173e-01 2.805815e+00 1.710726e+00 4.821281e+01 5.618790e+01 8.355921e-02 8.2937e-03 1.9825e-02 -2.2424e-04 0.11802 9.88419e-02 1.37004e-01 2.09536e-01 1.52084e-02
43.766698 2.64369679e-01 7.61159817e-01 1.02552950e+00 6.20242553e-01 2.13965530e+01 3.56416685e+01 1.14076443e-01 2.879149e+00 1.665767e+00 5.570015e+01 6.836178e+01 1.024656e-01 8.2891e-03 1.9812e-02 -2.2636e-04 0.12445 1.06754e-01 1.51097e-01 2.17855e-01 1.52732e-02
44.016793 2.57005634e-01 7.68679822e-01 1.02568546e+00 6.19724586e-01 2.16687171e+01 3.55571347e+01 1.14451704e-01 2.990906e+00 1.640943e+00 5.929412e+01 8.574575e+01 1.032594e-01 9.0496e-03 1.7887e-02 -2.2997e-04 0.12788 1.15369e-01 1.61902e-01 2.26732e-01 1.49965e-02
44.266888 5.67983626e+03 1.91710392e+08 1.91716072e+08 9.91901330e+01 3.74600289e+07 2.18145829e+12 4.36299149e+09 3.375280e+04 5.823429e+04 5.834002e+09 1.528111e+07 -5.091942e-01 5.3140e-02 1.6182e-02 -7.3755e+09 18749.25676 3.12905e-12 4.39116e-12 6.17126e-12 1.44493e-02
# DIVERGED at t = 44.516984
