# tg_mhd (CUDA FP64)  tgc_noslip_cond_n512_re1000  N=512 L=512 Re=1000 Pm=1 u0=0.05 nu_lat=8.132818e-03 eta_lat=8.132818e-03 tau_f=0.524398 tau_m=0.532531 dt=3.073965e-04 fw=profile
# t E_V E_M E_T H_C Omega_V Omega_M eps EM/EV OmM/OmV j_max w_max skew divb/j divb_wall/j mass_drift umax_lat fw1 fw2 fw4 tau_wall
0.000000 1.24023441e-01 1.25000000e-01 2.49023441e-01 1.11119718e-20 7.12827690e+01 1.49992441e+00 1.45565387e-01 1.007874e+00 2.104189e-02 3.463982e+00 2.439788e+02 -4.118742e-19 7.5643e-15 2.0714e-14 +0.0000e+00 0.05000 9.75278e-01 9.76322e-01 9.78439e-01 1.20144e-01
0.099904 1.19626100e-01 1.24482740e-01 2.44108840e-01 -3.60982736e-05 1.24815682e+01 1.54415608e+00 2.80514485e-02 1.040598e+00 1.237149e-01 4.570572e+00 6.154208e+01 1.306815e-01 2.9921e-04 1.8062e-03 -5.4884e-07 0.05104 8.67915e-01 8.76557e-01 8.87593e-01 2.76651e-02
0.199808 1.17545949e-01 1.24030900e-01 2.41576848e-01 -9.15957161e-05 9.00055652e+00 1.63778967e+00 2.12766924e-02 1.055169e+00 1.819654e-01 6.050169e+00 4.410630e+01 3.537277e-02 3.6810e-04 2.1842e-03 -7.4965e-06 0.05113 7.98622e-01 8.33522e-01 8.48351e-01 1.98703e-02
0.299712 1.15974489e-01 1.23952122e-01 2.39926610e-01 -1.69888181e-04 7.51673570e+00 1.76913750e+00 1.85717464e-02 1.068788e+00 2.353598e-01 7.244442e+00 3.674373e+01 2.131748e-01 4.0083e-04 2.3620e-03 -4.6834e-06 0.05182 7.32307e-01 8.00885e-01 8.19064e-01 1.67002e-02
0.399616 1.14237821e-01 1.23765939e-01 2.38003759e-01 -2.56899247e-04 6.69194373e+00 1.92919916e+00 1.72422858e-02 1.083406e+00 2.882868e-01 8.059991e+00 3.627885e+01 2.246187e-01 4.1922e-04 2.4747e-03 +4.1106e-06 0.05191 6.74002e-01 7.71791e-01 7.94402e-01 1.47743e-02
0.499519 1.13007714e-01 1.23317831e-01 2.36325545e-01 -3.53938124e-04 6.15845635e+00 2.10894830e+00 1.65348093e-02 1.091234e+00 3.424476e-01 8.680770e+00 3.534278e+01 2.142678e-01 4.2877e-04 2.5589e-03 -8.3720e-06 0.05147 6.21672e-01 7.42366e-01 7.70821e-01 1.36248e-02
0.599423 1.11606975e-01 1.23020176e-01 2.34627151e-01 -4.60383821e-04 5.78693802e+00 2.32044043e+00 1.62147569e-02 1.102262e+00 4.009790e-01 9.166029e+00 3.297726e+01 3.279782e-01 4.3523e-04 2.6310e-03 -9.7704e-06 0.05229 5.74337e-01 7.11622e-01 7.47205e-01 1.26558e-02
0.699327 1.10176410e-01 1.22882210e-01 2.33058620e-01 -5.65211264e-04 5.69336643e+00 2.56917811e+00 1.65250891e-02 1.115322e+00 4.512582e-01 9.728104e+00 3.268884e+01 3.021814e-01 4.4313e-04 2.7165e-03 +8.1257e-07 0.05231 5.39762e-01 6.86023e-01 7.28816e-01 1.28388e-02
0.799231 1.09142570e-01 1.22384948e-01 2.31527518e-01 -6.65985729e-04 5.46100831e+00 2.83620814e+00 1.65944329e-02 1.121331e+00 5.193561e-01 1.025107e+01 3.235949e+01 3.775037e-01 4.5199e-04 2.8018e-03 -5.6813e-06 0.05249 4.95039e-01 6.50470e-01 7.02464e-01 1.17722e-02
0.899135 1.08037097e-01 1.21626645e-01 2.29663742e-01 -7.65176079e-04 5.39696751e+00 3.13657184e+00 1.70670787e-02 1.125786e+00 5.811730e-01 1.078782e+01 3.280801e+01 4.428848e-01 4.6258e-04 2.9053e-03 -8.8465e-06 0.05325 4.58379e-01 6.17563e-01 6.79071e-01 1.14844e-02
0.999039 1.07244015e-01 1.20715830e-01 2.27959845e-01 -8.52078450e-04 5.49745611e+00 3.47054356e+00 1.79359993e-02 1.125618e+00 6.312999e-01 1.122616e+01 3.256385e+01 3.829884e-01 4.7778e-04 3.0198e-03 -7.0923e-06 0.05361 4.29869e-01 5.88130e-01 6.59028e-01 1.16386e-02
1.098943 1.06742614e-01 1.19493324e-01 2.26235938e-01 -9.12720033e-04 5.56839769e+00 3.83842842e+00 1.88136522e-02 1.119453e+00 6.893237e-01 1.151986e+01 3.452759e+01 4.204353e-01 4.9910e-04 3.1495e-03 -6.5366e-06 0.05421 3.97548e-01 5.53530e-01 6.34752e-01 1.14503e-02
1.198847 1.06384660e-01 1.17868654e-01 2.24253314e-01 -9.65638145e-04 5.59083273e+00 4.25370656e+00 1.96890786e-02 1.107948e+00 7.608360e-01 1.170126e+01 3.498766e+01 4.863548e-01 5.2965e-04 3.3093e-03 -3.3499e-06 0.05423 3.60410e-01 5.13123e-01 6.05258e-01 1.08324e-02
1.298750 1.06358620e-01 1.15804957e-01 2.22163577e-01 -9.71339842e-04 5.78905598e+00 4.70820363e+00 2.09945192e-02 1.088816e+00 8.132939e-01 1.218133e+01 3.446841e+01 4.224796e-01 5.7845e-04 3.4811e-03 -1.1932e-05 0.05335 3.32710e-01 4.77792e-01 5.78515e-01 1.07096e-02
1.398654 1.06522788e-01 1.13556073e-01 2.20078861e-01 -9.73260811e-04 5.99114701e+00 5.24907562e+00 2.24804453e-02 1.066026e+00 8.761387e-01 1.522458e+01 3.955766e+01 4.121771e-01 6.6545e-04 3.6680e-03 -1.0696e-05 0.05441 3.03631e-01 4.40170e-01 5.47945e-01 1.08163e-02
1.498558 1.06545710e-01 1.11145059e-01 2.17690769e-01 -9.18871516e-04 6.19413923e+00 5.90065772e+00 2.41895939e-02 1.043168e+00 9.526195e-01 1.853724e+01 3.847391e+01 4.585068e-01 8.1032e-04 3.8722e-03 -1.3111e-06 0.05257 2.73505e-01 4.01191e-01 5.13749e-01 1.07545e-02
1.598462 1.06871880e-01 1.08371976e-01 2.15243856e-01 -8.30274379e-04 6.33262732e+00 6.63500373e+00 2.59352621e-02 1.014036e+00 1.047749e+00 2.166000e+01 3.785211e+01 5.307822e-01 1.0145e-03 4.0278e-03 -1.1081e-05 0.05097 2.39659e-01 3.58391e-01 4.73284e-01 1.00254e-02
1.698366 1.06911098e-01 1.05548409e-01 2.12459507e-01 -7.18502025e-04 6.53869536e+00 7.50702271e+00 2.80914362e-02 9.872540e-01 1.148092e+00 2.431669e+01 3.839856e+01 4.988177e-01 1.2737e-03 4.1682e-03 -1.3074e-05 0.04989 2.11594e-01 3.20802e-01 4.34827e-01 9.88821e-03
1.798270 1.06824842e-01 1.02716631e-01 2.09541473e-01 -5.70459625e-04 6.76497073e+00 8.51051677e+00 3.05509750e-02 9.615426e-01 1.258027e+00 2.812948e+01 3.701328e+01 4.688536e-01 1.5905e-03 4.2917e-03 -5.7178e-06 0.05253 1.87769e-01 2.87968e-01 3.99099e-01 1.00666e-02
1.898174 1.06707056e-01 9.96994483e-02 2.06406504e-01 -3.59629964e-04 6.82813080e+00 9.53854742e+00 3.27333565e-02 9.343285e-01 1.396949e+00 3.246746e+01 3.508128e+01 4.852399e-01 1.9591e-03 4.3529e-03 -9.3424e-06 0.05440 1.60609e-01 2.53143e-01 3.61129e-01 9.34436e-03
1.998078 1.06390496e-01 9.65741770e-02 2.02964673e-01 -1.66995208e-04 6.88073012e+00 1.04945584e+01 3.47505771e-02 9.077331e-01 1.525210e+00 3.643808e+01 3.233865e+01 4.661416e-01 2.3579e-03 4.4146e-03 -1.0215e-05 0.05558 1.39375e-01 2.25268e-01 3.30131e-01 8.81150e-03
2.097981 1.06029128e-01 9.33240613e-02 1.99353190e-01 1.13443716e-04 7.00033313e+00 1.12269157e+01 3.64544976e-02 8.801738e-01 1.603769e+00 3.967634e+01 2.809519e+01 3.938401e-01 2.7398e-03 4.4256e-03 -1.1949e-05 0.05602 1.26243e-01 2.06508e-01 3.08583e-01 8.88943e-03
2.197885 1.05692669e-01 9.00107138e-02 1.95703382e-01 3.90338240e-04 7.04555910e+00 1.16602959e+01 3.74117100e-02 8.516268e-01 1.654985e+00 4.203662e+01 2.832253e+01 3.969204e-01 3.0351e-03 4.4497e-03 -1.1023e-05 0.05469 1.12573e-01 1.88789e-01 2.89721e-01 8.36165e-03
2.297789 1.05213742e-01 8.66185177e-02 1.91832260e-01 7.18614087e-04 7.12897855e+00 1.17863943e+01 3.78307456e-02 8.232624e-01 1.653308e+00 4.326922e+01 2.408882e+01 4.473484e-01 3.1590e-03 4.4704e-03 -5.8702e-06 0.05483 1.02598e-01 1.75706e-01 2.76724e-01 8.00076e-03
2.397693 1.04898840e-01 8.31441222e-02 1.88042962e-01 1.09372333e-03 7.25654370e+00 1.16496990e+01 3.78124855e-02 7.926124e-01 1.605406e+00 4.338207e+01 2.226431e+01 4.720910e-01 3.0979e-03 4.4442e-03 -1.4496e-05 0.05607 9.55602e-02 1.65579e-01 2.66760e-01 7.83273e-03
2.497597 1.04524068e-01 7.97367800e-02 1.84260848e-01 1.48943973e-03 7.34442121e+00 1.14335008e+01 3.75558441e-02 7.628557e-01 1.556760e+00 4.282732e+01 2.346819e+01 4.486627e-01 2.9288e-03 4.4416e-03 -1.4364e-05 0.05840 8.76605e-02 1.54898e-01 2.57004e-01 7.38212e-03
2.597501 1.03999173e-01 7.64104545e-02 1.80409628e-01 1.90091483e-03 7.48453669e+00 1.12122463e+01 3.73935661e-02 7.347217e-01 1.498055e+00 4.175562e+01 2.058590e+01 4.520224e-01 2.7544e-03 4.4716e-03 -6.0237e-06 0.05920 8.33289e-02 1.47677e-01 2.50708e-01 7.40434e-03
2.697405 1.03682637e-01 7.30640680e-02 1.76746705e-01 2.35553005e-03 7.60114357e+00 1.09351300e+01 3.70725471e-02 7.046895e-01 1.438616e+00 4.008959e+01 2.091381e+01 4.460084e-01 2.6355e-03 4.4176e-03 -1.3112e-05 0.05950 7.88222e-02 1.39933e-01 2.43322e-01 7.10491e-03
2.797309 1.03158951e-01 6.97979517e-02 1.72956903e-01 2.75132943e-03 7.68196386e+00 1.06696097e+01 3.67031472e-02 6.766059e-01 1.388917e+00 3.815846e+01 1.996387e+01 4.214969e-01 2.6015e-03 4.4185e-03 -1.4843e-05 0.06067 7.32399e-02 1.31377e-01 2.35633e-01 6.82867e-03
2.897212 1.02583423e-01 6.66703664e-02 1.69253789e-01 3.17972874e-03 7.86529334e+00 1.04104777e+01 3.65515420e-02 6.499136e-01 1.323597e+00 3.611359e+01 2.090540e+01 4.032543e-01 2.6343e-03 4.4295e-03 -1.0643e-05 0.06057 7.34997e-02 1.28674e-01 2.33670e-01 7.14292e-03
2.997116 1.01974797e-01 6.36858893e-02 1.65660686e-01 3.57110651e-03 7.94745582e+00 1.01592012e+01 3.62133141e-02 6.245258e-01 1.278296e+00 3.397114e+01 2.003616e+01 3.880341e-01 2.7059e-03 4.4673e-03 -1.2426e-05 0.05991 6.94057e-02 1.22001e-01 2.27948e-01 6.68599e-03
3.097020 1.01133460e-01 6.08196305e-02 1.61953091e-01 3.92997649e-03 8.04275334e+00 9.95050118e+00 3.59865090e-02 6.013799e-01 1.237201e+00 3.183940e+01 2.147294e+01 3.682337e-01 2.8028e-03 4.5501e-03 -1.1343e-05 0.05862 6.75566e-02 1.17923e-01 2.24819e-01 6.62999e-03
3.196924 1.00189487e-01 5.81480211e-02 1.58337508e-01 4.30152878e-03 8.18105820e+00 9.77390016e+00 3.59099167e-02 5.803805e-01 1.194699e+00 3.004031e+01 2.169191e+01 3.447553e-01 2.9230e-03 4.6588e-03 -1.5117e-05 0.05645 6.99201e-02 1.18155e-01 2.24812e-01 7.06350e-03
3.296828 9.91046781e-02 5.56902811e-02 1.54794959e-01 4.64181821e-03 8.14465264e+00 9.64569358e+00 3.55806924e-02 5.619339e-01 1.184298e+00 3.155147e+01 2.005193e+01 3.200872e-01 3.0120e-03 4.7971e-03 -1.4449e-05 0.05452 6.59237e-02 1.12941e-01 2.19909e-01 6.48749e-03
3.396732 9.77245193e-02 5.34031913e-02 1.51127711e-01 4.96825270e-03 8.15828265e+00 9.56537184e+00 3.54473090e-02 5.464667e-01 1.172474e+00 3.495082e+01 2.062374e+01 3.000915e-01 3.0450e-03 4.9557e-03 -8.4325e-06 0.05191 6.74342e-02 1.13632e-01 2.20160e-01 6.88506e-03
3.496636 9.63804706e-02 5.12531353e-02 1.47633606e-01 5.31146933e-03 8.13020298e+00 9.48909400e+00 3.52385940e-02 5.317793e-01 1.167141e+00 3.868505e+01 2.113436e+01 2.875929e-01 3.0999e-03 5.0110e-03 -1.5969e-05 0.04918 6.89618e-02 1.14689e-01 2.19531e-01 6.77455e-03
3.596540 9.48220502e-02 4.92689088e-02 1.44090959e-01 5.61668826e-03 7.98837985e+00 9.44775293e+00 3.48722656e-02 5.195934e-01 1.182687e+00 4.082960e+01 1.901548e+01 2.775358e-01 3.2080e-03 5.1257e-03 -1.6545e-05 0.04750 6.56424e-02 1.11966e-01 2.15549e-01 6.41000e-03
3.696443 9.31022186e-02 4.74221415e-02 1.40524360e-01 5.92465479e-03 7.97230909e+00 9.41013751e+00 3.47648932e-02 5.093557e-01 1.180353e+00 4.063251e+01 2.045357e+01 2.794134e-01 3.2666e-03 5.2709e-03 -9.7231e-06 0.04683 6.96954e-02 1.17146e-01 2.18675e-01 7.03683e-03
3.796347 9.14390982e-02 4.56719193e-02 1.37111017e-01 6.23229543e-03 7.87481523e+00 9.32693580e+00 3.44035021e-02 4.994791e-01 1.184401e+00 3.832251e+01 2.020716e+01 2.888403e-01 3.2023e-03 5.4050e-03 -1.4584e-05 0.04703 6.95889e-02 1.18739e-01 2.17966e-01 6.64170e-03
3.896251 8.96263485e-02 4.39961112e-02 1.33622460e-01 6.48974772e-03 7.73219225e+00 9.22324973e+00 3.39108840e-02 4.908837e-01 1.192838e+00 3.530717e+01 1.878243e+01 3.123358e-01 3.0679e-03 5.5477e-03 -1.5396e-05 0.04918 6.72417e-02 1.18834e-01 2.16350e-01 6.25170e-03
3.996155 8.77828614e-02 4.24241699e-02 1.30207031e-01 6.76300564e-03 7.76100157e+00 9.10842418e+00 3.37388515e-02 4.832853e-01 1.173615e+00 3.209813e+01 2.153942e+01 3.371846e-01 2.9535e-03 5.5969e-03 -1.3777e-05 0.05197 7.44786e-02 1.28115e-01 2.23260e-01 7.19355e-03
4.096059 8.59199902e-02 4.09451078e-02 1.26865098e-01 7.00548308e-03 7.61376753e+00 8.97915114e+00 3.31858373e-02 4.765493e-01 1.179331e+00 2.830226e+01 1.988036e+01 3.753535e-01 2.9464e-03 5.5130e-03 -1.4644e-05 0.05329 7.20869e-02 1.28276e-01 2.22590e-01 6.36956e-03
4.195963 8.39607677e-02 3.95381712e-02 1.23498939e-01 7.23668802e-03 7.55247783e+00 8.83745710e+00 3.27798699e-02 4.709125e-01 1.170140e+00 2.789767e+01 2.177697e+01 3.967503e-01 3.0183e-03 5.3881e-03 -1.1985e-05 0.05320 7.50110e-02 1.33663e-01 2.27853e-01 6.60534e-03
4.295867 8.19923821e-02 3.82277679e-02 1.20220150e-01 7.48300322e-03 7.53897865e+00 8.72130599e+00 3.25205693e-02 4.662356e-01 1.156829e+00 3.189711e+01 2.362629e+01 4.083660e-01 3.0578e-03 5.3193e-03 -1.6725e-05 0.05236 8.15886e-02 1.42193e-01 2.38100e-01 6.80962e-03
4.395771 7.99587414e-02 3.70217776e-02 1.16980519e-01 7.71983140e-03 7.41718037e+00 8.66509955e+00 3.21645598e-02 4.630110e-01 1.168247e+00 3.506958e+01 2.470151e+01 4.170426e-01 3.2523e-03 5.5355e-03 -1.6592e-05 0.05075 8.34588e-02 1.46211e-01 2.45967e-01 6.53236e-03
4.495674 7.77927679e-02 3.58845968e-02 1.13677365e-01 7.93982809e-03 7.38268520e+00 8.59878798e+00 3.19629464e-02 4.612845e-01 1.164724e+00 3.620045e+01 2.415602e+01 4.274919e-01 3.4118e-03 6.0363e-03 -1.0468e-05 0.04916 9.21922e-02 1.56126e-01 2.59170e-01 6.86577e-03
4.595578 7.57239381e-02 3.47969063e-02 1.10520844e-01 8.16810862e-03 7.36650814e+00 8.44524982e+00 3.16235159e-02 4.595232e-01 1.146439e+00 3.599589e+01 2.515958e+01 4.267839e-01 3.3684e-03 6.3903e-03 -1.6749e-05 0.04795 1.02260e-01 1.66724e-01 2.71029e-01 6.94923e-03
4.695482 7.35581599e-02 3.37796067e-02 1.07337767e-01 8.34828569e-03 7.23381179e+00 8.23728244e+00 3.09421885e-02 4.592231e-01 1.138719e+00 3.555156e+01 2.677452e+01 4.305880e-01 3.2634e-03 6.5402e-03 -1.7472e-05 0.04733 1.04709e-01 1.70274e-01 2.75697e-01 6.61712e-03
4.700093 7.34559077e-02 3.37344425e-02 1.07190350e-01 8.35641448e-03 7.23333979e+00 8.22699090e+00 3.09206614e-02 4.592475e-01 1.137371e+00 3.555514e+01 2.691802e+01 4.311500e-01 3.2597e-03 6.5483e-03 -1.7299e-05 0.04731 1.05132e-01 1.70720e-01 2.76143e-01 6.63557e-03
