# tg_mhd (CUDA FP64)  tgc_slip_cond_n384_re1000  N=384 L=384 Re=1000 Pm=1 u0=0.05 nu_lat=6.095634e-03 eta_lat=6.095634e-03 tau_f=0.518287 tau_m=0.524383 dt=4.101296e-04
# t E_V E_M E_T H_C Omega_V Omega_M eps EM/EV OmM/OmV j_max w_max skew divb/j divb_wall/j mass_drift umax_lat fw1 fw2 fw4 tau_wall
0.000000 1.25000000e-01 1.25000000e-01 2.50000000e-01 -2.32193453e-20 3.74991590e-01 1.49986544e+00 3.74971406e-03 1.000000e+00 3.999731e+00 3.463888e+00 1.999944e+00 1.811384e-18 5.4336e-15 1.1048e-14 +0.0000e+00 0.05000 3.65845e-02 7.86104e-02 1.63870e-01 0.00000e+00
0.100072 1.24816072e-01 1.24484532e-01 2.49300603e-01 9.13781131e-08 3.83333868e-01 1.50013071e+00 3.76692915e-03 9.973438e-01 3.913379e+00 3.549033e+00 2.003288e+00 1.395904e-01 2.9968e-06 4.5167e-06 +3.1997e-07 0.05087 3.65396e-02 7.85268e-02 1.63792e-01 0.00000e+00
0.200143 1.24760116e-01 1.24047778e-01 2.48807894e-01 4.25475895e-07 4.10302377e-01 1.51496867e+00 3.85054209e-03 9.942903e-01 3.692322e+00 3.666130e+00 2.047606e+00 3.438346e-02 8.6059e-06 1.3837e-05 -8.7113e-06 0.05129 3.62186e-02 7.78815e-02 1.62785e-01 0.00000e+00
0.300215 1.24730548e-01 1.24010361e-01 2.48740909e-01 1.54431473e-06 4.52907046e-01 1.55028065e+00 4.00637540e-03 9.942261e-01 3.422955e+00 3.811247e+00 2.121109e+00 2.058355e-01 1.7401e-05 2.8844e-05 -4.3453e-06 0.05225 3.58320e-02 7.71375e-02 1.61863e-01 0.00000e+00
0.400286 1.24254434e-01 1.23918372e-01 2.48172805e-01 4.26210142e-06 5.08330873e-01 1.60418556e+00 4.22503286e-03 9.972954e-01 3.155790e+00 4.013864e+00 2.210341e+00 2.334113e-01 2.9451e-05 5.0044e-05 +8.9167e-06 0.05292 3.54355e-02 7.64287e-02 1.61384e-01 0.00000e+00
0.500358 1.24199559e-01 1.23578279e-01 2.47777838e-01 9.62372241e-06 5.76891506e-01 1.67733609e+00 4.50845520e-03 9.949977e-01 2.907542e+00 4.239913e+00 2.322623e+00 2.278091e-01 4.4978e-05 7.8716e-05 -7.4598e-06 0.05297 3.46855e-02 7.50409e-02 1.59958e-01 0.00000e+00
0.600430 1.23795989e-01 1.23427045e-01 2.47223034e-01 1.86346549e-05 6.57156989e-01 1.77909597e+00 4.87250591e-03 9.970197e-01 2.707262e+00 4.491359e+00 2.444144e+00 3.450288e-01 6.4931e-05 1.1866e-04 -9.2156e-06 0.05432 3.39783e-02 7.38862e-02 1.59661e-01 0.00000e+00
0.700501 1.23268054e-01 1.23494229e-01 2.46762283e-01 3.23752505e-05 7.50940353e-01 1.91426180e+00 5.33040431e-03 1.001835e+00 2.549153e+00 4.747722e+00 2.761205e+00 3.057935e-01 9.1091e-05 1.7946e-04 +5.3358e-06 0.05505 3.33301e-02 7.31202e-02 1.60958e-01 0.00000e+00
0.800573 1.23082611e-01 1.23254521e-01 2.46337132e-01 5.17012129e-05 8.62100084e-01 2.07817668e+00 5.88055353e-03 1.001397e+00 2.410598e+00 4.961281e+00 3.149179e+00 4.104772e-01 1.2540e-04 2.7689e-04 -1.8019e-06 0.05591 3.25212e-02 7.24407e-02 1.62966e-01 0.00000e+00
0.900645 1.22760045e-01 1.22793878e-01 2.45553923e-01 7.73140594e-05 9.93330721e-01 2.28038943e+00 6.54744030e-03 1.000276e+00 2.295700e+00 5.421858e+00 3.618964e+00 4.892386e-01 1.7204e-04 4.3623e-04 -4.9085e-06 0.05744 3.19622e-02 7.29704e-02 1.67318e-01 0.00000e+00
1.000716 1.22693414e-01 1.22183979e-01 2.44877393e-01 1.09750885e-04 1.15190176e+00 2.52584787e+00 7.35549926e-03 9.958479e-01 2.192763e+00 6.848478e+00 4.276524e+00 4.197010e-01 2.3479e-04 6.7283e-04 -4.5365e-06 0.05887 3.18795e-02 7.52698e-02 1.74049e-01 0.00000e+00
1.100788 1.22891359e-01 1.21327928e-01 2.44219287e-01 1.49169003e-04 1.34356869e+00 2.82355699e+00 8.33425137e-03 9.872779e-01 2.101535e+00 8.990432e+00 5.565870e+00 4.618201e-01 3.2004e-04 9.8180e-04 -2.0143e-06 0.06068 3.26070e-02 7.97829e-02 1.82933e-01 0.00000e+00
1.200859 1.23138371e-01 1.20104212e-01 2.43242584e-01 1.96133589e-04 1.57179439e+00 3.18676297e+00 9.51711472e-03 9.753598e-01 2.027468e+00 1.177263e+01 7.007942e+00 5.496626e-01 4.4211e-04 1.3413e-03 +5.0675e-06 0.06207 3.43773e-02 8.65162e-02 1.93272e-01 0.00000e+00
1.300931 1.23844380e-01 1.18377245e-01 2.42221625e-01 2.51731817e-04 1.84092544e+00 3.61626225e+00 1.09143754e-02 9.558548e-01 1.964372e+00 1.515105e+01 8.374453e+00 5.023226e-01 6.2952e-04 1.7350e-03 -8.3721e-06 0.06231 3.67474e-02 9.41099e-02 2.02495e-01 0.00000e+00
1.401003 1.24631462e-01 1.16468851e-01 2.41100313e-01 3.18018792e-04 2.15278102e+00 4.14832497e+00 1.26022120e-02 9.345060e-01 1.926961e+00 1.904425e+01 1.011171e+01 4.884546e-01 9.2911e-04 2.2275e-03 -6.7197e-06 0.06494 3.97674e-02 1.02495e-01 2.10788e-01 0.00000e+00
1.501074 1.25254535e-01 1.14389818e-01 2.39644353e-01 3.98469640e-04 2.50394839e+00 4.80267014e+00 1.46132370e-02 9.132589e-01 1.918039e+00 2.303180e+01 1.243093e+01 5.153620e-01 1.3549e-03 2.8572e-03 +8.2146e-06 0.06446 4.31088e-02 1.10502e-01 2.16865e-01 0.00000e+00
1.601146 1.26271882e-01 1.11906978e-01 2.38178860e-01 4.97019102e-04 2.88386391e+00 5.56040801e+00 1.68885438e-02 8.862383e-01 1.928110e+00 2.641563e+01 1.486016e+01 6.096944e-01 1.8635e-03 3.5611e-03 -3.8009e-06 0.06467 4.59517e-02 1.15943e-01 2.18338e-01 0.00000e+00
1.701218 1.26931038e-01 1.09321177e-01 2.36252215e-01 6.17292361e-04 3.27368711e+00 6.43701284e+00 1.94213999e-02 8.612643e-01 1.966288e+00 2.887290e+01 1.700295e+01 5.762856e-01 2.4117e-03 4.2126e-03 -6.3851e-06 0.06461 4.83038e-02 1.18813e-01 2.16708e-01 0.00000e+00
1.801289 1.27464807e-01 1.06702053e-01 2.34166860e-01 7.61939397e-04 3.65234804e+00 7.40916148e+00 2.21230190e-02 8.371099e-01 2.028602e+00 3.034903e+01 1.851734e+01 5.167491e-01 3.0025e-03 4.7444e-03 +2.0932e-06 0.06228 4.96919e-02 1.18694e-01 2.12433e-01 0.00000e+00
1.901361 1.27941628e-01 1.03898000e-01 2.31839627e-01 9.32174921e-04 3.99244818e+00 8.37520747e+00 2.47353113e-02 8.120735e-01 2.097762e+00 3.079408e+01 1.889389e+01 5.297249e-01 3.6436e-03 5.1784e-03 +2.7742e-07 0.06088 4.95386e-02 1.15382e-01 2.05950e-01 0.00000e+00
2.001432 1.28189413e-01 1.00972949e-01 2.29162362e-01 1.12880925e-03 4.28235589e+00 9.21318959e+00 2.69910910e-02 7.876856e-01 2.151430e+00 3.302032e+01 1.802710e+01 5.394875e-01 4.3054e-03 5.5198e-03 +2.1403e-06 0.05979 4.79401e-02 1.10097e-01 1.99778e-01 0.00000e+00
2.101504 1.28419388e-01 9.78913496e-02 2.26310738e-01 1.35261653e-03 4.54296114e+00 9.78461391e+00 2.86551501e-02 7.622786e-01 2.153797e+00 3.547010e+01 1.714114e+01 4.690690e-01 4.9095e-03 5.8034e-03 -4.3714e-06 0.05656 4.48301e-02 1.03459e-01 1.95472e-01 0.00000e+00
2.201576 1.28620734e-01 9.48087113e-02 2.23429446e-01 1.60242834e-03 4.80480912e+00 1.00650081e+01 2.97396345e-02 7.371184e-01 2.094778e+00 3.717836e+01 1.679807e+01 4.531077e-01 5.3430e-03 6.1059e-03 -1.6525e-06 0.05521 4.11114e-02 9.70136e-02 1.97172e-01 0.00000e+00
2.301647 1.28531297e-01 9.16766581e-02 2.20207955e-01 1.87604082e-03 5.07459141e+00 1.00755234e+01 3.03002296e-02 7.132633e-01 1.985485e+00 3.811285e+01 1.689065e+01 5.191260e-01 5.4614e-03 6.5251e-03 +9.7560e-06 0.05433 3.74696e-02 9.18024e-02 2.07658e-01 0.00000e+00
2.401719 1.28774860e-01 8.84685048e-02 2.17243365e-01 2.16966871e-03 5.35547829e+00 9.90215264e+00 3.05152619e-02 6.870014e-01 1.848976e+00 3.798809e+01 1.733470e+01 5.644970e-01 5.2468e-03 6.8856e-03 -3.8316e-06 0.05592 3.41421e-02 8.83260e-02 2.20745e-01 0.00000e+00
2.501790 1.28746765e-01 8.53360702e-02 2.14082835e-01 2.47701502e-03 5.62366572e+00 9.72019509e+00 3.06877216e-02 6.628211e-01 1.728445e+00 3.716306e+01 1.762408e+01 5.285867e-01 4.8644e-03 7.1721e-03 -4.3615e-06 0.05829 3.21772e-02 8.89514e-02 2.32896e-01 0.00000e+00
2.601862 1.28557192e-01 8.23195429e-02 2.10876735e-01 2.79064057e-03 5.86965399e+00 9.59536282e+00 3.09300336e-02 6.403340e-01 1.634741e+00 3.579044e+01 1.812176e+01 5.144282e-01 4.4949e-03 6.9805e-03 +7.7917e-06 0.05944 3.14115e-02 9.46391e-02 2.40727e-01 0.00000e+00
2.701934 1.28559692e-01 7.92827279e-02 2.07842420e-01 3.10342005e-03 6.08886824e+00 9.48273750e+00 3.11432115e-02 6.166997e-01 1.557389e+00 3.406030e+01 1.931787e+01 5.270013e-01 4.2032e-03 7.1769e-03 +4.8301e-07 0.06002 3.18859e-02 1.02513e-01 2.42030e-01 0.00000e+00
2.802005 1.28289980e-01 7.62878681e-02 2.04577848e-01 3.41151644e-03 6.28244010e+00 9.39064243e+00 3.13461651e-02 5.946518e-01 1.494744e+00 3.261098e+01 2.047957e+01 5.149155e-01 3.9942e-03 7.7425e-03 -7.2620e-07 0.06141 3.44046e-02 1.09578e-01 2.39661e-01 0.00000e+00
2.902077 1.27959069e-01 7.34094144e-02 2.01368484e-01 3.71115798e-03 6.46003811e+00 9.30173701e+00 3.15235502e-02 5.736945e-01 1.439889e+00 3.139756e+01 2.093235e+01 5.105517e-01 3.8917e-03 8.2906e-03 +4.1156e-07 0.06214 3.81463e-02 1.13478e-01 2.34459e-01 0.00000e+00
3.002149 1.27552122e-01 7.07073389e-02 1.98259461e-01 3.99535777e-03 6.63120495e+00 9.21684918e+00 3.16961083e-02 5.543407e-01 1.389921e+00 3.095214e+01 2.135346e+01 5.127395e-01 3.9306e-03 8.5425e-03 +9.3487e-07 0.06340 4.08975e-02 1.13245e-01 2.26599e-01 0.00000e+00
3.102220 1.26773806e-01 6.81096060e-02 1.94883412e-01 4.25931137e-03 6.77933699e+00 9.14748366e+00 3.18536413e-02 5.372530e-01 1.349318e+00 3.016290e+01 2.229135e+01 5.264165e-01 4.0664e-03 8.5063e-03 +7.3085e-06 0.06377 4.11969e-02 1.09293e-01 2.17175e-01 0.00000e+00
3.202292 1.26009505e-01 6.57108176e-02 1.91720322e-01 4.50060033e-03 6.90526302e+00 9.13589254e+00 3.20823111e-02 5.214751e-01 1.323033e+00 2.992154e+01 2.301652e+01 5.184701e-01 4.2626e-03 8.3524e-03 -3.3362e-06 0.06463 3.86917e-02 1.01799e-01 2.05341e-01 0.00000e+00
3.302363 1.24913757e-01 6.35658531e-02 1.88479610e-01 4.71875398e-03 6.98946690e+00 9.27872178e+00 3.25363774e-02 5.088779e-01 1.327529e+00 3.148977e+01 2.352605e+01 5.003368e-01 4.5757e-03 8.2336e-03 -2.0087e-06 0.06669 3.50744e-02 9.34159e-02 1.94119e-01 0.00000e+00
3.402435 1.23334112e-01 6.16372058e-02 1.84971318e-01 4.91604686e-03 7.02744778e+00 9.61188096e+00 3.32786575e-02 4.997580e-01 1.367763e+00 3.506893e+01 2.227353e+01 4.862397e-01 5.1475e-03 8.0506e-03 +1.0158e-05 0.06705 3.15078e-02 8.55342e-02 1.84824e-01 0.00000e+00
3.502507 1.21854883e-01 5.98495751e-02 1.81704458e-01 5.09603961e-03 7.03417261e+00 1.00513354e+01 3.41710161e-02 4.911545e-01 1.428929e+00 3.768976e+01 2.018981e+01 4.807612e-01 5.8912e-03 7.6008e-03 -8.1405e-07 0.06670 2.83775e-02 7.86657e-02 1.77567e-01 0.00000e+00
3.602578 1.19929276e-01 5.81810706e-02 1.78110347e-01 5.26183407e-03 7.01766258e+00 1.05165545e+01 3.50684342e-02 4.851282e-01 1.498584e+00 3.776598e+01 2.068726e+01 4.541460e-01 6.3915e-03 7.1284e-03 -2.0225e-06 0.06719 2.63618e-02 7.48019e-02 1.75837e-01 0.00000e+00
3.702650 1.17824758e-01 5.66284899e-02 1.74453248e-01 5.41438963e-03 6.98795192e+00 1.09038825e+01 3.57836688e-02 4.806162e-01 1.560383e+00 3.670741e+01 1.977755e+01 4.480704e-01 6.6037e-03 6.8943e-03 +5.2486e-06 0.06481 2.54993e-02 7.45683e-02 1.79383e-01 0.00000e+00
3.802722 1.15702541e-01 5.51403122e-02 1.70842853e-01 5.55291795e-03 6.94398627e+00 1.11640747e+01 3.62161219e-02 4.765696e-01 1.607733e+00 3.301906e+01 1.887589e+01 4.334388e-01 6.6956e-03 6.9081e-03 +1.7757e-06 0.06300 2.55887e-02 7.78319e-02 1.85503e-01 0.00000e+00
3.902793 1.13418201e-01 5.36472089e-02 1.67065410e-01 5.67976579e-03 6.87312961e+00 1.13453767e+01 3.64370126e-02 4.730035e-01 1.650686e+00 2.966555e+01 1.831547e+01 4.227652e-01 6.5908e-03 7.0723e-03 +3.7975e-06 0.06030 2.67132e-02 8.52455e-02 1.94125e-01 0.00000e+00
4.002865 1.11196972e-01 5.21663981e-02 1.63363370e-01 5.79907517e-03 6.77905570e+00 1.14760032e+01 3.65101178e-02 4.691351e-01 1.692862e+00 2.811513e+01 1.724728e+01 3.961868e-01 6.3121e-03 7.3572e-03 -1.0925e-06 0.05576 2.88604e-02 9.55360e-02 2.02976e-01 0.00000e+00
4.102936 1.08993200e-01 5.06867482e-02 1.59679948e-01 5.91329137e-03 6.66618756e+00 1.15900561e+01 3.65124872e-02 4.650450e-01 1.738633e+00 2.719249e+01 1.672880e+01 3.767259e-01 5.9953e-03 7.7957e-03 -3.1157e-08 0.05224 3.26024e-02 1.07206e-01 2.13438e-01 0.00000e+00
4.203008 1.06677226e-01 4.91331561e-02 1.55810382e-01 6.02254629e-03 6.54054157e+00 1.16581317e+01 3.63973465e-02 4.605777e-01 1.782441e+00 2.776122e+01 1.602299e+01 3.656341e-01 5.8037e-03 8.2989e-03 +9.2176e-06 0.05134 3.84256e-02 1.18062e-01 2.25953e-01 0.00000e+00
4.303080 1.04697746e-01 4.75316264e-02 1.52229372e-01 6.12424555e-03 6.41875755e+00 1.15946025e+01 3.60267201e-02 4.539890e-01 1.806362e+00 2.876546e+01 1.523297e+01 3.568802e-01 5.7783e-03 8.7111e-03 -2.1688e-06 0.05050 4.48973e-02 1.23639e-01 2.33767e-01 0.00000e+00
4.403151 1.02655784e-01 4.58972740e-02 1.48553058e-01 6.21487760e-03 6.30527792e+00 1.13930633e+01 3.53966824e-02 4.470988e-01 1.806909e+00 2.888411e+01 1.458539e+01 3.297919e-01 5.8758e-03 8.9141e-03 -2.0304e-06 0.05082 4.98442e-02 1.23822e-01 2.36937e-01 0.00000e+00
4.503223 1.00588121e-01 4.42837886e-02 1.44871909e-01 6.29275986e-03 6.20416754e+00 1.10205381e+01 3.44494114e-02 4.402487e-01 1.776312e+00 2.846001e+01 1.525656e+01 3.162867e-01 6.0042e-03 8.9047e-03 +8.3930e-06 0.05023 4.90863e-02 1.19036e-01 2.34322e-01 0.00000e+00
4.603295 9.87718448e-02 4.27179443e-02 1.41489789e-01 6.36073222e-03 6.11137297e+00 1.04914273e+01 3.32056006e-02 4.324911e-01 1.716705e+00 2.714119e+01 1.601395e+01 3.125573e-01 6.0508e-03 9.0425e-03 +1.0527e-06 0.04966 4.15458e-02 1.10660e-01 2.26551e-01 0.00000e+00
4.703366 9.68823943e-02 4.12317579e-02 1.38114152e-01 6.42592353e-03 6.02004265e+00 9.97944254e+00 3.19989704e-02 4.255857e-01 1.657703e+00 2.554261e+01 1.626364e+01 3.027605e-01 5.9862e-03 9.8284e-03 +1.0742e-06 0.04950 3.45085e-02 1.04971e-01 2.21412e-01 0.00000e+00
4.803438 9.50396206e-02 3.98456439e-02 1.34885264e-01 6.49298091e-03 5.93313339e+00 9.58109983e+00 3.10284664e-02 4.192530e-01 1.614847e+00 2.417825e+01 1.587664e+01 2.764376e-01 5.8333e-03 1.0361e-02 +2.7645e-06 0.04903 3.43705e-02 1.04493e-01 2.20063e-01 0.00000e+00
4.903509 9.32192078e-02 3.85506889e-02 1.31769897e-01 6.56181689e-03 5.85923379e+00 9.27887336e+00 3.02762143e-02 4.135488e-01 1.583633e+00 2.407668e+01 1.498358e+01 2.764923e-01 5.6577e-03 1.0169e-02 +1.6235e-06 0.05005 3.93877e-02 1.07571e-01 2.20012e-01 0.00000e+00
5.003581 9.13521518e-02 3.72987515e-02 1.28650903e-01 6.63104831e-03 5.79818376e+00 8.97654017e+00 2.95494479e-02 4.082964e-01 1.548164e+00 2.464109e+01 1.455705e+01 2.876074e-01 5.5297e-03 9.5902e-03 +7.0467e-06 0.05489 4.31286e-02 1.10546e-01 2.18274e-01 0.00000e+00
5.103653 8.96020891e-02 3.61239506e-02 1.25726040e-01 6.70220712e-03 5.74743065e+00 8.64026532e+00 2.87753919e-02 4.031597e-01 1.503327e+00 2.951128e+01 1.438876e+01 2.817262e-01 5.5031e-03 8.9241e-03 -1.3739e-06 0.05846 4.27850e-02 1.09910e-01 2.12328e-01 0.00000e+00
5.203724 8.77969648e-02 3.50355170e-02 1.22832482e-01 6.77759489e-03 5.69101045e+00 8.31448702e+00 2.80109949e-02 3.990516e-01 1.460986e+00 3.376916e+01 1.408326e+01 2.808164e-01 5.6518e-03 8.3874e-03 -8.0393e-07 0.05802 4.16593e-02 1.08065e-01 2.06757e-01 0.00000e+00
5.303796 8.58691496e-02 3.40360996e-02 1.19905249e-01 6.85568250e-03 5.61356388e+00 8.02922881e+00 2.72855854e-02 3.963717e-01 1.430326e+00 3.481802e+01 1.527351e+01 3.021124e-01 5.8278e-03 8.2058e-03 +9.1339e-06 0.05552 4.19931e-02 1.07301e-01 2.04302e-01 0.00000e+00
5.403867 8.41504641e-02 3.30910477e-02 1.17241512e-01 6.93242949e-03 5.50670850e+00 7.78151448e+00 2.65764460e-02 3.932367e-01 1.413097e+00 3.333926e+01 1.706996e+01 3.373916e-01 5.7912e-03 8.1256e-03 -9.7313e-07 0.05177 4.26841e-02 1.07132e-01 2.03972e-01 0.00000e+00
5.503939 8.23410743e-02 3.22041586e-02 1.14545233e-01 7.00483886e-03 5.37601183e+00 7.58527523e+00 2.59225741e-02 3.911069e-01 1.410948e+00 3.120434e+01 1.817141e+01 3.461894e-01 5.5852e-03 8.0027e-03 -1.4884e-06 0.04806 4.32124e-02 1.08036e-01 2.06807e-01 0.00000e+00
5.604011 8.05346823e-02 3.13571582e-02 1.11891841e-01 7.07169609e-03 5.23159003e+00 7.43387704e+00 2.53309341e-02 3.893622e-01 1.420959e+00 2.901787e+01 1.851324e+01 3.580720e-01 5.3794e-03 7.9042e-03 +4.8687e-06 0.04617 4.36319e-02 1.09718e-01 2.12374e-01 0.00000e+00
5.704082 7.88205559e-02 3.05218754e-02 1.09342431e-01 7.13351190e-03 5.08526686e+00 7.29508873e+00 2.47607112e-02 3.872324e-01 1.434554e+00 2.779957e+01 1.831552e+01 3.894343e-01 5.2620e-03 7.9098e-03 +2.1262e-07 0.04429 4.40142e-02 1.11309e-01 2.18460e-01 0.00000e+00
5.804154 7.71423356e-02 2.96992315e-02 1.06841567e-01 7.19124627e-03 4.94457630e+00 7.13859959e+00 2.41663518e-02 3.849926e-01 1.443723e+00 2.925011e+01 1.779668e+01 4.160058e-01 5.2306e-03 8.1210e-03 +2.3470e-06 0.04254 4.45138e-02 1.13080e-01 2.24631e-01 0.00000e+00
5.904226 7.55327868e-02 2.88867041e-02 1.04419491e-01 7.24502726e-03 4.81643794e+00 6.94023114e+00 2.35133382e-02 3.824393e-01 1.440947e+00 2.973761e+01 1.759460e+01 4.058002e-01 5.2539e-03 8.6163e-03 -1.0536e-06 0.04114 4.41492e-02 1.13624e-01 2.28176e-01 0.00000e+00
6.004297 7.39483924e-02 2.81005312e-02 1.02048924e-01 7.29152933e-03 4.70070283e+00 6.68079842e+00 2.27630025e-02 3.800019e-01 1.421234e+00 2.661298e+01 1.763327e+01 4.008133e-01 5.3017e-03 9.4839e-03 -1.3791e-06 0.04101 4.26654e-02 1.12756e-01 2.28432e-01 0.00000e+00
6.104369 7.23566214e-02 2.73615582e-02 9.97181796e-02 7.32289892e-03 4.59900687e+00 6.37149008e+00 2.19409939e-02 3.781486e-01 1.385406e+00 2.108307e+01 1.807020e+01 3.989988e-01 5.2922e-03 1.0361e-02 +6.3284e-06 0.04172 4.10673e-02 1.11910e-01 2.26765e-01 0.00000e+00
6.204440 7.09300588e-02 2.66468480e-02 9.75769068e-02 7.33314326e-03 4.51483711e+00 6.07143624e+00 2.11725467e-02 3.756778e-01 1.344774e+00 1.983118e+01 1.871167e+01 3.847556e-01 5.1588e-03 1.0610e-02 -3.3161e-06 0.04173 4.05887e-02 1.12386e-01 2.25924e-01 0.00000e+00
6.304512 6.94652835e-02 2.59858153e-02 9.54510987e-02 7.32079899e-03 4.44551084e+00 5.82655292e+00 2.05441275e-02 3.740835e-01 1.310660e+00 2.251006e+01 1.933504e+01 3.756972e-01 5.0455e-03 1.0537e-02 -3.2607e-06 0.04244 4.16335e-02 1.14925e-01 2.28616e-01 0.00000e+00
6.404584 6.79589787e-02 2.53698175e-02 9.33287962e-02 7.28467687e-03 4.38379918e+00 5.62204266e+00 2.00116837e-02 3.733108e-01 1.282459e+00 2.455265e+01 1.971550e+01 3.709057e-01 4.9737e-03 1.0112e-02 +5.5459e-06 0.04190 4.32619e-02 1.18011e-01 2.32615e-01 0.00000e+00
6.504655 6.65866691e-02 2.47650937e-02 9.13517627e-02 7.22460303e-03 4.32241001e+00 5.43084463e+00 1.95065093e-02 3.719227e-01 1.256439e+00 2.537238e+01 1.972342e+01 3.817001e-01 4.9067e-03 9.5922e-03 -1.8559e-06 0.04227 4.43146e-02 1.19654e-01 2.34974e-01 0.00000e+00
6.604727 6.51953881e-02 2.41974475e-02 8.93928356e-02 7.14180033e-03 4.25739574e+00 5.26336986e+00 1.90415312e-02 3.711527e-01 1.236289e+00 2.515916e+01 1.940421e+01 3.828741e-01 4.8161e-03 9.1204e-03 -1.0809e-06 0.04250 4.49235e-02 1.20572e-01 2.37061e-01 0.00000e+00
6.704799 6.38144707e-02 2.36571873e-02 8.74716580e-02 7.03930964e-03 4.18763471e+00 5.12486765e+00 1.86250047e-02 3.707182e-01 1.223810e+00 2.435309e+01 1.879813e+01 3.657709e-01 4.7294e-03 8.7271e-03 +1.1178e-06 0.04175 4.48957e-02 1.20330e-01 2.38263e-01 0.00000e+00
6.804870 6.24491299e-02 2.31313610e-02 8.55804910e-02 6.92182063e-03 4.11406385e+00 5.01278307e+00 1.82536938e-02 3.704033e-01 1.218450e+00 2.333384e+01 1.803497e+01 3.675471e-01 4.7135e-03 8.4187e-03 -1.0693e-06 0.04186 4.44013e-02 1.19026e-01 2.38230e-01 0.00000e+00
6.904942 6.11086832e-02 2.26288916e-02 8.37375748e-02 6.79451173e-03 4.03941397e+00 4.91959468e+00 1.79180173e-02 3.703057e-01 1.217898e+00 2.471702e+01 1.723953e+01 3.732383e-01 4.7684e-03 8.1707e-03 +3.9623e-06 0.04238 4.39590e-02 1.17736e-01 2.38137e-01 0.00000e+00
7.005013 5.98349437e-02 2.21226464e-02 8.19575901e-02 6.66198530e-03 3.96693537e+00 4.82449731e+00 1.75828654e-02 3.697279e-01 1.216177e+00 2.540045e+01 1.653406e+01 3.620483e-01 4.8668e-03 7.9442e-03 -2.4451e-06 0.04388 4.34175e-02 1.15865e-01 2.36744e-01 0.00000e+00
7.105085 5.85520181e-02 2.16368927e-02 8.01889107e-02 6.52781716e-03 3.89857374e+00 4.72339770e+00 1.72439429e-02 3.695328e-01 1.211571e+00 2.505549e+01 1.579772e+01 3.684093e-01 4.9867e-03 7.7544e-03 -2.3571e-06 0.04385 4.33016e-02 1.14541e-01 2.35784e-01 0.00000e+00
7.205157 5.72230204e-02 2.11742303e-02 7.83972507e-02 6.39433240e-03 3.83404354e+00 4.61192337e+00 1.68919338e-02 3.700299e-01 1.202888e+00 2.405318e+01 1.506985e+01 3.791338e-01 5.0923e-03 7.5618e-03 +6.3082e-06 0.04444 4.35433e-02 1.13814e-01 2.35395e-01 0.00000e+00
7.305228 5.60439794e-02 2.07068644e-02 7.67508439e-02 6.26382738e-03 3.77175140e+00 4.48820451e+00 1.65199118e-02 3.694753e-01 1.189952e+00 2.311289e+01 1.432447e+01 3.937378e-01 5.1224e-03 7.3328e-03 -2.4566e-06 0.04482 4.35451e-02 1.12688e-01 2.33965e-01 0.00000e+00
7.405300 5.48217218e-02 2.02655225e-02 7.50872443e-02 6.13900292e-03 3.71155583e+00 4.36882530e+00 1.61607622e-02 3.696623e-01 1.177087e+00 2.233796e+01 1.362673e+01 4.086718e-01 5.0443e-03 7.0970e-03 -2.1884e-06 0.04380 4.34921e-02 1.11868e-01 2.32767e-01 0.00000e+00
7.505371 5.35907106e-02 1.98466619e-02 7.34373725e-02 6.02256738e-03 3.65287795e+00 4.26091373e+00 1.58275834e-02 3.703377e-01 1.166454e+00 2.195863e+01 1.337653e+01 4.176186e-01 4.9032e-03 6.8588e-03 +3.7969e-06 0.04380 4.33418e-02 1.11261e-01 2.31591e-01 0.00000e+00
7.605443 5.24168323e-02 1.94278232e-02 7.18446555e-02 5.91676282e-03 3.59526722e+00 4.16205228e+00 1.55146390e-02 3.706409e-01 1.157648e+00 2.243250e+01 1.335425e+01 4.450298e-01 4.7462e-03 6.6140e-03 -1.1235e-06 0.04339 4.30123e-02 1.10479e-01 2.29520e-01 0.00000e+00
7.705515 5.12687725e-02 1.90259231e-02 7.02946955e-02 5.82264893e-03 3.53694961e+00 4.07131117e+00 1.52165216e-02 3.711016e-01 1.151080e+00 2.080022e+01 1.351453e+01 4.682056e-01 4.5935e-03 6.4179e-03 +1.4432e-06 0.04272 4.29515e-02 1.10389e-01 2.28184e-01 0.00000e+00
7.805586 5.01403987e-02 1.86277397e-02 6.87681384e-02 5.74043843e-03 3.47653754e+00 3.98833974e+00 1.49297546e-02 3.715116e-01 1.147216e+00 1.857280e+01 1.383873e+01 4.754863e-01 4.4775e-03 6.2987e-03 -5.0758e-07 0.04251 4.30540e-02 1.10477e-01 2.26949e-01 0.00000e+00
7.905658 4.90184468e-02 1.82391043e-02 6.72575511e-02 5.66990099e-03 3.41223333e+00 3.91400304e+00 1.46524727e-02 3.720865e-01 1.147050e+00 1.917430e+01 1.431076e+01 4.892205e-01 4.4094e-03 6.2960e-03 -1.5863e-06 0.04167 4.34227e-02 1.10837e-01 2.26381e-01 0.00000e+00
8.005730 4.78909855e-02 1.78635496e-02 6.57545351e-02 5.61048445e-03 3.34296582e+00 3.84529057e+00 1.43765128e-02 3.730044e-01 1.150263e+00 2.207514e+01 1.454192e+01 5.023833e-01 4.3980e-03 6.4122e-03 +5.2595e-06 0.04143 4.39837e-02 1.11353e-01 2.26557e-01 0.00000e+00
8.105801 4.68707478e-02 1.74768638e-02 6.43476115e-02 5.56156839e-03 3.26921368e+00 3.77661212e+00 1.40916516e-02 3.728736e-01 1.155205e+00 2.441899e+01 1.441846e+01 5.100588e-01 4.4261e-03 6.6162e-03 -2.5823e-06 0.04110 4.43111e-02 1.11190e-01 2.26017e-01 0.00000e+00
8.205873 4.58267901e-02 1.71024625e-02 6.29292526e-02 5.52257802e-03 3.19132193e+00 3.70555144e+00 1.37937468e-02 3.731979e-01 1.161134e+00 2.595126e+01 1.407155e+01 5.100910e-01 4.4436e-03 6.8404e-03 -2.4863e-06 0.04033 4.44673e-02 1.10810e-01 2.25606e-01 0.00000e+00
8.305944 4.47615310e-02 1.67407057e-02 6.15022366e-02 5.49278292e-03 3.10991340e+00 3.62771300e+00 1.34752528e-02 3.739976e-01 1.166500e+00 2.663583e+01 1.364143e+01 5.173099e-01 4.4358e-03 6.9901e-03 +5.2082e-06 0.04071 4.43928e-02 1.10238e-01 2.25368e-01 0.00000e+00
8.406016 4.38046923e-02 1.63708664e-02 6.01755587e-02 5.47139268e-03 3.02744589e+00 3.54087941e+00 1.31366506e-02 3.737240e-01 1.169593e+00 2.638064e+01 1.330550e+01 5.238221e-01 4.4214e-03 7.0053e-03 -1.8449e-06 0.04095 4.38649e-02 1.08906e-01 2.24157e-01 0.00000e+00
8.506088 4.28481573e-02 1.60166363e-02 5.88647937e-02 5.45736890e-03 2.94396728e+00 3.44792292e+00 1.27837804e-02 3.737999e-01 1.171182e+00 2.550608e+01 1.363106e+01 5.220970e-01 4.4082e-03 6.9169e-03 -7.0219e-07 0.04103 4.32368e-02 1.07602e-01 2.23387e-01 0.00000e+00
8.606159 4.19010142e-02 1.56742239e-02 5.75752381e-02 5.44936471e-03 2.86110646e+00 3.35400162e+00 1.24302162e-02 3.740774e-01 1.172274e+00 2.412950e+01 1.381599e+01 5.145985e-01 4.4075e-03 6.7773e-03 +1.7356e-06 0.04144 4.24994e-02 1.06169e-01 2.22568e-01 0.00000e+00
8.706231 4.09812993e-02 1.53376418e-02 5.63189410e-02 5.44603263e-03 2.77926119e+00 3.26054638e+00 1.20796152e-02 3.742595e-01 1.173170e+00 2.252186e+01 1.389349e+01 5.077986e-01 4.4118e-03 6.6306e-03 -1.2975e-06 0.04067 4.16804e-02 1.04618e-01 2.21427e-01 0.00000e+00
8.806303 4.00904229e-02 1.50185182e-02 5.51089411e-02 5.44617352e-03 2.69714305e+00 3.16665328e+00 1.17275927e-02 3.746161e-01 1.174077e+00 2.074130e+01 1.380777e+01 5.011941e-01 4.3935e-03 6.5147e-03 +3.2691e-06 0.04014 4.09927e-02 1.03493e-01 2.20741e-01 0.00000e+00
8.906374 3.92526390e-02 1.47025162e-02 5.39551552e-02 5.44885639e-03 2.61563419e+00 3.07317516e+00 1.13776187e-02 3.745612e-01 1.174925e+00 1.889204e+01 1.366822e+01 5.049407e-01 4.3456e-03 6.4284e-03 -1.6010e-06 0.03915 4.03580e-02 1.02423e-01 2.19532e-01 0.00000e+00
9.006446 3.84120189e-02 1.44022469e-02 5.28142659e-02 5.45344387e-03 2.53368425e+00 2.98187885e+00 1.10311262e-02 3.749412e-01 1.176894e+00 1.791234e+01 1.341271e+01 5.034655e-01 4.2542e-03 6.3464e-03 -2.1028e-06 0.03845 3.99692e-02 1.01767e-01 2.18462e-01 0.00000e+00
9.106517 3.75529527e-02 1.41188308e-02 5.16717835e-02 5.45917718e-03 2.45032884e+00 2.89326982e+00 1.06871973e-02 3.759713e-01 1.180768e+00 1.732349e+01 1.298697e+01 5.147636e-01 4.1300e-03 6.2409e-03 +5.3868e-06 0.03692 3.98368e-02 1.01483e-01 2.17592e-01 0.00000e+00
9.206589 3.68092021e-02 1.38349028e-02 5.06441048e-02 5.46524538e-03 2.36589998e+00 2.80488534e+00 1.03415706e-02 3.758545e-01 1.185547e+00 1.662349e+01 1.243407e+01 5.196910e-01 4.0089e-03 6.1014e-03 -2.2868e-06 0.03590 3.96138e-02 1.00679e-01 2.15462e-01 0.00000e+00
9.306661 3.60459000e-02 1.35662286e-02 4.96121286e-02 5.47085413e-03 2.27997443e+00 2.71945240e+00 9.99885365e-03 3.763598e-01 1.192756e+00 1.692838e+01 1.196168e+01 5.221305e-01 3.8988e-03 5.9671e-03 -1.8203e-06 0.03464 3.93619e-02 9.97226e-02 2.13191e-01 0.00000e+00
9.406732 3.52794449e-02 1.33102473e-02 4.85896922e-02 5.47528479e-03 2.19353852e+00 2.63523755e+00 9.65755213e-03 3.772805e-01 1.201364e+00 1.774079e+01 1.165974e+01 5.142900e-01 3.8049e-03 5.8854e-03 +3.6897e-06 0.03395 3.88935e-02 9.83006e-02 2.10467e-01 0.00000e+00
9.506804 3.45758659e-02 1.30550661e-02 4.76309320e-02 5.47836142e-03 2.10858831e+00 2.54899667e+00 9.31516997e-03 3.775774e-01 1.208864e+00 1.782733e+01 1.131979e+01 5.096283e-01 3.7289e-03 5.8788e-03 -1.4711e-06 0.03405 3.79486e-02 9.58863e-02 2.06295e-01 0.00000e+00
9.606875 3.38984023e-02 1.28145755e-02 4.67129778e-02 5.48007864e-03 2.02510867e+00 2.46049569e+00 8.97120872e-03 3.780289e-01 1.214994e+00 1.719761e+01 1.093856e+01 4.978043e-01 3.6622e-03 5.9658e-03 +1.1766e-06 0.03415 3.67045e-02 9.30265e-02 2.01790e-01 0.00000e+00
9.706947 3.32420539e-02 1.25808896e-02 4.58229435e-02 5.48032331e-03 1.94447310e+00 2.36889754e+00 8.62674128e-03 3.784631e-01 1.218272e+00 1.755538e+01 1.055564e+01 4.825967e-01 3.6122e-03 6.1190e-03 +2.4272e-07 0.03412 3.50907e-02 8.95149e-02 1.96266e-01 0.00000e+00
9.807019 3.25992611e-02 1.23576526e-02 4.49569137e-02 5.47892512e-03 1.86650069e+00 2.27576863e+00 8.28453863e-03 3.790777e-01 1.219270e+00 1.795846e+01 1.015237e+01 4.706422e-01 3.5708e-03 6.2913e-03 -1.5484e-06 0.03415 3.32974e-02 8.57534e-02 1.90389e-01 0.00000e+00
9.907090 3.19640528e-02 1.21495831e-02 4.41136359e-02 5.47543797e-03 1.79158896e+00 2.18516909e+00 7.95351609e-03 3.801015e-01 1.219682e+00 1.792558e+01 9.828787e+00 4.660551e-01 3.5208e-03 6.4091e-03 +4.5244e-06 0.03393 3.15823e-02 8.22967e-02 1.85197e-01 0.00000e+00
10.000190 3.14508178e-02 1.19602244e-02 4.34110421e-02 5.47006145e-03 1.72487800e+00 2.10321885e+00 7.65619369e-03 3.802834e-01 1.219344e+00 1.740114e+01 9.858775e+00 4.552109e-01 3.4513e-03 6.3893e-03 -1.5579e-06 0.03352 3.00528e-02 7.92231e-02 1.80500e-01 0.00000e+00
