# tg_mhd (CUDA FP64)  tgc_noslip_cond_n384_re500  N=384 L=384 Re=500 Pm=1 u0=0.05 nu_lat=1.219127e-02 eta_lat=1.219127e-02 tau_f=0.536574 tau_m=0.548765 dt=4.101296e-04
# t E_V E_M E_T H_C Omega_V Omega_M eps EM/EV OmM/OmV j_max w_max skew divb/j divb_wall/j mass_drift umax_lat fw1 fw2 fw4 tau_wall
0.000000 1.23697926e-01 1.25000000e-01 2.48697926e-01 -2.98300129e-20 5.34487759e+01 1.49986544e+00 2.19794565e-01 1.010526e+00 2.806174e-02 3.463888e+00 1.828613e+02 1.367560e-18 5.4362e-15 1.1130e-14 +0.0000e+00 0.05000 9.67844e-01 9.69646e-01 9.73689e-01 1.79661e-01
0.100072 1.17450880e-01 1.24176477e-01 2.41627357e-01 -5.02702635e-05 8.87425544e+00 1.52743507e+00 4.16067621e-02 1.057263e+00 1.721198e-01 4.039759e+00 4.371490e+01 1.261594e-01 3.1835e-04 1.8327e-03 -6.6583e-07 0.05098 8.28042e-01 8.39237e-01 8.60668e-01 3.89032e-02
0.200143 1.14480142e-01 1.23420845e-01 2.37900987e-01 -1.25158796e-04 6.39506153e+00 1.59306471e+00 3.19525050e-02 1.078098e+00 2.491086e-01 4.631425e+00 3.118180e+01 3.636822e-02 3.9104e-04 2.2563e-03 -9.7086e-06 0.05082 7.52709e-01 7.86297e-01 8.14744e-01 2.78368e-02
0.300215 1.12212939e-01 1.23016663e-01 2.35229603e-01 -2.29550277e-04 5.34334130e+00 1.68932033e+00 2.81306465e-02 1.096279e+00 3.161543e-01 5.154939e+00 2.597761e+01 2.159051e-01 4.2732e-04 2.4597e-03 -6.0127e-06 0.05127 6.83876e-01 7.47317e-01 7.81499e-01 2.33321e-02
0.400286 1.09896271e-01 1.22489581e-01 2.32385851e-01 -3.42345496e-04 4.75966792e+00 1.80852550e+00 2.62727737e-02 1.114593e+00 3.799688e-01 5.727402e+00 2.562209e+01 2.192902e-01 4.4943e-04 2.5873e-03 +5.6154e-06 0.05106 6.24334e-01 7.13464e-01 7.54194e-01 2.05920e-02
0.500358 1.08123062e-01 1.21692506e-01 2.29815568e-01 -4.64864486e-04 4.37880060e+00 1.94403803e+00 2.52913545e-02 1.125500e+00 4.439659e-01 6.213674e+00 2.480642e+01 2.070314e-01 4.6230e-04 2.6775e-03 -1.0367e-05 0.05036 5.71057e-01 6.79823e-01 7.28301e-01 1.89135e-02
0.600430 1.06238935e-01 1.20999212e-01 2.27238147e-01 -5.95245083e-04 4.11973658e+00 2.10502536e+00 2.48990478e-02 1.138935e+00 5.109612e-01 6.637013e+00 2.319827e+01 3.221588e-01 4.7162e-04 2.7542e-03 -1.2115e-05 0.05082 5.23688e-01 6.45971e-01 7.03428e-01 1.75450e-02
0.700501 1.04383030e-01 1.20416242e-01 2.24799272e-01 -7.16818555e-04 4.03909128e+00 2.29469519e+00 2.53351459e-02 1.153600e+00 5.681216e-01 7.022985e+00 2.281059e+01 2.984870e-01 4.8173e-04 2.8345e-03 +1.3679e-06 0.05051 4.88382e-01 6.17764e-01 6.84081e-01 1.76902e-02
0.800573 1.02911614e-01 1.19457896e-01 2.22369510e-01 -8.26498601e-04 3.87793188e+00 2.49766017e+00 2.55023682e-02 1.160781e+00 6.440701e-01 7.319650e+00 2.250293e+01 3.638484e-01 4.9203e-04 2.9002e-03 -6.7817e-06 0.05039 4.44546e-01 5.80392e-01 6.57498e-01 1.61194e-02
0.900645 1.01408716e-01 1.18204649e-01 2.19613365e-01 -9.25412454e-04 3.82694845e+00 2.72440936e+00 2.62054312e-02 1.165626e+00 7.119012e-01 7.531703e+00 2.279051e+01 4.278109e-01 5.0417e-04 2.9833e-03 -1.0347e-05 0.05070 4.08749e-01 5.46638e-01 6.34304e-01 1.56525e-02
1.000716 1.00204356e-01 1.16761308e-01 2.16965664e-01 -9.99093870e-04 3.87617307e+00 2.97360454e+00 2.73991104e-02 1.165232e+00 7.671496e-01 7.624428e+00 2.240320e+01 3.782675e-01 5.2185e-04 3.0653e-03 -8.3391e-06 0.05056 3.80363e-01 5.16837e-01 6.14340e-01 1.57264e-02
1.100788 9.92841162e-02 1.14987184e-01 2.14271301e-01 -1.03098665e-03 3.91377095e+00 3.24411217e+00 2.86315325e-02 1.158163e+00 8.288968e-01 7.584175e+00 2.366152e+01 4.118071e-01 5.4782e-04 3.1547e-03 -7.8773e-06 0.05070 3.49722e-01 4.83545e-01 5.91123e-01 1.53740e-02
1.200859 9.84826764e-02 1.12804924e-01 2.11287601e-01 -1.04375203e-03 3.91993509e+00 3.54322981e+00 2.98526596e-02 1.145429e+00 9.039001e-01 7.979109e+00 2.368908e+01 4.655839e-01 5.8678e-04 3.2669e-03 -3.3182e-06 0.05017 3.15508e-01 4.46041e-01 5.63723e-01 1.44875e-02
1.300931 9.79834904e-02 1.10177967e-01 2.08161457e-01 -9.89861953e-04 4.02702756e+00 3.85955350e+00 3.15463242e-02 1.124454e+00 9.584125e-01 9.721631e+00 2.308121e+01 4.072084e-01 6.4809e-04 3.3658e-03 -1.3875e-05 0.04888 2.89801e-01 4.14169e-01 5.39102e-01 1.41969e-02
1.401003 9.76475945e-02 1.07328920e-01 2.04976515e-01 -9.24867599e-04 4.13409480e+00 4.21792310e+00 3.34080716e-02 1.099146e+00 1.020277e+00 1.169794e+01 2.607166e+01 3.994964e-01 7.4875e-04 3.4711e-03 -1.2650e-05 0.04939 2.64096e-01 3.81821e-01 5.12560e-01 1.41984e-02
1.501074 9.72135255e-02 1.04281112e-01 2.01494638e-01 -7.88518870e-04 4.23050008e+00 4.62365318e+00 3.54166130e-02 1.072702e+00 1.092933e+00 1.375430e+01 2.502446e+01 4.276758e-01 8.9959e-04 3.5794e-03 -1.0608e-06 0.04727 2.38268e-01 3.49407e-01 4.84413e-01 1.40101e-02
1.601146 9.70320485e-02 1.00857820e-01 1.97889869e-01 -6.08404116e-04 4.28364067e+00 5.04475337e+00 3.73135762e-02 1.039428e+00 1.177679e+00 1.562484e+01 2.441075e+01 4.801777e-01 1.0938e-03 3.6254e-03 -1.2623e-05 0.04545 2.10665e-01 3.15128e-01 4.52655e-01 1.29754e-02
1.701218 9.66357985e-02 9.73326952e-02 1.93968494e-01 -4.01008013e-04 4.36171661e+00 5.50135249e+00 3.94522764e-02 1.007212e+00 1.261282e+00 1.740137e+01 2.456939e+01 4.593869e-01 1.3246e-03 3.6575e-03 -1.4842e-05 0.04627 1.88544e-01 2.86116e-01 4.24290e-01 1.26920e-02
1.801289 9.61587129e-02 9.37534211e-02 1.89912134e-01 -1.50208566e-04 4.44109974e+00 5.97200261e+00 4.16524094e-02 9.749862e-01 1.344713e+00 1.961045e+01 2.354401e+01 4.245872e-01 1.5909e-03 3.6687e-03 -6.3930e-06 0.04871 1.70614e-01 2.61817e-01 3.99798e-01 1.28357e-02
1.901361 9.56711513e-02 9.00055482e-02 1.85676699e-01 1.75012666e-04 4.42723981e+00 6.38606478e+00 4.32532184e-02 9.407804e-01 1.442448e+00 2.162515e+01 2.251303e+01 4.389179e-01 1.8862e-03 3.6270e-03 -1.0764e-05 0.04978 1.50204e-01 2.36095e-01 3.74425e-01 1.18972e-02
2.001432 9.50255626e-02 8.61963795e-02 1.81221942e-01 4.78372649e-04 4.40808313e+00 6.70026764e+00 4.44334031e-02 9.070862e-01 1.519996e+00 2.329602e+01 2.074122e+01 4.312361e-01 2.1893e-03 3.5920e-03 -1.0969e-05 0.05030 1.34341e-01 2.15808e-01 3.55419e-01 1.12022e-02
2.101504 9.43401407e-02 8.23446661e-02 1.76684807e-01 8.82798481e-04 4.42486039e+00 6.85555529e+00 4.51216627e-02 8.728487e-01 1.549327e+00 2.449527e+01 1.813177e+01 3.759974e-01 2.4439e-03 3.5200e-03 -1.3345e-05 0.05046 1.24683e-01 2.02528e-01 3.44237e-01 1.11919e-02
2.201576 9.36516789e-02 7.85445379e-02 1.72196217e-01 1.28007181e-03 4.40599316e+00 6.85260918e+00 4.50344094e-02 8.386880e-01 1.555293e+00 2.520709e+01 1.853506e+01 3.835111e-01 2.5805e-03 3.4684e-03 -1.2710e-05 0.05031 1.14408e-01 1.89854e-01 3.35927e-01 1.05651e-02
2.301647 9.28084632e-02 7.48148447e-02 1.67623308e-01 1.72545639e-03 4.39887044e+00 6.72551081e+00 4.44975250e-02 8.061209e-01 1.528918e+00 2.542815e+01 1.583859e+01 4.213451e-01 2.5555e-03 3.4245e-03 -6.0912e-06 0.05079 1.06489e-01 1.80330e-01 3.32716e-01 1.00838e-02
2.401719 9.20528245e-02 7.11486522e-02 1.63201477e-01 2.21065774e-03 4.40970309e+00 6.50618344e+00 4.36635461e-02 7.729111e-01 1.475424e+00 2.511762e+01 1.466094e+01 4.332332e-01 2.4100e-03 3.3533e-03 -1.5852e-05 0.05176 1.00694e-01 1.72873e-01 3.31263e-01 9.80179e-03
2.501790 9.12040888e-02 6.76507968e-02 1.58854886e-01 2.69509676e-03 4.40144687e+00 6.27512459e+00 4.27062858e-02 7.417518e-01 1.425696e+00 2.452105e+01 1.551497e+01 4.157889e-01 2.2393e-03 3.3100e-03 -1.6007e-05 0.05365 9.41740e-02 1.65005e-01 3.29973e-01 9.23669e-03
2.601862 9.02176064e-02 6.43231268e-02 1.54540733e-01 3.17727128e-03 4.41776218e+00 6.05472556e+00 4.18899510e-02 7.129775e-01 1.370541e+00 2.370501e+01 1.381742e+01 4.139118e-01 2.1232e-03 3.2993e-03 -6.5253e-06 0.05440 9.05696e-02 1.60092e-01 3.30787e-01 9.25338e-03
2.701934 8.93466242e-02 6.10855060e-02 1.50432130e-01 3.68829910e-03 4.41523572e+00 5.81825130e+00 4.09339481e-02 6.836913e-01 1.317767e+00 2.265200e+01 1.264198e+01 4.026872e-01 2.0842e-03 3.2446e-03 -1.4352e-05 0.05465 8.62725e-02 1.54243e-01 3.27898e-01 8.74475e-03
2.802005 8.83088113e-02 5.79973600e-02 1.46306171e-01 4.11997524e-03 4.39398964e+00 5.59658158e+00 3.99622849e-02 6.567562e-01 1.273690e+00 2.149790e+01 1.212934e+01 3.809933e-01 2.1157e-03 3.2329e-03 -1.5790e-05 0.05528 8.13898e-02 1.48086e-01 3.23359e-01 8.36718e-03
2.902077 8.72202009e-02 5.50859549e-02 1.42306156e-01 4.57766646e-03 4.41531147e+00 5.38376137e+00 3.91962914e-02 6.315734e-01 1.219339e+00 2.029570e+01 1.257440e+01 3.579014e-01 2.1767e-03 3.2230e-03 -1.1576e-05 0.05479 8.17825e-02 1.47196e-01 3.21489e-01 8.70185e-03
3.002149 8.61165172e-02 5.23433975e-02 1.38459915e-01 4.99117901e-03 4.37696863e+00 5.17554125e+00 3.82100395e-02 6.078206e-01 1.182449e+00 1.908352e+01 1.188474e+01 3.399368e-01 2.2335e-03 3.2208e-03 -1.3851e-05 0.05380 7.80514e-02 1.42535e-01 3.14496e-01 8.06938e-03
3.102220 8.48593564e-02 4.97458237e-02 1.34605180e-01 5.36463453e-03 4.34165710e+00 4.98560698e+00 3.73090563e-02 5.862150e-01 1.148319e+00 1.788310e+01 1.271189e+01 3.211135e-01 2.2726e-03 3.2329e-03 -1.1679e-05 0.05225 7.65132e-02 1.40374e-01 3.08914e-01 7.91478e-03
3.202292 8.35639084e-02 4.73273164e-02 1.30891225e-01 5.74673978e-03 4.33029814e+00 4.80704271e+00 3.65493634e-02 5.663607e-01 1.110095e+00 1.671148e+01 1.296281e+01 2.998954e-01 2.2894e-03 3.2422e-03 -1.6039e-05 0.05025 7.92057e-02 1.42284e-01 3.05363e-01 8.37182e-03
3.302363 8.21992339e-02 4.50979611e-02 1.27297195e-01 6.09059927e-03 4.23875765e+00 4.65129794e+00 3.55602224e-02 5.486421e-01 1.097326e+00 1.564550e+01 1.243435e+01 2.896325e-01 2.2843e-03 3.2703e-03 -1.5882e-05 0.04846 7.56182e-02 1.38694e-01 2.97300e-01 7.60229e-03
3.402435 8.06639287e-02 4.30267708e-02 1.23690699e-01 6.41448490e-03 4.18697565e+00 4.52169247e+00 3.48346725e-02 5.334078e-01 1.079942e+00 1.465986e+01 1.236337e+01 2.821353e-01 2.2659e-03 3.3203e-03 -8.8355e-06 0.04665 7.77271e-02 1.40858e-01 2.94252e-01 8.04320e-03
3.502507 7.91836540e-02 4.10847256e-02 1.20268380e-01 6.75033947e-03 4.12129082e+00 4.40023296e+00 3.40860951e-02 5.188536e-01 1.067683e+00 1.372402e+01 1.263862e+01 2.808609e-01 2.2440e-03 3.3347e-03 -1.6739e-05 0.04540 7.96390e-02 1.42641e-01 2.90304e-01 7.87361e-03
3.602578 7.75781924e-02 3.92897836e-02 1.16867976e-01 7.04060062e-03 4.00324507e+00 4.30051592e+00 3.32150439e-02 5.064540e-01 1.074257e+00 1.362685e+01 1.161333e+01 2.927862e-01 2.2271e-03 3.3782e-03 -1.7481e-05 0.04464 7.68253e-02 1.40299e-01 2.83573e-01 7.41615e-03
3.702650 7.58873189e-02 3.76270258e-02 1.13514345e-01 7.33061360e-03 3.94307790e+00 4.21576372e+00 3.26353665e-02 4.958276e-01 1.069156e+00 1.448244e+01 1.174567e+01 3.033553e-01 2.2135e-03 3.4292e-03 -1.0438e-05 0.04429 8.12588e-02 1.44994e-01 2.83461e-01 8.12238e-03
3.802722 7.42485801e-02 3.60646451e-02 1.10313225e-01 7.61739799e-03 3.84440635e+00 4.12821284e+00 3.18904768e-02 4.857284e-01 1.073823e+00 1.518522e+01 1.159180e+01 3.179243e-01 2.2019e-03 3.4705e-03 -1.5625e-05 0.04401 8.16935e-02 1.45678e-01 2.79960e-01 7.66221e-03
3.902793 7.25253859e-02 3.45862427e-02 1.07111629e-01 7.85285490e-03 3.72397137e+00 4.04267165e+00 3.10665721e-02 4.768846e-01 1.085581e+00 1.557201e+01 1.109003e+01 3.413855e-01 2.1950e-03 3.5384e-03 -1.5724e-05 0.04347 7.97855e-02 1.44439e-01 2.75721e-01 7.29192e-03
4.002865 7.07988607e-02 3.32038970e-02 1.04002758e-01 8.10136789e-03 3.67661518e+00 3.94992480e+00 3.05061599e-02 4.689891e-01 1.074337e+00 1.566684e+01 1.278095e+01 3.466633e-01 2.1979e-03 3.6212e-03 -1.4560e-05 0.04290 8.65612e-02 1.51298e-01 2.78976e-01 8.23998e-03
4.102936 6.90941920e-02 3.19063096e-02 1.01000502e-01 8.31566353e-03 3.55162409e+00 3.84286034e+00 2.95779377e-02 4.617799e-01 1.082001e+00 1.549615e+01 1.154741e+01 3.727101e-01 2.2071e-03 3.7155e-03 -1.5979e-05 0.04218 8.39716e-02 1.49481e-01 2.75517e-01 7.30258e-03
4.203008 6.73559805e-02 3.06733879e-02 9.80293684e-02 8.50359876e-03 3.46604053e+00 3.72179523e+00 2.87513431e-02 4.553922e-01 1.073789e+00 1.504852e+01 1.217542e+01 3.943801e-01 2.2058e-03 3.8289e-03 -1.2331e-05 0.04173 8.63653e-02 1.52565e-01 2.77253e-01 7.57830e-03
4.303080 6.56763644e-02 2.95106271e-02 9.51869915e-02 8.68467194e-03 3.40079554e+00 3.58017579e+00 2.79238853e-02 4.493341e-01 1.052747e+00 1.435303e+01 1.267576e+01 4.027021e-01 2.1795e-03 3.9283e-03 -1.7297e-05 0.04102 9.15545e-02 1.58037e-01 2.81783e-01 7.70683e-03
4.403151 6.40032121e-02 2.84340519e-02 9.24372639e-02 8.83580767e-03 3.28729097e+00 3.43171068e+00 2.68760066e-02 4.442598e-01 1.043933e+00 1.348713e+01 1.236241e+01 4.183633e-01 2.1240e-03 4.0356e-03 -1.7726e-05 0.04148 9.05124e-02 1.57874e-01 2.83356e-01 7.25558e-03
4.503223 6.22979803e-02 2.74346590e-02 8.97326394e-02 8.96232747e-03 3.21697614e+00 3.28749043e+00 2.60178663e-02 4.403780e-01 1.021919e+00 1.248967e+01 1.324876e+01 4.257531e-01 2.0413e-03 4.1523e-03 -1.1242e-05 0.04200 9.53810e-02 1.63270e-01 2.91976e-01 7.58809e-03
4.603295 6.06937372e-02 2.64962083e-02 8.71899455e-02 9.09202120e-03 3.15281327e+00 3.14694817e+00 2.51990458e-02 4.365559e-01 9.981397e-01 1.142407e+01 1.337260e+01 4.212899e-01 1.9503e-03 4.2660e-03 -1.7473e-05 0.04216 1.01034e-01 1.68993e-01 3.01777e-01 7.51398e-03
4.703366 5.90635551e-02 2.56249516e-02 8.46885066e-02 9.17576930e-03 3.04231124e+00 3.02117605e+00 2.42539492e-02 4.338539e-01 9.930529e-01 1.038223e+01 1.256437e+01 4.282675e-01 1.8704e-03 4.4161e-03 -1.8052e-05 0.04217 9.96739e-02 1.68387e-01 3.07219e-01 7.07434e-03
4.803438 5.74437110e-02 2.48171174e-02 8.22608283e-02 9.26148361e-03 3.00453679e+00 2.90418388e+00 2.36348827e-02 4.320250e-01 9.665995e-01 9.516712e+00 1.420122e+01 4.065597e-01 1.8042e-03 4.5690e-03 -1.3536e-05 0.04191 1.08794e-01 1.77767e-01 3.21153e-01 7.74426e-03
4.903509 5.58848648e-02 2.40540179e-02 7.99388828e-02 9.32517368e-03 2.92280094e+00 2.78672251e+00 2.28380938e-02 4.304210e-01 9.534425e-01 9.172134e+00 1.329994e+01 4.125092e-01 1.7478e-03 4.6766e-03 -1.7062e-05 0.04117 1.10863e-01 1.81177e-01 3.29117e-01 7.21718e-03
5.003581 5.43326110e-02 2.33348817e-02 7.76674927e-02 9.36462204e-03 2.85103731e+00 2.67374132e+00 2.20991145e-02 4.294821e-01 9.378135e-01 8.785117e+00 1.315414e+01 4.179493e-01 1.7005e-03 4.7249e-03 -1.5939e-05 0.04028 1.14252e-01 1.86594e-01 3.38285e-01 7.17081e-03
5.103653 5.28140162e-02 2.26562285e-02 7.54702447e-02 9.39820066e-03 2.81285175e+00 2.56241757e+00 2.15010773e-02 4.289814e-01 9.109679e-01 8.774018e+00 1.396442e+01 3.922938e-01 1.6577e-03 4.7105e-03 -1.6796e-05 0.03925 1.23279e-01 1.97333e-01 3.50979e-01 7.56618e-03
5.203724 5.13353965e-02 2.20154992e-02 7.33508957e-02 9.41405760e-03 2.73392691e+00 2.45559933e+00 2.07581050e-02 4.288561e-01 8.981949e-01 9.270282e+00 1.301272e+01 3.930421e-01 1.6169e-03 4.6708e-03 -1.7958e-05 0.03808 1.26069e-01 2.02200e-01 3.58664e-01 7.22919e-03
5.303796 4.98662370e-02 2.14082989e-02 7.12745359e-02 9.40493585e-03 2.67246079e+00 2.35729986e+00 2.01190426e-02 4.293145e-01 8.820709e-01 9.676442e+00 1.324333e+01 3.979740e-01 1.5778e-03 4.6229e-03 -1.3694e-05 0.03693 1.32360e-01 2.09719e-01 3.68951e-01 7.28585e-03
5.403867 4.84727534e-02 2.08207994e-02 6.92935528e-02 9.39732022e-03 2.62885290e+00 2.26117356e+00 1.95601058e-02 4.295361e-01 8.601370e-01 9.878016e+00 1.339104e+01 3.742919e-01 1.5393e-03 4.5394e-03 -1.8543e-05 0.03578 1.42184e-01 2.19614e-01 3.80906e-01 7.42024e-03
5.503939 4.70994441e-02 2.02621658e-02 6.73616100e-02 9.35761954e-03 2.53195447e+00 2.17329168e+00 1.88209846e-02 4.301997e-01 8.583455e-01 9.933401e+00 1.263722e+01 3.709165e-01 1.5056e-03 4.4288e-03 -1.9161e-05 0.03472 1.42354e-01 2.20513e-01 3.86211e-01 7.15378e-03
5.604011 4.57442682e-02 1.97296554e-02 6.54739236e-02 9.30766970e-03 2.47883229e+00 2.09420708e+00 1.82921575e-02 4.313033e-01 8.448361e-01 9.943476e+00 1.288768e+01 3.534357e-01 1.4760e-03 4.2797e-03 -1.3931e-05 0.03367 1.50138e-01 2.28286e-01 3.97412e-01 7.48938e-03
5.704082 4.44752035e-02 1.92050582e-02 6.36802617e-02 9.24929962e-03 2.41035239e+00 2.01846314e+00 1.77152621e-02 4.318150e-01 8.374141e-01 1.000124e+01 1.252605e+01 3.485448e-01 1.4504e-03 4.0880e-03 -1.8667e-05 0.03274 1.54363e-01 2.32974e-01 4.05454e-01 7.29598e-03
5.804154 4.32283005e-02 1.86991370e-02 6.19274374e-02 9.16535546e-03 2.31522397e+00 1.95202694e+00 1.70690037e-02 4.325670e-01 8.431266e-01 1.017853e+01 1.251242e+01 3.506253e-01 1.4318e-03 3.9020e-03 -1.8750e-05 0.03178 1.52594e-01 2.32785e-01 4.09742e-01 6.97283e-03
5.904226 4.20172350e-02 1.82067114e-02 6.02239464e-02 9.07987531e-03 2.26554266e+00 1.89279782e+00 1.66333619e-02 4.333153e-01 8.354722e-01 1.043123e+01 1.247738e+01 3.188636e-01 1.4204e-03 3.7428e-03 -1.6355e-05 0.03071 1.59125e-01 2.40472e-01 4.19660e-01 7.48646e-03
6.004297 4.08645060e-02 1.77188866e-02 5.85833926e-02 8.98518457e-03 2.18152376e+00 1.83735484e+00 1.60755144e-02 4.336009e-01 8.422346e-01 1.062061e+01 1.218779e+01 3.245404e-01 1.4129e-03 3.6100e-03 -1.8849e-05 0.02986 1.57848e-01 2.41408e-01 4.23496e-01 7.01598e-03
6.104369 3.97473811e-02 1.72420262e-02 5.69894073e-02 8.87157848e-03 2.10575063e+00 1.78855707e+00 1.55772308e-02 4.337902e-01 8.493679e-01 1.077385e+01 1.260295e+01 3.329789e-01 1.4073e-03 3.5124e-03 -1.6829e-05 0.02905 1.57488e-01 2.43409e-01 4.27779e-01 6.92227e-03
6.204440 3.86762081e-02 1.67677977e-02 5.54440057e-02 8.76900242e-03 2.05471855e+00 1.74126760e+00 1.51839446e-02 4.335430e-01 8.474482e-01 1.082959e+01 1.238292e+01 3.061653e-01 1.4020e-03 3.4281e-03 -1.8765e-05 0.02846 1.61890e-01 2.49554e-01 4.34209e-01 7.03721e-03
6.304512 3.76424968e-02 1.63010364e-02 5.39435332e-02 8.65223869e-03 1.97332598e+00 1.69639032e+00 1.46788652e-02 4.330488e-01 8.596605e-01 1.081357e+01 1.297795e+01 3.119031e-01 1.3985e-03 3.3611e-03 -1.9768e-05 0.02787 1.58765e-01 2.48975e-01 4.34895e-01 6.78591e-03
6.404584 3.66307416e-02 1.58452038e-02 5.24759453e-02 8.53013843e-03 1.91261002e+00 1.65489624e+00 1.42700250e-02 4.325657e-01 8.652554e-01 1.076268e+01 1.302726e+01 3.137131e-01 1.3974e-03 3.3033e-03 -1.5526e-05 0.02766 1.59860e-01 2.52133e-01 4.38105e-01 6.72756e-03
6.504655 3.56829521e-02 1.53889817e-02 5.10719338e-02 8.42073894e-03 1.86262171e+00 1.61141390e+00 1.38961424e-02 4.312699e-01 8.651321e-01 1.063251e+01 1.331942e+01 3.000094e-01 1.3987e-03 3.2363e-03 -1.9727e-05 0.02749 1.63059e-01 2.56776e-01 4.41400e-01 6.69595e-03
6.604727 3.47524119e-02 1.49445874e-02 4.96969993e-02 8.29589509e-03 1.78229747e+00 1.56951683e+00 1.34072572e-02 4.300302e-01 8.806144e-01 1.046770e+01 1.356686e+01 3.129943e-01 1.4024e-03 3.1762e-03 -2.0190e-05 0.02659 1.58410e-01 2.54461e-01 4.39320e-01 6.34147e-03
6.704799 3.38418121e-02 1.45129868e-02 4.83547990e-02 8.17736028e-03 1.73951408e+00 1.52897987e+00 1.30739758e-02 4.288478e-01 8.789695e-01 1.029686e+01 1.325440e+01 2.955770e-01 1.4068e-03 3.1184e-03 -1.6263e-05 0.02620 1.62939e-01 2.60171e-01 4.43271e-01 6.63825e-03
6.804870 3.29842732e-02 1.40849850e-02 4.70692582e-02 8.06413419e-03 1.67543397e+00 1.48594824e+00 1.26455289e-02 4.270212e-01 8.869035e-01 1.008181e+01 1.324971e+01 3.042825e-01 1.4079e-03 3.0486e-03 -1.9724e-05 0.02587 1.61696e-01 2.60441e-01 4.42702e-01 6.22337e-03
6.904942 3.21470020e-02 1.36714887e-02 4.58184907e-02 7.93858680e-03 1.61236404e+00 1.44422771e+00 1.22263670e-02 4.252804e-01 8.957206e-01 9.836417e+00 1.329195e+01 3.176476e-01 1.4044e-03 2.9846e-03 -1.9137e-05 0.02550 1.60382e-01 2.60604e-01 4.42374e-01 6.10674e-03
7.005013 3.13325799e-02 1.32696815e-02 4.46022615e-02 7.82534515e-03 1.56512612e+00 1.40237116e+00 1.18699891e-02 4.235107e-01 8.960116e-01 9.582277e+00 1.250341e+01 3.002999e-01 1.3955e-03 2.9246e-03 -1.8184e-05 0.02516 1.63189e-01 2.64149e-01 4.44773e-01 6.18157e-03
7.105085 3.05521932e-02 1.28779795e-02 4.34301728e-02 7.70983129e-03 1.50480607e+00 1.35987310e+00 1.14587167e-02 4.215075e-01 9.036866e-01 9.301257e+00 1.237720e+01 3.117696e-01 1.3813e-03 2.8694e-03 -2.0010e-05 0.02524 1.61834e-01 2.63785e-01 4.44311e-01 5.94472e-03
7.205157 2.97933300e-02 1.25017354e-02 4.22950654e-02 7.58824160e-03 1.44638081e+00 1.31917635e+00 1.10622287e-02 4.196152e-01 9.120533e-01 9.029277e+00 1.187234e+01 3.307415e-01 1.3625e-03 2.8258e-03 -1.7393e-05 0.02535 1.60546e-01 2.63473e-01 4.44334e-01 5.77983e-03
7.305228 2.90697091e-02 1.21336995e-02 4.12034086e-02 7.48174536e-03 1.40309202e+00 1.27779631e+00 1.07235533e-02 4.174001e-01 9.107003e-01 8.770538e+00 1.122365e+01 3.120369e-01 1.3394e-03 2.7937e-03 -1.9725e-05 0.02576 1.63326e-01 2.66422e-01 4.46726e-01 5.77831e-03
7.405300 2.83658220e-02 1.17789478e-02 4.01447698e-02 7.36739350e-03 1.33958850e+00 1.23770814e+00 1.03091866e-02 4.152514e-01 9.239465e-01 8.522789e+00 1.084465e+01 3.292468e-01 1.3134e-03 2.7738e-03 -2.0555e-05 0.02602 1.59010e-01 2.63212e-01 4.44609e-01 5.52639e-03
7.505371 2.76777171e-02 1.14388843e-02 3.91166014e-02 7.25742311e-03 1.29471733e+00 1.19981912e+00 9.97814576e-03 4.132886e-01 9.267035e-01 8.326561e+00 1.014784e+01 3.259598e-01 1.2848e-03 2.7643e-03 -1.6747e-05 0.02623 1.60101e-01 2.64900e-01 4.46361e-01 5.54403e-03
7.605443 2.70354350e-02 1.11039304e-02 3.81393654e-02 7.15799894e-03 1.24492905e+00 1.16127765e+00 9.62482680e-03 4.107177e-01 9.328063e-01 8.125706e+00 9.552112e+00 3.255779e-01 1.2534e-03 2.7597e-03 -2.0208e-05 0.02623 1.58787e-01 2.64329e-01 4.45955e-01 5.27643e-03
7.705515 2.64068198e-02 1.07815450e-02 3.71883648e-02 7.05201811e-03 1.19228257e+00 1.12457977e+00 9.26744935e-03 4.082864e-01 9.432158e-01 7.964569e+00 9.202354e+00 3.336804e-01 1.2216e-03 2.7589e-03 -2.0390e-05 0.02637 1.55694e-01 2.62420e-01 4.44496e-01 5.14768e-03
7.805586 2.57952618e-02 1.04704690e-02 3.62657308e-02 6.95537170e-03 1.14949810e+00 1.08937674e+00 8.95549936e-03 4.059067e-01 9.476977e-01 7.851026e+00 8.653059e+00 3.152732e-01 1.1916e-03 2.7595e-03 -1.7697e-05 0.02625 1.55513e-01 2.63211e-01 4.44918e-01 5.15225e-03
7.905658 2.52205150e-02 1.01643806e-02 3.53848956e-02 6.86442219e-03 1.10416759e+00 1.05379279e+00 8.63184151e-03 4.030203e-01 9.543776e-01 7.718906e+00 8.090970e+00 3.150516e-01 1.1646e-03 2.7560e-03 -2.0331e-05 0.02608 1.53661e-01 2.62405e-01 4.43621e-01 4.91131e-03
8.005730 2.46650399e-02 9.86916330e-03 3.45342032e-02 6.76827538e-03 1.05685021e+00 1.01956958e+00 8.30567917e-03 4.001276e-01 9.647248e-01 7.600266e+00 7.715719e+00 3.264103e-01 1.1437e-03 2.7464e-03 -1.9169e-05 0.02577 1.50365e-01 2.60476e-01 4.41365e-01 4.75001e-03
8.105801 2.41307204e-02 9.58099204e-03 3.37117124e-02 6.68420475e-03 1.02020164e+00 9.85411613e-01 8.02245303e-03 3.970454e-01 9.658989e-01 7.473285e+00 7.989172e+00 2.931260e-01 1.1292e-03 2.7336e-03 -1.9279e-05 0.02559 1.50825e-01 2.61676e-01 4.41125e-01 4.72965e-03
8.205873 2.36208116e-02 9.29985560e-03 3.29206672e-02 6.59831478e-03 9.75972708e-01 9.51335914e-01 7.70923449e-03 3.937145e-01 9.747567e-01 7.323382e+00 7.198409e+00 2.956984e-01 1.1217e-03 2.7142e-03 -2.0715e-05 0.02523 1.47372e-01 2.59340e-01 4.37883e-01 4.54652e-03
8.305944 2.31280384e-02 9.02896483e-03 3.21570032e-02 6.51228474e-03 9.37569041e-01 9.18092863e-01 7.42264762e-03 3.903904e-01 9.792269e-01 7.185893e+00 7.286762e+00 2.967664e-01 1.1202e-03 2.6885e-03 -1.7949e-05 0.02485 1.45910e-01 2.58707e-01 4.35895e-01 4.40508e-03
8.406016 2.26669108e-02 8.76261710e-03 3.14295279e-02 6.43492151e-03 9.02885305e-01 8.84077855e-01 7.14785264e-03 3.865819e-01 9.791696e-01 7.020238e+00 7.359991e+00 2.733083e-01 1.1220e-03 2.6593e-03 -2.0346e-05 0.02447 1.45467e-01 2.58599e-01 4.33860e-01 4.30533e-03
8.506088 2.22189560e-02 8.50518297e-03 3.07241390e-02 6.35288371e-03 8.64430731e-01 8.50500212e-01 6.85972377e-03 3.827895e-01 9.838847e-01 6.833555e+00 6.589264e+00 2.745592e-01 1.1259e-03 2.6280e-03 -2.1007e-05 0.02417 1.42515e-01 2.56154e-01 4.29916e-01 4.17584e-03
8.606159 2.17838503e-02 8.25787579e-03 3.00417260e-02 6.27335153e-03 8.32256622e-01 8.17686417e-01 6.59977216e-03 3.790825e-01 9.824931e-01 6.683332e+00 6.894551e+00 2.608193e-01 1.1299e-03 2.5943e-03 -1.7876e-05 0.02375 1.41985e-01 2.55711e-01 4.27463e-01 4.12022e-03
8.706231 2.13817852e-02 8.01515841e-03 2.93969436e-02 6.19919951e-03 8.00761535e-01 7.84243535e-01 6.34002028e-03 3.748592e-01 9.793721e-01 6.485225e+00 6.635861e+00 2.528367e-01 1.1312e-03 2.5602e-03 -2.0711e-05 0.02334 1.40965e-01 2.54401e-01 4.23915e-01 3.93763e-03
8.806303 2.09906193e-02 7.78244927e-03 2.87730686e-02 6.11880535e-03 7.68461839e-01 7.51689002e-01 6.08060337e-03 3.707584e-01 9.781735e-01 6.271570e+00 6.189467e+00 2.605239e-01 1.1297e-03 2.5256e-03 -2.0515e-05 0.02300 1.38694e-01 2.51844e-01 4.19374e-01 3.83549e-03
8.906374 2.06106195e-02 7.55864996e-03 2.81692695e-02 6.04398196e-03 7.41893112e-01 7.19858916e-01 5.84700811e-03 3.667357e-01 9.703000e-01 6.042860e+00 6.383256e+00 2.337404e-01 1.1244e-03 2.4929e-03 -1.8908e-05 0.02265 1.38783e-01 2.51151e-01 4.16176e-01 3.79816e-03
9.006446 2.02540558e-02 7.34132805e-03 2.75953838e-02 5.96944020e-03 7.14442623e-01 6.88341309e-01 5.61113573e-03 3.624621e-01 9.634662e-01 5.835271e+00 5.948885e+00 2.374299e-01 1.1149e-03 2.4601e-03 -2.0946e-05 0.02229 1.37363e-01 2.48800e-01 4.11419e-01 3.67693e-03
9.106517 1.99088294e-02 7.13416290e-03 2.70429923e-02 5.89094603e-03 6.88073069e-01 6.58088328e-01 5.38464559e-03 3.583417e-01 9.564222e-01 5.610423e+00 5.725277e+00 2.505944e-01 1.1020e-03 2.4277e-03 -1.9387e-05 0.02190 1.35733e-01 2.46143e-01 4.06532e-01 3.52503e-03
9.206589 1.95786800e-02 6.93417803e-03 2.65128580e-02 5.81820513e-03 6.66874983e-01 6.28594172e-01 5.18187662e-03 3.541698e-01 9.425967e-01 5.375927e+00 5.914070e+00 2.248809e-01 1.0856e-03 2.3962e-03 -2.0139e-05 0.02165 1.36410e-01 2.45267e-01 4.02924e-01 3.53544e-03
9.306661 1.92598075e-02 6.74220466e-03 2.60020121e-02 5.74255255e-03 6.42802449e-01 6.00217066e-01 4.97207806e-03 3.500660e-01 9.337504e-01 5.134320e+00 5.271196e+00 2.357581e-01 1.0668e-03 2.3660e-03 -2.1265e-05 0.02135 1.34196e-01 2.41678e-01 3.97185e-01 3.40321e-03
9.406732 1.89487615e-02 6.56001234e-03 2.55087738e-02 5.66590387e-03 6.22978573e-01 5.73421070e-01 4.78559857e-03 3.461974e-01 9.204507e-01 4.894890e+00 5.374143e+00 2.421087e-01 1.0469e-03 2.3360e-03 -1.8622e-05 0.02109 1.34061e-01 2.39889e-01 3.93119e-01 3.33906e-03
9.506804 1.86582222e-02 6.38353843e-03 2.50417607e-02 5.59393571e-03 6.03968416e-01 5.47449144e-01 4.60567024e-03 3.421300e-01 9.064202e-01 4.650906e+00 5.259894e+00 2.333260e-01 1.0257e-03 2.3065e-03 -2.0850e-05 0.02081 1.33514e-01 2.37528e-01 3.88524e-01 3.24071e-03
9.606875 1.83718168e-02 6.21556097e-03 2.45873777e-02 5.51765658e-03 5.85255487e-01 5.23016424e-01 4.43308765e-03 3.383204e-01 8.936549e-01 4.410642e+00 4.820654e+00 2.479438e-01 1.0049e-03 2.2799e-03 -2.1255e-05 0.02068 1.32357e-01 2.34581e-01 3.83687e-01 3.18633e-03
9.706947 1.80891399e-02 6.05599511e-03 2.41451350e-02 5.44337475e-03 5.68970012e-01 5.00165278e-01 4.27654116e-03 3.347862e-01 8.790714e-01 4.409501e+00 4.960942e+00 2.400423e-01 9.8526e-04 2.2557e-03 -1.8847e-05 0.02045 1.32290e-01 2.32656e-01 3.79966e-01 3.14494e-03
9.807019 1.78256003e-02 5.90168722e-03 2.37272875e-02 5.37169482e-03 5.53320137e-01 4.78341485e-01 4.12664649e-03 3.310793e-01 8.644932e-01 4.413685e+00 4.718761e+00 2.466008e-01 9.6653e-04 2.2331e-03 -2.1134e-05 0.02028 1.31855e-01 2.30286e-01 3.75907e-01 3.06976e-03
9.907090 1.75653386e-02 5.75523161e-03 2.33205702e-02 5.29617714e-03 5.37612980e-01 4.58093278e-01 3.98282503e-03 3.276471e-01 8.520875e-01 4.416050e+00 4.415042e+00 2.663558e-01 9.4964e-04 2.2144e-03 -2.0554e-05 0.02008 1.30705e-01 2.27352e-01 3.71754e-01 2.98655e-03
10.000190 1.73262778e-02 5.62486941e-03 2.29511472e-02 5.22984730e-03 5.26080233e-01 4.40489956e-01 3.86628076e-03 3.246438e-01 8.373057e-01 4.416074e+00 4.607739e+00 2.472397e-01 9.3542e-04 2.1997e-03 -1.9545e-05 0.02001 1.31660e-01 2.26508e-01 3.69642e-01 3.02938e-03
