# tg_mhd (CUDA FP32)  tgc_slip_cond_n640_re1000  N=640 L=640 Re=1000 Pm=2 u0=0.05 nu_lat=1.017000e-02 eta_lat=5.085000e-03 tau_f=0.530510 tau_m=0.520340 dt=2.458210e-04 fw=profile
# t E_V E_M E_T H_C Omega_V Omega_M eps EM/EV OmM/OmV j_max w_max skew divb/j divb_wall/j mass_drift umax_lat fw1 fw2 fw4 tau_wall
0.000000 1.25000007e-01 1.25000000e-01 2.50000007e-01 1.51306334e-21 3.74997000e-01 1.49995166e+00 2.24994566e-03 9.999999e-01 3.999903e+00 3.464025e+00 1.999963e+00 3.597458e-19 2.0892e-06 3.1042e-06 +0.0000e+00 0.05000 4.03003e-02 8.07968e-02 1.62789e-01 0.00000e+00
0.100049 1.24820043e-01 1.24642190e-01 2.49462233e-01 3.62611294e-08 3.83357928e-01 1.50211876e+00 2.26883461e-03 9.985751e-01 3.918319e+00 3.551559e+00 2.003913e+00 1.397614e-01 1.3145e-05 1.9303e-05 +1.6441e-07 0.05087 4.01655e-02 8.05483e-02 1.62442e-01 0.00000e+00
0.200098 1.24764296e-01 1.24352866e-01 2.49117161e-01 2.52051531e-07 4.10399844e-01 1.51880489e+00 2.33960458e-03 9.967023e-01 3.700793e+00 3.671289e+00 2.048685e+00 3.412341e-02 1.3629e-05 2.1023e-05 -5.3023e-06 0.05129 3.95996e-02 7.94839e-02 1.60790e-01 0.00000e+00
0.300147 1.24739143e-01 1.24471018e-01 2.49210161e-01 1.05818522e-06 4.53187911e-01 1.55622369e+00 2.46259952e-03 9.978505e-01 3.433948e+00 3.819400e+00 2.121807e+00 2.056175e-01 1.4249e-05 2.1767e-05 -2.6298e-06 0.05225 3.88330e-02 7.80762e-02 1.58835e-01 0.00000e+00
0.400197 1.24261683e-01 1.24536924e-01 2.48798606e-01 3.07009106e-06 5.08932406e-01 1.61257820e+00 2.63044301e-03 1.002215e+00 3.168551e+00 4.026138e+00 2.211050e+00 2.334691e-01 1.6278e-05 2.6498e-05 +5.4143e-06 0.05292 3.79675e-02 7.65459e-02 1.57097e-01 0.00000e+00
0.500246 1.24212375e-01 1.24351692e-01 2.48564067e-01 7.07991366e-06 5.77988840e-01 1.68868173e+00 2.84465941e-03 1.001122e+00 2.921651e+00 4.258423e+00 2.324647e+00 2.277766e-01 2.0395e-05 3.4765e-05 -4.5938e-06 0.05298 3.67427e-02 7.43956e-02 1.54650e-01 0.00000e+00
0.600295 1.23807445e-01 1.24369498e-01 2.48176943e-01 1.38694629e-05 6.58972150e-01 1.79440895e+00 3.11235324e-03 1.004540e+00 2.723042e+00 4.517957e+00 2.445611e+00 3.446048e-01 2.6346e-05 4.7684e-05 -5.7067e-06 0.05436 3.55848e-02 7.25537e-02 1.53555e-01 0.00000e+00
0.700344 1.23277351e-01 1.24628296e-01 2.47905647e-01 2.42632322e-05 7.53792724e-01 1.93516148e+00 3.44274693e-03 1.010959e+00 2.567233e+00 4.783560e+00 2.771752e+00 3.048813e-01 3.4974e-05 6.8828e-05 +3.2717e-06 0.05509 3.45768e-02 7.13275e-02 1.54559e-01 0.00000e+00
0.800393 1.23092354e-01 1.24585804e-01 2.47678159e-01 3.89260930e-05 8.66476534e-01 2.10674035e+00 3.83969342e-03 1.012133e+00 2.431388e+00 5.011871e+00 3.165102e+00 4.118520e-01 4.7156e-05 1.0702e-04 -1.0532e-06 0.05596 3.36075e-02 7.06720e-02 1.57177e-01 0.00000e+00
0.900442 1.22768436e-01 1.24332401e-01 2.47100837e-01 5.84049354e-05 9.99974297e-01 2.32005398e+00 4.32000258e-03 1.012739e+00 2.320114e+00 5.509518e+00 3.644148e+00 4.921327e-01 6.4489e-05 1.7505e-04 -3.1915e-06 0.05752 3.31758e-02 7.18056e-02 1.62981e-01 0.00000e+00
1.000492 1.22704269e-01 1.23957131e-01 2.46661400e-01 8.30888808e-05 1.16205146e+00 2.58246989e+00 4.90657281e-03 1.010210e+00 2.222337e+00 7.095678e+00 4.350892e+00 4.191923e-01 8.9143e-05 2.8793e-04 -2.9048e-06 0.05901 3.36985e-02 7.54717e-02 1.72079e-01 0.00000e+00
1.100541 1.22901201e-01 1.23363683e-01 2.46264884e-01 1.13029303e-04 1.35908689e+00 2.90712383e+00 5.62529762e-03 1.003763e+00 2.139027e+00 9.475174e+00 5.686748e+00 4.617044e-01 1.2456e-04 4.5358e-04 -1.1534e-06 0.06086 3.57189e-02 8.21556e-02 1.84097e-01 0.00000e+00
1.200590 1.23154842e-01 1.22424551e-01 2.45579393e-01 1.48489660e-04 1.59520013e+00 3.31425601e+00 6.50465628e-03 9.940701e-01 2.077643e+00 1.271784e+01 7.173015e+00 5.543917e-01 1.7811e-04 6.6579e-04 +3.0641e-06 0.06228 3.96113e-02 9.17924e-02 1.98066e-01 0.00000e+00
1.300639 1.23856850e-01 1.21009565e-01 2.44866414e-01 1.90096256e-04 1.87556423e+00 3.81502382e+00 7.56615228e-03 9.770115e-01 2.034067e+00 1.692920e+01 8.611051e+00 5.044382e-01 2.6599e-04 9.0579e-04 -5.4354e-06 0.06257 4.48109e-02 1.02827e-01 2.11142e-01 0.00000e+00
1.400688 1.24639953e-01 1.19471075e-01 2.44111028e-01 2.39359853e-04 2.20306369e+00 4.46593268e+00 8.87206006e-03 9.585295e-01 2.027146e+00 2.219836e+01 1.066113e+01 4.853019e-01 4.1969e-04 1.2016e-03 -4.3215e-06 0.06529 5.11945e-02 1.14841e-01 2.22989e-01 0.00000e+00
1.500737 1.25219857e-01 1.17830517e-01 2.43050374e-01 2.99216084e-04 2.57512403e+00 5.31530142e+00 1.04655495e-02 9.409891e-01 2.064095e+00 2.813037e+01 1.327368e+01 5.151383e-01 6.6016e-04 1.5969e-03 +5.0803e-06 0.06481 5.81811e-02 1.26293e-01 2.32025e-01 0.00000e+00
1.600786 1.26193704e-01 1.15839670e-01 2.42033374e-01 3.73542324e-04 2.98136739e+00 6.37554232e+00 1.23382771e-02 9.179513e-01 2.138462e+00 3.374531e+01 1.601863e+01 6.136005e-01 9.7271e-04 2.0821e-03 -2.5685e-06 0.06507 6.44691e-02 1.34587e-01 2.35718e-01 0.00000e+00
1.700836 1.26750559e-01 1.13823746e-01 2.40574305e-01 4.66318351e-04 3.40255284e+00 7.71027526e+00 1.45153809e-02 8.980138e-01 2.266027e+00 3.837457e+01 1.845896e+01 5.657673e-01 1.3328e-03 2.5702e-03 -4.5172e-06 0.06500 6.98107e-02 1.39502e-01 2.35324e-01 0.00000e+00
1.800885 1.27158580e-01 1.11862581e-01 2.39021160e-01 5.80499700e-04 3.81668058e+00 9.34927178e+00 1.69826329e-02 8.797093e-01 2.449582e+00 4.173787e+01 2.024469e+01 4.902425e-01 1.7497e-03 2.9826e-03 +1.0005e-06 0.06258 7.33683e-02 1.40518e-01 2.31156e-01 0.00000e+00
1.900934 1.27464986e-01 1.09759030e-01 2.37224017e-01 7.17163159e-04 4.19313312e+00 1.12057222e+01 1.95919884e-02 8.610916e-01 2.672398e+00 4.358516e+01 2.082808e+01 4.918619e-01 2.2471e-03 3.3221e-03 +5.2566e-08 0.06116 7.41918e-02 1.37379e-01 2.23523e-01 0.00000e+00
2.000983 1.27543033e-01 1.07534466e-01 2.35077498e-01 8.76024118e-04 4.51730393e+00 1.31046829e+01 2.21392907e-02 8.431230e-01 2.900996e+00 4.748061e+01 1.998493e+01 4.947404e-01 2.8044e-03 3.6083e-03 +7.5623e-07 0.06012 7.24944e-02 1.31531e-01 2.14983e-01 0.00000e+00
2.101032 1.27588634e-01 1.05105388e-01 2.32694022e-01 1.05759289e-03 4.81120741e+00 1.47535481e+01 2.43759629e-02 8.237833e-01 3.066496e+00 5.269144e+01 1.866573e+01 4.154486e-01 3.3465e-03 3.8619e-03 -3.4176e-06 0.05636 6.81727e-02 1.23643e-01 2.07094e-01 0.00000e+00
2.201081 1.27658265e-01 1.02591125e-01 2.30249389e-01 1.26300272e-03 5.11134188e+00 1.59450297e+01 2.61677135e-02 8.036387e-01 3.119539e+00 5.675294e+01 1.824525e+01 3.972386e-01 3.7959e-03 4.0873e-03 -1.3423e-06 0.05464 6.24975e-02 1.15460e-01 2.04301e-01 0.00000e+00
2.301131 1.27474299e-01 9.98944008e-02 2.27368700e-01 1.49333958e-03 5.43121794e+00 1.65193193e+01 2.73817551e-02 7.836435e-01 3.041550e+00 5.927284e+01 1.838174e+01 4.769359e-01 4.0643e-03 4.4066e-03 +5.8858e-06 0.05506 5.64647e-02 1.08266e-01 2.10756e-01 0.00000e+00
2.401180 1.27718426e-01 9.69706573e-02 2.24689083e-01 1.74861414e-03 5.77903349e+00 1.65136924e+01 2.80717594e-02 7.592535e-01 2.857518e+00 5.998743e+01 1.911907e+01 5.362565e-01 4.0941e-03 4.6827e-03 -3.0450e-06 0.05677 5.04895e-02 1.02433e-01 2.20529e-01 0.00000e+00
2.501229 1.27733664e-01 9.40375672e-02 2.21771231e-01 2.02621110e-03 6.12462636e+00 1.62510626e+01 2.85003153e-02 7.362003e-01 2.653397e+00 5.942469e+01 2.005781e+01 4.981814e-01 3.9260e-03 4.9446e-03 -3.4243e-06 0.05935 4.62265e-02 1.00404e-01 2.30299e-01 0.00000e+00
2.601278 1.27633221e-01 9.11769645e-02 2.18810185e-01 2.32079346e-03 6.45009285e+00 1.59625295e+01 2.88627152e-02 7.143670e-01 2.474775e+00 5.776652e+01 2.074269e+01 4.902940e-01 3.6783e-03 4.7485e-03 +4.6665e-06 0.06060 4.34355e-02 1.04173e-01 2.36543e-01 0.00000e+00
2.701327 1.27764755e-01 8.82346205e-02 2.15999375e-01 2.62520852e-03 6.74846730e+00 1.56728804e+01 2.91698150e-02 6.906022e-01 2.322436e+00 5.528968e+01 2.194974e+01 5.111338e-01 3.4267e-03 4.7910e-03 +7.0501e-08 0.06125 4.15594e-02 1.10606e-01 2.36365e-01 0.00000e+00
2.801376 1.27633761e-01 8.53048583e-02 2.12938619e-01 2.93473128e-03 7.02500834e+00 1.54450609e+01 2.94950775e-02 6.683565e-01 2.198583e+00 5.311896e+01 2.323356e+01 4.970798e-01 3.1970e-03 4.9581e-03 -1.3540e-06 0.06284 4.21054e-02 1.15674e-01 2.32363e-01 0.00000e+00
2.901426 1.27443394e-01 8.24867311e-02 2.09930125e-01 3.24681604e-03 7.29386850e+00 1.52680211e+01 2.98557581e-02 6.472421e-01 2.093268e+00 5.141869e+01 2.473376e+01 4.915517e-01 3.0185e-03 5.2223e-03 -4.3228e-07 0.06394 4.60606e-02 1.18315e-01 2.26355e-01 0.00000e+00
3.001475 1.27163175e-01 7.98499872e-02 2.07013162e-01 3.55717829e-03 7.56085450e+00 1.51551344e+01 3.02768434e-02 6.279333e-01 2.004421e+00 5.016527e+01 2.636089e+01 4.944876e-01 2.9499e-03 5.6457e-03 +3.0583e-07 0.06550 5.13661e-02 1.18889e-01 2.19436e-01 0.00000e+00
3.101524 1.26486149e-01 7.72990265e-02 2.03785175e-01 3.86073035e-03 7.79785409e+00 1.50976876e+01 3.06933957e-02 6.111264e-01 1.936134e+00 5.106872e+01 2.753204e+01 5.162157e-01 2.9870e-03 5.8434e-03 +4.0104e-06 0.06629 5.50395e-02 1.17429e-01 2.12440e-01 0.00000e+00
3.201573 1.25784238e-01 7.49547118e-02 2.00738950e-01 4.15162692e-03 8.00532644e+00 1.51153442e+01 3.11259970e-02 5.958991e-01 1.888161e+00 4.940374e+01 2.796195e+01 5.113468e-01 3.0966e-03 5.7742e-03 -3.1955e-06 0.06793 5.47450e-02 1.12444e-01 2.03443e-01 0.00000e+00
3.301622 1.24722475e-01 7.29066402e-02 1.97629115e-01 4.42403044e-03 8.15404802e+00 1.53329675e+01 3.16410635e-02 5.845509e-01 1.880412e+00 4.970965e+01 2.725025e+01 4.848387e-01 3.2661e-03 5.6857e-03 -2.0194e-06 0.07103 5.15386e-02 1.05719e-01 1.94679e-01 0.00000e+00
3.401671 1.23091641e-01 7.11323457e-02 1.94223987e-01 4.67358131e-03 8.23135965e+00 1.58618282e+01 3.23245475e-02 5.778812e-01 1.927000e+00 5.045687e+01 2.540746e+01 4.672000e-01 3.4572e-03 5.6240e-03 +6.1689e-06 0.07237 4.68508e-02 9.84398e-02 1.86844e-01 0.00000e+00
3.501720 1.21555833e-01 6.95413719e-02 1.91097205e-01 4.89840988e-03 8.25518062e+00 1.66673084e+01 3.31776696e-02 5.720941e-01 2.019012e+00 5.106736e+01 2.353244e+01 4.559322e-01 3.5833e-03 5.3598e-03 -1.1498e-06 0.07282 4.16796e-02 9.11344e-02 1.79531e-01 0.00000e+00
3.601770 1.19488477e-01 6.81213918e-02 1.87609868e-01 5.10225891e-03 8.24400161e+00 1.77169203e+01 3.42049235e-02 5.701085e-01 2.149068e+00 5.230262e+01 2.484497e+01 4.100847e-01 3.6543e-03 4.9775e-03 -2.3543e-06 0.07423 3.77712e-02 8.62348e-02 1.76155e-01 0.00000e+00
3.701819 1.17221678e-01 6.68477080e-02 1.84069386e-01 5.29332040e-03 8.22307927e+00 1.88550158e+01 3.53011744e-02 5.702675e-01 2.292939e+00 5.942636e+01 2.334916e+01 3.941760e-01 3.9491e-03 4.8000e-03 +2.9091e-06 0.07244 3.54999e-02 8.43897e-02 1.76760e-01 0.00000e+00
3.801868 1.14892513e-01 6.56180241e-02 1.80510537e-01 5.47734380e-03 8.19545807e+00 1.98540877e+01 3.62450038e-02 5.711253e-01 2.422572e+00 6.258813e+01 2.305144e+01 3.728213e-01 4.3230e-03 4.8408e-03 +1.0251e-06 0.07134 3.45718e-02 8.54114e-02 1.79354e-01 0.00000e+00
3.901917 1.12411967e-01 6.43363576e-02 1.76748325e-01 5.65611281e-03 8.14025916e+00 2.05873546e+01 3.68678729e-02 5.723266e-01 2.529079e+00 6.207566e+01 2.342337e+01 3.581063e-01 4.5790e-03 4.9559e-03 +1.6223e-06 0.06932 3.51414e-02 9.05707e-02 1.85538e-01 0.00000e+00
4.001966 1.09971065e-01 6.30379603e-02 1.73009025e-01 5.83138693e-03 8.05756075e+00 2.10585137e+01 3.71736352e-02 5.732232e-01 2.613510e+00 5.933448e+01 2.250518e+01 3.256960e-01 4.5671e-03 5.1398e-03 -1.6452e-06 0.06516 3.71721e-02 9.96942e-02 1.94099e-01 0.00000e+00
4.102015 1.07568659e-01 6.17311180e-02 1.69299777e-01 6.00557231e-03 7.95146961e+00 2.14399877e+01 3.73429269e-02 5.738764e-01 2.696355e+00 5.560735e+01 2.108820e+01 3.046946e-01 4.3393e-03 5.4690e-03 -4.3260e-07 0.06125 4.16044e-02 1.12041e-01 2.06014e-01 0.00000e+00
4.202065 1.05038143e-01 6.03198538e-02 1.65357997e-01 6.17956582e-03 7.82940380e+00 2.18163079e+01 3.74751155e-02 5.742662e-01 2.786458e+00 5.058008e+01 2.165686e+01 2.968558e-01 4.0859e-03 5.9051e-03 +5.5303e-06 0.05754 4.99931e-02 1.25785e-01 2.22835e-01 0.00000e+00
4.302114 1.02876131e-01 5.88150900e-02 1.61691221e-01 6.35099809e-03 7.70996094e+00 2.21392582e+01 3.75591801e-02 5.717078e-01 2.871514e+00 4.929896e+01 2.129528e+01 2.891772e-01 3.9150e-03 6.3386e-03 -2.5489e-06 0.05494 6.19929e-02 1.37515e-01 2.37822e-01 0.00000e+00
4.402163 1.00643616e-01 5.72176492e-02 1.57861265e-01 6.51646716e-03 7.59899978e+00 2.24434839e+01 3.76414835e-02 5.685174e-01 2.953479e+00 5.517490e+01 2.071749e+01 2.526431e-01 3.9830e-03 6.6625e-03 -2.5114e-06 0.05357 7.62154e-02 1.48178e-01 2.51396e-01 0.00000e+00
4.502212 9.83913273e-02 5.55536317e-02 1.53944959e-01 6.67223658e-03 7.50798903e+00 2.25186825e+01 3.75346606e-02 5.646192e-01 2.999296e+00 5.849214e+01 2.115725e+01 2.335159e-01 4.3550e-03 6.7240e-03 +4.9180e-06 0.05005 8.74610e-02 1.57781e-01 2.62072e-01 0.00000e+00
4.602261 9.64408413e-02 5.38144069e-02 1.50255248e-01 6.81216938e-03 7.43405387e+00 2.19534016e+01 3.68215094e-02 5.580043e-01 2.953086e+00 5.833622e+01 2.144641e+01 2.223488e-01 4.6988e-03 6.4769e-03 +2.2801e-07 0.04760 8.81741e-02 1.60972e-01 2.66332e-01 0.00000e+00
4.702310 9.44478174e-02 5.20801686e-02 1.46527986e-01 6.93019334e-03 7.35741350e+00 2.08383015e+01 3.55531285e-02 5.514174e-01 2.832286e+00 5.439028e+01 2.257833e+01 1.980474e-01 4.6016e-03 6.1645e-03 -4.0511e-07 0.04751 7.91860e-02 1.55636e-01 2.63153e-01 0.00000e+00
4.802359 9.25372303e-02 5.04470418e-02 1.42984272e-01 7.02512325e-03 7.26207704e+00 1.95650638e+01 3.40892179e-02 5.451540e-01 2.694142e+00 4.881910e+01 2.338163e+01 1.585157e-01 4.2283e-03 6.1869e-03 +1.2482e-06 0.04798 6.95751e-02 1.44817e-01 2.53402e-01 0.00000e+00
4.902409 9.06486162e-02 4.89527626e-02 1.39601379e-01 7.10173319e-03 7.15958494e+00 1.85924353e+01 3.29116052e-02 5.400277e-01 2.596859e+00 4.292650e+01 2.324070e+01 1.515721e-01 3.8940e-03 6.8581e-03 +1.1278e-06 0.05062 6.74045e-02 1.39131e-01 2.44941e-01 0.00000e+00
5.002458 8.87354662e-02 4.75226332e-02 1.36258099e-01 7.16581384e-03 7.06304706e+00 1.78821212e+01 3.20082153e-02 5.355540e-01 2.531786e+00 3.763969e+01 2.354564e+01 1.617499e-01 3.7095e-03 7.0856e-03 +4.1922e-06 0.05496 6.94433e-02 1.40058e-01 2.40305e-01 0.00000e+00
5.102507 8.69218718e-02 4.61860848e-02 1.33107957e-01 7.22322366e-03 6.98249628e+00 1.71292909e+01 3.10942834e-02 5.313517e-01 2.453176e+00 3.999281e+01 2.435433e+01 1.577275e-01 3.6820e-03 6.3774e-03 -1.8338e-06 0.05851 6.82778e-02 1.37748e-01 2.32740e-01 0.00000e+00
5.202556 8.50588756e-02 4.49661456e-02 1.30025021e-01 7.28103099e-03 6.90562454e+00 1.63250233e+01 3.01362724e-02 5.286473e-01 2.364018e+00 4.578970e+01 2.488592e+01 1.609211e-01 3.7485e-03 5.5052e-03 -9.8115e-07 0.05839 6.55573e-02 1.32651e-01 2.24495e-01 0.00000e+00
5.302605 8.30233863e-02 4.38773837e-02 1.26900770e-01 7.34159725e-03 6.80760789e+00 1.55951952e+01 2.92104110e-02 5.284943e-01 2.290848e+00 4.893456e+01 2.465574e+01 2.014898e-01 3.9333e-03 5.0726e-03 +6.0262e-06 0.05644 6.44099e-02 1.28713e-01 2.19285e-01 0.00000e+00
5.402654 8.12206828e-02 4.28742834e-02 1.24094966e-01 7.40141723e-03 6.66921753e+00 1.49923577e+01 2.83307928e-02 5.278740e-01 2.247994e+00 4.765741e+01 2.360434e+01 2.530515e-01 3.9961e-03 5.0544e-03 -1.1111e-06 0.05333 6.42159e-02 1.26715e-01 2.17078e-01 0.00000e+00
5.502704 7.92736713e-02 4.19673300e-02 1.21241001e-01 7.45773018e-03 6.49757461e+00 1.45707527e+01 2.75659019e-02 5.293981e-01 2.242491e+00 4.468576e+01 2.191250e+01 2.600215e-01 3.8886e-03 5.2772e-03 -1.9330e-06 0.04876 6.40441e-02 1.27108e-01 2.18495e-01 0.00000e+00
5.602753 7.73290314e-02 4.11261875e-02 1.18455219e-01 7.50983319e-03 6.30745224e+00 1.43028378e+01 2.69177423e-02 5.318337e-01 2.267609e+00 4.653465e+01 1.988975e+01 2.751054e-01 3.7212e-03 5.5811e-03 +3.0363e-06 0.04525 6.30885e-02 1.28831e-01 2.22176e-01 0.00000e+00
5.702802 7.54730199e-02 4.02882355e-02 1.15761255e-01 7.55800469e-03 6.11390584e+00 1.41243733e+01 2.63521850e-02 5.338098e-01 2.310205e+00 4.860019e+01 1.776977e+01 3.059781e-01 3.5412e-03 5.6814e-03 +2.9335e-07 0.04480 6.16912e-02 1.30603e-01 2.26323e-01 0.00000e+00
5.802851 7.36971095e-02 3.94326452e-02 1.13129755e-01 7.60210004e-03 5.92316535e+00 1.39875224e+01 2.58338531e-02 5.350637e-01 2.361495e+00 5.156983e+01 1.567686e+01 3.260089e-01 3.3636e-03 5.6414e-03 +7.9122e-07 0.04363 6.11318e-02 1.32739e-01 2.32004e-01 0.00000e+00
5.902900 7.20065782e-02 3.85392496e-02 1.10545828e-01 7.64095710e-03 5.74275678e+00 1.38531266e+01 2.53386402e-02 5.352185e-01 2.412278e+00 5.479508e+01 1.488506e+01 3.090009e-01 3.2171e-03 5.5931e-03 -1.5225e-06 0.04250 6.11125e-02 1.33680e-01 2.37462e-01 0.00000e+00
6.002949 7.03919468e-02 3.76105379e-02 1.08002485e-01 7.67265387e-03 5.56996767e+00 1.36954520e+01 2.48353873e-02 5.343017e-01 2.458803e+00 5.753852e+01 1.458147e+01 3.043381e-01 3.1140e-03 5.5257e-03 -1.1073e-06 0.04149 6.15487e-02 1.33608e-01 2.41993e-01 0.00000e+00
6.102998 6.88146765e-02 3.66509380e-02 1.05465615e-01 7.69359825e-03 5.40086142e+00 1.34647873e+01 2.42665101e-02 5.326035e-01 2.493081e+00 5.876429e+01 1.426594e+01 3.113927e-01 3.0354e-03 5.3898e-03 +3.9492e-06 0.04199 6.19077e-02 1.32981e-01 2.44647e-01 0.00000e+00
6.203048 6.74790661e-02 3.56248020e-02 1.03103868e-01 7.69902209e-03 5.23860763e+00 1.31026248e+01 2.35798400e-02 5.279386e-01 2.501166e+00 5.700428e+01 1.392061e+01 2.949414e-01 2.9836e-03 5.2812e-03 -3.2549e-06 0.04187 6.06898e-02 1.30748e-01 2.43217e-01 0.00000e+00
6.303097 6.61467898e-02 3.46074806e-02 1.00754270e-01 7.68627446e-03 5.09032444e+00 1.26362832e+01 2.28169321e-02 5.231921e-01 2.482412e+00 5.057715e+01 1.347644e+01 2.567820e-01 2.9948e-03 5.4194e-03 -3.1633e-06 0.04291 5.87325e-02 1.29399e-01 2.40717e-01 0.00000e+00
6.403146 6.48026916e-02 3.36161681e-02 9.84188597e-02 7.65598717e-03 4.96315681e+00 1.21091338e+01 2.20354474e-02 5.187465e-01 2.439805e+00 4.115734e+01 1.289352e+01 2.484028e-01 3.0792e-03 5.7326e-03 +3.4848e-06 0.04274 5.72752e-02 1.29827e-01 2.39210e-01 0.00000e+00
6.503195 6.36548422e-02 3.26160118e-02 9.62708540e-02 7.61246225e-03 4.85565412e+00 1.15591843e+01 2.12704926e-02 5.123885e-01 2.380562e+00 3.338766e+01 1.218554e+01 2.636553e-01 3.1958e-03 5.9662e-03 -1.5884e-06 0.04347 5.70394e-02 1.30592e-01 2.38613e-01 0.00000e+00
6.603244 6.24942846e-02 3.16593863e-02 9.41536709e-02 7.55997398e-03 4.75910353e+00 1.10580342e+01 2.05762412e-02 5.065965e-01 2.323554e+00 3.067270e+01 1.196972e+01 2.667528e-01 3.2858e-03 5.9674e-03 -1.9294e-06 0.04401 5.91114e-02 1.32629e-01 2.40733e-01 0.00000e+00
6.703293 6.13558171e-02 3.07482918e-02 9.21041089e-02 7.50061005e-03 4.66856459e+00 1.06042043e+01 1.99413335e-02 5.011471e-01 2.271406e+00 3.146082e+01 1.191172e+01 2.582522e-01 3.3235e-03 5.7851e-03 +1.5908e-07 0.04310 6.23753e-02 1.34970e-01 2.43615e-01 0.00000e+00
6.803343 6.02180835e-02 2.98699405e-02 9.00880240e-02 7.43445618e-03 4.58395149e+00 1.01710930e+01 1.93389959e-02 4.960294e-01 2.218848e+00 3.137381e+01 1.169356e+01 2.678773e-01 3.3131e-03 5.5979e-03 -6.1186e-07 0.04373 6.52229e-02 1.36836e-01 2.45961e-01 0.00000e+00
6.903392 5.91242460e-02 2.90469984e-02 8.81712444e-02 7.36165917e-03 4.50620480e+00 9.77189054e+00 1.87843001e-02 4.912874e-01 2.168541e+00 3.150591e+01 1.189036e+01 2.882760e-01 3.2056e-03 5.5261e-03 +2.2290e-06 0.04463 6.68262e-02 1.38391e-01 2.48669e-01 0.00000e+00
7.003441 5.80673208e-02 2.82478529e-02 8.63151737e-02 7.28393110e-03 4.43720298e+00 9.42725748e+00 1.83016634e-02 4.864673e-01 2.124595e+00 2.858605e+01 1.178171e+01 2.842652e-01 3.0142e-03 5.4357e-03 -2.5239e-06 0.04399 6.59497e-02 1.38123e-01 2.49724e-01 0.00000e+00
7.103490 5.69900345e-02 2.75033873e-02 8.44934217e-02 7.20365465e-03 4.37562489e+00 9.16983282e+00 1.79210826e-02 4.825999e-01 2.095662e+00 2.999419e+01 1.173268e+01 2.867783e-01 2.8468e-03 5.1638e-03 -1.8743e-06 0.04407 6.38399e-02 1.37758e-01 2.50681e-01 0.00000e+00
7.203539 5.58184506e-02 2.68056030e-02 8.26240536e-02 7.12157683e-03 4.31730617e+00 8.98810134e+00 1.76227137e-02 4.802284e-01 2.081877e+00 3.501747e+01 1.198193e+01 3.102799e-01 2.7814e-03 4.7583e-03 +4.4592e-06 0.04389 6.16573e-02 1.37756e-01 2.51830e-01 0.00000e+00
7.303588 5.48192719e-02 2.61090376e-02 8.09283095e-02 7.03746357e-03 4.25937211e+00 8.82434388e+00 1.73430881e-02 4.762748e-01 2.071748e+00 4.020452e+01 1.186980e+01 3.385304e-01 2.8391e-03 4.4266e-03 -2.0595e-06 0.04450 5.97905e-02 1.36654e-01 2.51254e-01 0.00000e+00
7.403638 5.37272495e-02 2.54534930e-02 7.91807425e-02 6.95135202e-03 4.20092394e+00 8.66158867e+00 1.70634366e-02 4.737539e-01 2.061829e+00 4.250459e+01 1.329204e+01 3.513425e-01 2.9610e-03 4.3099e-03 -2.2818e-06 0.04395 5.95337e-02 1.35792e-01 2.50598e-01 0.00000e+00
7.503687 5.26072305e-02 2.48387466e-02 7.74459772e-02 6.86460438e-03 4.13913783e+00 8.48129665e+00 1.67595723e-02 4.721546e-01 2.049049e+00 4.278134e+01 1.530360e+01 3.622431e-01 3.0475e-03 4.3692e-03 +2.7038e-06 0.04442 5.99871e-02 1.34531e-01 2.49328e-01 0.00000e+00
7.603736 5.15209988e-02 2.42405829e-02 7.57615817e-02 6.78059270e-03 4.07056992e+00 8.27719448e+00 1.64183343e-02 4.704991e-01 2.033424e+00 4.180383e+01 1.640389e+01 3.926616e-01 3.0693e-03 4.5078e-03 -2.9770e-07 0.04447 5.94509e-02 1.31697e-01 2.45908e-01 0.00000e+00
7.703785 5.04576410e-02 2.36886074e-02 7.41462484e-02 6.70324539e-03 3.99476644e+00 8.06697766e+00 1.60565105e-02 4.694751e-01 2.019387e+00 4.013668e+01 1.661283e+01 4.023557e-01 3.0626e-03 4.6055e-03 +5.1829e-07 0.04402 5.83562e-02 1.28692e-01 2.42391e-01 0.00000e+00
7.803834 4.93771697e-02 2.31683674e-02 7.25455371e-02 6.63538501e-03 3.91473966e+00 7.84693127e+00 1.56764106e-02 4.692121e-01 2.004458e+00 3.847490e+01 1.609757e+01 3.783216e-01 3.0905e-03 4.5928e-03 -6.6803e-07 0.04381 5.67936e-02 1.25470e-01 2.38248e-01 0.00000e+00
7.903883 4.82830383e-02 2.26867670e-02 7.09698052e-02 6.57776398e-03 3.83344909e+00 7.62033006e+00 1.52872282e-02 4.698703e-01 1.987852e+00 3.748536e+01 1.505538e+01 3.677450e-01 3.1449e-03 4.4923e-03 -6.5979e-07 0.04305 5.53298e-02 1.22835e-01 2.34585e-01 0.00000e+00
8.003932 4.71660917e-02 2.22489129e-02 6.94150046e-02 6.52868452e-03 3.75140908e+00 7.40997444e+00 1.49127926e-02 4.717142e-01 1.975251e+00 3.741626e+01 1.413081e+01 3.718554e-01 3.1535e-03 4.2844e-03 +3.8784e-06 0.04254 5.42652e-02 1.21129e-01 2.31859e-01 0.00000e+00
8.103982 4.61530552e-02 2.18238055e-02 6.79768607e-02 6.48581568e-03 3.66965388e+00 7.22396550e+00 1.45632733e-02 4.728572e-01 1.968569e+00 3.799808e+01 1.400046e+01 3.662204e-01 3.1358e-03 4.2736e-03 -2.2663e-06 0.04168 5.30072e-02 1.19087e-01 2.28121e-01 0.00000e+00
8.204031 4.50887406e-02 2.14353897e-02 6.65241303e-02 6.44817183e-03 3.58827756e+00 7.08017013e+00 1.42567252e-02 4.754045e-01 1.973139e+00 3.873887e+01 1.384468e+01 3.603783e-01 3.0947e-03 4.8030e-03 -2.0687e-06 0.04067 5.20417e-02 1.17232e-01 2.24257e-01 0.00000e+00
8.304080 4.39668744e-02 2.10756235e-02 6.50424979e-02 6.41617813e-03 3.50606107e+00 6.98261473e+00 1.39947369e-02 4.793523e-01 1.991584e+00 3.898640e+01 1.353186e+01 3.663819e-01 3.0363e-03 5.3263e-03 +3.9952e-06 0.03964 5.14370e-02 1.15535e-01 2.20081e-01 0.00000e+00
8.404129 4.29685137e-02 2.07125939e-02 6.36811076e-02 6.39139138e-03 3.42192952e+00 6.91752615e+00 1.37613852e-02 4.820412e-01 2.021528e+00 3.810955e+01 1.293292e+01 3.852395e-01 3.0177e-03 5.6218e-03 -1.1086e-06 0.03833 5.06998e-02 1.13089e-01 2.14152e-01 0.00000e+00
8.504178 4.19446133e-02 2.03652036e-02 6.23098168e-02 6.37443053e-03 3.33424858e+00 6.87575166e+00 1.35442488e-02 4.855261e-01 2.062159e+00 3.614160e+01 1.210645e+01 3.989549e-01 2.9654e-03 5.4384e-03 -1.1841e-06 0.03763 5.02101e-02 1.10856e-01 2.08771e-01 0.00000e+00
8.604227 4.09242662e-02 2.00241477e-02 6.09484139e-02 6.36445448e-03 3.24244489e+00 6.84149190e+00 1.33263817e-02 4.892977e-01 2.109979e+00 3.319371e+01 1.231813e+01 4.077988e-01 2.8922e-03 5.1217e-03 +1.2073e-06 0.03818 4.95545e-02 1.08506e-01 2.03598e-01 0.00000e+00
8.704277 3.99148176e-02 1.96751188e-02 5.95899364e-02 6.36003796e-03 3.14593966e+00 6.80037173e+00 1.30922511e-02 4.929277e-01 2.161635e+00 3.099309e+01 1.265348e+01 4.209132e-01 2.8287e-03 4.8234e-03 -2.5689e-07 0.03754 4.84105e-02 1.05672e-01 1.98161e-01 0.00000e+00
8.804326 3.89679775e-02 1.93273726e-02 5.82953501e-02 6.35934136e-03 3.04416703e+00 6.74022620e+00 1.28285603e-02 4.959809e-01 2.214145e+00 3.046136e+01 1.260260e+01 4.280135e-01 2.7757e-03 4.5500e-03 +2.1889e-06 0.03808 4.70493e-02 1.02827e-01 1.93427e-01 0.00000e+00
8.904375 3.80691457e-02 1.89630625e-02 5.70322082e-02 6.36051190e-03 2.93936468e+00 6.65544828e+00 1.25341776e-02 4.981216e-01 2.264247e+00 2.981145e+01 1.226740e+01 4.323966e-01 2.7487e-03 4.3579e-03 -1.5688e-06 0.03792 4.53651e-02 9.96303e-02 1.88523e-01 0.00000e+00
9.004424 3.71874885e-02 1.85951569e-02 5.57826454e-02 6.36222931e-03 2.83305017e+00 6.54502675e+00 1.22111271e-02 5.000380e-01 2.310240e+00 2.900620e+01 1.198067e+01 4.260165e-01 2.7341e-03 4.2156e-03 -1.3416e-06 0.03794 4.38234e-02 9.68160e-02 1.84613e-01 0.00000e+00
9.104473 3.62886035e-02 1.82250361e-02 5.45136396e-02 6.36275162e-03 2.72719790e+00 6.40207489e+00 1.18564707e-02 5.022248e-01 2.347492e+00 2.810763e+01 1.162472e+01 4.295767e-01 2.7199e-03 4.0631e-03 +4.2018e-06 0.03667 4.25781e-02 9.46215e-02 1.82037e-01 0.00000e+00
9.204522 3.55575582e-02 1.78351707e-02 5.33927288e-02 6.36101841e-03 2.62391606e+00 6.22223323e+00 1.14700653e-02 5.015859e-01 2.371354e+00 2.696542e+01 1.121482e+01 4.244392e-01 2.7112e-03 3.9161e-03 -1.8457e-06 0.03603 4.13086e-02 9.23863e-02 1.79456e-01 0.00000e+00
9.304571 3.48033038e-02 1.74502996e-02 5.22536034e-02 6.35644328e-03 2.52395638e+00 6.01453222e+00 1.10624450e-02 5.013978e-01 2.382978e+00 2.573547e+01 1.081861e+01 4.161105e-01 2.6927e-03 3.8098e-03 -1.9094e-06 0.03589 4.04178e-02 9.08931e-02 1.78325e-01 0.00000e+00
9.404621 3.40556110e-02 1.70721366e-02 5.11277476e-02 6.34857471e-03 2.42775491e+00 5.78504297e+00 1.06405528e-02 5.013017e-01 2.382878e+00 2.438402e+01 1.044725e+01 4.037614e-01 2.6520e-03 3.7510e-03 +2.8514e-06 0.03497 3.97674e-02 8.99942e-02 1.78366e-01 0.00000e+00
9.504670 3.33849114e-02 1.66911263e-02 5.00760377e-02 6.33763567e-03 2.33599950e+00 5.54021029e+00 1.02122093e-02 4.999602e-01 2.371666e+00 2.281787e+01 1.010290e+01 4.038317e-01 2.5895e-03 3.7184e-03 -5.7426e-07 0.03436 3.89705e-02 8.90504e-02 1.78297e-01 0.00000e+00
9.604719 3.27635393e-02 1.63243215e-02 4.90878608e-02 6.32366870e-03 2.24756615e+00 5.28449072e+00 9.77962302e-03 4.982466e-01 2.351206e+00 2.115453e+01 9.814526e+00 4.028000e-01 2.5145e-03 3.6967e-03 +2.7267e-07 0.03402 3.82719e-02 8.86380e-02 1.79211e-01 0.00000e+00
9.704768 3.21543419e-02 1.59703297e-02 4.81246716e-02 6.30651474e-03 2.16290383e+00 5.02944399e+00 9.35525165e-03 4.966772e-01 2.325320e+00 1.942322e+01 9.528198e+00 3.960519e-01 2.4458e-03 3.6721e-03 -1.1744e-07 0.03327 3.75287e-02 8.83681e-02 1.80234e-01 0.00000e+00
9.804817 3.15530747e-02 1.56307170e-02 4.71837917e-02 6.28625387e-03 2.08147551e+00 4.78086237e+00 8.94381339e-03 4.953786e-01 2.296862e+00 1.892449e+01 9.237726e+00 3.957019e-01 2.3907e-03 3.6472e-03 -6.5855e-07 0.03315 3.68389e-02 8.83083e-02 1.81483e-01 0.00000e+00
9.904866 3.09727529e-02 1.53127389e-02 4.62854918e-02 6.26264313e-03 2.00333513e+00 4.54979842e+00 8.55646868e-03 4.943939e-01 2.271112e+00 1.865281e+01 8.958574e+00 4.014408e-01 2.3431e-03 3.6292e-03 +3.3396e-06 0.03247 3.63025e-02 8.85791e-02 1.83293e-01 0.00000e+00
9.999999 3.05027766e-02 1.50163287e-02 4.55191052e-02 6.23710105e-03 1.93199321e+00 4.34778362e+00 8.21177003e-03 4.922938e-01 2.250414e+00 1.832856e+01 8.680780e+00 3.946953e-01 2.3006e-03 3.6171e-03 -1.7351e-06 0.03151 3.56988e-02 8.84502e-02 1.84169e-01 0.00000e+00
