# tg_mhd (CUDA FP64)  tgc_noslip_cond_n384_re1000  N=384 L=384 Re=1000 Pm=1 u0=0.05 nu_lat=6.095634e-03 eta_lat=6.095634e-03 tau_f=0.518287 tau_m=0.524383 dt=4.101296e-04
# t E_V E_M E_T H_C Omega_V Omega_M eps EM/EV OmM/OmV j_max w_max skew divb/j divb_wall/j mass_drift umax_lat fw1 fw2 fw4 tau_wall
0.000000 1.23697926e-01 1.25000000e-01 2.48697926e-01 -2.98300129e-20 5.34487759e+01 1.49986544e+00 1.09897283e-01 1.010526e+00 2.806174e-02 3.463888e+00 1.828613e+02 1.367560e-18 5.4362e-15 1.1130e-14 +0.0000e+00 0.05000 9.67128e-01 9.68562e-01 9.71471e-01 8.98305e-02
0.100072 1.19487750e-01 1.24477787e-01 2.43965537e-01 -3.52876191e-05 1.22938281e+01 1.54287049e+00 2.76733973e-02 1.041762e+00 1.254996e-01 4.437659e+00 6.040167e+01 1.302736e-01 4.8461e-04 2.3912e-03 -7.7402e-07 0.05108 8.61772e-01 8.74575e-01 8.86180e-01 2.71612e-02
0.200143 1.17442397e-01 1.24025261e-01 2.41467658e-01 -9.07785335e-05 8.90630233e+00 1.63621706e+00 2.10850388e-02 1.056052e+00 1.837145e-01 6.011962e+00 4.411691e+01 3.558055e-02 6.1965e-04 2.9743e-03 -1.0159e-05 0.05115 7.80117e-01 8.31596e-01 8.47129e-01 1.97045e-02
0.300215 1.15883739e-01 1.23941961e-01 2.39825700e-01 -1.67740535e-04 7.45255353e+00 1.76757002e+00 1.84402471e-02 1.069537e+00 2.371764e-01 7.210718e+00 3.684061e+01 2.135668e-01 6.8572e-04 3.2742e-03 -6.5732e-06 0.05181 7.06003e-01 7.98758e-01 8.17946e-01 1.65636e-02
0.400286 1.14154274e-01 1.23755946e-01 2.37910219e-01 -2.54968658e-04 6.65102660e+00 1.92781073e+00 1.71576747e-02 1.084111e+00 2.898516e-01 7.961724e+00 3.619412e+01 2.236193e-01 7.2396e-04 3.4738e-03 +5.0880e-06 0.05192 6.44276e-01 7.69361e-01 7.93554e-01 1.46663e-02
0.500358 1.12930339e-01 1.23310844e-01 2.36241182e-01 -3.49890826e-04 6.12665100e+00 2.10793173e+00 1.64691655e-02 1.091920e+00 3.440594e-01 8.606160e+00 3.491650e+01 2.145507e-01 7.4490e-04 3.6279e-03 -1.1428e-05 0.05145 5.90480e-01 7.39270e-01 7.70049e-01 1.35364e-02
0.600430 1.11528104e-01 1.23007753e-01 2.34535857e-01 -4.56399038e-04 5.76261164e+00 2.31975063e+00 1.61647245e-02 1.102931e+00 4.025520e-01 9.102377e+00 3.273130e+01 3.285120e-01 7.5913e-04 3.7521e-03 -1.3500e-05 0.05226 5.42973e-01 7.07866e-01 7.46537e-01 1.25889e-02
0.700501 1.10108348e-01 1.22859082e-01 2.32967430e-01 -5.58945636e-04 5.67411797e+00 2.56847898e+00 1.64851939e-02 1.115802e+00 4.526658e-01 9.650158e+00 3.246356e+01 3.012667e-01 7.7504e-04 3.8925e-03 +6.9705e-08 0.05230 5.09357e-01 6.81701e-01 7.28240e-01 1.26536e-02
0.800573 1.09070939e-01 1.22362199e-01 2.31433138e-01 -6.58993388e-04 5.44743143e+00 2.83596416e+00 1.65667912e-02 1.121859e+00 5.206058e-01 1.016705e+01 3.225589e+01 3.774394e-01 7.9227e-04 4.0363e-03 -8.2647e-06 0.05248 4.65402e-01 6.45533e-01 7.02001e-01 1.16993e-02
0.900645 1.07975417e-01 1.21600166e-01 2.29575583e-01 -7.55594186e-04 5.38778016e+00 3.13683099e+00 1.70492223e-02 1.126184e+00 5.822121e-01 1.069914e+01 3.274990e+01 4.420761e-01 8.1216e-04 4.1931e-03 -1.2159e-05 0.05321 4.30139e-01 6.12127e-01 6.78722e-01 1.14154e-02
1.000716 1.07185598e-01 1.20670664e-01 2.27856262e-01 -8.41245678e-04 5.48481729e+00 3.47047878e+00 1.79105921e-02 1.125810e+00 6.327428e-01 1.113130e+01 3.264214e+01 3.838070e-01 8.3985e-04 4.3731e-03 -1.0710e-05 0.05357 4.03017e-01 5.81993e-01 6.58490e-01 1.15235e-02
1.100788 1.06695917e-01 1.19436559e-01 2.26132475e-01 -9.00398068e-04 5.56259763e+00 3.83858430e+00 1.88023639e-02 1.119411e+00 6.900705e-01 1.142505e+01 3.449735e+01 4.184629e-01 8.7826e-04 4.5735e-03 -1.0011e-05 0.05419 3.72759e-01 5.47250e-01 6.34425e-01 1.13188e-02
1.200859 1.06334243e-01 1.17807270e-01 2.24141513e-01 -9.51783493e-04 5.59039646e+00 4.25482960e+00 1.96904521e-02 1.107896e+00 7.610962e-01 1.161323e+01 3.507324e+01 4.813031e-01 9.3311e-04 4.8065e-03 -5.1950e-06 0.05426 3.37453e-01 5.06722e-01 6.05092e-01 1.07772e-02
1.300931 1.06326361e-01 1.15728867e-01 2.22055228e-01 -9.52919357e-04 5.77977091e+00 4.70955479e+00 2.09786514e-02 1.088431e+00 8.148342e-01 1.215882e+01 3.473021e+01 4.250832e-01 1.0208e-03 5.0724e-03 -1.6926e-05 0.05332 3.11152e-01 4.70807e-01 5.77937e-01 1.06637e-02
1.401003 1.06483363e-01 1.13463877e-01 2.19947240e-01 -9.56685516e-04 5.98355351e+00 5.25059843e+00 2.24683039e-02 1.065555e+00 8.775051e-01 1.517180e+01 3.932503e+01 4.147814e-01 1.1768e-03 5.3448e-03 -1.5781e-05 0.05437 2.84255e-01 4.33273e-01 5.47395e-01 1.07034e-02
1.501074 1.06516849e-01 1.11041593e-01 2.17558442e-01 -8.97767077e-04 6.19170047e+00 5.90221552e+00 2.41878320e-02 1.042479e+00 9.532463e-01 1.843652e+01 3.842264e+01 4.545478e-01 1.4359e-03 5.6351e-03 -3.4570e-06 0.05254 2.56415e-01 3.94704e-01 5.13409e-01 1.06389e-02
1.601146 1.06836046e-01 1.08265971e-01 2.15102017e-01 -8.07714608e-04 6.32263382e+00 6.63721426e+00 2.59196962e-02 1.013384e+00 1.049755e+00 2.150070e+01 3.790395e+01 5.302716e-01 1.7995e-03 5.8756e-03 -1.5812e-05 0.05095 2.24114e-01 3.51873e-01 4.72748e-01 9.99131e-03
1.701218 1.06872034e-01 1.05433437e-01 2.12305471e-01 -6.93952272e-04 6.52004623e+00 7.50689134e+00 2.80538751e-02 9.865391e-01 1.151356e+00 2.409812e+01 3.836083e+01 5.061941e-01 2.2585e-03 6.0829e-03 -1.8521e-05 0.04981 1.97620e-01 3.14463e-01 4.34202e-01 9.83036e-03
1.801289 1.06788662e-01 1.02586077e-01 2.09374739e-01 -5.42640850e-04 6.74125544e+00 8.50137444e+00 3.04852598e-02 9.606458e-01 1.261097e+00 2.803342e+01 3.688306e+01 4.727555e-01 2.8160e-03 6.2698e-03 -9.9786e-06 0.05261 1.75462e-01 2.82163e-01 3.98667e-01 9.92600e-03
1.901361 1.06660739e-01 9.95648049e-02 2.06225544e-01 -3.30876964e-04 6.80435493e+00 9.51677242e+00 3.26422547e-02 9.334719e-01 1.398630e+00 3.223595e+01 3.502897e+01 4.843644e-01 3.4614e-03 6.3813e-03 -1.4222e-05 0.05451 1.50010e-01 2.48175e-01 3.61258e-01 9.29538e-03
2.001432 1.06338349e-01 9.64371990e-02 2.02775548e-01 -1.34895111e-04 6.85199245e+00 1.04540858e+01 3.46121566e-02 9.068901e-01 1.525700e+00 3.607600e+01 3.240559e+01 4.684120e-01 4.1564e-03 6.4800e-03 -1.4482e-05 0.05558 1.29908e-01 2.20858e-01 3.30652e-01 8.78099e-03
2.101504 1.05978541e-01 9.31712905e-02 1.99149831e-01 1.50948677e-04 6.95999719e+00 1.11595837e+01 3.62391618e-02 8.791524e-01 1.603389e+00 3.911120e+01 2.823392e+01 3.992931e-01 4.8157e-03 6.5355e-03 -1.8068e-05 0.05590 1.17327e-01 2.02215e-01 3.09104e-01 8.78088e-03
2.201576 1.05642055e-01 8.98484295e-02 1.95490484e-01 4.27896078e-04 7.00464975e+00 1.15706621e+01 3.71506237e-02 8.504987e-01 1.651854e+00 4.128399e+01 2.810318e+01 3.959514e-01 5.3153e-03 6.5772e-03 -1.7057e-05 0.05455 1.04433e-01 1.84894e-01 2.90560e-01 8.26408e-03
2.301647 1.05151083e-01 8.64545434e-02 1.91605627e-01 7.60609202e-04 7.09071212e+00 1.16857022e+01 3.75528287e-02 8.221936e-01 1.648029e+00 4.239263e+01 2.396793e+01 4.435600e-01 5.5114e-03 6.6180e-03 -9.5444e-06 0.05494 9.51322e-02 1.72197e-01 2.77891e-01 7.93992e-03
2.401719 1.04847318e-01 8.29766998e-02 1.87824018e-01 1.13921609e-03 7.21185835e+00 1.15464762e+01 3.75166691e-02 7.914051e-01 1.601040e+00 4.242617e+01 2.211685e+01 4.704604e-01 5.3901e-03 6.6186e-03 -2.0958e-05 0.05612 8.83487e-02 1.62026e-01 2.67836e-01 7.74530e-03
2.501790 1.04455900e-01 7.95609254e-02 1.84016826e-01 1.53193366e-03 7.29438695e+00 1.13305870e+01 3.72499479e-02 7.616700e-01 1.553330e+00 4.181287e+01 2.298878e+01 4.467459e-01 5.0910e-03 6.6281e-03 -2.1303e-05 0.05839 8.07385e-02 1.51341e-01 2.58040e-01 7.28821e-03
2.601862 1.03943158e-01 7.62280639e-02 1.80171222e-01 1.94766230e-03 7.43483253e+00 1.11087242e+01 3.70871134e-02 7.333630e-01 1.494146e+00 4.072531e+01 2.031251e+01 4.447893e-01 4.7925e-03 6.6742e-03 -1.0970e-05 0.05926 7.69487e-02 1.44379e-01 2.51909e-01 7.29856e-03
2.701934 1.03610327e-01 7.28853094e-02 1.76495636e-01 2.39738362e-03 7.54530471e+00 1.08346567e+01 3.67599227e-02 7.034560e-01 1.435947e+00 3.907466e+01 2.052832e+01 4.388159e-01 4.5965e-03 6.6365e-03 -1.9412e-05 0.05958 7.26517e-02 1.36590e-01 2.44454e-01 7.00545e-03
2.802005 1.03085633e-01 6.96190059e-02 1.72704639e-01 2.79162053e-03 7.63142345e+00 1.05702209e+01 3.64032887e-02 6.753512e-01 1.385092e+00 3.721614e+01 1.970431e+01 4.154879e-01 4.5463e-03 6.6632e-03 -2.1252e-05 0.06062 6.77573e-02 1.28474e-01 2.37137e-01 6.74982e-03
2.902077 1.02507866e-01 6.64858250e-02 1.68993691e-01 3.21872083e-03 7.81000484e+00 1.03097108e+01 3.62394314e-02 6.485924e-01 1.320065e+00 3.519924e+01 2.058815e+01 3.976573e-01 4.6080e-03 6.7118e-03 -1.7503e-05 0.06045 6.81822e-02 1.25713e-01 2.34986e-01 6.98981e-03
3.002149 1.01890802e-01 6.35058370e-02 1.65396639e-01 3.60625003e-03 7.89107477e+00 1.00631276e+01 3.59084048e-02 6.232735e-01 1.275254e+00 3.316168e+01 1.962574e+01 3.814350e-01 4.7351e-03 6.7926e-03 -1.9397e-05 0.05988 6.43728e-02 1.19140e-01 2.29296e-01 6.59842e-03
3.102220 1.01030623e-01 6.06496434e-02 1.61680266e-01 3.96193717e-03 7.99004408e+00 9.86045779e+00 3.57010037e-02 6.003095e-01 1.234093e+00 3.106932e+01 2.090262e+01 3.628483e-01 4.9055e-03 6.9449e-03 -1.6728e-05 0.05848 6.30413e-02 1.15434e-01 2.26447e-01 6.54445e-03
3.202292 1.00089681e-01 5.79813816e-02 1.58071063e-01 4.33541857e-03 8.12345451e+00 9.68522556e+00 3.56173601e-02 5.792943e-01 1.192255e+00 2.917006e+01 2.121130e+01 3.399636e-01 5.1098e-03 7.1429e-03 -2.2893e-05 0.05629 6.55565e-02 1.15677e-01 2.26273e-01 6.92644e-03
3.302363 9.89890452e-02 5.55258161e-02 1.54514861e-01 4.66816367e-03 8.08015700e+00 9.55791818e+00 3.52761504e-02 5.609289e-01 1.182888e+00 3.067917e+01 1.981383e+01 3.160665e-01 5.2535e-03 7.3568e-03 -2.2399e-05 0.05435 6.14907e-02 1.10327e-01 2.21158e-01 6.38836e-03
3.402435 9.75987410e-02 5.32468217e-02 1.50845563e-01 4.99929016e-03 8.10273898e+00 9.47722601e+00 3.51599300e-02 5.455687e-01 1.169632e+00 3.390605e+01 2.025974e+01 2.962477e-01 5.3093e-03 7.5856e-03 -1.4110e-05 0.05170 6.37672e-02 1.11656e-01 2.21895e-01 6.78995e-03
3.502507 9.62498906e-02 5.11070552e-02 1.47356946e-01 5.33868336e-03 8.06481729e+00 9.40027957e+00 3.49301937e-02 5.309830e-01 1.165591e+00 3.727416e+01 2.069097e+01 2.851306e-01 5.4076e-03 7.6986e-03 -2.3544e-05 0.04902 6.49145e-02 1.12296e-01 2.20858e-01 6.67189e-03
3.602578 9.46764388e-02 4.91244107e-02 1.43800849e-01 5.64285546e-03 7.92696267e+00 9.35444925e+00 3.45628238e-02 5.188663e-01 1.180080e+00 3.927626e+01 1.894430e+01 2.755248e-01 5.5850e-03 7.8631e-03 -2.4524e-05 0.04738 6.18207e-02 1.09735e-01 2.17037e-01 6.34586e-03
3.702650 9.29648290e-02 4.72809449e-02 1.40245774e-01 5.95160068e-03 7.91598458e+00 9.30969716e+00 3.44513635e-02 5.085896e-01 1.176063e+00 3.874225e+01 2.008628e+01 2.776981e-01 5.6690e-03 8.0635e-03 -1.6872e-05 0.04682 6.61935e-02 1.15139e-01 2.20325e-01 6.91612e-03
3.802722 9.12832463e-02 4.55390316e-02 1.36822278e-01 6.25743928e-03 7.81096742e+00 9.22434656e+00 3.40706279e-02 4.988761e-01 1.180948e+00 3.651761e+01 1.993826e+01 2.873298e-01 5.5552e-03 8.2448e-03 -2.2243e-05 0.04721 6.55902e-02 1.16307e-01 2.19297e-01 6.56022e-03
3.902793 8.94680005e-02 4.38699729e-02 1.33337973e-01 6.51292838e-03 7.67659706e+00 9.12043288e+00 3.35940599e-02 4.903426e-01 1.188083e+00 3.374390e+01 1.857841e+01 3.120221e-01 5.3329e-03 8.3961e-03 -2.2326e-05 0.04924 6.35057e-02 1.16754e-01 2.18055e-01 6.23637e-03
4.002865 8.76254196e-02 4.22998127e-02 1.29925232e-01 6.78912301e-03 7.70181921e+00 9.00261516e+00 3.34088688e-02 4.827345e-01 1.168895e+00 3.074783e+01 2.103846e+01 3.374807e-01 5.1477e-03 8.3880e-03 -2.2206e-05 0.05195 7.04160e-02 1.25842e-01 2.24750e-01 7.03451e-03
4.102936 8.57605563e-02 4.08256460e-02 1.26586202e-01 7.02725658e-03 7.55002384e+00 8.87142460e+00 3.28428969e-02 4.760422e-01 1.175019e+00 2.712682e+01 1.970707e+01 3.736442e-01 5.1566e-03 8.1862e-03 -2.3095e-05 0.05325 6.73966e-02 1.25724e-01 2.23923e-01 6.31020e-03
4.203008 8.37845076e-02 3.94283413e-02 1.23212849e-01 7.26324658e-03 7.50036701e+00 8.73089684e+00 3.24625277e-02 4.705923e-01 1.164063e+00 2.741651e+01 2.163852e+01 3.931387e-01 5.2638e-03 7.9465e-03 -1.8389e-05 0.05307 7.06912e-02 1.31810e-01 2.29958e-01 6.56728e-03
4.303080 8.18239193e-02 3.81251293e-02 1.19949049e-01 7.51106543e-03 7.47718406e+00 8.61861679e+00 3.21916017e-02 4.659411e-01 1.152655e+00 3.142170e+01 2.345115e+01 4.050346e-01 5.3473e-03 7.8474e-03 -2.5315e-05 0.05218 7.63336e-02 1.39914e-01 2.39921e-01 6.72116e-03
4.403151 7.97783374e-02 3.69204824e-02 1.16698820e-01 7.74762630e-03 7.35183405e+00 8.55792496e+00 3.18195180e-02 4.627883e-01 1.164053e+00 3.411670e+01 2.432654e+01 4.143327e-01 5.6910e-03 8.1681e-03 -2.5523e-05 0.05051 7.73914e-02 1.43786e-01 2.47617e-01 6.43534e-03
4.503223 7.76161138e-02 3.57867680e-02 1.13402882e-01 7.97115930e-03 7.32992694e+00 8.47969664e+00 3.16192472e-02 4.610739e-01 1.156860e+00 3.487107e+01 2.349368e+01 4.230691e-01 5.9281e-03 8.7726e-03 -1.7699e-05 0.04901 8.62646e-02 1.54192e-01 2.61233e-01 6.81445e-03
4.603295 7.55401577e-02 3.47041873e-02 1.10244345e-01 8.19888438e-03 7.30050658e+00 8.31718429e+00 3.12353818e-02 4.594138e-01 1.139261e+00 3.456971e+01 2.480671e+01 4.234258e-01 5.8394e-03 9.0749e-03 -2.5059e-05 0.04788 9.51080e-02 1.63694e-01 2.72210e-01 6.83163e-03
4.703366 7.33747231e-02 3.36886721e-02 1.07063395e-01 8.37883756e-03 7.17878413e+00 8.10515214e+00 3.05678726e-02 4.591318e-01 1.129042e+00 3.416901e+01 2.649578e+01 4.270935e-01 5.6791e-03 9.1894e-03 -2.5756e-05 0.04726 9.77790e-02 1.67362e-01 2.77039e-01 6.57469e-03
4.803438 7.11899685e-02 3.27529712e-02 1.03942940e-01 8.56358563e-03 7.19622690e+00 7.86821953e+00 3.01288929e-02 4.600785e-01 1.093381e+00 3.324343e+01 2.838330e+01 4.134188e-01 5.6147e-03 9.4417e-03 -2.1127e-05 0.04633 1.08409e-01 1.77971e-01 2.87070e-01 7.17420e-03
4.903509 6.90383023e-02 3.18826302e-02 1.00920933e-01 8.72156908e-03 7.07983754e+00 7.61819109e+00 2.93960573e-02 4.618108e-01 1.076040e+00 3.163933e+01 3.292556e+01 4.148980e-01 5.6320e-03 9.6502e-03 -2.4587e-05 0.04583 1.11377e-01 1.81155e-01 2.89857e-01 6.79808e-03
5.003581 6.68689202e-02 3.10688644e-02 9.79377846e-02 8.85446513e-03 6.96066476e+00 7.37723318e+00 2.86757959e-02 4.646234e-01 1.059846e+00 2.968231e+01 3.556770e+01 4.095550e-01 5.7241e-03 9.7264e-03 -2.3005e-05 0.04481 1.15389e-01 1.85220e-01 2.93772e-01 6.81291e-03
5.103653 6.47358759e-02 3.03070504e-02 9.50429262e-02 8.98470254e-03 6.86724523e+00 7.14283766e+00 2.80201658e-02 4.681647e-01 1.040131e+00 2.813679e+01 3.512681e+01 3.904323e-01 5.8721e-03 9.7832e-03 -2.5494e-05 0.04402 1.22346e-01 1.91944e-01 3.00970e-01 7.12351e-03
5.203724 6.26499322e-02 2.95900732e-02 9.22400055e-02 9.09112707e-03 6.63373207e+00 6.91481471e+00 2.70970936e-02 4.723081e-01 1.042372e+00 2.688621e+01 3.549553e+01 3.834469e-01 6.0041e-03 9.8911e-03 -2.6298e-05 0.04262 1.21619e-01 1.92152e-01 3.04369e-01 6.75345e-03
5.303796 6.05795822e-02 2.89019873e-02 8.94815694e-02 9.18172315e-03 6.45037169e+00 6.69518200e+00 2.62911074e-02 4.770912e-01 1.037953e+00 2.482569e+01 3.449395e+01 3.874896e-01 6.0417e-03 9.9577e-03 -2.0751e-05 0.04152 1.25012e-01 1.97230e-01 3.13523e-01 6.81265e-03
5.403867 5.86494410e-02 2.82182130e-02 8.68676540e-02 9.28853783e-03 6.27772508e+00 6.47490195e+00 2.55052541e-02 4.811335e-01 1.031409e+00 2.577703e+01 3.146657e+01 3.809870e-01 5.9816e-03 9.9148e-03 -2.7570e-05 0.04049 1.29270e-01 2.04353e-01 3.24546e-01 6.81758e-03
5.503939 5.67652926e-02 2.75495170e-02 8.43148095e-02 9.37165684e-03 5.97662574e+00 6.28353989e+00 2.45203313e-02 4.853233e-01 1.051352e+00 2.638346e+01 2.742916e+01 3.746547e-01 5.8587e-03 9.8336e-03 -2.8180e-05 0.03908 1.24679e-01 2.04170e-01 3.29742e-01 6.47524e-03
5.604011 5.49356103e-02 2.68873055e-02 8.18229158e-02 9.46165698e-03 5.80222349e+00 6.12087027e+00 2.38461875e-02 4.894331e-01 1.054918e+00 2.649764e+01 2.653046e+01 3.620699e-01 5.6769e-03 9.6840e-03 -2.1943e-05 0.03803 1.29286e-01 2.12003e-01 3.41651e-01 6.70814e-03
5.704082 5.32532321e-02 2.62043286e-02 7.94575607e-02 9.55178753e-03 5.58236247e+00 5.96396801e+00 2.30926610e-02 4.920702e-01 1.068359e+00 2.583146e+01 2.669854e+01 3.527553e-01 5.4393e-03 9.4011e-03 -2.7473e-05 0.03705 1.30045e-01 2.15444e-01 3.48502e-01 6.46770e-03
5.804154 5.16243737e-02 2.55172862e-02 7.71416598e-02 9.61267777e-03 5.31647471e+00 5.81660446e+00 2.22661583e-02 4.942876e-01 1.094072e+00 2.488882e+01 2.625149e+01 3.341914e-01 5.1641e-03 9.0393e-03 -2.7397e-05 0.03652 1.26506e-01 2.14407e-01 3.50747e-01 6.13525e-03
5.904226 5.00719768e-02 2.48269594e-02 7.48989362e-02 9.68142153e-03 5.16958825e+00 5.66792313e+00 2.16750228e-02 4.958254e-01 1.096397e+00 2.375050e+01 2.766227e+01 2.975729e-01 4.8703e-03 8.6064e-03 -2.5466e-05 0.03608 1.31533e-01 2.20309e-01 3.57564e-01 6.50352e-03
6.004297 4.86066679e-02 2.41323340e-02 7.27390019e-02 9.72801626e-03 4.92662235e+00 5.51050345e+00 2.08742516e-02 4.964820e-01 1.118515e+00 2.316472e+01 2.633036e+01 2.847776e-01 4.5786e-03 8.1599e-03 -2.7650e-05 0.03596 1.27801e-01 2.17837e-01 3.56243e-01 6.05314e-03
6.104369 4.72008951e-02 2.34455457e-02 7.06464409e-02 9.74834142e-03 4.72752670e+00 5.35363973e+00 2.01623329e-02 4.967182e-01 1.132440e+00 2.264457e+01 2.603563e+01 2.736457e-01 4.3307e-03 7.7482e-03 -2.4573e-05 0.03566 1.26910e-01 2.17507e-01 3.56012e-01 5.96520e-03
6.204440 4.58739338e-02 2.27604754e-02 6.86344092e-02 9.77997271e-03 4.57489579e+00 5.18420703e+00 1.95182057e-02 4.961527e-01 1.133186e+00 2.199522e+01 2.598235e+01 2.530402e-01 4.1529e-03 7.3943e-03 -2.8255e-05 0.03456 1.29045e-01 2.19337e-01 3.56593e-01 5.99452e-03
6.304512 4.45997516e-02 2.20944421e-02 6.66941937e-02 9.77934954e-03 4.35511324e+00 5.01225095e+00 1.87347284e-02 4.953938e-01 1.150889e+00 2.130534e+01 2.454931e+01 2.434598e-01 4.0268e-03 7.1000e-03 -2.8842e-05 0.03379 1.24056e-01 2.14632e-01 3.51525e-01 5.72978e-03
6.404584 4.33492805e-02 2.14531684e-02 6.48024488e-02 9.76774533e-03 4.19719795e+00 4.83964524e+00 1.80736864e-02 4.948910e-01 1.153066e+00 2.060061e+01 2.429832e+01 2.419887e-01 3.9177e-03 6.8655e-03 -2.3088e-05 0.03271 1.24173e-01 2.14316e-01 3.50248e-01 5.66611e-03
6.504655 4.22001880e-02 2.08203790e-02 6.30205669e-02 9.76140254e-03 4.05595819e+00 4.65514507e+00 1.74222065e-02 4.933717e-01 1.147730e+00 1.981214e+01 2.411761e+01 2.369910e-01 3.8118e-03 6.6683e-03 -2.8813e-05 0.03225 1.25239e-01 2.14437e-01 3.48922e-01 5.58704e-03
6.604727 4.10676905e-02 2.02187147e-02 6.12864052e-02 9.72118237e-03 3.84720500e+00 4.47557626e+00 1.66455625e-02 4.923266e-01 1.163332e+00 1.904981e+01 2.270028e+01 2.415285e-01 3.7132e-03 6.5077e-03 -2.9095e-05 0.03151 1.18822e-01 2.07962e-01 3.42515e-01 5.22607e-03
6.704799 3.99648199e-02 1.96485239e-02 5.96133438e-02 9.68316670e-03 3.73511228e+00 4.30261549e+00 1.60754555e-02 4.916455e-01 1.151937e+00 1.828005e+01 2.364400e+01 2.368433e-01 3.6337e-03 6.3615e-03 -2.4534e-05 0.03119 1.22318e-01 2.10301e-01 3.43813e-01 5.44327e-03
6.804870 3.89286377e-02 1.90955970e-02 5.80242347e-02 9.63407325e-03 3.56516206e+00 4.12747578e+00 1.53852757e-02 4.905283e-01 1.157725e+00 1.756630e+01 2.221981e+01 2.458772e-01 3.5759e-03 6.2023e-03 -2.8360e-05 0.03089 1.18848e-01 2.06265e-01 3.39823e-01 5.04340e-03
6.904942 3.79217327e-02 1.85747414e-02 5.64964740e-02 9.55775194e-03 3.40814977e+00 3.95879803e+00 1.47338956e-02 4.898178e-01 1.161568e+00 1.691022e+01 2.137094e+01 2.519553e-01 3.5326e-03 6.0438e-03 -2.7212e-05 0.03025 1.16219e-01 2.03083e-01 3.37149e-01 4.88915e-03
7.005013 3.69474199e-02 1.80792817e-02 5.50267016e-02 9.48875155e-03 3.29356616e+00 3.79146657e+00 1.41700655e-02 4.893246e-01 1.151174e+00 1.631728e+01 2.110238e+01 2.532916e-01 3.5054e-03 5.8841e-03 -2.7231e-05 0.03051 1.17966e-01 2.03796e-01 3.38089e-01 4.90624e-03
7.105085 3.60116822e-02 1.76097135e-02 5.36213957e-02 9.40060861e-03 3.14303328e+00 3.62635208e+00 1.35387707e-02 4.890000e-01 1.153775e+00 1.579626e+01 1.936174e+01 2.684382e-01 3.4986e-03 5.7201e-03 -2.8722e-05 0.03118 1.14128e-01 1.99623e-01 3.35320e-01 4.65099e-03
7.205157 3.50990398e-02 1.71718060e-02 5.22708458e-02 9.29877924e-03 3.01479695e+00 3.46915881e+00 1.29679115e-02 4.892386e-01 1.150711e+00 1.536753e+01 1.870997e+01 2.902658e-01 3.4940e-03 5.5629e-03 -2.4788e-05 0.03157 1.12221e-01 1.97413e-01 3.34714e-01 4.48153e-03
7.305228 3.42397019e-02 1.67502218e-02 5.09899237e-02 9.20794469e-03 2.91969351e+00 3.31544832e+00 1.24702837e-02 4.892047e-01 1.135547e+00 1.593001e+01 1.868420e+01 3.019331e-01 3.4608e-03 5.4184e-03 -2.8909e-05 0.03232 1.13882e-01 1.98401e-01 3.36488e-01 4.44252e-03
7.405300 3.33973162e-02 1.63561050e-02 4.97534213e-02 9.09703854e-03 2.77630583e+00 3.17567531e+00 1.19039623e-02 4.897431e-01 1.143849e+00 1.690272e+01 1.653310e+01 3.233331e-01 3.3879e-03 5.3047e-03 -2.9443e-05 0.03284 1.07444e-01 1.92430e-01 3.32283e-01 4.17296e-03
7.505371 3.25670101e-02 1.59882862e-02 4.85552964e-02 8.98879653e-03 2.68871378e+00 3.05287143e+00 1.14831704e-02 4.909350e-01 1.135439e+00 1.751980e+01 1.686517e+01 3.336429e-01 3.2959e-03 5.2322e-03 -2.4350e-05 0.03311 1.08486e-01 1.93359e-01 3.33196e-01 4.18952e-03
7.605443 3.17989965e-02 1.56271388e-02 4.74261353e-02 8.88493941e-03 2.58461070e+00 2.94090254e+00 1.10510265e-02 4.914350e-01 1.137851e+00 1.790995e+01 1.623964e+01 3.477444e-01 3.2205e-03 5.1824e-03 -2.8988e-05 0.03297 1.05935e-01 1.90822e-01 3.29786e-01 3.94523e-03
7.705515 3.10414722e-02 1.52850367e-02 4.63265088e-02 8.76643940e-03 2.47414206e+00 2.84601934e+00 1.06403228e-02 4.924070e-01 1.150306e+00 1.796076e+01 1.499968e+01 3.557549e-01 3.1711e-03 5.1754e-03 -2.8858e-05 0.03298 1.01406e-01 1.86367e-01 3.23948e-01 3.80318e-03
7.805586 3.03037632e-02 1.49551021e-02 4.52588653e-02 8.65725385e-03 2.39709347e+00 2.76536420e+00 1.03249153e-02 4.935064e-01 1.153632e+00 1.781650e+01 1.474730e+01 3.555878e-01 3.1444e-03 5.1964e-03 -2.6071e-05 0.03277 1.01760e-01 1.85914e-01 3.20766e-01 3.83107e-03
7.905658 2.96045262e-02 1.46266337e-02 4.42311599e-02 8.54556564e-03 2.30172334e+00 2.69260797e+00 9.98866262e-03 4.940675e-01 1.169823e+00 1.752557e+01 1.365043e+01 3.636646e-01 3.1395e-03 5.2128e-03 -2.8842e-05 0.03245 9.80539e-02 1.81314e-01 3.13421e-01 3.60638e-03
8.005730 2.89300007e-02 1.43078755e-02 4.32378761e-02 8.42626991e-03 2.21129664e+00 2.62767247e+00 9.67793822e-03 4.945688e-01 1.188295e+00 1.704031e+01 1.318575e+01 3.705479e-01 3.1595e-03 5.2190e-03 -2.6778e-05 0.03200 9.46236e-02 1.76781e-01 3.06075e-01 3.49848e-03
8.105801 2.82825767e-02 1.39888944e-02 4.22714711e-02 8.31902089e-03 2.14478392e+00 2.56338586e+00 9.41633956e-03 4.946117e-01 1.195172e+00 1.648227e+01 1.277694e+01 3.642000e-01 3.2118e-03 5.1931e-03 -2.8179e-05 0.03167 9.50888e-02 1.75580e-01 3.01360e-01 3.48912e-03
8.205873 2.76595673e-02 1.36731225e-02 4.13326898e-02 8.20553749e-03 2.05452055e+00 2.49784695e+00 9.10473498e-03 4.943361e-01 1.215781e+00 1.587459e+01 1.124167e+01 3.651289e-01 3.2898e-03 5.1314e-03 -2.9317e-05 0.03119 9.02825e-02 1.69726e-01 2.92841e-01 3.32590e-03
8.305944 2.70512367e-02 1.33663902e-02 4.04176269e-02 8.09418674e-03 1.98424679e+00 2.42933231e+00 8.82715820e-03 4.941138e-01 1.224310e+00 1.508961e+01 1.119892e+01 3.665063e-01 3.3690e-03 5.0517e-03 -2.5129e-05 0.03056 8.90233e-02 1.67346e-01 2.87727e-01 3.25494e-03
8.406016 2.64910678e-02 1.30569944e-02 3.95480622e-02 7.99292304e-03 1.92163240e+00 2.35316158e+00 8.54958796e-03 4.928829e-01 1.224564e+00 1.424060e+01 1.091625e+01 3.633902e-01 3.4282e-03 4.9545e-03 -2.9147e-05 0.02998 8.87168e-02 1.65936e-01 2.83503e-01 3.20418e-03
8.506088 2.59385102e-02 1.27578681e-02 3.86963783e-02 7.88644270e-03 1.84443607e+00 2.27373856e+00 8.23634926e-03 4.918505e-01 1.232755e+00 1.327406e+01 9.788354e+00 3.614975e-01 3.4415e-03 4.8641e-03 -2.9518e-05 0.02947 8.45900e-02 1.61419e-01 2.77055e-01 3.05790e-03
8.606159 2.53972058e-02 1.24703840e-02 3.78675898e-02 7.78793429e-03 1.79096027e+00 2.19321515e+00 7.96835085e-03 4.910140e-01 1.224603e+00 1.297190e+01 9.786712e+00 3.591271e-01 3.3945e-03 4.7866e-03 -2.5453e-05 0.02888 8.50923e-02 1.61399e-01 2.74886e-01 3.09237e-03
8.706231 2.48958716e-02 1.21855786e-02 3.70814502e-02 7.69525508e-03 1.73210573e+00 2.11068505e+00 7.68558156e-03 4.894618e-01 1.218566e+00 1.268035e+01 9.640845e+00 3.656982e-01 3.2903e-03 4.7151e-03 -2.9133e-05 0.02816 8.35355e-02 1.59505e-01 2.71049e-01 2.92232e-03
8.806303 2.44050776e-02 1.19151181e-02 3.63201957e-02 7.59911432e-03 1.67232896e+00 2.03174798e+00 7.40815389e-03 4.882229e-01 1.214921e+00 1.227128e+01 9.263269e+00 3.698386e-01 3.1490e-03 4.6621e-03 -2.8402e-05 0.02765 8.10413e-02 1.56842e-01 2.66826e-01 2.84660e-03
8.906374 2.39238053e-02 1.16548467e-02 3.55786521e-02 7.51297628e-03 1.62940459e+00 1.95682282e+00 7.17245483e-03 4.871653e-01 1.200943e+00 1.180214e+01 9.667670e+00 3.681129e-01 3.0005e-03 4.6219e-03 -2.7191e-05 0.02715 8.20755e-02 1.57296e-01 2.65389e-01 2.87506e-03
9.006446 2.34637831e-02 1.14015743e-02 3.48653574e-02 7.42709243e-03 1.57723860e+00 1.88594250e+00 6.92636219e-03 4.859223e-01 1.195724e+00 1.129451e+01 8.951971e+00 3.751922e-01 2.8658e-03 4.5871e-03 -2.9266e-05 0.02672 8.00164e-02 1.54733e-01 2.61275e-01 2.73563e-03
9.106517 2.30140358e-02 1.11624551e-02 3.41764909e-02 7.34015819e-03 1.52868497e+00 1.82103055e+00 6.69943104e-03 4.850281e-01 1.191240e+00 1.077234e+01 9.171650e+00 3.855803e-01 2.7512e-03 4.5603e-03 -2.6562e-05 0.02621 7.83834e-02 1.52415e-01 2.57583e-01 2.65078e-03
9.206589 2.25852023e-02 1.09281070e-02 3.35133093e-02 7.26137170e-03 1.49390588e+00 1.75976060e+00 6.50733297e-03 4.838614e-01 1.177959e+00 1.024894e+01 9.432912e+00 3.832441e-01 2.6594e-03 4.5318e-03 -2.8783e-05 0.02598 8.00132e-02 1.52788e-01 2.56141e-01 2.70997e-03
9.306661 2.21617984e-02 1.07027971e-02 3.28645956e-02 7.17834165e-03 1.44427046e+00 1.70314761e+00 6.29483615e-03 4.829390e-01 1.179244e+00 9.753239e+00 8.497886e+00 3.885040e-01 2.5872e-03 4.5002e-03 -2.9664e-05 0.02566 7.68943e-02 1.48685e-01 2.50866e-01 2.55566e-03
9.406732 2.17421991e-02 1.04886518e-02 3.22308508e-02 7.09690912e-03 1.40686283e+00 1.65113789e+00 6.11600143e-03 4.824099e-01 1.173631e+00 9.323192e+00 8.831144e+00 3.920563e-01 2.5283e-03 4.4682e-03 -2.5726e-05 0.02537 7.70045e-02 1.47451e-01 2.48330e-01 2.55459e-03
9.506804 2.13540932e-02 1.02760128e-02 3.16301060e-02 7.02004926e-03 1.36941723e+00 1.60063106e+00 5.94009658e-03 4.812198e-01 1.168841e+00 9.010655e+00 8.899552e+00 3.967643e-01 2.4791e-03 4.4240e-03 -2.9357e-05 0.02499 7.66865e-02 1.45611e-01 2.45145e-01 2.48228e-03
9.606875 2.09665911e-02 1.00726795e-02 3.10392706e-02 6.93755985e-03 1.32655387e+00 1.55319691e+00 5.75950155e-03 4.804157e-01 1.170851e+00 8.768850e+00 8.252559e+00 3.950642e-01 2.4409e-03 4.3806e-03 -2.9418e-05 0.02488 7.43986e-02 1.41946e-01 2.40572e-01 2.39690e-03
9.706947 2.05814274e-02 9.87713779e-03 3.04585652e-02 6.85946811e-03 1.29414021e+00 1.50785910e+00 5.60399863e-03 4.799054e-01 1.165144e+00 8.575439e+00 8.464998e+00 3.921079e-01 2.4174e-03 4.3364e-03 -2.6532e-05 0.02459 7.52978e-02 1.41244e-01 2.38844e-01 2.45081e-03
9.807019 2.02206106e-02 9.68348053e-03 2.99040912e-02 6.78314024e-03 1.25533851e+00 1.46279509e+00 5.43626720e-03 4.788916e-01 1.165259e+00 8.839954e+00 8.176511e+00 3.928065e-01 2.4098e-03 4.2858e-03 -2.9429e-05 0.02441 7.38603e-02 1.38323e-01 2.35142e-01 2.33114e-03
9.907090 1.98664929e-02 9.49904960e-03 2.93655425e-02 6.70259226e-03 1.21532130e+00 1.41945748e+00 5.26955757e-03 4.781443e-01 1.167969e+00 9.396086e+00 8.007655e+00 3.920904e-01 2.4145e-03 4.2403e-03 -2.8083e-05 0.02415 7.19409e-02 1.35033e-01 2.31416e-01 2.26143e-03
10.000190 1.95433491e-02 9.33142066e-03 2.88747698e-02 6.63457193e-03 1.18830232e+00 1.37986471e+00 5.13633406e-03 4.774730e-01 1.161207e+00 9.760905e+00 8.142915e+00 3.782809e-01 2.4212e-03 4.1984e-03 -2.7733e-05 0.02414 7.36811e-02 1.35285e-01 2.30994e-01 2.35917e-03
