# tg_mhd (CUDA FP64)  tgc_slip_cond_n192_re250_drive0.4_bdrive0.1  N=192 L=192 Re=250 Pm=1 u0=0.05 nu_lat=1.215944e-02 eta_lat=1.215944e-02 tau_f=0.536478 tau_m=0.548638 dt=8.224065e-04 fw=profile
# t E_V E_M E_T H_C Omega_V Omega_M eps EM/EV OmM/OmV j_max w_max skew divb/j divb_wall/j mass_drift umax_lat fw1 fw2 fw4 tau_wall
0.000000 1.25019373e-01 1.25000000e-01 2.50019373e-01 -3.81293275e-20 3.75024330e-01 1.49945900e+00 1.49958666e-02 9.998450e-01 3.998298e+00 3.463243e+00 1.999775e+00 -8.316079e-19 2.8400e-15 6.1194e-15 +0.0000e+00 0.05000 8.08360e-02 1.63015e-01 3.30713e-01 0.00000e+00
0.250012 1.36348312e-01 1.29110732e-01 2.65459044e-01 -9.53627048e-05 4.74871061e-01 1.60078535e+00 1.66052513e-02 9.469184e-01 3.370989e+00 3.691176e+00 2.082134e+00 1.179005e-01 1.7137e-04 8.1973e-05 -4.5422e-06 0.05258 7.42152e-02 1.49710e-01 2.99654e-01 0.00000e+00
0.500023 1.47549121e-01 1.33275298e-01 2.80824419e-01 -3.74298994e-04 6.82732156e-01 1.82647584e+00 2.00736639e-02 9.032605e-01 2.675245e+00 4.230147e+00 2.418001e+00 2.213360e-01 2.8963e-04 2.9754e-04 -1.1550e-05 0.05309 6.71500e-02 1.36381e-01 2.86778e-01 0.00000e+00
0.750035 1.58305181e-01 1.36510051e-01 2.94815232e-01 -7.34856345e-04 9.74156866e-01 2.22414951e+00 2.55864510e-02 8.623221e-01 2.283153e+00 5.284805e+00 3.356784e+00 3.375222e-01 4.8610e-04 7.1859e-04 -1.2046e-05 0.05497 6.11697e-02 1.27657e-01 2.86796e-01 0.00000e+00
1.000046 1.69499322e-01 1.36993818e-01 3.06493141e-01 -9.07519504e-04 1.36851100e+00 2.83947739e+00 3.36639071e-02 8.082263e-01 2.074866e+00 6.780499e+00 4.770562e+00 4.008090e-01 9.1717e-04 1.4833e-03 -2.3983e-06 0.05732 5.75298e-02 1.26944e-01 2.94975e-01 0.00000e+00
1.250058 1.82039906e-01 1.32981964e-01 3.15021869e-01 -5.39405872e-04 1.89447033e+00 3.69253880e+00 4.46960730e-02 7.305100e-01 1.949114e+00 1.108863e+01 7.163389e+00 3.833236e-01 1.7121e-03 2.7314e-03 +1.1370e-05 0.05957 5.73746e-02 1.33159e-01 3.11080e-01 0.00000e+00
1.500069 1.95720466e-01 1.24245636e-01 3.19966102e-01 6.79324847e-04 2.50298596e+00 4.75229204e+00 5.80422240e-02 6.348117e-01 1.898649e+00 1.576941e+01 1.025872e+01 3.574526e-01 3.1554e-03 4.7340e-03 +2.0131e-05 0.06043 5.85033e-02 1.36795e-01 3.38767e-01 0.00000e+00
1.750081 2.09508835e-01 1.12175990e-01 3.21684825e-01 2.94474295e-03 3.05709520e+00 5.68793885e+00 6.99602724e-02 5.354237e-01 1.860570e+00 1.782696e+01 1.051186e+01 3.114882e-01 5.1902e-03 6.2970e-03 +1.8967e-05 0.06189 5.64796e-02 1.38452e-01 3.71307e-01 0.00000e+00
2.000092 2.22799785e-01 9.89199601e-02 3.21719745e-01 6.08814047e-03 3.51161579e+00 5.79196658e+00 7.44286589e-02 4.439859e-01 1.649374e+00 1.834819e+01 1.099204e+01 3.179877e-01 5.9554e-03 6.8471e-03 +1.1395e-05 0.06243 5.42253e-02 1.57191e-01 4.01039e-01 0.00000e+00
2.250104 2.35148398e-01 8.67470716e-02 3.21895469e-01 9.58273061e-03 3.85243192e+00 5.41190926e+00 7.41147294e-02 3.689035e-01 1.404803e+00 1.785025e+01 1.093350e+01 3.526044e-01 4.7224e-03 7.5862e-03 +4.5545e-06 0.06193 5.58198e-02 1.86621e-01 4.07592e-01 0.00000e+00
2.500116 2.46126824e-01 7.66150489e-02 3.22741873e-01 1.29388893e-02 4.08329321e+00 5.04257015e+00 7.30069068e-02 3.112828e-01 1.234927e+00 1.637896e+01 9.750050e+00 4.037466e-01 4.0649e-03 9.5606e-03 +4.4828e-06 0.06141 6.17711e-02 1.95202e-01 3.86439e-01 0.00000e+00
2.750127 2.55376775e-01 6.85668501e-02 3.23943625e-01 1.58085551e-02 4.22776960e+00 4.77900018e+00 7.20541582e-02 2.684929e-01 1.130383e+00 1.428466e+01 9.546165e+00 4.372237e-01 4.2711e-03 1.0958e-02 +8.9660e-06 0.06077 6.37782e-02 1.81016e-01 3.57667e-01 0.00000e+00
3.000139 2.62709370e-01 6.22692808e-02 3.24978651e-01 1.79775177e-02 4.28658960e+00 4.63459238e+00 7.13694559e-02 2.370273e-01 1.081184e+00 1.345263e+01 1.045830e+01 4.232367e-01 5.1693e-03 1.0059e-02 +1.3680e-05 0.06180 5.97637e-02 1.62774e-01 3.32094e-01 0.00000e+00
3.250150 2.68160611e-01 5.71747129e-02 3.25335324e-01 1.95068681e-02 4.27397303e+00 4.60431913e+00 7.10263373e-02 2.132107e-01 1.077293e+00 1.536502e+01 1.152579e+01 4.257987e-01 5.9960e-03 9.5522e-03 +1.4951e-05 0.06442 5.79731e-02 1.56954e-01 3.29211e-01 0.00000e+00
3.500162 2.72118691e-01 5.25438778e-02 3.24662569e-01 2.09041274e-02 4.22966125e+00 4.51684134e+00 6.99720207e-02 1.930918e-01 1.067897e+00 1.594052e+01 1.231217e+01 4.666110e-01 6.4047e-03 1.1572e-02 +1.3654e-05 0.06568 6.33956e-02 1.62000e-01 3.51978e-01 0.00000e+00
3.750173 2.75189641e-01 4.82516399e-02 3.23441281e-01 2.25473187e-02 4.23247644e+00 4.15134529e+00 6.70705738e-02 1.753396e-01 9.808313e-01 1.628539e+01 1.314381e+01 4.984332e-01 6.6326e-03 1.2545e-02 +1.3646e-05 0.06667 6.66156e-02 1.69634e-01 3.56051e-01 0.00000e+00
4.000185 2.77698752e-01 4.46337833e-02 3.22332535e-01 2.42518586e-02 4.24104704e+00 3.75208681e+00 6.39450708e-02 1.607273e-01 8.847077e-01 1.548983e+01 1.384387e+01 4.448299e-01 6.6823e-03 1.2183e-02 +1.6702e-05 0.07182 7.39949e-02 1.81486e-01 3.58856e-01 0.00000e+00
4.250197 2.80042234e-01 4.15756012e-02 3.21617835e-01 2.58148631e-02 4.20370601e+00 3.39579411e+00 6.07960010e-02 1.484619e-01 8.078096e-01 1.228373e+01 1.435467e+01 3.744230e-01 6.5511e-03 1.2529e-02 +2.1357e-05 0.07428 8.78211e-02 2.02976e-01 3.73071e-01 0.00000e+00
4.500208 2.82862865e-01 3.86170849e-02 3.21479950e-01 2.71551144e-02 4.16519132e+00 3.03245901e+00 5.75812026e-02 1.365223e-01 7.280480e-01 1.222736e+01 1.596079e+01 3.864869e-01 5.9386e-03 1.1647e-02 +2.4868e-05 0.07217 1.02551e-01 2.30404e-01 3.94182e-01 0.00000e+00
4.750220 2.86387240e-01 3.55581653e-02 3.21945405e-01 2.80370011e-02 4.18934632e+00 2.68575210e+00 5.50007873e-02 1.241611e-01 6.410910e-01 1.354854e+01 1.906509e+01 4.999712e-01 5.7750e-03 1.1236e-02 +2.5285e-05 0.07143 1.09136e-01 2.46111e-01 4.09058e-01 0.00000e+00
5.000231 2.90324248e-01 3.26246711e-02 3.22948919e-01 2.83806071e-02 4.29304307e+00 2.32396943e+00 5.29361000e-02 1.123732e-01 5.413338e-01 1.177550e+01 2.123034e+01 6.181373e-01 6.0154e-03 1.1621e-02 +2.2269e-05 0.07753 1.02336e-01 2.34266e-01 3.99590e-01 0.00000e+00
5.250243 2.94176002e-01 3.02544874e-02 3.24430489e-01 2.82779919e-02 4.47478234e+00 2.05414055e+00 5.22313831e-02 1.028449e-01 4.590481e-01 1.097135e+01 2.291726e+01 6.644860e-01 5.7140e-03 1.0742e-02 +1.7672e-05 0.07767 8.70418e-02 2.04328e-01 3.70618e-01 0.00000e+00
5.500254 2.97566878e-01 2.85326938e-02 3.26099571e-01 2.78751965e-02 4.68250920e+00 2.01083765e+00 5.35467748e-02 9.588666e-02 4.294359e-01 1.053057e+01 2.431930e+01 6.764691e-01 5.1948e-03 9.8011e-03 +1.4196e-05 0.07522 7.62666e-02 1.77800e-01 3.45747e-01 0.00000e+00
5.750266 3.00369402e-01 2.71985488e-02 3.27567951e-01 2.73031628e-02 4.86204368e+00 2.11564362e+00 5.58214984e-02 9.055033e-02 4.351346e-01 1.056337e+01 2.553294e+01 6.849618e-01 4.9653e-03 1.0111e-02 +1.3083e-05 0.07203 7.41561e-02 1.76633e-01 3.34103e-01 0.00000e+00
6.000277 3.02456687e-01 2.61801804e-02 3.28636868e-01 2.66240130e-02 5.02622703e+00 2.18205155e+00 5.76662287e-02 8.655844e-02 4.341331e-01 9.900672e+00 2.420623e+01 6.816905e-01 4.8744e-03 1.0322e-02 +1.3660e-05 0.06659 8.28385e-02 1.87116e-01 3.31484e-01 0.00000e+00
6.250289 3.03566231e-01 2.59140056e-02 3.29480237e-01 2.58736957e-02 5.19402610e+00 2.01801881e+00 5.76963593e-02 8.536524e-02 3.885269e-01 8.599086e+00 2.126964e+01 6.535895e-01 4.6199e-03 1.0000e-02 +1.4852e-05 0.07346 8.59489e-02 1.82615e-01 3.22146e-01 0.00000e+00
6.500301 3.03239810e-01 2.70694756e-02 3.30309286e-01 2.52754480e-02 5.31744167e+00 1.83529828e+00 5.72219197e-02 8.926755e-02 3.451469e-01 7.766855e+00 1.801170e+01 6.125399e-01 4.3074e-03 8.6555e-03 +1.5741e-05 0.07301 8.04709e-02 1.71897e-01 3.08772e-01 0.00000e+00
6.750312 3.01226199e-01 2.96145112e-02 3.30840710e-01 2.50671257e-02 5.29851370e+00 1.96839955e+00 5.81353060e-02 9.831320e-02 3.715003e-01 1.049878e+01 1.561306e+01 5.149483e-01 4.4246e-03 7.3923e-03 +1.6772e-05 0.06801 7.62676e-02 1.62660e-01 2.97496e-01 0.00000e+00
7.000324 2.97880629e-01 3.29531280e-02 3.30833757e-01 2.50075009e-02 5.17903024e+00 2.26881580e+00 5.95827684e-02 1.106253e-01 4.380773e-01 1.389688e+01 1.342956e+01 4.181713e-01 5.7577e-03 8.8667e-03 +1.8133e-05 0.06653 7.04377e-02 1.51005e-01 2.85996e-01 0.00000e+00
7.250335 2.93735999e-01 3.66428281e-02 3.30378828e-01 2.45665617e-02 5.07462898e+00 2.54664666e+00 6.09702051e-02 1.247475e-01 5.018390e-01 1.311805e+01 1.155437e+01 3.613241e-01 6.2936e-03 9.3088e-03 +1.9497e-05 0.06552 6.51815e-02 1.43961e-01 2.80520e-01 0.00000e+00
7.500347 2.89254813e-01 4.02825725e-02 3.29537385e-01 2.34106858e-02 5.03373876e+00 2.76465506e+00 6.23871506e-02 1.392633e-01 5.492250e-01 1.080722e+01 1.199243e+01 3.337094e-01 5.7425e-03 8.5584e-03 +1.9727e-05 0.06352 6.52141e-02 1.47325e-01 2.85711e-01 0.00000e+00
7.750358 2.84954018e-01 4.34200401e-02 3.28374058e-01 2.14918466e-02 5.03337090e+00 2.90911030e+00 6.35398496e-02 1.523756e-01 5.779646e-01 1.026175e+01 1.324914e+01 3.213267e-01 5.3687e-03 7.6111e-03 +1.8326e-05 0.06276 6.88450e-02 1.54308e-01 2.90157e-01 0.00000e+00
8.000370 2.81310249e-01 4.56321292e-02 3.26942378e-01 1.92032053e-02 5.01795243e+00 3.16813180e+00 6.54886738e-02 1.622128e-01 6.313595e-01 1.582149e+01 1.414032e+01 3.186072e-01 5.3328e-03 6.6796e-03 +1.5382e-05 0.06421 7.43572e-02 1.59330e-01 2.96972e-01 0.00000e+00
8.250382 2.78474066e-01 4.65404867e-02 3.25014552e-01 1.72225437e-02 5.00083665e+00 3.56537523e+00 6.85296950e-02 1.671268e-01 7.129557e-01 1.840575e+01 1.431285e+01 3.112603e-01 5.6732e-03 6.6701e-03 +1.1883e-05 0.06644 7.93674e-02 1.69455e-01 3.13802e-01 0.00000e+00
8.500393 2.76029201e-01 4.62576215e-02 3.22286822e-01 1.58282278e-02 5.01317128e+00 4.04690214e+00 7.24805873e-02 1.675823e-01 8.072539e-01 1.766753e+01 1.374867e+01 3.161877e-01 5.6720e-03 7.1549e-03 +8.3862e-06 0.06337 8.59148e-02 1.90173e-01 3.38050e-01 0.00000e+00
8.750405 2.73631303e-01 4.50757859e-02 3.18707089e-01 1.50207185e-02 5.00026709e+00 4.28467839e+00 7.42795639e-02 1.647318e-01 8.568899e-01 1.430883e+01 1.220615e+01 3.410585e-01 6.6079e-03 9.1353e-03 +5.6559e-06 0.06737 9.95365e-02 2.18031e-01 3.58879e-01 0.00000e+00
9.000416 2.71623773e-01 4.36037881e-02 3.15227561e-01 1.47580238e-02 4.91425372e+00 3.89926682e+00 7.05081643e-02 1.605301e-01 7.934606e-01 1.442231e+01 1.000447e+01 3.310182e-01 7.1884e-03 1.0724e-02 +4.9116e-06 0.07012 1.09069e-01 2.28536e-01 3.61721e-01 0.00000e+00
9.250428 2.69977061e-01 4.28040062e-02 3.12781068e-01 1.49811201e-02 4.85645073e+00 3.42118774e+00 6.62211078e-02 1.585468e-01 7.044626e-01 1.325911e+01 9.887035e+00 3.381590e-01 6.3380e-03 9.6526e-03 +6.3448e-06 0.07009 9.40362e-02 2.04680e-01 3.44591e-01 0.00000e+00
9.500439 2.67891782e-01 4.25504768e-02 3.10442259e-01 1.57944937e-02 4.90544886e+00 3.61622644e+00 6.81734024e-02 1.588346e-01 7.371856e-01 1.756183e+01 9.849506e+00 4.594755e-01 6.2872e-03 7.2929e-03 +8.8046e-06 0.06767 8.11072e-02 1.80119e-01 3.43346e-01 0.00000e+00
9.750451 2.64975000e-01 4.16439826e-02 3.06618982e-01 1.74002021e-02 5.06526132e+00 4.14992726e+00 7.37215087e-02 1.571619e-01 8.192918e-01 2.470744e+01 1.018421e+01 6.124657e-01 8.9784e-03 9.6476e-03 +1.1822e-05 0.06344 8.11850e-02 1.78455e-01 3.62532e-01 0.00000e+00
10.000462 2.61622616e-01 3.97856338e-02 3.01408250e-01 1.99492697e-02 5.23858030e+00 4.09829233e+00 7.46949810e-02 1.520726e-01 7.823288e-01 2.505844e+01 1.346603e+01 6.784345e-01 1.0348e-02 1.4596e-02 +1.4729e-05 0.07192 7.68176e-02 1.76357e-01 3.62532e-01 0.00000e+00
10.250474 2.57944162e-01 3.83836189e-02 2.96327781e-01 2.22752884e-02 5.20622166e+00 3.69610441e+00 7.12186086e-02 1.488059e-01 7.099399e-01 1.670845e+01 1.421277e+01 5.616061e-01 8.6409e-03 1.4175e-02 +1.7272e-05 0.07053 8.38377e-02 1.77609e-01 3.56638e-01 0.00000e+00
10.500486 2.54209955e-01 3.78359741e-02 2.92045929e-01 2.32454417e-02 5.18430685e+00 3.36299523e+00 6.83784167e-02 1.488375e-01 6.486875e-01 1.721552e+01 1.406715e+01 4.440244e-01 6.3845e-03 1.1917e-02 +2.0096e-05 0.06940 8.16821e-02 1.75350e-01 3.59336e-01 0.00000e+00
10.750497 2.50793751e-01 3.75607110e-02 2.88354462e-01 2.32697399e-02 5.24247663e+00 3.25598255e+00 6.79876735e-02 1.497673e-01 6.210772e-01 1.490340e+01 1.258558e+01 3.584592e-01 5.7318e-03 9.2158e-03 +2.1085e-05 0.06377 7.43407e-02 1.74348e-01 3.74533e-01 0.00000e+00
11.000509 2.47703559e-01 3.73589280e-02 2.85062487e-01 2.30379055e-02 5.25019080e+00 3.13626457e+00 6.70916429e-02 1.508211e-01 5.973620e-01 1.214365e+01 1.232481e+01 2.692918e-01 7.0870e-03 1.3268e-02 +1.9296e-05 0.06095 7.31406e-02 1.72290e-01 3.73016e-01 0.00000e+00
11.250520 2.44900363e-01 3.77460560e-02 2.82646419e-01 2.31537650e-02 5.16617563e+00 2.97020277e+00 6.50910272e-02 1.541282e-01 5.749326e-01 1.215532e+01 1.208826e+01 2.077924e-01 5.7670e-03 1.2391e-02 +1.5671e-05 0.06724 6.79982e-02 1.69407e-01 3.50719e-01 0.00000e+00
11.500532 2.42319385e-01 3.86875381e-02 2.81006923e-01 2.39829435e-02 5.01954114e+00 3.02607347e+00 6.43649169e-02 1.596552e-01 6.028586e-01 1.355309e+01 1.102453e+01 2.367186e-01 4.8173e-03 9.8816e-03 +1.1787e-05 0.07274 7.22462e-02 1.84308e-01 3.46956e-01 0.00000e+00
11.750543 2.40068666e-01 3.97127330e-02 2.79781399e-01 2.55246887e-02 4.85262647e+00 3.15313596e+00 6.40460994e-02 1.654224e-01 6.497792e-01 1.486401e+01 1.104207e+01 2.617455e-01 5.2130e-03 9.6249e-03 +9.0996e-06 0.07046 8.19716e-02 1.99190e-01 3.52825e-01 0.00000e+00
12.000555 2.38376489e-01 4.04804352e-02 2.78856925e-01 2.75943171e-02 4.77848750e+00 3.19498957e+00 6.37878165e-02 1.698172e-01 6.686194e-01 1.538966e+01 1.267489e+01 2.963619e-01 5.7976e-03 9.8300e-03 +8.1994e-06 0.06632 8.48568e-02 1.92622e-01 3.43457e-01 0.00000e+00
12.250567 2.37202697e-01 4.09946066e-02 2.78197304e-01 2.98998792e-02 4.86337051e+00 3.08107197e+00 6.35555399e-02 1.728252e-01 6.335261e-01 1.690424e+01 1.350202e+01 3.711450e-01 6.3486e-03 9.5848e-03 +8.8046e-06 0.06781 7.58439e-02 1.66622e-01 3.18494e-01 0.00000e+00
12.500578 2.36185570e-01 4.15930675e-02 2.77778638e-01 3.19799891e-02 5.02398769e+00 2.93848495e+00 6.36997811e-02 1.761033e-01 5.848910e-01 1.792445e+01 1.260283e+01 4.094919e-01 7.0321e-03 8.8896e-03 +1.0393e-05 0.06936 6.15436e-02 1.37301e-01 2.86520e-01 0.00000e+00
12.750590 2.35155286e-01 4.22479514e-02 2.77403238e-01 3.33923417e-02 5.14123820e+00 2.94795730e+00 6.47135640e-02 1.796598e-01 5.733944e-01 1.859973e+01 1.182187e+01 4.097228e-01 7.6889e-03 7.8212e-03 +1.2423e-05 0.06885 4.93734e-02 1.15945e-01 2.64501e-01 0.00000e+00
13.000601 2.34262919e-01 4.24883688e-02 2.76751288e-01 3.39673602e-02 5.19150380e+00 3.11375740e+00 6.64420896e-02 1.813704e-01 5.997795e-01 1.983708e+01 1.244557e+01 4.117806e-01 8.0858e-03 8.0404e-03 +1.4613e-05 0.06739 4.44927e-02 1.09552e-01 2.56683e-01 0.00000e+00
13.250613 2.33667774e-01 4.21287194e-02 2.75796493e-01 3.37079339e-02 5.15630247e+00 3.16978237e+00 6.66086787e-02 1.802932e-01 6.147394e-01 2.268247e+01 1.392103e+01 4.028934e-01 8.8185e-03 1.0955e-02 +1.6775e-05 0.06529 4.37004e-02 1.07647e-01 2.49287e-01 0.00000e+00
13.500624 2.33429149e-01 4.17692885e-02 2.75198437e-01 3.23491757e-02 5.08747015e+00 2.94783142e+00 6.42824126e-02 1.789378e-01 5.794297e-01 1.931394e+01 1.495855e+01 3.777634e-01 8.2569e-03 1.3751e-02 +1.8551e-05 0.06339 3.99296e-02 1.00287e-01 2.36236e-01 0.00000e+00
13.750636 2.33163304e-01 4.20350141e-02 2.75198318e-01 2.99287703e-02 5.06663255e+00 2.83038272e+00 6.31761222e-02 1.802814e-01 5.586319e-01 1.724024e+01 1.489455e+01 3.796690e-01 7.1186e-03 1.2530e-02 +1.9462e-05 0.06341 4.08223e-02 1.02539e-01 2.41707e-01 0.00000e+00
14.000647 2.32624655e-01 4.28411693e-02 2.75465824e-01 2.70238915e-02 5.01052546e+00 2.86014335e+00 6.29653505e-02 1.841644e-01 5.708270e-01 1.849707e+01 1.373433e+01 3.563448e-01 7.0539e-03 1.2260e-02 +1.9306e-05 0.06256 4.35101e-02 1.09819e-01 2.56140e-01 0.00000e+00
14.250659 2.32200678e-01 4.35986136e-02 2.75799291e-01 2.41844764e-02 4.87358870e+00 3.04102428e+00 6.33169038e-02 1.877626e-01 6.239805e-01 1.767777e+01 1.230536e+01 3.136404e-01 7.4135e-03 1.3357e-02 +1.8023e-05 0.06079 4.36152e-02 1.10198e-01 2.63563e-01 0.00000e+00
14.500671 2.32212103e-01 4.39855423e-02 2.76197646e-01 2.17443677e-02 4.67818804e+00 3.14898219e+00 6.26173618e-02 1.894197e-01 6.731201e-01 1.608336e+01 1.150939e+01 2.710656e-01 7.9413e-03 1.3554e-02 +1.5767e-05 0.05999 4.10413e-02 1.08111e-01 2.64042e-01 0.00000e+00
14.750682 2.32404661e-01 4.44765332e-02 2.76881194e-01 1.97591676e-02 4.47808551e+00 3.23110664e+00 6.16735372e-02 1.913754e-01 7.215375e-01 1.348050e+01 1.197532e+01 2.471592e-01 7.3734e-03 1.2043e-02 +1.3024e-05 0.05794 4.53280e-02 1.17829e-01 2.71967e-01 0.00000e+00
15.000694 2.32548503e-01 4.49853256e-02 2.77533828e-01 1.81857804e-02 4.30215593e+00 3.46974109e+00 6.21751762e-02 1.934449e-01 8.065122e-01 1.617887e+01 1.210841e+01 2.643196e-01 6.4881e-03 1.1340e-02 +1.0753e-05 0.05917 5.51854e-02 1.35451e-01 2.85193e-01 0.00000e+00
15.250705 2.32845431e-01 4.49944676e-02 2.77839899e-01 1.70938214e-02 4.15160116e+00 3.65567322e+00 6.24581950e-02 1.932375e-01 8.805454e-01 1.969762e+01 1.350957e+01 2.904532e-01 6.1450e-03 1.1828e-02 +9.6605e-06 0.05932 6.63948e-02 1.50459e-01 2.97346e-01 0.00000e+00
15.500717 2.33539334e-01 4.45331314e-02 2.78072465e-01 1.66232020e-02 4.03736951e+00 3.51394424e+00 6.04105100e-02 1.906879e-01 8.703549e-01 2.105331e+01 1.201549e+01 3.116678e-01 6.1762e-03 1.2208e-02 +1.0137e-05 0.05853 6.84030e-02 1.50202e-01 2.96082e-01 0.00000e+00
15.750728 2.34477876e-01 4.42241921e-02 2.78702068e-01 1.67378949e-02 3.98541753e+00 3.19860324e+00 5.74721661e-02 1.886071e-01 8.025767e-01 2.120150e+01 1.047121e+01 3.539011e-01 6.1480e-03 1.1036e-02 +1.1839e-05 0.05998 5.74508e-02 1.30972e-01 2.78553e-01 0.00000e+00
16.000740 2.35355121e-01 4.42297506e-02 2.79584871e-01 1.71341113e-02 3.97883734e+00 2.99515689e+00 5.57919538e-02 1.879277e-01 7.527719e-01 2.116716e+01 1.040772e+01 3.808430e-01 5.8661e-03 1.0245e-02 +1.4050e-05 0.06055 4.60183e-02 1.09142e-01 2.59190e-01 0.00000e+00
16.250752 2.36112981e-01 4.43542600e-02 2.80467242e-01 1.76551437e-02 4.01661146e+00 2.83179090e+00 5.47872189e-02 1.878518e-01 7.050199e-01 2.169652e+01 1.027822e+01 3.598836e-01 5.4534e-03 9.4096e-03 +1.6252e-05 0.06054 3.89338e-02 9.91347e-02 2.48371e-01 0.00000e+00
16.500763 2.36651477e-01 4.46668968e-02 2.81318374e-01 1.84376938e-02 4.10021430e+00 2.69209716e+00 5.43384917e-02 1.887455e-01 6.565747e-01 2.171435e+01 1.098668e+01 3.164663e-01 5.2443e-03 9.7057e-03 +1.7950e-05 0.06180 3.95259e-02 9.98710e-02 2.48669e-01 0.00000e+00
16.750775 2.36693928e-01 4.54793208e-02 2.82173248e-01 1.95835427e-02 4.15069692e+00 2.62245183e+00 5.41851900e-02 1.921440e-01 6.318100e-01 2.041411e+01 1.091812e+01 2.875516e-01 4.9483e-03 9.5642e-03 +1.8429e-05 0.06425 4.19230e-02 1.04029e-01 2.53361e-01 0.00000e+00
17.000786 2.36009258e-01 4.70710080e-02 2.83080266e-01 2.10172340e-02 4.11004702e+00 2.70052915e+00 5.44846094e-02 1.994456e-01 6.570555e-01 2.035758e+01 1.090008e+01 2.932917e-01 4.7525e-03 8.9942e-03 +1.6923e-05 0.06705 4.62251e-02 1.16222e-01 2.61563e-01 0.00000e+00
17.250798 2.34712364e-01 4.91985757e-02 2.83910940e-01 2.25922602e-02 4.01478904e+00 2.95156763e+00 5.57308533e-02 2.096122e-01 7.351738e-01 2.265228e+01 1.132933e+01 3.007191e-01 4.4777e-03 9.0745e-03 +1.3712e-05 0.06724 5.97267e-02 1.40149e-01 2.79095e-01 0.00000e+00
17.500809 2.33227189e-01 5.12473873e-02 2.84474577e-01 2.42198617e-02 3.92494740e+00 3.26978445e+00 5.75578549e-02 2.197316e-01 8.330773e-01 2.467566e+01 1.138269e+01 2.716986e-01 4.4821e-03 8.5629e-03 +9.7331e-06 0.06425 7.27705e-02 1.65868e-01 3.04487e-01 0.00000e+00
17.750821 2.31981382e-01 5.26460150e-02 2.84627397e-01 2.58647925e-02 3.87632944e+00 3.62715421e+00 6.00278692e-02 2.269407e-01 9.357188e-01 2.593251e+01 1.134060e+01 2.648887e-01 4.8573e-03 8.2774e-03 +5.9832e-06 0.06199 8.73093e-02 1.94820e-01 3.39772e-01 0.00000e+00
18.000832 2.31241005e-01 5.30403064e-02 2.84281312e-01 2.75141673e-02 3.86442595e+00 3.89220933e+00 6.20530822e-02 2.293724e-01 1.007190e+00 2.574422e+01 1.111683e+01 2.820908e-01 5.5573e-03 8.7768e-03 +3.6571e-06 0.05928 1.07305e-01 2.24023e-01 3.76362e-01 0.00000e+00
18.250844 2.31145759e-01 5.25587473e-02 2.83704507e-01 2.91532031e-02 3.86529792e+00 3.93859620e+00 6.24311530e-02 2.273836e-01 1.018963e+00 2.392512e+01 1.046894e+01 2.831379e-01 5.8471e-03 9.5693e-03 +3.3924e-06 0.05749 1.24740e-01 2.38747e-01 3.93317e-01 0.00000e+00
18.500856 2.31817928e-01 5.13900842e-02 2.83208012e-01 3.07821574e-02 3.86804308e+00 3.84638162e+00 6.17153976e-02 2.216830e-01 9.943999e-01 2.283701e+01 1.055595e+01 2.743322e-01 5.5744e-03 9.5834e-03 +5.0148e-06 0.05672 1.24111e-01 2.29648e-01 3.82724e-01 0.00000e+00
18.750867 2.33185026e-01 4.96712544e-02 2.82856280e-01 3.23612625e-02 3.88034766e+00 3.70442028e+00 6.06781436e-02 2.130122e-01 9.546620e-01 2.548639e+01 1.083400e+01 2.895953e-01 5.0327e-03 8.7481e-03 +7.6982e-06 0.05802 1.08933e-01 2.06081e-01 3.57972e-01 0.00000e+00
19.000879 2.34892815e-01 4.77274140e-02 2.82620229e-01 3.38070861e-02 3.89889322e+00 3.48386926e+00 5.90620999e-02 2.031881e-01 8.935534e-01 2.492315e+01 1.028347e+01 3.028982e-01 5.2341e-03 7.8597e-03 +1.0637e-05 0.05893 8.96382e-02 1.75894e-01 3.26556e-01 0.00000e+00
19.250890 2.36610910e-01 4.60639549e-02 2.82674865e-01 3.51365923e-02 3.92401572e+00 3.17371790e+00 5.67818689e-02 1.946823e-01 8.087934e-01 2.224342e+01 1.036496e+01 3.063488e-01 5.8522e-03 7.5448e-03 +1.3357e-05 0.05974 7.23631e-02 1.48606e-01 2.98836e-01 0.00000e+00
19.500902 2.38274426e-01 4.50091220e-02 2.83283548e-01 3.64721731e-02 3.94590826e+00 2.89703431e+00 5.47435405e-02 1.888962e-01 7.341869e-01 1.940736e+01 1.037253e+01 3.148945e-01 6.2047e-03 7.2342e-03 +1.5495e-05 0.05998 5.74809e-02 1.28777e-01 2.78820e-01 0.00000e+00
19.750913 2.39998404e-01 4.45774280e-02 2.84575832e-01 3.78328741e-02 3.95251711e+00 2.73022199e+00 5.34619128e-02 1.857405e-01 6.907553e-01 1.586869e+01 9.516597e+00 3.490990e-01 6.5013e-03 7.6470e-03 +1.6790e-05 0.06080 4.91725e-02 1.19137e-01 2.65395e-01 0.00000e+00
20.000925 2.41984251e-01 4.47179553e-02 2.86702207e-01 3.90941470e-02 3.94027583e+00 2.57190889e+00 5.20974778e-02 1.847970e-01 6.527231e-01 1.674147e+01 9.909386e+00 3.788260e-01 6.7724e-03 8.4754e-03 +1.7147e-05 0.05877 4.63991e-02 1.13652e-01 2.57441e-01 0.00000e+00
20.250937 2.44309423e-01 4.55191547e-02 2.89828578e-01 4.02886114e-02 3.92450484e+00 2.43522386e+00 5.08778297e-02 1.863176e-01 6.205175e-01 1.665934e+01 1.009928e+01 3.748370e-01 6.5667e-03 7.6613e-03 +1.6501e-05 0.05738 4.57762e-02 1.14633e-01 2.62415e-01 0.00000e+00
20.500948 2.46848521e-01 4.69624303e-02 2.93810951e-01 4.16736339e-02 3.90180602e+00 2.38046902e+00 5.02582003e-02 1.902480e-01 6.100941e-01 1.279409e+01 1.016582e+01 3.603019e-01 5.6248e-03 7.1176e-03 +1.5039e-05 0.05610 4.84889e-02 1.25548e-01 2.84107e-01 0.00000e+00
20.750960 2.49466728e-01 4.88823828e-02 2.98349111e-01 4.35472849e-02 3.87025598e+00 2.40841081e+00 5.02293343e-02 1.959475e-01 6.222872e-01 9.097519e+00 1.021689e+01 3.510822e-01 4.2981e-03 8.0404e-03 +1.3304e-05 0.05567 5.67539e-02 1.43249e-01 3.18534e-01 0.00000e+00
21.000971 2.52236217e-01 5.08601495e-02 3.03096367e-01 4.59786572e-02 3.86168051e+00 2.47784640e+00 5.07162153e-02 2.016370e-01 6.416498e-01 1.043327e+01 9.910631e+00 3.389916e-01 3.8809e-03 9.2237e-03 +1.2099e-05 0.06360 6.88677e-02 1.60597e-01 3.50066e-01 0.00000e+00
21.250983 2.55367412e-01 5.24666024e-02 3.07834014e-01 4.87812646e-02 3.91799309e+00 2.52666020e+00 5.15572264e-02 2.054554e-01 6.448863e-01 1.360731e+01 9.685621e+00 3.271886e-01 4.0515e-03 8.0912e-03 +1.1970e-05 0.06781 7.09516e-02 1.66439e-01 3.62753e-01 0.00000e+00
21.500994 2.58860149e-01 5.32306152e-02 3.12090764e-01 5.18094644e-02 4.06398026e+00 2.76543391e+00 5.46353134e-02 2.056346e-01 6.804742e-01 1.573399e+01 1.011104e+01 3.609750e-01 4.5491e-03 7.5716e-03 +1.2756e-05 0.06830 7.30529e-02 1.69002e-01 3.66418e-01 0.00000e+00
21.751006 2.62405573e-01 5.25762147e-02 3.14981788e-01 5.50615761e-02 4.28935530e+00 3.16389853e+00 5.96260306e-02 2.003624e-01 7.376163e-01 1.647808e+01 1.123415e+01 4.183664e-01 5.6504e-03 8.3560e-03 +1.4171e-05 0.06431 7.39503e-02 1.67069e-01 3.62933e-01 0.00000e+00
22.001017 2.65691475e-01 5.06384136e-02 3.16329889e-01 5.82113667e-02 4.46760039e+00 3.25107181e+00 6.17493776e-02 1.905910e-01 7.276998e-01 1.729658e+01 1.275390e+01 4.407090e-01 7.9187e-03 1.5548e-02 +1.5812e-05 0.06191 6.47512e-02 1.49212e-01 3.37837e-01 0.00000e+00
22.251029 2.68589923e-01 4.86805805e-02 3.17270503e-01 6.01243006e-02 4.58263928e+00 2.87643623e+00 5.96726041e-02 1.812450e-01 6.276811e-01 1.161024e+01 1.388264e+01 3.934669e-01 7.1498e-03 1.5925e-02 +1.7492e-05 0.06236 5.27082e-02 1.27377e-01 3.05213e-01 0.00000e+00
22.501041 2.70710973e-01 4.74938412e-02 3.18204814e-01 6.05904980e-02 4.78475177e+00 2.67621316e+00 5.96877195e-02 1.754411e-01 5.593212e-01 1.089335e+01 1.359142e+01 3.556156e-01 5.2058e-03 1.0252e-02 +1.8914e-05 0.06259 4.83791e-02 1.21941e-01 3.02864e-01 0.00000e+00
22.751052 2.71680041e-01 4.69687551e-02 3.18648796e-01 6.02955123e-02 4.98091658e+00 2.71301257e+00 6.15514332e-02 1.728826e-01 5.446814e-01 1.238862e+01 1.201093e+01 3.000575e-01 5.4439e-03 1.0193e-02 +1.9509e-05 0.06517 4.67119e-02 1.23320e-01 3.07382e-01 0.00000e+00
23.001064 2.71700070e-01 4.70248323e-02 3.18724903e-01 5.95267933e-02 5.07137764e+00 2.67014813e+00 6.19322061e-02 1.730763e-01 5.265134e-01 1.046931e+01 1.145531e+01 2.181285e-01 6.1127e-03 1.2822e-02 +1.9141e-05 0.06540 5.02832e-02 1.29600e-01 3.14262e-01 0.00000e+00
23.251075 2.71283659e-01 4.77378526e-02 3.19021512e-01 5.84874460e-02 5.03680947e+00 2.55964663e+00 6.07716488e-02 1.759702e-01 5.081881e-01 1.000921e+01 1.151482e+01 1.456195e-01 5.2026e-03 1.3925e-02 +1.8092e-05 0.06616 5.16264e-02 1.31448e-01 3.20754e-01 0.00000e+00
23.501087 2.70787303e-01 4.88006707e-02 3.19587974e-01 5.76100551e-02 4.93945922e+00 2.66921717e+00 6.08694111e-02 1.802177e-01 5.403865e-01 1.218152e+01 1.214967e+01 1.800946e-01 4.5123e-03 1.2542e-02 +1.6315e-05 0.06888 5.19363e-02 1.46603e-01 3.22546e-01 0.00000e+00
23.751098 2.70337314e-01 4.96000375e-02 3.19937351e-01 5.71738817e-02 4.80890062e+00 3.04123278e+00 6.28010672e-02 1.834746e-01 6.324175e-01 1.468359e+01 1.212191e+01 2.525261e-01 4.8183e-03 1.1005e-02 +1.4245e-05 0.06901 6.82272e-02 1.77067e-01 3.37282e-01 0.00000e+00
24.001110 2.70125798e-01 4.97313094e-02 3.19857108e-01 5.71180492e-02 4.72705485e+00 3.28672375e+00 6.41102288e-02 1.841043e-01 6.953005e-01 1.499700e+01 1.159408e+01 3.278321e-01 5.3523e-03 1.0313e-02 +1.3000e-05 0.06776 8.58066e-02 1.97246e-01 3.53604e-01 0.00000e+00
24.251122 2.70249204e-01 4.93637003e-02 3.19612905e-01 5.70098962e-02 4.75088889e+00 3.26812509e+00 6.41521118e-02 1.826599e-01 6.878976e-01 1.327196e+01 1.228009e+01 4.181692e-01 5.2813e-03 1.0621e-02 +1.2833e-05 0.06653 9.42292e-02 1.95457e-01 3.56754e-01 0.00000e+00
24.501133 2.70440982e-01 4.88274476e-02 3.19268429e-01 5.64176537e-02 4.86471140e+00 3.20479521e+00 6.45560529e-02 1.805475e-01 6.587842e-01 1.444852e+01 1.210559e+01 5.078196e-01 5.4794e-03 1.0666e-02 +1.3349e-05 0.06606 9.34262e-02 1.83171e-01 3.50576e-01 0.00000e+00
24.751145 2.70362409e-01 4.81273865e-02 3.18489795e-01 5.54271036e-02 5.03538540e+00 3.21389825e+00 6.59942692e-02 1.780106e-01 6.382626e-01 1.400371e+01 1.321620e+01 5.646180e-01 5.6323e-03 1.0229e-02 +1.4149e-05 0.06720 9.07788e-02 1.79197e-01 3.43836e-01 0.00000e+00
25.001156 2.69755889e-01 4.74000519e-02 3.17155941e-01 5.42158802e-02 5.06975850e+00 3.17588583e+00 6.59651547e-02 1.757146e-01 6.264373e-01 1.321146e+01 1.179304e+01 4.778677e-01 6.4987e-03 1.0973e-02 +1.5142e-05 0.06678 8.36331e-02 1.71166e-01 3.29803e-01 0.00000e+00
25.251168 2.68535518e-01 4.74367277e-02 3.15972246e-01 5.23677493e-02 4.95530743e+00 2.97489877e+00 6.34416496e-02 1.766497e-01 6.003460e-01 1.547680e+01 1.250129e+01 3.183964e-01 6.3345e-03 1.1007e-02 +1.6011e-05 0.06415 7.21470e-02 1.53801e-01 3.07136e-01 0.00000e+00
25.501179 2.66649677e-01 4.85880115e-02 3.15237689e-01 5.01043020e-02 4.90401774e+00 2.88175071e+00 6.22861476e-02 1.822167e-01 5.876306e-01 1.769697e+01 1.302317e+01 2.592468e-01 5.4925e-03 9.2250e-03 +1.6459e-05 0.06372 6.29934e-02 1.40027e-01 2.97039e-01 0.00000e+00
25.751191 2.64244945e-01 5.05974598e-02 3.14842405e-01 4.81388632e-02 4.87170161e+00 2.90199168e+00 6.21895463e-02 1.914794e-01 5.956834e-01 1.640422e+01 1.219438e+01 2.504067e-01 5.3741e-03 8.4027e-03 +1.6350e-05 0.06475 5.61010e-02 1.29910e-01 2.87636e-01 0.00000e+00
26.001202 2.61673365e-01 5.31245947e-02 3.14797960e-01 4.66873905e-02 4.74739969e+00 3.03470954e+00 6.22568739e-02 2.030187e-01 6.392362e-01 1.509114e+01 1.250884e+01 2.828445e-01 5.3938e-03 8.3969e-03 +1.5427e-05 0.06594 5.36433e-02 1.26394e-01 2.84900e-01 0.00000e+00
26.251214 2.59371249e-01 5.55309454e-02 3.14902195e-01 4.56099589e-02 4.57713848e+00 3.37512122e+00 6.36180776e-02 2.140983e-01 7.373867e-01 1.768680e+01 1.287388e+01 3.114000e-01 5.3676e-03 8.5368e-03 +1.3404e-05 0.06689 6.00737e-02 1.44014e-01 3.02188e-01 0.00000e+00
26.501226 2.57528689e-01 5.71169370e-02 3.14645626e-01 4.47282350e-02 4.51479507e+00 3.74363973e+00 6.60674784e-02 2.217886e-01 8.291937e-01 1.657711e+01 1.290154e+01 3.632819e-01 5.4190e-03 9.5920e-03 +1.0673e-05 0.06537 8.66433e-02 1.90842e-01 3.41568e-01 0.00000e+00
26.751237 2.56142730e-01 5.78484717e-02 3.13991202e-01 4.43664763e-02 4.54519183e+00 3.87786853e+00 6.73844828e-02 2.258447e-01 8.531804e-01 1.493627e+01 1.198609e+01 4.269360e-01 5.2662e-03 1.0559e-02 +9.0717e-06 0.06166 1.12931e-01 2.24150e-01 3.78026e-01 0.00000e+00
27.001249 2.55203364e-01 5.78526328e-02 3.13055997e-01 4.51494551e-02 4.59995494e+00 3.95136153e+00 6.84105317e-02 2.266923e-01 8.590001e-01 1.968842e+01 1.129184e+01 4.360571e-01 5.4400e-03 1.0988e-02 +9.3026e-06 0.06469 1.22246e-01 2.25529e-01 3.87094e-01 0.00000e+00
27.251260 2.54603098e-01 5.71267073e-02 3.11729805e-01 4.71083040e-02 4.65015340e+00 4.05104703e+00 6.96096034e-02 2.243755e-01 8.711642e-01 2.025934e+01 1.301058e+01 4.074914e-01 6.0702e-03 1.0832e-02 +1.0711e-05 0.06708 1.13549e-01 2.08164e-01 3.69213e-01 0.00000e+00
27.501272 2.54055248e-01 5.56146665e-02 3.09669915e-01 4.97233965e-02 4.69763799e+00 4.26011830e+00 7.16620503e-02 2.189078e-01 9.068639e-01 2.056045e+01 1.409631e+01 4.115918e-01 6.9223e-03 1.0884e-02 +1.2449e-05 0.06578 9.82382e-02 1.86058e-01 3.42895e-01 0.00000e+00
27.751283 2.53501071e-01 5.34723151e-02 3.06973386e-01 5.22510277e-02 4.71338270e+00 4.13027171e+00 7.07492353e-02 2.109353e-01 8.762861e-01 1.944143e+01 1.394332e+01 3.803246e-01 8.1535e-03 1.3206e-02 +1.4008e-05 0.06315 7.41270e-02 1.49778e-01 2.99827e-01 0.00000e+00
28.001295 2.52843590e-01 5.18363319e-02 3.04679921e-01 5.41158778e-02 4.74994803e+00 3.65158407e+00 6.72122568e-02 2.050134e-01 7.687630e-01 1.567455e+01 1.280783e+01 3.105962e-01 7.9273e-03 1.4643e-02 +1.4958e-05 0.06272 4.76541e-02 1.11474e-01 2.55393e-01 0.00000e+00
28.251307 2.51781603e-01 5.13085291e-02 3.03090132e-01 5.54821596e-02 4.84729817e+00 3.33349971e+00 6.54463830e-02 2.037819e-01 6.877026e-01 1.305720e+01 1.175618e+01 2.754817e-01 6.0442e-03 1.1760e-02 +1.5099e-05 0.06567 3.83688e-02 9.89323e-02 2.40135e-01 0.00000e+00
28.501318 2.50170355e-01 5.16762529e-02 3.01846608e-01 5.66104905e-02 4.89646984e+00 3.28188898e+00 6.54268705e-02 2.065643e-01 6.702561e-01 1.438084e+01 1.234113e+01 3.209391e-01 5.4964e-03 1.0248e-02 +1.4498e-05 0.07037 4.16901e-02 1.03814e-01 2.44051e-01 0.00000e+00
28.751330 2.48324892e-01 5.25188983e-02 3.00843790e-01 5.77055874e-02 4.82279778e+00 3.31104828e+00 6.50707684e-02 2.114927e-01 6.865410e-01 1.818674e+01 1.388354e+01 3.989139e-01 6.9624e-03 8.6396e-03 +1.3505e-05 0.06870 4.50810e-02 1.11477e-01 2.54018e-01 0.00000e+00
29.001341 2.46980345e-01 5.34319081e-02 3.00412253e-01 5.90680081e-02 4.66812701e+00 3.23320673e+00 6.32106699e-02 2.163407e-01 6.926133e-01 1.941021e+01 1.429139e+01 3.874196e-01 7.2677e-03 7.9365e-03 +1.2313e-05 0.06344 4.87470e-02 1.27758e-01 2.76968e-01 0.00000e+00
29.251353 2.46381273e-01 5.44842096e-02 3.00865482e-01 6.09419976e-02 4.52082452e+00 3.10913352e+00 6.10396643e-02 2.211378e-01 6.877359e-01 1.653325e+01 1.307283e+01 3.905089e-01 6.0238e-03 8.6458e-03 +1.1073e-05 0.06299 5.97651e-02 1.58502e-01 3.20975e-01 0.00000e+00
29.501364 2.46183951e-01 5.57161718e-02 3.01900122e-01 6.34450758e-02 4.39745362e+00 3.18453865e+00 6.06559382e-02 2.263193e-01 7.241779e-01 1.628515e+01 1.136172e+01 4.205596e-01 5.2187e-03 9.4865e-03 +1.0321e-05 0.06160 8.06349e-02 1.88112e-01 3.62282e-01 0.00000e+00
29.751376 2.46368392e-01 5.66983145e-02 3.03066706e-01 6.63912246e-02 4.30896346e+00 3.30029464e+00 6.08740648e-02 2.301363e-01 7.659138e-01 1.608829e+01 1.026202e+01 4.337448e-01 5.5102e-03 1.0084e-02 +1.0741e-05 0.06574 9.17651e-02 1.97768e-01 3.72252e-01 0.00000e+00
30.001387 2.47162154e-01 5.71378012e-02 3.04299956e-01 6.95713427e-02 4.29937422e+00 3.35899147e+00 6.12669256e-02 2.311754e-01 7.812745e-01 1.641391e+01 1.076717e+01 4.225535e-01 6.0508e-03 8.9156e-03 +1.2028e-05 0.06820 8.22364e-02 1.81195e-01 3.50528e-01 0.00000e+00
30.251399 2.48582099e-01 5.67169363e-02 3.05299035e-01 7.29181984e-02 4.39014303e+00 3.51858619e+00 6.32698338e-02 2.281618e-01 8.014742e-01 1.687047e+01 1.187094e+01 4.523340e-01 6.7219e-03 8.4015e-03 +1.3385e-05 0.06365 7.19216e-02 1.60439e-01 3.27372e-01 0.00000e+00
30.501411 2.50475817e-01 5.52474855e-02 3.05723303e-01 7.61218582e-02 4.48785223e+00 3.61743086e+00 6.48422647e-02 2.205701e-01 8.060495e-01 1.840875e+01 1.290196e+01 4.643521e-01 7.9740e-03 1.1184e-02 +1.4616e-05 0.06107 6.28360e-02 1.42832e-01 3.09104e-01 0.00000e+00
30.751422 2.52800354e-01 5.36115145e-02 3.06411869e-01 7.81208168e-02 4.49497545e+00 3.13873532e+00 6.10696862e-02 2.120706e-01 6.982764e-01 1.643885e+01 1.397293e+01 4.047592e-01 9.1848e-03 1.4679e-02 +1.5603e-05 0.06382 4.81295e-02 1.14921e-01 2.69417e-01 0.00000e+00
31.001434 2.55183731e-01 5.32756274e-02 3.08459359e-01 7.83622332e-02 4.54812817e+00 2.60144631e+00 5.71965958e-02 2.087736e-01 5.719817e-01 1.103357e+01 1.337506e+01 3.653854e-01 7.1188e-03 1.0187e-02 +1.6192e-05 0.06662 3.95515e-02 9.88165e-02 2.47975e-01 0.00000e+00
31.251445 2.57072706e-01 5.41483622e-02 3.11221068e-01 7.75248556e-02 4.59575757e+00 2.54974993e+00 5.71640600e-02 2.106344e-01 5.548051e-01 1.072106e+01 1.427432e+01 3.230772e-01 5.2262e-03 7.2525e-03 +1.6475e-05 0.06610 3.92043e-02 9.95053e-02 2.53480e-01 0.00000e+00
31.501457 2.58514105e-01 5.54579603e-02 3.13972066e-01 7.61842788e-02 4.60810896e+00 2.69405732e+00 5.84173303e-02 2.145259e-01 5.846340e-01 1.175775e+01 1.486936e+01 2.796370e-01 5.1914e-03 7.4430e-03 +1.6247e-05 0.06916 4.10928e-02 1.07247e-01 2.63259e-01 0.00000e+00
31.751468 2.59873298e-01 5.66777476e-02 3.16551045e-01 7.47240931e-02 4.58604275e+00 2.82248921e+00 5.92682557e-02 2.180976e-01 6.154520e-01 1.237326e+01 1.433028e+01 2.550930e-01 5.5585e-03 1.0827e-02 +1.5511e-05 0.06892 5.04900e-02 1.23195e-01 2.76614e-01 0.00000e+00
32.001480 2.61445033e-01 5.76138610e-02 3.19058894e-01 7.33585283e-02 4.54393724e+00 2.92777013e+00 5.97736590e-02 2.203670e-01 6.443245e-01 1.450223e+01 1.424353e+01 2.450441e-01 5.5540e-03 1.1430e-02 +1.5141e-05 0.06703 5.81755e-02 1.35230e-01 2.87492e-01 0.00000e+00
32.251491 2.63172863e-01 5.82293183e-02 3.21402181e-01 7.23719714e-02 4.52714745e+00 3.07908307e+00 6.08498442e-02 2.212588e-01 6.801376e-01 1.642169e+01 1.460656e+01 2.717644e-01 6.6199e-03 1.1157e-02 +1.5354e-05 0.06836 5.72291e-02 1.35555e-01 2.93483e-01 0.00000e+00
32.501503 2.64705524e-01 5.86148882e-02 3.23320412e-01 7.18324707e-02 4.54909897e+00 3.30246852e+00 6.28125399e-02 2.214343e-01 7.259610e-01 1.702068e+01 1.476858e+01 2.989704e-01 7.6326e-03 1.2388e-02 +1.5541e-05 0.06863 5.33482e-02 1.39235e-01 2.94058e-01 0.00000e+00
32.751515 2.65770217e-01 5.87076455e-02 3.24477863e-01 7.14056332e-02 4.62021496e+00 3.60109677e+00 6.57704938e-02 2.208963e-01 7.794219e-01 1.713261e+01 1.473757e+01 3.166834e-01 7.4596e-03 1.3645e-02 +1.5357e-05 0.06900 6.62244e-02 1.55947e-01 3.01137e-01 0.00000e+00
33.001526 2.66301003e-01 5.84839365e-02 3.24784939e-01 7.10125328e-02 4.72743705e+00 3.69322228e+00 6.73652747e-02 2.196159e-01 7.812314e-01 1.651912e+01 1.446600e+01 3.200119e-01 7.0844e-03 1.3704e-02 +1.5672e-05 0.06966 7.99103e-02 1.58969e-01 2.98526e-01 0.00000e+00
33.251538 2.66210001e-01 5.85891615e-02 3.24799163e-01 7.06469308e-02 4.85414826e+00 3.49609786e+00 6.68019690e-02 2.200863e-01 7.202289e-01 1.162508e+01 1.389228e+01 3.318897e-01 6.3447e-03 1.3629e-02 +1.6558e-05 0.07009 6.68668e-02 1.37102e-01 2.77851e-01 0.00000e+00
33.501549 2.65167135e-01 5.94852910e-02 3.24652426e-01 7.01906086e-02 4.99345511e+00 3.43426203e+00 6.74217372e-02 2.243313e-01 6.877527e-01 1.071168e+01 1.356681e+01 3.862774e-01 5.2252e-03 1.0825e-02 +1.7244e-05 0.06937 5.36484e-02 1.21802e-01 2.66916e-01 0.00000e+00
33.751561 2.63121149e-01 6.07086923e-02 3.23829841e-01 6.97262051e-02 5.05457299e+00 3.64591337e+00 6.96038909e-02 2.307252e-01 7.213099e-01 1.549234e+01 1.458715e+01 4.022300e-01 5.5758e-03 1.0627e-02 +1.7397e-05 0.06634 4.88836e-02 1.19228e-01 2.65158e-01 0.00000e+00
34.001572 2.60702249e-01 6.15390756e-02 3.22241324e-01 6.94308038e-02 4.96092042e+00 3.91680200e+00 7.10217793e-02 2.360512e-01 7.895313e-01 2.260216e+01 1.319959e+01 3.176084e-01 6.3991e-03 1.3193e-02 +1.7194e-05 0.06244 4.82289e-02 1.20120e-01 2.60579e-01 0.00000e+00
34.251584 2.58727508e-01 6.17669852e-02 3.20494493e-01 6.92895180e-02 4.77561747e+00 3.97134794e+00 6.99757233e-02 2.387337e-01 8.315884e-01 2.669307e+01 1.343781e+01 2.044536e-01 6.6275e-03 1.4134e-02 +1.7054e-05 0.06045 4.98921e-02 1.20917e-01 2.59430e-01 0.00000e+00
34.501596 2.57468551e-01 6.19141161e-02 3.19382667e-01 6.92100181e-02 4.57576747e+00 3.80970082e+00 6.70837463e-02 2.404725e-01 8.325818e-01 2.602701e+01 1.272443e+01 1.266969e-01 6.1353e-03 1.2900e-02 +1.6920e-05 0.06225 4.85930e-02 1.18434e-01 2.68287e-01 0.00000e+00
34.751607 2.56729605e-01 6.25405123e-02 3.19270117e-01 6.92646999e-02 4.38523701e+00 3.64028704e+00 6.42041924e-02 2.436046e-01 8.301232e-01 2.368430e+01 1.243382e+01 7.786073e-02 5.7115e-03 1.1379e-02 +1.6228e-05 0.06626 4.69778e-02 1.21878e-01 2.86717e-01 0.00000e+00
35.001619 2.56341240e-01 6.36000109e-02 3.19941251e-01 6.96258818e-02 4.23382796e+00 3.63416233e+00 6.29439223e-02 2.481068e-01 8.583633e-01 2.284435e+01 1.348951e+01 4.742723e-02 5.4993e-03 1.1233e-02 +1.4965e-05 0.06736 5.96536e-02 1.43423e-01 3.15452e-01 0.00000e+00
35.251630 2.56409941e-01 6.45228534e-02 3.20932794e-01 7.03538133e-02 4.15735269e+00 3.71328048e+00 6.29650654e-02 2.516394e-01 8.931839e-01 2.225933e+01 1.748210e+01 6.207624e-02 5.4498e-03 1.0670e-02 +1.4196e-05 0.06974 7.53006e-02 1.66366e-01 3.41041e-01 0.00000e+00
35.501642 2.56804996e-01 6.51923117e-02 3.21997308e-01 7.13990979e-02 4.15852276e+00 3.74956241e+00 6.32646814e-02 2.538592e-01 9.016573e-01 1.769133e+01 2.307958e+01 1.091235e-01 5.2681e-03 1.0155e-02 +1.4191e-05 0.07168 8.26745e-02 1.77519e-01 3.54843e-01 0.00000e+00
35.751653 2.56992968e-01 6.60795507e-02 3.23072519e-01 7.27815614e-02 4.13863079e+00 3.74274626e+00 6.30510164e-02 2.571259e-01 9.043441e-01 1.298540e+01 2.826484e+01 1.388669e-01 5.2671e-03 1.0975e-02 +1.4606e-05 0.07136 8.27439e-02 1.75634e-01 3.53401e-01 0.00000e+00
36.001665 2.56611164e-01 6.75995188e-02 3.24210683e-01 7.44022820e-02 4.07321085e+00 3.71929111e+00 6.23400157e-02 2.634317e-01 9.131104e-01 1.230894e+01 3.726491e+01 2.397091e-01 5.9565e-03 1.3387e-02 +1.5170e-05 0.07184 7.84124e-02 1.66186e-01 3.38949e-01 0.00000e+00
36.251676 2.55472503e-01 6.97570264e-02 3.25229530e-01 7.61057818e-02 4.00880087e+00 3.81812474e+00 6.26154049e-02 2.730510e-01 9.524356e-01 1.458531e+01 4.663949e+01 3.926374e-01 7.3212e-03 1.7082e-02 +1.5678e-05 0.07687 7.32395e-02 1.55836e-01 3.20516e-01 0.00000e+00
36.501688 2.53809055e-01 7.19441847e-02 3.25753240e-01 7.77736789e-02 3.95570229e+00 3.99115123e+00 6.35748282e-02 2.834579e-01 1.008961e+00 1.949671e+01 4.559570e+01 4.625158e-01 8.2678e-03 1.9785e-02 +1.5997e-05 0.07777 6.72862e-02 1.44074e-01 3.01940e-01 0.00000e+00
36.751700 2.52178950e-01 7.36330282e-02 3.25811978e-01 7.93964708e-02 3.92394288e+00 4.03906825e+00 6.37040891e-02 2.919872e-01 1.029339e+00 2.267181e+01 3.444913e+01 4.405192e-01 8.1725e-03 1.9625e-02 +1.6065e-05 0.07797 5.99974e-02 1.30675e-01 2.79528e-01 0.00000e+00
37.001711 2.51025861e-01 7.47808711e-02 3.25806732e-01 8.10964494e-02 3.88813365e+00 3.93970202e+00 6.26226853e-02 2.979011e-01 1.013263e+00 2.342536e+01 2.063017e+01 3.645045e-01 7.8626e-03 1.7490e-02 +1.5761e-05 0.07705 5.34962e-02 1.19519e-01 2.61569e-01 0.00000e+00
37.251723 2.50770711e-01 7.53891267e-02 3.26159838e-01 8.29508085e-02 3.82773144e+00 3.73510969e+00 6.05027290e-02 3.006297e-01 9.758024e-01 2.157555e+01 1.612682e+01 2.898793e-01 7.4732e-03 1.4934e-02 +1.4987e-05 0.07484 5.09360e-02 1.13886e-01 2.56047e-01 0.00000e+00
37.501734 2.51782090e-01 7.54678642e-02 3.27249954e-01 8.50596535e-02 3.73631253e+00 3.47246875e+00 5.76702503e-02 2.997348e-01 9.293839e-01 1.836026e+01 1.452705e+01 2.458393e-01 6.5301e-03 1.2198e-02 +1.3898e-05 0.07182 5.08812e-02 1.16451e-01 2.60902e-01 0.00000e+00
37.751746 2.54223170e-01 7.50756441e-02 3.29298814e-01 8.76286240e-02 3.62314064e+00 3.24079228e+00 5.49114634e-02 2.953139e-01 8.944705e-01 1.508813e+01 1.376189e+01 2.282418e-01 5.3039e-03 9.8949e-03 +1.2919e-05 0.06925 5.45392e-02 1.27466e-01 2.76257e-01 0.00000e+00
38.001757 2.58028890e-01 7.42595482e-02 3.32288438e-01 9.07723453e-02 3.54507446e+00 3.08370428e+00 5.30302299e-02 2.877955e-01 8.698560e-01 1.322692e+01 1.301302e+01 2.274272e-01 4.4791e-03 8.7631e-03 +1.2396e-05 0.06925 6.12721e-02 1.44661e-01 3.00168e-01 0.00000e+00
38.251769 2.62717956e-01 7.32141069e-02 3.35932063e-01 9.44042159e-02 3.57844711e+00 3.01708319e+00 5.27642424e-02 2.786795e-01 8.431264e-01 1.264177e+01 1.225833e+01 2.517630e-01 4.9932e-03 9.7985e-03 +1.2456e-05 0.07242 6.88991e-02 1.63305e-01 3.24124e-01 0.00000e+00
38.501781 2.67426045e-01 7.23730899e-02 3.39799135e-01 9.82197412e-02 3.70985869e+00 3.02199199e+00 5.38548054e-02 2.706284e-01 8.145841e-01 1.525443e+01 1.187084e+01 2.902988e-01 6.2377e-03 1.1746e-02 +1.3008e-05 0.07609 7.42530e-02 1.74817e-01 3.35534e-01 0.00000e+00
38.751792 2.71253240e-01 7.23251872e-02 3.43578427e-01 1.01702888e-01 3.85264723e+00 3.08334163e+00 5.54879109e-02 2.666334e-01 8.003177e-01 1.607990e+01 1.203911e+01 3.183791e-01 7.0662e-03 1.2746e-02 +1.3776e-05 0.07928 7.63643e-02 1.76616e-01 3.32904e-01 0.00000e+00
39.001804 2.73455249e-01 7.36804514e-02 3.47135701e-01 1.04397069e-01 3.93207403e+00 3.20544103e+00 5.71001205e-02 2.694424e-01 8.152036e-01 1.664220e+01 1.184028e+01 3.547198e-01 7.5576e-03 1.3218e-02 +1.4470e-05 0.08067 7.68266e-02 1.72834e-01 3.22822e-01 0.00000e+00
39.251815 2.73546879e-01 7.68384718e-02 3.50385351e-01 1.06192591e-01 3.93398348e+00 3.41445310e+00 5.87874927e-02 2.808969e-01 8.679378e-01 1.695089e+01 1.285812e+01 3.914020e-01 7.6174e-03 1.3914e-02 +1.4895e-05 0.08077 7.50193e-02 1.63488e-01 3.05297e-01 0.00000e+00
39.501827 2.71633744e-01 8.15661425e-02 3.53199887e-01 1.07149118e-01 3.89919159e+00 3.69535279e+00 6.07563550e-02 3.002799e-01 9.477228e-01 1.741918e+01 1.482877e+01 3.763237e-01 7.1702e-03 1.4420e-02 +1.4956e-05 0.08043 6.87472e-02 1.46702e-01 2.79335e-01 0.00000e+00
39.751838 2.68422740e-01 8.70626666e-02 3.55485406e-01 1.07218880e-01 3.84950848e+00 3.96779242e+00 6.25384072e-02 3.243491e-01 1.030727e+00 1.707046e+01 1.622409e+01 3.336976e-01 6.6497e-03 1.3953e-02 +1.4623e-05 0.07955 5.98287e-02 1.28350e-01 2.53878e-01 0.00000e+00
40.001850 2.64822590e-01 9.25509723e-02 3.57373562e-01 1.06428590e-01 3.74877495e+00 4.13218516e+00 6.30476809e-02 3.494829e-01 1.102276e+00 2.129158e+01 1.655507e+01 2.892757e-01 6.1568e-03 1.2719e-02 +1.3930e-05 0.07895 5.34343e-02 1.17405e-01 2.40505e-01 0.00000e+00
40.251861 2.61585236e-01 9.75691957e-02 3.59154431e-01 1.04903890e-01 3.59172384e+00 4.17508242e+00 6.21344501e-02 3.729920e-01 1.162417e+00 2.277882e+01 1.516564e+01 2.290387e-01 5.7336e-03 1.1383e-02 +1.2976e-05 0.07900 5.14496e-02 1.14727e-01 2.39098e-01 0.00000e+00
40.501873 2.59273883e-01 1.01813779e-01 3.61087662e-01 1.02888561e-01 3.42194835e+00 4.08821381e+00 6.00812973e-02 3.926881e-01 1.194704e+00 2.105740e+01 1.271434e+01 1.581290e-01 5.3103e-03 1.0172e-02 +1.1927e-05 0.07877 5.25835e-02 1.18356e-01 2.45165e-01 0.00000e+00
40.751885 2.58232838e-01 1.05111036e-01 3.63343874e-01 1.00694471e-01 3.28557384e+00 3.91116773e+00 5.75739325e-02 4.070398e-01 1.190406e+00 1.760492e+01 1.071946e+01 1.033162e-01 4.8917e-03 9.1369e-03 +1.1023e-05 0.07933 5.62122e-02 1.27583e-01 2.56931e-01 0.00000e+00
41.001896 2.58660588e-01 1.07301570e-01 3.65962158e-01 9.85540301e-02 3.20330553e+00 3.69657769e+00 5.51990657e-02 4.148354e-01 1.153988e+00 1.356792e+01 9.791073e+00 7.997645e-02 4.5680e-03 8.2442e-03 +1.0509e-05 0.08082 6.11677e-02 1.40430e-01 2.72142e-01 0.00000e+00
41.251908 2.60671344e-01 1.08262629e-01 3.68933974e-01 9.65924658e-02 3.18724805e+00 3.45594037e+00 5.31455074e-02 4.153223e-01 1.084302e+00 1.182742e+01 9.188269e+00 9.294303e-02 4.3538e-03 7.3957e-03 +1.0512e-05 0.08270 6.56780e-02 1.52850e-01 2.88508e-01 0.00000e+00
41.501919 2.64164773e-01 1.08070455e-01 3.72235229e-01 9.48798718e-02 3.24363328e+00 3.21581369e+00 5.16755757e-02 4.091024e-01 9.914233e-01 1.075986e+01 8.152654e+00 1.410186e-01 4.2355e-03 6.6815e-03 +1.0947e-05 0.08446 6.83907e-02 1.61399e-01 3.06789e-01 0.00000e+00
41.751931 2.68828985e-01 1.06937931e-01 3.75766917e-01 9.34961405e-02 3.38397310e+00 3.02727561e+00 5.12899897e-02 3.977917e-01 8.945921e-01 9.651770e+00 7.706240e+00 1.998649e-01 4.1507e-03 6.1779e-03 +1.1614e-05 0.08597 6.89939e-02 1.66936e-01 3.26881e-01 0.00000e+00
42.001942 2.74091943e-01 1.05220977e-01 3.79312920e-01 9.25246255e-02 3.62007169e+00 2.92615480e+00 5.23698120e-02 3.838893e-01 8.083140e-01 8.430916e+00 8.135147e+00 2.376232e-01 4.0411e-03 5.8741e-03 +1.2380e-05 0.08703 6.93298e-02 1.73993e-01 3.43972e-01 0.00000e+00
42.251954 2.78964363e-01 1.03634400e-01 3.82598764e-01 9.19761581e-02 3.92237903e+00 2.91614146e+00 5.47081639e-02 3.714969e-01 7.434624e-01 1.096319e+01 9.244467e+00 2.529472e-01 4.0510e-03 6.5565e-03 +1.3187e-05 0.08703 7.26344e-02 1.81555e-01 3.56478e-01 0.00000e+00
42.501966 2.82198889e-01 1.03221593e-01 3.85420482e-01 9.17290266e-02 4.20559622e+00 2.99742189e+00 5.76241449e-02 3.657760e-01 7.127222e-01 1.626242e+01 9.875867e+00 2.720098e-01 4.3391e-03 8.1099e-03 +1.3805e-05 0.08681 7.72342e-02 1.85325e-01 3.67527e-01 0.00000e+00
42.751977 2.82853411e-01 1.04770258e-01 3.87623669e-01 9.15461502e-02 4.39725044e+00 3.22556181e+00 6.09824979e-02 3.704048e-01 7.335406e-01 2.053898e+01 9.707785e+00 3.071081e-01 4.8467e-03 9.3852e-03 +1.3607e-05 0.08665 8.08396e-02 1.91286e-01 3.80853e-01 0.00000e+00
43.001989 2.80808311e-01 1.08148581e-01 3.88956892e-01 9.11367096e-02 4.46810448e+00 3.67295168e+00 6.51284493e-02 3.851331e-01 8.220380e-01 2.201949e+01 9.341377e+00 3.414328e-01 5.3437e-03 1.0557e-02 +1.2283e-05 0.08310 8.94512e-02 2.11601e-01 3.98821e-01 0.00000e+00
43.252000 2.76671220e-01 1.12484196e-01 3.89155416e-01 9.02374573e-02 4.40574132e+00 4.30965683e+00 6.97231852e-02 4.065627e-01 9.781911e-01 2.306373e+01 9.794496e+00 3.589495e-01 5.6470e-03 1.1267e-02 +1.0303e-05 0.08177 1.03013e-01 2.41428e-01 4.17115e-01 0.00000e+00
43.502012 2.71532705e-01 1.16626440e-01 3.88159145e-01 8.87554084e-02 4.22708885e+00 5.01015375e+00 7.38979408e-02 4.295116e-01 1.185249e+00 2.267836e+01 9.603374e+00 3.738808e-01 5.5873e-03 1.1160e-02 +8.5408e-06 0.08432 1.18892e-01 2.67747e-01 4.31848e-01 0.00000e+00
43.752023 2.66942306e-01 1.19262292e-01 3.86204597e-01 8.67512676e-02 4.01498062e+00 5.51940469e+00 7.62750825e-02 4.467718e-01 1.374703e+00 2.250837e+01 1.029694e+01 4.002459e-01 5.3092e-03 1.0749e-02 +8.0390e-06 0.08435 1.30824e-01 2.78640e-01 4.38007e-01 0.00000e+00
44.002035 2.64081120e-01 1.19830222e-01 3.83911342e-01 8.43443473e-02 3.83862765e+00 5.59284424e+00 7.54517751e-02 4.537629e-01 1.456991e+00 2.282715e+01 1.078108e+01 4.176972e-01 5.0831e-03 1.0670e-02 +8.7402e-06 0.08387 1.31387e-01 2.68874e-01 4.31393e-01 0.00000e+00
44.252046 2.63155840e-01 1.18883344e-01 3.82039183e-01 8.16691077e-02 3.71955155e+00 5.25701705e+00 7.18125488e-02 4.517602e-01 1.413347e+00 2.290206e+01 1.052345e+01 4.338824e-01 5.0322e-03 1.0889e-02 +9.7064e-06 0.08297 1.21245e-01 2.45677e-01 4.16224e-01 0.00000e+00
44.502058 2.63654963e-01 1.17325136e-01 3.80980099e-01 7.88876526e-02 3.66512323e+00 4.75763497e+00 6.73820656e-02 4.449950e-01 1.298083e+00 2.141154e+01 9.856094e+00 4.631470e-01 5.1395e-03 1.1154e-02 +1.0228e-05 0.08203 1.09518e-01 2.24383e-01 4.03433e-01 0.00000e+00
44.752070 2.64888588e-01 1.15751299e-01 3.80639887e-01 7.62183656e-02 3.66277267e+00 4.28841116e+00 6.36094706e-02 4.369811e-01 1.170810e+00 1.930064e+01 9.796258e+00 4.962443e-01 5.2891e-03 1.1184e-02 +1.0324e-05 0.08375 1.03085e-01 2.13162e-01 4.00383e-01 0.00000e+00
45.002081 2.66335299e-01 1.14394061e-01 3.80729360e-01 7.39680835e-02 3.70335714e+00 3.92419281e+00 6.10203996e-02 4.295115e-01 1.059631e+00 1.780088e+01 1.044394e+01 5.461543e-01 5.3341e-03 1.1223e-02 +1.0245e-05 0.08456 1.01729e-01 2.10779e-01 4.08131e-01 0.00000e+00
45.252093 2.67555560e-01 1.13311216e-01 3.80866776e-01 7.24008086e-02 3.78606126e+00 3.78866590e+00 6.05978173e-02 4.235054e-01 1.000688e+00 1.751781e+01 1.081311e+01 6.501306e-01 5.2270e-03 1.2090e-02 +9.7569e-06 0.08346 1.06053e-01 2.18044e-01 4.31089e-01 0.00000e+00
45.502104 2.68139019e-01 1.12241167e-01 3.80380186e-01 7.13276801e-02 3.93959218e+00 4.02693303e+00 6.37322017e-02 4.185932e-01 1.022170e+00 1.839600e+01 1.198796e+01 7.667822e-01 5.2858e-03 1.3809e-02 +8.3651e-06 0.08079 1.22755e-01 2.45809e-01 4.76363e-01 0.00000e+00
45.752116 2.68154931e-01 1.10453280e-01 3.78608211e-01 7.03982552e-02 4.16970772e+00 4.43381096e+00 6.88281494e-02 4.119010e-01 1.063339e+00 1.927416e+01 1.239345e+01 8.056108e-01 5.2562e-03 1.3442e-02 +6.5364e-06 0.07995 1.40005e-01 2.83246e-01 5.21432e-01 0.00000e+00
46.002127 2.68070057e-01 1.07467177e-01 3.75537233e-01 6.97869257e-02 4.43305813e+00 4.71489731e+00 7.31836435e-02 4.008921e-01 1.063577e+00 1.927467e+01 1.412484e+01 7.806949e-01 4.8642e-03 1.2488e-02 +5.1462e-06 0.07709 1.50634e-01 3.12253e-01 5.47556e-01 0.00000e+00
46.252139 2.68244317e-01 1.03522795e-01 3.71767112e-01 6.97885540e-02 4.71620303e+00 4.64583030e+00 7.48962667e-02 3.859273e-01 9.850785e-01 1.824866e+01 1.541920e+01 7.299116e-01 4.2714e-03 1.1841e-02 +4.9695e-06 0.07287 1.52057e-01 3.23863e-01 5.50803e-01 0.00000e+00
46.502151 2.68427860e-01 9.96201555e-02 3.68048016e-01 7.05827337e-02 5.06501765e+00 4.24245764e+00 7.44598024e-02 3.711245e-01 8.375998e-01 1.642048e+01 1.653307e+01 6.901950e-01 4.0490e-03 1.1733e-02 +5.6262e-06 0.06794 1.45730e-01 3.18779e-01 5.34914e-01 0.00000e+00
46.752162 2.67878494e-01 9.67262842e-02 3.64604778e-01 7.21335207e-02 5.46212118e+00 3.83985582e+00 7.44158160e-02 3.610827e-01 7.029972e-01 1.458659e+01 2.041978e+01 6.738511e-01 4.0055e-03 1.1617e-02 +6.5455e-06 0.06528 1.36093e-01 3.01810e-01 5.08824e-01 0.00000e+00
47.002174 2.66141065e-01 9.50542438e-02 3.61195309e-01 7.41776650e-02 5.70504865e+00 3.61547914e+00 7.45642224e-02 3.571574e-01 6.337333e-01 1.294252e+01 2.205747e+01 7.058549e-01 4.4415e-03 1.1071e-02 +7.5983e-06 0.06773 1.26741e-01 2.80678e-01 4.82249e-01 0.00000e+00
47.252185 2.63316061e-01 9.46541458e-02 3.57970207e-01 7.61762482e-02 5.67401581e+00 3.47480248e+00 7.31905463e-02 3.594697e-01 6.124062e-01 1.344246e+01 2.197049e+01 8.077369e-01 5.6564e-03 1.1632e-02 +8.6807e-06 0.07006 1.14769e-01 2.55390e-01 4.51593e-01 0.00000e+00
47.502197 2.59863589e-01 9.54116073e-02 3.55275196e-01 7.77121627e-02 5.44968572e+00 3.42161381e+00 7.09703963e-02 3.671604e-01 6.278553e-01 1.526011e+01 2.083061e+01 8.719167e-01 6.4945e-03 1.2774e-02 +9.4581e-06 0.07151 1.00086e-01 2.27110e-01 4.13590e-01 0.00000e+00
47.752208 2.56183969e-01 9.70145970e-02 3.53198566e-01 7.87419881e-02 5.14740644e+00 3.43334444e+00 6.86460070e-02 3.786911e-01 6.670047e-01 1.669879e+01 2.070800e+01 8.424349e-01 6.9984e-03 1.3369e-02 +9.7087e-06 0.07245 8.78097e-02 2.03065e-01 3.76897e-01 0.00000e+00
48.002220 2.52120059e-01 9.95002534e-02 3.51620312e-01 7.93442462e-02 4.81942679e+00 3.53110925e+00 6.68042883e-02 3.946543e-01 7.326824e-01 1.771900e+01 2.205163e+01 7.411626e-01 6.7686e-03 1.3085e-02 +9.4841e-06 0.07135 7.96591e-02 1.85795e-01 3.49087e-01 0.00000e+00
48.252231 2.47407200e-01 1.02690835e-01 3.50098035e-01 7.95885584e-02 4.46509308e+00 3.88084099e+00 6.67674725e-02 4.150681e-01 8.691512e-01 1.803266e+01 2.245019e+01 6.100565e-01 6.2137e-03 1.2060e-02 +8.8908e-06 0.06737 7.37894e-02 1.73915e-01 3.28940e-01 0.00000e+00
48.502243 2.42797477e-01 1.05342828e-01 3.48140306e-01 7.96256978e-02 4.14950732e+00 4.29478415e+00 6.75543318e-02 4.338712e-01 1.035011e+00 1.776122e+01 2.072631e+01 5.480795e-01 5.7774e-03 1.0968e-02 +8.0249e-06 0.06310 7.17379e-02 1.72429e-01 3.21840e-01 0.00000e+00
48.752255 2.39149758e-01 1.06568432e-01 3.45718190e-01 7.97416027e-02 3.92547453e+00 4.55552405e+00 6.78479886e-02 4.456138e-01 1.160503e+00 1.811894e+01 1.778700e+01 4.960909e-01 5.4519e-03 1.0455e-02 +6.9373e-06 0.06340 7.61665e-02 1.85735e-01 3.34254e-01 0.00000e+00
49.002266 2.36506344e-01 1.06468407e-01 3.42974752e-01 8.03233849e-02 3.79323841e+00 4.71932132e+00 6.81004779e-02 4.501715e-01 1.244140e+00 1.727967e+01 1.466727e+01 4.266253e-01 5.3047e-03 1.0392e-02 +5.6362e-06 0.06471 8.59029e-02 2.09005e-01 3.64168e-01 0.00000e+00
49.252278 2.34366342e-01 1.05520329e-01 3.39886671e-01 8.16472939e-02 3.75755962e+00 4.89332672e+00 6.92070907e-02 4.502367e-01 1.302262e+00 1.933420e+01 1.153035e+01 3.927201e-01 5.5436e-03 1.0738e-02 +4.1434e-06 0.06439 9.73293e-02 2.36473e-01 4.06356e-01 0.00000e+00
49.502289 2.32081296e-01 1.04134521e-01 3.36215817e-01 8.38484102e-02 3.80639140e+00 5.13970624e+00 7.15687811e-02 4.486985e-01 1.350283e+00 2.303672e+01 1.306023e+01 4.423510e-01 6.3588e-03 1.1678e-02 +2.5103e-06 0.06251 1.09576e-01 2.64627e-01 4.49521e-01 0.00000e+00
49.752301 2.29161831e-01 1.02532749e-01 3.31694580e-01 8.69718358e-02 3.88527924e+00 5.40391120e+00 7.43135235e-02 4.474251e-01 1.390868e+00 2.632724e+01 1.434893e+01 5.251687e-01 7.5351e-03 1.2948e-02 +8.6028e-07 0.06402 1.19909e-01 2.85927e-01 4.79744e-01 0.00000e+00
49.999845 2.25441806e-01 1.01018169e-01 3.26459975e-01 9.07739359e-02 3.92119466e+00 5.52485210e+00 7.55683741e-02 4.480898e-01 1.408972e+00 2.764080e+01 1.395247e+01 5.707763e-01 8.2732e-03 1.3379e-02 -7.3062e-07 0.06673 1.26794e-01 2.99802e-01 4.93769e-01 0.00000e+00
