# tg_mhd (CUDA FP32)  tgc_noslip_cond_n640_re2000_ramp0.2  N=640 L=640 Re=2000 Pm=1 u0=0.05 nu_lat=5.085000e-03 eta_lat=5.085000e-03 tau_f=0.515255 tau_m=0.520340 dt=2.458210e-04 fw=profile
# t E_V E_M E_T H_C Omega_V Omega_M eps EM/EV OmM/OmV j_max w_max skew divb/j divb_wall/j mass_drift umax_lat fw1 fw2 fw4 tau_wall
0.000000 1.25000007e-01 1.25000000e-01 2.50000007e-01 -1.41098860e-21 3.74997000e-01 1.49995166e+00 1.87494866e-03 9.999999e-01 3.999903e+00 3.464025e+00 1.999980e+00 2.333793e-19 2.0892e-06 3.1042e-06 +0.0000e+00 0.05000 2.84856e-02 5.70557e-02 1.14676e-01 3.44250e-08
0.100049 1.23471662e-01 1.24642834e-01 2.48114496e-01 9.54919830e-06 8.66826729e+00 1.50478324e+00 1.01730505e-02 1.009485e+00 1.735968e-01 3.642688e+00 8.170665e+01 1.379518e-01 8.4738e-05 6.3574e-04 -6.1730e-07 0.05087 8.19922e-01 8.25220e-01 8.35892e-01 1.88377e-02
0.200098 1.21226340e-01 1.24354307e-01 2.45580647e-01 -5.80328097e-05 1.87157914e+01 1.57298695e+00 2.02887784e-02 1.025803e+00 8.404598e-02 5.467774e+00 9.335352e+01 3.477199e-02 2.8338e-04 1.7249e-03 -6.3905e-06 0.05139 9.05125e-01 9.10280e-01 9.15721e-01 2.19370e-02
0.300147 1.19783369e-01 1.24454323e-01 2.44237692e-01 -1.31426609e-04 1.28890641e+01 1.72192302e+00 1.46109871e-02 1.038995e+00 1.335957e-01 8.408369e+00 6.295260e+01 2.095833e-01 3.8027e-04 2.1148e-03 -4.3146e-06 0.05225 8.41384e-01 8.70099e-01 8.77964e-01 1.46559e-02
0.400197 1.18266968e-01 1.24477873e-01 2.42744840e-01 -2.07286281e-04 1.06943465e+01 1.91754419e+00 1.26118907e-02 1.052516e+00 1.793045e-01 1.020397e+01 5.644885e+01 2.307048e-01 4.2029e-04 2.2918e-03 +2.9374e-06 0.05269 7.76179e-01 8.40312e-01 8.50566e-01 1.20257e-02
0.500246 1.17315624e-01 1.24235692e-01 2.41551316e-01 -2.89618335e-04 9.47010120e+00 2.14355114e+00 1.16136523e-02 1.058987e+00 2.263493e-01 1.148763e+01 5.326543e+01 2.202685e-01 4.3709e-04 2.4042e-03 -7.4418e-06 0.05251 7.15338e-01 8.12165e-01 8.26202e-01 1.06848e-02
0.600295 1.16165946e-01 1.24176018e-01 2.40341964e-01 -3.80282226e-04 8.66571123e+00 2.41000726e+00 1.10757185e-02 1.068954e+00 2.781084e-01 1.242015e+01 4.860137e+01 3.372757e-01 4.4467e-04 2.4824e-03 -8.8832e-06 0.05352 6.60252e-01 7.82663e-01 8.02290e-01 9.70952e-03
0.700344 1.14981384e-01 1.24317833e-01 2.39299217e-01 -4.72011194e-04 8.38895465e+00 2.72293271e+00 1.11118874e-02 1.081200e+00 3.245855e-01 1.336539e+01 4.784844e+01 3.061181e-01 4.5149e-04 2.5670e-03 -4.7408e-07 0.05392 6.19275e-01 7.57660e-01 7.83574e-01 9.53687e-03
0.800393 1.14193224e-01 1.24125185e-01 2.38318408e-01 -5.62887989e-04 7.94655860e+00 3.06143568e+00 1.10079943e-02 1.086975e+00 3.852530e-01 1.431108e+01 4.708938e+01 3.946263e-01 4.5865e-04 2.6573e-03 -5.5459e-06 0.05428 5.70245e-01 7.23806e-01 7.57923e-01 8.78233e-03
0.900442 1.13330230e-01 1.23699322e-01 2.37029552e-01 -6.56482067e-04 7.77490532e+00 3.44319410e+00 1.12180994e-02 1.091494e+00 4.428599e-01 1.533238e+01 4.725658e+01 4.642215e-01 4.6782e-04 2.7617e-03 -8.2069e-06 0.05529 5.29309e-01 6.91543e-01 7.34631e-01 8.51041e-03
1.000492 1.12780372e-01 1.23128894e-01 2.35909266e-01 -7.45967323e-04 7.88818640e+00 3.86853588e+00 1.17567223e-02 1.091758e+00 4.904215e-01 1.611983e+01 4.769812e+01 3.939576e-01 4.8204e-04 2.8872e-03 -7.6582e-06 0.05611 4.97886e-01 6.62577e-01 7.14932e-01 8.58018e-03
1.100541 1.12539311e-01 1.22287405e-01 2.34826716e-01 -8.18708563e-04 7.96639473e+00 4.34147386e+00 1.23078686e-02 1.086619e+00 5.449735e-01 1.665449e+01 5.056815e+01 4.311570e-01 5.0224e-04 3.0292e-03 -6.8019e-06 0.05709 4.62884e-01 6.28150e-01 6.91107e-01 8.46236e-03
1.200590 1.12442382e-01 1.21066094e-01 2.33508476e-01 -8.92066164e-04 7.98119078e+00 4.87910156e+00 1.28602923e-02 1.076694e+00 6.113250e-01 1.697896e+01 5.175230e+01 5.050302e-01 5.3089e-04 3.2033e-03 -3.8093e-06 0.05759 4.22866e-01 5.87191e-01 6.61903e-01 8.05826e-03
1.300639 1.12742524e-01 1.19382782e-01 2.32125306e-01 -9.30772219e-04 8.25346450e+00 5.47207913e+00 1.37255436e-02 1.058898e+00 6.630039e-01 1.698467e+01 5.130816e+01 4.482145e-01 5.7600e-04 3.4136e-03 -1.1798e-05 0.05700 3.91641e-01 5.49490e-01 6.34643e-01 7.98737e-03
1.400688 1.13226452e-01 1.17555033e-01 2.30781485e-01 -9.75243682e-04 8.55540982e+00 6.19410876e+00 1.47495186e-02 1.038229e+00 7.239991e-01 1.932849e+01 5.901913e+01 4.330583e-01 6.5770e-04 3.6480e-03 -1.1067e-05 0.05857 3.59107e-01 5.08504e-01 6.02991e-01 8.08323e-03
1.500737 1.13562121e-01 1.15614344e-01 2.29176465e-01 -9.74713116e-04 8.91658830e+00 7.09479104e+00 1.60113793e-02 1.018071e+00 7.956845e-01 2.444186e+01 5.833878e+01 4.780874e-01 8.0356e-04 3.9202e-03 -2.9321e-06 0.05703 3.26336e-01 4.65834e-01 5.67253e-01 8.16399e-03
1.600786 1.14249369e-01 1.13346808e-01 2.27596177e-01 -9.50134012e-04 9.12346499e+00 8.16206303e+00 1.72855280e-02 9.921001e-01 8.946232e-01 2.950032e+01 5.740365e+01 5.714256e-01 1.0275e-03 4.1803e-03 -1.0986e-05 0.05584 2.85143e-01 4.14870e-01 5.21031e-01 7.65191e-03
1.700836 1.14594196e-01 1.11080642e-01 2.25674838e-01 -9.08182223e-04 9.46448963e+00 9.50766413e+00 1.89721538e-02 9.693392e-01 1.004562e+00 3.397403e+01 5.784310e+01 5.301038e-01 1.3334e-03 4.4415e-03 -1.3139e-05 0.05482 2.49226e-01 3.67838e-01 4.74407e-01 7.53601e-03
1.800885 1.14815263e-01 1.08880234e-01 2.23695497e-01 -8.36435987e-04 9.91932215e+00 1.11817093e+01 2.11010314e-02 9.483080e-01 1.127265e+00 3.751323e+01 5.580277e+01 4.779179e-01 1.7371e-03 4.7177e-03 -7.6743e-06 0.05524 2.18863e-01 3.26251e-01 4.29547e-01 7.73500e-03
1.900934 1.14962328e-01 1.06546548e-01 2.21508876e-01 -7.16601918e-04 1.01193051e+01 1.30902050e+01 2.32095101e-02 9.267953e-01 1.293587e+00 4.443092e+01 5.298226e+01 4.744840e-01 2.2358e-03 4.9552e-03 -9.8840e-06 0.05799 1.83539e-01 2.81300e-01 3.80150e-01 7.26739e-03
2.000983 1.14903049e-01 1.04113610e-01 2.19016659e-01 -6.09845702e-04 1.03016738e+01 1.50927225e+01 2.53943962e-02 9.060996e-01 1.465075e+00 5.189092e+01 4.829031e+01 4.508137e-01 2.7731e-03 5.1943e-03 -1.0364e-05 0.05990 1.55003e-01 2.44233e-01 3.37748e-01 6.86860e-03
2.101032 1.14801154e-01 1.01506905e-01 2.16308059e-01 -4.34220900e-04 1.06007829e+01 1.68943739e+01 2.74951568e-02 8.841976e-01 1.593691e+00 5.864000e+01 4.223296e+01 3.618804e-01 3.2822e-03 5.3748e-03 -1.3354e-05 0.06086 1.36835e-01 2.18648e-01 3.06768e-01 6.92784e-03
2.201081 1.14753671e-01 9.87876414e-02 2.13541313e-01 -2.66587705e-04 1.07543980e+01 1.82698278e+01 2.90242257e-02 8.608669e-01 1.698824e+00 6.416095e+01 4.200958e+01 3.409509e-01 3.7289e-03 5.5601e-03 -1.2226e-05 0.05925 1.18787e-01 1.95172e-01 2.79625e-01 6.51761e-03
2.301131 1.14550876e-01 9.58892687e-02 2.10440145e-01 -5.57362708e-05 1.10125171e+01 1.90373640e+01 3.00498811e-02 8.370889e-01 1.728702e+00 6.776646e+01 3.568106e+01 3.965563e-01 4.0375e-03 5.7369e-03 -6.9441e-06 0.05654 1.06709e-01 1.78801e-01 2.60879e-01 6.28389e-03
2.401180 1.14653734e-01 9.27720762e-02 2.07425810e-01 1.92873654e-04 1.13686574e+01 1.91703784e+01 3.05390358e-02 8.091501e-01 1.686248e+00 6.899409e+01 3.609684e+01 4.379875e-01 4.1455e-03 5.8662e-03 -1.5161e-05 0.05740 9.83030e-02 1.66330e-01 2.46552e-01 6.18342e-03
2.501229 1.14671909e-01 8.96378146e-02 2.04309723e-01 4.61082582e-04 1.16501590e+01 1.90079946e+01 3.06581537e-02 7.816894e-01 1.631565e+00 6.885005e+01 3.430024e+01 4.144484e-01 4.0814e-03 6.0086e-03 -1.5561e-05 0.06001 8.84754e-02 1.52994e-01 2.32284e-01 5.77623e-03
2.601278 1.14592707e-01 8.65366700e-02 2.01129377e-01 7.59854374e-04 1.20778313e+01 1.87793320e+01 3.08571633e-02 7.551673e-01 1.554860e+00 6.758461e+01 3.293742e+01 4.176138e-01 3.9315e-03 6.1731e-03 -8.3520e-06 0.06092 8.40383e-02 1.44936e-01 2.23117e-01 5.87275e-03
2.701327 1.14766678e-01 8.33366720e-02 1.98103350e-01 1.10122309e-03 1.24228389e+01 1.84626834e+01 3.08855223e-02 7.261400e-01 1.486189e+00 6.520776e+01 3.410834e+01 4.235428e-01 3.7589e-03 6.2190e-03 -1.3777e-05 0.06130 7.86886e-02 1.35765e-01 2.12559e-01 5.61771e-03
2.801376 1.14731664e-01 8.01527525e-02 1.94884417e-01 1.41304778e-03 1.27135092e+01 1.81715102e+01 3.08850194e-02 6.986106e-01 1.429307e+00 6.220140e+01 3.345435e+01 3.992984e-01 3.6323e-03 6.3473e-03 -1.5559e-05 0.06272 7.29996e-02 1.26511e-01 2.02017e-01 5.47476e-03
2.901426 1.14668295e-01 7.70689940e-02 1.91737289e-01 1.76518831e-03 1.31633472e+01 1.78894313e+01 3.10527784e-02 6.721038e-01 1.359034e+00 5.876861e+01 3.604725e+01 3.813699e-01 3.5813e-03 6.5885e-03 -1.3427e-05 0.06314 7.26885e-02 1.22701e-01 1.96548e-01 5.66269e-03
3.001475 1.14549037e-01 7.41304697e-02 1.88679507e-01 2.09682808e-03 1.34714024e+01 1.76562937e+01 3.11276961e-02 6.471505e-01 1.310650e+00 5.502624e+01 3.862617e+01 3.736834e-01 3.6259e-03 7.1189e-03 -1.3962e-05 0.06355 6.81180e-02 1.15036e-01 1.87306e-01 5.35491e-03
3.101524 1.14127448e-01 7.12908302e-02 1.85418278e-01 2.40809313e-03 1.38650104e+01 1.75392176e+01 3.14042280e-02 6.246598e-01 1.264999e+00 5.120917e+01 4.058452e+01 3.674572e-01 3.7628e-03 7.8733e-03 -1.2145e-05 0.06319 6.65454e-02 1.10588e-01 1.81264e-01 5.36627e-03
3.201573 1.13590771e-01 6.86428131e-02 1.82233584e-01 2.74046569e-03 1.43445370e+01 1.75341940e+01 3.18787310e-02 6.042992e-01 1.222360e+00 5.207964e+01 4.204709e+01 3.472345e-01 3.9295e-03 8.4625e-03 -1.7400e-05 0.06232 6.80958e-02 1.09241e-01 1.77940e-01 5.69849e-03
3.301622 1.12811173e-01 6.62420921e-02 1.79053265e-01 3.03658572e-03 1.45408005e+01 1.77179310e+01 3.22587315e-02 5.871944e-01 1.218498e+00 6.158128e+01 4.284655e+01 3.213727e-01 4.1581e-03 8.7058e-03 -1.6702e-05 0.06191 6.30342e-02 1.01924e-01 1.69626e-01 5.29006e-03
3.401671 1.11582106e-01 6.40446527e-02 1.75626759e-01 3.33611610e-03 1.48659661e+01 1.81382552e+01 3.30042213e-02 5.739688e-01 1.220120e+00 7.010075e+01 4.291847e+01 3.091058e-01 4.5325e-03 8.6954e-03 -1.0490e-05 0.05997 6.42645e-02 1.00892e-01 1.68058e-01 5.70027e-03
3.501720 1.10372330e-01 6.19841964e-02 1.72356526e-01 3.64990437e-03 1.50362807e+01 1.86623520e+01 3.36986327e-02 5.615918e-01 1.241155e+00 8.054675e+01 4.232799e+01 3.018461e-01 5.2760e-03 8.4004e-03 -1.7483e-05 0.05743 6.36406e-02 9.81170e-02 1.65336e-01 5.54601e-03
3.601770 1.08784120e-01 6.00832352e-02 1.68867355e-01 3.94491680e-03 1.50181711e+01 1.92130345e+01 3.42312056e-02 5.523162e-01 1.279319e+00 8.507133e+01 4.048759e+01 2.781805e-01 6.1471e-03 8.2188e-03 -1.8539e-05 0.05807 5.98854e-02 9.29221e-02 1.61423e-01 5.33638e-03
3.701819 1.06998601e-01 5.83196923e-02 1.65318293e-01 4.25362961e-03 1.52278377e+01 1.95984654e+01 3.48263031e-02 5.450510e-01 1.287016e+00 8.213888e+01 3.805803e+01 2.652843e-01 6.6198e-03 8.1858e-03 -1.3119e-05 0.05666 6.37186e-02 9.60530e-02 1.65921e-01 5.90442e-03
3.801868 1.05203249e-01 5.66433082e-02 1.61846557e-01 4.56439091e-03 1.52131930e+01 1.96343112e+01 3.48475042e-02 5.384179e-01 1.290611e+00 7.141858e+01 3.655494e+01 2.589291e-01 6.6238e-03 8.3304e-03 -1.6227e-05 0.06050 6.24879e-02 9.56374e-02 1.67193e-01 5.58794e-03
3.901917 1.03249686e-01 5.50224668e-02 1.58272153e-01 4.83209317e-03 1.51344049e+01 1.94225005e+01 3.45569055e-02 5.329069e-01 1.283334e+00 5.473403e+01 3.367059e+01 2.713378e-01 5.8435e-03 8.8220e-03 -1.6708e-05 0.06350 6.07359e-02 9.63895e-02 1.70107e-01 5.34621e-03
4.001966 1.01248848e-01 5.35107148e-02 1.54759563e-01 5.13326229e-03 1.53262912e+01 1.93201225e+01 3.46464137e-02 5.285069e-01 1.260587e+00 4.188955e+01 3.915280e+01 2.833047e-01 4.6736e-03 9.2652e-03 -1.7493e-05 0.06125 6.75449e-02 1.06189e-01 1.80844e-01 6.04205e-03
4.102015 9.92015664e-02 5.20871322e-02 1.51288699e-01 5.40899880e-03 1.51398176e+01 1.94792419e+01 3.46190596e-02 5.250636e-01 1.286623e+00 4.244673e+01 3.831882e+01 3.078203e-01 4.4830e-03 9.4877e-03 -1.7287e-05 0.05834 6.45816e-02 1.07055e-01 1.82769e-01 5.49703e-03
4.202065 9.70039203e-02 5.06793803e-02 1.47683301e-01 5.69223392e-03 1.51396409e+01 1.98854268e+01 3.50250677e-02 5.224467e-01 1.313468e+00 5.751272e+01 3.781766e+01 3.293304e-01 4.7260e-03 9.4401e-03 -1.3659e-05 0.05757 6.72743e-02 1.13845e-01 1.90710e-01 5.69312e-03
4.302114 9.48614960e-02 4.92771962e-02 1.44138692e-01 5.98633643e-03 1.52229174e+01 2.03796771e+01 3.56025945e-02 5.194647e-01 1.338750e+00 6.752070e+01 3.672549e+01 3.347705e-01 5.1364e-03 8.9833e-03 -1.9723e-05 0.05696 7.29677e-02 1.23773e-01 2.02789e-01 5.78653e-03
4.402163 9.26286309e-02 4.78772323e-02 1.40505863e-01 6.26913037e-03 1.51929350e+01 2.07835662e+01 3.59765012e-02 5.168729e-01 1.367976e+00 6.636167e+01 3.921626e+01 3.178364e-01 5.5819e-03 8.5034e-03 -1.9688e-05 0.05692 7.83688e-02 1.32423e-01 2.13804e-01 5.64999e-03
4.502212 9.02693891e-02 4.64728465e-02 1.36742236e-01 6.53609521e-03 1.53724949e+01 2.08994394e+01 3.62719342e-02 5.148240e-01 1.359535e+00 6.110558e+01 4.383925e+01 3.076052e-01 5.8216e-03 8.0030e-03 -1.3607e-05 0.05583 9.11435e-02 1.46428e-01 2.28702e-01 6.11933e-03
4.602261 8.80488586e-02 4.50721026e-02 1.33120961e-01 6.79596864e-03 1.54949852e+01 2.05970802e+01 3.60920653e-02 5.118988e-01 1.329274e+00 5.620093e+01 6.716395e+01 3.055719e-01 5.7742e-03 7.7993e-03 -1.8850e-05 0.05565 9.94197e-02 1.55245e-01 2.37146e-01 6.03108e-03
4.702310 8.56987473e-02 4.37283069e-02 1.29427054e-01 6.99516141e-03 1.54216581e+01 2.01154300e+01 3.55370881e-02 5.102561e-01 1.304362e+00 5.217322e+01 8.239408e+01 3.014514e-01 5.5772e-03 8.3185e-03 -1.9836e-05 0.05713 1.01888e-01 1.57854e-01 2.39262e-01 5.91417e-03
4.802359 8.33280421e-02 4.24826057e-02 1.25810648e-01 7.18786797e-03 1.54853503e+01 1.96034567e+01 3.50888070e-02 5.098236e-01 1.265936e+00 5.003261e+01 7.915180e+01 2.778468e-01 5.4609e-03 8.9901e-03 -1.6769e-05 0.05748 1.09570e-01 1.64817e-01 2.44742e-01 6.48973e-03
4.902409 8.09668775e-02 4.13200983e-02 1.22286976e-01 7.35037800e-03 1.51655979e+01 1.90741388e+01 3.42397367e-02 5.103334e-01 1.257724e+00 5.299878e+01 8.072664e+01 2.643822e-01 5.3503e-03 9.4396e-03 -1.8346e-05 0.05663 1.09158e-01 1.64304e-01 2.43226e-01 6.11863e-03
5.002458 7.86198191e-02 4.02067631e-02 1.18826582e-01 7.49400303e-03 1.48191779e+01 1.84848381e+01 3.33040160e-02 5.114075e-01 1.247359e+00 5.520865e+01 7.619758e+01 2.548018e-01 5.2508e-03 9.7040e-03 -1.7359e-05 0.05535 1.09741e-01 1.65240e-01 2.44011e-01 6.02301e-03
5.102507 7.63299093e-02 3.91499029e-02 1.15479812e-01 7.64473382e-03 1.45461514e+01 1.78217866e+01 3.23679380e-02 5.129038e-01 1.225189e+00 5.531824e+01 6.279151e+01 2.500774e-01 5.2225e-03 9.7836e-03 -2.0394e-05 0.05353 1.13150e-01 1.68878e-01 2.48225e-01 6.22813e-03
5.202556 7.41029613e-02 3.81580314e-02 1.12260993e-01 7.78019430e-03 1.40313687e+01 1.71377363e+01 3.11691049e-02 5.149326e-01 1.221387e+00 5.314155e+01 5.589100e+01 2.593390e-01 5.1724e-03 9.6213e-03 -2.0248e-05 0.05182 1.09931e-01 1.66466e-01 2.49425e-01 5.89301e-03
5.302605 7.18637407e-02 3.72215039e-02 1.09085245e-01 7.90983360e-03 1.36701910e+01 1.65250212e+01 3.01952122e-02 5.179455e-01 1.208836e+00 5.008922e+01 5.793418e+01 2.766603e-01 4.9985e-03 9.2749e-03 -1.5670e-05 0.05065 1.10639e-01 1.67923e-01 2.56395e-01 5.91198e-03
5.402654 6.98039627e-02 3.63011315e-02 1.06105094e-01 8.05887369e-03 1.33168881e+01 1.59880762e+01 2.93049643e-02 5.200440e-01 1.200587e+00 4.791345e+01 5.773426e+01 2.913925e-01 4.7684e-03 8.9179e-03 -2.1545e-05 0.04951 1.10889e-01 1.69244e-01 2.63378e-01 5.69773e-03
5.502704 6.77463712e-02 3.54162480e-02 1.03162619e-01 8.18983431e-03 1.27804389e+01 1.55760002e+01 2.83564390e-02 5.227770e-01 1.218738e+00 4.497602e+01 5.300731e+01 2.998182e-01 4.5815e-03 8.7209e-03 -2.2116e-05 0.04790 1.05029e-01 1.65805e-01 2.65914e-01 5.47735e-03
5.602753 6.57299823e-02 3.45496268e-02 1.00279609e-01 8.33130862e-03 1.24767682e+01 1.52258469e+01 2.77026151e-02 5.256296e-01 1.220336e+00 4.325085e+01 5.105923e+01 3.106849e-01 4.5047e-03 8.5819e-03 -1.7187e-05 0.04642 1.06343e-01 1.69603e-01 2.74223e-01 5.69542e-03
5.702802 6.38747218e-02 3.36549982e-02 9.75297200e-02 8.47471098e-03 1.20438163e+01 1.48527843e+01 2.68966006e-02 5.268907e-01 1.233229e+00 5.189972e+01 4.881153e+01 3.209074e-01 4.4849e-03 8.3374e-03 -2.0823e-05 0.04630 1.03399e-01 1.69116e-01 2.77438e-01 5.36520e-03
5.802851 6.20817218e-02 3.27493279e-02 9.48310498e-02 8.59859188e-03 1.15489782e+01 1.44570324e+01 2.60060107e-02 5.275196e-01 1.251802e+00 5.363881e+01 4.662907e+01 3.175406e-01 4.4792e-03 7.9928e-03 -2.1227e-05 0.04597 9.85055e-02 1.66617e-01 2.78110e-01 5.07429e-03
5.902900 6.03822437e-02 3.18355793e-02 9.22178230e-02 8.73929835e-03 1.12888762e+01 1.40167497e+01 2.53056259e-02 5.272341e-01 1.241643e+00 5.246869e+01 4.446941e+01 3.018025e-01 4.4591e-03 7.6088e-03 -2.0497e-05 0.04542 1.02075e-01 1.71432e-01 2.83785e-01 5.43552e-03
6.002949 5.87729093e-02 3.09174109e-02 8.96903202e-02 8.86054786e-03 1.07951521e+01 1.35507478e+01 2.43458999e-02 5.260487e-01 1.255262e+00 5.195618e+01 4.107433e+01 2.975970e-01 4.4329e-03 7.2340e-03 -2.1134e-05 0.04502 9.73528e-02 1.67961e-01 2.80621e-01 5.00583e-03
6.102998 5.72447686e-02 3.00069779e-02 8.72517466e-02 8.96026607e-03 1.04039577e+01 1.31176538e+01 2.35216115e-02 5.241873e-01 1.260833e+00 5.102262e+01 4.043326e+01 2.948474e-01 4.3316e-03 6.9052e-03 -1.8629e-05 0.04491 9.60234e-02 1.66888e-01 2.77994e-01 4.91331e-03
6.203048 5.58189505e-02 2.90879481e-02 8.49068987e-02 9.06984159e-03 1.00811027e+01 1.27022317e+01 2.27833344e-02 5.211124e-01 1.260004e+00 5.315836e+01 3.912405e+01 2.864741e-01 4.2637e-03 6.6940e-03 -2.2752e-05 0.04443 9.65974e-02 1.66364e-01 2.74084e-01 4.81827e-03
6.303097 5.44518728e-02 2.81889753e-02 8.26408481e-02 9.14224817e-03 9.67337386e+00 1.23044333e+01 2.19778072e-02 5.176861e-01 1.271990e+00 5.563402e+01 3.620334e+01 2.789916e-01 4.3193e-03 6.5657e-03 -2.2734e-05 0.04359 9.32523e-02 1.61863e-01 2.66046e-01 4.72372e-03
6.403146 5.30920736e-02 2.73160208e-02 8.04080944e-02 9.19865333e-03 9.34356524e+00 1.18748175e+01 2.12183828e-02 5.145028e-01 1.270909e+00 5.130882e+01 3.763053e+01 2.854443e-01 4.4001e-03 6.5143e-03 -1.7801e-05 0.04290 9.28746e-02 1.59939e-01 2.60347e-01 4.65293e-03
6.503195 5.18844945e-02 2.64475635e-02 7.83320579e-02 9.25293089e-03 9.03784192e+00 1.13775785e+01 2.04154204e-02 5.097393e-01 1.258882e+00 4.162281e+01 3.829468e+01 2.888901e-01 4.3812e-03 6.5396e-03 -2.2599e-05 0.04219 9.26523e-02 1.57470e-01 2.53843e-01 4.47834e-03
6.603244 5.06643833e-02 2.56265736e-02 7.62909568e-02 9.26592605e-03 8.66711203e+00 1.08991086e+01 1.95662206e-02 5.058104e-01 1.257525e+00 3.362162e+01 3.663952e+01 2.887828e-01 4.2289e-03 6.5498e-03 -2.3126e-05 0.04144 8.80925e-02 1.50839e-01 2.43738e-01 4.20924e-03
6.703293 4.94702036e-02 2.48576532e-02 7.43278568e-02 9.27915550e-03 8.48599976e+00 1.04669299e+01 1.89529297e-02 5.024773e-01 1.233435e+00 3.099981e+01 3.929612e+01 2.916092e-01 3.9675e-03 6.5230e-03 -1.9666e-05 0.04031 9.10511e-02 1.51093e-01 2.39593e-01 4.49629e-03
6.803343 4.83243042e-02 2.41209691e-02 7.24452733e-02 9.27471023e-03 8.17044866e+00 1.00606959e+01 1.82311446e-02 4.991478e-01 1.231352e+00 3.044903e+01 3.717549e+01 3.051669e-01 3.7511e-03 6.4205e-03 -2.1825e-05 0.03862 8.65511e-02 1.44295e-01 2.28922e-01 4.10527e-03
6.903392 4.72022313e-02 2.34317117e-02 7.06339431e-02 9.24339342e-03 7.90445241e+00 9.68235644e+00 1.75868089e-02 4.964111e-01 1.224924e+00 3.015127e+01 3.687333e+01 3.131263e-01 3.7345e-03 6.2362e-03 -2.1146e-05 0.03873 8.41664e-02 1.39763e-01 2.21108e-01 3.97470e-03
7.003441 4.60968399e-02 2.27782146e-02 6.88750545e-02 9.21638829e-03 7.71429270e+00 9.30574406e+00 1.70200368e-02 4.941383e-01 1.206299e+00 2.932683e+01 3.660587e+01 3.121261e-01 3.8265e-03 6.1389e-03 -2.2280e-05 0.04063 8.58210e-02 1.39317e-01 2.18076e-01 4.02768e-03
7.103490 4.50185015e-02 2.21665154e-02 6.71850169e-02 9.16478916e-03 7.44908307e+00 8.93164922e+00 1.63807323e-02 4.923868e-01 1.199027e+00 2.792798e+01 3.440978e+01 3.091676e-01 3.9249e-03 6.2136e-03 -2.2513e-05 0.04232 8.36108e-02 1.35763e-01 2.13483e-01 3.92782e-03
7.203539 4.39383314e-02 2.15989551e-02 6.55372865e-02 9.09517358e-03 7.20202744e+00 8.56955894e+00 1.57715864e-02 4.915743e-01 1.189881e+00 2.576868e+01 3.314466e+01 3.056115e-01 3.9539e-03 6.3495e-03 -1.9009e-05 0.04232 8.26422e-02 1.33810e-01 2.11561e-01 3.77413e-03
7.303588 4.29356753e-02 2.10508548e-02 6.39865301e-02 9.03224134e-03 7.00853036e+00 8.22266209e+00 1.52311924e-02 4.902882e-01 1.173236e+00 2.616391e+01 3.192598e+01 3.002104e-01 3.9220e-03 6.4284e-03 -2.3430e-05 0.04117 8.46882e-02 1.34673e-01 2.12654e-01 3.74042e-03
7.403638 4.19293670e-02 2.05413143e-02 6.24706814e-02 8.94236736e-03 6.73948898e+00 7.92119760e+00 1.46606866e-02 4.899028e-01 1.175341e+00 2.845175e+01 3.011367e+01 2.964244e-01 3.9073e-03 6.4184e-03 -2.3663e-05 0.04026 8.16875e-02 1.31022e-01 2.09986e-01 3.59404e-03
7.503687 4.09179544e-02 2.00654770e-02 6.09834313e-02 8.85341796e-03 6.56325942e+00 7.65593634e+00 1.42191958e-02 4.903832e-01 1.166484e+00 2.937212e+01 2.976847e+01 2.912957e-01 3.8878e-03 6.3699e-03 -1.9257e-05 0.03875 8.40459e-02 1.32745e-01 2.12260e-01 3.67307e-03
7.603736 3.99961174e-02 1.95930393e-02 5.95891567e-02 8.76264229e-03 6.33743621e+00 7.40500653e+00 1.37424427e-02 4.898735e-01 1.168455e+00 2.794896e+01 2.817325e+01 2.862790e-01 3.8161e-03 6.2766e-03 -2.2902e-05 0.03847 8.25818e-02 1.30963e-01 2.11085e-01 3.44682e-03
7.703785 3.90703579e-02 1.91436356e-02 5.82139935e-02 8.65189689e-03 6.10648126e+00 7.17608347e+00 1.32825647e-02 4.899785e-01 1.175159e+00 3.205228e+01 2.618186e+01 2.787861e-01 3.7630e-03 6.2332e-03 -2.3151e-05 0.03751 8.04183e-02 1.28672e-01 2.09289e-01 3.32821e-03
7.803834 3.81737825e-02 1.87096008e-02 5.68833833e-02 8.54742856e-03 5.94492887e+00 6.95176389e+00 1.28966928e-02 4.901165e-01 1.169360e+00 3.805743e+01 2.841235e+01 2.666485e-01 3.8145e-03 6.1806e-03 -2.1461e-05 0.03696 8.28932e-02 1.30612e-01 2.11040e-01 3.42161e-03
7.903883 3.73157961e-02 1.82823763e-02 5.55981724e-02 8.43604365e-03 5.71105157e+00 6.71172282e+00 1.24227744e-02 4.899367e-01 1.175217e+00 3.969443e+01 2.833977e+01 2.658231e-01 3.8660e-03 6.1029e-03 -2.2745e-05 0.03596 7.99181e-02 1.27176e-01 2.07609e-01 3.20108e-03
8.003932 3.64913529e-02 1.78731436e-02 5.43644965e-02 8.31303370e-03 5.49360077e+00 6.46206198e+00 1.19556628e-02 4.897912e-01 1.176289e+00 3.769194e+01 2.842701e+01 2.695310e-01 3.8055e-03 6.0209e-03 -2.1055e-05 0.03501 7.78812e-02 1.24639e-01 2.04858e-01 3.09871e-03
8.103982 3.57055900e-02 1.74697404e-02 5.31753304e-02 8.20233360e-03 5.32757458e+00 6.21070091e+00 1.15382755e-02 4.892719e-01 1.165765e+00 3.337273e+01 2.935053e+01 2.721304e-01 3.6679e-03 5.8742e-03 -2.3534e-05 0.03435 7.92336e-02 1.25225e-01 2.04542e-01 3.08744e-03
8.204031 3.49508308e-02 1.70833822e-02 5.20342130e-02 8.08367318e-03 5.10718487e+00 5.97884397e+00 1.10860288e-02 4.887833e-01 1.170673e+00 2.808961e+01 2.830933e+01 2.813831e-01 3.5243e-03 5.7059e-03 -2.3745e-05 0.03338 7.52480e-02 1.20810e-01 1.99651e-01 2.91860e-03
8.304080 3.41904031e-02 1.67176099e-02 5.09080130e-02 7.97083288e-03 4.94107163e+00 5.77165063e+00 1.07127223e-02 4.889562e-01 1.168097e+00 2.337964e+01 2.906015e+01 3.004353e-01 3.4252e-03 5.5852e-03 -1.9867e-05 0.03323 7.47644e-02 1.19768e-01 1.97920e-01 2.87532e-03
8.404129 3.35173997e-02 1.63478954e-02 4.98652951e-02 7.87003210e-03 4.79360236e+00 5.57518090e+00 1.03687833e-02 4.877435e-01 1.163046e+00 2.394097e+01 2.831579e+01 3.194042e-01 3.3877e-03 5.4561e-03 -2.3967e-05 0.03287 7.46732e-02 1.18850e-01 1.95865e-01 2.83060e-03
8.504178 3.28318446e-02 1.59962556e-02 4.88281002e-02 7.76329474e-03 4.61605244e+00 5.39385065e+00 1.00099031e-02 4.872177e-01 1.168499e+00 2.438580e+01 2.733941e+01 3.299064e-01 3.3642e-03 5.3919e-03 -2.4307e-05 0.03276 7.08939e-02 1.14449e-01 1.90718e-01 2.64585e-03
8.604227 3.21578623e-02 1.56597512e-02 4.78176135e-02 7.66966363e-03 4.50932960e+00 5.22322358e+00 9.73255318e-03 4.869649e-01 1.158315e+00 2.467150e+01 2.694117e+01 3.385260e-01 3.3127e-03 5.3304e-03 -2.0899e-05 0.03150 7.29583e-02 1.15548e-01 1.90649e-01 2.78123e-03
8.704277 3.15333517e-02 1.53226039e-02 4.68559556e-02 7.58375191e-03 4.35945235e+00 5.05688354e+00 9.41633588e-03 4.859174e-01 1.159981e+00 2.486597e+01 2.445523e+01 3.463921e-01 3.2439e-03 5.2207e-03 -2.3481e-05 0.03042 7.02157e-02 1.11895e-01 1.85984e-01 2.54015e-03
8.804326 3.09198762e-02 1.50018100e-02 4.59216862e-02 7.49357722e-03 4.21622568e+00 4.90364487e+00 9.11987054e-03 4.851834e-01 1.163041e+00 2.508498e+01 2.474046e+01 3.455311e-01 3.1748e-03 5.1165e-03 -2.3112e-05 0.02988 6.75405e-02 1.08313e-01 1.81446e-01 2.47443e-03
8.904375 3.03198913e-02 1.46877447e-02 4.50076359e-02 7.41667807e-03 4.12528575e+00 4.75954973e+00 8.88483548e-03 4.844260e-01 1.153750e+00 2.512362e+01 2.428113e+01 3.382565e-01 3.1091e-03 4.9603e-03 -2.3028e-05 0.02955 6.96375e-02 1.09229e-01 1.81091e-01 2.58030e-03
9.004424 2.97439758e-02 1.43781461e-02 4.41221219e-02 7.34056069e-03 3.98459471e+00 4.62157834e+00 8.60617305e-03 4.833969e-01 1.159862e+00 2.478552e+01 2.515977e+01 3.335336e-01 3.0551e-03 4.7727e-03 -2.3810e-05 0.02913 6.58864e-02 1.04617e-01 1.75816e-01 2.35962e-03
9.104473 2.91758151e-02 1.40837314e-02 4.32595465e-02 7.26462734e-03 3.86346469e+00 4.49152349e+00 8.35498818e-03 4.827194e-01 1.162564e+00 2.428407e+01 2.285082e+01 3.280377e-01 3.0054e-03 4.5870e-03 -2.1286e-05 0.02858 6.39215e-02 1.01828e-01 1.72562e-01 2.31906e-03
9.204522 2.86506953e-02 1.37853650e-02 4.24360603e-02 7.19984753e-03 3.77933894e+00 4.36162008e+00 8.14095902e-03 4.811529e-01 1.154070e+00 2.385600e+01 2.199913e+01 3.183129e-01 2.9459e-03 4.3595e-03 -2.4441e-05 0.02819 6.57721e-02 1.02657e-01 1.72662e-01 2.40655e-03
9.304571 2.81284097e-02 1.34974985e-02 4.16259082e-02 7.13007789e-03 3.64681650e+00 4.23811332e+00 7.88492982e-03 4.798529e-01 1.162141e+00 2.378056e+01 2.428730e+01 3.060818e-01 2.8906e-03 4.1441e-03 -2.4712e-05 0.02822 6.15485e-02 9.78959e-02 1.67876e-01 2.16697e-03
9.404621 2.75998428e-02 1.32228272e-02 4.08226700e-02 7.06718124e-03 3.56302214e+00 4.12135097e+00 7.68437311e-03 4.790907e-01 1.156701e+00 2.393426e+01 2.304899e+01 2.975115e-01 2.8424e-03 3.9565e-03 -2.0990e-05 0.02780 6.27275e-02 9.84556e-02 1.68253e-01 2.32157e-03
9.504670 2.71314480e-02 1.29419751e-02 4.00734231e-02 7.00913747e-03 3.46622662e+00 4.00369778e+00 7.46992440e-03 4.770101e-01 1.155059e+00 2.400788e+01 2.213512e+01 2.901936e-01 2.7930e-03 3.7756e-03 -2.4425e-05 0.02789 6.19103e-02 9.71599e-02 1.66806e-01 2.14825e-03
9.604719 2.66536610e-02 1.26747364e-02 3.93283974e-02 6.94580435e-03 3.35510149e+00 3.89190645e+00 7.24700793e-03 4.755345e-01 1.159997e+00 2.389737e+01 2.286143e+01 2.819300e-01 2.7379e-03 3.6381e-03 -2.4613e-05 0.02786 5.89172e-02 9.40513e-02 1.63872e-01 2.02259e-03
9.704768 2.61827240e-02 1.24160512e-02 3.85987752e-02 6.88867098e-03 3.29637453e+00 3.78384300e+00 7.08021753e-03 4.742078e-01 1.147880e+00 2.369036e+01 2.175608e+01 2.774091e-01 2.6697e-03 3.5278e-03 -2.2448e-05 0.02771 6.26375e-02 9.75108e-02 1.67174e-01 2.25535e-03
9.804817 2.57366658e-02 1.21563518e-02 3.78930176e-02 6.83371976e-03 3.19528153e+00 3.67625661e+00 6.87153814e-03 4.723359e-01 1.150527e+00 2.338023e+01 2.179796e+01 2.756239e-01 2.5963e-03 3.4438e-03 -2.4212e-05 0.02731 6.05274e-02 9.54786e-02 1.65387e-01 2.03610e-03
9.904866 2.53029766e-02 1.19113851e-02 3.72143617e-02 6.77344199e-03 3.09713128e+00 3.57454088e+00 6.67167216e-03 4.707504e-01 1.154146e+00 2.297542e+01 2.049751e+01 2.714937e-01 2.5276e-03 3.4027e-03 -2.3081e-05 0.02686 5.85500e-02 9.36628e-02 1.63936e-01 1.95250e-03
9.999999 2.48998016e-02 1.16803666e-02 3.65801682e-02 6.72367286e-03 3.05348400e+00 3.47856545e+00 6.53204946e-03 4.690948e-01 1.139212e+00 2.256669e+01 1.929702e+01 2.636391e-01 2.4737e-03 3.3813e-03 -2.4020e-05 0.02670 6.35326e-02 9.84539e-02 1.68511e-01 2.17855e-03
