# tg_mhd (CUDA FP64)  tgc_noslip_cond_n192_re250_drive0.2_bdrive0.1  N=192 L=192 Re=250 Pm=1 u0=0.05 nu_lat=1.215944e-02 eta_lat=1.215944e-02 tau_f=0.536478 tau_m=0.548638 dt=8.224065e-04 fw=profile
# t E_V E_M E_T H_C Omega_V Omega_M eps EM/EV OmM/OmV j_max w_max skew divb/j divb_wall/j mass_drift umax_lat fw1 fw2 fw4 tau_wall
0.000000 1.22405591e-01 1.25000000e-01 2.47405591e-01 3.80359633e-20 2.66941541e+01 1.49945900e+00 2.25548905e-01 1.021195e+00 5.617181e-02 3.463243e+00 9.118036e+01 -9.566938e-19 2.8424e-15 6.1549e-15 +0.0000e+00 0.04998 9.38889e-01 9.44353e-01 9.55503e-01 1.77452e-01
0.250012 1.14247474e-01 1.28962730e-01 2.43210204e-01 -2.52274031e-04 4.10841105e+00 1.67607054e+00 4.62758527e-02 1.128802e+00 4.079608e-01 4.149212e+00 2.177267e+01 1.006509e-01 9.0825e-04 3.8851e-03 -8.9480e-06 0.05118 6.35733e-01 6.99641e-01 7.53252e-01 3.47025e-02
0.500023 1.13042671e-01 1.32478845e-01 2.45521516e-01 -6.44417249e-04 3.16967624e+00 1.99211558e+00 4.12943345e-02 1.171937e+00 6.284918e-01 4.959871e+00 1.730790e+01 2.026836e-01 1.0412e-03 4.6635e-03 -1.8886e-05 0.05002 4.78368e-01 5.90994e-01 6.66201e-01 2.58403e-02
0.750035 1.12926923e-01 1.34488486e-01 2.47415409e-01 -9.99750731e-04 2.95423739e+00 2.43096676e+00 4.30816332e-02 1.190934e+00 8.228745e-01 5.594365e+00 1.628471e+01 3.250153e-01 1.1123e-03 5.0660e-03 -2.0187e-05 0.05056 3.72683e-01 4.99625e-01 5.99978e-01 2.24194e-02
1.000046 1.13953346e-01 1.33598419e-01 2.47551765e-01 -1.01503904e-03 3.00754237e+00 2.99713682e+00 4.80374335e-02 1.172396e+00 9.965402e-01 6.473446e+00 1.607347e+01 4.134805e-01 1.2796e-03 5.3702e-03 -1.2052e-05 0.05025 2.92621e-01 4.18249e-01 5.41736e-01 2.07693e-02
1.250058 1.16321569e-01 1.28698548e-01 2.45020117e-01 -3.59281584e-04 3.23956213e+00 3.67978695e+00 5.53547926e-02 1.106403e+00 1.135890e+00 9.042214e+00 1.756930e+01 4.139916e-01 1.7273e-03 5.6273e-03 -4.0019e-06 0.04932 2.31488e-01 3.48323e-01 4.89552e-01 1.95878e-02
1.500069 1.19494098e-01 1.20065545e-01 2.39559644e-01 1.14816325e-03 3.48728504e+00 4.45085794e+00 6.35051439e-02 1.004782e+00 1.276310e+00 1.262378e+01 1.702177e+01 4.216411e-01 2.6993e-03 5.7093e-03 -3.1481e-06 0.04858 1.78925e-01 2.84072e-01 4.44802e-01 1.79110e-02
1.750081 1.22374752e-01 1.09151500e-01 2.31526252e-01 3.43207942e-03 3.67313231e+00 5.16329789e+00 7.06914416e-02 8.919446e-01 1.405693e+00 1.643003e+01 1.590620e+01 3.701157e-01 4.1737e-03 5.5160e-03 -1.1038e-05 0.05316 1.39819e-01 2.33329e-01 4.26485e-01 1.62596e-02
2.000092 1.24467516e-01 9.76350397e-02 2.22102556e-01 6.34199698e-03 3.77709652e+00 5.29243873e+00 7.25562821e-02 7.844219e-01 1.401192e+00 1.739282e+01 1.353859e+01 2.948428e-01 5.5767e-03 5.2899e-03 -2.0505e-05 0.05496 1.16988e-01 2.05226e-01 4.39232e-01 1.48768e-02
2.250104 1.25866430e-01 8.72175644e-02 2.13083995e-01 9.54070223e-03 3.86402407e+00 4.79603313e+00 6.92804576e-02 6.929375e-01 1.241202e+00 1.650614e+01 1.161094e+01 2.607295e-01 5.3953e-03 5.3271e-03 -2.6320e-05 0.05524 1.07783e-01 1.96746e-01 4.48731e-01 1.40580e-02
2.500116 1.26699165e-01 7.86065743e-02 2.05305740e-01 1.26425249e-02 3.91685490e+00 4.22902162e+00 6.51670121e-02 6.204190e-01 1.079698e+00 1.432379e+01 1.166384e+01 2.058092e-01 4.5513e-03 5.5126e-03 -2.6838e-05 0.05574 1.04405e-01 1.95735e-01 4.34808e-01 1.34915e-02
2.750127 1.26976507e-01 7.16480290e-02 1.98624536e-01 1.54348277e-02 3.92933991e+00 3.80415820e+00 6.18679849e-02 5.642621e-01 9.681418e-01 1.195485e+01 1.139957e+01 1.781260e-01 3.8935e-03 5.8472e-03 -2.5884e-05 0.05482 1.05003e-01 1.98307e-01 4.12634e-01 1.33307e-02
3.000139 1.26554034e-01 6.61492791e-02 1.92703313e-01 1.78926745e-02 3.89466634e+00 3.53905594e+00 5.94697783e-02 5.226959e-01 9.086930e-01 9.910250e+00 1.022068e+01 1.530088e-01 3.5879e-03 6.5528e-03 -2.6088e-05 0.05381 1.10673e-01 2.04347e-01 3.98129e-01 1.39098e-02
3.250150 1.25285414e-01 6.19123786e-02 1.87197793e-01 1.99803931e-02 3.85251997e+00 3.38221591e+00 5.78778870e-02 4.941707e-01 8.779230e-01 8.150887e+00 1.124107e+01 1.687184e-01 3.5147e-03 7.2902e-03 -2.7725e-05 0.05273 1.20694e-01 2.13328e-01 3.92740e-01 1.49006e-02
3.500162 1.23123597e-01 5.86044187e-02 1.81728016e-01 2.16392653e-02 3.83303723e+00 3.31485331e+00 5.71831243e-02 4.759804e-01 8.648111e-01 7.717882e+00 1.288441e+01 2.472071e-01 3.4574e-03 7.6226e-03 -2.8275e-05 0.05129 1.32167e-01 2.23495e-01 3.97509e-01 1.57304e-02
3.750173 1.20236182e-01 5.56639030e-02 1.75900085e-01 2.28804409e-02 3.82049511e+00 3.31943677e+00 5.71194550e-02 4.629547e-01 8.688499e-01 9.032289e+00 1.454130e+01 3.568204e-01 3.5066e-03 7.6672e-03 -2.7007e-05 0.04869 1.47052e-01 2.41037e-01 4.37826e-01 1.68909e-02
4.000185 1.16984527e-01 5.25959668e-02 1.69580493e-01 2.37268740e-02 3.82000250e+00 3.24931373e+00 5.65545299e-02 4.495976e-01 8.506051e-01 1.076977e+01 1.571477e+01 4.782672e-01 3.8217e-03 8.6483e-03 -2.4807e-05 0.04905 1.69719e-01 2.74118e-01 4.83311e-01 1.79194e-02
4.250197 1.13539819e-01 4.93927750e-02 1.62932594e-01 2.42856952e-02 3.93212304e+00 3.00525427e+00 5.54990185e-02 4.350260e-01 7.642829e-01 1.255352e+01 1.695024e+01 5.684152e-01 4.0144e-03 1.0567e-02 -2.3934e-05 0.04798 2.07665e-01 3.16691e-01 5.20749e-01 1.87756e-02
4.500208 1.09765831e-01 4.63811500e-02 1.56146981e-01 2.48288001e-02 4.04255230e+00 2.70541733e+00 5.39837571e-02 4.225463e-01 6.692350e-01 1.284746e+01 1.848762e+01 5.660488e-01 3.7391e-03 9.5901e-03 -2.5353e-05 0.04582 2.45173e-01 3.52640e-01 5.50056e-01 1.96349e-02
4.750220 1.05738235e-01 4.37901161e-02 1.49528351e-01 2.54395117e-02 3.99139944e+00 2.47183045e+00 5.17058392e-02 4.141370e-01 6.192892e-01 1.253529e+01 1.930687e+01 4.762995e-01 3.4018e-03 7.3787e-03 -2.8805e-05 0.04340 2.62699e-01 3.73077e-01 5.68584e-01 2.02397e-02
5.000231 1.01845518e-01 4.15240382e-02 1.43369557e-01 2.60323814e-02 3.76575964e+00 2.34583008e+00 4.88927178e-02 4.077159e-01 6.229368e-01 1.198777e+01 1.915857e+01 3.497441e-01 3.2068e-03 5.8561e-03 -3.2506e-05 0.04129 2.60998e-01 3.79524e-01 5.78104e-01 1.98829e-02
5.250243 9.85106425e-02 3.93200726e-02 1.37830715e-01 2.65311404e-02 3.46844225e+00 2.28437073e+00 4.60225038e-02 3.991454e-01 6.586158e-01 1.176230e+01 1.770698e+01 2.139292e-01 3.1123e-03 5.3113e-03 -3.5193e-05 0.03961 2.48506e-01 3.82219e-01 5.82356e-01 1.89212e-02
5.500254 9.60169819e-02 3.69790842e-02 1.32996066e-01 2.69363208e-02 3.17425633e+00 2.23468290e+00 4.32715138e-02 3.851307e-01 7.040020e-01 1.187275e+01 1.542344e+01 1.080417e-01 3.0666e-03 5.3340e-03 -3.6618e-05 0.04193 2.34549e-01 3.87851e-01 5.82872e-01 1.76418e-02
5.750266 9.44645985e-02 3.44785003e-02 1.28943099e-01 2.72784870e-02 2.91865128e+00 2.14718870e+00 4.05267198e-02 3.649886e-01 7.356784e-01 1.123689e+01 1.297504e+01 5.389880e-02 3.0761e-03 5.7499e-03 -3.7348e-05 0.04319 2.28243e-01 3.90106e-01 5.78062e-01 1.63694e-02
6.000277 9.37965822e-02 3.19973896e-02 1.25793972e-01 2.75619091e-02 2.70116128e+00 1.98551419e+00 3.74934037e-02 3.411360e-01 7.350595e-01 9.347379e+00 1.184279e+01 4.498240e-02 3.0809e-03 6.0285e-03 -3.7605e-05 0.04336 2.22882e-01 3.77903e-01 5.63728e-01 1.50382e-02
6.250289 9.38637278e-02 2.98078909e-02 1.23671619e-01 2.77779928e-02 2.53211661e+00 1.77321237e+00 3.44426318e-02 3.175656e-01 7.002886e-01 7.147112e+00 1.091941e+01 6.246717e-02 3.0293e-03 5.9876e-03 -3.7461e-05 0.04282 2.10910e-01 3.53075e-01 5.41386e-01 1.38993e-02
6.500301 9.45030997e-02 2.80769905e-02 1.22580090e-01 2.79479217e-02 2.40825817e+00 1.57290738e+00 3.18493244e-02 2.971013e-01 6.531307e-01 5.726203e+00 9.791110e+00 9.205469e-02 2.9325e-03 6.0064e-03 -3.6764e-05 0.04232 1.94354e-01 3.25285e-01 5.16775e-01 1.29595e-02
6.750312 9.55573651e-02 2.68100591e-02 1.22367424e-01 2.81209140e-02 2.33495574e+00 1.41794887e+00 3.00232368e-02 2.805651e-01 6.072701e-01 4.802465e+00 8.706199e+00 1.250691e-01 2.8281e-03 6.2622e-03 -3.5744e-05 0.04259 1.81042e-01 3.05107e-01 4.96834e-01 1.22750e-02
7.000324 9.68440887e-02 2.59421713e-02 1.22786260e-01 2.83605516e-02 2.31366397e+00 1.30670726e+00 2.89629698e-02 2.678756e-01 5.647783e-01 4.840264e+00 8.290277e+00 1.558701e-01 2.7333e-03 6.6524e-03 -3.4905e-05 0.04287 1.75549e-01 2.96689e-01 4.85792e-01 1.19110e-02
7.250335 9.81519323e-02 2.54087773e-02 1.23560710e-01 2.87281928e-02 2.33786369e+00 1.22754283e+00 2.85232522e-02 2.588719e-01 5.250703e-01 4.746177e+00 8.600267e+00 1.755414e-01 2.6669e-03 7.0206e-03 -3.4835e-05 0.04270 1.78449e-01 2.98629e-01 4.84251e-01 1.19341e-02
7.500347 9.92855307e-02 2.51562664e-02 1.24441797e-01 2.92630208e-02 2.38705395e+00 1.17271071e+00 2.84781173e-02 2.533729e-01 4.912795e-01 4.593003e+00 9.665563e+00 1.801880e-01 2.6759e-03 7.4156e-03 -3.5583e-05 0.04201 1.86748e-01 3.07277e-01 4.88738e-01 1.22545e-02
7.750358 1.00105622e-01 2.51264707e-02 1.25232093e-01 2.99718057e-02 2.44111212e+00 1.13588992e+00 2.86160164e-02 2.509996e-01 4.653166e-01 4.287252e+00 1.053347e+01 1.879132e-01 2.7934e-03 7.9465e-03 -3.6780e-05 0.04139 1.97760e-01 3.19007e-01 4.95732e-01 1.27853e-02
8.000370 1.00545869e-01 2.52509202e-02 1.25796789e-01 3.08377373e-02 2.49377766e+00 1.10911409e+00 2.88231340e-02 2.511383e-01 4.447526e-01 3.996151e+00 1.082250e+01 2.195340e-01 2.9074e-03 8.4874e-03 -3.7875e-05 0.04169 2.10691e-01 3.32167e-01 5.00806e-01 1.34867e-02
8.250382 1.00601820e-01 2.54559725e-02 1.26057793e-01 3.18031303e-02 2.55660910e+00 1.09121816e+00 2.91826180e-02 2.530369e-01 4.268225e-01 4.255738e+00 1.139952e+01 2.713215e-01 2.8858e-03 9.0017e-03 -3.8554e-05 0.04220 2.26196e-01 3.47193e-01 5.06063e-01 1.43147e-02
8.500393 1.00291300e-01 2.56743142e-02 1.25965614e-01 3.27126545e-02 2.62941236e+00 1.08825053e+00 2.97413031e-02 2.559974e-01 4.138759e-01 4.901791e+00 1.273114e+01 3.165418e-01 2.7755e-03 1.0228e-02 -3.8754e-05 0.04246 2.42306e-01 3.58776e-01 5.11923e-01 1.50243e-02
8.750405 9.96507552e-02 2.58736469e-02 1.25524402e-01 3.33512471e-02 2.68005756e+00 1.09192089e+00 3.01758276e-02 2.596433e-01 4.074244e-01 4.506193e+00 1.330156e+01 3.377955e-01 2.6595e-03 1.0783e-02 -3.8655e-05 0.04234 2.51872e-01 3.61822e-01 5.14489e-01 1.54167e-02
9.000416 9.87609518e-02 2.60832412e-02 1.24844193e-01 3.36078161e-02 2.68135376e+00 1.09423943e+00 3.02047455e-02 2.641048e-01 4.080922e-01 4.654585e+00 1.254110e+01 3.500748e-01 2.5290e-03 1.0170e-02 -3.8448e-05 0.04198 2.51632e-01 3.56844e-01 5.11348e-01 1.54441e-02
9.250428 9.77237884e-02 2.63235953e-02 1.24047384e-01 3.35004229e-02 2.64793664e+00 1.10779874e+00 3.00458831e-02 2.693673e-01 4.183630e-01 4.783981e+00 1.108940e+01 3.635489e-01 2.4464e-03 9.7858e-03 -3.8204e-05 0.04156 2.45733e-01 3.49273e-01 5.04400e-01 1.52712e-02
9.500439 9.66287136e-02 2.65357247e-02 1.23164438e-01 3.30689601e-02 2.60999490e+00 1.14276130e+00 3.00220496e-02 2.746153e-01 4.378404e-01 4.825960e+00 1.197732e+01 3.696469e-01 2.4374e-03 9.8955e-03 -3.7933e-05 0.04110 2.39210e-01 3.43933e-01 4.98253e-01 1.50596e-02
9.750451 9.55482137e-02 2.66150357e-02 1.22163249e-01 3.23513614e-02 2.58431636e+00 1.18799616e+00 3.01785001e-02 2.785508e-01 4.596946e-01 4.847911e+00 1.249277e+01 3.593173e-01 2.5273e-03 1.1268e-02 -3.7735e-05 0.04066 2.35798e-01 3.41117e-01 4.93880e-01 1.49270e-02
10.000462 9.45372082e-02 2.65004983e-02 1.21037706e-01 3.14222571e-02 2.57154769e+00 1.21575730e+00 3.02984399e-02 2.803182e-01 4.727726e-01 4.865805e+00 1.265084e+01 3.346246e-01 2.6374e-03 1.2428e-02 -3.7740e-05 0.04022 2.34818e-01 3.38974e-01 4.89622e-01 1.48693e-02
10.250474 9.36114213e-02 2.62401453e-02 1.19851567e-01 3.03856536e-02 2.56816109e+00 1.20395722e+00 3.01769465e-02 2.803092e-01 4.688013e-01 4.786279e+00 1.239461e+01 3.062165e-01 2.6853e-03 1.2260e-02 -3.8039e-05 0.03976 2.35018e-01 3.36949e-01 4.85383e-01 1.48357e-02
10.500486 9.27336180e-02 2.59667724e-02 1.18700390e-01 2.93379437e-02 2.56884738e+00 1.16747516e+00 2.98905803e-02 2.800147e-01 4.544743e-01 4.777414e+00 1.179291e+01 2.825298e-01 2.5865e-03 1.1189e-02 -3.8599e-05 0.03921 2.34855e-01 3.34066e-01 4.81303e-01 1.47931e-02
10.750497 9.18382726e-02 2.57905500e-02 1.17628823e-01 2.83421033e-02 2.56803354e+00 1.14105060e+00 2.96726732e-02 2.808257e-01 4.443285e-01 4.752950e+00 1.124326e+01 2.582145e-01 2.4179e-03 9.8443e-03 -3.9300e-05 0.03855 2.32795e-01 3.29259e-01 4.77267e-01 1.47485e-02
11.000509 9.08708635e-02 2.57552507e-02 1.16626114e-01 2.74192695e-02 2.56060754e+00 1.13383593e+00 2.95555478e-02 2.834269e-01 4.427996e-01 5.221255e+00 1.123035e+01 2.312258e-01 2.4200e-03 8.5281e-03 -3.9985e-05 0.03976 2.28659e-01 3.23445e-01 4.73959e-01 1.46988e-02
11.250520 8.98056663e-02 2.58534588e-02 1.15659125e-01 2.65779495e-02 2.54777787e+00 1.14286766e+00 2.95251642e-02 2.878823e-01 4.485743e-01 4.954414e+00 1.137150e+01 2.125867e-01 2.5238e-03 7.6774e-03 -4.0556e-05 0.04136 2.22969e-01 3.17683e-01 4.71059e-01 1.46416e-02
11.500532 8.86323525e-02 2.60377654e-02 1.14670118e-01 2.58408388e-02 2.53741951e+00 1.16815235e+00 2.96445748e-02 2.937727e-01 4.603702e-01 4.558733e+00 1.125904e+01 2.172512e-01 2.5952e-03 7.4890e-03 -4.0974e-05 0.04265 2.16755e-01 3.12980e-01 4.67442e-01 1.46049e-02
11.750543 8.73377901e-02 2.62431877e-02 1.13580978e-01 2.52245337e-02 2.53505677e+00 1.21112233e+00 2.99694328e-02 3.004792e-01 4.777496e-01 4.556062e+00 1.091829e+01 2.506078e-01 2.5633e-03 7.4471e-03 -4.1238e-05 0.04298 2.12039e-01 3.11155e-01 4.64132e-01 1.46335e-02
12.000555 8.59172010e-02 2.64069703e-02 1.12324171e-01 2.47038536e-02 2.53960616e+00 1.26359329e+00 3.04255956e-02 3.073537e-01 4.975548e-01 5.236367e+00 1.063245e+01 3.016407e-01 2.4592e-03 7.7489e-03 -4.1351e-05 0.04219 2.11336e-01 3.13300e-01 4.64032e-01 1.47143e-02
12.250567 8.43981326e-02 2.65012515e-02 1.10899384e-01 2.42124837e-02 2.54551774e+00 1.30050692e+00 3.07681973e-02 3.140028e-01 5.109007e-01 6.325089e+00 1.089828e+01 3.535400e-01 2.4483e-03 9.0302e-03 -4.1332e-05 0.04084 2.15230e-01 3.17686e-01 4.67426e-01 1.47986e-02
12.500578 8.28376159e-02 2.65689664e-02 1.09406582e-01 2.36835922e-02 2.54481236e+00 1.29384380e+00 3.07092493e-02 3.207355e-01 5.084240e-01 6.568131e+00 1.145088e+01 3.969979e-01 2.5716e-03 1.0205e-02 -4.1254e-05 0.03955 2.21109e-01 3.20835e-01 4.70192e-01 1.48641e-02
12.750590 8.13003808e-02 2.67000958e-02 1.08000477e-01 2.30695414e-02 2.52563430e+00 1.24829505e+00 3.01914348e-02 3.284129e-01 4.942501e-01 6.067768e+00 1.188416e+01 4.234758e-01 2.5667e-03 9.6165e-03 -4.1263e-05 0.03845 2.25292e-01 3.21135e-01 4.70839e-01 1.48689e-02
13.000601 7.98598731e-02 2.69386531e-02 1.06798526e-01 2.23462919e-02 2.48178827e+00 1.19533222e+00 2.94169640e-02 3.373240e-01 4.816415e-01 5.457573e+00 1.203549e+01 4.308786e-01 2.5775e-03 8.6877e-03 -4.1488e-05 0.03744 2.27346e-01 3.20455e-01 4.70917e-01 1.47648e-02
13.250613 7.85901813e-02 2.72501083e-02 1.05840290e-01 2.15089830e-02 2.42305363e+00 1.14985746e+00 2.85832887e-02 3.467368e-01 4.745489e-01 4.905313e+00 1.187882e+01 4.231292e-01 2.6988e-03 8.6788e-03 -4.1922e-05 0.03653 2.28794e-01 3.20837e-01 4.71015e-01 1.45992e-02
13.500624 7.75361680e-02 2.75720010e-02 1.05108169e-01 2.05673824e-02 2.36201054e+00 1.11154421e+00 2.77884379e-02 3.556018e-01 4.705924e-01 5.146990e+00 1.167002e+01 4.011384e-01 2.8203e-03 8.8966e-03 -4.2447e-05 0.03584 2.30294e-01 3.22329e-01 4.70601e-01 1.44406e-02
13.750636 7.67007044e-02 2.78514060e-02 1.04552110e-01 1.95416557e-02 2.30516060e+00 1.08000492e+00 2.70813242e-02 3.631180e-01 4.685161e-01 5.441640e+00 1.159041e+01 3.642446e-01 2.8633e-03 8.9007e-03 -4.2929e-05 0.03604 2.31932e-01 3.24154e-01 4.69033e-01 1.43318e-02
14.000647 7.60507677e-02 2.80537041e-02 1.04104472e-01 1.84591441e-02 2.25442218e+00 1.05765666e+00 2.64966307e-02 3.688813e-01 4.691476e-01 5.678404e+00 1.166256e+01 3.144736e-01 2.8090e-03 8.7440e-03 -4.3278e-05 0.03632 2.33518e-01 3.25573e-01 4.65678e-01 1.42837e-02
14.250659 7.55292793e-02 2.81624226e-02 1.03691702e-01 1.73552142e-02 2.21070192e+00 1.04626820e+00 2.60557609e-02 3.728676e-01 4.732742e-01 5.762324e+00 1.174227e+01 2.599765e-01 2.6928e-03 8.5996e-03 -4.3459e-05 0.03615 2.34597e-01 3.25805e-01 4.60338e-01 1.42714e-02
14.500671 7.50651212e-02 2.81831973e-02 1.03248318e-01 1.62720212e-02 2.17535326e+00 1.04365673e+00 2.57520799e-02 3.754500e-01 4.797643e-01 5.710394e+00 1.163424e+01 2.136989e-01 2.5851e-03 8.5636e-03 -4.3492e-05 0.03569 2.34622e-01 3.23883e-01 4.54107e-01 1.42580e-02
14.750682 7.45786658e-02 2.81506671e-02 1.02729333e-01 1.52508148e-02 2.14980022e+00 1.04618473e+00 2.55678796e-02 3.774627e-01 4.866428e-01 5.554987e+00 1.126824e+01 1.830379e-01 2.5175e-03 8.6228e-03 -4.3441e-05 0.03559 2.33191e-01 3.19068e-01 4.49288e-01 1.42276e-02
15.000694 7.39878757e-02 2.81232040e-02 1.02111080e-01 1.43197506e-02 2.13415742e+00 1.05310082e+00 2.54980660e-02 3.801056e-01 4.934504e-01 5.434741e+00 1.088495e+01 1.655492e-01 2.4688e-03 8.6772e-03 -4.3399e-05 0.03528 2.30227e-01 3.12169e-01 4.47932e-01 1.41870e-02
15.250705 7.32237347e-02 2.81603796e-02 1.01384114e-01 1.34832253e-02 2.12516339e+00 1.06707222e+00 2.55378849e-02 3.845799e-01 5.021130e-01 5.528428e+00 1.077326e+01 1.554641e-01 2.4265e-03 8.6146e-03 -4.3461e-05 0.03461 2.26125e-01 3.06327e-01 4.49753e-01 1.41453e-02
15.500717 7.22559236e-02 2.82916507e-02 1.00547574e-01 1.27239705e-02 2.11562377e+00 1.09153178e+00 2.56572444e-02 3.915478e-01 5.159385e-01 5.841065e+00 1.090445e+01 1.507217e-01 2.4097e-03 8.4260e-03 -4.3692e-05 0.03381 2.21688e-01 3.04712e-01 4.52301e-01 1.40887e-02
15.750728 7.11112806e-02 2.84967712e-02 9.96080518e-02 1.20212020e-02 2.09834262e+00 1.12524873e+00 2.57887309e-02 4.007349e-01 5.362560e-01 6.131682e+00 1.114995e+01 1.553214e-01 2.4335e-03 8.3200e-03 -4.4105e-05 0.03317 2.17863e-01 3.06559e-01 4.53788e-01 1.39900e-02
16.000740 6.98608558e-02 2.87215932e-02 9.85824490e-02 1.13680984e-02 2.07279248e+00 1.15869498e+00 2.58518997e-02 4.111257e-01 5.590019e-01 6.311593e+00 1.123575e+01 1.704590e-01 2.4923e-03 8.4642e-03 -4.4668e-05 0.03277 2.15191e-01 3.08620e-01 4.54170e-01 1.38402e-02
16.250752 6.85805463e-02 2.89194492e-02 9.74999954e-02 1.07707365e-02 2.04457125e+00 1.17977458e+00 2.57947666e-02 4.216859e-01 5.770279e-01 6.352089e+00 1.108655e+01 1.865449e-01 2.5641e-03 8.5565e-03 -4.5331e-05 0.03264 2.13760e-01 3.10226e-01 4.54697e-01 1.36663e-02
16.500763 6.73228531e-02 2.90789272e-02 9.64017803e-02 1.02332908e-02 2.01704899e+00 1.18272062e+00 2.55981569e-02 4.319325e-01 5.863619e-01 6.234155e+00 1.081955e+01 1.916972e-01 2.6270e-03 8.4608e-03 -4.6040e-05 0.03255 2.13778e-01 3.12405e-01 4.56505e-01 1.34804e-02
16.750775 6.61173974e-02 2.92216309e-02 9.53390283e-02 9.74743012e-03 1.98808886e+00 1.16962398e+00 2.52617027e-02 4.419658e-01 5.883157e-01 5.909747e+00 1.051563e+01 1.824180e-01 2.6584e-03 8.2336e-03 -4.6739e-05 0.03303 2.14913e-01 3.14827e-01 4.59143e-01 1.32577e-02
17.000786 6.49847406e-02 2.93821740e-02 9.43669146e-02 9.29445289e-03 1.95416926e+00 1.14703822e+00 2.48096598e-02 4.521396e-01 5.869697e-01 5.454477e+00 1.017783e+01 1.649066e-01 2.6483e-03 7.9036e-03 -4.7378e-05 0.03333 2.15823e-01 3.16109e-01 4.61152e-01 1.29775e-02
17.250798 6.39471380e-02 2.95868893e-02 9.35340273e-02 8.85203965e-03 1.91472266e+00 1.12125562e+00 2.42878262e-02 4.626773e-01 5.855969e-01 4.963962e+00 9.750093e+00 1.511035e-01 2.6109e-03 7.4845e-03 -4.7935e-05 0.03336 2.15394e-01 3.15500e-01 4.61715e-01 1.26546e-02
17.500809 6.30298335e-02 2.98443468e-02 9.28741802e-02 8.39589268e-03 1.87298627e+00 1.09487768e+00 2.37429115e-02 4.734956e-01 5.845626e-01 5.162087e+00 9.230195e+00 1.525349e-01 2.5702e-03 7.0314e-03 -4.8417e-05 0.03308 2.13731e-01 3.13553e-01 4.61219e-01 1.23494e-02
17.750821 6.22544319e-02 3.01483557e-02 9.24027877e-02 7.90087269e-03 1.83397003e+00 1.06781517e+00 2.32142816e-02 4.842765e-01 5.822424e-01 5.055002e+00 8.804400e+00 1.735746e-01 2.5398e-03 6.6408e-03 -4.8847e-05 0.03252 2.11814e-01 3.11496e-01 4.60541e-01 1.21267e-02
18.000832 6.16316366e-02 3.04839799e-02 9.21156165e-02 7.34698859e-03 1.80207526e+00 1.04007377e+00 2.27371923e-02 4.946158e-01 5.771533e-01 4.706099e+00 8.531122e+00 2.079048e-01 2.5192e-03 6.3810e-03 -4.9256e-05 0.03169 2.10705e-01 3.10351e-01 4.60271e-01 1.20032e-02
18.250844 6.11576368e-02 3.08322780e-02 9.19899147e-02 6.72507609e-03 1.78037051e+00 1.01255233e+00 2.23433828e-02 5.041444e-01 5.687312e-01 4.358031e+00 8.494142e+00 2.434058e-01 2.5062e-03 6.2354e-03 -4.9676e-05 0.03139 2.11088e-01 3.10586e-01 4.60554e-01 1.19742e-02
18.500856 6.08112144e-02 3.11763288e-02 9.19875433e-02 6.03706735e-03 1.77098551e+00 9.86992713e-01 2.20638258e-02 5.126740e-01 5.573127e-01 4.308038e+00 8.772172e+00 2.729666e-01 2.4987e-03 6.1405e-03 -5.0134e-05 0.03151 2.13155e-01 3.12235e-01 4.61453e-01 1.20331e-02
18.750867 6.05514399e-02 3.15065131e-02 9.20579530e-02 5.29197015e-03 1.77467188e+00 9.66680905e-01 2.19308223e-02 5.203264e-01 5.447097e-01 4.342961e+00 9.329416e+00 2.987790e-01 2.4846e-03 6.0758e-03 -5.0647e-05 0.03152 2.16632e-01 3.15133e-01 4.63483e-01 1.21754e-02
19.000879 6.03235514e-02 3.18188823e-02 9.21424336e-02 4.49923482e-03 1.78991927e+00 9.55113416e-01 2.19602615e-02 5.274703e-01 5.336070e-01 4.411983e+00 9.951357e+00 3.272202e-01 2.4586e-03 6.0847e-03 -5.1222e-05 0.03141 2.21011e-01 3.19168e-01 4.67208e-01 1.23890e-02
19.250890 6.00746539e-02 3.21108748e-02 9.21855287e-02 3.66207153e-03 1.81321387e+00 9.51597187e-01 2.21184884e-02 5.345162e-01 5.248124e-01 4.599173e+00 1.049233e+01 3.616491e-01 2.4327e-03 6.1612e-03 -5.1853e-05 0.03120 2.25898e-01 3.24388e-01 4.72471e-01 1.26512e-02
19.500902 5.97679619e-02 3.23834408e-02 9.21514027e-02 2.77682100e-03 1.84034815e+00 9.50467907e-01 2.23265284e-02 5.418194e-01 5.164609e-01 4.657476e+00 1.090098e+01 3.970724e-01 2.4087e-03 6.2981e-03 -5.2522e-05 0.03092 2.31162e-01 3.30299e-01 4.78620e-01 1.29299e-02
19.750913 5.93849733e-02 3.26452525e-02 9.20302258e-02 1.83991237e-03 1.86777803e+00 9.46276982e-01 2.25124401e-02 5.497224e-01 5.066325e-01 4.551412e+00 1.118614e+01 4.205962e-01 2.3721e-03 6.4931e-03 -5.3202e-05 0.03118 2.36594e-01 3.35601e-01 4.84858e-01 1.31977e-02
20.000925 5.89171549e-02 3.29103036e-02 9.18274585e-02 8.52951621e-04 1.89316432e+00 9.38324740e-01 2.26519125e-02 5.585861e-01 4.956383e-01 4.393714e+00 1.134878e+01 4.206082e-01 2.3165e-03 6.6010e-03 -5.3874e-05 0.03111 2.41626e-01 3.39519e-01 4.90659e-01 1.34437e-02
20.250937 5.83574950e-02 3.31887777e-02 9.15462727e-02 -1.79942333e-04 1.91475207e+00 9.30342678e-01 2.27607580e-02 5.687149e-01 4.858815e-01 4.514788e+00 1.136449e+01 3.956778e-01 2.2604e-03 6.5863e-03 -5.4540e-05 0.03080 2.45853e-01 3.42492e-01 4.95992e-01 1.36639e-02
20.500948 5.76995796e-02 3.34785885e-02 9.11781682e-02 -1.25521241e-03 1.93055461e+00 9.26108462e-01 2.28533046e-02 5.802224e-01 4.797111e-01 4.736908e+00 1.124924e+01 3.550853e-01 2.2307e-03 6.5929e-03 -5.5219e-05 0.03060 2.49349e-01 3.45196e-01 5.00901e-01 1.38511e-02
20.750960 5.69417627e-02 3.37658996e-02 9.07076623e-02 -2.36712758e-03 1.93834457e+00 9.25873159e-01 2.29137419e-02 5.929901e-01 4.776618e-01 4.912378e+00 1.102891e+01 3.136241e-01 2.2279e-03 6.6790e-03 -5.5934e-05 0.03071 2.52178e-01 3.47621e-01 5.05080e-01 1.39898e-02
21.000971 5.60913160e-02 3.40320233e-02 9.01233392e-02 -3.50383427e-03 1.93618798e+00 9.27031045e-01 2.29057522e-02 6.067253e-01 4.787919e-01 4.991803e+00 1.072594e+01 2.842882e-01 2.2260e-03 6.7107e-03 -5.6710e-05 0.03076 2.53990e-01 3.49375e-01 5.08055e-01 1.40590e-02
21.250983 5.51669919e-02 3.42583449e-02 8.94253368e-02 -4.64806046e-03 1.92294298e+00 9.26331590e-01 2.27941966e-02 6.209935e-01 4.817260e-01 5.006837e+00 1.032820e+01 2.729561e-01 2.2075e-03 6.5817e-03 -5.7563e-05 0.03064 2.54264e-01 3.50179e-01 5.09464e-01 1.40304e-02
21.500994 5.41972965e-02 3.44301891e-02 8.86274856e-02 -5.78139608e-03 1.89856834e+00 9.20885537e-01 2.25556310e-02 6.352750e-01 4.850421e-01 4.994769e+00 9.855029e+00 2.779246e-01 2.1798e-03 6.3420e-03 -5.8500e-05 0.03064 2.52787e-01 3.49952e-01 5.09153e-01 1.38728e-02
21.751006 5.32142853e-02 3.45430690e-02 8.77573543e-02 -6.88882025e-03 1.86431181e+00 9.08517693e-01 2.21826360e-02 6.491315e-01 4.873207e-01 4.942592e+00 9.345851e+00 2.924786e-01 2.1599e-03 6.0985e-03 -5.9511e-05 0.03106 2.49929e-01 3.48625e-01 5.07335e-01 1.35746e-02
22.001017 5.22481333e-02 3.46072905e-02 8.68554238e-02 -7.96189111e-03 1.82272830e+00 8.88405333e-01 2.16890690e-02 6.623642e-01 4.874041e-01 4.842040e+00 8.869936e+00 3.074832e-01 2.1499e-03 5.8840e-03 -6.0575e-05 0.03133 2.46454e-01 3.45894e-01 5.04402e-01 1.31756e-02
22.251029 5.13261684e-02 3.46440374e-02 8.59702058e-02 -8.99870174e-03 1.77678380e+00 8.62556340e-01 2.11147211e-02 6.749781e-01 4.854594e-01 4.694937e+00 8.679959e+00 3.145910e-01 2.1275e-03 5.6179e-03 -6.1668e-05 0.03127 2.42813e-01 3.41565e-01 5.00486e-01 1.27743e-02
22.501041 5.04768978e-02 3.46699085e-02 8.51468063e-02 -9.99939280e-03 1.72867394e+00 8.36675139e-01 2.05227926e-02 6.868471e-01 4.839982e-01 4.534344e+00 8.609049e+00 3.094966e-01 2.0678e-03 5.2028e-03 -6.2774e-05 0.03119 2.38787e-01 3.36135e-01 4.95914e-01 1.24148e-02
22.751052 4.97336629e-02 3.46810975e-02 8.44147604e-02 -1.09602331e-02 1.68019169e+00 8.17392411e-01 1.99806728e-02 6.973365e-01 4.864876e-01 4.744737e+00 8.466051e+00 2.928874e-01 1.9838e-03 4.6736e-03 -6.3888e-05 0.03155 2.34039e-01 3.30688e-01 4.91745e-01 1.20627e-02
23.001064 4.91301859e-02 3.46542330e-02 8.37844189e-02 -1.18710395e-02 1.63396008e+00 8.07831107e-01 1.95343295e-02 7.053552e-01 4.944008e-01 4.938335e+00 8.250063e+00 2.690539e-01 1.9212e-03 4.2405e-03 -6.5009e-05 0.03183 2.28797e-01 3.26514e-01 4.89371e-01 1.17088e-02
23.251075 4.86901551e-02 3.45627655e-02 8.32529207e-02 -1.27157671e-02 1.59321760e+00 8.06367987e-01 1.91966847e-02 7.098512e-01 5.061255e-01 5.064143e+00 7.986410e+00 2.432032e-01 1.9054e-03 4.0693e-03 -6.6129e-05 0.03200 2.23819e-01 3.24723e-01 4.89832e-01 1.13979e-02
23.501087 4.84197450e-02 3.43939578e-02 8.28137029e-02 -1.34735779e-02 1.56041031e+00 8.08785785e-01 1.89535687e-02 7.103292e-01 5.183161e-01 5.088736e+00 7.736616e+00 2.195862e-01 1.9283e-03 4.1039e-03 -6.7238e-05 0.03211 2.19925e-01 3.25822e-01 4.93440e-01 1.11783e-02
23.751098 4.83067003e-02 3.41569082e-02 8.24636085e-02 -1.41205563e-02 1.53633146e+00 8.11205520e-01 1.87802958e-02 7.070843e-01 5.280147e-01 4.998836e+00 7.595969e+00 2.012299e-01 1.9693e-03 4.2296e-03 -6.8325e-05 0.03209 2.17651e-01 3.29549e-01 4.99748e-01 1.10542e-02
24.001110 4.83240099e-02 3.38808500e-02 8.22048599e-02 -1.46329647e-02 1.52028622e+00 8.12126813e-01 1.86593043e-02 7.011183e-01 5.341934e-01 4.813992e+00 7.608999e+00 1.898956e-01 2.0075e-03 4.3838e-03 -6.9386e-05 0.03199 2.17134e-01 3.35091e-01 5.07908e-01 1.10080e-02
24.251122 4.84359611e-02 3.36063630e-02 8.20423241e-02 -1.49911611e-02 1.51072715e+00 8.12881589e-01 1.85888699e-02 6.938308e-01 5.380731e-01 4.566100e+00 7.738189e+00 1.852301e-01 2.0263e-03 4.5265e-03 -7.0418e-05 0.03228 2.18170e-01 3.41482e-01 5.17140e-01 1.10298e-02
24.501133 4.86052852e-02 3.33735454e-02 8.19788305e-02 -1.51827701e-02 1.50581049e+00 8.16476462e-01 1.85782956e-02 6.866238e-01 5.422173e-01 4.514028e+00 7.924267e+00 1.843545e-01 2.0200e-03 4.6384e-03 -7.1423e-05 0.03278 2.20388e-01 3.47921e-01 5.27010e-01 1.11111e-02
24.751145 4.87999335e-02 3.32117765e-02 8.20117100e-02 -1.52047161e-02 1.50383831e+00 8.25675247e-01 1.86361084e-02 6.805701e-01 5.490452e-01 4.527658e+00 8.105043e+00 1.839286e-01 1.9952e-03 4.7387e-03 -7.2404e-05 0.03319 2.23437e-01 3.53951e-01 5.37573e-01 1.12428e-02
25.001156 4.89977718e-02 3.31341422e-02 8.21319140e-02 -1.50642045e-02 1.50377324e+00 8.41270529e-01 1.87603502e-02 6.762377e-01 5.594398e-01 4.541292e+00 8.238218e+00 1.839129e-01 1.9748e-03 4.8754e-03 -7.3363e-05 0.03351 2.27097e-01 3.59522e-01 5.49290e-01 1.14159e-02
25.251168 4.91880182e-02 3.31377800e-02 8.23257982e-02 -1.47786865e-02 1.50547545e+00 8.61067456e-01 1.89323432e-02 6.736962e-01 5.719572e-01 4.701792e+00 8.447023e+00 1.889760e-01 1.9913e-03 5.0863e-03 -7.4300e-05 0.03364 2.31322e-01 3.65066e-01 5.62080e-01 1.16220e-02
25.501179 4.93694818e-02 3.32099787e-02 8.25794605e-02 -1.43753688e-02 1.50914300e+00 8.80325281e-01 1.91157463e-02 6.726823e-01 5.833279e-01 5.132230e+00 9.008419e+00 2.058767e-01 2.0492e-03 5.3543e-03 -7.5214e-05 0.03358 2.36177e-01 3.71502e-01 5.74825e-01 1.18494e-02
25.751191 4.95469211e-02 3.33365548e-02 8.28834759e-02 -1.38906183e-02 1.51436339e+00 8.94045543e-01 1.92672714e-02 6.728280e-01 5.903772e-01 5.552571e+00 9.643875e+00 2.391352e-01 2.1084e-03 5.6257e-03 -7.6098e-05 0.03331 2.41672e-01 3.79637e-01 5.86293e-01 1.20839e-02
26.001202 4.97273436e-02 3.35064928e-02 8.32338364e-02 -1.33677350e-02 1.51980063e+00 8.99681041e-01 1.93558534e-02 6.738042e-01 5.919731e-01 5.769063e+00 1.010479e+01 2.868149e-01 2.1231e-03 5.9451e-03 -7.6941e-05 0.03284 2.47644e-01 3.88893e-01 5.95458e-01 1.23114e-02
26.251214 4.99172517e-02 3.37104148e-02 8.36276665e-02 -1.28511763e-02 1.52395114e+00 8.97895330e-01 1.93747717e-02 6.753259e-01 5.891891e-01 5.711266e+00 1.031148e+01 3.399136e-01 2.0807e-03 6.4330e-03 -7.7732e-05 0.03223 2.53654e-01 3.97258e-01 6.01305e-01 1.25275e-02
26.501226 5.01203000e-02 3.39370472e-02 8.40573472e-02 -1.23788593e-02 1.52634509e+00 8.90914184e-01 1.93380742e-02 6.771118e-01 5.836912e-01 5.543217e+00 1.031018e+01 3.883865e-01 2.0024e-03 6.9812e-03 -7.8467e-05 0.03156 2.58974e-01 4.02796e-01 6.02913e-01 1.27292e-02
26.751237 5.03350568e-02 3.41724098e-02 8.45074666e-02 -1.19768340e-02 1.52794158e+00 8.80532629e-01 1.92677937e-02 6.788988e-01 5.762868e-01 5.128958e+00 1.017229e+01 4.274698e-01 1.9184e-03 7.3332e-03 -7.9155e-05 0.03086 2.62906e-01 4.04699e-01 5.99885e-01 1.29012e-02
27.001249 5.05548735e-02 3.44010394e-02 8.49559129e-02 -1.16580088e-02 1.53029117e+00 8.67374819e-01 1.91813279e-02 6.804693e-01 5.668038e-01 4.703472e+00 9.951822e+00 4.572557e-01 1.8442e-03 7.4067e-03 -7.9812e-05 0.03014 2.65165e-01 4.03222e-01 5.92682e-01 1.30309e-02
27.251260 5.07712375e-02 3.46063969e-02 8.53776344e-02 -1.14232268e-02 1.53453806e+00 8.51220971e-01 1.90860723e-02 6.816142e-01 5.547083e-01 4.291896e+00 9.724320e+00 4.788710e-01 1.7817e-03 7.2916e-03 -8.0456e-05 0.02942 2.65920e-01 3.99101e-01 5.82415e-01 1.31084e-02
27.501272 5.09779176e-02 3.47705278e-02 8.57484454e-02 -1.12631700e-02 1.54118123e+00 8.31711529e-01 1.89831421e-02 6.820704e-01 5.396585e-01 3.933659e+00 9.543487e+00 4.926312e-01 1.7313e-03 7.0844e-03 -8.1102e-05 0.02899 2.65523e-01 3.93044e-01 5.70289e-01 1.31247e-02
27.751283 5.11718504e-02 3.48753827e-02 8.60472331e-02 -1.11610094e-02 1.55030199e+00 8.08921754e-01 1.88737899e-02 6.815345e-01 5.217833e-01 3.643697e+00 9.424547e+00 4.979817e-01 1.6954e-03 6.8123e-03 -8.1755e-05 0.02865 2.64270e-01 3.85573e-01 5.57235e-01 1.30779e-02
28.001295 5.13495523e-02 3.49072950e-02 8.62568473e-02 -1.10960717e-02 1.56160577e+00 7.83599342e-01 1.87616409e-02 6.797975e-01 5.017908e-01 3.540005e+00 9.363230e+00 4.933057e-01 1.6791e-03 6.4757e-03 -8.2419e-05 0.02843 2.62354e-01 3.77139e-01 5.43978e-01 1.29756e-02
28.251307 5.15016984e-02 3.48631248e-02 8.63648232e-02 -1.10483956e-02 1.57414268e+00 7.57116384e-01 1.86500725e-02 6.769316e-01 4.809706e-01 3.371470e+00 9.352337e+00 4.756998e-01 1.6937e-03 6.1085e-03 -8.3095e-05 0.02883 2.59957e-01 3.68320e-01 5.31319e-01 1.28331e-02
28.501318 5.16104388e-02 3.47540917e-02 8.63645305e-02 -1.10033245e-02 1.58611156e+00 7.31357514e-01 1.85397526e-02 6.733927e-01 4.611009e-01 3.502190e+00 9.383210e+00 4.424069e-01 1.7529e-03 5.7780e-03 -8.3786e-05 0.02908 2.57267e-01 3.59891e-01 5.20097e-01 1.26686e-02
28.751330 5.16522976e-02 3.46038614e-02 8.62561590e-02 -1.09544774e-02 1.59506675e+00 7.08505650e-01 1.84285792e-02 6.699385e-01 4.441856e-01 3.677335e+00 9.425021e+00 3.934658e-01 1.8562e-03 5.5533e-03 -8.4496e-05 0.02914 2.54411e-01 3.52643e-01 5.10798e-01 1.24986e-02
29.001341 5.16056628e-02 3.44416192e-02 8.60472821e-02 -1.09036725e-02 1.59843438e+00 6.90106560e-01 1.83083275e-02 6.674000e-01 4.317391e-01 3.668773e+00 9.430167e+00 3.329547e-01 1.9837e-03 5.4772e-03 -8.5228e-05 0.02901 2.51418e-01 3.47026e-01 5.03340e-01 1.23275e-02
29.251353 5.14591309e-02 3.42947176e-02 8.57538485e-02 -1.08581303e-02 1.59424169e+00 6.75895350e-01 1.81610963e-02 6.664457e-01 4.239604e-01 3.548854e+00 9.349178e+00 2.681613e-01 2.1079e-03 5.5234e-03 -8.5986e-05 0.02871 2.48230e-01 3.42927e-01 4.97282e-01 1.21416e-02
29.501364 5.12165851e-02 3.41838046e-02 8.54003897e-02 -1.08262961e-02 1.58176015e+00 6.64357975e-01 1.79689450e-02 6.674362e-01 4.200118e-01 3.855130e+00 9.125175e+00 2.069743e-01 2.1971e-03 5.5895e-03 -8.6774e-05 0.02832 2.44678e-01 3.39778e-01 4.92141e-01 1.19255e-02
29.751376 5.08969470e-02 3.41198676e-02 8.50168146e-02 -1.08135968e-02 1.56158417e+00 6.54610197e-01 1.77295549e-02 6.703716e-01 4.191962e-01 4.044035e+00 8.724698e+00 1.547718e-01 2.2228e-03 5.5758e-03 -8.7594e-05 0.02875 2.40528e-01 3.36898e-01 4.87581e-01 1.16684e-02
30.001387 5.05295003e-02 3.41034985e-02 8.46329988e-02 -1.08201018e-02 1.53524154e+00 6.47091234e-01 1.74586622e-02 6.749225e-01 4.214915e-01 4.125032e+00 8.159577e+00 1.138490e-01 2.1872e-03 5.4540e-03 -8.8442e-05 0.02912 2.35671e-01 3.33882e-01 4.83517e-01 1.13651e-02
30.251399 5.01471822e-02 3.41275398e-02 8.42747220e-02 -1.08412486e-02 1.50476091e+00 6.42951310e-01 1.71816978e-02 6.805475e-01 4.272781e-01 4.105617e+00 7.478158e+00 8.496132e-02 2.1199e-03 5.2643e-03 -8.9316e-05 0.02935 2.30279e-01 3.30768e-01 4.80135e-01 1.10233e-02
30.501411 4.97800075e-02 3.41820265e-02 8.39620340e-02 -1.08705806e-02 1.47233308e+00 6.43438810e-01 1.69261751e-02 6.866617e-01 4.370199e-01 4.013489e+00 6.785089e+00 6.835134e-02 2.0493e-03 5.0772e-03 -9.0207e-05 0.02942 2.24758e-01 3.27889e-01 4.77760e-01 1.06649e-02
30.751422 4.94500690e-02 3.42592668e-02 8.37093358e-02 -1.09029736e-02 1.44000171e+00 6.49598973e-01 1.67168055e-02 6.928052e-01 4.511099e-01 3.870216e+00 6.740862e+00 6.358779e-02 1.9899e-03 4.9574e-03 -9.1103e-05 0.02937 2.19584e-01 3.25605e-01 4.76645e-01 1.03235e-02
31.001434 4.91691435e-02 3.43573965e-02 8.35265400e-02 -1.09376609e-02 1.40939026e+00 6.62204012e-01 1.65727542e-02 6.987593e-01 4.698514e-01 3.731271e+00 6.941093e+00 6.886183e-02 1.9499e-03 4.9392e-03 -9.1995e-05 0.02922 2.15118e-01 3.24075e-01 4.76796e-01 1.00401e-02
31.251445 4.89395727e-02 3.44810306e-02 8.34206032e-02 -1.09805279e-02 1.38157156e+00 6.81851013e-01 1.65073806e-02 7.045634e-01 4.935329e-01 3.981115e+00 7.126111e+00 8.091930e-02 1.9382e-03 5.0182e-03 -9.2872e-05 0.02902 2.11474e-01 3.23162e-01 4.77923e-01 9.82707e-03
31.501457 4.87582415e-02 3.46384265e-02 8.33966680e-02 -1.10447494e-02 1.35714869e+00 7.08982056e-01 1.65290460e-02 7.104117e-01 5.224056e-01 4.194786e+00 7.293030e+00 9.639039e-02 1.9598e-03 5.1619e-03 -9.3725e-05 0.02879 2.08521e-01 3.22479e-01 4.79509e-01 9.67458e-03
31.751468 4.86222593e-02 3.48363462e-02 8.34586056e-02 -1.11491987e-02 1.33650156e+00 7.43497266e-01 1.66399906e-02 7.164691e-01 5.563011e-01 4.365615e+00 7.445004e+00 1.137534e-01 2.0098e-03 5.3309e-03 -9.4549e-05 0.02861 2.05992e-01 3.21563e-01 4.80967e-01 9.57973e-03
32.001480 4.85342621e-02 3.50754110e-02 8.36096731e-02 -1.13153192e-02 1.32006745e+00 7.83847369e-01 1.68313185e-02 7.226938e-01 5.937934e-01 4.665194e+00 7.586910e+00 1.340064e-01 2.0772e-03 5.4985e-03 -9.5340e-05 0.02844 2.03682e-01 3.20107e-01 4.81890e-01 9.53792e-03
32.251491 4.85056569e-02 3.53486908e-02 8.38543477e-02 -1.15640936e-02 1.30851471e+00 8.25996189e-01 1.70760872e-02 7.287540e-01 6.312472e-01 5.493141e+00 7.730536e+00 1.589651e-01 2.1560e-03 5.6577e-03 -9.6096e-05 0.02857 2.01619e-01 3.18186e-01 4.82335e-01 9.54292e-03
32.501503 4.85567433e-02 3.56445943e-02 8.42013375e-02 -1.19141613e-02 1.30275942e+00 8.63225475e-01 1.73278791e-02 7.340812e-01 6.626131e-01 6.092545e+00 7.867719e+00 1.889540e-01 2.2467e-03 5.8177e-03 -9.6814e-05 0.02869 2.00096e-01 3.16331e-01 4.82936e-01 9.58421e-03
32.751515 4.87124334e-02 3.59528808e-02 8.46653142e-02 -1.23800128e-02 1.30386150e+00 8.88021673e-01 1.75350654e-02 7.380637e-01 6.810706e-01 6.289448e+00 7.976899e+00 2.231679e-01 2.3387e-03 5.9893e-03 -9.7495e-05 0.02870 1.99507e-01 3.15325e-01 4.84589e-01 9.65387e-03
33.001526 4.89933424e-02 3.62697763e-02 8.52631187e-02 -1.29679097e-02 1.31268579e+00 8.96059842e-01 1.76699651e-02 7.403001e-01 6.826156e-01 6.127419e+00 8.043791e+00 2.612794e-01 2.3930e-03 6.1730e-03 -9.8138e-05 0.02856 2.00042e-01 3.15743e-01 4.87735e-01 9.75277e-03
33.251538 4.94068442e-02 3.65966826e-02 8.60035267e-02 -1.36701604e-02 1.32918823e+00 8.89185583e-01 1.77469905e-02 7.407209e-01 6.689689e-01 5.831042e+00 8.060765e+00 3.011083e-01 2.3598e-03 6.3625e-03 -9.8745e-05 0.02830 2.01479e-01 3.17609e-01 4.91819e-01 9.87988e-03
33.501549 4.99446536e-02 3.69324949e-02 8.68771485e-02 -1.44632434e-02 1.35201181e+00 8.73944575e-01 1.78076511e-02 7.394684e-01 6.464031e-01 5.491824e+00 8.021835e+00 3.354763e-01 2.2253e-03 6.5595e-03 -9.9317e-05 0.02904 2.03312e-01 3.20463e-01 4.95504e-01 1.00249e-02
33.751561 5.05862221e-02 3.72676605e-02 8.78538826e-02 -1.53133989e-02 1.37922291e+00 8.57101698e-01 1.78905968e-02 7.367156e-01 6.214381e-01 5.096632e+00 7.927720e+00 3.545435e-01 2.0324e-03 6.7784e-03 -9.9856e-05 0.02999 2.05068e-01 3.23628e-01 4.97412e-01 1.01743e-02
34.001572 5.13015762e-02 3.75863594e-02 8.88879356e-02 -1.61859839e-02 1.40942016e+00 8.42451855e-01 1.80149761e-02 7.326551e-01 5.977294e-01 4.650938e+00 7.782856e+00 3.527956e-01 1.8523e-03 7.0328e-03 -1.0036e-04 0.03078 2.06519e-01 3.26388e-01 4.96686e-01 1.03227e-02
34.251584 5.20513371e-02 3.78741663e-02 8.99255034e-02 -1.70522667e-02 1.44194489e+00 8.30777310e-01 1.81817776e-02 7.276310e-01 5.761505e-01 4.425331e+00 7.589193e+00 3.336061e-01 1.7337e-03 7.3159e-03 -1.0084e-04 0.03141 2.07637e-01 3.28036e-01 4.93099e-01 1.04725e-02
34.501596 5.27867246e-02 3.81244984e-02 9.09112230e-02 -1.78911159e-02 1.47629771e+00 8.21556592e-01 1.83828344e-02 7.222365e-01 5.564979e-01 4.343091e+00 7.344015e+00 3.073704e-01 1.6821e-03 7.5896e-03 -1.0129e-04 0.03181 2.08426e-01 3.27934e-01 4.86845e-01 1.06284e-02
34.751607 5.34519856e-02 3.83403823e-02 9.17923679e-02 -1.86871435e-02 1.51162956e+00 8.14386990e-01 1.86081324e-02 7.172864e-01 5.387477e-01 4.217082e+00 7.171280e+00 2.864586e-01 1.6803e-03 7.7892e-03 -1.0173e-04 0.03194 2.08819e-01 3.25656e-01 4.78350e-01 1.07951e-02
35.001619 5.39896984e-02 3.85320994e-02 9.25217978e-02 -1.94278357e-02 1.54664887e+00 8.09287931e-01 1.88474944e-02 7.136935e-01 5.232525e-01 4.046386e+00 7.226569e+00 2.805101e-01 1.7106e-03 7.8575e-03 -1.0215e-04 0.03184 2.08757e-01 3.21202e-01 4.68344e-01 1.09747e-02
35.251630 5.43484656e-02 3.87130535e-02 9.30615190e-02 -2.01017892e-02 1.57972377e+00 8.06280149e-01 1.90880314e-02 7.123118e-01 5.103931e-01 3.809800e+00 7.340757e+00 2.928013e-01 1.7672e-03 7.7895e-03 -1.0259e-04 0.03161 2.08427e-01 3.15133e-01 4.58083e-01 1.11662e-02
35.501642 5.44912515e-02 3.88961006e-02 9.33873521e-02 -2.06998709e-02 1.60904021e+00 8.05347630e-01 1.93151027e-02 7.138045e-01 5.005143e-01 4.146230e+00 7.450209e+00 3.181409e-01 1.8498e-03 7.6402e-03 -1.0306e-04 0.03167 2.08347e-01 3.08558e-01 4.49276e-01 1.13628e-02
35.751653 5.44013142e-02 3.90903436e-02 9.34916578e-02 -2.12183760e-02 1.63249325e+00 8.07502876e-01 1.95199690e-02 7.185551e-01 4.946439e-01 4.594493e+00 7.606883e+00 3.437050e-01 1.9471e-03 7.4871e-03 -1.0355e-04 0.03147 2.09049e-01 3.03189e-01 4.43499e-01 1.15509e-02
36.001665 5.40855152e-02 3.92963240e-02 9.33818391e-02 -2.16588085e-02 1.64653756e+00 8.15121978e-01 1.96932763e-02 7.265591e-01 4.950522e-01 4.920061e+00 8.022753e+00 3.539718e-01 2.0467e-03 7.4578e-03 -1.0409e-04 0.03142 2.10705e-01 3.00640e-01 4.41363e-01 1.17018e-02
36.251676 5.35777980e-02 3.95030329e-02 9.30808309e-02 -2.20234517e-02 1.64600706e+00 8.28446184e-01 1.97956260e-02 7.373023e-01 5.033066e-01 5.130685e+00 8.520676e+00 3.399830e-01 2.1513e-03 7.5714e-03 -1.0468e-04 0.03142 2.12849e-01 3.00494e-01 4.41810e-01 1.17703e-02
36.501688 5.29367600e-02 3.96952230e-02 9.26319831e-02 -2.23144711e-02 1.62829856e+00 8.42749994e-01 1.97683884e-02 7.498612e-01 5.175648e-01 5.156617e+00 8.648662e+00 3.057954e-01 2.2515e-03 7.3506e-03 -1.0533e-04 0.03139 2.14368e-01 3.00849e-01 4.43030e-01 1.17251e-02
36.751700 5.22296123e-02 3.98653357e-02 9.20949480e-02 -2.25377828e-02 1.59667468e+00 8.52328395e-01 1.95920246e-02 7.632708e-01 5.338147e-01 4.958915e+00 8.452209e+00 2.634040e-01 2.3416e-03 6.6883e-03 -1.0604e-04 0.03131 2.14754e-01 3.00928e-01 4.44389e-01 1.15776e-02
37.001711 5.15130331e-02 4.00174780e-02 9.15305111e-02 -2.27049201e-02 1.55773162e+00 8.55024421e-01 1.93020483e-02 7.768418e-01 5.488907e-01 4.578723e+00 8.282798e+00 2.237807e-01 2.4181e-03 5.9184e-03 -1.0681e-04 0.03111 2.14551e-01 3.01386e-01 4.46517e-01 1.13707e-02
37.251723 5.08236915e-02 4.01637936e-02 9.09874851e-02 -2.28310859e-02 1.51746629e+00 8.52748451e-01 1.89617179e-02 7.902573e-01 5.619555e-01 4.148927e+00 8.084744e+00 1.929389e-01 2.4548e-03 5.2816e-03 -1.0762e-04 0.03076 2.14489e-01 3.02995e-01 4.50141e-01 1.11475e-02
37.501734 5.01787474e-02 4.03187098e-02 9.04974573e-02 -2.29321702e-02 1.47959982e+00 8.49534383e-01 1.86330736e-02 8.035017e-01 5.741650e-01 3.925674e+00 8.070267e+00 1.727741e-01 2.4259e-03 4.8650e-03 -1.0847e-04 0.03021 2.14848e-01 3.05869e-01 4.55375e-01 1.09347e-02
37.751746 4.95812145e-02 4.04947023e-02 9.00759168e-02 -2.30228374e-02 1.44582424e+00 8.49148874e-01 1.83597849e-02 8.167348e-01 5.873113e-01 4.016887e+00 8.268138e+00 1.634863e-01 2.3377e-03 4.6814e-03 -1.0934e-04 0.02948 2.15434e-01 3.09516e-01 4.61660e-01 1.07425e-02
38.001757 4.90262503e-02 4.07002628e-02 8.97265131e-02 -2.31159476e-02 1.41668588e+00 8.53916053e-01 1.81648155e-02 8.301729e-01 6.027561e-01 4.345156e+00 8.474593e+00 1.652865e-01 2.2246e-03 4.7005e-03 -1.1023e-04 0.02857 2.15799e-01 3.13176e-01 4.68011e-01 1.05708e-02
38.251769 4.85069926e-02 4.09383032e-02 8.94452958e-02 -2.32226230e-02 1.39234252e+00 8.64852796e-01 1.80575625e-02 8.439670e-01 6.211495e-01 4.706466e+00 8.618192e+00 1.789697e-01 2.1249e-03 4.8632e-03 -1.1113e-04 0.02750 2.15496e-01 3.16116e-01 4.73348e-01 1.04178e-02
38.501781 4.80198765e-02 4.12037783e-02 8.92236549e-02 -2.33523773e-02 1.37301085e+00 8.82023858e-01 1.80402777e-02 8.580567e-01 6.424012e-01 4.988185e+00 8.700069e+00 2.057018e-01 2.0654e-03 5.1088e-03 -1.1204e-04 0.02727 2.14262e-01 3.17833e-01 4.76832e-01 1.02847e-02
38.751792 4.75690382e-02 4.14815037e-02 8.90505418e-02 -2.35132230e-02 1.35916254e+00 9.04434833e-01 1.81087790e-02 8.720274e-01 6.654354e-01 5.178417e+00 8.726786e+00 2.460751e-01 2.0590e-03 5.3921e-03 -1.1294e-04 0.02727 2.12120e-01 3.18145e-01 4.78105e-01 1.01779e-02
39.001804 4.71687211e-02 4.17461633e-02 8.89148843e-02 -2.37119909e-02 1.35147567e+00 9.29667814e-01 1.82491479e-02 8.850391e-01 6.878909e-01 5.270163e+00 8.712222e+00 2.984215e-01 2.0983e-03 5.6753e-03 -1.1383e-04 0.02755 2.09350e-01 3.17177e-01 4.77324e-01 1.01055e-02
39.251815 4.68426623e-02 4.19658218e-02 8.88084841e-02 -2.39552556e-02 1.35056061e+00 9.53736459e-01 1.84343766e-02 8.958889e-01 7.061782e-01 5.262683e+00 8.664894e+00 3.570102e-01 2.1609e-03 5.9126e-03 -1.1468e-04 0.02785 2.06388e-01 3.15287e-01 4.75056e-01 1.00650e-02
39.501827 4.66198934e-02 4.21090309e-02 8.87289243e-02 -2.42509197e-02 1.35670842e+00 9.71519807e-01 1.86258258e-02 9.032417e-01 7.160859e-01 5.864205e+00 8.598839e+00 4.121551e-01 2.2270e-03 6.0587e-03 -1.1549e-04 0.02808 2.03705e-01 3.12993e-01 4.72112e-01 1.00521e-02
39.751838 4.65269677e-02 4.21541265e-02 8.86810942e-02 -2.46093384e-02 1.36985829e+00 9.78002869e-01 1.87828893e-02 9.060149e-01 7.139446e-01 6.515959e+00 8.552029e+00 4.540794e-01 2.2857e-03 6.0966e-03 -1.1625e-04 0.02824 2.01690e-01 3.10894e-01 4.69358e-01 1.00657e-02
40.001850 4.65784210e-02 4.20973162e-02 8.86757373e-02 -2.50419229e-02 1.38956480e+00 9.70084805e-01 1.88771968e-02 9.037944e-01 6.981213e-01 6.948469e+00 8.611809e+00 4.780301e-01 2.3292e-03 6.0527e-03 -1.1696e-04 0.02852 2.00560e-01 3.09513e-01 4.67456e-01 1.01053e-02
40.251861 4.67697002e-02 4.19551929e-02 8.87248931e-02 -2.55562731e-02 1.41471060e+00 9.48156693e-01 1.89029383e-02 8.970593e-01 6.702125e-01 7.072582e+00 8.671310e+00 4.843441e-01 2.3482e-03 5.9806e-03 -1.1763e-04 0.02919 2.00298e-01 3.09103e-01 4.66574e-01 1.01666e-02
40.501873 4.70766324e-02 4.17595425e-02 8.88361749e-02 -2.61503541e-02 1.44316569e+00 9.16392779e-01 1.88764678e-02 8.870546e-01 6.349879e-01 6.897122e+00 8.661578e+00 4.735839e-01 2.3311e-03 5.9308e-03 -1.1825e-04 0.02997 2.00667e-01 3.09493e-01 4.66266e-01 1.02392e-02
40.751885 4.74615641e-02 4.15472852e-02 8.90088493e-02 -2.68106998e-02 1.47203791e+00 8.81103571e-01 1.88251319e-02 8.753880e-01 5.985604e-01 6.491124e+00 8.559585e+00 4.455803e-01 2.2699e-03 5.9280e-03 -1.1884e-04 0.03053 2.01305e-01 3.10141e-01 4.65727e-01 1.03145e-02
41.001896 4.78815799e-02 4.13516809e-02 8.92332607e-02 -2.75168875e-02 1.49882752e+00 8.48072539e-01 1.87752005e-02 8.636240e-01 5.658240e-01 5.948517e+00 8.348387e+00 4.042202e-01 2.1748e-03 5.9660e-03 -1.1940e-04 0.03077 2.01838e-01 3.10362e-01 4.64237e-01 1.03883e-02
41.251908 4.82937262e-02 4.11986472e-02 8.94923734e-02 -2.82488887e-02 1.52245330e+00 8.20951855e-01 1.87472413e-02 8.530849e-01 5.392296e-01 5.355204e+00 8.027639e+00 3.598935e-01 2.0756e-03 6.0225e-03 -1.1994e-04 0.03069 2.01945e-01 3.09585e-01 4.61451e-01 1.04587e-02
41.501919 4.86568614e-02 4.11068329e-02 8.97636943e-02 -2.89920980e-02 1.54295759e+00 8.01469246e-01 1.87554147e-02 8.448312e-01 5.194370e-01 4.785096e+00 7.622336e+00 3.253409e-01 2.0007e-03 6.0766e-03 -1.2046e-04 0.03032 2.01418e-01 3.07526e-01 4.57423e-01 1.05241e-02
41.751931 4.89336323e-02 4.10879555e-02 9.00215878e-02 -2.97377745e-02 1.56033006e+00 7.90213682e-01 1.88043499e-02 8.396670e-01 5.064401e-01 4.298436e+00 7.482098e+00 3.093286e-01 1.9576e-03 6.1095e-03 -1.2099e-04 0.02979 2.00235e-01 3.04261e-01 4.52540e-01 1.05829e-02
42.001942 4.90949639e-02 4.11460826e-02 9.02410465e-02 -3.04800120e-02 1.57365566e+00 7.86778765e-01 1.88834754e-02 8.380917e-01 4.999688e-01 4.184588e+00 7.657327e+00 3.128727e-01 1.9401e-03 6.0919e-03 -1.2152e-04 0.02977 1.98612e-01 3.00217e-01 4.47411e-01 1.06330e-02
42.251954 4.91256876e-02 4.12772251e-02 9.04029126e-02 -3.12120032e-02 1.58116350e+00 7.89642710e-01 1.89664497e-02 8.402371e-01 4.994061e-01 4.701372e+00 7.835892e+00 3.293208e-01 1.9414e-03 5.9847e-03 -1.2207e-04 0.03021 1.96935e-01 2.96041e-01 4.42721e-01 1.06714e-02
42.501966 4.90276518e-02 4.14703976e-02 9.04980494e-02 -3.19243390e-02 1.58101687e+00 7.96762702e-01 1.90222366e-02 8.458573e-01 5.039559e-01 5.214307e+00 7.993582e+00 3.482506e-01 1.9540e-03 5.7703e-03 -1.2264e-04 0.03035 1.95559e-01 2.92341e-01 4.39042e-01 1.06922e-02
42.751977 4.88181408e-02 4.17096504e-02 9.05277913e-02 -3.26060985e-02 1.57216021e+00 8.06486790e-01 1.90291760e-02 8.543883e-01 5.129800e-01 5.644812e+00 8.096797e+00 3.605153e-01 1.9715e-03 5.4722e-03 -1.2323e-04 0.03014 1.94607e-01 2.89431e-01 4.36643e-01 1.06886e-02
43.001989 4.85249098e-02 4.19764195e-02 9.05013293e-02 -3.32470006e-02 1.55466463e+00 8.17749875e-01 1.89793161e-02 8.650489e-01 5.259976e-01 5.942484e+00 8.107987e+00 3.612459e-01 1.9915e-03 5.1314e-03 -1.2385e-04 0.02961 1.93949e-01 2.87268e-01 4.35421e-01 1.06551e-02
43.252000 4.81805508e-02 4.22520643e-02 9.04326152e-02 -3.38389293e-02 1.52969125e+00 8.29618189e-01 1.88744755e-02 8.769527e-01 5.423436e-01 6.060716e+00 7.989515e+00 3.503350e-01 2.0138e-03 4.7740e-03 -1.2450e-04 0.02900 1.93348e-01 2.85609e-01 4.35039e-01 1.05900e-02
43.502012 4.78176799e-02 4.25203647e-02 9.03380445e-02 -3.43766544e-02 1.49931993e+00 8.40921021e-01 1.87219276e-02 8.892185e-01 5.608683e-01 6.001162e+00 7.721116e+00 3.312737e-01 2.0390e-03 4.4146e-03 -1.2517e-04 0.02910 1.92657e-01 2.84275e-01 4.35199e-01 1.04994e-02
43.752023 4.74651663e-02 4.27695505e-02 9.02347168e-02 -3.48579694e-02 1.46618220e+00 8.50353901e-01 1.85322888e-02 9.010724e-01 5.799783e-01 5.787545e+00 7.332141e+00 3.093145e-01 2.0685e-03 4.0787e-03 -1.2587e-04 0.02916 1.91926e-01 2.83302e-01 4.35853e-01 1.03948e-02
44.002035 4.71453027e-02 4.29935724e-02 9.01388752e-02 -3.52832949e-02 1.43291161e+00 8.56917121e-01 1.83186298e-02 9.119376e-01 5.980251e-01 5.445180e+00 6.986570e+00 2.897322e-01 2.1015e-03 3.8036e-03 -1.2660e-04 0.02918 1.91340e-01 2.82889e-01 4.37205e-01 1.02847e-02
44.252046 4.68718765e-02 4.31925304e-02 9.00644069e-02 -3.56549148e-02 1.40165973e+00 8.60334987e-01 1.80959577e-02 9.215021e-01 6.137973e-01 5.027144e+00 6.823214e+00 2.765320e-01 2.1304e-03 3.6226e-03 -1.2736e-04 0.02917 1.91091e-01 2.83246e-01 4.39566e-01 1.01773e-02
44.502058 4.66493119e-02 4.33722366e-02 9.00215485e-02 -3.59761182e-02 1.37388466e+00 8.61167232e-01 1.78804152e-02 9.297508e-01 6.268119e-01 4.586444e+00 6.782305e+00 2.717842e-01 2.1438e-03 3.5517e-03 -1.2814e-04 0.02907 1.91271e-01 2.84487e-01 4.43182e-01 1.00791e-02
44.752070 4.64731951e-02 4.35428980e-02 9.00160931e-02 -3.62504543e-02 1.35041803e+00 8.60589386e-01 1.76880593e-02 9.369465e-01 6.372763e-01 4.179470e+00 6.914307e+00 2.757105e-01 2.1327e-03 3.5881e-03 -1.2894e-04 0.02891 1.91860e-01 2.86612e-01 4.48100e-01 9.99632e-03
45.002081 4.63323104e-02 4.37169268e-02 9.00492371e-02 -3.64812374e-02 1.33168020e+00 8.60062766e-01 1.75339438e-02 9.435516e-01 6.458478e-01 4.206202e+00 7.058030e+00 2.873442e-01 2.0952e-03 3.7135e-03 -1.2976e-04 0.02860 1.92773e-01 2.89546e-01 4.54111e-01 9.93633e-03
45.252093 4.62119074e-02 4.39059700e-02 9.01178775e-02 -3.66713712e-02 1.31790379e+00 8.61085157e-01 1.74319116e-02 9.501008e-01 6.533748e-01 4.396029e+00 7.172641e+00 3.053459e-01 2.0370e-03 3.9028e-03 -1.3059e-04 0.02815 1.93931e-01 2.93176e-01 4.60797e-01 9.90611e-03
45.502104 4.60975741e-02 4.41175236e-02 9.02150976e-02 -3.68234372e-02 1.30927955e+00 8.64986307e-01 1.73941268e-02 9.570465e-01 6.606582e-01 4.640794e+00 7.271076e+00 3.286119e-01 1.9687e-03 4.1318e-03 -1.3144e-04 0.02798 1.95294e-01 2.97331e-01 4.67636e-01 9.90875e-03
45.752116 4.59789343e-02 4.43519296e-02 9.03308640e-02 -3.69399256e-02 1.30599125e+00 8.72631312e-01 1.74289805e-02 9.646141e-01 6.681755e-01 4.836350e+00 7.369294e+00 3.564745e-01 1.9028e-03 4.3794e-03 -1.3228e-04 0.02787 1.96846e-01 3.01734e-01 4.74107e-01 9.94156e-03
46.002127 4.58524099e-02 4.46007816e-02 9.04531915e-02 -3.70235811e-02 1.30814639e+00 8.84040123e-01 1.75374921e-02 9.727031e-01 6.757960e-01 4.962702e+00 7.487745e+00 3.884338e-01 1.8513e-03 4.6208e-03 -1.3312e-04 0.02773 1.98546e-01 3.05985e-01 4.79733e-01 9.99999e-03
46.252139 4.57224057e-02 4.48474743e-02 9.05698799e-02 -3.70779493e-02 1.31565462e+00 8.98149808e-01 1.77104354e-02 9.808643e-01 6.826638e-01 5.012308e+00 7.619129e+00 4.234682e-01 1.8221e-03 4.8216e-03 -1.3393e-04 0.02760 2.00291e-01 3.09630e-01 4.84126e-01 1.00764e-02
46.502151 4.56005186e-02 4.50699068e-02 9.06704254e-02 -3.71081183e-02 1.32814488e+00 9.13002809e-01 1.79291815e-02 9.883639e-01 6.874271e-01 4.991231e+00 7.778628e+00 4.592111e-01 1.8157e-03 4.9441e-03 -1.3472e-04 0.02748 2.01913e-01 3.12322e-01 4.87049e-01 1.01645e-02
46.752162 4.55027917e-02 4.52445441e-02 9.07473358e-02 -3.71214248e-02 1.34498785e+00 9.26362105e-01 1.81707996e-02 9.943246e-01 6.887513e-01 4.922598e+00 8.042330e+00 4.916585e-01 1.8252e-03 4.9687e-03 -1.3548e-04 0.02736 2.03235e-01 3.13949e-01 4.88470e-01 1.02583e-02
47.002174 4.54456345e-02 4.53507852e-02 9.07964197e-02 -3.71278309e-02 1.36537539e+00 9.36323588e-01 1.84135918e-02 9.979129e-01 6.857628e-01 5.187468e+00 8.229657e+00 5.160163e-01 1.8435e-03 4.9099e-03 -1.3620e-04 0.02735 2.04145e-01 3.14640e-01 4.88558e-01 1.03531e-02
47.252185 4.54416176e-02 4.53749580e-02 9.08165756e-02 -3.71397195e-02 1.38833112e+00 9.41488945e-01 1.86385605e-02 9.985331e-01 6.781444e-01 5.498030e+00 8.337796e+00 5.285429e-01 1.8693e-03 4.8107e-03 -1.3688e-04 0.02764 2.04655e-01 3.14689e-01 4.87645e-01 1.04450e-02
47.502197 4.54964712e-02 4.53135525e-02 9.08100237e-02 -3.71708000e-02 1.41264131e+00 9.40793318e-01 1.88274770e-02 9.959795e-01 6.659817e-01 5.744118e+00 8.376795e+00 5.282520e-01 1.9077e-03 4.7203e-03 -1.3755e-04 0.02791 2.04899e-01 3.14435e-01 4.86145e-01 1.05286e-02
47.752208 4.56080226e-02 4.51750113e-02 9.07830340e-02 -3.72339906e-02 1.43687139e+00 9.33486839e-01 1.89628659e-02 9.905058e-01 6.496662e-01 5.881721e+00 8.364752e+00 5.170193e-01 1.9620e-03 4.6717e-03 -1.3818e-04 0.02816 2.05068e-01 3.14145e-01 4.84424e-01 1.05968e-02
48.002220 4.57669524e-02 4.49791115e-02 9.07460639e-02 -3.73388318e-02 1.45957635e+00 9.19488257e-01 1.90325169e-02 9.827858e-01 6.299693e-01 5.903731e+00 8.331221e+00 4.981230e-01 2.0276e-03 4.6720e-03 -1.3880e-04 0.02840 2.05310e-01 3.13912e-01 4.82662e-01 1.06449e-02
48.252231 4.59588042e-02 4.47535580e-02 9.07123622e-02 -3.74895514e-02 1.47959043e+00 8.99767976e-01 1.90348672e-02 9.737755e-01 6.081196e-01 5.812764e+00 8.328338e+00 4.748710e-01 2.0908e-03 4.7075e-03 -1.3939e-04 0.02859 2.05659e-01 3.13630e-01 4.80813e-01 1.06724e-02
48.502243 4.61666229e-02 4.45287093e-02 9.06953322e-02 -3.76846409e-02 1.49619802e+00 8.76317109e-01 1.89801210e-02 9.645217e-01 5.856959e-01 5.632052e+00 8.307488e+00 4.501671e-01 2.1371e-03 4.7548e-03 -1.3997e-04 0.02870 2.06029e-01 3.13070e-01 4.78687e-01 1.06824e-02
48.752255 4.63735899e-02 4.43322807e-02 9.07058706e-02 -3.79180001e-02 1.50909863e+00 8.51648548e-01 1.88859774e-02 9.559812e-01 5.643425e-01 5.387186e+00 8.237266e+00 4.264164e-01 2.1593e-03 4.7923e-03 -1.4054e-04 0.02875 2.06267e-01 3.12027e-01 4.76113e-01 1.06792e-02
49.002266 4.65650848e-02 4.41856776e-02 9.07507624e-02 -3.81810464e-02 1.51823441e+00 8.28148414e-01 1.87710626e-02 9.489015e-01 5.454681e-01 5.113369e+00 8.108146e+00 4.052687e-01 2.1595e-03 4.8066e-03 -1.4110e-04 0.02873 2.06245e-01 3.10436e-01 4.73070e-01 1.06670e-02
49.252278 4.67298267e-02 4.41025971e-02 9.08324238e-02 -3.84649126e-02 1.52361433e+00 8.07614731e-01 1.86498325e-02 9.437783e-01 5.300651e-01 4.837290e+00 7.913159e+00 3.874012e-01 2.1436e-03 4.7936e-03 -1.4167e-04 0.02868 2.05915e-01 3.08402e-01 4.69712e-01 1.06482e-02
49.502289 4.68600825e-02 4.40895412e-02 9.09496237e-02 -3.87619853e-02 1.52521860e+00 7.91098553e-01 1.85305372e-02 9.408763e-01 5.186788e-01 4.580463e+00 7.662329e+00 3.726007e-01 2.1174e-03 4.7537e-03 -1.4224e-04 0.02858 2.05311e-01 3.06151e-01 4.66309e-01 1.06238e-02
49.752301 4.69512587e-02 4.41473734e-02 9.10986321e-02 -3.90665049e-02 1.52298073e+00 7.78977444e-01 1.84156654e-02 9.402809e-01 5.114821e-01 4.354315e+00 7.417033e+00 3.601036e-01 2.0851e-03 4.6872e-03 -1.4282e-04 0.02846 2.04523e-01 3.03927e-01 4.63142e-01 1.05932e-02
49.999845 4.70010917e-02 4.42714330e-02 9.12725247e-02 -3.93713890e-02 1.51689084e+00 7.71202666e-01 1.83047480e-02 9.419235e-01 5.084101e-01 4.545217e+00 7.312632e+00 3.491118e-01 2.0511e-03 4.5941e-03 -1.4341e-04 0.02832 2.03653e-01 3.01944e-01 4.60441e-01 1.05560e-02
