# tg_mhd (CUDA FP64)  tgc_slip_cond_n192_re250_drive0.1_bdrive0.2  N=192 L=192 Re=250 Pm=1 u0=0.05 nu_lat=1.215944e-02 eta_lat=1.215944e-02 tau_f=0.536478 tau_m=0.548638 dt=8.224065e-04 fw=profile
# t E_V E_M E_T H_C Omega_V Omega_M eps EM/EV OmM/OmV j_max w_max skew divb/j divb_wall/j mass_drift umax_lat fw1 fw2 fw4 tau_wall
0.000000 1.25004843e-01 1.25000000e-01 2.50004843e-01 2.20433889e-20 3.74980713e-01 1.49945900e+00 1.49955177e-02 9.999613e-01 3.998763e+00 3.463243e+00 1.999775e+00 -1.225395e-18 2.8400e-15 6.1194e-15 +0.0000e+00 0.05000 8.08379e-02 1.63018e-01 3.30724e-01 0.00000e+00
0.250012 1.27197382e-01 1.36579433e-01 2.63776815e-01 7.42276343e-05 4.44817127e-01 1.71284726e+00 1.72613151e-02 1.073760e+00 3.850677e+00 3.765673e+00 2.083865e+00 1.144357e-01 3.1739e-04 8.3354e-05 -5.0580e-06 0.05250 7.13943e-02 1.43627e-01 2.85472e-01 0.00000e+00
0.500023 1.29133198e-01 1.47838447e-01 2.76971644e-01 2.96876498e-04 6.36540167e-01 2.05302559e+00 2.15165260e-02 1.144852e+00 3.225288e+00 4.495394e+00 2.565874e+00 1.988902e-01 4.5302e-04 3.2333e-04 -1.2643e-05 0.05310 6.26403e-02 1.26483e-01 2.71089e-01 0.00000e+00
0.750035 1.30711483e-01 1.57232081e-01 2.87943565e-01 7.51576786e-04 9.29382753e-01 2.55773888e+00 2.78969730e-02 1.202894e+00 2.752083e+00 5.502510e+00 3.479329e+00 3.155118e-01 5.7127e-04 8.1623e-04 -1.3686e-05 0.05549 5.61997e-02 1.16628e-01 2.74968e-01 0.00000e+00
1.000046 1.32683599e-01 1.62858803e-01 2.95542402e-01 1.66621230e-03 1.34691387e+00 3.27272743e+00 3.69571304e-02 1.227422e+00 2.429797e+00 6.728889e+00 4.978195e+00 4.191644e-01 9.0118e-04 1.7682e-03 -4.7056e-06 0.05895 5.29085e-02 1.17308e-01 2.87059e-01 0.00000e+00
1.250058 1.35906341e-01 1.62855996e-01 2.98762337e-01 3.29145331e-03 1.92867918e+00 4.19565303e+00 4.89946576e-02 1.198296e+00 2.175402e+00 1.171897e+01 7.364225e+00 4.443177e-01 1.6542e-03 3.4593e-03 +8.3460e-06 0.06306 5.44071e-02 1.29221e-01 2.96475e-01 0.00000e+00
1.500069 1.39910129e-01 1.57123175e-01 2.97033305e-01 5.75419972e-03 2.58815008e+00 5.27287452e+00 6.28881968e-02 1.123029e+00 2.037314e+00 1.708232e+01 1.098490e+01 4.739220e-01 3.1426e-03 5.8693e-03 +1.6384e-05 0.06428 5.92944e-02 1.38059e-01 3.03386e-01 0.00000e+00
1.750081 1.43265760e-01 1.47571389e-01 2.90837149e-01 9.05381255e-03 3.10370907e+00 6.33560349e+00 7.55145005e-02 1.030053e+00 2.041301e+00 1.913577e+01 1.157993e+01 4.564517e-01 4.6347e-03 7.6438e-03 +1.4318e-05 0.06073 5.78766e-02 1.32109e-01 3.31059e-01 0.00000e+00
2.000092 1.45561538e-01 1.35994561e-01 2.81556099e-01 1.30617235e-02 3.40504591e+00 6.88891769e+00 8.23517088e-02 9.342754e-01 2.023150e+00 2.098950e+01 1.027387e+01 3.865714e-01 5.3337e-03 8.1856e-03 +5.1909e-06 0.05673 5.06896e-02 1.29621e-01 3.67063e-01 0.00000e+00
2.250104 1.47231340e-01 1.23704557e-01 2.70935897e-01 1.73402627e-02 3.56678825e+00 6.73906676e+00 8.24468401e-02 8.402053e-01 1.889394e+00 2.116823e+01 1.039125e+01 3.248203e-01 5.1194e-03 8.6125e-03 -3.5039e-06 0.05526 4.95738e-02 1.72485e-01 3.88500e-01 0.00000e+00
2.500116 1.48443099e-01 1.11666853e-01 2.60109952e-01 2.14370813e-02 3.61724533e+00 6.46107984e+00 8.06266014e-02 7.522536e-01 1.786188e+00 2.049375e+01 1.013103e+01 2.593368e-01 4.2546e-03 1.2266e-02 -5.3530e-06 0.05556 7.29116e-02 2.08112e-01 3.94326e-01 0.00000e+00
2.750127 1.49223783e-01 1.00216213e-01 2.49439996e-01 2.51058204e-02 3.60165376e+00 6.16015316e+00 7.80944553e-02 6.715834e-01 1.710368e+00 1.832889e+01 8.896714e+00 2.325890e-01 3.8986e-03 1.3949e-02 -1.5780e-06 0.05847 8.65253e-02 2.05062e-01 3.82963e-01 0.00000e+00
3.000139 1.49423730e-01 8.98656557e-02 2.39289385e-01 2.82503796e-02 3.59221555e+00 5.71622406e+00 7.44675169e-02 6.014149e-01 1.591281e+00 1.424928e+01 8.794625e+00 1.999849e-01 3.8789e-03 1.2080e-02 +2.6739e-06 0.05998 7.49253e-02 1.82123e-01 3.64916e-01 0.00000e+00
3.250150 1.48553347e-01 8.13250143e-02 2.29878361e-01 3.08825386e-02 3.53642930e+00 5.30237660e+00 7.07104472e-02 5.474465e-01 1.499359e+00 1.308003e+01 9.150324e+00 1.741925e-01 4.2483e-03 1.0020e-02 +2.8530e-06 0.05911 6.79309e-02 1.71601e-01 3.56638e-01 0.00000e+00
3.500162 1.46607419e-01 7.46955921e-02 2.21303011e-01 3.30838880e-02 3.43248523e+00 4.88059401e+00 6.65046340e-02 5.094939e-01 1.421883e+00 1.157474e+01 9.216252e+00 1.767536e-01 4.5237e-03 9.8855e-03 +4.0216e-07 0.05764 6.82964e-02 1.69900e-01 3.54006e-01 0.00000e+00
3.750173 1.43966476e-01 6.96816001e-02 2.13648076e-01 3.51411029e-02 3.32002408e+00 4.31924514e+00 6.11141538e-02 4.840127e-01 1.300968e+00 1.089001e+01 8.949436e+00 2.029930e-01 4.5927e-03 1.0642e-02 +1.0953e-07 0.05561 6.14448e-02 1.57604e-01 3.40045e-01 0.00000e+00
4.000185 1.40874883e-01 6.60943414e-02 2.06969224e-01 3.73550537e-02 3.22710720e+00 3.79817989e+00 5.62022968e-02 4.691705e-01 1.176961e+00 1.006283e+01 9.102338e+00 2.716803e-01 4.4003e-03 1.1052e-02 +3.8042e-06 0.05352 5.25948e-02 1.45957e-01 3.29731e-01 0.00000e+00
4.250197 1.37407944e-01 6.34698399e-02 2.00877784e-01 3.98361822e-02 3.18272399e+00 3.46512404e+00 5.31827843e-02 4.619081e-01 1.088729e+00 8.620418e+00 9.118103e+00 3.595008e-01 4.3216e-03 1.2150e-02 +1.0221e-05 0.05160 5.70740e-02 1.49270e-01 3.30331e-01 0.00000e+00
4.500208 1.33578897e-01 6.15701140e-02 1.95149011e-01 4.23759605e-02 3.16956948e+00 3.18597048e+00 5.08443197e-02 4.609270e-01 1.005175e+00 1.027378e+01 9.526232e+00 4.002849e-01 4.5849e-03 1.0261e-02 +1.5078e-05 0.05156 5.93264e-02 1.50828e-01 3.32109e-01 0.00000e+00
4.750220 1.29286498e-01 6.04480224e-02 1.89734520e-01 4.47604433e-02 3.12444541e+00 3.05473691e+00 4.94334586e-02 4.675509e-01 9.776893e-01 1.251679e+01 1.041510e+01 3.879960e-01 4.7425e-03 1.0589e-02 +1.4650e-05 0.05155 6.41541e-02 1.57188e-01 3.44458e-01 0.00000e+00
5.000231 1.24625198e-01 5.98795120e-02 1.84504710e-01 4.68365518e-02 3.05535989e+00 3.02216846e+00 4.86202268e-02 4.804768e-01 9.891367e-01 1.213264e+01 1.140316e+01 3.622330e-01 4.7496e-03 1.2235e-02 +9.5253e-06 0.04883 7.10364e-02 1.70086e-01 3.60791e-01 0.00000e+00
5.250243 1.19788430e-01 5.96720928e-02 1.79460523e-01 4.84503793e-02 2.97617819e+00 3.04412827e+00 4.81624516e-02 4.981457e-01 1.022831e+00 1.052008e+01 1.236579e+01 3.530139e-01 4.2198e-03 1.0416e-02 +2.9018e-06 0.04524 7.90051e-02 1.87431e-01 3.79773e-01 0.00000e+00
5.500254 1.14898520e-01 5.96416970e-02 1.74540217e-01 4.95431993e-02 2.88719325e+00 3.11192772e+00 4.79929678e-02 5.190815e-01 1.077838e+00 1.233241e+01 1.387231e+01 3.660614e-01 3.9433e-03 9.3007e-03 -1.9914e-06 0.04577 8.64835e-02 2.05456e-01 4.00958e-01 0.00000e+00
5.750266 1.10043124e-01 5.97982637e-02 1.69841388e-01 5.01777058e-02 2.77986568e+00 3.13457886e+00 4.73155563e-02 5.434075e-01 1.127601e+00 1.112736e+01 1.587429e+01 3.969006e-01 3.7245e-03 9.1377e-03 -3.8509e-06 0.04468 8.91037e-02 2.15777e-01 4.14082e-01 0.00000e+00
6.000277 1.05312713e-01 6.01608324e-02 1.65473545e-01 5.04370191e-02 2.65720282e+00 3.15132921e+00 4.64682562e-02 5.712590e-01 1.185957e+00 1.163790e+01 1.730146e+01 4.167037e-01 3.6888e-03 8.9031e-03 -3.9799e-06 0.04487 8.76434e-02 2.18472e-01 4.17612e-01 0.00000e+00
6.250289 1.00847483e-01 6.05687328e-02 1.61416216e-01 5.03934907e-02 2.53325305e+00 3.18314183e+00 4.57311590e-02 6.005974e-01 1.256543e+00 1.312903e+01 1.760891e+01 4.090783e-01 3.7811e-03 8.7367e-03 -3.8183e-06 0.04441 8.42933e-02 2.15719e-01 4.13151e-01 0.00000e+00
6.500301 9.67839841e-02 6.08298644e-02 1.57613848e-01 5.01351723e-02 2.41552419e+00 3.21200994e+00 4.50202731e-02 6.285117e-01 1.329736e+00 1.356844e+01 1.670673e+01 3.768724e-01 3.8510e-03 8.6702e-03 -3.8005e-06 0.04505 8.02953e-02 2.08771e-01 4.05916e-01 0.00000e+00
6.750312 9.32458076e-02 6.07652833e-02 1.54011091e-01 4.97092832e-02 2.31893535e+00 3.23453991e+00 4.44278021e-02 6.516677e-01 1.394838e+00 1.272240e+01 1.466228e+01 3.329440e-01 3.7338e-03 8.4977e-03 -2.9966e-06 0.04503 7.49218e-02 1.98855e-01 3.97525e-01 0.00000e+00
7.000324 9.02104353e-02 6.03277748e-02 1.50538210e-01 4.90812467e-02 2.25454269e+00 3.27284053e+00 4.42190657e-02 6.687450e-01 1.451665e+00 1.120921e+01 1.209851e+01 3.085709e-01 3.4615e-03 8.0055e-03 -7.8001e-07 0.04375 6.93700e-02 1.91410e-01 3.89173e-01 0.00000e+00
7.250335 8.74498077e-02 5.96369435e-02 1.47086751e-01 4.81838741e-02 2.20851093e+00 3.34827764e+00 4.44543086e-02 6.819563e-01 1.516079e+00 9.473637e+00 9.829825e+00 3.206531e-01 3.1662e-03 7.3180e-03 +2.5569e-06 0.04133 6.68331e-02 1.90812e-01 3.84647e-01 0.00000e+00
7.500347 8.48312982e-02 5.87348604e-02 1.43566159e-01 4.69720093e-02 2.15687354e+00 3.44038305e+00 4.47780527e-02 6.923725e-01 1.595079e+00 8.539663e+00 8.066441e+00 3.484652e-01 2.9950e-03 7.0038e-03 +5.6907e-06 0.03893 6.76580e-02 1.95893e-01 3.83603e-01 0.00000e+00
7.750358 8.25470220e-02 5.74618807e-02 1.40008903e-01 4.54444260e-02 2.08625517e+00 3.49126358e+00 4.46201500e-02 6.961109e-01 1.673460e+00 9.854073e+00 6.744737e+00 3.552815e-01 2.9226e-03 6.8457e-03 +7.3052e-06 0.03948 6.99497e-02 2.02257e-01 3.82098e-01 0.00000e+00
8.000370 8.09509468e-02 5.56409220e-02 1.36591869e-01 4.36522630e-02 2.00253830e+00 3.42609498e+00 4.34290662e-02 6.873412e-01 1.710876e+00 1.110011e+01 5.673442e+00 3.231843e-01 2.8839e-03 6.8753e-03 +6.8502e-06 0.03899 7.21353e-02 2.04283e-01 3.78593e-01 0.00000e+00
8.250382 8.02437032e-02 5.33869704e-02 1.33630674e-01 4.17262705e-02 1.93162309e+00 3.20309381e+00 4.10777352e-02 6.653104e-01 1.658240e+00 1.190047e+01 5.503382e+00 2.708585e-01 2.8940e-03 7.1575e-03 +4.9406e-06 0.03892 7.21588e-02 1.97508e-01 3.72465e-01 0.00000e+00
8.500393 8.02630880e-02 5.12040190e-02 1.31467107e-01 3.99113910e-02 1.89336793e+00 2.90013091e+00 3.83479907e-02 6.379523e-01 1.531731e+00 1.197912e+01 5.580300e+00 2.216756e-01 2.9267e-03 7.2224e-03 +2.7083e-06 0.03932 6.81447e-02 1.83856e-01 3.60234e-01 0.00000e+00
8.750405 8.05972623e-02 4.96010587e-02 1.30198321e-01 3.84814231e-02 1.89013079e+00 2.65918389e+00 3.63945175e-02 6.154187e-01 1.406878e+00 1.154266e+01 5.665716e+00 1.827077e-01 2.9011e-03 7.3815e-03 +1.0966e-06 0.03957 6.43434e-02 1.72008e-01 3.45697e-01 0.00000e+00
9.000416 8.08592409e-02 4.87669772e-02 1.29626218e-01 3.75886258e-02 1.90678571e+00 2.54863677e+00 3.56433798e-02 6.031095e-01 1.336614e+00 1.101787e+01 5.574913e+00 1.769527e-01 2.8466e-03 8.0788e-03 +4.7088e-07 0.04259 6.31727e-02 1.63087e-01 3.31643e-01 0.00000e+00
9.250428 8.08652771e-02 4.86557116e-02 1.29520989e-01 3.72213735e-02 1.92645872e+00 2.52373819e+00 3.56015753e-02 6.016886e-01 1.310040e+00 1.077423e+01 6.070717e+00 2.067355e-01 2.9087e-03 8.9518e-03 +6.1618e-07 0.04475 6.13107e-02 1.54998e-01 3.17484e-01 0.00000e+00
9.500439 8.06153339e-02 4.91868222e-02 1.29802156e-01 3.72600570e-02 1.94244794e+00 2.50324934e+00 3.55655782e-02 6.101423e-01 1.288709e+00 9.569386e+00 6.591071e+00 2.356160e-01 2.9598e-03 9.3466e-03 +1.3204e-06 0.04381 5.71831e-02 1.45197e-01 3.02314e-01 0.00000e+00
9.750451 8.01934391e-02 5.02977014e-02 1.30491140e-01 3.75605550e-02 1.95313589e+00 2.46698379e+00 3.53609575e-02 6.272047e-01 1.263089e+00 7.405600e+00 6.871329e+00 2.402943e-01 2.8688e-03 8.8343e-03 +2.6569e-06 0.04235 5.04636e-02 1.30329e-01 2.83727e-01 0.00000e+00
10.000462 7.97426148e-02 5.18237654e-02 1.31566380e-01 3.79719207e-02 1.96300417e+00 2.43488855e+00 3.51831418e-02 6.498880e-01 1.240389e+00 7.137706e+00 6.898703e+00 2.154341e-01 2.7954e-03 8.4576e-03 +4.7702e-06 0.04364 4.44874e-02 1.13140e-01 2.65658e-01 0.00000e+00
10.250474 7.94698797e-02 5.34995955e-02 1.32969475e-01 3.83515435e-02 1.97614340e+00 2.39760357e+00 3.49899758e-02 6.732059e-01 1.213274e+00 6.975588e+00 6.849820e+00 1.630412e-01 2.7809e-03 8.1773e-03 +7.3658e-06 0.04474 3.83239e-02 9.63076e-02 2.50000e-01 0.00000e+00
10.500486 7.95604145e-02 5.50887636e-02 1.34649178e-01 3.85993596e-02 1.99564746e+00 2.35440808e+00 3.48004443e-02 6.924142e-01 1.179772e+00 6.869343e+00 6.590904e+00 9.147012e-02 2.7561e-03 7.5132e-03 +9.7412e-06 0.04533 3.20205e-02 8.31042e-02 2.39051e-01 0.00000e+00
10.750497 8.00828964e-02 5.64154580e-02 1.36498354e-01 3.86256709e-02 2.02878109e+00 2.31831969e+00 3.47768063e-02 7.044633e-01 1.142716e+00 6.891096e+00 6.428841e+00 2.556298e-02 2.7546e-03 6.7083e-03 +1.1096e-05 0.04551 2.79601e-02 7.67805e-02 2.36515e-01 0.00000e+00
11.000509 8.09659677e-02 5.73727883e-02 1.38338756e-01 3.83359680e-02 2.07702540e+00 2.29765963e+00 3.49974803e-02 7.086037e-01 1.106226e+00 7.153916e+00 6.395805e+00 -1.415347e-02 2.8232e-03 5.9864e-03 +1.0979e-05 0.04561 2.74331e-02 8.06597e-02 2.42009e-01 0.00000e+00
11.250520 8.20517068e-02 5.79195091e-02 1.39971216e-01 3.76423093e-02 2.13121534e+00 2.30400310e+00 3.54817475e-02 7.058904e-01 1.081075e+00 7.526969e+00 6.612826e+00 -2.037814e-02 2.9255e-03 6.8101e-03 +9.4375e-06 0.04593 3.19513e-02 9.72399e-02 2.53612e-01 0.00000e+00
11.500532 8.31918182e-02 5.80196150e-02 1.41211433e-01 3.64832947e-02 2.18189930e+00 2.33900415e+00 3.61672276e-02 6.974197e-01 1.072004e+00 7.980146e+00 6.750309e+00 8.172802e-03 2.9828e-03 8.5595e-03 +7.1526e-06 0.04648 4.10483e-02 1.19620e-01 2.67832e-01 0.00000e+00
11.750543 8.43117192e-02 5.76281413e-02 1.41939860e-01 3.48726680e-02 2.22892888e+00 2.38637282e+00 3.69224137e-02 6.835128e-01 1.070637e+00 8.373803e+00 6.772887e+00 6.452814e-02 2.9175e-03 9.4626e-03 +4.8886e-06 0.04707 4.94754e-02 1.34024e-01 2.81557e-01 0.00000e+00
12.000555 8.53447967e-02 5.67686446e-02 1.42113441e-01 3.29188614e-02 2.28271284e+00 2.44345012e+00 3.78093037e-02 6.651682e-01 1.070415e+00 8.627229e+00 6.703609e+00 1.337720e-01 2.8265e-03 9.8763e-03 +3.1097e-06 0.04740 5.23322e-02 1.36793e-01 2.94468e-01 0.00000e+00
12.250567 8.60963972e-02 5.55905657e-02 1.41686963e-01 3.07914083e-02 2.34849285e+00 2.53146222e+00 3.90396406e-02 6.456782e-01 1.077909e+00 8.682280e+00 6.571552e+00 1.988609e-01 2.8615e-03 1.0375e-02 +1.9341e-06 0.04732 5.24222e-02 1.41005e-01 3.07832e-01 0.00000e+00
12.500578 8.62653851e-02 5.43478781e-02 1.40613263e-01 2.86489379e-02 2.41038064e+00 2.66119521e+00 4.05726069e-02 6.300079e-01 1.104056e+00 1.006391e+01 7.317427e+00 2.578462e-01 2.8442e-03 1.0580e-02 +1.5079e-06 0.04688 5.76845e-02 1.57151e-01 3.22328e-01 0.00000e+00
12.750590 8.56272312e-02 5.33198838e-02 1.38947115e-01 2.65843339e-02 2.44107541e+00 2.79050135e+00 4.18526141e-02 6.226977e-01 1.143144e+00 1.145561e+01 8.107619e+00 3.073513e-01 2.9290e-03 1.1133e-02 +2.0078e-06 0.04651 6.78059e-02 1.76192e-01 3.33629e-01 0.00000e+00
13.000601 8.41361956e-02 5.27793071e-02 1.36915503e-01 2.46000754e-02 2.42617133e+00 2.85785590e+00 4.22722178e-02 6.273080e-01 1.177928e+00 1.107278e+01 8.738273e+00 3.392243e-01 3.0197e-03 1.0936e-02 +3.3752e-06 0.04782 7.37528e-02 1.83217e-01 3.35535e-01 0.00000e+00
13.250613 8.18482497e-02 5.29902582e-02 1.34838508e-01 2.26583184e-02 2.37225206e+00 2.86072028e+00 4.18637787e-02 6.474208e-01 1.205909e+00 9.920219e+00 8.808723e+00 3.559250e-01 2.9518e-03 9.6681e-03 +5.0359e-06 0.04867 7.18665e-02 1.74004e-01 3.28449e-01 0.00000e+00
13.500624 7.87784220e-02 5.41559211e-02 1.32934343e-01 2.08039955e-02 2.29606944e+00 2.87227843e+00 4.13467829e-02 6.874461e-01 1.250955e+00 1.277111e+01 8.479148e+00 3.642011e-01 3.0177e-03 7.9081e-03 +6.2009e-06 0.04865 6.78101e-02 1.60768e-01 3.24749e-01 0.00000e+00
13.750636 7.49438390e-02 5.62453033e-02 1.31189142e-01 1.91607584e-02 2.21190227e+00 2.95625641e+00 4.13452694e-02 7.504994e-01 1.336522e+00 1.984507e+01 7.869568e+00 3.545633e-01 3.9125e-03 7.4185e-03 +6.3485e-06 0.04766 6.79814e-02 1.58635e-01 3.34788e-01 0.00000e+00
14.000647 7.05058466e-02 5.89672223e-02 1.29473069e-01 1.78008654e-02 2.13405498e+00 3.09810819e+00 4.18573053e-02 8.363451e-01 1.451747e+00 2.448054e+01 7.233619e+00 3.455578e-01 4.7737e-03 7.6834e-03 +5.3904e-06 0.04600 7.21115e-02 1.67364e-01 3.54566e-01 0.00000e+00
14.250659 6.57541979e-02 6.19369685e-02 1.27691166e-01 1.67551769e-02 2.07040876e+00 3.25403270e+00 4.25955317e-02 9.419470e-01 1.571686e+00 2.678059e+01 6.746122e+00 3.682216e-01 5.0489e-03 7.1514e-03 +3.5249e-06 0.04424 7.77722e-02 1.80130e-01 3.75226e-01 0.00000e+00
14.500671 6.10443498e-02 6.48020900e-02 1.25846440e-01 1.60640229e-02 2.01788532e+00 3.37707230e+00 4.31596610e-02 1.061558e+00 1.673570e+00 2.796332e+01 7.047130e+00 4.161283e-01 4.7068e-03 5.9172e-03 +1.1434e-06 0.04300 8.30415e-02 1.91798e-01 3.89784e-01 0.00000e+00
14.750682 5.67615713e-02 6.72777731e-02 1.24039344e-01 1.57740871e-02 1.97090050e+00 3.44238509e+00 4.33062847e-02 1.185270e+00 1.746605e+00 2.822175e+01 7.124194e+00 4.600248e-01 3.7746e-03 4.4134e-03 -1.2521e-06 0.04225 8.74370e-02 2.00523e-01 3.96152e-01 0.00000e+00
15.000694 5.32745476e-02 6.91368555e-02 1.22411403e-01 1.59417447e-02 1.92842412e+00 3.44795987e+00 4.30110720e-02 1.297746e+00 1.787968e+00 2.704258e+01 6.808797e+00 4.716504e-01 3.0644e-03 3.8019e-03 -3.1653e-06 0.04184 9.06648e-02 2.06008e-01 3.95652e-01 0.00000e+00
15.250705 5.08546761e-02 7.02220711e-02 1.21076747e-01 1.66194672e-02 1.89203700e+00 3.41331130e+00 4.24427864e-02 1.380838e+00 1.804040e+00 2.394630e+01 6.209453e+00 4.373188e-01 3.5741e-03 4.8332e-03 -4.2698e-06 0.04151 9.19180e-02 2.08380e-01 3.90778e-01 0.00000e+00
15.500717 4.96416927e-02 7.04233156e-02 1.20065008e-01 1.77987721e-02 1.87619605e+00 3.35964032e+00 4.18866909e-02 1.418632e+00 1.790666e+00 1.919688e+01 6.018939e+00 3.765900e-01 3.6347e-03 5.7457e-03 -4.4421e-06 0.04115 9.04168e-02 2.07854e-01 3.84198e-01 0.00000e+00
15.750728 4.95636084e-02 6.97649752e-02 1.19328584e-01 1.93787191e-02 1.89974853e+00 3.28383266e+00 4.14686495e-02 1.407585e+00 1.728562e+00 1.466035e+01 5.954510e+00 3.173249e-01 3.1027e-03 6.0024e-03 -3.6817e-06 0.04070 8.61809e-02 2.03813e-01 3.77111e-01 0.00000e+00
16.000740 5.02638069e-02 6.85479117e-02 1.18811719e-01 2.12220691e-02 1.95762425e+00 3.17556764e+00 4.10655352e-02 1.363763e+00 1.622154e+00 1.285216e+01 5.929438e+00 2.797508e-01 2.9556e-03 6.2734e-03 -2.1466e-06 0.04023 8.00304e-02 1.95282e-01 3.67871e-01 0.00000e+00
16.250752 5.13159828e-02 6.71781611e-02 1.18494144e-01 2.32182303e-02 2.02193666e+00 3.04700431e+00 4.05515278e-02 1.309108e+00 1.506973e+00 1.158732e+01 5.933471e+00 2.690607e-01 2.9285e-03 6.6839e-03 -1.4624e-07 0.03985 7.32990e-02 1.82821e-01 3.54805e-01 0.00000e+00
16.500763 5.25275453e-02 6.58533232e-02 1.18380869e-01 2.52812315e-02 2.07536033e+00 2.91168546e+00 3.98963663e-02 1.253691e+00 1.402978e+00 1.058209e+01 5.968427e+00 2.765975e-01 2.8416e-03 6.9598e-03 +1.9260e-06 0.03981 6.67367e-02 1.67826e-01 3.38983e-01 0.00000e+00
16.750775 5.39120649e-02 6.45762856e-02 1.18488351e-01 2.73270954e-02 2.11879697e+00 2.76666893e+00 3.90837272e-02 1.197808e+00 1.305773e+00 9.491836e+00 6.055134e+00 2.961872e-01 2.8418e-03 7.0400e-03 +3.6870e-06 0.04036 5.96883e-02 1.50872e-01 3.21973e-01 0.00000e+00
17.000786 5.54924843e-02 6.33184742e-02 1.18810959e-01 2.92787177e-02 2.15391057e+00 2.62512341e+00 3.82322718e-02 1.141028e+00 1.218771e+00 8.090681e+00 6.738323e+00 3.229018e-01 2.8901e-03 7.2616e-03 +4.8119e-06 0.04109 5.18276e-02 1.32963e-01 3.04240e-01 0.00000e+00
17.250798 5.72278560e-02 6.20408461e-02 1.19268702e-01 3.10970534e-02 2.18376968e+00 2.50968964e+00 3.75476745e-02 1.084102e+00 1.149246e+00 8.187719e+00 7.510495e+00 3.448155e-01 2.9195e-03 7.9322e-03 +5.1619e-06 0.04179 4.45007e-02 1.17192e-01 2.88541e-01 0.00000e+00
17.500809 5.90128975e-02 6.07168088e-02 1.19729706e-01 3.27949566e-02 2.21710064e+00 2.41567874e+00 3.70622351e-02 1.028874e+00 1.089567e+00 7.847808e+00 7.904055e+00 3.567510e-01 2.9635e-03 8.6734e-03 +4.8181e-06 0.04324 3.84249e-02 1.06024e-01 2.76780e-01 0.00000e+00
17.750821 6.06770801e-02 5.94094802e-02 1.20086560e-01 3.44041031e-02 2.25077392e+00 2.33339811e+00 3.66733762e-02 9.791091e-01 1.036709e+00 7.558706e+00 7.904256e+00 3.521029e-01 3.0700e-03 9.2601e-03 +4.0154e-06 0.04399 3.42254e-02 1.00373e-01 2.70699e-01 0.00000e+00
18.000832 6.20499926e-02 5.82281716e-02 1.20278164e-01 3.59187264e-02 2.26624480e+00 2.27319655e+00 3.63155308e-02 9.384074e-01 1.003068e+00 7.779074e+00 7.612359e+00 3.361283e-01 3.4313e-03 1.0328e-02 +3.1030e-06 0.04346 3.23707e-02 9.92533e-02 2.71431e-01 0.00000e+00
18.250844 6.30403030e-02 5.72087577e-02 1.20249061e-01 3.72774963e-02 2.26031108e+00 2.24852216e+00 3.60706659e-02 9.074950e-01 9.947844e-01 6.632273e+00 8.188975e+00 3.728196e-01 3.8071e-03 1.1405e-02 +2.4313e-06 0.04180 3.21657e-02 1.00344e-01 2.76337e-01 0.00000e+00
18.500856 6.36510730e-02 5.62573568e-02 1.19908430e-01 3.83931988e-02 2.25087049e+00 2.25461386e+00 3.60438748e-02 8.838399e-01 1.001663e+00 6.381353e+00 8.375894e+00 4.605829e-01 3.4630e-03 1.1730e-02 +2.1760e-06 0.03943 3.27686e-02 1.03972e-01 2.88738e-01 0.00000e+00
18.750867 6.39561698e-02 5.52536008e-02 1.19209771e-01 3.91844092e-02 2.24809278e+00 2.24891728e+00 3.59760804e-02 8.639292e-01 1.000367e+00 6.157392e+00 8.171393e+00 5.003055e-01 3.0147e-03 1.2335e-02 +2.3555e-06 0.03786 3.47859e-02 1.11152e-01 3.04365e-01 0.00000e+00
19.000879 6.39866671e-02 5.42655106e-02 1.18252178e-01 3.96025886e-02 2.25245044e+00 2.19909239e+00 3.56123427e-02 8.480753e-01 9.763111e-01 6.239323e+00 7.605621e+00 4.808966e-01 2.9655e-03 1.2797e-02 +2.8644e-06 0.03752 3.94836e-02 1.18430e-01 3.17331e-01 0.00000e+00
19.250890 6.36369295e-02 5.35849941e-02 1.17221924e-01 3.96596611e-02 2.25288323e+00 2.12563568e+00 3.50281513e-02 8.420424e-01 9.435179e-01 6.636195e+00 6.988489e+00 4.421941e-01 2.7560e-03 1.1859e-02 +3.3145e-06 0.03638 4.10743e-02 1.22715e-01 3.25324e-01 0.00000e+00
19.500902 6.27875419e-02 5.34275963e-02 1.16215138e-01 3.93931930e-02 2.22706718e+00 2.12537523e+00 3.48195393e-02 8.509267e-01 9.543382e-01 6.682616e+00 6.447862e+00 4.091578e-01 2.5475e-03 1.1466e-02 +3.4236e-06 0.03474 4.76078e-02 1.34766e-01 3.36603e-01 0.00000e+00
19.750913 6.15048376e-02 5.36974186e-02 1.15202256e-01 3.88301521e-02 2.17742829e+00 2.19147685e+00 3.49512411e-02 8.730601e-01 1.006452e+00 6.809259e+00 6.108553e+00 3.994673e-01 2.4740e-03 1.0618e-02 +3.4010e-06 0.03394 5.85422e-02 1.51534e-01 3.50624e-01 0.00000e+00
20.000925 5.99665522e-02 5.42491289e-02 1.14215681e-01 3.80234502e-02 2.11233833e+00 2.26136955e+00 3.49896630e-02 9.046565e-01 1.070553e+00 7.111865e+00 7.084450e+00 4.103490e-01 2.4881e-03 9.9047e-03 +3.3142e-06 0.03395 6.67108e-02 1.64182e-01 3.62056e-01 0.00000e+00
20.250937 5.83500365e-02 5.50122087e-02 1.13362245e-01 3.70410744e-02 2.03123541e+00 2.31006537e+00 3.47304062e-02 9.427965e-01 1.137271e+00 6.668546e+00 7.501154e+00 4.043735e-01 2.5920e-03 9.1636e-03 +3.0601e-06 0.03402 7.03063e-02 1.70443e-01 3.68623e-01 0.00000e+00
20.500948 5.68020916e-02 5.59532657e-02 1.12755357e-01 3.59457434e-02 1.94016114e+00 2.33484885e+00 3.42000800e-02 9.850564e-01 1.203430e+00 6.089975e+00 6.191409e+00 3.607943e-01 2.6797e-03 8.4787e-03 +2.5623e-06 0.03441 6.94910e-02 1.70192e-01 3.68984e-01 0.00000e+00
20.750960 5.53571004e-02 5.70929995e-02 1.12450100e-01 3.47649556e-02 1.85672508e+00 2.35405675e+00 3.36862546e-02 1.031358e+00 1.267854e+00 8.410670e+00 6.698664e+00 3.105217e-01 2.6556e-03 7.7952e-03 +1.8116e-06 0.03463 6.66557e-02 1.66247e-01 3.65031e-01 0.00000e+00
21.000971 5.39044916e-02 5.85240779e-02 1.12428570e-01 3.34689947e-02 1.78227652e+00 2.37933720e+00 3.32929097e-02 1.085699e+00 1.334999e+00 1.012696e+01 6.450372e+00 2.860581e-01 2.5345e-03 7.2557e-03 +8.9300e-07 0.03463 6.35019e-02 1.60089e-01 3.57034e-01 0.00000e+00
21.250983 5.23290140e-02 6.03311117e-02 1.12660126e-01 3.20330023e-02 1.70843856e+00 2.41337449e+00 3.29745044e-02 1.152919e+00 1.412620e+00 1.020385e+01 5.375827e+00 2.669830e-01 2.3658e-03 6.8715e-03 -2.5673e-08 0.03441 6.03417e-02 1.52453e-01 3.45326e-01 0.00000e+00
21.500994 5.06604840e-02 6.24426024e-02 1.13103086e-01 3.04793918e-02 1.64481559e+00 2.45064920e+00 3.27637183e-02 1.232570e+00 1.489923e+00 1.021362e+01 5.838188e+00 2.441198e-01 2.2272e-03 6.5057e-03 -7.4964e-07 0.03390 5.72896e-02 1.44954e-01 3.32686e-01 0.00000e+00
21.751006 4.90389617e-02 6.46497915e-02 1.13688753e-01 2.88824203e-02 1.60602089e+00 2.48569183e+00 3.27337018e-02 1.318335e+00 1.547733e+00 1.082394e+01 6.029978e+00 2.267116e-01 2.1230e-03 6.0549e-03 -1.1527e-06 0.03293 5.46205e-02 1.38954e-01 3.23023e-01 0.00000e+00
22.001017 4.75726502e-02 6.67329644e-02 1.14305615e-01 2.73551448e-02 1.59432725e+00 2.52516531e+00 3.29559405e-02 1.402759e+00 1.583844e+00 1.197060e+01 5.859494e+00 2.233631e-01 2.0647e-03 5.5614e-03 -1.1978e-06 0.03142 5.27770e-02 1.35955e-01 3.20275e-01 0.00000e+00
22.251029 4.62891308e-02 6.84987756e-02 1.14787906e-01 2.60411725e-02 1.60362373e+00 2.58191008e+00 3.34842705e-02 1.479803e+00 1.610047e+00 1.295457e+01 5.408444e+00 2.376039e-01 2.0589e-03 5.1612e-03 -8.9634e-07 0.03100 5.22208e-02 1.36885e-01 3.25493e-01 0.00000e+00
22.501041 4.51768430e-02 6.97567849e-02 1.14933628e-01 2.50852618e-02 1.62534456e+00 2.66220738e+00 3.43004155e-02 1.544083e+00 1.637934e+00 1.296527e+01 4.962563e+00 2.701470e-01 2.0799e-03 4.9382e-03 -3.2323e-07 0.03107 5.22525e-02 1.40310e-01 3.33970e-01 0.00000e+00
22.751052 4.42398191e-02 7.03159479e-02 1.14555767e-01 2.45728882e-02 1.64775287e+00 2.76145948e+00 3.52736988e-02 1.589427e+00 1.675894e+00 1.194897e+01 4.974068e+00 2.975610e-01 2.1871e-03 5.0839e-03 +3.4722e-07 0.03102 5.24233e-02 1.44512e-01 3.39483e-01 0.00000e+00
23.001064 4.35419863e-02 6.99955146e-02 1.13537501e-01 2.44951818e-02 1.66300375e+00 2.86545466e+00 3.62276673e-02 1.607541e+00 1.723060e+00 1.059866e+01 5.508597e+00 2.980516e-01 2.3642e-03 5.4746e-03 +9.2829e-07 0.03231 5.33887e-02 1.50064e-01 3.42143e-01 0.00000e+00
23.251075 4.31782900e-02 6.86936366e-02 1.11871927e-01 2.47760007e-02 1.67688013e+00 2.93554081e+00 3.68993675e-02 1.590930e+00 1.750597e+00 1.013116e+01 5.524559e+00 2.944342e-01 2.5378e-03 5.8518e-03 +1.2862e-06 0.03290 5.56133e-02 1.55972e-01 3.43433e-01 0.00000e+00
23.501087 4.31758155e-02 6.65297245e-02 1.09705540e-01 2.53052214e-02 1.69076877e+00 2.92673644e+00 3.69400417e-02 1.540903e+00 1.731009e+00 1.066028e+01 5.250247e+00 2.987634e-01 2.6979e-03 6.1097e-03 +1.3472e-06 0.03271 5.78734e-02 1.58949e-01 3.41708e-01 0.00000e+00
23.751098 4.34666322e-02 6.38355742e-02 1.07302206e-01 2.59736654e-02 1.69764636e+00 2.84369328e+00 3.63307171e-02 1.468611e+00 1.675080e+00 1.125600e+01 5.000030e+00 2.941853e-01 2.8284e-03 6.2051e-03 +1.1159e-06 0.03201 5.85744e-02 1.57545e-01 3.36329e-01 0.00000e+00
24.001110 4.39559247e-02 6.09727602e-02 1.04928685e-01 2.67037934e-02 1.69800077e+00 2.71410999e+00 3.52968861e-02 1.387134e+00 1.598415e+00 1.171620e+01 4.992880e+00 2.766279e-01 3.0443e-03 6.2650e-03 +7.0240e-07 0.03090 5.80106e-02 1.52953e-01 3.29276e-01 0.00000e+00
24.251122 4.45572252e-02 5.82530301e-02 1.02810255e-01 2.74474308e-02 1.69727634e+00 2.54973899e+00 3.39761226e-02 1.307376e+00 1.502253e+00 1.176940e+01 5.186024e+00 2.710616e-01 3.2717e-03 6.3413e-03 +2.9264e-07 0.02988 5.73297e-02 1.47198e-01 3.23172e-01 0.00000e+00
24.501133 4.51816540e-02 5.59331916e-02 1.01114846e-01 2.81808296e-02 1.69337116e+00 2.37680647e+00 3.25614210e-02 1.237962e+00 1.403595e+00 1.146392e+01 5.472532e+00 2.750104e-01 3.1958e-03 6.4167e-03 +6.9022e-08 0.02990 5.65780e-02 1.41237e-01 3.18161e-01 0.00000e+00
24.751145 4.57782163e-02 5.41322931e-02 9.99105094e-02 2.88878301e-02 1.68558032e+00 2.22982811e+00 3.13232674e-02 1.182490e+00 1.322885e+00 1.083591e+01 5.778531e+00 2.631767e-01 2.8649e-03 6.3630e-03 +1.3296e-07 0.03156 5.46692e-02 1.34926e-01 3.12335e-01 0.00000e+00
25.001156 4.63699151e-02 5.28050409e-02 9.91749560e-02 2.95359999e-02 1.67743035e+00 2.12014709e+00 3.03806195e-02 1.138778e+00 1.263926e+00 1.007633e+01 6.005477e+00 2.438460e-01 2.5141e-03 6.0262e-03 +4.7635e-07 0.03239 5.13053e-02 1.28273e-01 3.04908e-01 0.00000e+00
25.251168 4.70179941e-02 5.18331222e-02 9.88511163e-02 3.00777507e-02 1.67095190e+00 2.03781599e+00 2.96701431e-02 1.102410e+00 1.219554e+00 9.108097e+00 6.232497e+00 2.351438e-01 2.2836e-03 5.5077e-03 +1.0182e-06 0.03235 4.77282e-02 1.21888e-01 2.96726e-01 0.00000e+00
25.501179 4.77660645e-02 5.11152438e-02 9.88813083e-02 3.04674572e-02 1.66724488e+00 1.96965072e+00 2.90951648e-02 1.070116e+00 1.181381e+00 8.014210e+00 6.429044e+00 2.397611e-01 2.2210e-03 5.1024e-03 +1.6651e-06 0.03155 4.49543e-02 1.16051e-01 2.88356e-01 0.00000e+00
25.751191 4.86239713e-02 5.05864194e-02 9.92103906e-02 3.06806055e-02 1.66663062e+00 1.90883677e+00 2.86037391e-02 1.040360e+00 1.145327e+00 6.898265e+00 6.271909e+00 2.568146e-01 2.2537e-03 4.8835e-03 +2.3298e-06 0.03216 4.27552e-02 1.10369e-01 2.79791e-01 0.00000e+00
26.001202 4.95788275e-02 5.02024162e-02 9.97812437e-02 3.07255852e-02 1.67031390e+00 1.85549746e+00 2.82064909e-02 1.012578e+00 1.110868e+00 6.058210e+00 5.502258e+00 2.838574e-01 2.3246e-03 4.7305e-03 +2.9111e-06 0.03354 4.06014e-02 1.04570e-01 2.71817e-01 0.00000e+00
26.251214 5.05885798e-02 4.99366110e-02 1.00525191e-01 3.06386075e-02 1.68133613e+00 1.81627368e+00 2.79808785e-02 9.871123e-01 1.080256e+00 5.809653e+00 4.559546e+00 3.095727e-01 2.3555e-03 4.7609e-03 +3.3009e-06 0.03448 3.82978e-02 9.89484e-02 2.65983e-01 0.00000e+00
26.501226 5.15544555e-02 4.97992545e-02 1.01353710e-01 3.04579979e-02 1.70063449e+00 1.80063447e+00 2.80101517e-02 9.659544e-01 1.058802e+00 5.956780e+00 4.730399e+00 3.285819e-01 2.3161e-03 5.1396e-03 +3.4226e-06 0.03544 3.59669e-02 9.45784e-02 2.62839e-01 0.00000e+00
26.751237 5.23329430e-02 4.98390734e-02 1.02172016e-01 3.01987179e-02 1.72568470e+00 1.81392770e+00 2.83168992e-02 9.523461e-01 1.051135e+00 6.084772e+00 4.844591e+00 3.521257e-01 2.4460e-03 6.0679e-03 +3.2656e-06 0.03608 3.41140e-02 9.30967e-02 2.61665e-01 0.00000e+00
27.001249 5.27941678e-02 5.01087186e-02 1.02902886e-01 2.98609501e-02 1.75454749e+00 1.85733126e+00 2.88950300e-02 9.491336e-01 1.058581e+00 6.174239e+00 4.976473e+00 3.786034e-01 2.5772e-03 7.7165e-03 +2.8766e-06 0.03633 3.34885e-02 9.46987e-02 2.62183e-01 0.00000e+00
27.251260 5.28658720e-02 5.06219877e-02 1.03487860e-01 2.94471207e-02 1.78228952e+00 1.93524880e+00 2.97403065e-02 9.575551e-01 1.085822e+00 6.282849e+00 5.119963e+00 3.976924e-01 2.4783e-03 9.0804e-03 +2.3367e-06 0.03618 3.48778e-02 9.85716e-02 2.64959e-01 0.00000e+00
27.501272 5.25615057e-02 5.13249385e-02 1.03886444e-01 2.89650240e-02 1.79935960e+00 2.04717030e+00 3.07722392e-02 9.764739e-01 1.137722e+00 6.453091e+00 5.089435e+00 4.079596e-01 2.3757e-03 1.0281e-02 +1.7791e-06 0.03618 3.81653e-02 1.04395e-01 2.70852e-01 0.00000e+00
27.751283 5.19904768e-02 5.21091366e-02 1.04099613e-01 2.84152746e-02 1.80195204e+00 2.17198507e+00 3.17914969e-02 1.002282e+00 1.205351e+00 6.975880e+00 4.782490e+00 4.101605e-01 2.4465e-03 1.1139e-02 +1.3844e-06 0.03592 4.19745e-02 1.10676e-01 2.79024e-01 0.00000e+00
28.001295 5.13183642e-02 5.28691282e-02 1.04187492e-01 2.77845749e-02 1.79501308e+00 2.27881679e+00 3.25906390e-02 1.030219e+00 1.269527e+00 7.030989e+00 4.807531e+00 4.061155e-01 2.5383e-03 1.1177e-02 +1.2906e-06 0.03530 4.49164e-02 1.15669e-01 2.87538e-01 0.00000e+00
28.251307 5.07038108e-02 5.35516715e-02 1.04255482e-01 2.70614601e-02 1.78445713e+00 2.34825630e+00 3.30617075e-02 1.056167e+00 1.315950e+00 6.898380e+00 4.769783e+00 4.031757e-01 2.5331e-03 1.0692e-02 +1.5354e-06 0.03575 4.62415e-02 1.18430e-01 2.94755e-01 0.00000e+00
28.501318 5.02554053e-02 5.41662721e-02 1.04421677e-01 2.62615617e-02 1.77166611e+00 2.38052499e+00 3.32175289e-02 1.077820e+00 1.343665e+00 6.935066e+00 4.670411e+00 4.036892e-01 2.4421e-03 9.9026e-03 +2.0541e-06 0.03633 4.60241e-02 1.19048e-01 3.00965e-01 0.00000e+00
28.751330 5.00151482e-02 5.47664751e-02 1.04781623e-01 2.54403962e-02 1.75429528e+00 2.39223271e+00 3.31722239e-02 1.094998e+00 1.363643e+00 6.992648e+00 4.823456e+00 4.001621e-01 2.3292e-03 8.9451e-03 +2.7038e-06 0.03669 4.51078e-02 1.18963e-01 3.07862e-01 0.00000e+00
29.001341 4.99620755e-02 5.54162410e-02 1.05378316e-01 2.46870634e-02 1.73139164e+00 2.40559160e+00 3.30958659e-02 1.109166e+00 1.389398e+00 7.076460e+00 4.828601e+00 3.877648e-01 2.2464e-03 8.1359e-03 +3.3012e-06 0.03674 4.46969e-02 1.20065e-01 3.16317e-01 0.00000e+00
29.251353 5.00333904e-02 5.61589268e-02 1.06192317e-01 2.41080622e-02 1.70731842e+00 2.43563058e+00 3.31435920e-02 1.122429e+00 1.426582e+00 7.146177e+00 4.686789e+00 3.680397e-01 2.1886e-03 7.6384e-03 +3.6704e-06 0.03642 4.52311e-02 1.23351e-01 3.25963e-01 0.00000e+00
29.501364 5.01582311e-02 5.69996926e-02 1.07157924e-01 2.38142110e-02 1.68915697e+00 2.48892819e+00 3.34246813e-02 1.136398e+00 1.473474e+00 7.154279e+00 4.461508e+00 3.394482e-01 2.1209e-03 7.0419e-03 +3.7114e-06 0.03714 4.69032e-02 1.29682e-01 3.35385e-01 0.00000e+00
29.751376 5.02827415e-02 5.79106393e-02 1.08193381e-01 2.39057688e-02 1.67707047e+00 2.56840623e+00 3.39638136e-02 1.151700e+00 1.531484e+00 7.050341e+00 4.582613e+00 3.029435e-01 2.0531e-03 6.3213e-03 +3.4620e-06 0.03865 4.99641e-02 1.38094e-01 3.43108e-01 0.00000e+00
30.001387 5.03685908e-02 5.88684811e-02 1.09237072e-01 2.44445716e-02 1.66288713e+00 2.67283612e+00 3.46857860e-02 1.168754e+00 1.607347e+00 6.836377e+00 4.767254e+00 2.734298e-01 2.0335e-03 5.8202e-03 +3.0881e-06 0.04027 5.39262e-02 1.46354e-01 3.48122e-01 0.00000e+00
30.251399 5.03763952e-02 5.98978132e-02 1.10274208e-01 2.54251406e-02 1.64122716e+00 2.78655842e+00 3.54222846e-02 1.189006e+00 1.697851e+00 6.524002e+00 4.855311e+00 2.671107e-01 2.1008e-03 5.9395e-03 +2.7870e-06 0.04168 5.72968e-02 1.51787e-01 3.49552e-01 0.00000e+00
30.501411 5.02704159e-02 6.10783244e-02 1.11348740e-01 2.67899951e-02 1.61433128e+00 2.88436120e+00 3.59895398e-02 1.214995e+00 1.786722e+00 6.757671e+00 4.748007e+00 2.823749e-01 2.2090e-03 6.2833e-03 +2.6287e-06 0.04249 5.82056e-02 1.52643e-01 3.46691e-01 0.00000e+00
30.751422 5.00490342e-02 6.24918003e-02 1.12540835e-01 2.84839227e-02 1.58963117e+00 2.95107608e+00 3.63256580e-02 1.248612e+00 1.856453e+00 6.828975e+00 4.752481e+00 2.928535e-01 2.2959e-03 6.3881e-03 +2.5255e-06 0.04239 5.67995e-02 1.49262e-01 3.40056e-01 0.00000e+00
31.001434 4.97645248e-02 6.41592806e-02 1.13923805e-01 3.04772942e-02 1.57267323e+00 2.98915273e+00 3.64946076e-02 1.289257e+00 1.900683e+00 7.093112e+00 5.170993e+00 2.659688e-01 2.3566e-03 6.3930e-03 +2.3316e-06 0.04156 5.47988e-02 1.43102e-01 3.31572e-01 0.00000e+00
31.251445 4.95185676e-02 6.60206583e-02 1.15539226e-01 3.27419775e-02 1.55915610e+00 3.01179166e+00 3.65675821e-02 1.333251e+00 1.931681e+00 7.080005e+00 5.633846e+00 2.025458e-01 2.4125e-03 6.3722e-03 +2.0021e-06 0.04112 5.31534e-02 1.35841e-01 3.23502e-01 0.00000e+00
31.501457 4.94504955e-02 6.79507338e-02 1.17401229e-01 3.52155369e-02 1.54343520e+00 3.02411363e+00 3.65403906e-02 1.374116e+00 1.959340e+00 7.607992e+00 6.098753e+00 1.429466e-01 2.4918e-03 6.5829e-03 +1.7350e-06 0.04142 5.11994e-02 1.28823e-01 3.16592e-01 0.00000e+00
31.751468 4.96760262e-02 6.98341522e-02 1.19510178e-01 3.78045378e-02 1.53438146e+00 3.01246562e+00 3.63747767e-02 1.405792e+00 1.963309e+00 7.572669e+00 6.428532e+00 1.198184e-01 2.5536e-03 6.8161e-03 +1.8239e-06 0.04144 4.71349e-02 1.21803e-01 3.09655e-01 0.00000e+00
32.001480 5.01573732e-02 7.16833919e-02 1.21840765e-01 4.04357995e-02 1.54552499e+00 2.97424122e+00 3.61581297e-02 1.429170e+00 1.924421e+00 8.267059e+00 6.889199e+00 1.202045e-01 2.5523e-03 6.8461e-03 +2.2981e-06 0.04084 4.14694e-02 1.14810e-01 3.02667e-01 0.00000e+00
32.251491 5.07063499e-02 7.36124207e-02 1.24318771e-01 4.30955897e-02 1.57242705e+00 2.93212981e+00 3.60364549e-02 1.451740e+00 1.864716e+00 9.556719e+00 7.333479e+00 1.087855e-01 2.5297e-03 7.0546e-03 +2.8832e-06 0.04186 3.73090e-02 1.09431e-01 2.96587e-01 0.00000e+00
32.501503 5.11739554e-02 7.56811121e-02 1.26855067e-01 4.57943535e-02 1.59351609e+00 2.90487748e+00 3.59871486e-02 1.478899e+00 1.822936e+00 1.014877e+01 7.566240e+00 7.516348e-02 2.5096e-03 7.4528e-03 +3.2697e-06 0.04304 3.53816e-02 1.06214e-01 2.90773e-01 0.00000e+00
32.751515 5.15756184e-02 7.78201090e-02 1.29395727e-01 4.85026380e-02 1.59259461e+00 2.89529183e+00 3.59030915e-02 1.508855e+00 1.817972e+00 1.022000e+01 7.509745e+00 3.763860e-02 2.4790e-03 7.6312e-03 +3.3162e-06 0.04040 3.40242e-02 1.03611e-01 2.83998e-01 0.00000e+00
33.001526 5.20467435e-02 7.98679452e-02 1.31914689e-01 5.11438420e-02 1.57090999e+00 2.89813102e+00 3.57523281e-02 1.534543e+00 1.844874e+00 9.966406e+00 7.215245e+00 1.256835e-02 2.4360e-03 7.6348e-03 +3.0541e-06 0.03679 3.21655e-02 1.00200e-01 2.75686e-01 0.00000e+00
33.251538 5.27281675e-02 8.16529851e-02 1.34381153e-01 5.36302876e-02 1.54037584e+00 2.90959402e+00 3.55997589e-02 1.548565e+00 1.888886e+00 9.896025e+00 6.691109e+00 6.606148e-03 2.3667e-03 7.6133e-03 +2.5971e-06 0.03290 3.01192e-02 9.63701e-02 2.66758e-01 0.00000e+00
33.501549 5.37046236e-02 8.30357271e-02 1.36740351e-01 5.58954800e-02 1.51285348e+00 2.92975730e+00 3.55408863e-02 1.546156e+00 1.936577e+00 1.019976e+01 6.215969e+00 1.804491e-02 2.2595e-03 7.6726e-03 +2.0805e-06 0.03202 2.86564e-02 9.35824e-02 2.59644e-01 0.00000e+00
33.751561 5.50148241e-02 8.39065755e-02 1.38921400e-01 5.78951306e-02 1.49555837e+00 2.95693109e+00 3.56199157e-02 1.525163e+00 1.977142e+00 1.052981e+01 6.249798e+00 3.215585e-02 2.1238e-03 7.6939e-03 +1.6312e-06 0.03351 2.81725e-02 9.31906e-02 2.56319e-01 0.00000e+00
34.001572 5.66584344e-02 8.41910756e-02 1.40849510e-01 5.95946118e-02 1.49987270e+00 2.97977153e+00 3.58371539e-02 1.485941e+00 1.986683e+00 1.029087e+01 6.177736e+00 4.443035e-02 2.0703e-03 8.0246e-03 +1.3455e-06 0.03480 2.90694e-02 9.62930e-02 2.57566e-01 0.00000e+00
34.251584 5.85786357e-02 8.38772726e-02 1.42455908e-01 6.09664366e-02 1.53469962e+00 2.98013299e+00 3.61186609e-02 1.431875e+00 1.941835e+00 9.615813e+00 6.128225e+00 6.137670e-02 2.0735e-03 8.2558e-03 +1.2706e-06 0.03562 3.13966e-02 1.02285e-01 2.62563e-01 0.00000e+00
34.501596 6.06589043e-02 8.30290058e-02 1.43687910e-01 6.19854253e-02 1.59747330e+00 2.94814560e+00 3.63649512e-02 1.368785e+00 1.845505e+00 8.674031e+00 6.096131e+00 7.747790e-02 2.0267e-03 8.1566e-03 +1.3971e-06 0.03546 3.46459e-02 1.09362e-01 2.70485e-01 0.00000e+00
34.751607 6.27432986e-02 8.17556177e-02 1.44498916e-01 6.26361929e-02 1.67544344e+00 2.89335219e+00 3.65503650e-02 1.303018e+00 1.726917e+00 7.853913e+00 6.047070e+00 8.249120e-02 1.9456e-03 7.8622e-03 +1.6713e-06 0.03636 3.80905e-02 1.16467e-01 2.81990e-01 0.00000e+00
35.001619 6.46854018e-02 8.01526157e-02 1.44838017e-01 6.29426898e-02 1.75213206e+00 2.83461619e+00 3.66939860e-02 1.239114e+00 1.617810e+00 7.638475e+00 5.956898e+00 7.567792e-02 2.0031e-03 7.9304e-03 +2.0280e-06 0.03714 4.10417e-02 1.23045e-01 2.97541e-01 0.00000e+00
35.251630 6.64091646e-02 7.82654925e-02 1.44674657e-01 6.29771689e-02 1.81557226e+00 2.77757845e+00 3.67452057e-02 1.178535e+00 1.529864e+00 7.393113e+00 5.793582e+00 6.215706e-02 2.2300e-03 8.4822e-03 +2.4084e-06 0.03792 4.28631e-02 1.28574e-01 3.14600e-01 0.00000e+00
35.501642 6.79259557e-02 7.61010479e-02 1.44027004e-01 6.28248851e-02 1.86290277e+00 2.71822064e+00 3.66489873e-02 1.120353e+00 1.459132e+00 7.274341e+00 5.754806e+00 5.821466e-02 2.3603e-03 8.7562e-03 +2.7581e-06 0.03903 4.39262e-02 1.34696e-01 3.30654e-01 0.00000e+00
35.751653 6.92720880e-02 7.36682028e-02 1.42940291e-01 6.25472552e-02 1.89972437e+00 2.65825323e+00 3.64638208e-02 1.063462e+00 1.399284e+00 7.197246e+00 5.863094e+00 8.685647e-02 2.4115e-03 8.9722e-03 +3.0386e-06 0.04119 4.62329e-02 1.44998e-01 3.45541e-01 0.00000e+00
36.001665 7.04271360e-02 7.10314105e-02 1.41458546e-01 6.21860624e-02 1.93069860e+00 2.59846195e+00 3.62332844e-02 1.008580e+00 1.345866e+00 8.231011e+00 6.214010e+00 1.382767e-01 2.4129e-03 9.2115e-03 +3.2608e-06 0.04315 5.23884e-02 1.59440e-01 3.59260e-01 0.00000e+00
36.251676 7.13156629e-02 6.83299751e-02 1.39645638e-01 6.17956346e-02 1.95171823e+00 2.52730858e+00 3.58322145e-02 9.581342e-01 1.294915e+00 9.016603e+00 6.337031e+00 1.836583e-01 2.3698e-03 9.5225e-03 +3.4959e-06 0.04467 6.17245e-02 1.72253e-01 3.69662e-01 0.00000e+00
36.501688 7.18649857e-02 6.57627597e-02 1.37627745e-01 6.14691055e-02 1.95784490e+00 2.42392555e+00 3.50541636e-02 9.150876e-01 1.238058e+00 9.130254e+00 6.254274e+00 2.219302e-01 2.4263e-03 9.4666e-03 +3.8018e-06 0.04511 6.89646e-02 1.77648e-01 3.72095e-01 0.00000e+00
36.751700 7.20304589e-02 6.35416700e-02 1.35572129e-01 6.13078804e-02 1.95205940e+00 2.29162084e+00 3.39494419e-02 8.821500e-01 1.173950e+00 8.737065e+00 6.384365e+00 2.676096e-01 2.4405e-03 8.6234e-03 +4.1402e-06 0.04394 7.04586e-02 1.76044e-01 3.65124e-01 0.00000e+00
37.001711 7.17991728e-02 6.18086100e-02 1.33607783e-01 6.13633841e-02 1.94165610e+00 2.16449191e+00 3.28491841e-02 8.608541e-01 1.114766e+00 7.996250e+00 6.738384e+00 3.187473e-01 2.3591e-03 7.6437e-03 +4.3890e-06 0.04155 6.84459e-02 1.72285e-01 3.53207e-01 0.00000e+00
37.251723 7.12007729e-02 6.05999120e-02 1.31800685e-01 6.16240174e-02 1.93474402e+00 2.07697386e+00 3.20937431e-02 8.511131e-01 1.073514e+00 7.345909e+00 6.892087e+00 3.624779e-01 2.3324e-03 7.6655e-03 +4.4655e-06 0.03867 6.77271e-02 1.69757e-01 3.41462e-01 0.00000e+00
37.501734 7.02886761e-02 5.98917391e-02 1.30180415e-01 6.20324234e-02 1.93863066e+00 2.04146916e+00 3.18407986e-02 8.520823e-01 1.053047e+00 7.312680e+00 6.896851e+00 3.951249e-01 2.4063e-03 8.1901e-03 +4.4133e-06 0.03712 6.83123e-02 1.68098e-01 3.35610e-01 0.00000e+00
37.751746 6.90947856e-02 5.96515288e-02 1.28746314e-01 6.24969808e-02 1.95608916e+00 2.06110910e+00 3.21375861e-02 8.633290e-01 1.053689e+00 6.254718e+00 6.818184e+00 4.216101e-01 2.4979e-03 8.6087e-03 +4.3018e-06 0.03619 6.85388e-02 1.69006e-01 3.38161e-01 0.00000e+00
38.001757 6.76171444e-02 5.98426432e-02 1.27459788e-01 6.29029981e-02 1.98320976e+00 2.13686608e+00 3.29606067e-02 8.850217e-01 1.077479e+00 6.205128e+00 6.883326e+00 4.434105e-01 2.5671e-03 9.2995e-03 +4.1418e-06 0.03612 7.08326e-02 1.78083e-01 3.48512e-01 0.00000e+00
38.251769 6.58530836e-02 6.04293861e-02 1.26282470e-01 6.31554818e-02 2.00654755e+00 2.25127599e+00 3.40625883e-02 9.176394e-01 1.121965e+00 7.253414e+00 7.210787e+00 4.524826e-01 2.6209e-03 1.0090e-02 +3.9479e-06 0.03566 7.75318e-02 1.93679e-01 3.62448e-01 0.00000e+00
38.501781 6.38490215e-02 6.13989044e-02 1.25247926e-01 6.32425878e-02 2.00610330e+00 2.36684105e+00 3.49835548e-02 9.616264e-01 1.179820e+00 8.016722e+00 7.505398e+00 4.362445e-01 2.6411e-03 1.0303e-02 +3.7429e-06 0.03496 8.55604e-02 2.06247e-01 3.72910e-01 0.00000e+00
38.751792 6.17291611e-02 6.27621116e-02 1.24491273e-01 6.32512370e-02 1.96517036e+00 2.44981251e+00 3.53198630e-02 1.016734e+00 1.246616e+00 8.086678e+00 7.714974e+00 3.918033e-01 2.6253e-03 9.9730e-03 +3.4955e-06 0.03427 8.92862e-02 2.07222e-01 3.74262e-01 0.00000e+00
39.001804 5.96923959e-02 6.45109392e-02 1.24203335e-01 6.33079892e-02 1.88066201e+00 2.49127623e+00 3.49755059e-02 1.080723e+00 1.324680e+00 7.536650e+00 7.841881e+00 3.339264e-01 2.5852e-03 9.4003e-03 +3.1552e-06 0.03550 8.47993e-02 1.93897e-01 3.64708e-01 0.00000e+00
39.251815 5.79830323e-02 6.65577886e-02 1.24540821e-01 6.35013263e-02 1.77162371e+00 2.50715294e+00 3.42302132e-02 1.147884e+00 1.415172e+00 7.992064e+00 7.849031e+00 2.828510e-01 2.5199e-03 8.5721e-03 +2.7254e-06 0.03725 7.28055e-02 1.70235e-01 3.46686e-01 0.00000e+00
39.501827 5.68369778e-02 6.87123804e-02 1.25549358e-01 6.38488666e-02 1.67443132e+00 2.51819680e+00 3.35410249e-02 1.208938e+00 1.503912e+00 8.339685e+00 7.768756e+00 2.514510e-01 2.4324e-03 7.3993e-03 +2.2979e-06 0.03841 5.93146e-02 1.45260e-01 3.26202e-01 0.00000e+00
39.751838 5.63967562e-02 7.07709632e-02 1.27167719e-01 6.43190485e-02 1.61670407e+00 2.52987041e+00 3.31725958e-02 1.254876e+00 1.564832e+00 8.376492e+00 7.514666e+00 2.423958e-01 2.3316e-03 6.1643e-03 +2.0123e-06 0.03917 5.00987e-02 1.26963e-01 3.09057e-01 0.00000e+00
40.001850 5.66481519e-02 7.26550654e-02 1.29303217e-01 6.48675255e-02 1.59639152e+00 2.54079290e+00 3.30974753e-02 1.282567e+00 1.591585e+00 7.950881e+00 7.065560e+00 2.457894e-01 2.2358e-03 5.5337e-03 +1.9735e-06 0.03831 4.54306e-02 1.16650e-01 2.96512e-01 0.00000e+00
40.251861 5.74733008e-02 7.44021564e-02 1.31875457e-01 6.54604538e-02 1.59730872e+00 2.55673680e+00 3.32323642e-02 1.294552e+00 1.600653e+00 7.232398e+00 6.459789e+00 2.418315e-01 2.1631e-03 5.5221e-03 +2.2127e-06 0.03657 4.27792e-02 1.11208e-01 2.86385e-01 0.00000e+00
40.501873 5.87734482e-02 7.60150481e-02 1.34788496e-01 6.60898585e-02 1.61122966e+00 2.58444869e+00 3.35654268e-02 1.293357e+00 1.604023e+00 6.739744e+00 6.169925e+00 2.256665e-01 2.1120e-03 5.5474e-03 +2.6956e-06 0.03561 4.10428e-02 1.07787e-01 2.76418e-01 0.00000e+00
40.751885 6.05327888e-02 7.73671843e-02 1.37899973e-01 6.67775759e-02 1.64506504e+00 2.61141550e+00 3.40518443e-02 1.278104e+00 1.587424e+00 7.026842e+00 6.301033e+00 2.127683e-01 2.0824e-03 5.4911e-03 +3.3575e-06 0.03548 3.96092e-02 1.04067e-01 2.64717e-01 0.00000e+00
41.001896 6.27345876e-02 7.82889189e-02 1.41023506e-01 6.75486205e-02 1.71185711e+00 2.61376418e+00 3.46049703e-02 1.247939e+00 1.526859e+00 7.053760e+00 6.271820e+00 2.077454e-01 2.0640e-03 5.3772e-03 +4.1120e-06 0.03662 3.75974e-02 9.83859e-02 2.50569e-01 0.00000e+00
41.251908 6.52201152e-02 7.87288837e-02 1.43948999e-01 6.83792438e-02 1.81441149e+00 2.58411548e+00 3.51882158e-02 1.207126e+00 1.424217e+00 6.802094e+00 6.091580e+00 2.080803e-01 2.0449e-03 5.2372e-03 +4.8508e-06 0.03768 3.47100e-02 9.09342e-02 2.36352e-01 0.00000e+00
41.501919 6.76643882e-02 7.87911200e-02 1.46455508e-01 6.91564384e-02 1.94050055e+00 2.55366733e+00 3.59533431e-02 1.164440e+00 1.315984e+00 6.412235e+00 6.152045e+00 2.235596e-01 2.0215e-03 5.4080e-03 +5.4694e-06 0.03841 3.14779e-02 8.39274e-02 2.26744e-01 0.00000e+00
41.751931 6.97003045e-02 7.86037676e-02 1.48304072e-01 6.96836698e-02 2.07066528e+00 2.54772383e+00 3.69471129e-02 1.127739e+00 1.230389e+00 6.354562e+00 6.554595e+00 2.698455e-01 2.0962e-03 6.3844e-03 +5.8955e-06 0.03867 2.94577e-02 8.10585e-02 2.27114e-01 0.00000e+00
42.001942 7.10579950e-02 7.82637658e-02 1.49321761e-01 6.97515561e-02 2.18285826e+00 2.57449356e+00 3.80588146e-02 1.101407e+00 1.179414e+00 6.756422e+00 6.766815e+00 3.382403e-01 2.1982e-03 7.6293e-03 +6.0212e-06 0.03850 2.92871e-02 8.07826e-02 2.41369e-01 0.00000e+00
42.251954 7.16206521e-02 7.78099558e-02 1.49430608e-01 6.92105770e-02 2.26031129e+00 2.65031370e+00 3.92849999e-02 1.086418e+00 1.172544e+00 7.168416e+00 6.782846e+00 3.998117e-01 2.2884e-03 8.1558e-03 +5.6632e-06 0.03794 3.03155e-02 8.56454e-02 2.63684e-01 0.00000e+00
42.501966 7.14316778e-02 7.71444234e-02 1.48576101e-01 6.80123506e-02 2.30899870e+00 2.78233647e+00 4.07306814e-02 1.079975e+00 1.204997e+00 7.158758e+00 6.864478e+00 4.408514e-01 2.4323e-03 9.5956e-03 +4.9222e-06 0.03708 3.66930e-02 1.03731e-01 2.89663e-01 0.00000e+00
42.751977 7.06599016e-02 7.61044272e-02 1.46764329e-01 6.62390117e-02 2.34181041e+00 2.92369918e+00 4.21240767e-02 1.077053e+00 1.248478e+00 7.286794e+00 7.046806e+00 4.664094e-01 2.4957e-03 9.5744e-03 +4.1042e-06 0.03832 4.57962e-02 1.32799e-01 3.16252e-01 0.00000e+00
43.001989 6.94920510e-02 7.46305102e-02 1.44122561e-01 6.40671043e-02 2.35925529e+00 3.03283998e+00 4.31367622e-02 1.073943e+00 1.285507e+00 7.678092e+00 7.553933e+00 4.829246e-01 2.5568e-03 1.0539e-02 +3.3789e-06 0.04194 5.78439e-02 1.59307e-01 3.39532e-01 0.00000e+00
43.252000 6.81206449e-02 7.27752154e-02 1.40895860e-01 6.16796870e-02 2.33916975e+00 3.08649550e+00 4.34053220e-02 1.068328e+00 1.319483e+00 8.780881e+00 7.325690e+00 4.952733e-01 2.6117e-03 1.1582e-02 +2.8655e-06 0.04357 6.72852e-02 1.76971e-01 3.55065e-01 0.00000e+00
43.502012 6.67608517e-02 7.06447522e-02 1.37405604e-01 5.91898473e-02 2.27907426e+00 3.07921164e+00 4.28662872e-02 1.058176e+00 1.351080e+00 9.358917e+00 6.321211e+00 5.036192e-01 2.5952e-03 1.1622e-02 +2.6615e-06 0.04356 7.10105e-02 1.85698e-01 3.62285e-01 0.00000e+00
43.752023 6.55590700e-02 6.83843145e-02 1.33943385e-01 5.66909818e-02 2.19775516e+00 3.01745853e+00 4.17217095e-02 1.043095e+00 1.372973e+00 9.110887e+00 6.349372e+00 5.117062e-01 2.5610e-03 1.1135e-02 +2.7601e-06 0.04333 7.02720e-02 1.85701e-01 3.62464e-01 0.00000e+00
44.002035 6.45557135e-02 6.61594566e-02 1.30715170e-01 5.42721016e-02 2.11104947e+00 2.92289707e+00 4.02715723e-02 1.024843e+00 1.384571e+00 8.339252e+00 6.340852e+00 5.257272e-01 2.5581e-03 1.0520e-02 +3.0236e-06 0.04349 6.59661e-02 1.78076e-01 3.57427e-01 0.00000e+00
44.252046 6.37338706e-02 6.40881185e-02 1.27821989e-01 5.19749364e-02 2.03232251e+00 2.82101791e+00 3.88267234e-02 1.005558e+00 1.388076e+00 7.338000e+00 6.260774e+00 5.433322e-01 2.5914e-03 9.7844e-03 +3.2769e-06 0.04336 6.03220e-02 1.67041e-01 3.50632e-01 0.00000e+00
44.502058 6.30582270e-02 6.22199904e-02 1.25278217e-01 4.98080381e-02 1.96744122e+00 2.72793611e+00 3.75630187e-02 9.867069e-01 1.386540e+00 6.677605e+00 6.114167e+00 5.495340e-01 2.6184e-03 8.9579e-03 +3.4066e-06 0.04327 5.59126e-02 1.57261e-01 3.45309e-01 0.00000e+00
44.752070 6.24916738e-02 6.05774601e-02 1.23069134e-01 4.77861680e-02 1.91104404e+00 2.64560873e+00 3.64532221e-02 9.693685e-01 1.384379e+00 6.745536e+00 5.900038e+00 5.281020e-01 2.6514e-03 8.0994e-03 +3.4121e-06 0.04334 5.35443e-02 1.50948e-01 3.42440e-01 0.00000e+00
45.002081 6.19980268e-02 5.92089628e-02 1.21206990e-01 4.59412755e-02 1.85345660e+00 2.56929703e+00 3.53820291e-02 9.550137e-01 1.386219e+00 6.788440e+00 5.653701e+00 4.794285e-01 2.6559e-03 7.4055e-03 +3.3847e-06 0.04388 5.24779e-02 1.48008e-01 3.41284e-01 0.00000e+00
45.252093 6.15334557e-02 5.82031421e-02 1.19736598e-01 4.43033600e-02 1.78795213e+00 2.50448046e+00 3.43394607e-02 9.458780e-01 1.400754e+00 6.824316e+00 5.580105e+00 4.161296e-01 2.5471e-03 6.9770e-03 +3.3884e-06 0.04471 5.17454e-02 1.47236e-01 3.40494e-01 0.00000e+00
45.502104 6.10592793e-02 5.76389411e-02 1.18698220e-01 4.28878544e-02 1.71510762e+00 2.46415850e+00 3.34341290e-02 9.439833e-01 1.436737e+00 6.862294e+00 5.565698e+00 3.499367e-01 2.3684e-03 6.7524e-03 +3.4083e-06 0.04498 5.09660e-02 1.47064e-01 3.38520e-01 0.00000e+00
45.752116 6.05624201e-02 5.75426605e-02 1.18105081e-01 4.17019672e-02 1.64434339e+00 2.44588206e+00 3.27218036e-02 9.501381e-01 1.487452e+00 6.911138e+00 5.574827e+00 2.898742e-01 2.2050e-03 6.7210e-03 +3.3976e-06 0.04440 5.03506e-02 1.46255e-01 3.34503e-01 0.00000e+00
46.002127 6.00438377e-02 5.79146972e-02 1.17958535e-01 4.07466166e-02 1.58728453e+00 2.42942526e+00 3.21336783e-02 9.645402e-01 1.530554e+00 6.987592e+00 5.569951e+00 2.449298e-01 2.1188e-03 6.8388e-03 +3.3175e-06 0.04328 5.01089e-02 1.44299e-01 3.28782e-01 0.00000e+00
46.252139 5.94768372e-02 5.87793066e-02 1.18256144e-01 4.00185325e-02 1.55130169e+00 2.40265210e+00 3.16316303e-02 9.882722e-01 1.548797e+00 7.092477e+00 5.549810e+00 2.300959e-01 2.0862e-03 6.9401e-03 +3.1392e-06 0.04200 5.01593e-02 1.41290e-01 3.22088e-01 0.00000e+00
46.502151 5.87654891e-02 6.02018965e-02 1.18967386e-01 3.95255825e-02 1.53478847e+00 2.37933811e+00 3.13130126e-02 1.024443e+00 1.550271e+00 7.194274e+00 5.503090e+00 2.575993e-01 2.0567e-03 6.7795e-03 +2.8391e-06 0.04049 5.03086e-02 1.37686e-01 3.15234e-01 0.00000e+00
46.752162 5.77829852e-02 6.22299371e-02 1.20012922e-01 3.92918446e-02 1.52713271e+00 2.38931683e+00 3.13315963e-02 1.076960e+00 1.564577e+00 7.286206e+00 5.836823e+00 3.150952e-01 2.0473e-03 6.1608e-03 +2.4153e-06 0.03880 5.06398e-02 1.34455e-01 3.09490e-01 0.00000e+00
47.002174 5.65034056e-02 6.47835742e-02 1.21286980e-01 3.93489753e-02 1.51658304e+00 2.44187769e+00 3.16676859e-02 1.146543e+00 1.610118e+00 9.930807e+00 6.037303e+00 3.611598e-01 2.1250e-03 5.3636e-03 +1.9238e-06 0.03702 5.13030e-02 1.32276e-01 3.04476e-01 0.00000e+00
47.252185 5.51030784e-02 6.76340671e-02 1.22737146e-01 3.97445386e-02 1.49812518e+00 2.50341388e+00 3.20123124e-02 1.227410e+00 1.671031e+00 1.286955e+01 6.055136e+00 3.575313e-01 2.5579e-03 5.5272e-03 +1.4909e-06 0.03522 5.15491e-02 1.29799e-01 2.96945e-01 0.00000e+00
47.502197 5.39044848e-02 7.04847795e-02 1.24389264e-01 4.05219771e-02 1.47969844e+00 2.55372789e+00 3.22674106e-02 1.307587e+00 1.725843e+00 1.283199e+01 5.977320e+00 3.175325e-01 2.7922e-03 6.1609e-03 +1.2596e-06 0.03352 5.07367e-02 1.26309e-01 2.87313e-01 0.00000e+00
47.752208 5.32039368e-02 7.30617929e-02 1.26265730e-01 4.16639441e-02 1.47667780e+00 2.59927604e+00 3.26076307e-02 1.373240e+00 1.760219e+00 1.096836e+01 5.827310e+00 2.709079e-01 2.5138e-03 5.9910e-03 +1.3062e-06 0.03212 4.90695e-02 1.22564e-01 2.78225e-01 0.00000e+00
48.002220 5.31286103e-02 7.52223049e-02 1.28350915e-01 4.30924230e-02 1.49999429e+00 2.65012215e+00 3.32009315e-02 1.415853e+00 1.766755e+00 8.596825e+00 5.642273e+00 2.324002e-01 2.3773e-03 5.5868e-03 +1.5951e-06 0.03450 4.70939e-02 1.19212e-01 2.70562e-01 0.00000e+00
48.252231 5.36295248e-02 7.69710788e-02 1.30600604e-01 4.47201135e-02 1.54880508e+00 2.71480759e+00 3.41089014e-02 1.435237e+00 1.752840e+00 9.790893e+00 5.883564e+00 2.079445e-01 2.5223e-03 5.4450e-03 +2.0176e-06 0.03681 4.54929e-02 1.16775e-01 2.65141e-01 0.00000e+00
48.502243 5.46026533e-02 7.83688428e-02 1.32971496e-01 4.64831777e-02 1.61697812e+00 2.78577248e+00 3.52220048e-02 1.435257e+00 1.722826e+00 1.078516e+01 6.081470e+00 1.899441e-01 2.7252e-03 5.5393e-03 +2.4714e-06 0.03888 4.44461e-02 1.14770e-01 2.62550e-01 0.00000e+00
48.752255 5.59873290e-02 7.94601532e-02 1.35447482e-01 4.83244035e-02 1.69858638e+00 2.84200530e+00 3.63247335e-02 1.419252e+00 1.673159e+00 1.106459e+01 6.518397e+00 1.620891e-01 2.9598e-03 6.0490e-03 +2.9014e-06 0.04069 4.33705e-02 1.11672e-01 2.61647e-01 0.00000e+00
49.002266 5.77524499e-02 8.02747087e-02 1.38027159e-01 5.01754819e-02 1.78607175e+00 2.87664814e+00 3.73017591e-02 1.389979e+00 1.610601e+00 1.056337e+01 6.827258e+00 1.274525e-01 3.1139e-03 6.8139e-03 +3.2914e-06 0.04200 4.14028e-02 1.06371e-01 2.59406e-01 0.00000e+00
49.252278 5.98548874e-02 8.08094627e-02 1.40664350e-01 5.19559464e-02 1.87496331e+00 2.91046905e+00 3.82834589e-02 1.350090e+00 1.552281e+00 9.386144e+00 7.038640e+00 1.055934e-01 3.0856e-03 7.2821e-03 +3.6454e-06 0.04261 3.81389e-02 9.98345e-02 2.54398e-01 0.00000e+00
49.502289 6.22307843e-02 8.09835071e-02 1.43214291e-01 5.35811513e-02 1.96770336e+00 2.96898273e+00 3.94934887e-02 1.301342e+00 1.508857e+00 8.075220e+00 7.188721e+00 1.054667e-01 2.9943e-03 7.3106e-03 +3.9808e-06 0.04235 3.44404e-02 9.49298e-02 2.48702e-01 0.00000e+00
49.752301 6.47932894e-02 8.06595953e-02 1.45452885e-01 5.49798117e-02 2.06562704e+00 3.04828095e+00 4.09112639e-02 1.244876e+00 1.475717e+00 8.281569e+00 7.246351e+00 1.126349e-01 2.9760e-03 7.2874e-03 +4.3260e-06 0.04111 3.20309e-02 9.42205e-02 2.45279e-01 0.00000e+00
49.999845 6.73968601e-02 7.97620504e-02 1.47158910e-01 5.60987453e-02 2.16134581e+00 3.10833759e+00 4.21574672e-02 1.183468e+00 1.438149e+00 8.394021e+00 7.140017e+00 1.049003e-01 3.0086e-03 7.9611e-03 +4.7057e-06 0.03905 3.20004e-02 9.80696e-02 2.45838e-01 0.00000e+00
