# tg_mhd (CUDA FP64)  tgc_slip_cond_n256_re1000_drive0.4_bdrive0.1  N=256 L=256 Re=1000 Pm=1 u0=0.05 nu_lat=4.058451e-03 eta_lat=4.058451e-03 tau_f=0.512175 tau_m=0.516234 dt=6.159986e-04 fw=profile
# t E_V E_M E_T H_C Omega_V Omega_M eps EM/EV OmM/OmV j_max w_max skew divb/j divb_wall/j mass_drift umax_lat fw1 fw2 fw4 tau_wall
0.000000 1.25014510e-01 1.25000000e-01 2.50014510e-01 1.31129016e-20 3.75024575e-01 1.49969646e+00 3.74944207e-03 9.998839e-01 3.998929e+00 3.463620e+00 1.999874e+00 3.341277e-19 3.3640e-15 5.0715e-15 +0.0000e+00 0.05000 4.03040e-02 8.08339e-02 1.63017e-01 0.00000e+00
0.250095 1.37011023e-01 1.31455621e-01 2.68466644e-01 -9.82257962e-05 4.81262709e-01 1.63322158e+00 4.22896858e-03 9.594529e-01 3.393618e+00 3.730623e+00 2.090101e+00 1.189333e-01 1.5921e-04 4.7635e-05 -3.4325e-06 0.05277 3.68738e-02 7.40475e-02 1.49709e-01 0.00000e+00
0.500191 1.49180293e-01 1.38177364e-01 2.87357656e-01 -4.10868890e-04 7.15851255e-01 1.91063578e+00 5.25297407e-03 9.262441e-01 2.669040e+00 4.390120e+00 2.547336e+00 2.273436e-01 2.8615e-04 1.7805e-04 -9.1298e-06 0.05355 3.30229e-02 6.66575e-02 1.35691e-01 0.00000e+00
0.750286 1.61275364e-01 1.44424124e-01 3.05699488e-01 -8.99671968e-04 1.06897106e+00 2.41813702e+00 6.97421615e-03 8.955126e-01 2.262116e+00 5.773139e+00 3.597520e+00 3.569214e-01 4.1924e-04 4.7710e-04 -1.0116e-05 0.05610 2.94971e-02 6.04601e-02 1.26041e-01 0.00000e+00
1.000382 1.74351259e-01 1.48533641e-01 3.22884901e-01 -1.36156435e-03 1.60953750e+00 3.31955023e+00 9.85817546e-03 8.519218e-01 2.062425e+00 8.040508e+00 5.542210e+00 4.370551e-01 7.6763e-04 1.3294e-03 -2.9275e-06 0.05942 2.68511e-02 5.76163e-02 1.27830e-01 0.00000e+00
1.250477 1.89498693e-01 1.48862149e-01 3.38360842e-01 -1.50840699e-03 2.50666346e+00 4.98843780e+00 1.49902025e-02 7.855577e-01 1.990071e+00 1.696377e+01 1.016623e+01 4.479029e-01 1.8812e-03 3.3411e-03 +8.1772e-06 0.06305 2.65504e-02 6.26753e-02 1.42672e-01 0.00000e+00
1.500572 2.06071572e-01 1.45504020e-01 3.51575592e-01 -1.10170555e-03 3.95597396e+00 8.30572889e+00 2.45234057e-02 7.060849e-01 2.099541e+00 3.083581e+01 1.957945e+01 4.989943e-01 5.2829e-03 8.3298e-03 +1.5612e-05 0.06613 2.97443e-02 7.41451e-02 1.49486e-01 0.00000e+00
1.750668 2.22242695e-01 1.39566646e-01 3.61809340e-01 1.02796612e-04 5.86048094e+00 1.37081665e+01 3.91372949e-02 6.279921e-01 2.339086e+00 4.068813e+01 2.465733e+01 4.395419e-01 1.0831e-02 1.2434e-02 +1.4604e-05 0.07214 3.16962e-02 7.48971e-02 1.42328e-01 0.00000e+00
2.000763 2.37945961e-01 1.30947093e-01 3.68893054e-01 2.24989376e-03 7.83182613e+00 1.71975103e+01 5.00586729e-02 5.503228e-01 2.195849e+00 4.955213e+01 2.694087e+01 4.414867e-01 1.5063e-02 1.3474e-02 +7.5025e-06 0.07485 3.18800e-02 7.21905e-02 1.59209e-01 0.00000e+00
2.250859 2.53569871e-01 1.21041386e-01 3.74611257e-01 5.03097608e-03 9.62911419e+00 1.75980867e+01 5.44544018e-02 4.773492e-01 1.827591e+00 4.832031e+01 3.063671e+01 4.841129e-01 1.3069e-02 1.8200e-02 +4.4722e-07 0.07279 3.17216e-02 7.26364e-02 2.04709e-01 0.00000e+00
2.500954 2.68220039e-01 1.11844798e-01 3.80064837e-01 7.79650946e-03 1.10690505e+01 1.72562124e+01 5.66505258e-02 4.169890e-01 1.558960e+00 4.521165e+01 2.698803e+01 4.384782e-01 1.1755e-02 2.0664e-02 -1.5695e-07 0.07403 2.83182e-02 7.53699e-02 2.15385e-01 0.00000e+00
2.751050 2.80239180e-01 1.04933516e-01 3.85172696e-01 1.01025245e-02 1.22853270e+01 1.70726751e+01 5.87160041e-02 3.744427e-01 1.389680e+00 4.204388e+01 2.224585e+01 4.234367e-01 1.1150e-02 2.0725e-02 +3.9386e-06 0.07204 2.55400e-02 8.11086e-02 2.01620e-01 0.00000e+00
3.001145 2.88510541e-01 1.00766195e-01 3.89276736e-01 1.17189834e-02 1.29273977e+01 1.76576623e+01 6.11701199e-02 3.492635e-01 1.365910e+00 3.854375e+01 2.428995e+01 4.386232e-01 1.1941e-02 1.8703e-02 +8.8127e-06 0.07716 2.55689e-02 8.21472e-02 1.85993e-01 0.00000e+00
3.251240 2.92794091e-01 9.85853584e-02 3.91379450e-01 1.28521110e-02 1.30655476e+01 2.02155113e+01 6.65621179e-02 3.367054e-01 1.547238e+00 4.035011e+01 2.740373e+01 4.323641e-01 1.4963e-02 1.6013e-02 +1.0166e-05 0.07742 2.83633e-02 8.73999e-02 1.95416e-01 0.00000e+00
3.501336 2.93570427e-01 9.65202693e-02 3.90090697e-01 1.42712734e-02 1.33772751e+01 2.35532131e+01 7.38609764e-02 3.287806e-01 1.760688e+00 4.239029e+01 2.712513e+01 4.378986e-01 1.6246e-02 1.7288e-02 +7.8341e-06 0.08464 6.66285e-02 1.45770e-01 2.65149e-01 0.00000e+00
3.751431 2.91998971e-01 9.43517512e-02 3.86350722e-01 1.61588815e-02 1.40534773e+01 2.38093475e+01 7.57256494e-02 3.231236e-01 1.694196e+00 4.420148e+01 2.756126e+01 4.032066e-01 1.5927e-02 1.6206e-02 +5.2564e-06 0.08996 6.26709e-02 1.35761e-01 2.52499e-01 0.00000e+00
4.001527 2.88876457e-01 9.18960288e-02 3.80772486e-01 1.80918575e-02 1.43729998e+01 2.69972319e+01 8.27404634e-02 3.181153e-01 1.878330e+00 5.614423e+01 2.634767e+01 3.692102e-01 1.6772e-02 2.2155e-02 +2.1185e-06 0.09533 7.54045e-02 1.59215e-01 2.82859e-01 0.00000e+00
4.251622 2.87917976e-01 8.51048851e-02 3.73022861e-01 2.05111843e-02 1.45267204e+01 2.80110265e+01 8.50754939e-02 2.955873e-01 1.928242e+00 5.954727e+01 2.413839e+01 3.305262e-01 1.7625e-02 2.6496e-02 +5.2969e-06 0.09469 7.73772e-02 1.64677e-01 2.92686e-01 0.00000e+00
4.501717 2.90673091e-01 7.47067937e-02 3.65379885e-01 2.30051116e-02 1.43387593e+01 2.52015826e+01 7.90806837e-02 2.570131e-01 1.757585e+00 5.171457e+01 3.847417e+01 4.031058e-01 1.8113e-02 2.4592e-02 +1.2064e-05 0.09461 6.28951e-02 1.48976e-01 2.90111e-01 0.00000e+00
4.751813 2.95540195e-01 6.46330700e-02 3.60173265e-01 2.51649024e-02 1.38909739e+01 2.03145105e+01 6.84109688e-02 2.186947e-01 1.462425e+00 4.460216e+01 3.934377e+01 5.025836e-01 1.7167e-02 2.4061e-02 +1.5783e-05 0.10468 5.64597e-02 1.40098e-01 2.87739e-01 0.00000e+00
5.001908 3.00505596e-01 5.72241170e-02 3.57729713e-01 2.70434041e-02 1.34207229e+01 1.66462869e+01 6.01340196e-02 1.904261e-01 1.240342e+00 4.407124e+01 4.462012e+01 5.513903e-01 1.7245e-02 2.3186e-02 +1.4678e-05 0.09664 5.54927e-02 1.34639e-01 2.68533e-01 0.00000e+00
5.252004 3.04967576e-01 5.22908876e-02 3.57258464e-01 2.86398574e-02 1.29797744e+01 1.45345571e+01 5.50286630e-02 1.714638e-01 1.119785e+00 5.433794e+01 5.612485e+01 5.949161e-01 1.7449e-02 2.1744e-02 +1.1231e-05 0.09203 5.38781e-02 1.22856e-01 2.39336e-01 0.00000e+00
5.502099 3.08053054e-01 4.96075135e-02 3.57660568e-01 3.01582561e-02 1.30096001e+01 1.36263358e+01 5.32718718e-02 1.610356e-01 1.047406e+00 6.147948e+01 4.901122e+01 7.190709e-01 1.7699e-02 2.4235e-02 +8.2517e-06 0.09210 5.21006e-02 1.13753e-01 2.21582e-01 0.00000e+00
5.752195 3.08514537e-01 4.93921429e-02 3.57906680e-01 3.15013016e-02 1.30805189e+01 1.44799629e+01 5.51209637e-02 1.600966e-01 1.106987e+00 1.000305e+02 3.903576e+01 6.672114e-01 2.1077e-02 2.4430e-02 +7.5540e-06 0.08471 4.92582e-02 1.09650e-01 2.10094e-01 0.00000e+00
6.002290 3.07537218e-01 4.96778273e-02 3.57215046e-01 3.27037624e-02 1.28468431e+01 1.63802068e+01 5.84540999e-02 1.615344e-01 1.275038e+00 8.873297e+01 4.227711e+01 5.529571e-01 1.9064e-02 2.1846e-02 +8.5644e-06 0.09206 5.24026e-02 1.11172e-01 2.01361e-01 0.00000e+00
6.252385 3.07184243e-01 4.94857903e-02 3.56670034e-01 3.42624223e-02 1.23748903e+01 1.64766632e+01 5.77031069e-02 1.610948e-01 1.331459e+00 5.609605e+01 4.128082e+01 5.083105e-01 1.6654e-02 1.6373e-02 +1.0040e-05 0.08992 4.75758e-02 1.03224e-01 1.93138e-01 0.00000e+00
6.502481 3.07030576e-01 4.95165306e-02 3.56547107e-01 3.65684595e-02 1.19950738e+01 1.70855575e+01 5.81612626e-02 1.612756e-01 1.424381e+00 5.521551e+01 3.137239e+01 4.931897e-01 1.6097e-02 1.5506e-02 +1.0343e-05 0.08415 4.27596e-02 1.00237e-01 2.11113e-01 0.00000e+00
6.752576 3.05897387e-01 5.03673679e-02 3.56264755e-01 3.91580434e-02 1.17859930e+01 1.76464890e+01 5.88649640e-02 1.646545e-01 1.497242e+00 5.041792e+01 2.699158e+01 5.244632e-01 1.5763e-02 1.9281e-02 +1.0311e-05 0.08338 4.33465e-02 1.13140e-01 2.40021e-01 0.00000e+00
7.002672 3.03757011e-01 5.17913027e-02 3.55548314e-01 4.16251368e-02 1.15873385e+01 1.86178603e+01 6.04103975e-02 1.705024e-01 1.606742e+00 4.551701e+01 2.565316e+01 4.605919e-01 1.3792e-02 1.4114e-02 +1.1356e-05 0.08459 6.15239e-02 1.51107e-01 2.66672e-01 0.00000e+00
7.252767 3.01842940e-01 5.24598082e-02 3.54302748e-01 4.36741737e-02 1.18291931e+01 1.83195404e+01 6.02974670e-02 1.737984e-01 1.548672e+00 4.928071e+01 2.250166e+01 4.175536e-01 1.3295e-02 1.6662e-02 +1.5002e-05 0.08575 5.88433e-02 1.40194e-01 2.48211e-01 0.00000e+00
7.502862 2.99986948e-01 5.28136732e-02 3.52800622e-01 4.51193096e-02 1.23220437e+01 1.83158840e+01 6.12758554e-02 1.760532e-01 1.486432e+00 4.915036e+01 2.155491e+01 4.116119e-01 1.4853e-02 2.0370e-02 +1.7567e-05 0.07434 5.16548e-02 1.24879e-01 2.38021e-01 0.00000e+00
7.752958 2.97914671e-01 5.30261820e-02 3.50940853e-01 4.60578443e-02 1.25933132e+01 1.84190378e+01 6.20247019e-02 1.779912e-01 1.462605e+00 4.439445e+01 2.204122e+01 4.082364e-01 1.6934e-02 1.8721e-02 +1.6431e-05 0.07476 5.46184e-02 1.22270e-01 2.24367e-01 0.00000e+00
8.003053 2.96801717e-01 5.27130710e-02 3.49514788e-01 4.60963906e-02 1.30384241e+01 1.72584126e+01 6.05936735e-02 1.776037e-01 1.323658e+00 5.146246e+01 2.444280e+01 5.306028e-01 1.6592e-02 1.7237e-02 +1.4524e-05 0.09731 4.78730e-02 1.22748e-01 2.35255e-01 0.00000e+00
8.253149 2.96068543e-01 5.23474372e-02 3.48415980e-01 4.53666661e-02 1.35609952e+01 1.82588732e+01 6.36397368e-02 1.768085e-01 1.346426e+00 4.505910e+01 2.564968e+01 5.076104e-01 1.4816e-02 1.4386e-02 +1.0778e-05 0.09168 6.76127e-02 1.34798e-01 2.33372e-01 0.00000e+00
8.503244 2.95405108e-01 5.13278633e-02 3.46732972e-01 4.45515644e-02 1.39819673e+01 1.91397797e+01 6.62434939e-02 1.737541e-01 1.368890e+00 4.523366e+01 2.469284e+01 4.701763e-01 1.5846e-02 1.6876e-02 +7.8029e-06 0.07929 5.93796e-02 1.22572e-01 2.12190e-01 0.00000e+00
8.753340 2.94184121e-01 5.02387013e-02 3.44422822e-01 4.38471738e-02 1.45067816e+01 2.07325592e+01 7.04786815e-02 1.707730e-01 1.429163e+00 6.097937e+01 2.233011e+01 4.951287e-01 1.8037e-02 1.8948e-02 +5.5912e-06 0.07434 5.37053e-02 1.16032e-01 1.86898e-01 0.00000e+00
9.003435 2.92745980e-01 4.86968362e-02 3.41442816e-01 4.29818168e-02 1.49621808e+01 1.97114264e+01 6.93472144e-02 1.663450e-01 1.317417e+00 5.257109e+01 2.794314e+01 4.904521e-01 2.0279e-02 1.5435e-02 +5.4343e-06 0.07776 5.67205e-02 1.22598e-01 1.90250e-01 0.00000e+00
9.253530 2.91047789e-01 4.84278121e-02 3.39475601e-01 4.15567346e-02 1.44439673e+01 1.76978545e+01 6.42836435e-02 1.663913e-01 1.225277e+00 3.824198e+01 2.313199e+01 4.894679e-01 1.6189e-02 1.4124e-02 +6.7009e-06 0.07383 6.80193e-02 1.38034e-01 2.10698e-01 0.00000e+00
9.503626 2.88629084e-01 4.95442530e-02 3.38173337e-01 3.97853772e-02 1.36446890e+01 1.72309589e+01 6.17512957e-02 1.716537e-01 1.262833e+00 4.092566e+01 2.625672e+01 4.222162e-01 1.6033e-02 1.6321e-02 +8.6222e-06 0.07212 6.44449e-02 1.30138e-01 2.14420e-01 0.00000e+00
9.753721 2.85876184e-01 5.15432255e-02 3.37419409e-01 3.77431356e-02 1.28789092e+01 1.73242512e+01 6.04063208e-02 1.802991e-01 1.345164e+00 4.041953e+01 2.526396e+01 4.404330e-01 1.4861e-02 2.0304e-02 +8.3730e-06 0.07522 6.35165e-02 1.24961e-01 2.16279e-01 0.00000e+00
10.003817 2.83801407e-01 5.28187584e-02 3.36620165e-01 3.54304684e-02 1.26227006e+01 1.75548478e+01 6.03550969e-02 1.861117e-01 1.390736e+00 4.607904e+01 2.341249e+01 5.154315e-01 1.4944e-02 1.7665e-02 +9.2998e-06 0.08119 5.71891e-02 1.17764e-01 2.20270e-01 0.00000e+00
10.253912 2.83198332e-01 5.24397719e-02 3.35638104e-01 3.31412068e-02 1.25858492e+01 1.83279076e+01 6.18275136e-02 1.851698e-01 1.456231e+00 4.994863e+01 2.858019e+01 3.827116e-01 1.6720e-02 2.1444e-02 +1.1572e-05 0.07527 4.63416e-02 1.08087e-01 2.10881e-01 0.00000e+00
10.504007 2.83673205e-01 5.09546003e-02 3.34627806e-01 3.12094824e-02 1.24849321e+01 1.71757377e+01 5.93213396e-02 1.796243e-01 1.375717e+00 4.148316e+01 2.566958e+01 3.299824e-01 1.8678e-02 2.2748e-02 +1.4299e-05 0.07726 4.39023e-02 1.11066e-01 2.12852e-01 0.00000e+00
10.754103 2.84507984e-01 4.97994273e-02 3.34307411e-01 2.95850877e-02 1.24010052e+01 1.59109549e+01 5.66239202e-02 1.750370e-01 1.283038e+00 5.056367e+01 2.008959e+01 3.968761e-01 1.7854e-02 2.2969e-02 +1.6566e-05 0.08033 4.60306e-02 1.14429e-01 2.11437e-01 0.00000e+00
11.004198 2.84971772e-01 4.95264810e-02 3.34498253e-01 2.83675799e-02 1.25405148e+01 1.55746712e+01 5.62303721e-02 1.737943e-01 1.241948e+00 3.328476e+01 2.299811e+01 4.425006e-01 1.4878e-02 1.9161e-02 +1.7323e-05 0.08779 5.08991e-02 1.14644e-01 2.05709e-01 0.00000e+00
11.254294 2.85113539e-01 4.97011675e-02 3.34814706e-01 2.76920396e-02 1.25370092e+01 1.59160535e+01 5.69061255e-02 1.743206e-01 1.269526e+00 3.485686e+01 2.202769e+01 4.283959e-01 1.4368e-02 1.9406e-02 +1.6649e-05 0.08422 4.80924e-02 1.09695e-01 2.02321e-01 0.00000e+00
11.504389 2.84407365e-01 5.01894331e-02 3.34596798e-01 2.73738310e-02 1.26098871e+01 1.76219103e+01 6.04635948e-02 1.764702e-01 1.397468e+00 3.994916e+01 2.243721e+01 4.350395e-01 1.6201e-02 1.6781e-02 +1.4729e-05 0.08078 4.87810e-02 1.09666e-01 2.00145e-01 0.00000e+00
11.754485 2.82795279e-01 5.05670695e-02 3.33362348e-01 2.72398964e-02 1.26824976e+01 1.87147836e+01 6.27945626e-02 1.788116e-01 1.475639e+00 4.373566e+01 2.342675e+01 4.257976e-01 1.7102e-02 1.7774e-02 +1.2651e-05 0.07303 5.07904e-02 1.04833e-01 1.90356e-01 0.00000e+00
12.004580 2.80814912e-01 5.11027529e-02 3.31917664e-01 2.71601797e-02 1.26736876e+01 1.96366272e+01 6.46206296e-02 1.819802e-01 1.549401e+00 4.315043e+01 2.696285e+01 4.021621e-01 1.6336e-02 1.8943e-02 +1.1708e-05 0.07303 4.21484e-02 9.30674e-02 1.78659e-01 0.00000e+00
12.254675 2.78585488e-01 5.20869903e-02 3.30672479e-01 2.70672311e-02 1.24435632e+01 1.88545676e+01 6.25962616e-02 1.869695e-01 1.515206e+00 5.092574e+01 3.150761e+01 3.366610e-01 1.8791e-02 2.1827e-02 +1.0603e-05 0.07385 4.50639e-02 9.78512e-02 1.90172e-01 0.00000e+00
12.504771 2.76790543e-01 5.36748933e-02 3.30465437e-01 2.69712297e-02 1.23886524e+01 1.81677743e+01 6.11128535e-02 1.939188e-01 1.466485e+00 5.444707e+01 3.335039e+01 3.390983e-01 1.6462e-02 1.8768e-02 +9.8074e-06 0.07347 3.84081e-02 9.34619e-02 1.87151e-01 0.00000e+00
12.754866 2.75928241e-01 5.43447541e-02 3.30272995e-01 2.71436319e-02 1.25710241e+01 1.89662129e+01 6.30744740e-02 1.969525e-01 1.508725e+00 6.659140e+01 3.169679e+01 4.282428e-01 1.9460e-02 2.0197e-02 +1.0086e-05 0.07340 3.80325e-02 9.37432e-02 1.81292e-01 0.00000e+00
13.004962 2.76825473e-01 5.30601703e-02 3.29885643e-01 2.72920894e-02 1.29428974e+01 1.88894175e+01 6.36646298e-02 1.916737e-01 1.459443e+00 5.018321e+01 3.282902e+01 4.899108e-01 1.7573e-02 2.0193e-02 +1.1945e-05 0.08267 3.98983e-02 9.49171e-02 1.80416e-01 0.00000e+00
13.255057 2.78352946e-01 5.10765175e-02 3.29429464e-01 2.74183772e-02 1.34550672e+01 1.79239290e+01 6.27579925e-02 1.834955e-01 1.332132e+00 7.178136e+01 3.766854e+01 5.031390e-01 2.0821e-02 2.1919e-02 +1.4321e-05 0.08674 3.24337e-02 7.75918e-02 1.54975e-01 0.00000e+00
13.505152 2.79308066e-01 5.04984534e-02 3.29806519e-01 2.77841214e-02 1.34681050e+01 1.60021006e+01 5.89404112e-02 1.807984e-01 1.188148e+00 6.226286e+01 3.741112e+01 5.229108e-01 1.9589e-02 1.9508e-02 +1.6484e-05 0.08522 2.48213e-02 6.37391e-02 1.30026e-01 0.00000e+00
13.755248 2.79587706e-01 5.16750877e-02 3.31262794e-01 2.81863863e-02 1.34048985e+01 1.52310457e+01 5.72718884e-02 1.848260e-01 1.136230e+00 4.879828e+01 2.414907e+01 4.337226e-01 1.5910e-02 2.3926e-02 +1.8193e-05 0.07949 2.42909e-02 6.30805e-02 1.27450e-01 0.00000e+00
14.005343 2.78997975e-01 5.32185561e-02 3.32216531e-01 2.83254266e-02 1.37372169e+01 1.68242795e+01 6.11229928e-02 1.907489e-01 1.224723e+00 4.980007e+01 2.782994e+01 4.121034e-01 1.6806e-02 2.2182e-02 +1.9238e-05 0.08462 2.60330e-02 6.20277e-02 1.27275e-01 0.00000e+00
14.255439 2.77136861e-01 5.50048664e-02 3.32141728e-01 2.81589512e-02 1.38437921e+01 1.74822010e+01 6.26519862e-02 1.984755e-01 1.262819e+00 4.784773e+01 2.573305e+01 3.838200e-01 1.7349e-02 1.9507e-02 +1.8964e-05 0.07497 2.37583e-02 5.79687e-02 1.23064e-01 0.00000e+00
14.505534 2.74818712e-01 5.66429925e-02 3.31461704e-01 2.78960651e-02 1.37292312e+01 1.84833465e+01 6.44251553e-02 2.061104e-01 1.346277e+00 5.180375e+01 2.661066e+01 4.096866e-01 1.6005e-02 1.9083e-02 +1.7279e-05 0.07961 2.47941e-02 6.30240e-02 1.34205e-01 0.00000e+00
14.755629 2.72328689e-01 5.78530862e-02 3.30181776e-01 2.79759029e-02 1.33761764e+01 1.92430603e+01 6.52384735e-02 2.124385e-01 1.438607e+00 5.754984e+01 3.177927e+01 4.303771e-01 1.6224e-02 1.7834e-02 +1.4959e-05 0.10246 2.79404e-02 6.64800e-02 1.39859e-01 0.00000e+00
15.005725 2.69666118e-01 5.84856337e-02 3.28151751e-01 2.85706071e-02 1.35604476e+01 2.07325599e+01 6.85860149e-02 2.168817e-01 1.528899e+00 6.045384e+01 3.154719e+01 4.039370e-01 1.8393e-02 1.9930e-02 +1.3210e-05 0.09914 3.22176e-02 7.93251e-02 1.64250e-01 0.00000e+00
15.255820 2.66752019e-01 5.84239730e-02 3.25175992e-01 2.98757704e-02 1.40917064e+01 2.02982196e+01 6.87798520e-02 2.190198e-01 1.440437e+00 4.984965e+01 3.629244e+01 3.743150e-01 1.7007e-02 2.5494e-02 +1.2382e-05 0.08679 3.42195e-02 8.12701e-02 1.59182e-01 0.00000e+00
15.505916 2.63321243e-01 5.88556520e-02 3.22176895e-01 3.17436542e-02 1.43984672e+01 1.95316090e+01 6.78601524e-02 2.235127e-01 1.356506e+00 4.493546e+01 4.243669e+01 3.239301e-01 1.6555e-02 2.8208e-02 +1.1731e-05 0.08948 3.11973e-02 7.23798e-02 1.44138e-01 0.00000e+00
15.756011 2.59271157e-01 5.98085735e-02 3.19079730e-01 3.39191807e-02 1.44827573e+01 1.90284727e+01 6.70224600e-02 2.306796e-01 1.313871e+00 5.100199e+01 3.780369e+01 2.648712e-01 1.8248e-02 2.3098e-02 +1.1155e-05 0.07950 2.97378e-02 6.89140e-02 1.39423e-01 0.00000e+00
16.006107 2.54972994e-01 6.06993602e-02 3.15672354e-01 3.62457817e-02 1.46461532e+01 1.93526875e+01 6.79976813e-02 2.380619e-01 1.321350e+00 5.693919e+01 3.356406e+01 2.872613e-01 1.9732e-02 2.0832e-02 +1.0379e-05 0.07616 3.06645e-02 6.83404e-02 1.37688e-01 0.00000e+00
16.256202 2.51436522e-01 6.01675481e-02 3.11604071e-01 3.83745578e-02 1.41238269e+01 2.00067396e+01 6.82611330e-02 2.392952e-01 1.416524e+00 6.201586e+01 2.895731e+01 3.635425e-01 1.8563e-02 1.9390e-02 +1.0458e-05 0.07723 3.22002e-02 7.34886e-02 1.50565e-01 0.00000e+00
16.506297 2.49662206e-01 5.80967995e-02 3.07759006e-01 3.99799094e-02 1.33464653e+01 1.92964670e+01 6.52858647e-02 2.327016e-01 1.445811e+00 6.251948e+01 2.629673e+01 4.217961e-01 1.7817e-02 2.3997e-02 +1.1401e-05 0.07558 3.89692e-02 8.64186e-02 1.67957e-01 0.00000e+00
16.756393 2.48899617e-01 5.61643417e-02 3.05063958e-01 4.12965845e-02 1.29207758e+01 1.80318709e+01 6.19052933e-02 2.256506e-01 1.395572e+00 4.617212e+01 2.411548e+01 4.028234e-01 1.6444e-02 2.1411e-02 +1.3064e-05 0.07107 3.96584e-02 8.55230e-02 1.66500e-01 0.00000e+00
17.006488 2.48741922e-01 5.47563106e-02 3.03498233e-01 4.25246214e-02 1.22948506e+01 1.69962112e+01 5.85821235e-02 2.201330e-01 1.382385e+00 4.155488e+01 3.108994e+01 3.947021e-01 1.5111e-02 2.2748e-02 +1.4472e-05 0.07051 4.05574e-02 8.97661e-02 1.67976e-01 0.00000e+00
17.256584 2.49307951e-01 5.38119009e-02 3.03119851e-01 4.38054757e-02 1.15479160e+01 1.64221991e+01 5.59402300e-02 2.158451e-01 1.422092e+00 5.926904e+01 2.882202e+01 3.944480e-01 1.5261e-02 2.2907e-02 +1.5247e-05 0.07003 3.73959e-02 8.48741e-02 1.62818e-01 0.00000e+00
17.506679 2.50706557e-01 5.28795868e-02 3.03586144e-01 4.53764258e-02 1.07287309e+01 1.61669509e+01 5.37913637e-02 2.109222e-01 1.506884e+00 8.162964e+01 2.446751e+01 4.112712e-01 1.7404e-02 2.0815e-02 +1.5290e-05 0.06533 3.07475e-02 7.22246e-02 1.47448e-01 0.00000e+00
17.756774 2.53253374e-01 5.17568255e-02 3.05010200e-01 4.71489690e-02 1.01047091e+01 1.54583771e+01 5.11261724e-02 2.043678e-01 1.529819e+00 8.045533e+01 2.214203e+01 3.585089e-01 1.6417e-02 1.6974e-02 +1.4593e-05 0.06571 2.79437e-02 6.31879e-02 1.36199e-01 0.00000e+00
18.006870 2.56175815e-01 5.10215784e-02 3.07197394e-01 4.92152268e-02 9.70963055e+00 1.52548996e+01 4.99290604e-02 1.991663e-01 1.571110e+00 7.129966e+01 2.045533e+01 3.588629e-01 1.5105e-02 1.5594e-02 +1.3262e-05 0.06446 2.53020e-02 6.24631e-02 1.35971e-01 0.00000e+00
18.256965 2.58805113e-01 5.09739995e-02 3.09779112e-01 5.16103821e-02 9.35723000e+00 1.49908000e+01 4.86960600e-02 1.969590e-01 1.602055e+00 6.400551e+01 2.149855e+01 3.741666e-01 1.4543e-02 1.8274e-02 +1.1621e-05 0.06787 2.51731e-02 6.48004e-02 1.37436e-01 0.00000e+00
18.507061 2.61617214e-01 5.10243424e-02 3.12641556e-01 5.42581941e-02 9.02079986e+00 1.43977094e+01 4.68370186e-02 1.950343e-01 1.596057e+00 5.363917e+01 2.093276e+01 3.755126e-01 1.4082e-02 1.4716e-02 +1.0801e-05 0.07378 3.07567e-02 7.22225e-02 1.44308e-01 0.00000e+00
18.757156 2.65332885e-01 5.05315097e-02 3.15864395e-01 5.70027934e-02 8.94063829e+00 1.36761916e+01 4.52336599e-02 1.904457e-01 1.529666e+00 4.738527e+01 2.146425e+01 3.503206e-01 1.3520e-02 1.4891e-02 +1.1096e-05 0.07540 3.25054e-02 7.66585e-02 1.50341e-01 0.00000e+00
19.007252 2.69438522e-01 5.00906348e-02 3.19529157e-01 5.94696476e-02 9.13269430e+00 1.26771131e+01 4.36196147e-02 1.859075e-01 1.388102e+00 5.394034e+01 1.908195e+01 2.786828e-01 1.4247e-02 1.6572e-02 +1.1741e-05 0.07538 3.22910e-02 7.68240e-02 1.55093e-01 0.00000e+00
19.257347 2.73171032e-01 5.04096131e-02 3.23580645e-01 6.18898389e-02 9.29734244e+00 1.30379929e+01 4.46706707e-02 1.845350e-01 1.402335e+00 5.218396e+01 2.032363e+01 2.591276e-01 1.3840e-02 1.5638e-02 +1.2113e-05 0.07541 3.44618e-02 8.77445e-02 1.70129e-01 0.00000e+00
19.507442 2.76430330e-01 5.09734707e-02 3.27403801e-01 6.42099117e-02 9.62697722e+00 1.41126280e+01 4.74792104e-02 1.843990e-01 1.465946e+00 7.368944e+01 1.976388e+01 2.780651e-01 1.4535e-02 1.6500e-02 +1.2426e-05 0.07550 5.07902e-02 1.09068e-01 1.84926e-01 0.00000e+00
19.757538 2.79555879e-01 5.17105034e-02 3.31266383e-01 6.63639293e-02 1.00859803e+01 1.31105590e+01 4.63930787e-02 1.849738e-01 1.299879e+00 6.587400e+01 3.689992e+01 3.266323e-01 1.6755e-02 1.9407e-02 +1.3747e-05 0.07426 4.25209e-02 8.93189e-02 1.61283e-01 0.00000e+00
20.007633 2.82430118e-01 5.36834482e-02 3.36113566e-01 6.84731982e-02 1.06112949e+01 1.19182122e+01 4.50590142e-02 1.900769e-01 1.123163e+00 7.029634e+01 3.803965e+01 4.221156e-01 1.8803e-02 2.5206e-02 +1.4321e-05 0.07780 2.91353e-02 7.36562e-02 1.45282e-01 0.00000e+00
20.257729 2.84742451e-01 5.65172636e-02 3.41259714e-01 7.06472441e-02 1.13039538e+01 1.25941367e+01 4.77961810e-02 1.984856e-01 1.114136e+00 6.774407e+01 3.426406e+01 5.130905e-01 1.7301e-02 2.6722e-02 +1.4564e-05 0.07807 2.49974e-02 6.66865e-02 1.36935e-01 0.00000e+00
20.507824 2.85964530e-01 5.94717477e-02 3.45436278e-01 7.28983852e-02 1.20827735e+01 1.50183351e+01 5.42022172e-02 2.079690e-01 1.242954e+00 5.407645e+01 3.897611e+01 6.188627e-01 1.7820e-02 2.7355e-02 +1.4554e-05 0.07606 2.14908e-02 5.59798e-02 1.18154e-01 0.00000e+00
20.757919 2.86436681e-01 6.14226138e-02 3.47859295e-01 7.47511961e-02 1.22145013e+01 1.75774791e+01 5.95839607e-02 2.144370e-01 1.439066e+00 5.846939e+01 3.747121e+01 5.503334e-01 1.8835e-02 3.1545e-02 +1.3888e-05 0.07560 2.17642e-02 5.41201e-02 1.16229e-01 0.00000e+00
21.008015 2.87785194e-01 6.18056315e-02 3.49590826e-01 7.63020199e-02 1.16916070e+01 1.58019519e+01 5.49871179e-02 2.147631e-01 1.351564e+00 5.963457e+01 3.257228e+01 4.431036e-01 2.3183e-02 3.0280e-02 +1.3010e-05 0.08492 2.68276e-02 5.96446e-02 1.24975e-01 0.00000e+00
21.258110 2.89811739e-01 6.33354120e-02 3.53147151e-01 7.81922561e-02 1.14785714e+01 1.32752407e+01 4.95076241e-02 2.185398e-01 1.156524e+00 5.911746e+01 2.734478e+01 4.435677e-01 1.7102e-02 2.6542e-02 +1.2578e-05 0.08338 2.97533e-02 6.84342e-02 1.51091e-01 0.00000e+00
21.508206 2.92261953e-01 6.46205413e-02 3.56882494e-01 8.03659072e-02 1.18972354e+01 1.38706546e+01 5.15357801e-02 2.211049e-01 1.165872e+00 5.623743e+01 2.987589e+01 4.457435e-01 1.5734e-02 2.1671e-02 +1.3160e-05 0.08173 3.81366e-02 8.73566e-02 1.67318e-01 0.00000e+00
21.758301 2.94538127e-01 6.48544496e-02 3.59392577e-01 8.27853676e-02 1.25652885e+01 1.51892089e+01 5.55089947e-02 2.201903e-01 1.208823e+00 5.474767e+01 2.721697e+01 4.637247e-01 1.7686e-02 2.4148e-02 +1.4146e-05 0.08373 4.22238e-02 8.69489e-02 1.68029e-01 0.00000e+00
22.008397 2.95520402e-01 6.54628387e-02 3.60983241e-01 8.45450991e-02 1.25947837e+01 1.50364637e+01 5.52624948e-02 2.215172e-01 1.193864e+00 3.606033e+01 2.980273e+01 4.085434e-01 1.8091e-02 2.8445e-02 +1.3987e-05 0.08006 3.03340e-02 6.94660e-02 1.43083e-01 0.00000e+00
22.258492 2.94982352e-01 6.70918311e-02 3.62074183e-01 8.48169775e-02 1.31075792e+01 1.57614205e+01 5.77379994e-02 2.274435e-01 1.202466e+00 4.193900e+01 3.278820e+01 4.934599e-01 1.6557e-02 1.9482e-02 +1.2514e-05 0.08598 3.22061e-02 7.32296e-02 1.45932e-01 0.00000e+00
22.508587 2.93636860e-01 6.86040903e-02 3.62240950e-01 8.43767348e-02 1.36147012e+01 1.65340227e+01 6.02974477e-02 2.336358e-01 1.214424e+00 4.544159e+01 3.487099e+01 4.434867e-01 1.6354e-02 1.8879e-02 +1.1223e-05 0.08335 3.83888e-02 8.81101e-02 1.62670e-01 0.00000e+00
22.758683 2.92328574e-01 6.96128573e-02 3.61941431e-01 8.42759028e-02 1.33966772e+01 1.73269750e+01 6.14473045e-02 2.381322e-01 1.293379e+00 6.049401e+01 3.512626e+01 3.102419e-01 1.7192e-02 1.8806e-02 +1.1451e-05 0.08243 3.72963e-02 8.57498e-02 1.55283e-01 0.00000e+00
23.008778 2.91886487e-01 6.97113399e-02 3.61597827e-01 8.49490438e-02 1.38394123e+01 1.77774794e+01 6.32337834e-02 2.388303e-01 1.284555e+00 8.851849e+01 3.180355e+01 3.109965e-01 1.8352e-02 1.9888e-02 +1.2819e-05 0.07737 3.30984e-02 7.23981e-02 1.32713e-01 0.00000e+00
23.258874 2.91749690e-01 6.93993433e-02 3.61149033e-01 8.58646410e-02 1.44510093e+01 1.72617330e+01 6.34254847e-02 2.378729e-01 1.194500e+00 6.536951e+01 5.347512e+01 2.790986e-01 1.8169e-02 2.1030e-02 +1.4094e-05 0.07826 2.63412e-02 6.05179e-02 1.19851e-01 0.00000e+00
23.508969 2.91787610e-01 6.93730227e-02 3.61160633e-01 8.76102154e-02 1.36107430e+01 1.62104481e+01 5.96423823e-02 2.377518e-01 1.191004e+00 7.448709e+01 3.707753e+01 3.544374e-01 1.7923e-02 1.7171e-02 +1.4448e-05 0.09004 2.61931e-02 6.08884e-02 1.21474e-01 0.00000e+00
23.759064 2.92068483e-01 7.02863608e-02 3.62354844e-01 9.05504488e-02 1.28914222e+01 1.45911199e+01 5.49650840e-02 2.406503e-01 1.131847e+00 4.329558e+01 2.426347e+01 4.564697e-01 1.5290e-02 1.7186e-02 +1.4262e-05 0.08460 3.36093e-02 7.40372e-02 1.45503e-01 0.00000e+00
24.009160 2.91440126e-01 7.24715245e-02 3.63911650e-01 9.37949624e-02 1.23462243e+01 1.47266111e+01 5.41456707e-02 2.486669e-01 1.192803e+00 4.405839e+01 2.134886e+01 4.547082e-01 1.5253e-02 1.8332e-02 +1.4100e-05 0.08986 3.87120e-02 8.40659e-02 1.64293e-01 0.00000e+00
24.259255 2.90598951e-01 7.41884117e-02 3.64787363e-01 9.68685678e-02 1.26361850e+01 1.58030896e+01 5.68785493e-02 2.552948e-01 1.250622e+00 4.377210e+01 2.339506e+01 4.715116e-01 1.4321e-02 1.5590e-02 +1.3748e-05 0.08002 4.04857e-02 9.04064e-02 1.77715e-01 0.00000e+00
24.509351 2.88975440e-01 7.55896463e-02 3.64565087e-01 9.97070695e-02 1.35617088e+01 1.65867358e+01 6.02968891e-02 2.615781e-01 1.223056e+00 4.450736e+01 2.748610e+01 6.094206e-01 1.4073e-02 1.8887e-02 +1.1877e-05 0.08437 4.65168e-02 1.07215e-01 1.95731e-01 0.00000e+00
24.759446 2.85170891e-01 7.74181688e-02 3.62589060e-01 1.02486817e-01 1.44840245e+01 1.94835529e+01 6.79351548e-02 2.714799e-01 1.345175e+00 1.018268e+02 2.971353e+01 6.501740e-01 1.7710e-02 1.9286e-02 +8.5229e-06 0.07810 6.88503e-02 1.26065e-01 2.13515e-01 0.00000e+00
25.009542 2.80862932e-01 7.88478094e-02 3.59710741e-01 1.04891192e-01 1.46965709e+01 1.94431879e+01 6.82795176e-02 2.807341e-01 1.322974e+00 9.072662e+01 2.758879e+01 4.360452e-01 1.8448e-02 1.9245e-02 +7.7693e-06 0.07631 5.72513e-02 1.13205e-01 2.01929e-01 0.00000e+00
25.259637 2.76867304e-01 8.07847647e-02 3.57652069e-01 1.06693973e-01 1.46629508e+01 2.01086511e+01 6.95432037e-02 2.917815e-01 1.371392e+00 7.819751e+01 2.976785e+01 3.277686e-01 1.6491e-02 1.6919e-02 +8.2944e-06 0.07341 5.75771e-02 1.22369e-01 2.14260e-01 0.00000e+00
25.509732 2.73520102e-01 8.25259091e-02 3.56046011e-01 1.08859344e-01 1.39944654e+01 2.07393997e+01 6.94677302e-02 3.017179e-01 1.481972e+00 6.469954e+01 2.938444e+01 3.742123e-01 1.7996e-02 1.8198e-02 +9.7180e-06 0.07735 5.54186e-02 1.14124e-01 2.07722e-01 0.00000e+00
25.759828 2.70766711e-01 8.47206327e-02 3.55487344e-01 1.11777274e-01 1.33814136e+01 2.09393668e+01 6.86415609e-02 3.128916e-01 1.564810e+00 5.339083e+01 2.800732e+01 4.352578e-01 1.6872e-02 2.0534e-02 +1.0961e-05 0.07857 6.08233e-02 1.19513e-01 2.05826e-01 0.00000e+00
26.009923 2.68490165e-01 8.66595549e-02 3.55149720e-01 1.14992058e-01 1.31154732e+01 2.22014037e+01 7.06337538e-02 3.227662e-01 1.692764e+00 1.221879e+02 2.904233e+01 3.350863e-01 1.8039e-02 1.7762e-02 +1.2697e-05 0.08586 4.58479e-02 9.74947e-02 1.82086e-01 0.00000e+00
26.260019 2.67696008e-01 8.72584912e-02 3.54954499e-01 1.18016515e-01 1.27294432e+01 2.09674365e+01 6.73937594e-02 3.259611e-01 1.647161e+00 8.136786e+01 2.554066e+01 3.881915e-01 1.9826e-02 1.4655e-02 +1.4392e-05 0.09214 4.03638e-02 8.88693e-02 1.74320e-01 0.00000e+00
26.510114 2.68768535e-01 8.70702229e-02 3.55838758e-01 1.20866080e-01 1.26799550e+01 1.93436414e+01 6.40471928e-02 3.239599e-01 1.525529e+00 8.239194e+01 3.461222e+01 3.997059e-01 1.7859e-02 1.9066e-02 +1.5836e-05 0.09933 3.11063e-02 7.49913e-02 1.56361e-01 0.00000e+00
26.760209 2.70506239e-01 8.64513127e-02 3.56957551e-01 1.23087855e-01 1.26182231e+01 1.89549356e+01 6.31463174e-02 3.195908e-01 1.502187e+00 1.037673e+02 4.151377e+01 4.156426e-01 1.7049e-02 1.8798e-02 +1.6629e-05 0.08157 2.99459e-02 7.12996e-02 1.50292e-01 0.00000e+00
27.010305 2.72467426e-01 8.51276082e-02 3.57595034e-01 1.24490773e-01 1.26284470e+01 1.80961164e+01 6.14491269e-02 3.124322e-01 1.432965e+00 9.903023e+01 3.819023e+01 4.350016e-01 1.7018e-02 1.7791e-02 +1.6095e-05 0.09244 2.69218e-02 6.80370e-02 1.40185e-01 0.00000e+00
27.260400 2.74124798e-01 8.39719089e-02 3.58096707e-01 1.25190567e-01 1.25423828e+01 1.70898368e+01 5.92644393e-02 3.063273e-01 1.362567e+00 6.557026e+01 2.650809e+01 4.441192e-01 1.6915e-02 1.6781e-02 +1.4010e-05 0.09378 3.38574e-02 7.62990e-02 1.54565e-01 0.00000e+00
27.510496 2.75363377e-01 8.31270363e-02 3.58490413e-01 1.25567280e-01 1.23590069e+01 1.70781008e+01 5.88742153e-02 3.018812e-01 1.381834e+00 4.105704e+01 3.088697e+01 3.889742e-01 1.3628e-02 1.7583e-02 +1.2809e-05 0.10044 3.41998e-02 7.86151e-02 1.53663e-01 0.00000e+00
27.760591 2.75993676e-01 8.22271700e-02 3.58220846e-01 1.25994579e-01 1.22423684e+01 1.79411814e+01 6.03670996e-02 2.979314e-01 1.465499e+00 6.869845e+01 3.410563e+01 3.416822e-01 1.7559e-02 1.6116e-02 +1.2316e-05 0.08957 3.31478e-02 7.80419e-02 1.56942e-01 0.00000e+00
28.010686 2.76365515e-01 8.15504934e-02 3.57916009e-01 1.26474723e-01 1.21421206e+01 1.73470454e+01 5.89783320e-02 2.950820e-01 1.428667e+00 6.187624e+01 3.096253e+01 3.373867e-01 1.7731e-02 2.0215e-02 +1.1033e-05 0.07627 3.32464e-02 8.33881e-02 1.68397e-01 0.00000e+00
28.260782 2.77282492e-01 8.12284439e-02 3.58510935e-01 1.27237028e-01 1.22817787e+01 1.61337332e+01 5.68310237e-02 2.929447e-01 1.313632e+00 4.613622e+01 2.978459e+01 3.675595e-01 1.8573e-02 2.3965e-02 +8.1032e-06 0.07402 3.47832e-02 8.78222e-02 1.78410e-01 0.00000e+00
28.510877 2.79322091e-01 8.06183939e-02 3.59940485e-01 1.28550072e-01 1.28726464e+01 1.51175343e+01 5.59803615e-02 2.886216e-01 1.174392e+00 5.162018e+01 3.324584e+01 4.073375e-01 2.1104e-02 2.5558e-02 +7.5565e-06 0.07860 3.27037e-02 8.74807e-02 1.88145e-01 0.00000e+00
28.760973 2.80412509e-01 8.15301772e-02 3.61942686e-01 1.30550191e-01 1.29981453e+01 1.47125873e+01 5.54214653e-02 2.907509e-01 1.131899e+00 4.984596e+01 3.617629e+01 5.075617e-01 2.2356e-02 2.5558e-02 +8.1183e-06 0.08172 3.28124e-02 8.62774e-02 1.97277e-01 0.00000e+00
29.011068 2.79643101e-01 8.46165504e-02 3.64259651e-01 1.32782671e-01 1.21886580e+01 1.56173905e+01 5.56120971e-02 3.025877e-01 1.281305e+00 4.717968e+01 3.450629e+01 5.228181e-01 2.0526e-02 2.4591e-02 +7.6919e-06 0.08032 3.42342e-02 8.89571e-02 2.03941e-01 0.00000e+00
29.261164 2.78474389e-01 8.84008773e-02 3.66875266e-01 1.34737823e-01 1.13053398e+01 1.58109240e+01 5.42325277e-02 3.174471e-01 1.398536e+00 4.684503e+01 3.291846e+01 4.690005e-01 1.9992e-02 2.1930e-02 +6.9680e-06 0.08077 3.64387e-02 9.75435e-02 2.11406e-01 0.00000e+00
29.511259 2.78038821e-01 9.22390309e-02 3.70277852e-01 1.36397092e-01 1.06466011e+01 1.48316581e+01 5.09565184e-02 3.317487e-01 1.393089e+00 4.756842e+01 3.442588e+01 3.919379e-01 2.0505e-02 1.9873e-02 +7.3645e-06 0.07787 4.08194e-02 1.11594e-01 2.16497e-01 0.00000e+00
29.761354 2.78946811e-01 9.51524959e-02 3.74099307e-01 1.37703444e-01 1.03900447e+01 1.44488566e+01 4.96778024e-02 3.411134e-01 1.390644e+00 4.156500e+01 3.051757e+01 3.849217e-01 1.8336e-02 1.7284e-02 +8.6494e-06 0.07580 4.70728e-02 1.23968e-01 2.16997e-01 0.00000e+00
30.011450 2.81331645e-01 9.60434364e-02 3.77375082e-01 1.38922445e-01 1.06563681e+01 1.48505945e+01 5.10139252e-02 3.413887e-01 1.393589e+00 4.497691e+01 3.286724e+01 4.805458e-01 1.6348e-02 1.4987e-02 +9.1661e-06 0.07290 6.91109e-02 1.51704e-01 2.39686e-01 0.00000e+00
30.261545 2.83917982e-01 9.52364266e-02 3.79154408e-01 1.40097189e-01 1.11717130e+01 1.55044703e+01 5.33523665e-02 3.354364e-01 1.387833e+00 5.774015e+01 2.938187e+01 5.715487e-01 1.6704e-02 1.7323e-02 +8.6240e-06 0.07527 9.59493e-02 1.68757e-01 2.63401e-01 0.00000e+00
30.511641 2.84496971e-01 9.51930898e-02 3.79690061e-01 1.40613305e-01 1.14252752e+01 1.57566636e+01 5.43638775e-02 3.346014e-01 1.379106e+00 5.143181e+01 2.896394e+01 7.006211e-01 1.7526e-02 2.2687e-02 +8.0267e-06 0.08718 6.88895e-02 1.44399e-01 2.55471e-01 0.00000e+00
30.761736 2.82620943e-01 9.69309272e-02 3.79551870e-01 1.39800678e-01 1.13851128e+01 1.66483286e+01 5.60668829e-02 3.429715e-01 1.462289e+00 6.682627e+01 2.621912e+01 5.498914e-01 1.9951e-02 3.0527e-02 +6.7623e-06 0.08434 5.44249e-02 1.27558e-01 2.44205e-01 0.00000e+00
31.011831 2.80293441e-01 9.78368550e-02 3.78130296e-01 1.37609951e-01 1.19255276e+01 1.99669666e+01 6.37849885e-02 3.490515e-01 1.674305e+00 9.554191e+01 2.776439e+01 3.409973e-01 1.9049e-02 2.5420e-02 +5.6719e-06 0.08462 5.05085e-02 1.24478e-01 2.38437e-01 0.00000e+00
31.261927 2.78474530e-01 9.65554523e-02 3.75029982e-01 1.35000656e-01 1.29784760e+01 2.11847653e+01 6.83264825e-02 3.467299e-01 1.632300e+00 1.102945e+02 4.562910e+01 3.332585e-01 1.7111e-02 1.8724e-02 +5.1444e-06 0.08230 4.54821e-02 1.15940e-01 2.20344e-01 0.00000e+00
31.512022 2.76531640e-01 9.56510286e-02 3.72182669e-01 1.33194190e-01 1.32906362e+01 1.89126796e+01 6.44066315e-02 3.458954e-01 1.423008e+00 1.194807e+02 3.908873e+01 8.041019e-01 1.5562e-02 1.4173e-02 +5.2968e-06 0.08096 4.44777e-02 1.09891e-01 2.20083e-01 0.00000e+00
31.762118 2.73758138e-01 9.65487986e-02 3.70306937e-01 1.32836929e-01 1.33634713e+01 1.85732501e+01 6.38734428e-02 3.526792e-01 1.389852e+00 4.048666e+01 3.725074e+01 8.111583e-01 1.3662e-02 1.3384e-02 +5.9859e-06 0.08844 4.84220e-02 1.13472e-01 2.36586e-01 0.00000e+00
32.012213 2.69692344e-01 9.81603004e-02 3.67852644e-01 1.33434836e-01 1.35487379e+01 2.02271621e+01 6.75518000e-02 3.639714e-01 1.492919e+00 5.821938e+01 3.075952e+01 5.823692e-01 1.3563e-02 1.4978e-02 +6.9587e-06 0.08667 4.22443e-02 1.01839e-01 2.15399e-01 0.00000e+00
32.262309 2.64130762e-01 1.00159546e-01 3.64290308e-01 1.34170123e-01 1.37258099e+01 2.18126561e+01 7.10769319e-02 3.792044e-01 1.589171e+00 6.731285e+01 2.546580e+01 5.570869e-01 1.3683e-02 1.5431e-02 +7.6412e-06 0.07995 4.35177e-02 9.47322e-02 1.92922e-01 0.00000e+00
32.512404 2.58782506e-01 1.00950605e-01 3.59733111e-01 1.34906157e-01 1.37279855e+01 2.29696105e+01 7.33951920e-02 3.900983e-01 1.673196e+00 6.807156e+01 2.387069e+01 5.290213e-01 1.5932e-02 1.6466e-02 +8.3166e-06 0.07843 4.29397e-02 9.32136e-02 1.80214e-01 0.00000e+00
32.762499 2.55408207e-01 9.92237893e-02 3.54631997e-01 1.35327948e-01 1.42560729e+01 2.25245048e+01 7.35611555e-02 3.884910e-01 1.579994e+00 6.699216e+01 2.978473e+01 4.825732e-01 1.8226e-02 1.9642e-02 +8.3058e-06 0.07750 4.51864e-02 9.85547e-02 1.82236e-01 0.00000e+00
33.012595 2.53110259e-01 9.61427409e-02 3.49253000e-01 1.35608465e-01 1.47713598e+01 2.12805364e+01 7.21037924e-02 3.798453e-01 1.440662e+00 7.736290e+01 2.547690e+01 4.287154e-01 1.8009e-02 2.1458e-02 +7.8583e-06 0.07639 5.03489e-02 1.09445e-01 2.03098e-01 0.00000e+00
33.262690 2.51056799e-01 9.29788364e-02 3.44035635e-01 1.35467103e-01 1.45194612e+01 2.03600391e+01 6.97590006e-02 3.703498e-01 1.402259e+00 7.551194e+01 2.654336e+01 3.476120e-01 1.6032e-02 2.0140e-02 +7.8034e-06 0.07308 5.38277e-02 1.20239e-01 2.20644e-01 0.00000e+00
33.512786 2.49890972e-01 8.94941081e-02 3.39385080e-01 1.34948359e-01 1.36090353e+01 1.82501682e+01 6.37184072e-02 3.581326e-01 1.341033e+00 4.815453e+01 3.306232e+01 2.087173e-01 1.6102e-02 2.3453e-02 +7.9913e-06 0.07070 4.59911e-02 1.08668e-01 1.96820e-01 0.00000e+00
33.762881 2.49761158e-01 8.70031653e-02 3.36764323e-01 1.33784255e-01 1.24951001e+01 1.55050974e+01 5.60003949e-02 3.483455e-01 1.240894e+00 5.893687e+01 2.897681e+01 1.205905e-01 1.5452e-02 1.9118e-02 +8.0389e-06 0.07882 4.02248e-02 1.04361e-01 1.91209e-01 0.00000e+00
34.012976 2.49951961e-01 8.61748194e-02 3.36126781e-01 1.32490591e-01 1.13595424e+01 1.39796713e+01 5.06784273e-02 3.447655e-01 1.230654e+00 6.397529e+01 2.579864e+01 2.285234e-01 1.4602e-02 1.7480e-02 +7.9968e-06 0.08360 3.71832e-02 1.03454e-01 1.98644e-01 0.00000e+00
34.263072 2.50282339e-01 8.66049880e-02 3.36887327e-01 1.32002396e-01 1.04864500e+01 1.30013626e+01 4.69756253e-02 3.460292e-01 1.239825e+00 5.680990e+01 2.363895e+01 2.934289e-01 1.3511e-02 1.7310e-02 +7.4162e-06 0.08100 3.56929e-02 1.02571e-01 1.95636e-01 0.00000e+00
34.513167 2.50243097e-01 8.83687338e-02 3.38611830e-01 1.32620919e-01 1.00848461e+01 1.23200413e+01 4.48097748e-02 3.531316e-01 1.221639e+00 3.548819e+01 2.080187e+01 3.990502e-01 1.2194e-02 1.5951e-02 +6.3780e-06 0.08069 3.39205e-02 9.55149e-02 1.78334e-01 0.00000e+00
34.763263 2.49017286e-01 9.16249958e-02 3.40642281e-01 1.34289449e-01 1.03491839e+01 1.24624202e+01 4.56232083e-02 3.679463e-01 1.204194e+00 2.554941e+01 1.904319e+01 4.729786e-01 1.1304e-02 1.4436e-02 +5.9506e-06 0.08317 3.10818e-02 8.11405e-02 1.61918e-01 0.00000e+00
35.013358 2.45500847e-01 9.64046777e-02 3.41905525e-01 1.36627163e-01 1.11166361e+01 1.36944140e+01 4.96221002e-02 3.926857e-01 1.231885e+00 3.695751e+01 1.901029e+01 4.454188e-01 1.2280e-02 1.3946e-02 +6.3747e-06 0.08506 2.82852e-02 7.28022e-02 1.53885e-01 0.00000e+00
35.263454 2.39794375e-01 1.02448897e-01 3.42243272e-01 1.39669216e-01 1.17709636e+01 1.45736736e+01 5.26892743e-02 4.272364e-01 1.238104e+00 4.272236e+01 2.035571e+01 3.562551e-01 1.2178e-02 1.0752e-02 +7.4312e-06 0.08375 3.30624e-02 7.49864e-02 1.51364e-01 0.00000e+00
35.513549 2.32668187e-01 1.08796143e-01 3.41464330e-01 1.43709651e-01 1.22862851e+01 1.76957534e+01 5.99640771e-02 4.676021e-01 1.440285e+00 7.288077e+01 2.806961e+01 3.339969e-01 1.2915e-02 1.9293e-02 +8.9443e-06 0.08875 3.96701e-02 8.61644e-02 1.73786e-01 0.00000e+00
35.763644 2.25516618e-01 1.12788959e-01 3.38305576e-01 1.47931858e-01 1.31852780e+01 2.22822755e+01 7.09351070e-02 5.001359e-01 1.689936e+00 9.300658e+01 3.596269e+01 4.002563e-01 1.4665e-02 2.8261e-02 +1.0477e-05 0.08121 4.22890e-02 9.31661e-02 1.87993e-01 0.00000e+00
36.013740 2.19964690e-01 1.12895671e-01 3.32860361e-01 1.51254065e-01 1.35873971e+01 2.45286274e+01 7.62320492e-02 5.132445e-01 1.805248e+00 8.502264e+01 3.130621e+01 3.489548e-01 1.8413e-02 4.0689e-02 +1.2015e-05 0.07510 3.64982e-02 8.09004e-02 1.63396e-01 0.00000e+00
36.263835 2.17373079e-01 1.10005869e-01 3.27378948e-01 1.53927801e-01 1.32279738e+01 2.32570005e+01 7.29699486e-02 5.060694e-01 1.758168e+00 5.683430e+01 3.030774e+01 2.455252e-01 1.7308e-02 3.0720e-02 +1.2942e-05 0.07287 2.57313e-02 6.14304e-02 1.25476e-01 0.00000e+00
36.513931 2.17623063e-01 1.05776429e-01 3.23399493e-01 1.56425329e-01 1.26543799e+01 2.09456002e+01 6.71999603e-02 4.860534e-01 1.655206e+00 4.813295e+01 2.771741e+01 2.105752e-01 1.5768e-02 2.7207e-02 +1.3092e-05 0.07312 2.30002e-02 5.70289e-02 1.15158e-01 0.00000e+00
36.764026 2.19913093e-01 1.01155291e-01 3.21068384e-01 1.58828105e-01 1.19891693e+01 1.86344945e+01 6.12473274e-02 4.599785e-01 1.554277e+00 4.689821e+01 2.596218e+01 1.597473e-01 1.4363e-02 2.3176e-02 +1.3111e-05 0.07248 2.14220e-02 5.34812e-02 1.09075e-01 0.00000e+00
37.014121 2.23460552e-01 9.67114796e-02 3.20172032e-01 1.61186376e-01 1.13873224e+01 1.68501076e+01 5.64748599e-02 4.327899e-01 1.479725e+00 5.012192e+01 2.834072e+01 1.206856e-01 1.2950e-02 2.0987e-02 +1.3145e-05 0.07748 2.06954e-02 5.38219e-02 1.14861e-01 0.00000e+00
37.264217 2.27257562e-01 9.31623352e-02 3.20419897e-01 1.63711069e-01 1.07937434e+01 1.54480740e+01 5.24836349e-02 4.099416e-01 1.431206e+00 5.354432e+01 2.561398e+01 1.483742e-01 1.1791e-02 1.9907e-02 +1.2852e-05 0.08447 2.39740e-02 6.34335e-02 1.37042e-01 0.00000e+00
37.514312 2.29865746e-01 9.16990630e-02 3.21564809e-01 1.66606209e-01 1.02827566e+01 1.45211800e+01 4.96078730e-02 3.989244e-01 1.412187e+00 4.132059e+01 2.490001e+01 2.505388e-01 1.1705e-02 1.5230e-02 +1.2238e-05 0.07984 2.82221e-02 7.60967e-02 1.55155e-01 0.00000e+00
37.764408 2.30638436e-01 9.25237140e-02 3.23162150e-01 1.69705353e-01 9.89051717e+00 1.45470735e+01 4.88751814e-02 4.011635e-01 1.470810e+00 4.558306e+01 2.269263e+01 2.099748e-01 1.0321e-02 1.4416e-02 +1.2042e-05 0.07332 3.02570e-02 7.99418e-02 1.57939e-01 0.00000e+00
38.014503 2.30207252e-01 9.44302349e-02 3.24637486e-01 1.72452280e-01 9.94877441e+00 1.50530060e+01 5.00035608e-02 4.101966e-01 1.513051e+00 5.825499e+01 1.911117e+01 2.452653e-01 1.0408e-02 1.3842e-02 +1.2141e-05 0.07262 2.94755e-02 7.38561e-02 1.50735e-01 0.00000e+00
38.264599 2.29274704e-01 9.64585177e-02 3.25733222e-01 1.74364438e-01 1.00804706e+01 1.54299254e+01 5.10207920e-02 4.207116e-01 1.530675e+00 8.276549e+01 2.257128e+01 2.731500e-01 1.1557e-02 1.2961e-02 +1.1881e-05 0.07514 2.56191e-02 6.39846e-02 1.49209e-01 0.00000e+00
38.514694 2.28752870e-01 9.82349736e-02 3.26987843e-01 1.75668985e-01 1.00092876e+01 1.50654520e+01 5.01494792e-02 4.294371e-01 1.505147e+00 7.562203e+01 2.311566e+01 2.414136e-01 1.1820e-02 1.3625e-02 +1.1141e-05 0.07747 2.27130e-02 6.22799e-02 1.66790e-01 0.00000e+00
38.764789 2.29102923e-01 9.97477999e-02 3.28850723e-01 1.76848880e-01 9.97377426e+00 1.44321514e+01 4.88118514e-02 4.353842e-01 1.447010e+00 6.164520e+01 2.033065e+01 2.438081e-01 1.0981e-02 1.3540e-02 +1.0693e-05 0.07752 2.60784e-02 7.55818e-02 1.80461e-01 0.00000e+00
39.014885 2.29756845e-01 1.01409719e-01 3.31166564e-01 1.78006579e-01 9.86479868e+00 1.39532627e+01 4.76361228e-02 4.413784e-01 1.414450e+00 5.824222e+01 1.848469e+01 2.589311e-01 1.1149e-02 1.2393e-02 +1.0856e-05 0.07854 3.32073e-02 8.43034e-02 1.80573e-01 0.00000e+00
39.264980 2.30361531e-01 1.03380402e-01 3.33741933e-01 1.79189584e-01 9.63370528e+00 1.37425104e+01 4.67524313e-02 4.487746e-01 1.426503e+00 3.342395e+01 1.684444e+01 2.600321e-01 1.0671e-02 1.1805e-02 +1.1008e-05 0.07789 3.12612e-02 7.77884e-02 1.69413e-01 0.00000e+00
39.515076 2.31007930e-01 1.05066392e-01 3.36074321e-01 1.80445429e-01 9.51800396e+00 1.44429844e+01 4.79219767e-02 4.548173e-01 1.517438e+00 3.768112e+01 1.865204e+01 2.772021e-01 1.1412e-02 1.4186e-02 +1.0461e-05 0.07139 2.93002e-02 7.50229e-02 1.59798e-01 0.00000e+00
39.765171 2.31924520e-01 1.05686038e-01 3.37610558e-01 1.81682713e-01 9.59200327e+00 1.52702565e+01 4.97245196e-02 4.556915e-01 1.591978e+00 4.390148e+01 1.848406e+01 2.868267e-01 1.2016e-02 1.4556e-02 +9.7982e-06 0.06803 3.45060e-02 8.13182e-02 1.61180e-01 0.00000e+00
40.015266 2.33277454e-01 1.05266045e-01 3.38543500e-01 1.82546351e-01 9.68959796e+00 1.50931083e+01 4.95654124e-02 4.512483e-01 1.557661e+00 4.403826e+01 2.107570e+01 2.692798e-01 1.3660e-02 1.6625e-02 +9.2399e-06 0.06822 3.71417e-02 8.67201e-02 1.60261e-01 0.00000e+00
40.265362 2.35317881e-01 1.04195708e-01 3.39513588e-01 1.82799154e-01 9.80490761e+00 1.41032015e+01 4.78162182e-02 4.427870e-01 1.438382e+00 3.685432e+01 2.053996e+01 2.893270e-01 1.3202e-02 1.4999e-02 +8.5803e-06 0.07430 4.05695e-02 9.22952e-02 1.68150e-01 0.00000e+00
40.515457 2.37871261e-01 1.02893420e-01 3.40764681e-01 1.82630185e-01 1.00885313e+01 1.30774627e+01 4.63319879e-02 4.325593e-01 1.296270e+00 3.004473e+01 2.248684e+01 3.379694e-01 1.2495e-02 1.4233e-02 +7.7278e-06 0.07934 4.58652e-02 1.07106e-01 1.89243e-01 0.00000e+00
40.765553 2.40095675e-01 1.02162797e-01 3.42258472e-01 1.82449410e-01 1.05676083e+01 1.22975728e+01 4.57303623e-02 4.255087e-01 1.163704e+00 3.132082e+01 2.114554e+01 4.051756e-01 1.1745e-02 1.5926e-02 +6.6066e-06 0.08019 5.59366e-02 1.27358e-01 2.14027e-01 0.00000e+00
41.015648 2.40529607e-01 1.02977654e-01 3.43507261e-01 1.82297253e-01 1.13517684e+01 1.25818946e+01 4.78673260e-02 4.281288e-01 1.108364e+00 3.342863e+01 3.448171e+01 4.878918e-01 1.3473e-02 1.9246e-02 +5.1781e-06 0.07928 6.82712e-02 1.46909e-01 2.33315e-01 0.00000e+00
41.265744 2.38473869e-01 1.05415705e-01 3.43889574e-01 1.82031617e-01 1.20057567e+01 1.36476167e+01 5.13067468e-02 4.420430e-01 1.136756e+00 3.105379e+01 3.487752e+01 4.608132e-01 1.4786e-02 2.1520e-02 +3.5024e-06 0.07662 6.87979e-02 1.56021e-01 2.44643e-01 0.00000e+00
41.515839 2.34748303e-01 1.08697367e-01 3.43445670e-01 1.81530642e-01 1.23141453e+01 1.47539258e+01 5.41361424e-02 4.630379e-01 1.198128e+00 3.981579e+01 3.813393e+01 4.038100e-01 1.5902e-02 2.3589e-02 +2.2496e-06 0.07311 6.52443e-02 1.55157e-01 2.48688e-01 0.00000e+00
41.765934 2.30496638e-01 1.12192393e-01 3.42689031e-01 1.81025095e-01 1.22595409e+01 1.50808501e+01 5.46807820e-02 4.867420e-01 1.230132e+00 4.267212e+01 4.120044e+01 3.643157e-01 1.7155e-02 2.7992e-02 +7.2065e-07 0.07586 5.90001e-02 1.44644e-01 2.44836e-01 0.00000e+00
42.016030 2.26960186e-01 1.15228237e-01 3.42188423e-01 1.80893077e-01 1.19536854e+01 1.53865821e+01 5.46805350e-02 5.077024e-01 1.287183e+00 4.531102e+01 4.870550e+01 3.523648e-01 1.8274e-02 3.2196e-02 -1.1367e-06 0.08002 5.40253e-02 1.34581e-01 2.45967e-01 0.00000e+00
42.266125 2.25355063e-01 1.16392672e-01 3.41747735e-01 1.81223189e-01 1.17007877e+01 1.59886510e+01 5.53788773e-02 5.164857e-01 1.366459e+00 4.742509e+01 5.588665e+01 3.289677e-01 1.9733e-02 3.1794e-02 -1.7772e-06 0.08169 4.92330e-02 1.30698e-01 2.59957e-01 0.00000e+00
42.516221 2.26019020e-01 1.15488574e-01 3.41507594e-01 1.82000199e-01 1.15255033e+01 1.57244946e+01 5.44999958e-02 5.109684e-01 1.364322e+00 4.493199e+01 4.032555e+01 2.939887e-01 2.1151e-02 2.9944e-02 -3.6697e-08 0.08290 4.36342e-02 1.29456e-01 2.72920e-01 0.00000e+00
42.766316 2.28001104e-01 1.13754044e-01 3.41755149e-01 1.83183807e-01 1.13252695e+01 1.52063893e+01 5.30633177e-02 4.989188e-01 1.342696e+00 4.781312e+01 3.457440e+01 3.075347e-01 2.2267e-02 3.7445e-02 +2.8039e-06 0.08072 3.87273e-02 1.23443e-01 2.76272e-01 0.00000e+00
43.016411 2.30868237e-01 1.11632292e-01 3.42500529e-01 1.84775544e-01 1.12306256e+01 1.45576620e+01 5.15765753e-02 4.835325e-01 1.296247e+00 5.573840e+01 4.166919e+01 4.015376e-01 2.2298e-02 3.2370e-02 +5.3645e-06 0.07502 3.79562e-02 1.19138e-01 2.69073e-01 0.00000e+00
43.266507 2.34403707e-01 1.08831551e-01 3.43235258e-01 1.86527747e-01 1.15536766e+01 1.46236621e+01 5.23546774e-02 4.642911e-01 1.265715e+00 6.432236e+01 4.281460e+01 6.094493e-01 2.2234e-02 3.5609e-02 +7.4421e-06 0.07621 4.33573e-02 1.19333e-01 2.55305e-01 0.00000e+00
43.516602 2.37780245e-01 1.05934386e-01 3.43714631e-01 1.88186058e-01 1.15796106e+01 1.41697673e+01 5.14987558e-02 4.455138e-01 1.223683e+00 5.616687e+01 4.241000e+01 5.403837e-01 2.1935e-02 3.5592e-02 +9.2054e-06 0.07422 4.38156e-02 1.10567e-01 2.32889e-01 0.00000e+00
43.766698 2.39698869e-01 1.04629921e-01 3.44328790e-01 1.89115737e-01 1.10847720e+01 1.41858557e+01 5.05412554e-02 4.365057e-01 1.279761e+00 4.928990e+01 4.569813e+01 3.138175e-01 1.8064e-02 2.7061e-02 +1.0232e-05 0.07228 3.83835e-02 9.83239e-02 2.08166e-01 0.00000e+00
44.016793 2.39367837e-01 1.05817046e-01 3.45184883e-01 1.89224529e-01 1.01516985e+01 1.42903196e+01 4.88840363e-02 4.420688e-01 1.407678e+00 5.258725e+01 4.751967e+01 2.250363e-01 1.5782e-02 2.0128e-02 +1.0246e-05 0.07111 4.48332e-02 1.00614e-01 1.92882e-01 0.00000e+00
44.266888 2.37917661e-01 1.08521114e-01 3.46438775e-01 1.89175785e-01 9.89048118e+00 1.33012519e+01 4.63834662e-02 4.561289e-01 1.344854e+00 7.146490e+01 3.203888e+01 2.909586e-01 1.7251e-02 2.2115e-02 +8.2709e-06 0.06961 4.06924e-02 9.41839e-02 1.79580e-01 0.00000e+00
44.516984 2.35620813e-01 1.12455071e-01 3.48075884e-01 1.88970038e-01 9.89506362e+00 1.26395104e+01 4.50691481e-02 4.772714e-01 1.277355e+00 8.881773e+01 4.291314e+01 3.676145e-01 1.6335e-02 2.3153e-02 +3.4679e-06 0.06879 4.68808e-02 1.03589e-01 1.87506e-01 0.00000e+00
44.767079 2.33350917e-01 1.16216312e-01 3.49567229e-01 1.88055717e-01 9.89475980e+00 1.27352232e+01 4.52599660e-02 4.980324e-01 1.287067e+00 9.188812e+01 3.534487e+01 3.358245e-01 1.5314e-02 1.8968e-02 -6.4089e-07 0.06674 5.51951e-02 1.18781e-01 2.11789e-01 0.00000e+00
45.017175 2.32735012e-01 1.18043840e-01 3.50778851e-01 1.86758382e-01 1.00674668e+01 1.26885887e+01 4.55121110e-02 5.072028e-01 1.260356e+00 6.210589e+01 3.438964e+01 2.651690e-01 1.4838e-02 1.9433e-02 -1.6957e-06 0.06717 5.58717e-02 1.26968e-01 2.32584e-01 0.00000e+00
45.267270 2.33329261e-01 1.18286890e-01 3.51616150e-01 1.85368026e-01 1.08463462e+01 1.27149681e+01 4.71226286e-02 5.069527e-01 1.172281e+00 5.630114e+01 4.630333e+01 2.473800e-01 1.5581e-02 2.1761e-02 -1.1600e-06 0.07291 5.35554e-02 1.28178e-01 2.42104e-01 0.00000e+00
45.517366 2.32577728e-01 1.18799355e-01 3.51377083e-01 1.83821052e-01 1.15368599e+01 1.39175079e+01 5.09087355e-02 5.107942e-01 1.206351e+00 8.680910e+01 6.397796e+01 3.254030e-01 1.8562e-02 3.1827e-02 -1.0351e-06 0.07256 5.29025e-02 1.29528e-01 2.54237e-01 0.00000e+00
45.767461 2.29033086e-01 1.20873146e-01 3.49906232e-01 1.82180764e-01 1.14490628e+01 1.53575169e+01 5.36131594e-02 5.277541e-01 1.341378e+00 7.380291e+01 7.581247e+01 4.864018e-01 1.9145e-02 2.9136e-02 -1.2476e-06 0.06947 4.97148e-02 1.24731e-01 2.66924e-01 0.00000e+00
46.017556 2.23233782e-01 1.24574099e-01 3.47807881e-01 1.80594806e-01 1.09319343e+01 1.66172061e+01 5.50982808e-02 5.580432e-01 1.520061e+00 5.703965e+01 5.560897e+01 4.596943e-01 1.5514e-02 2.2012e-02 -1.6466e-06 0.06723 4.51440e-02 1.23583e-01 2.60040e-01 0.00000e+00
46.267652 2.16892058e-01 1.28563296e-01 3.45455355e-01 1.79178422e-01 1.04774981e+01 1.73666290e+01 5.56882541e-02 5.927524e-01 1.657517e+00 5.025067e+01 3.447346e+01 4.445664e-01 1.3369e-02 2.2146e-02 -2.4837e-06 0.06832 4.28438e-02 1.17822e-01 2.47883e-01 0.00000e+00
46.517747 2.11695380e-01 1.31433981e-01 3.43129361e-01 1.77974187e-01 1.03621599e+01 1.74791745e+01 5.56826689e-02 6.208637e-01 1.686827e+00 4.531563e+01 3.350747e+01 4.354883e-01 1.1980e-02 2.2075e-02 -3.2487e-06 0.06744 4.48670e-02 1.16073e-01 2.43074e-01 0.00000e+00
46.767843 2.08737194e-01 1.32251360e-01 3.40988554e-01 1.77035801e-01 1.06052763e+01 1.72017204e+01 5.56139932e-02 6.335783e-01 1.621996e+00 5.415401e+01 2.895027e+01 3.886848e-01 1.1267e-02 2.1285e-02 -3.2422e-06 0.06556 4.86300e-02 1.23684e-01 2.41102e-01 0.00000e+00
47.017938 2.07721146e-01 1.31277274e-01 3.38998420e-01 1.76473013e-01 1.09133694e+01 1.72236746e+01 5.62740880e-02 6.319880e-01 1.578218e+00 6.779204e+01 2.807648e+01 3.107539e-01 1.0353e-02 1.7807e-02 -2.7262e-06 0.06459 5.24902e-02 1.34254e-01 2.44466e-01 0.00000e+00
47.268033 2.08021563e-01 1.28941499e-01 3.36963062e-01 1.76372419e-01 1.10715494e+01 1.76051559e+01 5.73534107e-02 6.198468e-01 1.590126e+00 6.526825e+01 2.741156e+01 2.792224e-01 1.1505e-02 2.1424e-02 -2.0247e-06 0.06475 5.79492e-02 1.39380e-01 2.47016e-01 0.00000e+00
47.518129 2.08776336e-01 1.25857277e-01 3.34633613e-01 1.76587979e-01 1.12880229e+01 1.82453794e+01 5.90668046e-02 6.028331e-01 1.616349e+00 6.366880e+01 2.637021e+01 2.942460e-01 1.2736e-02 2.1299e-02 -6.5743e-07 0.06769 5.29806e-02 1.28101e-01 2.34912e-01 0.00000e+00
47.768224 2.09123170e-01 1.22492702e-01 3.31615872e-01 1.76917825e-01 1.15667580e+01 1.87379919e+01 6.06094998e-02 5.857443e-01 1.619987e+00 5.378822e+01 2.956538e+01 2.420145e-01 1.3697e-02 1.9037e-02 +4.7815e-07 0.06934 4.76756e-02 1.21173e-01 2.29246e-01 0.00000e+00
48.018320 2.08680531e-01 1.19159362e-01 3.27839892e-01 1.77301005e-01 1.14929484e+01 1.90479538e+01 6.10818044e-02 5.710133e-01 1.657360e+00 4.534268e+01 2.990982e+01 2.018802e-01 1.3860e-02 1.9226e-02 +1.0167e-06 0.06977 4.80497e-02 1.29949e-01 2.40276e-01 0.00000e+00
48.268415 2.07605863e-01 1.15990329e-01 3.23596192e-01 1.77588866e-01 1.12972964e+01 1.86156912e+01 5.98259751e-02 5.587045e-01 1.647801e+00 4.392184e+01 2.771497e+01 2.342749e-01 1.3563e-02 1.8113e-02 +1.2394e-06 0.06949 5.11770e-02 1.39112e-01 2.54252e-01 0.00000e+00
48.518511 2.06211538e-01 1.13431476e-01 3.19643015e-01 1.77810679e-01 1.10762572e+01 1.70385793e+01 5.62296731e-02 5.500734e-01 1.538298e+00 4.866874e+01 2.688722e+01 3.367091e-01 1.3481e-02 1.8591e-02 +1.6694e-06 0.06862 5.17126e-02 1.41876e-01 2.68084e-01 0.00000e+00
48.768606 2.04651646e-01 1.12262545e-01 3.16914192e-01 1.78247249e-01 1.07482982e+01 1.48855842e+01 5.12677646e-02 5.485543e-01 1.384925e+00 5.189405e+01 2.645307e+01 3.917883e-01 1.4610e-02 1.8997e-02 +2.0005e-06 0.07357 5.91987e-02 1.66130e-01 2.93778e-01 0.00000e+00
49.018701 2.02937182e-01 1.12973801e-01 3.15910983e-01 1.79120869e-01 1.01741422e+01 1.27192511e+01 4.57867865e-02 5.566935e-01 1.250155e+00 3.707742e+01 2.332749e+01 3.289230e-01 1.3943e-02 1.7946e-02 +2.1287e-06 0.07510 7.67848e-02 1.76588e-01 3.04896e-01 0.00000e+00
49.268797 2.01120992e-01 1.15617540e-01 3.16738533e-01 1.80611182e-01 9.26781214e+00 1.12751551e+01 4.10859345e-02 5.748656e-01 1.216593e+00 3.908516e+01 2.274917e+01 2.738255e-01 1.1174e-02 1.7798e-02 +1.6233e-06 0.07358 6.37244e-02 1.43644e-01 2.78886e-01 0.00000e+00
49.518892 1.99363025e-01 1.19558959e-01 3.18921984e-01 1.82811598e-01 8.45717759e+00 1.11308213e+01 3.91759978e-02 5.997048e-01 1.316139e+00 4.256577e+01 2.193914e+01 2.345519e-01 1.0281e-02 1.7920e-02 -6.8239e-07 0.06998 4.65711e-02 1.17324e-01 2.60116e-01 0.00000e+00
49.768988 1.97638527e-01 1.23901692e-01 3.21540219e-01 1.85419541e-01 7.95777209e+00 1.18164986e+01 3.95485414e-02 6.269106e-01 1.484900e+00 4.408521e+01 2.499297e+01 1.828450e-01 1.0856e-02 1.8588e-02 -3.3168e-06 0.06835 4.34461e-02 1.19488e-01 2.63314e-01 0.00000e+00
49.999987 1.95901032e-01 1.27926188e-01 3.23827220e-01 1.87729397e-01 7.82466119e+00 1.27622278e+01 4.11737780e-02 6.530144e-01 1.631026e+00 4.647211e+01 2.996592e+01 2.146782e-01 1.0777e-02 2.0888e-02 -5.1688e-06 0.06757 4.45406e-02 1.30394e-01 2.73674e-01 0.00000e+00
