# tg_mhd (CUDA FP64)  tgc_noslip_cond_n384_re500_ramp0.2  N=384 L=384 Re=500 Pm=1 u0=0.05 nu_lat=1.219127e-02 eta_lat=1.219127e-02 tau_f=0.536574 tau_m=0.548765 dt=4.101296e-04 fw=profile
# t E_V E_M E_T H_C Omega_V Omega_M eps EM/EV OmM/OmV j_max w_max skew divb/j divb_wall/j mass_drift umax_lat fw1 fw2 fw4 tau_wall
0.000000 1.25000000e-01 1.25000000e-01 2.50000000e-01 -1.57300808e-20 3.74991590e-01 1.49986544e+00 7.49942812e-03 1.000000e+00 3.999731e+00 3.463888e+00 1.999944e+00 1.456232e-18 5.4336e-15 1.1048e-14 +0.0000e+00 0.05000 5.70547e-02 1.14678e-01 2.32241e-01 1.36768e-10
0.100072 1.22067005e-01 1.24187695e-01 2.46254700e-01 1.85163832e-05 4.55098545e+00 1.49786077e+00 2.41953849e-02 1.017373e+00 3.291289e-01 3.565534e+00 4.291140e+01 1.356986e-01 8.8437e-05 5.4268e-04 -7.2889e-07 0.05075 7.07001e-01 7.24893e-01 7.61454e-01 3.93949e-02
0.200143 1.17486863e-01 1.23458229e-01 2.40945092e-01 -1.09008474e-04 9.42115637e+00 1.53439685e+00 4.38222129e-02 1.050826e+00 1.628671e-01 4.034550e+00 4.711499e+01 3.536065e-02 2.9029e-04 1.7479e-03 -9.7621e-06 0.05117 8.32976e-01 8.44948e-01 8.65519e-01 4.37876e-02
0.300215 1.14486932e-01 1.23086772e-01 2.37573704e-01 -2.46728503e-04 6.52091680e+00 1.61876752e+00 3.25587373e-02 1.075116e+00 2.482423e-01 4.668962e+00 3.146271e+01 2.128367e-01 3.8567e-04 2.2637e-03 -6.1789e-06 0.05170 7.49383e-01 7.83217e-01 8.12069e-01 2.88656e-02
0.400286 1.11796927e-01 1.22609926e-01 2.34406853e-01 -3.80760977e-04 5.42384875e+00 1.73179513e+00 2.86225756e-02 1.096720e+00 3.192927e-01 5.265452e+00 2.819731e+01 2.250480e-01 4.2898e-04 2.4921e-03 +5.6566e-06 0.05174 6.76078e-01 7.40190e-01 7.75431e-01 2.35637e-02
0.500358 1.09791171e-01 1.21853105e-01 2.31644277e-01 -5.22312545e-04 4.81475099e+00 1.86504309e+00 2.67191763e-02 1.109863e+00 3.873602e-01 5.783048e+00 2.656404e+01 2.071682e-01 4.5116e-04 2.6245e-03 -1.0570e-05 0.05109 6.11294e-01 7.02185e-01 7.44096e-01 2.08334e-02
0.600430 1.07738416e-01 1.21224565e-01 2.28962981e-01 -6.68180055e-04 4.41817396e+00 2.02602995e+00 2.57768157e-02 1.125175e+00 4.585673e-01 6.265473e+00 2.413862e+01 3.262753e-01 4.6452e-04 2.7189e-03 -1.2266e-05 0.05140 5.54263e-01 6.65074e-01 7.15049e-01 1.88807e-02
0.700501 1.05733125e-01 1.20711164e-01 2.26444289e-01 -8.08177998e-04 4.26229934e+00 2.21712045e+00 2.59176792e-02 1.141659e+00 5.201700e-01 6.695966e+00 2.364290e+01 2.987072e-01 4.7623e-04 2.8028e-03 +1.3134e-06 0.05124 5.11979e-01 6.34750e-01 6.92962e-01 1.84238e-02
0.800573 1.04148714e-01 1.19815756e-01 2.23964470e-01 -9.31589299e-04 4.04772046e+00 2.42357697e+00 2.58851897e-02 1.150430e+00 5.987511e-01 6.986359e+00 2.313217e+01 3.657475e-01 4.8636e-04 2.8669e-03 -6.9910e-06 0.05097 4.63431e-01 5.96341e-01 6.64621e-01 1.67851e-02
0.900645 1.02542672e-01 1.18640602e-01 2.21183274e-01 -1.04828536e-03 3.95579315e+00 2.65489197e+00 2.64427405e-02 1.156988e+00 6.711402e-01 7.223576e+00 2.304094e+01 4.308406e-01 4.9744e-04 2.9418e-03 -1.0509e-05 0.05121 4.23584e-01 5.61569e-01 6.39928e-01 1.61315e-02
1.000716 1.01250741e-01 1.17259142e-01 2.18509883e-01 -1.13765513e-03 3.98578791e+00 2.90952030e+00 2.75812328e-02 1.158107e+00 7.299737e-01 7.358038e+00 2.298946e+01 3.751681e-01 5.1392e-04 3.0148e-03 -8.4959e-06 0.05111 3.92861e-01 5.31678e-01 6.19483e-01 1.61163e-02
1.100788 1.00260044e-01 1.15539299e-01 2.15799343e-01 -1.18241504e-03 3.99494730e+00 3.18604320e+00 2.87239620e-02 1.152396e+00 7.975182e-01 7.388180e+00 2.393121e+01 4.118230e-01 5.3884e-04 3.0946e-03 -7.9172e-06 0.05107 3.59222e-01 4.97537e-01 5.95358e-01 1.56243e-02
1.200859 9.94079940e-02 1.13404004e-01 2.12811998e-01 -1.21119635e-03 3.99396865e+00 3.49108051e+00 2.99401966e-02 1.140794e+00 8.740881e-01 8.256636e+00 2.402275e+01 4.649873e-01 5.7739e-04 3.1987e-03 -3.5209e-06 0.05055 3.24008e-01 4.60493e-01 5.68321e-01 1.47517e-02
1.300931 9.88704635e-02 1.10801942e-01 2.09672405e-01 -1.16726482e-03 4.09152356e+00 3.81380742e+00 3.16213239e-02 1.120678e+00 9.321240e-01 1.005799e+01 2.338448e+01 4.055269e-01 6.3950e-04 3.2941e-03 -1.4110e-05 0.04918 2.96928e-01 4.28437e-01 5.43910e-01 1.44819e-02
1.401003 9.85147508e-02 1.07970250e-01 2.06485000e-01 -1.11325758e-03 4.18747682e+00 4.17766473e+00 3.34605662e-02 1.095981e+00 9.976568e-01 1.208497e+01 2.625032e+01 3.986986e-01 7.4203e-04 3.3959e-03 -1.2945e-05 0.04962 2.69803e-01 3.95545e-01 5.17529e-01 1.43771e-02
1.501074 9.80642312e-02 1.04926569e-01 2.02990800e-01 -9.85348771e-04 4.28403839e+00 4.58846918e+00 3.54900303e-02 1.069978e+00 1.071062e+00 1.416534e+01 2.537414e+01 4.254033e-01 8.9563e-04 3.5040e-03 -1.2679e-06 0.04756 2.43594e-01 3.63172e-01 4.90192e-01 1.42191e-02
1.601146 9.78864521e-02 1.01498067e-01 1.99384519e-01 -8.08964172e-04 4.33385056e+00 5.01374624e+00 3.73903872e-02 1.036896e+00 1.156880e+00 1.601226e+01 2.460402e+01 4.796378e-01 1.0923e-03 3.5523e-03 -1.2948e-05 0.04566 2.15365e-01 3.28485e-01 4.59028e-01 1.32276e-02
1.701218 9.74939523e-02 9.79602175e-02 1.95454170e-01 -6.06611283e-04 4.40647166e+00 5.47311138e+00 3.95183322e-02 1.004783e+00 1.242062e+00 1.750600e+01 2.481534e+01 4.570091e-01 1.3244e-03 3.5873e-03 -1.5206e-05 0.04636 1.92512e-01 2.98721e-01 4.31035e-01 1.29033e-02
1.801289 9.70257813e-02 9.43665462e-02 1.91392327e-01 -3.56607945e-04 4.48390235e+00 5.94589552e+00 4.17191915e-02 9.725925e-01 1.326054e+00 1.938716e+01 2.378706e+01 4.225751e-01 1.5905e-03 3.6044e-03 -6.5757e-06 0.04878 1.74169e-01 2.73807e-01 4.06982e-01 1.30259e-02
1.901361 9.65541684e-02 9.05969351e-02 1.87151103e-01 -3.03656664e-05 4.46770690e+00 6.36084724e+00 4.33142166e-02 9.383016e-01 1.423739e+00 2.139209e+01 2.267471e+01 4.368559e-01 1.8848e-03 3.5673e-03 -1.0997e-05 0.04988 1.53384e-01 2.47467e-01 3.81961e-01 1.21005e-02
2.001432 9.59238787e-02 8.67666533e-02 1.82690532e-01 2.72783461e-04 4.44723789e+00 6.67593118e+00 4.44926763e-02 9.045365e-01 1.501141e+00 2.310782e+01 2.094670e+01 4.305698e-01 2.1863e-03 3.5392e-03 -1.1294e-05 0.05037 1.37254e-01 2.26645e-01 3.63300e-01 1.13976e-02
2.101504 9.52564516e-02 8.28933409e-02 1.78149792e-01 6.80119374e-04 4.46229404e+00 6.83337676e+00 4.51826832e-02 8.702124e-01 1.531360e+00 2.437342e+01 1.836985e+01 3.734138e-01 2.4385e-03 3.4735e-03 -1.3535e-05 0.05055 1.27260e-01 2.12769e-01 3.52393e-01 1.13868e-02
2.201576 9.45849268e-02 7.90701295e-02 1.73655056e-01 1.07919237e-03 4.43977723e+00 6.83450347e+00 4.50971228e-02 8.359697e-01 1.539380e+00 2.518234e+01 1.868613e+01 3.820287e-01 2.5697e-03 3.4251e-03 -1.2967e-05 0.05053 1.16504e-01 1.99410e-01 3.44301e-01 1.07041e-02
2.301647 9.37549675e-02 7.53202463e-02 1.69075214e-01 1.52604548e-03 4.43242397e+00 6.71367497e+00 4.45843958e-02 8.033734e-01 1.514673e+00 2.547120e+01 1.598190e+01 4.191143e-01 2.5351e-03 3.3855e-03 -6.3027e-06 0.05102 1.08361e-01 1.89464e-01 3.41611e-01 1.02186e-02
2.401719 9.30144327e-02 7.16302462e-02 1.64644679e-01 2.01395891e-03 4.44375590e+00 6.50143321e+00 4.37807565e-02 7.700982e-01 1.463049e+00 2.520667e+01 1.467728e+01 4.300976e-01 2.3776e-03 3.3165e-03 -1.6110e-05 0.05197 1.02360e-01 1.81552e-01 3.40555e-01 9.95068e-03
2.501790 9.21759325e-02 6.81103195e-02 1.60286252e-01 2.50115154e-03 4.43168863e+00 6.27685576e+00 4.28341775e-02 7.389165e-01 1.416358e+00 2.467821e+01 1.561732e+01 4.135186e-01 2.1962e-03 3.2753e-03 -1.6331e-05 0.05392 9.52868e-02 1.72921e-01 3.39249e-01 9.31476e-03
2.601862 9.11939905e-02 6.47621968e-02 1.55956187e-01 2.98635266e-03 4.44995328e+00 6.06168265e+00 4.20465437e-02 7.101586e-01 1.362190e+00 2.390125e+01 1.379583e+01 4.125837e-01 2.0740e-03 3.2653e-03 -6.6741e-06 0.05465 9.15707e-02 1.67649e-01 3.40062e-01 9.35594e-03
2.701934 9.03304186e-02 6.15024487e-02 1.51832867e-01 3.50287582e-03 4.44810260e+00 5.82852629e+00 4.11065155e-02 6.808609e-01 1.310340e+00 2.285744e+01 1.268882e+01 4.053276e-01 2.0348e-03 3.2103e-03 -1.4651e-05 0.05495 8.70298e-02 1.61286e-01 3.36668e-01 8.83053e-03
2.802005 8.92914643e-02 5.83976678e-02 1.47689132e-01 3.93882517e-03 4.42739985e+00 5.61007640e+00 4.01499050e-02 6.540118e-01 1.267127e+00 2.170823e+01 1.213484e+01 3.872566e-01 2.0709e-03 3.1976e-03 -1.6090e-05 0.05564 8.18957e-02 1.54641e-01 3.31458e-01 8.43596e-03
2.902077 8.81967907e-02 5.54706744e-02 1.43667465e-01 4.40256938e-03 4.45015954e+00 5.40132972e+00 3.94059570e-02 6.289421e-01 1.213738e+00 2.049601e+01 1.284865e+01 3.665743e-01 2.1408e-03 3.1866e-03 -1.1739e-05 0.05523 8.21006e-02 1.53308e-01 3.28830e-01 8.77849e-03
3.002149 8.70836369e-02 5.27160168e-02 1.39799654e-01 4.82323533e-03 4.41309659e+00 5.19894633e+00 3.84481717e-02 6.053493e-01 1.178072e+00 1.926224e+01 1.218991e+01 3.513277e-01 2.2105e-03 3.1831e-03 -1.4117e-05 0.05422 7.82437e-02 1.48290e-01 3.21142e-01 8.14058e-03
3.102220 8.58116920e-02 5.01086008e-02 1.35920293e-01 5.20322988e-03 4.37690351e+00 5.01678974e+00 3.75747730e-02 5.839368e-01 1.146196e+00 1.804933e+01 1.301995e+01 3.326401e-01 2.2657e-03 3.1954e-03 -1.1920e-05 0.05267 7.64381e-02 1.45681e-01 3.14836e-01 7.97529e-03
3.202292 8.44968335e-02 4.76786792e-02 1.32175513e-01 5.59507215e-03 4.36633274e+00 4.84748420e+00 3.68552678e-02 5.642659e-01 1.110196e+00 1.685349e+01 1.324385e+01 3.114046e-01 2.2987e-03 3.2056e-03 -1.6287e-05 0.05059 7.90734e-02 1.47348e-01 3.10794e-01 8.43961e-03
3.302363 8.31126667e-02 4.54385884e-02 1.28551255e-01 5.94958620e-03 4.27361261e+00 4.70188365e+00 3.59019850e-02 5.467108e-01 1.100213e+00 1.577108e+01 1.259393e+01 2.999017e-01 2.3061e-03 3.2363e-03 -1.6182e-05 0.04870 7.53463e-02 1.43554e-01 3.02378e-01 7.69015e-03
3.402435 8.15541200e-02 4.33518084e-02 1.24905928e-01 6.28519717e-03 4.22037514e+00 4.58250166e+00 3.52115072e-02 5.315710e-01 1.085804e+00 1.476582e+01 1.256861e+01 2.891359e-01 2.2963e-03 3.2893e-03 -9.0353e-06 0.04684 7.72364e-02 1.45497e-01 2.99044e-01 8.10528e-03
3.502507 8.00559992e-02 4.13891300e-02 1.21445129e-01 6.63562520e-03 4.15561426e+00 4.47010006e+00 3.45028573e-02 5.170022e-01 1.075677e+00 1.379850e+01 1.281658e+01 2.837931e-01 2.2781e-03 3.3069e-03 -1.7060e-05 0.04552 7.91416e-02 1.47305e-01 2.95085e-01 7.95195e-03
3.602578 7.84327602e-02 3.95689271e-02 1.18001687e-01 6.93908696e-03 4.03801273e+00 4.37839181e+00 3.36656182e-02 5.044949e-01 1.084294e+00 1.459912e+01 1.175565e+01 2.880968e-01 2.2583e-03 3.3539e-03 -1.7795e-05 0.04482 7.62471e-02 1.45060e-01 2.88474e-01 7.49902e-03
3.702650 7.67245355e-02 3.78746552e-02 1.14599191e-01 7.24383676e-03 3.98036280e+00 4.29974126e+00 3.31204162e-02 4.936446e-01 1.080239e+00 1.527389e+01 1.179270e+01 2.921204e-01 2.2373e-03 3.4076e-03 -1.0640e-05 0.04448 8.06710e-02 1.49983e-01 2.88615e-01 8.20790e-03
3.802722 7.50724101e-02 3.62766913e-02 1.11349101e-01 7.54433486e-03 3.88441766e+00 4.21572729e+00 3.24005798e-02 4.832227e-01 1.085292e+00 1.567878e+01 1.156424e+01 3.027352e-01 2.2176e-03 3.4518e-03 -1.5927e-05 0.04423 8.11698e-02 1.51062e-01 2.85518e-01 7.76798e-03
3.902793 7.33366021e-02 3.47594808e-02 1.08096083e-01 7.79134563e-03 3.76508275e+00 4.13116716e+00 3.15849996e-02 4.739718e-01 1.097231e+00 1.583238e+01 1.093228e+01 3.244072e-01 2.2038e-03 3.5258e-03 -1.6010e-05 0.04373 7.91972e-02 1.50229e-01 2.81671e-01 7.35818e-03
4.002865 7.15958124e-02 3.33372832e-02 1.04933096e-01 8.05092441e-03 3.72271067e+00 4.03748369e+00 3.10407774e-02 4.656317e-01 1.084555e+00 1.577213e+01 1.280356e+01 3.302604e-01 2.1992e-03 3.6178e-03 -1.4794e-05 0.04315 8.62695e-02 1.57828e-01 2.85558e-01 8.34222e-03
4.102936 6.98772562e-02 3.20006518e-02 1.01877908e-01 8.27356724e-03 3.60023280e+00 3.92851178e+00 3.01149783e-02 4.579552e-01 1.091183e+00 1.549619e+01 1.159003e+01 3.589023e-01 2.1989e-03 3.7265e-03 -1.6244e-05 0.04244 8.38813e-02 1.56748e-01 2.82719e-01 7.42091e-03
4.203008 6.81217446e-02 3.07303462e-02 9.88520908e-02 8.46856077e-03 3.51683014e+00 3.80560049e+00 2.92897225e-02 4.511092e-01 1.082111e+00 1.498310e+01 1.220525e+01 3.845759e-01 2.1892e-03 3.8582e-03 -1.2571e-05 0.04196 8.64085e-02 1.60442e-01 2.85078e-01 7.66064e-03
4.303080 6.64224134e-02 2.95328482e-02 9.59552616e-02 8.65571644e-03 3.45580023e+00 3.66182747e+00 2.84705108e-02 4.446217e-01 1.059618e+00 1.424457e+01 1.270539e+01 3.960303e-01 2.1584e-03 3.9808e-03 -1.7568e-05 0.04123 9.20526e-02 1.66684e-01 2.90726e-01 7.83291e-03
4.403151 6.47263525e-02 2.84242582e-02 9.31506108e-02 8.81158602e-03 3.34356033e+00 3.51104899e+00 2.74184373e-02 4.391451e-01 1.050093e+00 1.338435e+01 1.240191e+01 4.142106e-01 2.0991e-03 4.1150e-03 -1.7996e-05 0.04191 9.13707e-02 1.67168e-01 2.93627e-01 7.36469e-03
4.503223 6.29953671e-02 2.73950819e-02 9.03904491e-02 8.94264054e-03 3.27600787e+00 3.36465620e+00 2.65626563e-02 4.348746e-01 1.027060e+00 1.244125e+01 1.325259e+01 4.230458e-01 2.0130e-03 4.2686e-03 -1.1444e-05 0.04236 9.68503e-02 1.73283e-01 3.03378e-01 7.71937e-03
4.603295 6.13647967e-02 2.64284654e-02 8.77932620e-02 9.07510996e-03 3.21421285e+00 3.22066066e+00 2.57394940e-02 4.306780e-01 1.002006e+00 1.147606e+01 1.330614e+01 4.196033e-01 1.9246e-03 4.4379e-03 -1.7740e-05 0.04244 1.03124e-01 1.79640e-01 3.13676e-01 7.64758e-03
4.703366 5.97071854e-02 2.55305880e-02 8.52377734e-02 9.15980541e-03 3.10719186e+00 3.08861680e+00 2.47832346e-02 4.275966e-01 9.940219e-01 1.057631e+01 1.249109e+01 4.265587e-01 1.8550e-03 4.6525e-03 -1.8323e-05 0.04236 1.02668e-01 1.80126e-01 3.19393e-01 7.21089e-03
4.803438 5.80581028e-02 2.46979339e-02 8.27560367e-02 9.24480328e-03 3.07518346e+00 2.96216175e+00 2.41493808e-02 4.254003e-01 9.632472e-01 9.882270e+00 1.405857e+01 4.034588e-01 1.8016e-03 4.8483e-03 -1.3723e-05 0.04190 1.12626e-01 1.90582e-01 3.33079e-01 7.91506e-03
4.903509 5.64699218e-02 2.39133722e-02 8.03832940e-02 9.30557246e-03 2.99975685e+00 2.83297799e+00 2.33309394e-02 4.234710e-01 9.444025e-01 9.377082e+00 1.314227e+01 4.078875e-01 1.7537e-03 4.9515e-03 -1.7301e-05 0.04110 1.15652e-01 1.95047e-01 3.40720e-01 7.38414e-03
5.003581 5.48861453e-02 2.31768984e-02 7.80630437e-02 9.34045528e-03 2.93484833e+00 2.70832558e+00 2.25726957e-02 4.222723e-01 9.228162e-01 8.940552e+00 1.328528e+01 4.105252e-01 1.7086e-03 4.9709e-03 -1.6191e-05 0.04007 1.20127e-01 2.01164e-01 3.49513e-01 7.36679e-03
5.103653 5.33335127e-02 2.24851489e-02 7.58186617e-02 9.36769973e-03 2.90104499e+00 2.58694862e+00 2.19519744e-02 4.215951e-01 8.917299e-01 9.104955e+00 1.401177e+01 3.809615e-01 1.6642e-03 4.9351e-03 -1.7010e-05 0.03888 1.29861e-01 2.11783e-01 3.61549e-01 7.77757e-03
5.203724 5.18196265e-02 2.18351083e-02 7.36547348e-02 9.37567800e-03 2.82360456e+00 2.47236405e+00 2.11838745e-02 4.213675e-01 8.756056e-01 9.299179e+00 1.331953e+01 3.788892e-01 1.6219e-03 4.8774e-03 -1.8211e-05 0.03765 1.33158e-01 2.16322e-01 3.68701e-01 7.43849e-03
5.303796 5.03145618e-02 2.12214411e-02 7.15360029e-02 9.35690453e-03 2.76294122e+00 2.36878774e+00 2.05269158e-02 4.217753e-01 8.573428e-01 9.458208e+00 1.407608e+01 3.806007e-01 1.5835e-03 4.7983e-03 -1.3928e-05 0.03643 1.39765e-01 2.23552e-01 3.78669e-01 7.53546e-03
5.403867 4.88862698e-02 2.06295184e-02 6.95157881e-02 9.33935717e-03 2.71543174e+00 2.26978921e+00 1.99408838e-02 4.219900e-01 8.358852e-01 9.522300e+00 1.435201e+01 3.550477e-01 1.5482e-03 4.6644e-03 -1.8806e-05 0.03522 1.48995e-01 2.32700e-01 3.90076e-01 7.62830e-03
5.503939 4.74797378e-02 2.00668050e-02 6.75465429e-02 9.28819037e-03 2.61361380e+00 2.18098830e+00 1.91784084e-02 4.226393e-01 8.344723e-01 9.535539e+00 1.335113e+01 3.492841e-01 1.5202e-03 4.5001e-03 -1.9461e-05 0.03410 1.48690e-01 2.33437e-01 3.95302e-01 7.38842e-03
5.604011 4.60939944e-02 1.95294525e-02 6.56234469e-02 9.22680712e-03 2.55483587e+00 2.10233762e+00 1.86286939e-02 4.236876e-01 8.228856e-01 9.602460e+00 1.315936e+01 3.300411e-01 1.4978e-03 4.3146e-03 -1.4158e-05 0.03307 1.55763e-01 2.41117e-01 4.06461e-01 7.70993e-03
5.704082 4.47986124e-02 1.89988571e-02 6.37974695e-02 9.15756271e-03 2.48072015e+00 2.02746764e+00 1.80327512e-02 4.240948e-01 8.172899e-01 9.761542e+00 1.298622e+01 3.239277e-01 1.4788e-03 4.1082e-03 -1.8960e-05 0.03213 1.59467e-01 2.46051e-01 4.14694e-01 7.47930e-03
5.804154 4.35287807e-02 1.84851124e-02 6.20138931e-02 9.06224202e-03 2.38023351e+00 1.96166364e+00 1.73675886e-02 4.246641e-01 8.241476e-01 1.002815e+01 1.314175e+01 3.254495e-01 1.4642e-03 3.9250e-03 -1.9065e-05 0.03118 1.57395e-01 2.46449e-01 4.19316e-01 7.19208e-03
5.904226 4.22980490e-02 1.79831794e-02 6.02812284e-02 8.96711493e-03 2.32509095e+00 1.90231784e+00 1.69096351e-02 4.251539e-01 8.181692e-01 1.031055e+01 1.312867e+01 2.926169e-01 1.4540e-03 3.7728e-03 -1.6594e-05 0.03015 1.63370e-01 2.54366e-01 4.29172e-01 7.65266e-03
6.004297 4.11293104e-02 1.74846530e-02 5.86139634e-02 8.86379963e-03 2.23771739e+00 1.84561801e+00 1.63333416e-02 4.251142e-01 8.247771e-01 1.050245e+01 1.295494e+01 2.980304e-01 1.4463e-03 3.6436e-03 -1.9144e-05 0.02933 1.62040e-01 2.55937e-01 4.33123e-01 7.19065e-03
6.104369 3.99987061e-02 1.69964784e-02 5.69951844e-02 8.74252863e-03 2.15908110e+00 1.79449331e+00 1.58142976e-02 4.249257e-01 8.311375e-01 1.064408e+01 1.341086e+01 3.075898e-01 1.4406e-03 3.5456e-03 -1.7109e-05 0.02857 1.61619e-01 2.58450e-01 4.37250e-01 7.10840e-03
6.204440 3.89162010e-02 1.65113278e-02 5.54275287e-02 8.63516775e-03 2.10478996e+00 1.74390088e+00 1.53947634e-02 4.242790e-01 8.285391e-01 1.068646e+01 1.314098e+01 2.801472e-01 1.4361e-03 3.4570e-03 -1.9023e-05 0.02778 1.65700e-01 2.64647e-01 4.43086e-01 7.17449e-03
6.304512 3.78720708e-02 1.60343901e-02 5.39064609e-02 8.51454675e-03 2.02215077e+00 1.69505017e+00 1.48688038e-02 4.233830e-01 8.382412e-01 1.065128e+01 1.374836e+01 2.878328e-01 1.4340e-03 3.3843e-03 -2.0059e-05 0.02730 1.62766e-01 2.64544e-01 4.43392e-01 6.96153e-03
6.404584 3.68511602e-02 1.55700228e-02 5.24211830e-02 8.39031551e-03 1.95895492e+00 1.64930103e+00 1.44330238e-02 4.225111e-01 8.419290e-01 1.055924e+01 1.371133e+01 2.931929e-01 1.4335e-03 3.3213e-03 -1.5754e-05 0.02692 1.63666e-01 2.67702e-01 4.45828e-01 6.87618e-03
6.504655 3.58945454e-02 1.51074994e-02 5.10020447e-02 8.28055815e-03 1.90791666e+00 1.60139913e+00 1.40372631e-02 4.208857e-01 8.393444e-01 1.039757e+01 1.389697e+01 2.818571e-01 1.4340e-03 3.2485e-03 -1.9991e-05 0.02677 1.66960e-01 2.72415e-01 4.48524e-01 6.83359e-03
6.604727 3.49549013e-02 1.46592579e-02 4.96141593e-02 8.15554995e-03 1.82592213e+00 1.55521710e+00 1.35245569e-02 4.193763e-01 8.517434e-01 1.019257e+01 1.407738e+01 2.991288e-01 1.4353e-03 3.1827e-03 -2.0466e-05 0.02624 1.62384e-01 2.70225e-01 4.45927e-01 6.51173e-03
6.704799 3.40343969e-02 1.42265906e-02 4.82609876e-02 8.03774782e-03 1.78054121e+00 1.51061664e+00 1.31646314e-02 4.180062e-01 8.484031e-01 9.979320e+00 1.359082e+01 2.852839e-01 1.4357e-03 3.1191e-03 -1.6458e-05 0.02593 1.66659e-01 2.75603e-01 4.49175e-01 6.75904e-03
6.804870 3.31668701e-02 1.38006082e-02 4.69674783e-02 7.92583243e-03 1.71593615e+00 1.46391462e+00 1.27194031e-02 4.160962e-01 8.531288e-01 9.710099e+00 1.351221e+01 2.963599e-01 1.4319e-03 3.0442e-03 -1.9971e-05 0.02571 1.65778e-01 2.76099e-01 4.48459e-01 6.37775e-03
6.904942 3.23184056e-02 1.33921630e-02 4.57105687e-02 7.80091748e-03 1.65003860e+00 1.41909255e+00 1.22765246e-02 4.143819e-01 8.600360e-01 9.438776e+00 1.342932e+01 3.134058e-01 1.4226e-03 2.9778e-03 -1.9375e-05 0.02542 1.64245e-01 2.75996e-01 4.47686e-01 6.24239e-03
7.005013 3.14916738e-02 1.29984271e-02 4.44901008e-02 7.68879805e-03 1.60097596e+00 1.37479300e+00 1.19030758e-02 4.127576e-01 8.587218e-01 9.149931e+00 1.252316e+01 2.953851e-01 1.4071e-03 2.9194e-03 -1.8374e-05 0.02524 1.67082e-01 2.79442e-01 4.49867e-01 6.30887e-03
7.105085 3.06977453e-02 1.26174450e-02 4.33151903e-02 7.57429793e-03 1.53873899e+00 1.33062512e+00 1.14774565e-02 4.110219e-01 8.647504e-01 8.858806e+00 1.232542e+01 3.067770e-01 1.3857e-03 2.8704e-03 -2.0235e-05 0.02549 1.65778e-01 2.79081e-01 4.49259e-01 6.08743e-03
7.205157 2.99247063e-02 1.22545451e-02 4.21792515e-02 7.45285721e-03 1.47762414e+00 1.28909770e+00 1.10668873e-02 4.095126e-01 8.724125e-01 8.598803e+00 1.174815e+01 3.259707e-01 1.3592e-03 2.8366e-03 -1.7585e-05 0.02557 1.64324e-01 2.78653e-01 4.48990e-01 5.89470e-03
7.305228 2.91855992e-02 1.19019363e-02 4.10875355e-02 7.34718182e-03 1.43250266e+00 1.24773824e+00 1.07209636e-02 4.078017e-01 8.710198e-01 8.347150e+00 1.101083e+01 3.034591e-01 1.3286e-03 2.8149e-03 -1.9921e-05 0.02595 1.67177e-01 2.81670e-01 4.51216e-01 5.90129e-03
7.405300 2.84654405e-02 1.15642266e-02 4.00296671e-02 7.23285610e-03 1.36604616e+00 1.20848475e+00 1.02981236e-02 4.062550e-01 8.846588e-01 8.138059e+00 1.059960e+01 3.190512e-01 1.2960e-03 2.8028e-03 -2.0766e-05 0.02615 1.62603e-01 2.78399e-01 4.48676e-01 5.65055e-03
7.505371 2.77601724e-02 1.12424826e-02 3.90026550e-02 7.12245802e-03 1.31857489e+00 1.17217219e+00 9.96298833e-03 4.049861e-01 8.889690e-01 7.965143e+00 9.818345e+00 3.128998e-01 1.2627e-03 2.7967e-03 -1.6903e-05 0.02629 1.63517e-01 2.80045e-01 4.49955e-01 5.64259e-03
7.605443 2.71007387e-02 1.09265269e-02 3.80272656e-02 7.02306879e-03 1.26684848e+00 1.13591381e+00 9.61104914e-03 4.031819e-01 8.966454e-01 7.804377e+00 9.249132e+00 3.090847e-01 1.2291e-03 2.7919e-03 -2.0400e-05 0.02623 1.62228e-01 2.79593e-01 4.49123e-01 5.39399e-03
7.705515 2.64544581e-02 1.06234494e-02 3.70779075e-02 6.91581803e-03 1.21085383e+00 1.10202232e+00 9.25150459e-03 4.015750e-01 9.101200e-01 7.693529e+00 8.863172e+00 3.156175e-01 1.1982e-03 2.7867e-03 -2.0585e-05 0.02634 1.58640e-01 2.77327e-01 4.46791e-01 5.24142e-03
7.805586 2.58250209e-02 1.03314606e-02 3.61564816e-02 6.81784167e-03 1.16617312e+00 1.06997182e+00 8.94457977e-03 4.000562e-01 9.175068e-01 7.602322e+00 8.665984e+00 2.945254e-01 1.1720e-03 2.7803e-03 -1.7837e-05 0.02621 1.58444e-01 2.78047e-01 4.46564e-01 5.24936e-03
7.905658 2.52329875e-02 1.00437669e-02 3.52767544e-02 6.72562994e-03 1.11821969e+00 1.03770193e+00 8.62368649e-03 3.980411e-01 9.279947e-01 7.509256e+00 8.123684e+00 2.934795e-01 1.1520e-03 2.7688e-03 -2.0505e-05 0.02607 1.56256e-01 2.76793e-01 4.44345e-01 5.00068e-03
8.005730 2.46606691e-02 9.76624003e-03 3.44269091e-02 6.62671301e-03 1.06888421e+00 1.00670513e+00 8.30235736e-03 3.960249e-01 9.418281e-01 7.412667e+00 8.066966e+00 3.044579e-01 1.1410e-03 2.7508e-03 -1.9335e-05 0.02579 1.52815e-01 2.74495e-01 4.41248e-01 4.82868e-03
8.105801 2.41098730e-02 9.49460748e-03 3.36044805e-02 6.54056706e-03 1.03050010e+00 9.75494443e-01 8.02397818e-03 3.938058e-01 9.466224e-01 7.330582e+00 8.197643e+00 2.706089e-01 1.1386e-03 2.7304e-03 -1.9417e-05 0.02567 1.53173e-01 2.75216e-01 4.40215e-01 4.80733e-03
8.205873 2.35843376e-02 9.22878162e-03 3.28131192e-02 6.45198125e-03 9.84233678e-01 9.43892749e-01 7.71250571e-03 3.913098e-01 9.590129e-01 7.207800e+00 7.504809e+00 2.744663e-01 1.1438e-03 2.7048e-03 -2.0876e-05 0.02537 1.49423e-01 2.72198e-01 4.36064e-01 4.61280e-03
8.305944 2.30768006e-02 8.97224665e-03 3.20490472e-02 6.36259432e-03 9.44950089e-01 9.12559414e-01 7.43003801e-03 3.887994e-01 9.657223e-01 7.106379e+00 7.673249e+00 2.750983e-01 1.1544e-03 2.6750e-03 -1.8079e-05 0.02504 1.48099e-01 2.71176e-01 4.33516e-01 4.47248e-03
8.406016 2.26018491e-02 8.71909371e-03 3.13209428e-02 6.28278668e-03 9.08991318e-01 8.79862236e-01 7.15541422e-03 3.857690e-01 9.679545e-01 6.945823e+00 7.673086e+00 2.529451e-01 1.1662e-03 2.6440e-03 -2.0481e-05 0.02472 1.47513e-01 2.70371e-01 4.30818e-01 4.36342e-03
8.506088 2.21407848e-02 8.47401813e-03 3.06148029e-02 6.19748698e-03 8.69587637e-01 8.47012371e-01 6.86640003e-03 3.827334e-01 9.740391e-01 6.781209e+00 6.869965e+00 2.544053e-01 1.1772e-03 2.6124e-03 -2.1156e-05 0.02447 1.44490e-01 2.67288e-01 4.26317e-01 4.23033e-03
8.606159 2.16931667e-02 8.23843641e-03 2.99316031e-02 6.11485643e-03 8.37091570e-01 8.14420601e-01 6.60604868e-03 3.797710e-01 9.729170e-01 6.618071e+00 6.924259e+00 2.409233e-01 1.1852e-03 2.5800e-03 -1.7973e-05 0.02410 1.44103e-01 2.66350e-01 4.23548e-01 4.17470e-03
8.706231 2.12797683e-02 8.00679999e-03 2.92865683e-02 6.03841596e-03 8.04852137e-01 7.80813237e-01 6.34266150e-03 3.762635e-01 9.701325e-01 6.400582e+00 6.732540e+00 2.333875e-01 1.1877e-03 2.5479e-03 -2.0833e-05 0.02372 1.42904e-01 2.64253e-01 4.19558e-01 3.97857e-03
8.806303 2.08776061e-02 7.78489739e-03 2.86625035e-02 5.95474279e-03 7.72653766e-01 7.47811106e-01 6.08185949e-03 3.728827e-01 9.678476e-01 6.165234e+00 6.270667e+00 2.398451e-01 1.1852e-03 2.5161e-03 -2.0639e-05 0.02340 1.40834e-01 2.61247e-01 4.14908e-01 3.88841e-03
8.906374 2.04870442e-02 7.57167450e-03 2.80587187e-02 5.87754795e-03 7.45742001e-01 7.15382622e-01 5.84449849e-03 3.695835e-01 9.592897e-01 5.907795e+00 6.275408e+00 2.137780e-01 1.1774e-03 2.4858e-03 -1.8982e-05 0.02308 1.40791e-01 2.59806e-01 4.11486e-01 3.83936e-03
9.006446 2.01205167e-02 7.36466177e-03 2.74851785e-02 5.80069694e-03 7.18158688e-01 6.83219539e-01 5.60551291e-03 3.660275e-01 9.513490e-01 5.636847e+00 5.837866e+00 2.164742e-01 1.1647e-03 2.4551e-03 -2.1046e-05 0.02272 1.39292e-01 2.56764e-01 4.06609e-01 3.71150e-03
9.106517 1.97657580e-02 7.16784373e-03 2.69336017e-02 5.71922962e-03 6.92163094e-01 6.52356777e-01 5.37807948e-03 3.626395e-01 9.424900e-01 5.366911e+00 5.636781e+00 2.277695e-01 1.1481e-03 2.4246e-03 -1.9470e-05 0.02232 1.37861e-01 2.53685e-01 4.01877e-01 3.57521e-03
9.206589 1.94262039e-02 6.97804640e-03 2.64042503e-02 5.64450313e-03 6.70578641e-01 6.22357462e-01 5.17174441e-03 3.592079e-01 9.280902e-01 5.097324e+00 5.807983e+00 2.021873e-01 1.1284e-03 2.3943e-03 -2.0199e-05 0.02205 1.38210e-01 2.51934e-01 3.98147e-01 3.56356e-03
9.306661 1.90982856e-02 6.79615434e-03 2.58944400e-02 5.56633569e-03 6.46742193e-01 5.93609490e-01 4.96140673e-03 3.558515e-01 9.178456e-01 5.087687e+00 5.178086e+00 2.114223e-01 1.1069e-03 2.3643e-03 -2.1344e-05 0.02170 1.36070e-01 2.47864e-01 3.92602e-01 3.44404e-03
9.406732 1.87782997e-02 6.62404217e-03 2.54023419e-02 5.48693539e-03 6.26876547e-01 5.66589157e-01 4.77386282e-03 3.527498e-01 9.038289e-01 5.093377e+00 5.287228e+00 2.159324e-01 1.0850e-03 2.3341e-03 -1.8658e-05 0.02138 1.35818e-01 2.45462e-01 3.88670e-01 3.37371e-03
9.506804 1.84793183e-02 6.45737853e-03 2.49366968e-02 5.41300942e-03 6.07719625e-01 5.40561458e-01 4.59312433e-03 3.494381e-01 8.894915e-01 5.087611e+00 5.158939e+00 2.065915e-01 1.0628e-03 2.3037e-03 -2.0894e-05 0.02103 1.35084e-01 2.42474e-01 3.84205e-01 3.26245e-03
9.606875 1.81844456e-02 6.29904921e-03 2.44834948e-02 5.33387352e-03 5.89097876e-01 5.16212401e-01 4.42124111e-03 3.463976e-01 8.762761e-01 5.074760e+00 4.739727e+00 2.187221e-01 1.0419e-03 2.2754e-03 -2.1307e-05 0.02082 1.33934e-01 2.39136e-01 3.79675e-01 3.22653e-03
9.706947 1.78934690e-02 6.14898689e-03 2.40424559e-02 5.25704118e-03 5.72457963e-01 4.93571224e-01 4.26411675e-03 3.436442e-01 8.621965e-01 5.058442e+00 4.856331e+00 2.104518e-01 1.0228e-03 2.2490e-03 -1.8849e-05 0.02051 1.33539e-01 2.36594e-01 3.76064e-01 3.16173e-03
9.807019 1.76221235e-02 6.00373819e-03 2.36258617e-02 5.18315013e-03 5.56772445e-01 4.72080130e-01 4.11541030e-03 3.406932e-01 8.478870e-01 5.037802e+00 4.667367e+00 2.148553e-01 1.0053e-03 2.2235e-03 -2.1158e-05 0.02027 1.33048e-01 2.33920e-01 3.72326e-01 3.08737e-03
9.907090 1.73542548e-02 5.86609191e-03 2.32203467e-02 5.10453364e-03 5.40902866e-01 4.52257352e-01 3.97264087e-03 3.380204e-01 8.361157e-01 5.015917e+00 4.576359e+00 2.329710e-01 9.8971e-04 2.2013e-03 -2.0572e-05 0.01999 1.31749e-01 2.30691e-01 3.68434e-01 3.01308e-03
10.000190 1.71081285e-02 5.74359249e-03 2.28517210e-02 5.03594422e-03 5.29002882e-01 4.35123841e-01 3.85650689e-03 3.357230e-01 8.225359e-01 4.996821e+00 4.748727e+00 2.130494e-01 9.7688e-04 2.1833e-03 -1.9525e-05 0.01987 1.32380e-01 2.29470e-01 3.66428e-01 3.03121e-03
