# tg_mhd (CUDA FP64)  tgi_noslip_pv_n384_re500  N=384 L=384 Re=500 Pm=1 u0=0.05 nu_lat=1.219127e-02 eta_lat=1.219127e-02 tau_f=0.536574 tau_m=0.548765 dt=4.101296e-04 fw=profile
# t E_V E_M E_T H_C Omega_V Omega_M eps EM/EV OmM/OmV j_max w_max skew divb/j divb_wall/j mass_drift umax_lat fw1 fw2 fw4 tau_wall
0.000000 1.23697926e-01 1.25000000e-01 2.48697926e-01 -3.40941376e-22 5.34487759e+01 3.74991590e-01 2.15295070e-01 1.010526e+00 7.015906e-03 1.732017e+00 1.828613e+02 5.572995e-19 7.5016e-15 3.7372e-15 +0.0000e+00 0.05000 9.87233e-01 9.88355e-01 9.90458e-01 1.79661e-01
0.100072 1.13005519e-01 1.26138414e-01 2.39143934e-01 7.72247661e-03 1.20295378e+01 5.10272988e+00 6.85290709e-02 1.116215e+00 4.241834e-01 5.761653e+01 9.089894e+01 3.028491e-01 1.3186e-03 1.4088e-03 +1.9789e-05 0.05025 9.14832e-01 9.56915e-01 9.70128e-01 6.81670e-02
0.200143 1.05019734e-01 1.28425162e-01 2.33444896e-01 1.91209243e-02 1.04184114e+01 5.30123391e+00 6.28785814e-02 1.222867e+00 5.088332e-01 5.700086e+01 8.977307e+01 3.538297e-02 1.2878e-03 1.3653e-03 +1.2468e-05 0.04943 8.89111e-01 9.30731e-01 9.63236e-01 6.43443e-02
0.300215 9.69754963e-02 1.30650685e-01 2.27626181e-01 2.38603097e-02 9.68713392e+00 5.32998108e+00 6.00684600e-02 1.347255e+00 5.502124e-01 5.639771e+01 8.861958e+01 5.419498e-01 1.3365e-03 1.4156e-03 +1.8320e-06 0.04935 8.84675e-01 9.15922e-01 9.52157e-01 6.25880e-02
0.400286 8.88687008e-02 1.32313879e-01 2.21182579e-01 3.02303216e-02 9.29530930e+00 5.33234733e+00 5.85106265e-02 1.488869e+00 5.736600e-01 5.582971e+01 8.739084e+01 5.665579e-01 1.4539e-03 1.5464e-03 +2.1801e-05 0.04847 8.85582e-01 9.09684e-01 9.42908e-01 6.19057e-02
0.500358 8.17494333e-02 1.34538569e-01 2.16288002e-01 3.81346943e-02 8.94052624e+00 5.25673762e+00 5.67890555e-02 1.645743e+00 5.879674e-01 5.433469e+01 8.474482e+01 4.496329e-01 1.4891e-03 1.5924e-03 +4.7540e-06 0.04637 8.85327e-01 9.05809e-01 9.35050e-01 6.17594e-02
0.600430 7.45319910e-02 1.36401057e-01 2.10933049e-01 3.80371912e-02 8.68529994e+00 5.25726159e+00 5.57702461e-02 1.830101e+00 6.053057e-01 5.411395e+01 8.422319e+01 8.851891e-01 1.7236e-03 1.8469e-03 +6.9145e-06 0.04631 8.85511e-01 9.03407e-01 9.29924e-01 6.04455e-02
0.700501 6.71828295e-02 1.37827919e-01 2.05010749e-01 4.47319787e-02 8.37790868e+00 5.18898696e+00 5.42675826e-02 2.051535e+00 6.193654e-01 5.238861e+01 8.063895e+01 6.881182e-01 1.7337e-03 1.8703e-03 +1.9256e-05 0.04285 8.84885e-01 9.00671e-01 9.25236e-01 6.08594e-02
0.800573 6.06538080e-02 1.39826273e-01 2.00480081e-01 4.56387653e-02 8.10992533e+00 5.12660054e+00 5.29461035e-02 2.305317e+00 6.321391e-01 5.098179e+01 7.874669e+01 7.475813e-01 1.8917e-03 2.0563e-03 -2.1588e-07 0.03958 8.82720e-01 8.98332e-01 9.21598e-01 5.96909e-02
0.900645 5.41812428e-02 1.40984924e-01 1.95166166e-01 4.60290987e-02 7.93177892e+00 5.16857236e+00 5.24014051e-02 2.602098e+00 6.516284e-01 5.096485e+01 7.800370e+01 9.707418e-01 2.0310e-03 2.2185e-03 +1.2599e-05 0.03652 8.82466e-01 8.96846e-01 9.19889e-01 5.94744e-02
1.000716 4.81052881e-02 1.42089628e-01 1.90194916e-01 4.81332434e-02 7.62635420e+00 5.08264387e+00 5.08359923e-02 2.953722e+00 6.664579e-01 4.880399e+01 7.417512e+01 7.088035e-01 2.0760e-03 2.2916e-03 +1.3453e-05 0.03161 8.79722e-01 8.93984e-01 9.17102e-01 5.91266e-02
1.100788 4.25736573e-02 1.42955953e-01 1.85529610e-01 4.73464180e-02 7.47901320e+00 5.03334662e+00 5.00494393e-02 3.357850e+00 6.729961e-01 4.845332e+01 7.399482e+01 8.534017e-01 2.1853e-03 2.4268e-03 -1.3853e-06 0.02850 8.77972e-01 8.92704e-01 9.16369e-01 5.82861e-02
1.200859 3.77010225e-02 1.42725479e-01 1.80426501e-01 4.50655810e-02 7.35994999e+00 5.03118626e+00 4.95645450e-02 3.785719e+00 6.835897e-01 4.890867e+01 7.383000e+01 8.387532e-01 2.3580e-03 2.6185e-03 +1.6427e-05 0.02598 8.77328e-01 8.92017e-01 9.16900e-01 5.79531e-02
1.300931 3.37572025e-02 1.42300127e-01 1.76057330e-01 4.65961630e-02 7.09391270e+00 4.80561552e+00 4.75981129e-02 4.215400e+00 6.774281e-01 4.669881e+01 7.020094e+01 6.117261e-01 2.3150e-03 2.5849e-03 +6.5847e-06 0.02572 8.73041e-01 8.88939e-01 9.15223e-01 5.71980e-02
1.401003 3.01673026e-02 1.41344001e-01 1.71511304e-01 4.15266190e-02 7.14037396e+00 4.79119373e+00 4.77262708e-02 4.685338e+00 6.710004e-01 4.858477e+01 7.367276e+01 7.679422e-01 2.5761e-03 2.8707e-03 +1.7039e-06 0.02359 8.73734e-01 8.90479e-01 9.17705e-01 5.64280e-02
1.501074 2.68968069e-02 1.39741118e-01 1.66637925e-01 4.11265412e-02 6.87762976e+00 4.66402450e+00 4.61666171e-02 5.195454e+00 6.781442e-01 4.813204e+01 7.172785e+01 6.678079e-01 2.5875e-03 2.8892e-03 +1.6641e-05 0.02472 8.71107e-01 8.88593e-01 9.17496e-01 5.58188e-02
1.601146 2.42590055e-02 1.38357492e-01 1.62616497e-01 3.83712411e-02 6.66834328e+00 4.46021280e+00 4.45142243e-02 5.703346e+00 6.688637e-01 4.739509e+01 7.178420e+01 5.779261e-01 2.6960e-03 3.0249e-03 +1.1548e-06 0.02504 8.67541e-01 8.86780e-01 9.16891e-01 5.45248e-02
1.701218 2.17948777e-02 1.36544704e-01 1.58339581e-01 3.41915552e-02 6.60674974e+00 4.41061189e+00 4.40694465e-02 6.264991e+00 6.675918e-01 5.018088e+01 7.641940e+01 7.699783e-01 2.8895e-03 3.2439e-03 +6.6594e-06 0.02483 8.68009e-01 8.87807e-01 9.18953e-01 5.36134e-02
1.801289 1.94277386e-02 1.34591450e-01 1.54019189e-01 3.22969930e-02 6.13721689e+00 4.15044592e+00 4.11506512e-02 6.927798e+00 6.762749e-01 4.901239e+01 7.427876e+01 5.995449e-01 2.9281e-03 3.3105e-03 +1.3584e-05 0.02544 8.61176e-01 8.82691e-01 9.16047e-01 5.20324e-02
1.901361 1.74022095e-02 1.32973072e-01 1.50375281e-01 2.88762324e-02 5.83197240e+00 3.87829933e+00 3.88410869e-02 7.641160e+00 6.650065e-01 4.920424e+01 7.661766e+01 6.997103e-01 3.1001e-03 3.5384e-03 -1.6174e-06 0.02561 8.54939e-01 8.78729e-01 9.13687e-01 4.98104e-02
2.001432 1.56708127e-02 1.30921642e-01 1.46592454e-01 2.43291703e-02 5.43017639e+00 3.68773045e+00 3.64716274e-02 8.354490e+00 6.791180e-01 4.928116e+01 7.668850e+01 7.172752e-01 3.2815e-03 3.7695e-03 +1.1504e-05 0.02449 8.48380e-01 8.73766e-01 9.11100e-01 4.79094e-02
2.101504 1.41913928e-02 1.29173218e-01 1.43364611e-01 2.28886501e-02 4.75194707e+00 3.25184517e+00 3.20151690e-02 9.102223e+00 6.843185e-01 4.642713e+01 7.290691e+01 6.646823e-01 3.3644e-03 3.9497e-03 +8.6575e-06 0.02536 8.30814e-01 8.59783e-01 9.01318e-01 4.44133e-02
2.201576 1.28796409e-02 1.27568312e-01 1.40447953e-01 1.81058645e-02 4.27407812e+00 2.96170224e+00 2.89431215e-02 9.904648e+00 6.929453e-01 4.460273e+01 7.156739e+01 6.940237e-01 3.5921e-03 4.2970e-03 -6.1498e-07 0.02403 8.15508e-01 8.47829e-01 8.93228e-01 4.12738e-02
2.301647 1.18428889e-02 1.25745808e-01 1.37588697e-01 1.53996047e-02 3.67436636e+00 2.66406476e+00 2.53537245e-02 1.061783e+01 7.250406e-01 4.261440e+01 6.730688e+01 7.008748e-01 3.7537e-03 4.6048e-03 +1.4153e-05 0.02362 7.93371e-01 8.29639e-01 8.81084e-01 3.76635e-02
2.401719 1.11775323e-02 1.24328359e-01 1.35505892e-01 1.32182908e-02 3.12756391e+00 2.32528270e+00 2.18113865e-02 1.112306e+01 7.434805e-01 3.996367e+01 6.050456e+01 6.565326e-01 3.8887e-03 4.9732e-03 +3.9340e-06 0.02343 7.62672e-01 8.05019e-01 8.63645e-01 3.36047e-02
2.501790 1.05996158e-02 1.22913392e-01 1.33513007e-01 9.10674940e-03 2.74103634e+00 2.14707354e+00 1.95524395e-02 1.159602e+01 7.833072e-01 4.094343e+01 5.987341e+01 6.989811e-01 4.0662e-03 5.3610e-03 +3.3255e-06 0.02199 7.37409e-01 7.84886e-01 8.50159e-01 3.05945e-02
2.601862 1.01002878e-02 1.21356374e-01 1.31456662e-01 7.57922790e-03 2.36294312e+00 1.95156763e+00 1.72580430e-02 1.201514e+01 8.259055e-01 4.162203e+01 6.154513e+01 6.699514e-01 4.1113e-03 5.6565e-03 +1.3845e-05 0.02223 7.05810e-01 7.58987e-01 8.32471e-01 2.78155e-02
2.701934 9.83161549e-03 1.20260231e-01 1.30091846e-01 5.28593505e-03 2.09259691e+00 1.80443180e+00 1.55881149e-02 1.223199e+01 8.622931e-01 4.243179e+01 6.229719e+01 6.885461e-01 4.1763e-03 6.0191e-03 +7.0902e-07 0.02265 6.74846e-01 7.35155e-01 8.15414e-01 2.53692e-02
2.802005 9.67902111e-03 1.18871228e-01 1.28550249e-01 2.22450537e-03 1.87914271e+00 1.73509188e+00 1.44569384e-02 1.228133e+01 9.233423e-01 4.164593e+01 6.157073e+01 6.708916e-01 4.1725e-03 6.1654e-03 +8.1829e-06 0.02168 6.51096e-01 7.15584e-01 8.02603e-01 2.41286e-02
2.902077 9.49259155e-03 1.17626531e-01 1.27119123e-01 1.57817708e-03 1.75541645e+00 1.64934540e+00 1.36190474e-02 1.239140e+01 9.395750e-01 4.175798e+01 6.152633e+01 6.755917e-01 4.1595e-03 6.4033e-03 +1.0973e-05 0.02352 6.31624e-01 6.99865e-01 7.91268e-01 2.32156e-02
3.002149 9.32980806e-03 1.16586109e-01 1.25915917e-01 -7.71054882e-04 1.61839563e+00 1.61033525e+00 1.29149235e-02 1.249609e+01 9.950195e-01 4.037523e+01 5.996420e+01 6.712196e-01 4.1112e-03 6.4778e-03 -1.5740e-07 0.02292 6.11025e-01 6.83691e-01 7.79530e-01 2.21132e-02
3.102220 9.26621393e-03 1.15280260e-01 1.24546474e-01 -2.40191156e-03 1.54424484e+00 1.59110443e+00 1.25413971e-02 1.244092e+01 1.030345e+00 3.874320e+01 5.712273e+01 6.062182e-01 4.0658e-03 6.4818e-03 +1.1882e-05 0.02294 6.00967e-01 6.74843e-01 7.73847e-01 2.18786e-02
3.202292 9.21743075e-03 1.14202051e-01 1.23419482e-01 -2.76871846e-03 1.53064313e+00 1.57069785e+00 1.24053639e-02 1.238979e+01 1.026169e+00 3.731951e+01 5.566339e+01 6.443738e-01 4.0205e-03 6.5304e-03 +6.8889e-06 0.02418 5.97600e-01 6.71725e-01 7.70603e-01 2.17890e-02
3.302363 9.08029942e-03 1.13188145e-01 1.22268445e-01 -4.86023549e-03 1.45897132e+00 1.56905178e+00 1.21120924e-02 1.246524e+01 1.075451e+00 3.475050e+01 5.145571e+01 5.457738e-01 3.9526e-03 6.4391e-03 +1.6701e-06 0.02336 5.87211e-01 6.63423e-01 7.64387e-01 2.11945e-02
3.402435 8.93984374e-03 1.11935087e-01 1.20874931e-01 -5.17000137e-03 1.45210479e+00 1.56737260e+00 1.20779096e-02 1.252092e+01 1.079380e+00 3.302554e+01 5.156415e+01 5.393228e-01 3.9117e-03 6.3756e-03 +1.3054e-05 0.02360 5.88948e-01 6.63210e-01 7.64079e-01 2.15542e-02
3.502507 8.86076129e-03 1.11025138e-01 1.19885899e-01 -5.71932258e-03 1.45939095e+00 1.56935717e+00 1.21149925e-02 1.252998e+01 1.075351e+00 3.437121e+01 5.333956e+01 4.850695e-01 3.8440e-03 6.2778e-03 +3.1760e-06 0.02457 5.91024e-01 6.65229e-01 7.63822e-01 2.14709e-02
3.602578 8.73451450e-03 1.09955269e-01 1.18689784e-01 -7.05389745e-03 1.41190489e+00 1.56827127e+00 1.19207046e-02 1.258860e+01 1.110749e+00 3.308924e+01 5.063203e+01 4.273522e-01 3.8309e-03 6.2201e-03 +5.1987e-06 0.02286 5.87105e-01 6.60871e-01 7.60359e-01 2.13101e-02
3.702650 8.51964531e-03 1.08862268e-01 1.17381914e-01 -6.72050197e-03 1.44297629e+00 1.56848958e+00 1.20458635e-02 1.277779e+01 1.086982e+00 3.407277e+01 5.251566e+01 3.623206e-01 3.7809e-03 6.1042e-03 +1.1723e-05 0.02409 5.96257e-01 6.67370e-01 7.63809e-01 2.18638e-02
3.802722 8.31972370e-03 1.08024982e-01 1.16344706e-01 -7.25849866e-03 1.41772443e+00 1.55972312e+00 1.19097902e-02 1.298420e+01 1.100160e+00 3.360137e+01 5.046169e+01 3.442460e-01 3.7498e-03 6.0513e-03 +9.1714e-07 0.02323 5.95293e-01 6.66658e-01 7.61586e-01 2.15795e-02
3.902793 8.15053854e-03 1.06971716e-01 1.15122254e-01 -7.91322764e-03 1.39592237e+00 1.55533389e+00 1.18050250e-02 1.312450e+01 1.114198e+00 3.290090e+01 4.942398e+01 2.180930e-01 3.7529e-03 5.9818e-03 +8.9145e-06 0.02234 5.97847e-01 6.67781e-01 7.61837e-01 2.15761e-02
4.002865 7.91506826e-03 1.06046805e-01 1.13961873e-01 -7.18403154e-03 1.41431174e+00 1.53861341e+00 1.18117006e-02 1.339809e+01 1.087888e+00 3.301015e+01 4.956736e+01 2.406758e-01 3.7002e-03 5.9032e-03 +8.6575e-06 0.02274 6.05493e-01 6.73268e-01 7.64211e-01 2.20291e-02
4.102936 7.62075049e-03 1.05262945e-01 1.12883696e-01 -7.92305283e-03 1.36651076e+00 1.52346441e+00 1.15599007e-02 1.381267e+01 1.114857e+00 3.240435e+01 4.838048e+01 1.259454e-01 3.6689e-03 5.8214e-03 +9.1854e-07 0.02163 6.02801e-01 6.71465e-01 7.61517e-01 2.14288e-02
4.203008 7.35855602e-03 1.04272390e-01 1.11630946e-01 -7.56841387e-03 1.34800142e+00 1.50248942e+00 1.14019633e-02 1.417022e+01 1.114605e+00 3.108974e+01 4.686297e+01 1.040865e-01 3.6756e-03 5.8026e-03 +1.1166e-05 0.02059 6.06528e-01 6.73242e-01 7.62247e-01 2.15685e-02
4.303080 7.11060615e-03 1.03520117e-01 1.10630723e-01 -7.20238615e-03 1.33901292e+00 1.48185495e+00 1.12834715e-02 1.455855e+01 1.106677e+00 3.136711e+01 4.751277e+01 6.756855e-02 3.5531e-03 5.6113e-03 +5.2020e-06 0.02113 6.10453e-01 6.76708e-01 7.63116e-01 2.15794e-02
4.403151 6.80123557e-03 1.02761018e-01 1.09562254e-01 -7.55445005e-03 1.28584620e+00 1.45486124e+00 1.09628298e-02 1.510917e+01 1.131443e+00 2.936466e+01 4.420502e+01 1.949200e-02 3.5734e-03 5.6378e-03 +2.9780e-06 0.01894 6.07243e-01 6.73945e-01 7.60387e-01 2.10141e-02
4.503223 6.46612960e-03 1.01882321e-01 1.08348450e-01 -6.89363467e-03 1.26473061e+00 1.43115709e+00 1.07835508e-02 1.575631e+01 1.131590e+00 2.882061e+01 4.409582e+01 -1.722980e-02 3.4811e-03 5.4725e-03 +1.1322e-05 0.01897 6.10906e-01 6.76230e-01 7.61501e-01 2.11301e-02
4.603295 6.17726973e-03 1.01272423e-01 1.07449693e-01 -6.58376587e-03 1.23219864e+00 1.40196353e+00 1.05366487e-02 1.639437e+01 1.137774e+00 2.769759e+01 4.204004e+01 6.528943e-03 3.3891e-03 5.3668e-03 +2.4085e-06 0.01821 6.10249e-01 6.76352e-01 7.60400e-01 2.07428e-02
4.703366 5.89075186e-03 1.00512371e-01 1.06403122e-01 -6.80020820e-03 1.17767789e+00 1.37540222e+00 1.02123204e-02 1.706274e+01 1.167893e+00 2.599326e+01 3.953719e+01 -8.519331e-02 3.3780e-03 5.3255e-03 +6.1462e-06 0.01651 6.07485e-01 6.73841e-01 7.58568e-01 2.02889e-02
4.803438 5.55632055e-03 9.97944925e-02 1.05350813e-01 -5.79588478e-03 1.15763396e+00 1.34440129e+00 1.00081410e-02 1.796054e+01 1.161335e+00 2.500906e+01 3.836845e+01 -3.045020e-02 3.2535e-03 5.1627e-03 +9.5631e-06 0.01644 6.10330e-01 6.75800e-01 7.59577e-01 2.03433e-02
4.903509 5.23038869e-03 9.92420429e-02 1.04472432e-01 -5.88168290e-03 1.10099211e+00 1.31432768e+00 9.66127919e-03 1.897412e+01 1.193767e+00 2.384078e+01 3.606549e+01 -7.368655e-02 3.1678e-03 5.0491e-03 +1.1880e-06 0.01528 6.05369e-01 6.72726e-01 7.56797e-01 1.96743e-02
5.003581 4.95197237e-03 9.85232427e-02 1.03475215e-01 -5.52396832e-03 1.05745506e+00 1.28488865e+00 9.36937484e-03 1.989576e+01 1.215076e+00 2.195000e+01 3.389568e+01 -1.024167e-01 3.1562e-03 5.0287e-03 +8.9157e-06 0.01381 6.04284e-01 6.71417e-01 7.56371e-01 1.93502e-02
5.103653 4.66865063e-03 9.79279856e-02 1.02596636e-01 -4.80478686e-03 1.02805081e+00 1.25362782e+00 9.12671452e-03 2.097565e+01 1.219422e+00 2.135990e+01 3.436013e+01 -6.037399e-02 2.9780e-03 4.7825e-03 +6.8082e-06 0.01404 6.04895e-01 6.72229e-01 7.56750e-01 1.93026e-02
5.203724 4.35707624e-03 9.74135703e-02 1.01770647e-01 -4.87157551e-03 9.72129803e-01 1.22279374e+00 8.77969416e-03 2.235755e+01 1.257850e+00 2.094689e+01 3.313350e+01 -1.083535e-01 2.9671e-03 4.7904e-03 +1.8550e-06 0.01307 5.99098e-01 6.68526e-01 7.54269e-01 1.85340e-02
5.303796 4.07360190e-03 9.67256414e-02 1.00799243e-01 -4.23938501e-03 9.32816277e-01 1.19334477e+00 8.50464420e-03 2.374450e+01 1.279292e+00 2.048648e+01 3.283754e+01 -1.120640e-01 2.8862e-03 4.6579e-03 +1.0208e-05 0.01268 5.98503e-01 6.67573e-01 7.54494e-01 1.84001e-02
5.403867 3.83510756e-03 9.62581495e-02 1.00093257e-01 -3.74643324e-03 8.98417857e-01 1.16209149e+00 8.24203739e-03 2.509920e+01 1.293487e+00 2.050647e+01 3.298671e+01 -6.104710e-02 2.7392e-03 4.4754e-03 +4.0383e-06 0.01227 5.96469e-01 6.67041e-01 7.54090e-01 1.80831e-02
5.503939 3.58585780e-03 9.57077723e-02 9.92936301e-02 -3.79100653e-03 8.47855137e-01 1.13282850e+00 7.92273454e-03 2.669034e+01 1.336111e+00 1.944062e+01 3.136158e+01 -1.338995e-01 2.7515e-03 4.4991e-03 +4.0458e-06 0.01189 5.91280e-01 6.63313e-01 7.52382e-01 1.74717e-02
5.604011 3.32495135e-03 9.51160215e-02 9.84409729e-02 -2.98158084e-03 8.15102668e-01 1.10278230e+00 7.67153985e-03 2.860674e+01 1.352937e+00 1.935505e+01 3.155101e+01 -7.830942e-02 2.6226e-03 4.3117e-03 +9.7134e-06 0.01148 5.90504e-01 6.62604e-01 7.52717e-01 1.73916e-02
5.704082 3.10772663e-03 9.46880575e-02 9.77957841e-02 -2.76606713e-03 7.77069228e-01 1.07275011e+00 7.39927733e-03 3.046859e+01 1.380508e+00 1.915140e+01 3.105717e+01 -5.238531e-02 2.5280e-03 4.2031e-03 +2.1326e-06 0.01109 5.86221e-01 6.60487e-01 7.51552e-01 1.69057e-02
5.804154 2.92147001e-03 9.41342554e-02 9.70557254e-02 -2.64269293e-03 7.33846840e-01 1.04567901e+00 7.11810338e-03 3.222154e+01 1.424928e+00 1.804492e+01 2.942903e+01 -1.219318e-01 2.5363e-03 4.2154e-03 +6.7152e-06 0.01072 5.81579e-01 6.57091e-01 7.50499e-01 1.64025e-02
5.904226 2.72251464e-03 9.36135841e-02 9.63360987e-02 -1.85449611e-03 7.09872754e-01 1.01607856e+00 6.90380527e-03 3.438497e+01 1.431353e+00 1.831439e+01 3.011599e+01 -1.103532e-02 2.3803e-03 3.9962e-03 +7.8667e-06 0.01035 5.81286e-01 6.56968e-01 7.51243e-01 1.64046e-02
6.004297 2.52886788e-03 9.32130509e-02 9.57419188e-02 -1.91356826e-03 6.67214857e-01 9.88204962e-01 6.62167928e-03 3.685960e+01 1.481090e+00 1.755563e+01 2.851616e+01 -5.306950e-02 2.3426e-03 3.9703e-03 +1.6914e-06 0.00999 5.73675e-01 6.52621e-01 7.48835e-01 1.57015e-02
6.104369 2.37702648e-03 9.26427029e-02 9.50197293e-02 -1.44940319e-03 6.36174773e-01 9.62575737e-01 6.39500204e-03 3.897420e+01 1.513068e+00 1.681430e+01 2.781236e+01 -5.121986e-02 2.3239e-03 3.9403e-03 +8.6605e-06 0.00991 5.71345e-01 6.50449e-01 7.48981e-01 1.54434e-02
6.204440 2.24538689e-03 9.22157421e-02 9.44611289e-02 -1.01625453e-03 6.10162399e-01 9.34616371e-01 6.17911508e-03 4.106898e+01 1.531750e+00 1.698433e+01 2.786695e+01 3.411859e-02 2.1625e-03 3.7156e-03 +5.4913e-06 0.01026 5.68096e-01 6.48898e-01 7.48462e-01 1.52419e-02
6.304512 2.10064276e-03 9.17835826e-02 9.38842253e-02 -1.02610867e-03 5.76955935e-01 9.09397144e-01 5.94541232e-03 4.369309e+01 1.576199e+00 1.598631e+01 2.625321e+01 -2.140740e-02 2.1911e-03 3.7948e-03 +2.7725e-06 0.01001 5.62035e-01 6.45189e-01 7.47098e-01 1.46561e-02
6.404584 1.96895700e-03 9.12529361e-02 9.32218931e-02 -5.21035669e-04 5.48179027e-01 8.85033063e-01 5.73284836e-03 4.634582e+01 1.614496e+00 1.545287e+01 2.566939e+01 1.222967e-02 2.1041e-03 3.6503e-03 +9.2143e-06 0.00998 5.58604e-01 6.42407e-01 7.46657e-01 1.44564e-02
6.504655 1.87662755e-03 9.08755186e-02 9.27521462e-02 -2.45131925e-04 5.27578156e-01 8.59439681e-01 5.54807134e-03 4.842491e+01 1.629028e+00 1.559998e+01 2.564567e+01 9.406992e-02 2.0020e-03 3.5363e-03 +3.3653e-06 0.01040 5.55178e-01 6.41058e-01 7.46387e-01 1.41500e-02
6.604727 1.78895044e-03 9.04202638e-02 9.22092142e-02 -3.25251268e-04 4.96124751e-01 8.38022677e-01 5.33658971e-03 5.054375e+01 1.689137e+00 1.416050e+01 2.340332e+01 -8.299029e-03 2.0399e-03 3.6098e-03 +4.8750e-06 0.00982 5.48556e-01 6.36783e-01 7.45053e-01 1.36567e-02
6.704799 1.68979266e-03 8.99428388e-02 9.16326315e-02 3.11688731e-04 4.78057904e-01 8.14316040e-01 5.16949578e-03 5.322714e+01 1.703384e+00 1.431214e+01 2.384776e+01 1.147361e-01 1.9215e-03 3.4353e-03 +8.3339e-06 0.01030 5.46940e-01 6.35364e-01 7.45447e-01 1.35455e-02
6.804870 1.61174777e-03 8.95955331e-02 9.12072809e-02 2.12504328e-04 4.51957979e-01 7.92387349e-01 4.97738132e-03 5.558905e+01 1.753232e+00 1.363542e+01 2.238139e+01 9.580702e-02 1.8761e-03 3.4038e-03 +2.1950e-06 0.01016 5.39554e-01 6.31607e-01 7.43657e-01 1.30643e-02
6.904942 1.55995581e-03 8.91218235e-02 9.06817793e-02 4.34079298e-04 4.30689915e-01 7.73247166e-01 4.81574833e-03 5.713099e+01 1.795369e+00 1.266682e+01 2.106993e+01 7.107543e-02 1.9030e-03 3.4615e-03 +6.9784e-06 0.01003 5.35981e-01 6.28910e-01 7.43791e-01 1.27453e-02
7.005013 1.50432585e-03 8.87144994e-02 9.02188252e-02 7.56216028e-04 4.13036791e-01 7.52247929e-01 4.66113888e-03 5.897293e+01 1.821261e+00 1.264989e+01 2.100616e+01 1.610602e-01 1.7781e-03 3.2778e-03 +6.5761e-06 0.01027 5.32449e-01 6.26791e-01 7.43373e-01 1.25825e-02
7.105085 1.44146190e-03 8.83679799e-02 8.98094418e-02 6.70027824e-04 3.93307746e-01 7.33302317e-01 4.50644025e-03 6.130442e+01 1.864449e+00 1.181200e+01 1.956719e+01 1.371667e-01 1.7955e-03 3.3604e-03 +2.2939e-06 0.01019 5.26118e-01 6.23600e-01 7.42420e-01 1.21313e-02
7.205157 1.39849235e-03 8.79017261e-02 8.93002184e-02 9.19231056e-04 3.73515958e-01 7.17235720e-01 4.36300671e-03 6.285463e+01 1.920228e+00 1.146223e+01 1.918850e+01 1.334052e-01 1.7826e-03 3.3326e-03 +8.2407e-06 0.01000 5.22148e-01 6.20435e-01 7.42250e-01 1.18979e-02
7.305228 1.37308603e-03 8.75616951e-02 8.89347811e-02 1.10350958e-03 3.61489438e-01 6.98198056e-01 4.23874997e-03 6.377000e+01 1.931448e+00 1.104604e+01 1.836253e+01 2.339885e-01 1.6862e-03 3.2254e-03 +4.5873e-06 0.01041 5.18598e-01 6.18784e-01 7.41981e-01 1.16695e-02
7.405300 1.33605597e-03 8.71942703e-02 8.85303263e-02 9.19898488e-04 3.43123854e-01 6.83999185e-01 4.10849216e-03 6.526244e+01 1.993447e+00 1.095641e+01 1.858520e+01 1.622225e-01 1.7453e-03 3.3544e-03 +3.5893e-06 0.00999 5.12205e-01 6.15176e-01 7.41149e-01 1.13145e-02
7.505371 1.29526480e-03 8.67718622e-02 8.80671270e-02 1.30700554e-03 3.29099402e-01 6.68380772e-01 3.98992070e-03 6.699160e+01 2.030939e+00 1.061464e+01 1.790088e+01 2.426788e-01 1.6793e-03 3.2532e-03 +8.2468e-06 0.01021 5.08725e-01 6.12072e-01 7.40735e-01 1.10997e-02
7.605443 1.27510261e-03 8.64693244e-02 8.77444270e-02 1.19091609e-03 3.15824995e-01 6.53573469e-01 3.87759386e-03 6.781362e+01 2.069417e+00 1.025846e+01 1.751906e+01 2.668702e-01 1.6404e-03 3.2424e-03 +3.0553e-06 0.01029 5.02764e-01 6.09123e-01 7.39456e-01 1.08091e-02
7.705515 1.25956282e-03 8.60922501e-02 8.73518129e-02 1.18117592e-03 3.03207979e-01 6.41873666e-01 3.78032658e-03 6.835090e+01 2.116942e+00 1.037346e+01 1.777363e+01 2.550234e-01 1.6906e-03 3.3480e-03 +5.4335e-06 0.01030 4.98303e-01 6.06129e-01 7.39221e-01 1.05395e-02
7.805586 1.23066207e-03 8.57200354e-02 8.69506975e-02 1.41167046e-03 2.91404634e-01 6.28802696e-01 3.68082932e-03 6.965359e+01 2.157834e+00 9.928566e+00 1.696699e+01 3.166169e-01 1.6101e-03 3.2282e-03 +7.2036e-06 0.01057 4.94050e-01 6.02589e-01 7.38001e-01 1.03512e-02
7.905658 1.20367744e-03 8.54431005e-02 8.66467779e-02 1.22186859e-03 2.80862176e-01 6.16655655e-01 3.59007132e-03 7.098505e+01 2.195581e+00 9.776605e+00 1.699117e+01 3.413019e-01 1.6087e-03 3.2886e-03 +2.4348e-06 0.01074 4.87399e-01 5.99170e-01 7.36386e-01 1.00345e-02
8.005730 1.19103742e-03 8.50561894e-02 8.62472269e-02 1.30945720e-03 2.69731580e-01 6.08279605e-01 3.51204474e-03 7.141353e+01 2.255129e+00 9.870956e+00 1.705307e+01 3.481511e-01 1.6360e-03 3.3268e-03 +7.0123e-06 0.01074 4.83494e-01 5.95705e-01 7.35782e-01 9.83554e-03
8.105801 1.17701898e-03 8.47512666e-02 8.59282856e-02 1.38016484e-03 2.61385370e-01 5.96362330e-01 3.43099080e-03 7.200501e+01 2.281544e+00 9.327586e+00 1.623025e+01 3.991354e-01 1.5507e-03 3.2292e-03 +5.5962e-06 0.01106 4.78301e-01 5.91877e-01 7.33729e-01 9.60956e-03
8.205873 1.15038984e-03 8.44633805e-02 8.56137703e-02 1.16502219e-03 2.52764847e-01 5.88256773e-01 3.36408648e-03 7.342153e+01 2.327289e+00 9.414916e+00 1.658645e+01 4.187972e-01 1.5872e-03 3.3283e-03 +2.9106e-06 0.01105 4.72500e-01 5.88474e-01 7.32232e-01 9.38525e-03
8.305944 1.12806448e-03 8.41019158e-02 8.52299803e-02 1.33625486e-03 2.43094211e-01 5.80542678e-01 3.29454756e-03 7.455417e+01 2.388139e+00 9.264278e+00 1.622250e+01 4.414225e-01 1.5632e-03 3.2810e-03 +7.7047e-06 0.01113 4.67781e-01 5.83897e-01 7.30429e-01 9.15718e-03
8.406016 1.11790504e-03 8.38370382e-02 8.49549432e-02 1.23298506e-03 2.36591769e-01 5.71416780e-01 3.23203419e-03 7.499478e+01 2.415201e+00 8.858752e+00 1.565927e+01 4.700965e-01 1.5029e-03 3.2300e-03 +4.0115e-06 0.01136 4.62245e-01 5.80118e-01 7.27958e-01 8.94072e-03
8.506088 1.09975344e-03 8.35408134e-02 8.46405669e-02 1.07855242e-03 2.30426339e-01 5.65893393e-01 3.18527893e-03 7.596322e+01 2.455854e+00 8.975768e+00 1.603572e+01 4.921994e-01 1.5506e-03 3.3315e-03 +4.2266e-06 0.01125 4.57741e-01 5.77067e-01 7.26718e-01 8.79737e-03
8.606159 1.07234780e-03 8.32088964e-02 8.42812442e-02 1.25292694e-03 2.22161726e-01 5.59081114e-01 3.12497136e-03 7.759506e+01 2.516550e+00 8.629800e+00 1.533723e+01 5.082966e-01 1.4842e-03 3.2105e-03 +7.3670e-06 0.01142 4.52658e-01 5.71826e-01 7.23963e-01 8.55660e-03
8.706231 1.05372406e-03 8.29751761e-02 8.40289002e-02 1.01159779e-03 2.16781545e-01 5.52173348e-01 3.07581957e-03 7.874469e+01 2.547142e+00 8.399887e+00 1.511763e+01 5.172769e-01 1.4606e-03 3.2292e-03 +2.9649e-06 0.01147 4.46399e-01 5.68010e-01 7.21170e-01 8.36093e-03
8.806303 1.04050116e-03 8.26597693e-02 8.37002704e-02 1.01344932e-03 2.11709632e-01 5.48653823e-01 3.04145382e-03 7.944227e+01 2.591539e+00 8.449791e+00 1.524696e+01 5.557878e-01 1.4872e-03 3.2607e-03 +5.7591e-06 0.01141 4.43362e-01 5.64938e-01 7.19984e-01 8.25287e-03
8.906374 1.01861358e-03 8.23762047e-02 8.33948183e-02 1.03551285e-03 2.05020408e-01 5.42338629e-01 2.98943615e-03 8.087091e+01 2.645291e+00 8.070496e+00 1.445197e+01 5.155640e-01 1.4112e-03 3.1486e-03 +6.2766e-06 0.01152 4.37540e-01 5.59617e-01 7.16499e-01 8.01883e-03
9.006446 9.92584029e-04 8.21408292e-02 8.31334132e-02 8.24335509e-04 2.01567152e-01 5.37566038e-01 2.95653276e-03 8.275453e+01 2.666933e+00 7.929044e+00 1.448304e+01 5.685832e-01 1.4089e-03 3.1828e-03 +2.7670e-06 0.01153 4.32766e-01 5.56604e-01 7.14307e-01 7.90412e-03
9.106517 9.74681071e-04 8.18267204e-02 8.28014015e-02 8.82104203e-04 1.95710799e-01 5.34978469e-01 2.92275707e-03 8.395230e+01 2.733515e+00 7.819429e+00 1.432555e+01 5.506642e-01 1.4127e-03 3.1647e-03 +6.8586e-06 0.01140 4.29130e-01 5.52675e-01 7.12365e-01 7.76993e-03
9.206589 9.60119315e-04 8.15792676e-02 8.25393869e-02 8.17265101e-04 1.91553924e-01 5.29149828e-01 2.88281501e-03 8.496784e+01 2.762407e+00 7.962465e+00 1.355666e+01 5.322181e-01 1.3296e-03 3.0507e-03 +4.8757e-06 0.01159 4.23990e-01 5.48213e-01 7.09033e-01 7.56037e-03
9.306661 9.36387604e-04 8.13324834e-02 8.22688710e-02 6.16782726e-04 1.88619879e-01 5.26624330e-01 2.86097683e-03 8.685771e+01 2.791987e+00 7.858503e+00 1.378866e+01 5.542716e-01 1.3630e-03 3.1300e-03 +3.4579e-06 0.01139 4.20360e-01 5.45905e-01 7.07463e-01 7.54755e-03
9.406732 9.12076818e-04 8.10295830e-02 8.19416598e-02 7.61893252e-04 1.82822093e-01 5.23375293e-01 2.82478954e-03 8.884074e+01 2.862757e+00 7.855722e+00 1.322313e+01 5.431583e-01 1.3109e-03 3.0074e-03 +7.1227e-06 0.01144 4.16114e-01 5.40981e-01 7.04648e-01 7.32141e-03
9.506804 8.97556022e-04 8.08087587e-02 8.17063147e-02 5.46240908e-04 1.79290930e-01 5.18984859e-01 2.79310316e-03 9.003199e+01 2.894652e+00 8.062427e+00 1.277590e+01 4.997680e-01 1.2664e-03 2.9712e-03 +3.6660e-06 0.01144 4.10876e-01 5.37292e-01 7.01539e-01 7.18354e-03
9.606875 8.81434503e-04 8.05413430e-02 8.14227775e-02 5.04789817e-04 1.77286320e-01 5.17235732e-01 2.77808821e-03 9.137530e+01 2.917516e+00 7.821534e+00 1.289427e+01 5.488054e-01 1.2879e-03 3.0029e-03 +4.6777e-06 0.01131 4.08980e-01 5.35458e-01 7.00571e-01 7.17718e-03
9.706947 8.58390869e-04 8.02640162e-02 8.11224071e-02 5.51604571e-04 1.71449997e-01 5.13939242e-01 2.74155696e-03 9.350521e+01 2.997604e+00 7.999202e+00 1.258327e+01 4.720802e-01 1.2235e-03 2.8721e-03 +6.5871e-06 0.01131 4.03941e-01 5.30299e-01 6.97180e-01 6.94305e-03
9.807019 8.39341017e-04 8.00507924e-02 8.08901334e-02 3.57039828e-04 1.69785145e-01 5.10219531e-01 2.72001870e-03 9.537338e+01 3.005089e+00 7.994618e+00 1.226638e+01 4.980780e-01 1.1958e-03 2.8600e-03 +3.0113e-06 0.01132 4.00095e-01 5.27871e-01 6.94977e-01 6.86826e-03
9.907090 8.26617462e-04 7.97679812e-02 8.05945986e-02 3.81777814e-04 1.66348716e-01 5.09405058e-01 2.70301510e-03 9.649927e+01 3.062272e+00 7.841210e+00 1.222099e+01 4.839892e-01 1.2155e-03 2.8699e-03 +5.8868e-06 0.01111 3.98035e-01 5.25506e-01 6.93799e-01 6.83192e-03
10.000190 8.11805132e-04 7.95351662e-02 8.03469713e-02 3.84353437e-04 1.62870182e-01 5.05547394e-01 2.67367030e-03 9.797322e+01 3.103990e+00 7.977622e+00 1.249871e+01 4.368928e-01 1.1351e-03 2.7241e-03 +5.8009e-06 0.01124 3.93974e-01 5.21438e-01 6.90862e-01 6.61406e-03
