# tg_mhd (CUDA FP64)  tgc_slip_cond_n512_re2000  N=512 L=512 Re=2000 Pm=1 u0=0.05 nu_lat=4.066409e-03 eta_lat=4.066409e-03 tau_f=0.512199 tau_m=0.516266 dt=3.073965e-04 fw=profile
# t E_V E_M E_T H_C Omega_V Omega_M eps EM/EV OmM/OmV j_max w_max skew divb/j divb_wall/j mass_drift umax_lat fw1 fw2 fw4 tau_wall
0.000000 1.25000000e-01 1.25000000e-01 2.50000000e-01 5.80391525e-21 3.74995275e-01 1.49992441e+00 1.87491968e-03 1.000000e+00 3.999849e+00 3.463982e+00 1.999969e+00 1.340703e-19 7.5618e-15 2.0637e-14 +0.0000e+00 0.05000 2.84858e-02 5.70556e-02 1.14675e-01 0.00000e+00
0.099904 1.24857014e-01 1.24638717e-01 2.49495732e-01 5.01178513e-08 3.83454540e-01 1.50203116e+00 1.88548570e-03 9.982516e-01 3.917104e+00 3.551302e+00 2.003581e+00 1.400259e-01 1.6830e-06 2.5395e-06 +1.8503e-07 0.05088 2.84501e-02 5.69889e-02 1.14577e-01 0.00000e+00
0.199808 1.24840521e-01 1.24350934e-01 2.49191455e-01 2.19947671e-07 4.10634134e-01 1.51868046e+00 1.92931459e-03 9.960783e-01 3.698379e+00 3.670825e+00 2.048347e+00 3.397579e-02 4.8364e-06 7.7936e-06 -6.5462e-06 0.05131 2.81981e-02 5.65010e-02 1.13721e-01 0.00000e+00
0.299712 1.24859108e-01 1.24469059e-01 2.49328167e-01 7.86741755e-07 4.53703102e-01 1.55600915e+00 2.00971225e-03 9.968761e-01 3.429576e+00 3.818689e+00 2.122770e+00 2.054399e-01 9.7922e-06 1.6280e-05 -3.1822e-06 0.05228 2.78919e-02 5.59209e-02 1.12794e-01 0.00000e+00
0.399616 1.24436086e-01 1.24527692e-01 2.48963777e-01 2.15731994e-06 5.09951629e-01 1.61216651e+00 2.12211814e-03 1.000736e+00 3.161411e+00 4.025304e+00 2.213199e+00 2.344704e-01 1.6601e-05 2.8314e-05 +6.7021e-06 0.05295 2.75737e-02 5.53388e-02 1.12014e-01 0.00000e+00
0.499519 1.24439948e-01 1.24337878e-01 2.48777826e-01 4.87336281e-06 5.79831602e-01 1.68812012e+00 2.26795172e-03 9.991798e-01 2.911397e+00 4.257754e+00 2.327593e+00 2.281838e-01 2.5409e-05 4.4695e-05 -5.7932e-06 0.05304 2.69737e-02 5.42246e-02 1.10371e-01 0.00000e+00
0.599423 1.24109135e-01 1.24356782e-01 2.48465917e-01 9.44969646e-06 6.62107248e-01 1.79381758e+00 2.45592483e-03 1.001995e+00 2.709255e+00 4.518142e+00 2.453226e+00 3.443533e-01 3.6795e-05 6.7811e-05 -7.0201e-06 0.05445 2.64001e-02 5.32234e-02 1.09287e-01 0.00000e+00
0.699327 1.23644209e-01 1.24610999e-01 2.48255208e-01 1.64492644e-05 7.58840538e-01 1.93465302e+00 2.69349356e-03 1.007819e+00 2.549486e+00 4.785616e+00 2.783207e+00 3.088551e-01 5.1873e-05 1.0403e-04 +4.3214e-06 0.05522 2.58620e-02 5.24168e-02 1.09119e-01 0.00000e+00
0.799231 1.23554466e-01 1.24556311e-01 2.48110777e-01 2.63282592e-05 8.74409597e-01 2.10642418e+00 2.98083378e-03 1.008109e+00 2.408967e+00 5.016728e+00 3.183350e+00 4.142801e-01 7.1983e-05 1.6528e-04 -1.4557e-06 0.05610 2.51717e-02 5.15478e-02 1.09445e-01 0.00000e+00
0.899135 1.23321427e-01 1.24299508e-01 2.47620935e-01 3.94546987e-05 1.01240163e+00 2.32042540e+00 3.33282703e-03 1.007931e+00 2.292001e+00 5.519186e+00 3.674383e+00 4.937903e-01 1.0016e-04 2.7449e-04 -4.2089e-06 0.05777 2.46527e-02 5.15042e-02 1.11898e-01 0.00000e+00
0.999039 1.23368801e-01 1.23929782e-01 2.47298582e-01 5.60691878e-05 1.18171311e+00 2.58437443e+00 3.76608754e-03 1.004547e+00 2.186973e+00 7.089824e+00 4.576249e+00 4.242421e-01 1.3992e-04 4.5605e-04 -3.1821e-06 0.05933 2.45411e-02 5.30101e-02 1.17145e-01 0.00000e+00
1.098943 1.23688031e-01 1.23327298e-01 2.47015329e-01 7.61373670e-05 1.39068642e+00 2.91095768e+00 4.30164411e-03 9.970835e-01 2.093180e+00 9.475564e+00 6.174630e+00 4.718140e-01 1.9697e-04 7.2241e-04 -1.2795e-06 0.06123 2.52607e-02 5.68929e-02 1.25557e-01 0.00000e+00
1.198847 1.24104098e-01 1.22373432e-01 2.46477530e-01 9.96867673e-05 1.64658599e+00 3.32072569e+00 4.96731168e-03 9.860547e-01 2.016734e+00 1.273956e+01 8.132460e+00 5.661197e-01 2.8309e-04 1.0589e-03 +3.4180e-06 0.06281 2.72901e-02 6.36546e-02 1.37030e-01 0.00000e+00
1.298750 1.24964176e-01 1.20959869e-01 2.45924045e-01 1.26896768e-04 1.95926297e+00 3.82625082e+00 5.78551379e-03 9.679564e-01 1.952903e+00 1.700911e+01 1.024112e+01 5.127308e-01 4.2491e-04 1.4310e-03 -6.6272e-06 0.06330 3.04654e-02 7.23717e-02 1.49537e-01 0.00000e+00
1.398654 1.25957475e-01 1.19416900e-01 2.45374376e-01 1.58579758e-04 2.33786662e+00 4.48364192e+00 6.82150854e-03 9.480731e-01 1.917835e+00 2.237866e+01 1.221968e+01 4.999019e-01 6.7537e-04 1.8832e-03 -4.9815e-06 0.06624 3.47584e-02 8.28091e-02 1.62520e-01 0.00000e+00
1.498558 1.26758257e-01 1.17763261e-01 2.44521518e-01 1.96724888e-04 2.78793385e+00 5.34177448e+00 8.12970833e-03 9.290382e-01 1.916033e+00 2.842721e+01 1.469319e+01 5.439822e-01 1.0712e-03 2.4907e-03 +6.4896e-06 0.06610 3.97265e-02 9.37485e-02 1.73882e-01 0.00000e+00
1.598462 1.27993120e-01 1.15760243e-01 2.43753363e-01 2.44434157e-04 3.30872903e+00 6.41399828e+00 9.72272731e-03 9.044255e-01 1.938508e+00 3.417764e+01 1.833988e+01 6.429273e-01 1.5882e-03 3.2322e-03 -3.4293e-06 0.06671 4.44587e-02 1.02815e-01 1.80574e-01 0.00000e+00
1.698366 1.28831344e-01 1.13744661e-01 2.42576005e-01 3.05382580e-04 3.89046295e+00 7.76464398e+00 1.16551069e-02 8.828959e-01 1.995815e+00 3.894376e+01 2.205358e+01 5.917048e-01 2.1838e-03 3.9525e-03 -5.5696e-06 0.06708 4.88983e-02 1.09432e-01 1.83030e-01 0.00000e+00
1.798270 1.29517565e-01 1.11787986e-01 2.41305551e-01 3.82890408e-04 4.51212889e+00 9.41629705e+00 1.39284259e-02 8.631106e-01 2.086886e+00 4.239375e+01 2.543997e+01 5.311505e-01 2.8686e-03 4.5306e-03 +2.0926e-06 0.06517 5.23701e-02 1.12490e-01 1.81109e-01 0.00000e+00
1.898174 1.30138826e-01 1.09682114e-01 2.39820940e-01 4.79219194e-04 5.12620040e+00 1.12641337e+01 1.63903341e-02 8.428085e-01 2.197365e+00 4.424268e+01 2.763816e+01 5.314013e-01 3.6590e-03 4.9954e-03 +1.2487e-07 0.06426 5.39201e-02 1.11091e-01 1.74860e-01 0.00000e+00
1.998078 1.30521234e-01 1.07466023e-01 2.37987257e-01 5.95622714e-04 5.68461827e+00 1.31195042e+01 1.88041225e-02 8.233605e-01 2.307895e+00 4.912138e+01 2.783437e+01 5.180960e-01 4.4882e-03 5.3889e-03 +4.1333e-07 0.06370 5.32669e-02 1.06169e-01 1.66427e-01 0.00000e+00
2.097981 1.30860406e-01 1.05077685e-01 2.35938092e-01 7.33823571e-04 6.18850512e+00 1.46970885e+01 2.08855937e-02 8.029754e-01 2.374901e+00 5.459381e+01 2.650928e+01 4.309820e-01 5.2585e-03 5.7523e-03 -3.4676e-06 0.06135 4.98369e-02 9.82993e-02 1.56841e-01 0.00000e+00
2.197885 1.31216078e-01 1.02611652e-01 2.33827730e-01 8.95125724e-04 6.68213733e+00 1.58064076e+01 2.24885449e-02 7.820052e-01 2.365472e+00 5.882384e+01 2.551642e+01 4.103341e-01 5.9189e-03 6.1963e-03 -1.0398e-06 0.05978 4.46803e-02 8.94165e-02 1.48563e-01 0.00000e+00
2.297789 1.31341102e-01 9.99762525e-02 2.31317355e-01 1.07826726e-03 7.19993189e+00 1.63266250e+01 2.35265569e-02 7.611955e-01 2.267608e+00 6.134249e+01 2.501958e+01 4.835818e-01 6.3478e-03 6.9326e-03 +7.0583e-06 0.05644 3.92011e-02 8.12416e-02 1.44732e-01 0.00000e+00
2.397693 1.31846610e-01 9.71444440e-02 2.28991054e-01 1.27993153e-03 7.77076311e+00 1.63364290e+01 2.41071921e-02 7.367990e-01 2.102294e+00 6.196273e+01 2.518852e+01 5.357216e-01 6.4084e-03 7.7344e-03 -3.8130e-06 0.05738 3.43773e-02 7.47243e-02 1.48912e-01 0.00000e+00
2.497597 1.32163087e-01 9.43207664e-02 2.26483854e-01 1.49640409e-03 8.36333168e+00 1.61616070e+01 2.45249387e-02 7.136695e-01 1.932436e+00 6.103424e+01 2.908349e+01 5.002121e-01 6.1495e-03 7.7698e-03 -3.7956e-06 0.06012 3.15058e-02 7.12742e-02 1.62125e-01 0.00000e+00
2.597501 1.32313385e-01 9.15537710e-02 2.23867156e-01 1.72442731e-03 8.93873671e+00 1.60152364e+01 2.49539731e-02 6.919464e-01 1.791667e+00 5.887903e+01 3.735850e+01 5.023719e-01 5.7782e-03 8.5227e-03 +6.4717e-06 0.06152 3.01204e-02 7.19209e-02 1.75392e-01 0.00000e+00
2.697405 1.32762363e-01 8.86777134e-02 2.21440076e-01 1.95978739e-03 9.46605013e+00 1.58810454e+01 2.53470956e-02 6.679432e-01 1.677684e+00 5.586375e+01 3.825285e+01 5.106536e-01 5.4148e-03 9.2379e-03 -3.0890e-07 0.06235 2.93908e-02 7.76129e-02 1.82268e-01 0.00000e+00
2.797309 1.32928742e-01 8.58018332e-02 2.18730575e-01 2.19916099e-03 9.95065020e+00 1.57899708e+01 2.57406210e-02 6.454724e-01 1.586828e+00 5.340754e+01 3.829944e+01 4.815725e-01 5.1383e-03 1.0306e-02 -2.1649e-06 0.06426 3.06063e-02 8.61345e-02 1.84758e-01 0.00000e+00
2.897212 1.33044421e-01 8.30270005e-02 2.16071422e-01 2.44126026e-03 1.04181126e+01 1.57203056e+01 2.61384182e-02 6.240547e-01 1.508940e+00 5.139148e+01 3.733816e+01 4.704053e-01 4.9657e-03 1.0784e-02 +5.9716e-07 0.06551 3.47634e-02 9.32789e-02 1.84220e-01 0.00000e+00
2.997116 1.33080820e-01 8.04162377e-02 2.13497058e-01 2.68321320e-03 1.08931559e+01 1.56772904e+01 2.65704463e-02 6.042662e-01 1.439187e+00 5.029435e+01 4.094021e+01 4.812876e-01 4.9661e-03 1.0582e-02 +7.0792e-07 0.06702 3.94285e-02 9.63635e-02 1.80176e-01 0.00000e+00
3.097020 1.32726322e-01 7.78990564e-02 2.10625378e-01 2.92076523e-03 1.13566150e+01 1.56652039e+01 2.70218189e-02 5.869149e-01 1.379390e+00 4.978016e+01 4.402304e+01 5.065403e-01 5.1484e-03 1.0113e-02 +4.1475e-06 0.06800 4.12219e-02 9.44515e-02 1.72756e-01 0.00000e+00
3.196924 1.32271303e-01 7.56295075e-02 2.07900810e-01 3.15011027e-03 1.18044035e+01 1.57544165e+01 2.75588201e-02 5.717756e-01 1.334622e+00 4.981992e+01 4.508935e+01 5.096899e-01 5.5196e-03 9.9595e-03 -3.3666e-06 0.06998 3.88757e-02 8.76926e-02 1.61621e-01 0.00000e+00
3.296828 1.31430624e-01 7.36959015e-02 2.05126525e-01 3.36853346e-03 1.21731720e+01 1.61183793e+01 2.82915514e-02 5.607209e-01 1.324090e+00 5.138983e+01 4.386946e+01 4.969218e-01 6.0152e-03 1.0224e-02 -1.7030e-06 0.07369 3.46157e-02 7.93640e-02 1.50170e-01 0.00000e+00
3.396732 1.29930299e-01 7.20725855e-02 2.02002885e-01 3.57435698e-03 1.24282253e+01 1.69331892e+01 2.93614145e-02 5.547019e-01 1.362478e+00 5.504000e+01 4.039245e+01 4.903894e-01 6.4657e-03 1.0597e-02 +7.7556e-06 0.07561 3.04163e-02 7.13963e-02 1.39813e-01 0.00000e+00
3.496636 1.28449301e-01 7.06619029e-02 1.99111204e-01 3.76908852e-03 1.25968567e+01 1.81000605e+01 3.06969172e-02 5.501151e-01 1.436871e+00 5.938090e+01 3.555723e+01 4.800678e-01 6.6927e-03 1.0332e-02 -1.8707e-06 0.07607 2.69616e-02 6.43805e-02 1.30630e-01 0.00000e+00
3.596540 1.26398694e-01 6.94373814e-02 1.95836075e-01 3.95987433e-03 1.27084509e+01 1.94445754e+01 3.21530262e-02 5.493520e-01 1.530051e+00 6.303806e+01 3.470978e+01 4.347133e-01 6.9793e-03 9.9237e-03 -2.8948e-06 0.07686 2.46290e-02 5.97239e-02 1.25263e-01 0.00000e+00
3.696443 1.24068615e-01 6.83389922e-02 1.92407608e-01 4.15641086e-03 1.28085736e+01 2.08036884e+01 3.36122620e-02 5.508161e-01 1.624200e+00 6.838294e+01 3.137780e+01 4.116047e-01 7.4969e-03 9.6621e-03 +4.7522e-06 0.07495 2.30136e-02 5.73439e-02 1.24156e-01 0.00000e+00
3.796347 1.21716342e-01 6.72640987e-02 1.88980441e-01 4.36211727e-03 1.29241890e+01 2.19729238e+01 3.48971127e-02 5.526300e-01 1.700139e+00 6.899779e+01 3.100976e+01 3.790343e-01 7.9664e-03 9.3626e-03 +1.0101e-06 0.07421 2.20552e-02 5.70435e-02 1.27283e-01 0.00000e+00
3.896251 1.19157227e-01 6.61279595e-02 1.85285186e-01 4.57198980e-03 1.30200364e+01 2.28477585e+01 3.58677948e-02 5.549639e-01 1.754815e+00 6.647700e+01 3.080336e+01 3.485493e-01 8.2517e-03 9.4136e-03 +9.4210e-07 0.07296 2.21509e-02 5.98443e-02 1.35894e-01 0.00000e+00
3.996155 1.16599024e-01 6.49765738e-02 1.81575598e-01 4.78158872e-03 1.30746720e+01 2.34934795e+01 3.65681515e-02 5.572652e-01 1.796870e+00 6.141212e+01 3.103489e+01 3.179896e-01 7.9672e-03 9.8006e-03 -8.5265e-07 0.06947 2.33109e-02 6.62084e-02 1.47099e-01 0.00000e+00
4.096059 1.14043367e-01 6.37969843e-02 1.77840352e-01 4.99062470e-03 1.30823847e+01 2.41107529e+01 3.71931376e-02 5.594099e-01 1.842994e+00 5.629726e+01 3.104504e+01 3.033951e-01 7.4827e-03 1.0148e-02 +1.0072e-07 0.06608 2.57899e-02 7.69413e-02 1.59704e-01 0.00000e+00
4.195963 1.11376960e-01 6.24865126e-02 1.73863472e-01 5.20061208e-03 1.30527168e+01 2.47936604e+01 3.78463772e-02 5.610363e-01 1.899502e+00 5.089263e+01 3.168979e+01 2.984179e-01 7.0257e-03 1.0584e-02 +6.1039e-06 0.06453 3.04682e-02 9.15005e-02 1.73387e-01 0.00000e+00
4.295867 1.09004375e-01 6.10441668e-02 1.70048542e-01 5.41133707e-03 1.30097545e+01 2.54364875e+01 3.84462421e-02 5.600157e-01 1.955186e+00 5.319127e+01 3.376230e+01 2.935443e-01 6.8006e-03 1.0821e-02 -3.0961e-06 0.06181 3.81231e-02 1.05338e-01 1.87083e-01 0.00000e+00
4.395771 1.06609877e-01 5.94634100e-02 1.66073287e-01 5.62076267e-03 1.29599435e+01 2.59573924e+01 3.89173359e-02 5.577664e-01 2.002894e+00 5.899394e+01 3.534921e+01 2.678329e-01 6.9353e-03 1.0726e-02 -2.5058e-06 0.06025 4.88893e-02 1.16324e-01 2.00954e-01 0.00000e+00
4.495674 1.04176440e-01 5.77498167e-02 1.61926257e-01 5.82450616e-03 1.29069160e+01 2.59858429e+01 3.88927589e-02 5.543462e-01 2.013327e+00 6.219006e+01 3.505776e+01 2.512675e-01 7.5532e-03 1.0150e-02 +6.7974e-06 0.05653 5.83505e-02 1.21622e-01 2.09400e-01 0.00000e+00
4.595578 1.02135804e-01 5.59297149e-02 1.58065519e-01 6.01099391e-03 1.28431905e+01 2.50741969e+01 3.79173873e-02 5.476015e-01 1.952334e+00 6.187270e+01 3.358524e+01 2.315232e-01 8.2941e-03 9.7747e-03 -3.3947e-07 0.05281 5.84628e-02 1.18674e-01 2.07527e-01 0.00000e+00
4.695482 1.00051540e-01 5.41270574e-02 1.54178597e-01 6.16826501e-03 1.27504293e+01 2.35482087e+01 3.62986380e-02 5.409917e-01 1.846856e+00 5.815348e+01 3.724387e+01 2.057163e-01 8.3248e-03 1.0196e-02 -1.1242e-06 0.05178 4.91935e-02 1.09978e-01 1.98737e-01 0.00000e+00
4.795386 9.80540983e-02 5.24453957e-02 1.50499494e-01 6.29234545e-03 1.26011360e+01 2.20921877e+01 3.46933237e-02 5.348618e-01 1.753190e+00 5.284298e+01 3.704317e+01 1.787405e-01 7.6935e-03 1.1915e-02 +3.0131e-06 0.05143 4.05626e-02 1.01593e-01 1.91383e-01 0.00000e+00
4.895290 9.61087886e-02 5.08992042e-02 1.47007993e-01 6.38750920e-03 1.24186051e+01 2.10656519e+01 3.34842570e-02 5.295999e-01 1.696298e+00 4.707741e+01 3.547846e+01 1.835166e-01 7.0972e-03 1.2536e-02 +1.4857e-06 0.05286 4.08305e-02 9.94123e-02 1.88744e-01 0.00000e+00
4.995194 9.41644142e-02 4.94189263e-02 1.43583341e-01 6.46077350e-03 1.22330424e+01 2.02885396e+01 3.25215819e-02 5.248153e-01 1.658503e+00 4.096944e+01 3.533133e+01 1.944640e-01 6.7389e-03 1.1422e-02 +3.8315e-06 0.05775 4.52589e-02 1.01126e-01 1.88008e-01 0.00000e+00
5.095098 9.22759375e-02 4.80389728e-02 1.40314910e-01 6.51822487e-03 1.20690606e+01 1.94777271e+01 3.15467877e-02 5.206013e-01 1.613856e+00 4.309182e+01 3.580640e+01 1.851030e-01 6.6178e-03 1.0005e-02 -1.3792e-06 0.06326 4.63821e-02 1.00856e-01 1.83289e-01 0.00000e+00
5.195002 9.03553160e-02 4.67838039e-02 1.37139120e-01 6.56870493e-03 1.19197641e+01 1.86519493e+01 3.05717134e-02 5.177759e-01 1.564792e+00 4.313823e+01 3.598561e+01 1.776943e-01 6.6568e-03 9.2544e-03 -4.1717e-07 0.06471 4.45016e-02 9.82475e-02 1.76760e-01 0.00000e+00
5.294905 8.82753791e-02 4.56636625e-02 1.33939042e-01 6.61934548e-03 1.17458886e+01 1.79863706e+01 2.97322593e-02 5.172865e-01 1.531291e+00 5.089829e+01 3.511605e+01 2.038004e-01 6.7683e-03 9.4093e-03 +7.1526e-06 0.06206 4.34381e-02 9.62889e-02 1.73071e-01 0.00000e+00
5.394809 8.63890475e-02 4.46277645e-02 1.31016812e-01 6.67129032e-03 1.15174609e+01 1.75277197e+01 2.90451806e-02 5.165905e-01 1.521839e+00 4.915661e+01 3.364213e+01 2.356870e-01 6.8850e-03 9.8605e-03 -2.0132e-06 0.05823 4.41137e-02 9.62816e-02 1.73645e-01 0.00000e+00
5.494713 8.43675949e-02 4.36787286e-02 1.28046324e-01 6.72437576e-03 1.12450769e+01 1.72719360e+01 2.85170129e-02 5.177193e-01 1.535955e+00 4.539485e+01 3.120854e+01 2.456193e-01 6.8518e-03 1.0407e-02 -2.5593e-06 0.05358 4.51027e-02 9.85783e-02 1.78718e-01 0.00000e+00
5.594617 8.23155362e-02 4.27699973e-02 1.25085534e-01 6.77689549e-03 1.09503114e+01 1.71610426e+01 2.81113540e-02 5.195860e-01 1.567174e+00 4.690762e+01 2.919181e+01 2.743720e-01 6.6958e-03 1.0665e-02 +4.6583e-06 0.05011 4.52345e-02 1.02007e-01 1.85773e-01 0.00000e+00
5.694521 8.04230646e-02 4.18224603e-02 1.22245525e-01 6.82632040e-03 1.06659430e+01 1.71006817e+01 2.77666247e-02 5.200307e-01 1.603298e+00 5.124111e+01 2.649843e+01 3.092840e-01 6.4513e-03 1.0573e-02 -5.2724e-07 0.04656 4.49259e-02 1.04954e-01 1.91422e-01 0.00000e+00
5.794425 7.85871392e-02 4.08280481e-02 1.19415187e-01 6.87218186e-03 1.04075843e+01 1.70398735e+01 2.74474579e-02 5.195258e-01 1.637255e+00 5.808845e+01 2.284199e+01 3.213677e-01 6.1076e-03 1.0618e-02 -6.9829e-07 0.04556 4.53057e-02 1.07820e-01 1.95788e-01 0.00000e+00
5.894329 7.68433425e-02 3.97749721e-02 1.16618315e-01 6.91503574e-03 1.01822586e+01 1.69217972e+01 2.71040557e-02 5.176112e-01 1.661890e+00 6.666945e+01 2.159627e+01 3.138830e-01 5.8246e-03 1.0531e-02 -6.5853e-07 0.04509 4.57322e-02 1.09205e-01 1.97644e-01 0.00000e+00
5.994233 7.51792995e-02 3.86614453e-02 1.13840745e-01 6.95516730e-03 9.97403158e+00 1.66701801e+01 2.66442117e-02 5.142565e-01 1.671358e+00 7.517322e+01 2.399363e+01 3.216802e-01 5.6459e-03 1.0218e-02 -1.0487e-06 0.04541 4.54044e-02 1.08256e-01 1.97310e-01 0.00000e+00
6.094136 7.36032103e-02 3.75200844e-02 1.11123295e-01 6.99003050e-03 9.75227133e+00 1.62294558e+01 2.59817272e-02 5.097615e-01 1.664172e+00 7.508635e+01 2.421548e+01 3.366496e-01 5.5880e-03 1.0542e-02 +3.5949e-06 0.04560 4.37584e-02 1.04610e-01 1.94209e-01 0.00000e+00
6.194040 7.21951791e-02 3.63414078e-02 1.08536587e-01 7.01290695e-03 9.49220751e+00 1.56086193e+01 2.51008268e-02 5.033772e-01 1.644361e+00 5.958382e+01 2.136875e+01 3.292447e-01 5.6808e-03 1.1154e-02 -3.7376e-06 0.04475 4.07056e-02 9.89183e-02 1.87796e-01 0.00000e+00
6.293944 7.08192843e-02 3.51960478e-02 1.06015332e-01 7.01822746e-03 9.21343119e+00 1.49815735e+01 2.41950047e-02 4.969840e-01 1.626058e+00 4.638200e+01 1.955803e+01 3.084024e-01 5.7777e-03 1.0764e-02 -3.2103e-06 0.04470 3.87912e-02 9.61284e-02 1.84556e-01 0.00000e+00
6.393848 6.94124104e-02 3.40910416e-02 1.03503452e-01 7.00567883e-03 8.95144528e+00 1.44340025e+01 2.33854478e-02 4.911376e-01 1.612477e+00 4.784724e+01 1.895186e+01 3.151769e-01 5.8958e-03 1.0306e-02 +4.8623e-06 0.04414 3.84978e-02 9.68586e-02 1.85951e-01 0.00000e+00
6.493752 6.82263894e-02 3.29816392e-02 1.01208029e-01 6.97845379e-03 8.71580948e+00 1.39083316e+01 2.26241411e-02 4.834147e-01 1.595759e+00 5.205822e+01 1.836199e+01 3.263680e-01 6.0009e-03 1.0023e-02 -2.6085e-06 0.04386 3.86423e-02 9.78625e-02 1.87695e-01 0.00000e+00
6.593656 6.69931365e-02 3.19274611e-02 9.89205976e-02 6.93948635e-03 8.50214511e+00 1.33971334e+01 2.18992785e-02 4.765781e-01 1.575736e+00 5.192668e+01 1.777086e+01 3.267413e-01 6.0524e-03 9.7912e-03 -2.9009e-06 0.04303 3.93913e-02 9.88796e-02 1.89670e-01 0.00000e+00
6.693560 6.57653751e-02 3.09338846e-02 9.66992597e-02 6.89086628e-03 8.30523113e+00 1.28874298e+01 2.11926609e-02 4.703673e-01 1.551724e+00 4.856392e+01 1.856731e+01 3.266575e-01 6.1279e-03 1.0134e-02 +2.0389e-06 0.04285 4.00690e-02 9.87964e-02 1.90403e-01 0.00000e+00
6.793464 6.45680319e-02 2.99775884e-02 9.45456203e-02 6.83451858e-03 8.11367440e+00 1.23698513e+01 2.04835257e-02 4.642791e-01 1.524568e+00 4.391732e+01 2.028871e+01 3.323198e-01 6.2389e-03 1.0644e-02 -6.1400e-07 0.04374 3.91289e-02 9.64837e-02 1.88175e-01 0.00000e+00
6.893367 6.34180532e-02 2.90890757e-02 9.25071289e-02 6.77465277e-03 7.91941209e+00 1.18852765e+01 1.98046886e-02 4.586876e-01 1.500778e+00 3.901901e+01 2.115070e+01 3.297442e-01 6.1608e-03 1.0205e-02 +1.3539e-06 0.04634 3.70722e-02 9.35000e-02 1.84934e-01 0.00000e+00
6.993271 6.22785565e-02 2.82400485e-02 9.05186051e-02 6.71776805e-03 7.72745420e+00 1.14612088e+01 1.91886630e-02 4.534474e-01 1.483180e+00 3.590368e+01 2.144634e+01 3.095666e-01 5.8213e-03 9.3677e-03 -1.6310e-06 0.04641 3.53747e-02 9.12635e-02 1.82121e-01 0.00000e+00
7.093175 6.11400372e-02 2.74402960e-02 8.85803332e-02 6.66912597e-03 7.54446813e+00 1.11157636e+01 1.86602318e-02 4.488106e-01 1.473366e+00 3.907879e+01 2.131382e+01 2.990449e-01 5.6074e-03 8.8148e-03 -1.2992e-06 0.04469 3.46839e-02 9.07803e-02 1.81831e-01 0.00000e+00
7.193079 5.99665382e-02 2.66836702e-02 8.66502084e-02 6.63048512e-03 7.37728078e+00 1.08048948e+01 1.81821756e-02 4.449760e-01 1.464618e+00 4.200726e+01 2.292173e+01 3.029037e-01 5.6932e-03 8.7049e-03 +5.1235e-06 0.04445 3.48716e-02 9.19365e-02 1.83416e-01 0.00000e+00
7.292983 5.89414798e-02 2.59348904e-02 8.48763702e-02 6.60155077e-03 7.22950832e+00 1.04708372e+01 1.77003456e-02 4.400108e-01 1.448347e+00 4.293263e+01 2.369210e+01 3.065501e-01 5.8750e-03 8.8555e-03 -2.6691e-06 0.04480 3.54666e-02 9.32955e-02 1.84354e-01 0.00000e+00
7.392887 5.78526370e-02 2.52341113e-02 8.30867483e-02 6.57978508e-03 7.10201836e+00 1.01435978e+01 1.72456161e-02 4.361791e-01 1.428270e+00 4.153777e+01 2.407432e+01 3.080214e-01 5.9383e-03 9.1004e-03 -2.5437e-06 0.04471 3.64843e-02 9.53207e-02 1.85172e-01 0.00000e+00
7.492791 5.67148990e-02 2.45839704e-02 8.12988693e-02 6.56175626e-03 6.98755082e+00 9.84517730e+00 1.68327281e-02 4.334658e-01 1.408960e+00 3.841731e+01 2.434074e+01 3.151674e-01 5.8134e-03 9.3960e-03 +4.5877e-06 0.04450 3.72316e-02 9.69384e-02 1.85326e-01 0.00000e+00
7.592695 5.56688520e-02 2.39534519e-02 7.96223039e-02 6.54643867e-03 6.87761365e+00 9.57686170e+00 1.64544753e-02 4.302846e-01 1.392469e+00 3.460520e+01 2.299099e+01 3.325664e-01 5.6390e-03 9.4032e-03 -9.8169e-07 0.04466 3.71247e-02 9.68952e-02 1.83750e-01 0.00000e+00
7.692598 5.45986503e-02 2.33741095e-02 7.79727597e-02 6.53493851e-03 6.76884193e+00 9.36442574e+00 1.61332677e-02 4.281078e-01 1.383461e+00 3.171421e+01 2.128172e+01 3.361122e-01 5.5357e-03 9.3558e-03 -7.2348e-07 0.04415 3.68827e-02 9.67181e-02 1.82416e-01 0.00000e+00
7.792502 5.34952402e-02 2.28366630e-02 7.63319031e-02 6.52801076e-03 6.66197130e+00 9.21181196e+00 1.58737833e-02 4.268915e-01 1.382746e+00 2.974263e+01 1.897767e+01 3.289306e-01 5.5080e-03 9.2322e-03 +9.9841e-07 0.04294 3.67056e-02 9.64801e-02 1.80899e-01 0.00000e+00
7.892406 5.23691938e-02 2.23343146e-02 7.47035084e-02 6.52599508e-03 6.55478277e+00 9.11455682e+00 1.56693396e-02 4.264781e-01 1.390520e+00 2.947007e+01 1.916440e+01 3.336122e-01 5.5660e-03 8.9558e-03 -3.6588e-07 0.04229 3.67010e-02 9.62037e-02 1.78992e-01 0.00000e+00
7.992310 5.12429319e-02 2.18679757e-02 7.31109076e-02 6.52844309e-03 6.44074978e+00 9.06955636e+00 1.55103061e-02 4.267511e-01 1.408152e+00 3.613137e+01 1.960583e+01 3.416360e-01 5.6694e-03 8.6604e-03 +3.3663e-06 0.04202 3.69899e-02 9.60837e-02 1.77314e-01 0.00000e+00
8.092214 5.01476348e-02 2.14138893e-02 7.15615241e-02 6.53387066e-03 6.31686318e+00 9.05648312e+00 1.53733463e-02 4.270169e-01 1.433699e+00 3.944307e+01 1.993681e+01 3.465875e-01 5.7892e-03 8.5828e-03 -2.0144e-06 0.04227 3.70454e-02 9.49564e-02 1.74741e-01 0.00000e+00
8.192118 4.90133274e-02 2.09839964e-02 6.99973238e-02 6.54023157e-03 6.18384285e+00 9.04139137e+00 1.52252342e-02 4.281284e-01 1.462099e+00 4.000525e+01 1.935845e+01 3.493939e-01 6.0299e-03 8.7846e-03 -1.7548e-06 0.04437 3.67212e-02 9.29531e-02 1.71495e-01 0.00000e+00
8.292022 4.78241168e-02 2.05732611e-02 6.83973780e-02 6.54562743e-03 6.04171613e+00 8.97894033e+00 1.50206565e-02 4.301859e-01 1.486157e+00 4.034462e+01 1.809322e+01 3.701370e-01 6.1767e-03 8.8971e-03 +5.2388e-06 0.04682 3.59405e-02 9.03101e-02 1.67635e-01 0.00000e+00
8.391926 4.67715353e-02 2.01554953e-02 6.69270306e-02 6.54983002e-03 5.89160511e+00 8.86168784e+00 1.47532929e-02 4.309351e-01 1.504121e+00 3.972961e+01 1.943436e+01 3.895872e-01 6.1387e-03 8.8299e-03 -1.9461e-06 0.04837 3.45415e-02 8.66621e-02 1.62395e-01 0.00000e+00
8.491829 4.56837182e-02 1.97518740e-02 6.54355922e-02 6.55300076e-03 5.73485306e+00 8.69712462e+00 1.44319777e-02 4.323613e-01 1.516538e+00 3.794081e+01 2.048403e+01 3.982600e-01 5.9722e-03 8.7027e-03 -1.9931e-06 0.04823 3.31935e-02 8.33799e-02 1.57912e-01 0.00000e+00
8.591733 4.45954241e-02 1.93577679e-02 6.39531920e-02 6.55455293e-03 5.57469441e+00 8.49240441e+00 1.40670988e-02 4.340752e-01 1.523385e+00 3.570454e+01 2.027596e+01 4.106849e-01 5.8043e-03 8.7202e-03 +3.2335e-06 0.04936 3.19634e-02 8.03702e-02 1.54132e-01 0.00000e+00
8.691637 4.35804716e-02 1.89535898e-02 6.25340614e-02 6.55365811e-03 5.41362675e+00 8.24689973e+00 1.36605265e-02 4.349102e-01 1.523360e+00 3.342399e+01 1.928896e+01 4.247470e-01 5.6908e-03 9.3387e-03 -5.6147e-07 0.04898 3.06571e-02 7.71352e-02 1.50296e-01 0.00000e+00
8.791541 4.26284278e-02 1.85498678e-02 6.11782957e-02 6.54930389e-03 5.25222704e+00 7.96875878e+00 1.32209858e-02 4.351525e-01 1.517215e+00 3.448529e+01 1.885148e+01 4.314486e-01 5.5498e-03 9.2675e-03 +9.2689e-07 0.04870 2.94965e-02 7.43155e-02 1.47218e-01 0.00000e+00
8.891445 4.17160004e-02 1.81406494e-02 5.98566498e-02 6.54062012e-03 5.09162682e+00 7.67647474e+00 1.27681016e-02 4.348607e-01 1.507666e+00 3.628100e+01 1.887925e+01 4.352572e-01 5.4148e-03 8.6835e-03 -3.2008e-07 0.04775 2.85413e-02 7.18994e-02 1.44494e-01 0.00000e+00
8.991349 4.08320986e-02 1.77319549e-02 5.85640534e-02 6.52754220e-03 4.93202648e+00 7.38363107e+00 1.23156576e-02 4.342651e-01 1.497079e+00 3.842451e+01 1.887242e+01 4.365511e-01 5.3406e-03 8.3047e-03 -9.0208e-07 0.04724 2.79232e-02 7.00577e-02 1.42324e-01 0.00000e+00
9.091253 3.99790334e-02 1.73270010e-02 5.73060344e-02 6.50969590e-03 4.77349530e+00 7.09743289e+00 1.18709282e-02 4.334022e-01 1.486842e+00 4.012931e+01 1.880058e+01 4.415060e-01 5.2683e-03 7.9396e-03 +4.3433e-06 0.04572 2.76565e-02 6.88058e-02 1.40930e-01 0.00000e+00
9.191157 3.92423845e-02 1.69166665e-02 5.61590510e-02 6.48710299e-03 4.61640314e+00 6.82540147e+00 1.14418046e-02 4.310815e-01 1.478511e+00 4.134440e+01 1.862020e+01 4.433990e-01 5.2081e-03 7.5747e-03 -2.1392e-06 0.04500 2.73342e-02 6.73746e-02 1.39030e-01 0.00000e+00
9.291060 3.84962352e-02 1.65161217e-02 5.50123569e-02 6.46037411e-03 4.46019658e+00 6.57132397e+00 1.10315206e-02 4.290321e-01 1.473326e+00 4.135924e+01 1.833572e+01 4.456824e-01 5.1768e-03 7.2779e-03 -2.0301e-06 0.04362 2.70215e-02 6.62340e-02 1.37595e-01 0.00000e+00
9.390964 3.77345033e-02 1.61263645e-02 5.38608678e-02 6.42999204e-03 4.30595827e+00 6.33022797e+00 1.06361862e-02 4.273639e-01 1.470109e+00 4.007023e+01 1.801219e+01 4.524558e-01 5.1506e-03 7.0722e-03 +4.5840e-06 0.04262 2.66971e-02 6.54164e-02 1.36706e-01 0.00000e+00
9.490868 3.70922045e-02 1.57346144e-02 5.28268189e-02 6.39654637e-03 4.15617574e+00 6.09618133e+00 1.02523571e-02 4.242027e-01 1.466777e+00 3.765400e+01 1.775630e+01 4.683925e-01 5.0991e-03 6.9540e-03 -1.3437e-06 0.04085 2.62338e-02 6.45084e-02 1.35493e-01 0.00000e+00
9.590772 3.64541343e-02 1.53561335e-02 5.18102678e-02 6.36026954e-03 4.01160231e+00 5.86753167e+00 9.87913398e-03 4.212453e-01 1.462640e+00 3.382284e+01 1.960430e+01 4.786538e-01 5.0103e-03 6.9811e-03 -9.6820e-07 0.03991 2.59423e-02 6.41287e-02 1.35191e-01 0.00000e+00
9.690676 3.58182949e-02 1.49919289e-02 5.08102238e-02 6.32111029e-03 3.87196720e+00 5.64473974e+00 9.51670694e-03 4.185551e-01 1.457848e+00 2.940659e+01 2.156747e+01 4.852703e-01 4.9157e-03 7.2086e-03 +1.8283e-06 0.03872 2.57893e-02 6.40825e-02 1.35455e-01 0.00000e+00
9.790580 3.52026472e-02 1.46399698e-02 4.98426170e-02 6.27961085e-03 3.73606504e+00 5.42262389e+00 9.15868893e-03 4.158770e-01 1.451427e+00 2.445622e+01 2.333958e+01 4.954413e-01 4.8431e-03 7.6007e-03 -5.5989e-07 0.03787 2.56879e-02 6.40859e-02 1.35806e-01 0.00000e+00
9.890484 3.46282331e-02 1.43082207e-02 4.89364538e-02 6.23614862e-03 3.60341910e+00 5.20401046e+00 8.80742956e-03 4.131952e-01 1.444187e+00 2.400462e+01 2.491008e+01 5.070740e-01 4.7793e-03 7.9982e-03 +2.4536e-06 0.03712 2.56811e-02 6.42719e-02 1.36561e-01 0.00000e+00
9.990388 3.40815623e-02 1.39933427e-02 4.80749050e-02 6.19117163e-03 3.47443124e+00 4.99107523e+00 8.46550647e-03 4.105840e-01 1.436516e+00 2.606284e+01 2.612602e+01 5.054322e-01 4.7108e-03 8.2727e-03 -1.1403e-06 0.03728 2.55281e-02 6.41408e-02 1.36800e-01 0.00000e+00
9.999917 3.40298073e-02 1.39643440e-02 4.79941514e-02 6.18682861e-03 3.46234777e+00 4.97138251e+00 8.43373028e-03 4.103562e-01 1.435841e+00 2.597131e+01 2.632845e+01 5.069260e-01 4.7034e-03 8.2892e-03 -1.7140e-06 0.03716 2.55039e-02 6.41103e-02 1.36795e-01 0.00000e+00
