# tg_mhd (CUDA FP64)  tgc_noslip_cond_n192_re250_drive0.4_bdrive0.4  N=192 L=192 Re=250 Pm=1 u0=0.05 nu_lat=1.215944e-02 eta_lat=1.215944e-02 tau_f=0.536478 tau_m=0.548638 dt=8.224065e-04 fw=profile
# t E_V E_M E_T H_C Omega_V Omega_M eps EM/EV OmM/OmV j_max w_max skew divb/j divb_wall/j mass_drift umax_lat fw1 fw2 fw4 tau_wall
0.000000 1.22415278e-01 1.25000000e-01 2.47415278e-01 6.47177664e-21 2.66941831e+01 1.49945900e+00 2.25549137e-01 1.021114e+00 5.617175e-02 3.463243e+00 9.118036e+01 4.948466e-19 2.8424e-15 6.1549e-15 +0.0000e+00 0.04998 9.38888e-01 9.44352e-01 9.55502e-01 1.77452e-01
0.250012 1.20606224e-01 1.52568786e-01 2.73175010e-01 -1.61280186e-04 4.17138266e+00 2.07595581e+00 4.99787077e-02 1.265016e+00 4.976661e-01 4.223578e+00 2.211818e+01 9.459582e-02 9.8694e-04 3.8800e-03 -7.5274e-06 0.05160 5.90412e-01 6.49301e-01 7.02375e-01 3.47168e-02
0.500023 1.27122600e-01 1.80669376e-01 3.07791976e-01 -2.92944908e-04 3.43682413e+00 2.86804451e+00 5.04389492e-02 1.421222e+00 8.345043e-01 5.309691e+00 1.806328e+01 1.721929e-01 1.1193e-03 4.6506e-03 -1.6053e-05 0.05359 3.98373e-01 4.90957e-01 5.74847e-01 2.60798e-02
0.750035 1.35908766e-01 2.05084594e-01 3.40993360e-01 -3.42119643e-05 3.59214209e+00 3.86340787e+00 5.96443997e-02 1.508987e+00 1.075516e+00 6.908337e+00 1.788538e+01 3.023632e-01 1.1787e-03 5.1672e-03 -1.6206e-05 0.05694 2.85056e-01 3.80233e-01 4.89814e-01 2.29085e-02
1.000046 1.46871871e-01 2.21989341e-01 3.68861211e-01 1.46978115e-03 4.23013803e+00 5.19029312e+00 7.53634492e-02 1.511449e+00 1.226980e+00 9.370604e+00 1.974518e+01 3.826695e-01 1.4417e-03 5.6753e-03 -7.5094e-06 0.05887 2.13126e-01 3.00942e-01 4.23606e-01 2.18456e-02
1.250058 1.59639613e-01 2.29125902e-01 3.88765515e-01 4.97478634e-03 5.27758590e+00 6.99033486e+00 9.81433661e-02 1.435270e+00 1.324533e+00 1.503820e+01 2.513471e+01 3.842553e-01 2.4773e-03 5.9939e-03 +5.6528e-07 0.05842 1.67593e-01 2.46585e-01 3.67779e-01 2.18673e-02
1.500069 1.70736306e-01 2.29202165e-01 3.99938472e-01 1.06373038e-02 6.19124719e+00 9.47407179e+00 1.25322552e-01 1.342434e+00 1.530236e+00 2.334755e+01 2.686710e+01 4.004386e-01 4.4847e-03 6.3711e-03 +8.9114e-07 0.06429 1.27195e-01 1.96557e-01 3.47578e-01 2.12681e-02
1.750081 1.77983130e-01 2.25454164e-01 4.03437294e-01 1.82325115e-02 6.69022497e+00 1.19639897e+01 1.49233718e-01 1.266716e+00 1.788279e+00 2.993584e+01 2.522115e+01 3.136116e-01 6.6847e-03 6.7207e-03 -8.0027e-06 0.07040 1.00573e-01 1.61855e-01 3.84804e-01 2.01604e-02
2.000092 1.84257522e-01 2.17820164e-01 4.02077686e-01 2.68548641e-02 7.13869375e+00 1.23227827e+01 1.55691812e-01 1.182151e+00 1.726196e+00 2.804994e+01 2.333335e+01 3.201567e-01 7.2790e-03 7.0323e-03 -1.8509e-05 0.06907 9.12098e-02 1.60307e-01 3.92055e-01 1.91529e-02
2.250104 1.91112436e-01 2.07914812e-01 3.99027248e-01 3.55812415e-02 7.74758776e+00 1.15936136e+01 1.54729611e-01 1.087919e+00 1.496416e+00 2.440024e+01 2.161625e+01 2.314201e-01 5.5193e-03 7.5060e-03 -2.5390e-05 0.07199 9.03904e-02 1.79734e-01 3.86564e-01 1.96517e-02
2.500116 1.96565140e-01 1.98555851e-01 3.95120990e-01 4.44011241e-02 8.35378416e+00 1.12452666e+01 1.56792406e-01 1.010127e+00 1.346128e+00 2.081167e+01 2.546920e+01 1.275744e-01 4.6012e-03 1.1306e-02 -2.7225e-05 0.07460 1.01592e-01 2.03143e-01 4.03338e-01 2.08895e-02
2.750127 1.99324984e-01 1.91370782e-01 3.90695766e-01 5.32075331e-02 8.94919584e+00 1.09191699e+01 1.58946926e-01 9.600943e-01 1.220129e+00 1.860791e+01 3.201911e+01 1.330482e-01 4.7117e-03 1.3111e-02 -2.8415e-05 0.07361 1.19266e-01 2.30437e-01 4.22166e-01 2.23798e-02
3.000139 2.00451735e-01 1.85783190e-01 3.86234924e-01 6.13819386e-02 9.48349317e+00 1.05787772e+01 1.60498163e-01 9.268226e-01 1.115494e+00 1.789064e+01 3.324326e+01 2.010620e-01 4.6989e-03 1.2655e-02 -3.0749e-05 0.07127 1.34459e-01 2.43058e-01 4.29788e-01 2.48037e-02
3.250150 2.01349572e-01 1.79928572e-01 3.81278144e-01 6.74460034e-02 9.96226022e+00 1.01638649e+01 1.61009001e-01 8.936129e-01 1.020237e+00 1.984090e+01 2.892190e+01 2.682648e-01 4.6873e-03 1.2162e-02 -3.3701e-05 0.06785 1.48673e-01 2.51187e-01 4.64464e-01 2.80482e-02
3.500162 2.01914449e-01 1.73089830e-01 3.75004278e-01 7.13842143e-02 1.05224440e+01 1.01567366e+01 1.65433445e-01 8.572434e-01 9.652450e-01 2.056197e+01 2.873808e+01 3.403209e-01 4.9730e-03 1.2488e-02 -3.5121e-05 0.06389 1.65647e-01 2.85190e-01 4.91900e-01 3.15425e-02
3.750173 2.01494650e-01 1.64329761e-01 3.65824411e-01 7.49751363e-02 1.12348476e+01 1.02443983e+01 1.71833967e-01 8.155540e-01 9.118413e-01 2.270211e+01 3.612681e+01 3.762771e-01 5.0623e-03 1.5105e-02 -3.5060e-05 0.07158 1.97318e-01 3.19343e-01 5.14380e-01 3.41032e-02
4.000185 2.01232375e-01 1.53191964e-01 3.54424339e-01 7.93621566e-02 1.14546877e+01 1.00155548e+01 1.71761940e-01 7.612690e-01 8.743630e-01 1.977409e+01 3.483250e+01 3.507567e-01 5.4587e-03 1.4110e-02 -3.3652e-05 0.07578 2.05787e-01 3.27402e-01 5.23157e-01 3.53276e-02
4.250197 2.01187820e-01 1.41666232e-01 3.42854052e-01 8.40788116e-02 1.12316804e+01 9.50294364e+00 1.65876992e-01 7.041491e-01 8.460839e-01 1.865275e+01 3.093763e+01 3.523356e-01 5.0719e-03 1.4037e-02 -3.2838e-05 0.07802 2.01549e-01 3.28098e-01 5.29987e-01 3.48533e-02
4.500208 1.99605188e-01 1.32897576e-01 3.32502764e-01 8.90891155e-02 1.06292130e+01 9.05299868e+00 1.57457693e-01 6.658022e-01 8.517092e-01 1.611601e+01 3.277739e+01 3.250338e-01 5.1903e-03 1.4192e-02 -3.3909e-05 0.08317 1.91779e-01 3.17652e-01 5.28255e-01 3.28740e-02
4.750220 1.97098568e-01 1.26935516e-01 3.24034083e-01 9.45762894e-02 9.95357913e+00 8.62615842e+00 1.48637900e-01 6.440205e-01 8.666389e-01 1.805336e+01 3.311703e+01 2.891450e-01 5.5565e-03 1.3937e-02 -3.6714e-05 0.08364 1.79555e-01 3.05762e-01 5.18711e-01 3.07114e-02
5.000231 1.94717286e-01 1.23407208e-01 3.18124494e-01 9.98410003e-02 9.29700304e+00 8.39152605e+00 1.41508233e-01 6.337763e-01 9.026055e-01 1.760855e+01 3.203064e+01 2.332440e-01 5.2718e-03 1.3954e-02 -3.9686e-05 0.08082 1.71064e-01 2.99578e-01 5.10438e-01 2.81292e-02
5.250243 1.92808950e-01 1.22857493e-01 3.15666444e-01 1.04249652e-01 8.68041079e+00 8.25763217e+00 1.35504344e-01 6.371981e-01 9.512951e-01 1.321794e+01 2.399272e+01 2.446934e-01 5.1395e-03 1.3845e-02 -4.2020e-05 0.08190 1.56354e-01 2.86407e-01 4.93712e-01 2.50289e-02
5.500254 1.91790260e-01 1.25565160e-01 3.17355420e-01 1.08180593e-01 8.26998226e+00 8.01914402e+00 1.30313010e-01 6.547004e-01 9.696688e-01 1.333739e+01 2.028720e+01 3.147671e-01 5.2087e-03 1.2903e-02 -4.3333e-05 0.08276 1.41529e-01 2.71997e-01 4.70434e-01 2.27219e-02
5.750266 1.90952377e-01 1.31754267e-01 3.22706644e-01 1.11513171e-01 8.05341322e+00 7.75712891e+00 1.26484337e-01 6.899850e-01 9.632101e-01 1.331301e+01 1.928232e+01 2.892565e-01 5.1599e-03 1.2101e-02 -4.3727e-05 0.08125 1.40713e-01 2.65250e-01 4.53826e-01 2.23452e-02
6.000277 1.88693231e-01 1.41820353e-01 3.30513584e-01 1.14294370e-01 7.83687761e+00 7.51913388e+00 1.22848092e-01 7.515922e-01 9.594553e-01 1.261506e+01 1.743731e+01 1.946751e-01 4.6846e-03 1.2267e-02 -4.4029e-05 0.07971 1.52854e-01 2.65114e-01 4.46170e-01 2.42203e-02
6.250289 1.85271597e-01 1.54254546e-01 3.39526143e-01 1.16479736e-01 7.58157619e+00 7.39382222e+00 1.19803187e-01 8.325860e-01 9.752355e-01 1.590629e+01 2.072591e+01 2.143459e-01 4.3298e-03 1.2195e-02 -4.4925e-05 0.08032 1.70951e-01 2.67105e-01 4.42328e-01 2.67571e-02
6.500301 1.81773467e-01 1.66049398e-01 3.47822864e-01 1.18417455e-01 7.62674655e+00 7.62985184e+00 1.22052787e-01 9.134963e-01 1.000407e+00 2.290444e+01 2.686155e+01 3.029658e-01 4.4850e-03 1.2946e-02 -4.6506e-05 0.07778 1.88098e-01 2.87013e-01 4.55931e-01 2.89512e-02
6.750312 1.80017569e-01 1.73477408e-01 3.53494977e-01 1.20620665e-01 7.85152022e+00 8.03391260e+00 1.27083463e-01 9.636693e-01 1.023230e+00 2.568162e+01 3.599086e+01 3.361450e-01 4.5613e-03 1.6229e-02 -4.9664e-05 0.07182 2.12222e-01 3.22641e-01 4.67008e-01 2.98581e-02
7.000324 1.81484685e-01 1.74225264e-01 3.55709950e-01 1.23648777e-01 8.05351640e+00 8.29849467e+00 1.30816089e-01 9.599998e-01 1.030419e+00 2.426806e+01 3.213658e+01 2.782333e-01 4.1696e-03 1.4345e-02 -5.2206e-05 0.06515 2.25076e-01 3.32034e-01 4.64760e-01 2.97108e-02
7.250335 1.85295813e-01 1.68687199e-01 3.53983012e-01 1.27499283e-01 8.37702482e+00 8.47377180e+00 1.34806373e-01 9.103670e-01 1.011549e+00 2.198945e+01 3.265049e+01 2.762739e-01 3.8293e-03 1.2525e-02 -5.4735e-05 0.06773 2.27909e-01 3.34594e-01 4.61195e-01 2.97973e-02
7.500347 1.89137526e-01 1.58487035e-01 3.47624561e-01 1.31523804e-01 8.97620492e+00 8.42218945e+00 1.39187155e-01 8.379460e-01 9.382795e-01 2.030495e+01 3.361266e+01 3.430543e-01 3.5885e-03 1.1916e-02 -5.8235e-05 0.06886 2.37993e-01 3.47461e-01 4.77929e-01 3.06355e-02
7.750358 1.89854842e-01 1.46995342e-01 3.36850184e-01 1.33897261e-01 9.62607063e+00 7.97462061e+00 1.40805530e-01 7.742512e-01 8.284399e-01 1.899388e+01 3.552249e+01 3.889660e-01 3.8924e-03 1.1987e-02 -6.2282e-05 0.07021 2.46288e-01 3.56742e-01 5.08035e-01 3.16298e-02
8.000370 1.86451923e-01 1.36920790e-01 3.23372713e-01 1.33539737e-01 9.66662524e+00 7.75183143e+00 1.39347653e-01 7.343490e-01 8.019170e-01 1.762809e+01 3.935742e+01 3.227517e-01 4.3569e-03 1.2735e-02 -6.6842e-05 0.06833 2.34674e-01 3.48267e-01 5.21022e-01 3.09168e-02
8.250382 1.80872948e-01 1.28681104e-01 3.09554053e-01 1.32720622e-01 9.24796142e+00 7.48231473e+00 1.33842209e-01 7.114447e-01 8.090772e-01 1.352446e+01 4.051591e+01 2.865792e-01 4.9908e-03 1.3275e-02 -7.1246e-05 0.06643 2.18311e-01 3.28743e-01 5.01460e-01 2.91717e-02
8.500393 1.74473019e-01 1.23514230e-01 2.97987249e-01 1.33222254e-01 8.67534704e+00 7.05270931e+00 1.25824451e-01 7.079274e-01 8.129599e-01 1.279974e+01 3.661663e+01 3.385704e-01 5.0517e-03 1.3006e-02 -7.4592e-05 0.06513 2.01123e-01 3.05092e-01 4.72858e-01 2.71015e-02
8.750405 1.68048620e-01 1.21764660e-01 2.89813280e-01 1.35039692e-01 8.03031184e+00 7.01499675e+00 1.20362469e-01 7.245799e-01 8.735647e-01 1.191916e+01 3.042547e+01 3.732790e-01 4.5955e-03 1.2098e-02 -7.7088e-05 0.06404 1.84550e-01 2.85861e-01 4.46026e-01 2.48248e-02
9.000416 1.62964628e-01 1.22000918e-01 2.84965547e-01 1.37633901e-01 7.55241222e+00 7.14628816e+00 1.17589603e-01 7.486343e-01 9.462259e-01 1.160608e+01 2.570930e+01 3.012378e-01 4.3032e-03 1.0805e-02 -7.8676e-05 0.06540 1.72702e-01 2.73414e-01 4.23222e-01 2.32038e-02
9.250428 1.59810931e-01 1.23745088e-01 2.83556019e-01 1.40643211e-01 7.23550456e+00 7.11483114e+00 1.14802686e-01 7.743218e-01 9.833220e-01 1.312118e+01 2.314301e+01 2.072114e-01 4.2184e-03 1.0378e-02 -7.9072e-05 0.06585 1.67383e-01 2.67465e-01 4.08045e-01 2.29385e-02
9.500439 1.58753143e-01 1.27357347e-01 2.86110491e-01 1.44296275e-01 6.99195367e+00 6.84528278e+00 1.10697892e-01 8.022351e-01 9.790229e-01 1.265386e+01 2.019273e+01 1.996057e-01 4.1720e-03 1.1013e-02 -7.8377e-05 0.06375 1.66249e-01 2.65078e-01 4.01113e-01 2.28863e-02
9.750451 1.59498270e-01 1.33157053e-01 2.92655323e-01 1.49177920e-01 6.80771904e+00 6.49572126e+00 1.06427522e-01 8.348495e-01 9.541700e-01 1.121834e+01 1.698730e+01 2.245180e-01 3.8505e-03 1.1877e-02 -7.7007e-05 0.06063 1.67539e-01 2.63725e-01 3.98916e-01 2.31815e-02
10.000462 1.61977783e-01 1.40308151e-01 3.02285934e-01 1.55276343e-01 6.73229678e+00 6.21270215e+00 1.03559991e-01 8.662185e-01 9.228206e-01 1.014612e+01 1.674796e+01 2.009142e-01 3.5275e-03 1.2509e-02 -7.5489e-05 0.06142 1.69588e-01 2.62222e-01 3.98262e-01 2.40692e-02
10.250474 1.65837953e-01 1.47859158e-01 3.13697111e-01 1.61611818e-01 6.81131708e+00 6.04741119e+00 1.02869826e-01 8.915882e-01 8.878476e-01 1.083605e+01 1.824144e+01 1.340467e-01 3.4815e-03 1.2530e-02 -7.4252e-05 0.06383 1.72416e-01 2.62368e-01 3.98170e-01 2.54167e-02
10.500486 1.70264875e-01 1.55049585e-01 3.25314459e-01 1.66710917e-01 7.12865090e+00 6.11619150e+00 1.05958739e-01 9.106375e-01 8.579732e-01 9.640632e+00 1.991042e+01 6.361605e-02 3.6304e-03 1.2545e-02 -7.3543e-05 0.06746 1.79217e-01 2.60004e-01 4.00965e-01 2.70054e-02
10.750497 1.74512676e-01 1.60650828e-01 3.35163504e-01 1.69563770e-01 7.61402029e+00 6.31087931e+00 1.11399197e-01 9.205682e-01 8.288498e-01 1.196590e+01 2.388958e+01 5.610818e-02 3.8423e-03 1.2317e-02 -7.3732e-05 0.07050 1.88705e-01 2.66544e-01 4.04132e-01 2.87108e-02
11.000509 1.78055906e-01 1.63774977e-01 3.41830884e-01 1.70292823e-01 7.94969459e+00 6.62874116e+00 1.16627486e-01 9.197953e-01 8.338360e-01 1.349563e+01 2.841473e+01 8.399534e-02 3.9581e-03 1.1948e-02 -7.5290e-05 0.07344 1.89421e-01 2.76662e-01 4.09750e-01 2.93537e-02
11.250520 1.81022810e-01 1.63415487e-01 3.44438296e-01 1.69063766e-01 8.13048167e+00 7.11737240e+00 1.21982833e-01 9.027342e-01 8.753937e-01 1.494122e+01 2.620267e+01 1.472909e-01 3.9889e-03 1.2793e-02 -7.7194e-05 0.07604 1.91009e-01 2.89193e-01 4.24377e-01 2.89979e-02
11.500532 1.83224879e-01 1.59329217e-01 3.42554097e-01 1.65656961e-01 8.32262402e+00 7.65924691e+00 1.27854967e-01 8.695829e-01 9.202923e-01 1.587896e+01 2.405904e+01 1.960617e-01 3.8973e-03 1.1363e-02 -7.8586e-05 0.07695 1.92955e-01 3.03818e-01 4.44451e-01 2.87025e-02
11.750543 1.83834850e-01 1.52599738e-01 3.36434588e-01 1.60237790e-01 8.50256660e+00 8.25666994e+00 1.34073892e-01 8.300915e-01 9.710797e-01 1.602715e+01 2.206772e+01 2.507269e-01 3.6258e-03 9.8607e-03 -7.9754e-05 0.07552 1.93427e-01 3.19521e-01 4.67015e-01 2.86106e-02
12.000555 1.82049248e-01 1.44665085e-01 3.26714333e-01 1.53546272e-01 8.60323398e+00 8.75523188e+00 1.38867727e-01 7.946481e-01 1.017668e+00 1.839253e+01 2.013999e+01 3.270735e-01 3.6467e-03 9.7741e-03 -8.0824e-05 0.07245 1.98536e-01 3.34484e-01 4.88985e-01 2.85340e-02
12.250567 1.77618801e-01 1.37357377e-01 3.14976178e-01 1.46892239e-01 8.55823965e+00 8.79660352e+00 1.38838745e-01 7.733268e-01 1.027852e+00 1.968235e+01 1.949401e+01 3.372794e-01 3.7915e-03 9.8847e-03 -8.1715e-05 0.06896 2.09727e-01 3.37148e-01 5.01924e-01 2.81935e-02
12.500578 1.71102074e-01 1.32456853e-01 3.03558927e-01 1.41491318e-01 8.35295056e+00 8.44803211e+00 1.34407861e-01 7.741394e-01 1.011383e+00 1.801484e+01 1.998691e+01 3.168734e-01 3.9090e-03 9.3010e-03 -8.3229e-05 0.06517 2.08877e-01 3.21888e-01 4.98276e-01 2.72055e-02
12.750590 1.63930568e-01 1.30385190e-01 2.94315757e-01 1.37683075e-01 8.08145049e+00 7.96807984e+00 1.28396243e-01 7.953684e-01 9.859715e-01 1.998451e+01 2.175099e+01 2.886611e-01 4.1822e-03 8.5159e-03 -8.6123e-05 0.06583 1.97593e-01 3.01516e-01 4.87979e-01 2.52674e-02
13.000601 1.57814461e-01 1.30081984e-01 2.87896445e-01 1.35270937e-01 7.93652262e+00 7.51512938e+00 1.23613216e-01 8.242716e-01 9.469045e-01 2.183861e+01 2.601256e+01 2.660855e-01 4.8213e-03 8.1518e-03 -8.9475e-05 0.07020 1.90331e-01 2.90879e-01 4.79105e-01 2.35891e-02
13.250613 1.53659288e-01 1.30604233e-01 2.84263522e-01 1.33988058e-01 7.90453286e+00 7.13345987e+00 1.20303942e-01 8.499599e-01 9.024518e-01 1.978301e+01 2.960686e+01 2.906896e-01 4.3782e-03 7.8916e-03 -9.1957e-05 0.07507 1.91001e-01 2.90871e-01 4.72333e-01 2.33282e-02
13.500624 1.51246379e-01 1.32346678e-01 2.83593057e-01 1.33721519e-01 7.82800249e+00 6.83998828e+00 1.17343926e-01 8.750403e-01 8.737846e-01 1.609643e+01 3.206463e+01 3.063197e-01 3.9616e-03 7.8450e-03 -9.2975e-05 0.07869 1.95890e-01 2.91778e-01 4.66100e-01 2.39071e-02
13.750636 1.49930428e-01 1.36368142e-01 2.86298570e-01 1.34421344e-01 7.62362384e+00 6.67030541e+00 1.14351434e-01 9.095428e-01 8.749521e-01 1.374565e+01 3.312317e+01 2.232799e-01 4.0404e-03 8.4540e-03 -9.2895e-05 0.07864 1.95762e-01 2.87981e-01 4.57323e-01 2.43713e-02
14.000647 1.49491203e-01 1.42926408e-01 2.92417611e-01 1.35857067e-01 7.40861220e+00 6.58338421e+00 1.11935971e-01 9.560857e-01 8.886123e-01 1.221986e+01 3.248054e+01 1.240327e-01 3.6982e-03 9.0163e-03 -9.2538e-05 0.07442 1.88336e-01 2.79961e-01 4.45804e-01 2.42788e-02
14.250659 1.50084980e-01 1.51493535e-01 3.01578515e-01 1.37918774e-01 7.21649884e+00 6.55849362e+00 1.10199940e-01 1.009385e+00 9.088193e-01 1.235362e+01 2.917234e+01 1.216270e-01 3.7077e-03 1.0091e-02 -9.2239e-05 0.06903 1.75652e-01 2.65294e-01 4.26202e-01 2.38427e-02
14.500671 1.52739079e-01 1.60314969e-01 3.13054047e-01 1.40489260e-01 7.07004050e+00 6.69520789e+00 1.10121987e-01 1.049600e+00 9.469830e-01 1.078052e+01 2.379193e+01 1.430634e-01 3.6610e-03 1.1290e-02 -9.1788e-05 0.06793 1.60244e-01 2.43909e-01 3.97467e-01 2.35459e-02
14.750682 1.58563720e-01 1.66789995e-01 3.25353715e-01 1.43082610e-01 7.16954764e+00 7.00404697e+00 1.13388757e-01 1.051880e+00 9.769162e-01 1.138101e+01 2.005284e+01 1.261233e-01 3.5453e-03 1.2496e-02 -9.0956e-05 0.06638 1.48362e-01 2.23939e-01 3.68981e-01 2.38851e-02
15.000694 1.66187545e-01 1.70229766e-01 3.36417311e-01 1.44876358e-01 7.59549134e+00 7.26421295e+00 1.18877634e-01 1.024323e+00 9.563849e-01 1.250510e+01 1.901170e+01 1.050388e-01 3.7879e-03 1.3300e-02 -8.9815e-05 0.06764 1.46344e-01 2.15211e-01 3.56811e-01 2.53146e-02
15.250705 1.72017413e-01 1.72413848e-01 3.44431261e-01 1.44885956e-01 8.18131307e+00 7.41293732e+00 1.24754003e-01 1.002305e+00 9.060816e-01 1.439130e+01 1.828850e+01 1.229250e-01 4.1626e-03 1.4258e-02 -8.8729e-05 0.06694 1.53464e-01 2.22192e-01 3.61873e-01 2.73687e-02
15.500717 1.73363032e-01 1.74642157e-01 3.48005189e-01 1.42132397e-01 8.68552167e+00 7.60859044e+00 1.30352897e-01 1.007378e+00 8.760085e-01 1.415999e+01 2.019432e+01 1.706476e-01 4.4965e-03 1.5890e-02 -8.8375e-05 0.06415 1.65053e-01 2.33609e-01 3.81038e-01 2.90861e-02
15.750728 1.69699256e-01 1.76332346e-01 3.46031602e-01 1.36035278e-01 8.87716368e+00 7.96428355e+00 1.34731578e-01 1.039087e+00 8.971653e-01 1.378376e+01 2.263729e+01 2.332638e-01 4.0582e-03 1.6410e-02 -8.9344e-05 0.06000 1.71059e-01 2.38670e-01 4.05935e-01 2.98314e-02
16.000740 1.62205794e-01 1.76776191e-01 3.38981985e-01 1.26844396e-01 8.66920720e+00 8.59731525e+00 1.38132180e-01 1.089827e+00 9.917072e-01 1.439809e+01 2.856521e+01 3.030898e-01 3.6607e-03 1.4201e-02 -9.2391e-05 0.05782 1.70407e-01 2.55787e-01 4.39468e-01 2.90157e-02
16.250752 1.53506895e-01 1.75538954e-01 3.29045849e-01 1.16330922e-01 7.98773129e+00 9.46235296e+00 1.39600674e-01 1.143525e+00 1.184611e+00 1.769414e+01 3.311153e+01 3.314804e-01 3.9499e-03 1.4289e-02 -9.8264e-05 0.05764 1.58204e-01 2.64949e-01 4.63158e-01 2.63540e-02
16.500763 1.46807145e-01 1.71782188e-01 3.18589333e-01 1.05777731e-01 7.41925721e+00 9.82219330e+00 1.37931604e-01 1.170121e+00 1.323878e+00 1.598190e+01 2.987870e+01 3.094524e-01 4.3686e-03 1.5516e-02 -1.0266e-04 0.05760 1.46873e-01 2.60780e-01 4.84813e-01 2.39749e-02
16.750775 1.43659509e-01 1.65794179e-01 3.09453688e-01 9.61434145e-02 7.19004471e+00 9.64599923e+00 1.34688352e-01 1.154077e+00 1.341577e+00 1.553409e+01 2.573184e+01 2.082211e-01 4.2899e-03 1.4535e-02 -1.0417e-04 0.05737 1.38542e-01 2.55381e-01 4.98483e-01 2.34334e-02
17.000786 1.44795823e-01 1.57991932e-01 3.02787756e-01 8.85649242e-02 7.19573510e+00 9.14118539e+00 1.30695364e-01 1.091136e+00 1.270362e+00 1.453330e+01 2.289613e+01 1.182503e-01 4.1946e-03 1.3226e-02 -1.0417e-04 0.05734 1.39125e-01 2.63784e-01 5.01990e-01 2.36776e-02
17.250798 1.49148457e-01 1.50011532e-01 2.99159989e-01 8.37123922e-02 7.20860750e+00 8.62226112e+00 1.26646949e-01 1.005787e+00 1.196106e+00 1.482108e+01 2.117024e+01 1.452583e-01 4.1211e-03 1.3426e-02 -1.0334e-04 0.05757 1.48387e-01 2.80550e-01 5.00690e-01 2.38546e-02
17.500809 1.54525195e-01 1.44263775e-01 2.98788970e-01 8.13762526e-02 7.18645309e+00 8.19521418e+00 1.23053338e-01 9.335939e-01 1.140370e+00 1.485671e+01 2.100308e+01 2.636302e-01 4.0985e-03 1.3492e-02 -1.0213e-04 0.06541 1.56842e-01 2.91856e-01 5.02203e-01 2.35860e-02
17.750821 1.59687859e-01 1.41571847e-01 3.01259705e-01 8.11350936e-02 7.26732484e+00 7.91792496e+00 1.21481998e-01 8.865536e-01 1.089524e+00 1.470150e+01 2.338891e+01 3.110754e-01 4.0163e-03 1.3570e-02 -1.0110e-04 0.06994 1.55088e-01 2.89076e-01 5.02793e-01 2.27125e-02
18.000832 1.64224893e-01 1.41192984e-01 3.05417876e-01 8.25883528e-02 7.43877181e+00 7.82463526e+00 1.22107257e-01 8.597538e-01 1.051872e+00 1.403850e+01 2.284388e+01 2.293005e-01 4.2713e-03 1.4607e-02 -1.0048e-04 0.07111 1.47154e-01 2.79221e-01 4.95416e-01 2.19517e-02
18.250844 1.68803369e-01 1.41146354e-01 3.09949724e-01 8.50153009e-02 7.71490471e+00 7.69442435e+00 1.23274632e-01 8.361584e-01 9.973454e-01 1.338749e+01 2.028129e+01 1.336813e-01 4.7411e-03 1.6005e-02 -1.0002e-04 0.06742 1.41355e-01 2.64530e-01 4.74029e-01 2.20653e-02
18.500856 1.74066170e-01 1.40003647e-01 3.14069817e-01 8.77245399e-02 8.11479089e+00 7.33177208e+00 1.23572504e-01 8.043128e-01 9.035072e-01 2.202235e+01 1.738510e+01 1.033345e-01 5.5700e-03 1.6769e-02 -9.9451e-05 0.06631 1.42539e-01 2.54963e-01 4.51324e-01 2.36911e-02
18.750867 1.78973035e-01 1.37905297e-01 3.16878332e-01 9.00865091e-02 8.63266523e+00 7.13937027e+00 1.26176284e-01 7.705367e-01 8.270181e-01 2.523360e+01 2.209105e+01 1.675585e-01 6.2647e-03 1.6165e-02 -9.9009e-05 0.06688 1.50632e-01 2.56291e-01 4.39819e-01 2.58326e-02
19.000879 1.82013286e-01 1.35210645e-01 3.17223931e-01 9.19711698e-02 9.00991424e+00 7.01472524e+00 1.28197116e-01 7.428614e-01 7.785563e-01 2.053886e+01 2.423354e+01 2.305687e-01 6.2816e-03 1.4556e-02 -9.8966e-05 0.06586 1.58026e-01 2.57479e-01 4.38040e-01 2.71180e-02
19.250890 1.83315564e-01 1.31886114e-01 3.15201679e-01 9.44624587e-02 9.06662580e+00 6.88157230e+00 1.27585585e-01 7.194485e-01 7.590004e-01 1.438228e+01 2.380013e+01 2.858814e-01 5.4576e-03 1.3850e-02 -9.9546e-05 0.06335 1.59892e-01 2.59584e-01 4.50005e-01 2.72312e-02
19.500902 1.83521839e-01 1.27488880e-01 3.11010719e-01 9.91023101e-02 9.07343243e+00 6.75742804e+00 1.26646884e-01 6.946796e-01 7.447488e-01 1.631016e+01 3.221673e+01 2.944906e-01 4.7613e-03 1.4740e-02 -1.0091e-04 0.05881 1.71805e-01 2.78232e-01 4.80592e-01 2.83183e-02
19.750913 1.82566311e-01 1.22469453e-01 3.05035765e-01 1.05973801e-01 8.87341660e+00 6.95361276e+00 1.26616235e-01 6.708218e-01 7.836455e-01 1.544811e+01 3.365977e+01 2.366818e-01 4.3688e-03 1.4481e-02 -1.0331e-04 0.06524 1.82256e-01 3.04727e-01 5.07972e-01 2.89058e-02
20.000925 1.80796167e-01 1.17178809e-01 2.97974976e-01 1.13805924e-01 8.56732386e+00 7.38164494e+00 1.27591750e-01 6.481266e-01 8.616045e-01 1.814712e+01 2.897320e+01 1.902536e-01 4.7393e-03 1.4156e-02 -1.0502e-04 0.06961 1.86567e-01 3.25875e-01 5.21077e-01 2.87249e-02
20.250937 1.78293682e-01 1.12971684e-01 2.91265366e-01 1.20945638e-01 8.13262406e+00 7.59604601e+00 1.25829361e-01 6.336270e-01 9.340215e-01 1.735937e+01 2.436583e+01 1.945219e-01 4.9745e-03 1.3532e-02 -1.0532e-04 0.06838 1.87600e-01 3.29624e-01 5.14700e-01 2.75976e-02
20.500948 1.75349219e-01 1.11641203e-01 2.86990423e-01 1.26040722e-01 7.53296977e+00 7.43126462e+00 1.19713875e-01 6.366792e-01 9.864987e-01 1.720156e+01 2.018461e+01 2.698380e-01 4.8416e-03 1.1741e-02 -1.0490e-04 0.06519 1.79958e-01 3.10066e-01 4.91244e-01 2.50297e-02
20.750960 1.73122229e-01 1.13501782e-01 2.86624011e-01 1.28915047e-01 6.98045478e+00 7.03710016e+00 1.12140440e-01 6.556165e-01 1.008115e+00 1.364421e+01 1.903197e+01 3.151374e-01 4.4267e-03 1.1256e-02 -1.0472e-04 0.06955 1.60299e-01 2.73693e-01 4.62094e-01 2.19140e-02
21.000971 1.72211787e-01 1.18184731e-01 2.90396518e-01 1.30246734e-01 6.65636508e+00 6.67175025e+00 1.06624923e-01 6.862755e-01 1.002311e+00 1.230624e+01 1.733197e+01 3.220759e-01 3.9951e-03 1.1178e-02 -1.0504e-04 0.07327 1.39244e-01 2.44449e-01 4.39890e-01 1.99624e-02
21.250983 1.73104203e-01 1.24665307e-01 2.97769510e-01 1.31037715e-01 6.50836786e+00 6.46724387e+00 1.03804894e-01 7.201749e-01 9.936814e-01 1.086937e+01 1.743092e+01 3.501098e-01 3.9234e-03 1.1350e-02 -1.0529e-04 0.07355 1.32604e-01 2.37486e-01 4.31485e-01 1.95744e-02
21.500994 1.75985775e-01 1.31678187e-01 3.07663962e-01 1.32094313e-01 6.55421886e+00 6.42905646e+00 1.03866203e-01 7.482320e-01 9.809035e-01 9.364714e+00 1.731885e+01 3.160244e-01 3.8649e-03 1.1754e-02 -1.0506e-04 0.07084 1.42454e-01 2.52918e-01 4.34896e-01 2.08869e-02
21.751006 1.78813564e-01 1.39589744e-01 3.18403308e-01 1.33614675e-01 6.67702377e+00 6.60778175e+00 1.06278444e-01 7.806440e-01 9.896298e-01 1.174157e+01 2.165732e+01 2.225311e-01 3.6942e-03 1.2586e-02 -1.0453e-04 0.06876 1.61191e-01 2.72891e-01 4.42434e-01 2.32440e-02
22.001017 1.81375454e-01 1.47279974e-01 3.28655428e-01 1.35641908e-01 6.73390613e+00 6.80523888e+00 1.08313160e-01 8.120171e-01 1.010593e+00 1.151193e+01 2.158600e+01 1.551727e-01 3.8559e-03 1.2931e-02 -1.0390e-04 0.06782 1.74258e-01 2.79954e-01 4.41399e-01 2.53555e-02
22.251029 1.85695727e-01 1.52597149e-01 3.38292876e-01 1.38774412e-01 6.88612126e+00 6.80358634e+00 1.09517661e-01 8.217591e-01 9.880143e-01 1.083170e+01 1.951940e+01 9.209285e-02 3.9052e-03 1.2398e-02 -1.0362e-04 0.06820 1.83880e-01 2.78049e-01 4.23635e-01 2.72637e-02
22.501041 1.92176841e-01 1.54601228e-01 3.46778070e-01 1.43302310e-01 7.43712309e+00 6.83514670e+00 1.14178158e-01 8.044738e-01 9.190579e-01 1.210475e+01 2.306327e+01 7.195051e-02 3.6043e-03 1.2743e-02 -1.0391e-04 0.07060 1.95240e-01 2.77427e-01 4.15337e-01 2.93063e-02
22.751052 1.97940979e-01 1.54416894e-01 3.52357873e-01 1.49051097e-01 8.28059780e+00 6.99503952e+00 1.22205099e-01 7.801158e-01 8.447505e-01 1.458951e+01 2.644689e+01 1.149032e-01 3.3109e-03 1.3217e-02 -1.0433e-04 0.07003 2.11291e-01 2.84881e-01 4.23595e-01 3.13740e-02
23.001064 2.00226282e-01 1.53247292e-01 3.53473575e-01 1.54743574e-01 9.26150185e+00 7.04520124e+00 1.30453625e-01 7.653705e-01 7.606975e-01 1.459526e+01 2.832112e+01 1.916533e-01 3.0476e-03 1.3007e-02 -1.0526e-04 0.07086 2.24366e-01 2.97952e-01 4.47052e-01 3.31197e-02
23.251075 1.97264232e-01 1.52317897e-01 3.49582129e-01 1.58336354e-01 9.83322764e+00 7.19388857e+00 1.36216930e-01 7.721516e-01 7.315898e-01 1.302350e+01 3.236394e+01 2.508950e-01 3.3192e-03 1.3719e-02 -1.0738e-04 0.07276 2.23880e-01 3.07861e-01 4.65657e-01 3.33478e-02
23.501087 1.90988921e-01 1.51978392e-01 3.42967314e-01 1.60014212e-01 9.55748878e+00 7.36918102e+00 1.35413358e-01 7.957445e-01 7.710374e-01 1.176213e+01 3.377051e+01 2.680837e-01 3.6382e-03 1.4732e-02 -1.1054e-04 0.07188 2.06238e-01 2.95906e-01 4.57692e-01 3.14065e-02
23.751098 1.84900899e-01 1.51936539e-01 3.36837438e-01 1.60962743e-01 8.90407869e+00 7.47395656e+00 1.31024282e-01 8.217188e-01 8.393857e-01 1.216254e+01 2.892352e+01 2.238557e-01 3.9506e-03 1.4067e-02 -1.1307e-04 0.07407 1.83634e-01 2.74028e-01 4.37169e-01 2.87486e-02
24.001110 1.80496673e-01 1.51950312e-01 3.32446985e-01 1.61222985e-01 8.29664945e+00 7.60493629e+00 1.27212686e-01 8.418455e-01 9.166274e-01 1.326710e+01 2.386086e+01 2.115846e-01 4.1466e-03 1.1460e-02 -1.1431e-04 0.07460 1.69508e-01 2.64257e-01 4.21084e-01 2.66683e-02
24.251122 1.78079224e-01 1.51630211e-01 3.29709436e-01 1.60890763e-01 7.90511215e+00 7.67662601e+00 1.24653905e-01 8.514761e-01 9.710964e-01 1.450556e+01 2.084929e+01 2.894545e-01 4.2964e-03 1.0140e-02 -1.1453e-04 0.07497 1.66265e-01 2.64533e-01 4.15032e-01 2.53648e-02
24.501133 1.77746584e-01 1.50930119e-01 3.28676704e-01 1.60319842e-01 7.78212499e+00 7.44159740e+00 1.21789779e-01 8.491309e-01 9.562423e-01 1.453479e+01 1.955073e+01 4.235080e-01 4.3485e-03 9.7179e-03 -1.1380e-04 0.07780 1.70915e-01 2.68999e-01 4.14295e-01 2.54315e-02
24.751145 1.77988821e-01 1.51652911e-01 3.29641732e-01 1.59527734e-01 7.67516093e+00 7.14284582e+00 1.18544054e-01 8.520362e-01 9.306444e-01 1.405099e+01 1.838957e+01 4.724600e-01 4.3459e-03 9.6777e-03 -1.1252e-04 0.07719 1.77783e-01 2.72569e-01 4.10571e-01 2.59453e-02
25.001156 1.77730639e-01 1.54832133e-01 3.32562773e-01 1.58435938e-01 7.45484256e+00 7.05394091e+00 1.16070268e-01 8.711617e-01 9.462227e-01 1.320486e+01 1.759505e+01 3.986669e-01 3.8038e-03 1.0232e-02 -1.1136e-04 0.07162 1.82455e-01 2.71294e-01 4.04117e-01 2.64599e-02
25.251168 1.77794235e-01 1.58961459e-01 3.36755694e-01 1.57130729e-01 7.43710585e+00 7.06968387e+00 1.16054318e-01 8.940754e-01 9.505961e-01 1.180759e+01 1.873725e+01 2.908609e-01 3.4160e-03 1.1396e-02 -1.1066e-04 0.07071 1.86839e-01 2.68049e-01 3.96375e-01 2.73366e-02
25.501179 1.79451040e-01 1.61838943e-01 3.41289982e-01 1.56031322e-01 7.82472258e+00 7.05707576e+00 1.19054387e-01 9.018557e-01 9.018947e-01 1.332263e+01 2.034236e+01 1.902012e-01 3.2083e-03 1.2348e-02 -1.1036e-04 0.07141 1.97705e-01 2.73046e-01 3.97827e-01 2.93363e-02
25.751191 1.83107143e-01 1.61849000e-01 3.44956143e-01 1.55379026e-01 8.64888815e+00 7.07009328e+00 1.25751851e-01 8.839033e-01 8.174569e-01 1.484182e+01 2.277859e+01 1.798484e-01 3.3096e-03 1.5259e-02 -1.1039e-04 0.07395 2.20801e-01 2.91121e-01 4.13909e-01 3.24910e-02
26.001202 1.87083877e-01 1.59184026e-01 3.46267903e-01 1.54916697e-01 9.79691361e+00 6.96053176e+00 1.34059563e-01 8.508698e-01 7.104821e-01 1.578397e+01 3.127602e+01 2.057874e-01 3.4859e-03 1.3608e-02 -1.1056e-04 0.07565 2.44771e-01 3.15110e-01 4.46061e-01 3.57043e-02
26.251214 1.88081714e-01 1.56145465e-01 3.44227179e-01 1.53947852e-01 1.08360780e+01 6.90812975e+00 1.41953662e-01 8.302001e-01 6.375120e-01 1.527138e+01 3.869404e+01 1.996894e-01 3.8978e-03 1.4258e-02 -1.1133e-04 0.07480 2.62109e-01 3.43006e-01 4.92409e-01 3.78419e-02
26.501226 1.85097765e-01 1.53766858e-01 3.38864623e-01 1.52094209e-01 1.11825128e+01 7.09080467e+00 1.46186540e-01 8.307332e-01 6.340976e-01 1.463467e+01 4.030141e+01 1.590762e-01 4.1291e-03 1.4788e-02 -1.1320e-04 0.07272 2.68536e-01 3.68041e-01 5.29310e-01 3.84550e-02
26.751237 1.80124551e-01 1.52326561e-01 3.32451112e-01 1.49921302e-01 1.06041286e+01 7.20424033e+00 1.42466952e-01 8.456735e-01 6.793807e-01 1.363409e+01 3.701821e+01 1.284575e-01 4.2842e-03 1.4565e-02 -1.1645e-04 0.07050 2.55911e-01 3.65193e-01 5.41069e-01 3.68966e-02
27.001249 1.75656228e-01 1.51910553e-01 3.27566781e-01 1.47882433e-01 9.82446321e+00 7.19230039e+00 1.36134109e-01 8.648174e-01 7.320808e-01 1.450910e+01 3.153659e+01 1.855058e-01 4.3344e-03 1.3510e-02 -1.2026e-04 0.06974 2.34680e-01 3.51231e-01 5.42593e-01 3.40586e-02
27.251260 1.71640257e-01 1.53123142e-01 3.24763399e-01 1.45852686e-01 9.26760680e+00 7.20417717e+00 1.31774272e-01 8.921167e-01 7.773503e-01 1.623065e+01 2.656779e+01 3.097080e-01 4.0688e-03 1.2241e-02 -1.2344e-04 0.07376 2.14775e-01 3.43781e-01 5.45871e-01 3.16787e-02
27.501272 1.67787422e-01 1.55885904e-01 3.23673326e-01 1.43542391e-01 8.70852492e+00 7.51978782e+00 1.29826502e-01 9.290679e-01 8.634973e-01 1.686243e+01 2.745313e+01 3.808691e-01 3.8168e-03 1.1503e-02 -1.2516e-04 0.07794 1.99277e-01 3.43142e-01 5.40793e-01 3.03245e-02
27.751283 1.66112231e-01 1.58017961e-01 3.24130192e-01 1.41144519e-01 8.23733730e+00 7.78424129e+00 1.28172629e-01 9.512723e-01 9.449948e-01 1.764202e+01 2.411367e+01 3.838387e-01 3.9482e-03 1.0664e-02 -1.2495e-04 0.08214 1.87381e-01 3.36209e-01 5.27208e-01 2.92114e-02
28.001295 1.66882107e-01 1.59419049e-01 3.26301156e-01 1.38906495e-01 7.94294070e+00 7.82019368e+00 1.26105075e-01 9.552795e-01 9.845464e-01 1.725819e+01 2.427786e+01 3.764725e-01 4.2087e-03 1.0259e-02 -1.2349e-04 0.08319 1.79155e-01 3.22719e-01 5.10362e-01 2.79197e-02
28.251307 1.68424223e-01 1.61749163e-01 3.30173386e-01 1.36813774e-01 7.80615209e+00 7.72272151e+00 1.24230989e-01 9.603676e-01 9.893122e-01 1.368885e+01 2.329410e+01 3.410017e-01 4.2368e-03 1.0628e-02 -1.2193e-04 0.08199 1.75067e-01 3.06951e-01 4.92824e-01 2.72757e-02
28.501318 1.70135931e-01 1.65491319e-01 3.35627249e-01 1.34877661e-01 7.81220905e+00 7.55761587e+00 1.22958599e-01 9.727006e-01 9.674109e-01 1.334429e+01 2.335035e+01 2.643688e-01 4.1672e-03 1.0899e-02 -1.2082e-04 0.08144 1.73688e-01 2.95496e-01 4.76084e-01 2.79222e-02
28.751330 1.72927212e-01 1.69457054e-01 3.42384266e-01 1.33012332e-01 7.93975353e+00 7.49997300e+00 1.23517812e-01 9.799328e-01 9.446103e-01 1.482867e+01 2.391873e+01 1.939176e-01 3.9817e-03 1.0820e-02 -1.1976e-04 0.08003 1.78179e-01 2.88817e-01 4.63522e-01 2.91542e-02
29.001341 1.77286561e-01 1.72278002e-01 3.49564562e-01 1.31253651e-01 8.26981457e+00 7.68116475e+00 1.27607835e-01 9.717488e-01 9.288195e-01 1.718137e+01 2.238486e+01 1.761478e-01 3.9315e-03 1.0674e-02 -1.1841e-04 0.07421 1.83662e-01 2.86909e-01 4.53100e-01 3.12714e-02
29.251353 1.82790192e-01 1.72608661e-01 3.55398854e-01 1.29680562e-01 8.95318026e+00 7.84089645e+00 1.34352614e-01 9.442994e-01 8.757666e-01 1.658366e+01 1.984191e+01 1.841206e-01 4.2730e-03 1.1923e-02 -1.1713e-04 0.07045 1.93864e-01 2.93152e-01 4.51252e-01 3.37747e-02
29.501364 1.87446648e-01 1.70437730e-01 3.57884378e-01 1.27862414e-01 9.78730225e+00 8.02271283e+00 1.42480121e-01 9.092599e-01 8.197063e-01 1.350185e+01 2.141556e+01 1.577010e-01 4.0894e-03 1.2943e-02 -1.1577e-04 0.07124 2.04043e-01 2.98024e-01 4.76334e-01 3.55833e-02
29.751376 1.89916737e-01 1.65614758e-01 3.55531494e-01 1.24980308e-01 1.03360466e+01 8.04345232e+00 1.47035992e-01 8.720388e-01 7.781943e-01 1.174772e+01 2.089556e+01 1.662378e-01 4.6681e-03 1.3656e-02 -1.1475e-04 0.06911 2.06209e-01 3.10234e-01 4.95263e-01 3.53960e-02
30.001387 1.89668526e-01 1.59983015e-01 3.49651542e-01 1.22138086e-01 1.04669902e+01 8.19038820e+00 1.49259027e-01 8.434874e-01 7.824970e-01 1.238270e+01 2.681558e+01 2.079221e-01 4.7521e-03 1.7251e-02 -1.1463e-04 0.07139 2.06804e-01 3.13351e-01 4.79955e-01 3.44561e-02
30.251399 1.87003114e-01 1.54642411e-01 3.41645525e-01 1.19401292e-01 1.02617952e+01 8.75185754e+00 1.52109222e-01 8.269510e-01 8.528583e-01 1.450021e+01 2.784109e+01 2.163557e-01 4.6202e-03 1.6852e-02 -1.1590e-04 0.07284 1.92459e-01 2.95343e-01 4.55993e-01 3.26527e-02
30.501411 1.83101432e-01 1.49761385e-01 3.32862818e-01 1.15701887e-01 9.92478452e+00 9.09899530e+00 1.52190239e-01 8.179149e-01 9.167952e-01 1.566392e+01 3.134975e+01 2.286082e-01 4.5163e-03 1.6177e-02 -1.1743e-04 0.07325 1.77931e-01 2.79926e-01 4.41696e-01 3.08084e-02
30.751422 1.78991604e-01 1.46131992e-01 3.25123596e-01 1.11583179e-01 9.41659770e+00 8.92617786e+00 1.46742204e-01 8.164181e-01 9.479196e-01 1.629402e+01 3.055314e+01 2.543757e-01 4.3013e-03 1.4479e-02 -1.1842e-04 0.07296 1.72125e-01 2.73773e-01 4.31300e-01 2.93787e-02
31.001434 1.75327260e-01 1.44304199e-01 3.19631459e-01 1.07984490e-01 8.69322397e+00 8.73195826e+00 1.39401458e-01 8.230563e-01 1.004456e+00 1.508638e+01 2.795111e+01 2.799387e-01 4.0152e-03 1.2132e-02 -1.1890e-04 0.07132 1.70862e-01 2.68751e-01 4.25268e-01 2.83096e-02
31.251445 1.72663411e-01 1.43804879e-01 3.16468291e-01 1.05484516e-01 8.04172920e+00 8.36591748e+00 1.31261173e-01 8.328625e-01 1.040313e+00 1.563159e+01 2.525683e+01 3.184944e-01 4.1727e-03 1.1273e-02 -1.1949e-04 0.06800 1.69607e-01 2.64881e-01 4.25472e-01 2.70265e-02
31.501457 1.70821037e-01 1.45475206e-01 3.16296243e-01 1.05040795e-01 7.53542648e+00 7.81037557e+00 1.22766416e-01 8.516235e-01 1.036488e+00 1.475522e+01 2.386235e+01 3.122583e-01 4.0146e-03 1.1504e-02 -1.2059e-04 0.06627 1.71908e-01 2.66210e-01 4.31382e-01 2.54208e-02
31.751468 1.69481157e-01 1.50096000e-01 3.19577156e-01 1.07092880e-01 7.23962920e+00 7.61507979e+00 1.18837672e-01 8.856206e-01 1.051860e+00 1.493824e+01 2.380854e+01 2.844423e-01 3.7877e-03 1.2379e-02 -1.2200e-04 0.06602 1.73477e-01 2.66596e-01 4.28717e-01 2.54373e-02
32.001480 1.69273660e-01 1.56538895e-01 3.25812555e-01 1.11524427e-01 7.21679796e+00 7.84388800e+00 1.20485488e-01 9.247682e-01 1.086893e+00 1.467754e+01 2.279129e+01 2.363078e-01 3.8565e-03 1.2822e-02 -1.2305e-04 0.07175 1.69407e-01 2.60790e-01 4.11847e-01 2.63218e-02
32.251491 1.70588405e-01 1.63465708e-01 3.34054113e-01 1.17585996e-01 7.46363622e+00 8.08778251e+00 1.24411350e-01 9.582463e-01 1.083625e+00 1.611993e+01 2.168456e+01 2.399630e-01 3.8640e-03 1.2860e-02 -1.2337e-04 0.07165 1.63671e-01 2.51915e-01 3.94339e-01 2.73260e-02
32.501503 1.73170096e-01 1.69877443e-01 3.43047539e-01 1.23707952e-01 7.75675989e+00 8.23070597e+00 1.27899727e-01 9.809860e-01 1.061101e+00 1.644837e+01 2.160607e+01 2.568711e-01 3.9376e-03 1.2203e-02 -1.2329e-04 0.07011 1.63176e-01 2.48309e-01 3.90340e-01 2.82675e-02
32.751515 1.76634281e-01 1.73865193e-01 3.50499474e-01 1.28288262e-01 8.17604690e+00 8.47629397e+00 1.33218727e-01 9.843230e-01 1.036723e+00 1.614269e+01 2.092030e+01 2.683856e-01 4.1506e-03 1.1403e-02 -1.2322e-04 0.07342 1.64893e-01 2.44204e-01 3.98407e-01 2.91877e-02
33.001526 1.78642452e-01 1.74884058e-01 3.53526510e-01 1.30225808e-01 8.57374601e+00 8.78311151e+00 1.38854860e-01 9.789614e-01 1.024419e+00 1.868317e+01 2.500218e+01 2.283689e-01 3.7783e-03 1.0793e-02 -1.2383e-04 0.07401 1.63026e-01 2.41703e-01 3.95702e-01 2.99820e-02
33.251538 1.77724138e-01 1.72992655e-01 3.50716793e-01 1.29058104e-01 8.61640881e+00 9.31677141e+00 1.43465442e-01 9.733774e-01 1.081282e+00 1.726828e+01 2.480067e+01 2.364538e-01 3.8969e-03 1.0117e-02 -1.2589e-04 0.07312 1.55985e-01 2.38071e-01 3.90103e-01 2.93413e-02
33.501549 1.74660063e-01 1.67330511e-01 3.41990573e-01 1.24493540e-01 8.64833577e+00 9.76105084e+00 1.47275093e-01 9.580353e-01 1.128662e+00 1.422769e+01 2.397857e+01 2.769922e-01 3.9818e-03 1.0574e-02 -1.2887e-04 0.06974 1.48867e-01 2.39765e-01 4.07922e-01 2.77365e-02
33.751561 1.69626057e-01 1.58520219e-01 3.28146276e-01 1.17362910e-01 8.76736961e+00 1.05006519e+01 1.54144172e-01 9.345275e-01 1.197697e+00 2.369527e+01 2.450101e+01 3.042663e-01 3.8159e-03 1.2195e-02 -1.3222e-04 0.06511 1.47514e-01 2.74329e-01 4.41798e-01 2.64288e-02
34.001572 1.62173310e-01 1.47975363e-01 3.10148673e-01 1.09309082e-01 8.81336268e+00 1.14181627e+01 1.61852203e-01 9.124520e-01 1.295551e+00 3.017731e+01 2.343760e+01 3.862004e-01 4.2085e-03 1.2305e-02 -1.3479e-04 0.06167 1.65989e-01 3.02534e-01 4.63726e-01 2.51352e-02
34.251584 1.53123609e-01 1.37559542e-01 2.90683151e-01 1.01878047e-01 8.58582807e+00 1.13780641e+01 1.59711137e-01 8.983562e-01 1.325215e+00 2.247182e+01 2.402754e+01 4.697459e-01 4.9182e-03 1.3328e-02 -1.3591e-04 0.06726 1.64124e-01 2.92998e-01 4.56573e-01 2.38100e-02
34.501596 1.44129581e-01 1.29143765e-01 2.73273346e-01 9.60000096e-02 8.07190008e+00 1.05230459e+01 1.48759568e-01 8.960254e-01 1.303664e+00 1.768712e+01 2.538364e+01 4.274845e-01 4.9671e-03 1.2144e-02 -1.3712e-04 0.06917 1.54577e-01 2.77219e-01 4.43594e-01 2.22184e-02
34.751607 1.36658650e-01 1.23136439e-01 2.59795089e-01 9.25735798e-02 7.48937181e+00 9.41870181e+00 1.35264589e-01 9.010512e-01 1.257609e+00 1.587872e+01 2.441207e+01 3.679452e-01 4.5639e-03 1.0318e-02 -1.3886e-04 0.06567 1.52662e-01 2.68183e-01 4.33386e-01 2.06561e-02
35.001619 1.30911390e-01 1.19513982e-01 2.50425372e-01 9.21012698e-02 7.09977499e+00 8.45869465e+00 1.24467757e-01 9.129380e-01 1.191403e+00 1.658698e+01 2.398272e+01 3.065575e-01 4.4208e-03 9.9832e-03 -1.4118e-04 0.06033 1.53647e-01 2.61343e-01 4.30913e-01 1.98367e-02
35.251630 1.25732731e-01 1.19141766e-01 2.44874497e-01 9.44121085e-02 6.69237621e+00 7.67839672e+00 1.14966183e-01 9.475796e-01 1.147335e+00 1.538495e+01 2.287236e+01 2.798251e-01 4.7725e-03 1.0457e-02 -1.4376e-04 0.05863 1.50926e-01 2.53183e-01 4.28519e-01 1.94288e-02
35.501642 1.21842207e-01 1.21800882e-01 2.43643089e-01 9.85797912e-02 6.21182158e+00 6.97250842e+00 1.05474640e-01 9.996608e-01 1.122458e+00 1.553656e+01 1.986862e+01 2.913038e-01 4.4228e-03 1.0483e-02 -1.4593e-04 0.05700 1.41526e-01 2.39298e-01 4.07712e-01 1.90062e-02
35.751653 1.20102180e-01 1.26995098e-01 2.47097278e-01 1.03612739e-01 5.87904254e+00 6.41044386e+00 9.83158911e-02 1.057392e+00 1.090389e+00 1.292476e+01 1.821084e+01 2.503626e-01 4.1221e-03 1.0662e-02 -1.4719e-04 0.05660 1.26659e-01 2.15214e-01 3.79798e-01 1.86030e-02
36.001665 1.19931842e-01 1.34690431e-01 2.54622273e-01 1.08972362e-01 5.71205702e+00 6.15900632e+00 9.49685068e-02 1.123058e+00 1.078247e+00 1.109231e+01 2.050836e+01 2.142031e-01 3.9103e-03 1.0593e-02 -1.4777e-04 0.05746 1.18919e-01 1.97053e-01 3.63669e-01 1.89592e-02
36.251676 1.21246213e-01 1.43842625e-01 2.65088838e-01 1.14029726e-01 5.73175888e+00 6.18498170e+00 9.53339246e-02 1.186368e+00 1.079072e+00 1.287254e+01 2.265499e+01 2.622772e-01 3.8696e-03 1.0654e-02 -1.4834e-04 0.05803 1.19314e-01 1.91845e-01 3.62133e-01 1.96858e-02
36.501688 1.24180696e-01 1.52972998e-01 2.77153693e-01 1.18181550e-01 5.95890228e+00 6.39407424e+00 9.88238122e-02 1.231858e+00 1.073029e+00 1.402100e+01 2.199527e+01 3.132533e-01 4.1986e-03 1.1419e-02 -1.4915e-04 0.05787 1.22913e-01 1.94941e-01 3.68087e-01 2.04092e-02
36.751700 1.28830150e-01 1.60733330e-01 2.89563479e-01 1.21211440e-01 6.29185700e+00 6.69433721e+00 1.03889554e-01 1.247638e+00 1.063968e+00 1.370853e+01 1.897125e+01 3.161658e-01 4.6481e-03 1.2744e-02 -1.4986e-04 0.05729 1.26005e-01 1.98340e-01 3.73760e-01 2.09139e-02
37.001711 1.35424318e-01 1.65778948e-01 3.01203266e-01 1.23023458e-01 6.64370565e+00 6.94522220e+00 1.08711423e-01 1.224145e+00 1.045384e+00 1.223793e+01 1.954128e+01 2.295025e-01 4.6796e-03 1.3027e-02 -1.5014e-04 0.05824 1.24547e-01 1.96452e-01 3.74238e-01 2.11713e-02
37.251723 1.43531862e-01 1.67505437e-01 3.11037298e-01 1.23324205e-01 7.01003431e+00 7.04343995e+00 1.12427794e-01 1.167026e+00 1.004765e+00 1.260365e+01 2.009909e+01 1.539999e-01 4.3188e-03 1.2567e-02 -1.5000e-04 0.05778 1.22299e-01 1.94028e-01 3.72413e-01 2.17561e-02
37.501734 1.51239667e-01 1.66743144e-01 3.17982811e-01 1.21696432e-01 7.48267506e+00 7.06668193e+00 1.16394856e-01 1.102509e+00 9.444058e-01 1.542355e+01 1.856224e+01 1.795656e-01 3.9828e-03 1.1785e-02 -1.4961e-04 0.06209 1.24896e-01 1.98377e-01 3.71229e-01 2.31583e-02
37.751746 1.55821695e-01 1.65116552e-01 3.20938247e-01 1.18456829e-01 8.08372640e+00 7.11041238e+00 1.21553110e-01 1.059651e+00 8.795959e-01 1.397069e+01 1.683352e+01 2.177834e-01 4.0302e-03 1.1083e-02 -1.4948e-04 0.06125 1.33935e-01 2.07073e-01 3.76771e-01 2.52316e-02
38.001757 1.55759599e-01 1.63267736e-01 3.19027335e-01 1.14773383e-01 8.51833609e+00 7.26713668e+00 1.26283782e-01 1.048203e+00 8.531169e-01 1.471015e+01 1.768592e+01 1.901892e-01 3.9731e-03 1.0843e-02 -1.5026e-04 0.05920 1.43733e-01 2.22744e-01 4.05049e-01 2.67876e-02
38.251769 1.52532214e-01 1.60108479e-01 3.12640693e-01 1.11722941e-01 8.42073646e+00 7.65689012e+00 1.28621013e-01 1.049670e+00 9.092898e-01 1.756377e+01 2.192602e+01 1.023636e-01 3.8198e-03 1.2079e-02 -1.5244e-04 0.06338 1.51224e-01 2.47468e-01 4.52512e-01 2.67037e-02
38.501781 1.49688199e-01 1.54280020e-01 3.03968219e-01 1.10319230e-01 8.05299150e+00 8.05806153e+00 1.28888424e-01 1.030676e+00 1.000630e+00 1.967706e+01 2.536284e+01 4.353127e-02 3.9564e-03 1.2770e-02 -1.5593e-04 0.06882 1.55553e-01 2.81207e-01 4.89238e-01 2.55856e-02
38.751792 1.49668192e-01 1.45803340e-01 2.95471532e-01 1.11042854e-01 7.72744046e+00 8.19297812e+00 1.27363349e-01 9.741772e-01 1.060245e+00 2.049218e+01 2.657737e+01 9.364829e-02 4.0104e-03 1.4096e-02 -1.5880e-04 0.07452 1.62358e-01 3.06444e-01 5.09192e-01 2.46935e-02
39.001804 1.52022841e-01 1.37242998e-01 2.89265839e-01 1.13388295e-01 7.42375371e+00 8.01869494e+00 1.23539589e-01 9.027788e-01 1.080140e+00 2.008783e+01 2.805702e+01 2.268045e-01 4.1214e-03 1.4954e-02 -1.5998e-04 0.08075 1.64203e-01 3.11837e-01 5.06740e-01 2.35767e-02
39.251815 1.55340526e-01 1.31660300e-01 2.87000826e-01 1.16449825e-01 7.04270613e+00 7.72249549e+00 1.18121613e-01 8.475593e-01 1.096524e+00 1.933631e+01 2.568592e+01 3.181585e-01 4.2887e-03 1.5556e-02 -1.6016e-04 0.08554 1.55289e-01 2.97581e-01 4.87004e-01 2.21111e-02
39.501827 1.59186284e-01 1.30190109e-01 2.89376392e-01 1.19441982e-01 6.67684211e+00 7.57433243e+00 1.14009396e-01 8.178475e-01 1.134418e+00 1.887775e+01 2.209604e+01 3.150458e-01 4.4956e-03 1.5770e-02 -1.6017e-04 0.08719 1.42015e-01 2.74335e-01 4.62518e-01 2.09687e-02
39.751838 1.64012008e-01 1.31760831e-01 2.95772840e-01 1.22181984e-01 6.52570305e+00 7.48711093e+00 1.12102512e-01 8.033609e-01 1.147326e+00 1.732513e+01 1.851153e+01 2.621219e-01 4.7181e-03 1.5017e-02 -1.6017e-04 0.08581 1.33651e-01 2.54429e-01 4.41207e-01 2.09053e-02
40.001850 1.69756060e-01 1.35283723e-01 3.05039784e-01 1.24954198e-01 6.56681818e+00 7.36954171e+00 1.11490879e-01 7.969302e-01 1.122239e+00 1.410407e+01 1.437009e+01 1.925495e-01 4.4101e-03 1.3510e-02 -1.6013e-04 0.08297 1.29846e-01 2.38010e-01 4.23997e-01 2.12691e-02
40.251861 1.75508734e-01 1.39970636e-01 3.15479370e-01 1.27995250e-01 6.71017989e+00 7.34971512e+00 1.12479160e-01 7.975138e-01 1.095308e+00 1.372150e+01 1.444391e+01 1.402131e-01 4.1660e-03 1.2252e-02 -1.6022e-04 0.08039 1.24769e-01 2.22100e-01 4.14019e-01 2.15985e-02
40.501873 1.81181662e-01 1.43926808e-01 3.25108470e-01 1.31435443e-01 6.99606011e+00 7.25452168e+00 1.14004654e-01 7.943785e-01 1.036944e+00 1.505340e+01 1.573772e+01 1.515627e-01 4.0704e-03 1.2000e-02 -1.6038e-04 0.07816 1.24530e-01 2.17493e-01 4.19170e-01 2.26764e-02
40.751885 1.86759068e-01 1.46023593e-01 3.32782660e-01 1.35723173e-01 7.54005721e+00 7.01675898e+00 1.16454530e-01 7.818822e-01 9.305976e-01 1.265395e+01 2.023424e+01 2.267901e-01 4.0995e-03 1.2545e-02 -1.6050e-04 0.07533 1.40980e-01 2.36849e-01 4.28706e-01 2.50293e-02
41.001896 1.91184834e-01 1.46907207e-01 3.38092041e-01 1.41088537e-01 8.14610443e+00 6.83052738e+00 1.19813054e-01 7.684041e-01 8.385023e-01 1.333640e+01 2.911870e+01 2.847040e-01 4.2909e-03 1.4695e-02 -1.6099e-04 0.07107 1.66252e-01 2.65196e-01 4.27562e-01 2.73574e-02
41.251908 1.93868543e-01 1.47032039e-01 3.40900582e-01 1.47054287e-01 8.51013483e+00 6.88398748e+00 1.23152978e-01 7.584110e-01 8.089164e-01 1.424893e+01 3.184468e+01 3.207402e-01 4.3524e-03 1.5057e-02 -1.6187e-04 0.06736 1.80024e-01 2.72175e-01 4.19860e-01 2.83047e-02
41.501919 1.95307184e-01 1.45821507e-01 3.41128691e-01 1.52562820e-01 8.75571336e+00 6.99575190e+00 1.26011722e-01 7.466264e-01 7.989928e-01 1.635762e+01 3.042975e+01 3.359111e-01 4.5181e-03 1.4800e-02 -1.6296e-04 0.06660 1.82571e-01 2.68071e-01 4.13518e-01 2.82567e-02
41.751931 1.95906465e-01 1.42675789e-01 3.38582254e-01 1.56605326e-01 8.96177915e+00 7.07311516e+00 1.28279154e-01 7.282852e-01 7.892535e-01 1.626888e+01 2.919858e+01 3.329935e-01 4.8119e-03 1.5643e-02 -1.6402e-04 0.06704 1.85027e-01 2.63803e-01 4.13319e-01 2.81261e-02
42.001942 1.94969762e-01 1.38522773e-01 3.33492535e-01 1.58879003e-01 8.99625650e+00 6.99181850e+00 1.27904600e-01 7.104834e-01 7.771920e-01 1.477465e+01 2.875119e+01 3.030347e-01 4.6624e-03 1.5605e-02 -1.6453e-04 0.06723 1.84924e-01 2.58666e-01 4.09036e-01 2.80409e-02
42.251954 1.92014288e-01 1.35261087e-01 3.27275375e-01 1.59596462e-01 8.72460844e+00 6.93699573e+00 1.25292833e-01 7.044324e-01 7.951068e-01 1.284028e+01 2.853027e+01 2.341547e-01 4.3605e-03 1.5753e-02 -1.6493e-04 0.06748 1.78580e-01 2.51741e-01 3.96669e-01 2.70033e-02
42.501966 1.87949489e-01 1.33441243e-01 3.21390732e-01 1.59138466e-01 8.30178380e+00 6.95892372e+00 1.22085660e-01 7.099846e-01 8.382444e-01 1.166142e+01 2.660717e+01 1.956505e-01 4.7028e-03 1.7074e-02 -1.6537e-04 0.06733 1.72555e-01 2.45309e-01 3.86276e-01 2.55245e-02
42.751977 1.84597712e-01 1.32479925e-01 3.17077638e-01 1.57981878e-01 7.95730761e+00 6.77603235e+00 1.17866720e-01 7.176683e-01 8.515484e-01 1.137296e+01 2.282835e+01 1.866339e-01 4.6612e-03 1.7009e-02 -1.6573e-04 0.06592 1.70133e-01 2.45773e-01 3.85403e-01 2.45232e-02
43.001989 1.82456559e-01 1.32776493e-01 3.15233051e-01 1.56605593e-01 7.75642462e+00 6.41947402e+00 1.13407189e-01 7.277156e-01 8.276331e-01 1.319663e+01 1.994092e+01 1.579270e-01 4.1705e-03 1.6145e-02 -1.6611e-04 0.06573 1.71773e-01 2.49711e-01 3.86237e-01 2.39505e-02
43.252000 1.80534345e-01 1.35503135e-01 3.16037480e-01 1.55537897e-01 7.57291741e+00 6.17358529e+00 1.09972022e-01 7.505671e-01 8.152189e-01 1.359559e+01 2.009625e+01 1.287730e-01 3.8082e-03 1.4683e-02 -1.6674e-04 0.06826 1.73842e-01 2.51605e-01 3.83994e-01 2.35727e-02
43.502012 1.77711772e-01 1.41469643e-01 3.19181416e-01 1.55121312e-01 7.37493524e+00 6.13921876e+00 1.08113232e-01 7.960623e-01 8.324438e-01 1.407819e+01 2.207499e+01 1.296352e-01 3.3892e-03 1.3558e-02 -1.6761e-04 0.06817 1.72485e-01 2.49363e-01 3.78511e-01 2.38932e-02
43.752023 1.73858642e-01 1.50371223e-01 3.24229865e-01 1.55390798e-01 7.16800715e+00 6.31756382e+00 1.07884568e-01 8.649051e-01 8.813557e-01 1.558889e+01 2.210557e+01 1.430094e-01 3.4171e-03 1.3583e-02 -1.6845e-04 0.06472 1.66479e-01 2.41935e-01 3.70690e-01 2.44866e-02
44.002035 1.70106796e-01 1.60439386e-01 3.30546182e-01 1.56295152e-01 7.08695529e+00 6.62226587e+00 1.09673769e-01 9.431686e-01 9.344303e-01 1.639089e+01 2.064750e+01 1.245920e-01 3.7564e-03 1.4191e-02 -1.6909e-04 0.06092 1.57158e-01 2.29781e-01 3.62772e-01 2.49083e-02
44.252046 1.67445042e-01 1.69995312e-01 3.37440354e-01 1.57749449e-01 7.14958580e+00 6.94617043e+00 1.12766050e-01 1.015230e+00 9.715487e-01 1.594019e+01 1.853840e+01 4.686272e-02 4.1585e-03 1.4756e-02 -1.6956e-04 0.06210 1.50016e-01 2.22542e-01 3.57725e-01 2.55626e-02
44.502058 1.66742251e-01 1.77679489e-01 3.44421740e-01 1.59734541e-01 7.36728568e+00 7.22581044e+00 1.16744769e-01 1.065594e+00 9.807968e-01 1.484600e+01 1.616609e+01 -2.457584e-02 4.6063e-03 1.6214e-02 -1.6990e-04 0.06375 1.52692e-01 2.26950e-01 3.66324e-01 2.67958e-02
44.752070 1.69014941e-01 1.81940600e-01 3.50955542e-01 1.62070574e-01 7.78920723e+00 7.36211374e+00 1.21210568e-01 1.076476e+00 9.451686e-01 1.554602e+01 2.320310e+01 -6.186378e-02 4.7146e-03 1.5680e-02 -1.7004e-04 0.06505 1.61950e-01 2.38106e-01 3.87924e-01 2.84514e-02
45.002081 1.73297299e-01 1.82857215e-01 3.56154513e-01 1.63891959e-01 8.32647937e+00 7.47011570e+00 1.26372761e-01 1.055165e+00 8.971518e-01 1.561555e+01 2.561421e+01 1.925927e-02 4.7110e-03 1.3219e-02 -1.7024e-04 0.06877 1.72716e-01 2.53733e-01 4.09782e-01 2.99992e-02
45.252093 1.76792593e-01 1.81521114e-01 3.58313707e-01 1.63957916e-01 8.94283493e+00 7.55464304e+00 1.31979824e-01 1.026746e+00 8.447705e-01 1.712919e+01 2.414258e+01 1.808933e-01 5.0398e-03 1.1157e-02 -1.7107e-04 0.07475 1.90156e-01 2.76663e-01 4.29904e-01 3.17405e-02
45.502104 1.77575028e-01 1.78067028e-01 3.55642055e-01 1.61034125e-01 9.63321736e+00 7.40642033e+00 1.36317102e-01 1.002771e+00 7.688418e-01 1.414716e+01 2.636411e+01 3.057257e-01 4.8573e-03 1.0815e-02 -1.7296e-04 0.07925 2.10463e-01 3.01599e-01 4.48480e-01 3.33492e-02
45.752116 1.73585244e-01 1.73685699e-01 3.47270943e-01 1.54604762e-01 1.00785443e+01 7.56608806e+00 1.41157059e-01 1.000579e+00 7.507124e-01 1.543597e+01 2.907240e+01 3.607049e-01 4.0575e-03 1.1526e-02 -1.7526e-04 0.08020 2.21734e-01 3.19813e-01 4.63345e-01 3.40270e-02
46.002127 1.63514177e-01 1.70096222e-01 3.33610398e-01 1.45107864e-01 9.90978710e+00 8.35803520e+00 1.46142578e-01 1.040254e+00 8.434122e-01 1.567706e+01 2.625391e+01 3.894621e-01 3.9382e-03 1.1542e-02 -1.7772e-04 0.07777 2.15744e-01 3.24358e-01 4.67171e-01 3.30946e-02
46.252139 1.49512731e-01 1.67065259e-01 3.16577990e-01 1.33511219e-01 9.14324843e+00 9.52329122e+00 1.49332317e-01 1.117398e+00 1.041565e+00 1.417426e+01 2.356326e+01 3.540729e-01 3.6936e-03 1.0934e-02 -1.8048e-04 0.07383 1.90000e-01 3.13119e-01 4.64110e-01 3.02343e-02
46.502151 1.36412087e-01 1.62012890e-01 2.98424977e-01 1.21361402e-01 8.24189549e+00 1.05885857e+01 1.50643849e-01 1.187673e+00 1.284727e+00 1.579783e+01 2.159493e+01 3.005628e-01 3.7858e-03 1.0747e-02 -1.8332e-04 0.07087 1.62489e-01 2.99270e-01 4.73713e-01 2.67464e-02
46.752162 1.27186862e-01 1.54053720e-01 2.81240581e-01 1.10529310e-01 7.60928135e+00 1.09806263e+01 1.48719261e-01 1.211239e+00 1.443057e+00 1.749073e+01 2.431896e+01 3.242392e-01 4.0084e-03 1.1477e-02 -1.8585e-04 0.06892 1.45364e-01 2.91599e-01 4.90303e-01 2.40382e-02
47.002174 1.21723575e-01 1.44976547e-01 2.66700122e-01 1.02457584e-01 7.25255747e+00 1.07630273e+01 1.44124678e-01 1.191031e+00 1.484032e+00 1.929345e+01 2.649277e+01 3.558598e-01 4.1203e-03 1.2223e-02 -1.8757e-04 0.06703 1.39449e-01 2.95006e-01 5.02952e-01 2.25887e-02
47.252185 1.19103417e-01 1.36802483e-01 2.55905900e-01 9.73804283e-02 6.95665195e+00 1.01251876e+01 1.36654716e-01 1.148602e+00 1.455468e+00 2.104954e+01 2.519008e+01 3.507065e-01 4.1698e-03 1.2670e-02 -1.8807e-04 0.06556 1.42294e-01 3.08286e-01 5.06806e-01 2.15322e-02
47.502197 1.18603479e-01 1.30774375e-01 2.49377854e-01 9.46648082e-02 6.56803538e+00 9.36687976e+00 1.27479321e-01 1.102618e+00 1.426131e+00 2.369227e+01 2.303544e+01 3.377271e-01 4.0841e-03 1.3018e-02 -1.8744e-04 0.06547 1.52145e-01 3.25515e-01 5.07072e-01 2.03305e-02
47.752208 1.19861166e-01 1.26704085e-01 2.46565252e-01 9.34589455e-02 6.22021188e+00 8.69547289e+00 1.19325478e-01 1.057090e+00 1.397938e+00 2.693086e+01 2.079296e+01 2.984211e-01 3.9774e-03 1.2756e-02 -1.8608e-04 0.06828 1.72351e-01 3.30073e-01 5.00082e-01 1.96501e-02
48.002220 1.22720915e-01 1.23964256e-01 2.46685171e-01 9.34779449e-02 6.12327685e+00 7.76339772e+00 1.11093397e-01 1.010131e+00 1.267850e+00 2.214772e+01 1.901647e+01 2.216466e-01 3.8679e-03 1.2530e-02 -1.8448e-04 0.07171 1.81080e-01 3.00570e-01 4.71922e-01 2.00386e-02
48.252231 1.26133408e-01 1.23807132e-01 2.49940540e-01 9.49343401e-02 6.09427109e+00 6.86945381e+00 1.03709799e-01 9.815570e-01 1.127199e+00 1.439950e+01 2.144963e+01 1.616439e-01 3.6105e-03 1.2263e-02 -1.8415e-04 0.07412 1.62827e-01 2.58703e-01 4.32023e-01 2.04374e-02
48.502243 1.29461417e-01 1.26767507e-01 2.56228924e-01 9.78130453e-02 5.97438536e+00 6.40766725e+00 9.90564209e-02 9.791914e-01 1.072523e+00 1.414665e+01 2.097043e+01 1.071347e-01 3.5376e-03 1.1819e-02 -1.8486e-04 0.07480 1.48663e-01 2.32097e-01 3.97746e-01 2.07119e-02
48.752255 1.33125932e-01 1.32038190e-01 2.65164122e-01 1.01672085e-01 5.81175233e+00 6.13208724e+00 9.55507166e-02 9.918292e-01 1.055118e+00 1.414671e+01 1.954410e+01 5.035975e-02 3.4251e-03 1.1133e-02 -1.8551e-04 0.07482 1.39717e-01 2.15025e-01 3.66952e-01 2.06872e-02
49.002266 1.37329029e-01 1.38704259e-01 2.76033287e-01 1.05664788e-01 5.65899910e+00 6.08528206e+00 9.39542492e-02 1.010014e+00 1.075328e+00 1.389566e+01 1.806673e+01 4.543612e-03 3.3090e-03 1.0744e-02 -1.8596e-04 0.07453 1.30186e-01 1.98990e-01 3.39744e-01 2.02372e-02
49.252278 1.42320609e-01 1.44903773e-01 2.87224382e-01 1.08786473e-01 5.67874662e+00 6.34935615e+00 9.62248222e-02 1.018150e+00 1.118091e+00 1.337012e+01 1.692189e+01 2.712879e-03 3.3178e-03 1.0467e-02 -1.8637e-04 0.07410 1.19834e-01 1.82954e-01 3.22944e-01 1.98052e-02
49.502289 1.48190247e-01 1.48555415e-01 2.96745662e-01 1.10108565e-01 5.98591351e+00 6.73472615e+00 1.01765117e-01 1.002464e+00 1.125096e+00 1.475744e+01 1.523572e+01 4.937223e-02 3.3273e-03 1.0436e-02 -1.8674e-04 0.07297 1.16741e-01 1.77503e-01 3.21881e-01 2.08070e-02
49.752301 1.54095367e-01 1.49278100e-01 3.03373466e-01 1.09433203e-01 6.56264178e+00 7.02831799e+00 1.08727678e-01 9.687384e-01 1.070959e+00 1.556471e+01 1.719706e+01 1.168120e-01 3.6789e-03 1.0474e-02 -1.8704e-04 0.07102 1.26262e-01 1.93954e-01 3.39995e-01 2.32411e-02
49.999845 1.58353214e-01 1.48081007e-01 3.06434221e-01 1.07059973e-01 7.26642247e+00 7.15727212e+00 1.15389557e-01 9.351310e-01 9.849788e-01 1.732562e+01 2.298891e+01 1.945415e-01 4.0915e-03 1.1258e-02 -1.8750e-04 0.06918 1.47967e-01 2.29883e-01 3.76769e-01 2.59253e-02
