# tg_mhd (CUDA FP64)  tgc_slip_cond_n256_re500  N=256 L=256 Re=500 Pm=1 u0=0.05 nu_lat=8.116902e-03 eta_lat=8.116902e-03 tau_f=0.524351 tau_m=0.532468 dt=6.159986e-04 fw=profile
# t E_V E_M E_T H_C Omega_V Omega_M eps EM/EV OmM/OmV j_max w_max skew divb/j divb_wall/j mass_drift umax_lat fw1 fw2 fw4 tau_wall
0.000000 1.25000000e-01 1.25000000e-01 2.50000000e-01 1.70616334e-20 3.74981028e-01 1.49969646e+00 7.49870996e-03 1.000000e+00 3.999393e+00 3.463620e+00 1.999874e+00 1.157636e-18 3.3640e-15 5.0715e-15 +0.0000e+00 0.05000 5.70557e-02 1.14678e-01 2.32237e-01 0.00000e+00
0.049896 1.24936768e-01 1.24275661e-01 2.49212429e-01 8.93069249e-08 3.76791951e-01 1.49262645e+00 7.47767362e-03 9.947085e-01 3.961407e+00 3.513653e+00 1.993719e+00 1.512220e-01 3.3192e-06 5.2902e-06 -1.3775e-05 0.04999 5.69434e-02 1.14456e-01 2.31827e-01 0.00000e+00
0.099792 1.24734509e-01 1.24170438e-01 2.48904946e-01 2.02368685e-07 3.82974761e-01 1.49612946e+00 7.51641689e-03 9.954778e-01 3.906601e+00 3.543851e+00 2.002374e+00 1.398843e-01 6.7128e-06 1.0088e-05 +3.1764e-07 0.05084 5.69902e-02 1.14582e-01 2.32264e-01 0.00000e+00
0.149688 1.24561118e-01 1.23967638e-01 2.48528756e-01 4.35548070e-07 3.93895598e-01 1.50184584e+00 7.58296574e-03 9.952354e-01 3.812802e+00 3.597388e+00 2.020252e+00 4.567067e-02 1.2504e-05 1.9813e-05 +1.1672e-05 0.05092 5.69109e-02 1.14474e-01 2.32361e-01 0.00000e+00
0.199584 1.24595923e-01 1.23445636e-01 2.48041559e-01 8.82617480e-07 4.09188471e-01 1.50720128e+00 7.66555899e-03 9.907679e-01 3.683391e+00 3.655024e+00 2.045395e+00 3.359123e-02 1.9205e-05 3.0715e-05 -1.2715e-05 0.05126 5.65137e-02 1.13747e-01 2.31349e-01 0.00000e+00
0.249479 1.24596218e-01 1.23357254e-01 2.47953472e-01 1.70965172e-06 4.28220939e-01 1.52158633e+00 7.79922909e-03 9.900562e-01 3.553274e+00 3.715501e+00 2.081047e+00 1.196253e-01 2.8443e-05 4.6533e-05 -4.5664e-06 0.05243 5.62596e-02 1.13341e-01 2.31145e-01 0.00000e+00
0.299375 1.24471120e-01 1.23112183e-01 2.47583303e-01 3.07804104e-06 4.50399231e-01 1.53816030e+00 7.95423811e-03 9.890823e-01 3.415104e+00 3.793027e+00 2.116819e+00 2.050269e-01 3.8698e-05 6.3716e-05 -6.1884e-06 0.05219 5.59496e-02 1.12848e-01 2.30904e-01 0.00000e+00
0.349271 1.24209876e-01 1.22651545e-01 2.46861420e-01 5.22463418e-06 4.75479557e-01 1.55715167e+00 8.13052489e-03 9.874541e-01 3.274908e+00 3.891620e+00 2.153112e+00 2.577890e-01 5.1306e-05 8.5635e-05 -1.0814e-05 0.05288 5.56024e-02 1.12313e-01 2.30748e-01 0.00000e+00
0.399167 1.23903345e-01 1.22709008e-01 2.46612353e-01 8.35020494e-06 5.03572336e-01 1.58665341e+00 8.36090299e-03 9.903607e-01 3.150795e+00 3.984244e+00 2.201934e+00 2.335472e-01 6.5246e-05 1.0993e-04 +1.2850e-05 0.05282 5.53922e-02 1.12105e-01 2.31471e-01 0.00000e+00
0.449063 1.23828496e-01 1.22303945e-01 2.46132441e-01 1.28028311e-05 5.34751818e-01 1.61633244e+00 8.60433703e-03 9.876882e-01 3.022584e+00 4.093262e+00 2.249809e+00 1.927552e-01 8.1318e-05 1.3879e-04 -2.5875e-06 0.05347 5.48624e-02 1.11294e-01 2.31142e-01 0.00000e+00
0.498959 1.23720692e-01 1.22064987e-01 2.45785679e-01 1.86509407e-05 5.68784104e-01 1.65306764e+00 8.88740698e-03 9.866174e-01 2.906318e+00 4.196636e+00 2.308133e+00 2.239190e-01 9.9178e-05 1.7160e-04 -1.1262e-05 0.05279 5.43253e-02 1.10530e-01 2.31133e-01 0.00000e+00
0.548855 1.23453825e-01 1.22012510e-01 2.45466335e-01 2.62638893e-05 6.05426497e-01 1.69809815e+00 9.21409857e-03 9.883251e-01 2.804797e+00 4.300813e+00 2.371752e+00 2.768485e-01 1.1942e-04 2.1032e-04 -1.2187e-06 0.05357 5.39075e-02 1.10091e-01 2.32021e-01 0.00000e+00
0.598751 1.23206471e-01 1.21602156e-01 2.44808627e-01 3.58204144e-05 6.44313261e-01 1.74580751e+00 9.56048309e-03 9.869786e-01 2.709563e+00 4.429974e+00 2.422482e+00 3.402818e-01 1.4223e-04 2.5520e-04 -1.3156e-05 0.05406 5.33718e-02 1.09483e-01 2.32677e-01 0.00000e+00
0.648646 1.22828380e-01 1.21522431e-01 2.44350811e-01 4.76260688e-05 6.85974119e-01 1.80426026e+00 9.96093753e-03 9.893677e-01 2.630216e+00 4.544294e+00 2.544694e+00 3.778036e-01 1.6809e-04 3.0989e-04 +3.6452e-06 0.05432 5.30181e-02 1.09376e-01 2.34565e-01 0.00000e+00
0.698542 1.22520492e-01 1.21317978e-01 2.43838469e-01 6.18140949e-05 7.31284107e-01 1.86826980e+00 1.03982156e-02 9.901852e-01 2.554780e+00 4.664485e+00 2.704622e+00 3.042705e-01 1.9755e-04 3.7573e-04 +8.6043e-06 0.05468 5.25842e-02 1.09225e-01 2.36421e-01 0.00000e+00
0.748438 1.22376938e-01 1.20890282e-01 2.43267220e-01 7.86340442e-05 7.79807404e-01 1.93530545e+00 1.08604514e-02 9.878518e-01 2.481774e+00 4.747384e+00 2.874197e+00 3.296516e-01 2.3000e-04 4.5405e-04 -1.2375e-05 0.05502 5.19643e-02 1.08816e-01 2.37698e-01 0.00000e+00
0.798334 1.22189434e-01 1.20700537e-01 2.42889971e-01 9.81292685e-05 8.32655199e-01 2.01437543e+00 1.13881225e-02 9.878148e-01 2.419219e+00 4.842560e+00 3.062139e+00 3.997952e-01 2.6779e-04 5.5167e-04 -3.4039e-06 0.05537 5.16325e-02 1.09178e-01 2.40460e-01 0.00000e+00
0.848230 1.21975602e-01 1.20310265e-01 2.42285867e-01 1.20546363e-04 8.88944895e-01 2.09867013e+00 1.19504601e-02 9.863470e-01 2.360855e+00 4.991577e+00 3.265460e+00 3.980646e-01 3.1036e-04 6.6834e-04 -7.9466e-06 0.05704 5.12997e-02 1.09656e-01 2.43102e-01 0.00000e+00
0.898126 1.21673082e-01 1.19860478e-01 2.41533561e-01 1.45994697e-04 9.49646315e-01 2.19155566e+00 1.25648079e-02 9.851027e-01 2.307760e+00 5.211653e+00 3.485468e+00 4.736112e-01 3.5889e-04 8.0626e-04 -7.8320e-06 0.05679 5.11627e-02 1.10658e-01 2.46393e-01 0.00000e+00
0.948022 1.21386433e-01 1.19536248e-01 2.40922681e-01 1.74614111e-04 1.01589242e+00 2.29535345e+00 1.32449835e-02 9.847579e-01 2.259445e+00 5.636620e+00 3.731146e+00 4.361866e-01 4.1381e-04 9.6603e-04 +1.2192e-05 0.05752 5.13189e-02 1.12369e-01 2.50596e-01 0.00000e+00
0.997918 1.21385634e-01 1.18857058e-01 2.40242692e-01 2.06512226e-04 1.08704729e+00 2.40129408e+00 1.39533655e-02 9.791691e-01 2.209006e+00 6.330950e+00 3.999845e+00 4.050833e-01 4.7434e-04 1.1385e-03 -4.8896e-06 0.05797 5.13804e-02 1.13849e-01 2.53634e-01 0.00000e+00
1.047814 1.21392864e-01 1.18221464e-01 2.39614327e-01 2.41657017e-04 1.16422819e+00 2.51798822e+00 1.47288656e-02 9.738749e-01 2.162796e+00 7.138414e+00 4.310261e+00 4.741051e-01 5.4298e-04 1.3286e-03 -9.4303e-06 0.05805 5.17355e-02 1.15922e-01 2.57175e-01 0.00000e+00
1.097709 1.21322613e-01 1.17552998e-01 2.38875611e-01 2.80275631e-04 1.24730828e+00 2.64563354e+00 1.55717673e-02 9.689290e-01 2.121074e+00 8.065657e+00 4.678790e+00 4.517676e-01 6.2081e-04 1.5284e-03 -2.7192e-06 0.05940 5.24211e-02 1.18612e-01 2.61229e-01 0.00000e+00
1.147605 1.21335990e-01 1.16649243e-01 2.37985233e-01 3.22550837e-04 1.33522714e+00 2.77875290e+00 1.64559202e-02 9.613738e-01 2.081109e+00 9.027426e+00 5.120937e+00 4.837577e-01 7.0876e-04 1.7335e-03 -1.2072e-05 0.06013 5.31558e-02 1.21244e-01 2.64511e-01 0.00000e+00
1.197501 1.21299783e-01 1.15848171e-01 2.37147954e-01 3.68803296e-04 1.42987759e+00 2.92931264e+00 1.74367609e-02 9.550567e-01 2.048646e+00 1.016437e+01 5.649749e+00 5.320148e-01 8.1405e-04 1.9578e-03 +5.8493e-06 0.06052 5.43481e-02 1.24701e-01 2.68690e-01 0.00000e+00
1.247397 1.21400546e-01 1.14845296e-01 2.36245842e-01 4.19269870e-04 1.53006907e+00 3.08438596e+00 1.84578201e-02 9.460031e-01 2.015848e+00 1.131553e+01 6.227143e+00 4.269635e-01 9.3534e-04 2.1838e-03 +5.8929e-06 0.06070 5.54468e-02 1.27789e-01 2.71719e-01 0.00000e+00
1.297293 1.21654555e-01 1.13642546e-01 2.35297101e-01 4.74340889e-04 1.63477719e+00 3.24453631e+00 1.95172540e-02 9.341413e-01 1.984696e+00 1.251545e+01 6.851482e+00 4.668876e-01 1.0794e-03 2.4282e-03 -1.1299e-05 0.06046 5.64996e-02 1.30576e-01 2.73754e-01 0.00000e+00
1.347189 1.21857822e-01 1.12500300e-01 2.34358123e-01 5.34293037e-04 1.74546399e+00 3.42289365e+00 2.06734306e-02 9.232095e-01 1.961022e+00 1.378966e+01 7.536562e+00 5.038989e-01 1.2534e-03 2.7030e-03 -2.5032e-06 0.06123 5.78166e-02 1.33738e-01 2.76209e-01 0.00000e+00
1.397085 1.22108229e-01 1.11186656e-01 2.33294885e-01 5.99767227e-04 1.85859565e+00 3.60723874e+00 2.18633376e-02 9.105583e-01 1.940841e+00 1.500244e+01 8.221766e+00 4.601705e-01 1.4561e-03 3.0051e-03 -8.3755e-06 0.06261 5.90376e-02 1.36408e-01 2.77636e-01 0.00000e+00
1.446981 1.22251498e-01 1.09843401e-01 2.32094900e-01 6.71210602e-04 1.97493512e+00 3.80533959e+00 2.31210988e-02 8.985035e-01 1.926818e+00 1.616811e+01 8.911639e+00 5.468207e-01 1.6883e-03 3.3341e-03 -3.8935e-06 0.06219 6.03073e-02 1.38945e-01 2.78894e-01 0.00000e+00
1.496876 1.22387630e-01 1.08479441e-01 2.30867071e-01 7.49177375e-04 2.09360334e+00 4.01676682e+00 2.44414806e-02 8.863595e-01 1.918590e+00 1.731990e+01 9.632898e+00 4.859000e-01 1.9461e-03 3.6915e-03 +1.2031e-05 0.06180 6.16034e-02 1.41277e-01 2.79921e-01 0.00000e+00
1.546772 1.22753942e-01 1.06881173e-01 2.29635115e-01 8.34024884e-04 2.21112927e+00 4.22193277e+00 2.57322482e-02 8.706944e-01 1.909401e+00 1.820855e+01 1.029593e+01 4.641940e-01 2.2142e-03 4.0455e-03 -5.0595e-06 0.06132 6.23942e-02 1.42409e-01 2.79181e-01 0.00000e+00
1.596668 1.23067429e-01 1.05320156e-01 2.28387585e-01 9.25971876e-04 2.32875762e+00 4.44287560e+00 2.70865329e-02 8.557923e-01 1.907831e+00 1.907650e+01 1.095397e+01 5.503824e-01 2.4993e-03 4.4110e-03 -6.3274e-06 0.06147 6.32090e-02 1.43330e-01 2.78435e-01 0.00000e+00
1.646564 1.23254586e-01 1.03721004e-01 2.26975590e-01 1.02547945e-03 2.44309803e+00 4.66793201e+00 2.84441202e-02 8.415184e-01 1.910661e+00 1.973762e+01 1.150667e+01 4.877167e-01 2.7883e-03 4.7546e-03 -2.2912e-06 0.06120 6.38230e-02 1.43753e-01 2.77394e-01 0.00000e+00
1.696460 1.23441290e-01 1.02008970e-01 2.25450260e-01 1.13266448e-03 2.55053453e+00 4.88805084e+00 2.97543415e-02 8.263764e-01 1.916481e+00 2.019438e+01 1.189959e+01 5.166439e-01 3.0764e-03 5.0656e-03 -8.7134e-06 0.06107 6.41057e-02 1.43448e-01 2.75853e-01 0.00000e+00
1.746356 1.23516952e-01 1.00371974e-01 2.23888926e-01 1.24775399e-03 2.65351816e+00 5.11767827e+00 3.10847857e-02 8.126170e-01 1.928639e+00 2.057164e+01 1.218338e+01 5.556031e-01 3.3764e-03 5.3541e-03 +9.2829e-06 0.06034 6.43439e-02 1.43062e-01 2.74909e-01 0.00000e+00
1.796252 1.23689637e-01 9.86104278e-02 2.22300065e-01 1.37094532e-03 2.74876096e+00 5.32743362e+00 3.23047784e-02 7.972408e-01 1.938122e+00 2.067286e+01 1.228940e+01 4.710625e-01 3.6738e-03 5.5990e-03 +5.7095e-06 0.05866 6.40536e-02 1.41768e-01 2.73187e-01 0.00000e+00
1.846148 1.23892159e-01 9.67813189e-02 2.20673478e-01 1.50179123e-03 2.83534800e+00 5.51581153e+00 3.34046381e-02 7.811739e-01 1.945374e+00 2.059874e+01 1.219797e+01 5.147197e-01 3.9756e-03 5.8150e-03 -8.0854e-06 0.05790 6.33893e-02 1.39921e-01 2.71414e-01 0.00000e+00
1.896044 1.23970936e-01 9.50082535e-02 2.18979189e-01 1.64035208e-03 2.91549002e+00 5.69723935e+00 3.44509175e-02 7.663752e-01 1.954128e+00 2.048525e+01 1.198147e+01 4.990055e-01 4.2916e-03 6.0117e-03 -1.0526e-07 0.05683 6.26997e-02 1.38202e-01 2.70954e-01 0.00000e+00
1.945939 1.24062108e-01 9.31551757e-02 2.17217284e-01 1.78645683e-03 2.98632982e+00 5.83764990e+00 3.52959189e-02 7.508753e-01 1.954791e+00 2.013051e+01 1.162785e+01 4.630729e-01 4.5974e-03 6.1664e-03 -6.2587e-06 0.05626 6.16614e-02 1.36099e-01 2.71051e-01 0.00000e+00
1.995835 1.24015323e-01 9.13332030e-02 2.15348526e-01 1.93971914e-03 3.05229236e+00 5.95498299e+00 3.60291014e-02 7.364671e-01 1.950987e+00 2.029902e+01 1.134859e+01 5.096440e-01 4.9017e-03 6.3060e-03 +1.3548e-06 0.05552 6.05881e-02 1.34203e-01 2.72911e-01 0.00000e+00
2.045731 1.23920893e-01 8.95320092e-02 2.13452902e-01 2.10018902e-03 3.11457405e+00 6.03707498e+00 3.66065961e-02 7.224933e-01 1.938331e+00 2.082388e+01 1.116763e+01 4.563562e-01 5.1834e-03 6.4308e-03 +1.3052e-05 0.05301 5.93991e-02 1.32396e-01 2.76203e-01 0.00000e+00
2.095627 1.24021619e-01 8.76133797e-02 2.11634999e-01 2.26707199e-03 3.17281490e+00 6.06048713e+00 3.69332081e-02 7.064363e-01 1.910129e+00 2.115679e+01 1.104805e+01 4.433410e-01 5.4055e-03 6.5306e-03 -3.3365e-06 0.05247 5.78510e-02 1.30208e-01 2.79631e-01 0.00000e+00
2.145523 1.24037612e-01 8.57899692e-02 2.09827581e-01 2.43971369e-03 3.23126175e+00 6.06268852e+00 3.71758011e-02 6.916448e-01 1.876260e+00 2.148443e+01 1.106283e+01 4.963643e-01 5.5762e-03 6.6344e-03 -2.5522e-06 0.05138 5.64260e-02 1.28536e-01 2.84845e-01 0.00000e+00
2.195419 1.23961861e-01 8.39777341e-02 2.07939595e-01 2.61822966e-03 3.28804434e+00 6.03084876e+00 3.72755724e-02 6.774482e-01 1.834175e+00 2.168733e+01 1.113208e+01 4.520909e-01 5.6608e-03 6.7298e-03 -9.3019e-07 0.05191 5.49909e-02 1.27180e-01 2.90840e-01 0.00000e+00
2.245315 1.23835722e-01 8.21405913e-02 2.05976313e-01 2.80175902e-03 3.34155115e+00 5.96838304e+00 3.72397368e-02 6.633029e-01 1.786112e+00 2.176913e+01 1.121485e+01 4.845929e-01 5.6504e-03 6.8265e-03 -4.5968e-06 0.05138 5.35473e-02 1.26157e-01 2.97006e-01 0.00000e+00
2.295211 1.23617738e-01 8.04083408e-02 2.04026078e-01 2.99012630e-03 3.39462572e+00 5.90324152e+00 3.71914689e-02 6.504596e-01 1.738996e+00 2.183470e+01 1.135759e+01 5.028385e-01 5.5649e-03 6.9421e-03 +1.2443e-05 0.05199 5.23111e-02 1.26021e-01 3.03898e-01 0.00000e+00
2.345107 1.23536574e-01 7.86425776e-02 2.02179151e-01 3.18261176e-03 3.44566330e+00 5.81537254e+00 3.70441434e-02 6.365935e-01 1.687737e+00 2.173484e+01 1.147969e+01 4.828537e-01 5.4038e-03 7.0326e-03 +5.7221e-06 0.05296 5.09494e-02 1.26079e-01 3.08852e-01 0.00000e+00
2.395002 1.23455785e-01 7.69089326e-02 2.00364717e-01 3.37768638e-03 3.49455730e+00 5.72345859e+00 3.68720636e-02 6.229674e-01 1.637821e+00 2.152583e+01 1.157252e+01 5.222020e-01 5.1971e-03 7.0805e-03 -4.9577e-06 0.05334 4.96762e-02 1.26808e-01 3.12589e-01 0.00000e+00
2.444898 1.23255116e-01 7.52634882e-02 1.98518605e-01 3.57476529e-03 3.53998506e+00 5.64552157e+00 3.67420265e-02 6.106318e-01 1.594787e+00 2.130004e+01 1.163107e+01 5.171141e-01 4.9788e-03 7.1565e-03 +1.5243e-06 0.05425 4.87543e-02 1.28764e-01 3.16275e-01 0.00000e+00
2.494794 1.23059148e-01 7.35811366e-02 1.96640285e-01 3.77284299e-03 3.57907169e+00 5.56315642e+00 3.65689124e-02 5.979331e-01 1.554357e+00 2.095594e+01 1.157890e+01 5.019569e-01 4.7591e-03 7.3476e-03 -4.3383e-06 0.05534 4.80551e-02 1.31254e-01 3.18365e-01 0.00000e+00
2.544690 1.22740080e-01 7.19824322e-02 1.94722512e-01 3.97084867e-03 3.61505639e+00 5.49883272e+00 3.64555564e-02 5.864623e-01 1.521092e+00 2.062056e+01 1.150642e+01 5.461981e-01 4.5709e-03 7.6193e-03 +5.2009e-06 0.05532 4.78596e-02 1.34690e-01 3.20175e-01 0.00000e+00
2.594586 1.22407227e-01 7.04244100e-02 1.92831637e-01 4.16809456e-03 3.64786035e+00 5.44081954e+00 3.63547196e-02 5.753289e-01 1.491510e+00 2.022653e+01 1.141126e+01 5.101343e-01 4.4071e-03 7.8233e-03 +1.3041e-05 0.05618 4.80645e-02 1.38257e-01 3.20775e-01 0.00000e+00
2.644482 1.22230517e-01 6.88284448e-02 1.91058962e-01 4.36285240e-03 3.67671896e+00 5.37698196e+00 3.62148037e-02 5.631036e-01 1.462440e+00 1.969767e+01 1.127602e+01 5.116999e-01 4.2652e-03 7.9301e-03 -2.4176e-06 0.05638 4.84922e-02 1.40977e-01 3.19212e-01 0.00000e+00
2.694378 1.21965220e-01 6.73275891e-02 1.89292809e-01 4.55405607e-03 3.70288894e+00 5.32857330e+00 3.61258490e-02 5.520229e-01 1.439031e+00 1.929358e+01 1.115749e+01 5.241596e-01 4.1521e-03 8.0376e-03 -3.3207e-07 0.05655 4.94576e-02 1.43801e-01 3.17863e-01 0.00000e+00
2.744274 1.21640572e-01 6.58329196e-02 1.87473492e-01 4.74124796e-03 3.72560104e+00 5.28332966e+00 3.60357228e-02 5.412086e-01 1.418115e+00 1.884905e+01 1.100834e+01 5.063425e-01 4.0661e-03 8.2044e-03 -7.1901e-07 0.05778 5.07113e-02 1.45904e-01 3.15635e-01 0.00000e+00
2.794169 1.21223954e-01 6.43443629e-02 1.85568317e-01 4.92325866e-03 3.74407814e+00 5.23968005e+00 3.59350328e-02 5.307892e-01 1.399458e+00 1.844724e+01 1.082652e+01 5.166592e-01 4.0060e-03 8.4499e-03 -1.4105e-06 0.05784 5.21642e-02 1.47321e-01 3.12948e-01 0.00000e+00
2.844065 1.20741429e-01 6.29340696e-02 1.83675498e-01 5.09958654e-03 3.76009153e+00 5.20624365e+00 3.58653407e-02 5.212301e-01 1.384606e+00 1.832034e+01 1.068010e+01 5.143269e-01 3.9745e-03 8.7531e-03 +1.3542e-05 0.05802 5.37805e-02 1.48409e-01 3.10595e-01 0.00000e+00
2.893961 1.20404478e-01 6.15029404e-02 1.81907418e-01 5.26906773e-03 3.77440572e+00 5.16439380e+00 3.57551981e-02 5.108028e-01 1.368267e+00 1.807131e+01 1.071376e+01 5.119885e-01 3.9676e-03 9.0444e-03 +5.0397e-06 0.05821 5.49499e-02 1.47962e-01 3.06559e-01 0.00000e+00
2.943857 1.20052191e-01 6.01260134e-02 1.80178205e-01 5.43028818e-03 3.78818858e+00 5.12615601e+00 3.56573783e-02 5.008323e-01 1.353195e+00 1.787519e+01 1.085394e+01 5.264240e-01 3.9860e-03 9.2902e-03 -3.0085e-06 0.05787 5.57372e-02 1.46669e-01 3.02076e-01 0.00000e+00
2.993753 1.19573830e-01 5.88114151e-02 1.78385245e-01 5.58303166e-03 3.79923890e+00 5.09690020e+00 3.55845564e-02 4.918419e-01 1.341558e+00 1.761480e+01 1.093637e+01 5.251189e-01 4.0265e-03 9.4705e-03 +2.0812e-06 0.05867 5.62489e-02 1.45079e-01 2.98015e-01 0.00000e+00
3.043649 1.19086563e-01 5.74679537e-02 1.76554517e-01 5.72677322e-03 3.80666388e+00 5.06397971e+00 3.54825744e-02 4.825729e-01 1.330293e+00 1.714669e+01 1.098449e+01 5.221098e-01 4.0833e-03 9.5579e-03 -2.9974e-06 0.05929 5.60902e-02 1.42462e-01 2.93233e-01 0.00000e+00
3.093545 1.18473251e-01 5.62048585e-02 1.74678109e-01 5.86142721e-03 3.81184703e+00 5.04454093e+00 3.54255518e-02 4.744097e-01 1.323385e+00 1.667181e+01 1.100121e+01 5.395014e-01 4.1637e-03 9.5745e-03 +8.0710e-06 0.05862 5.56481e-02 1.39805e-01 2.89155e-01 0.00000e+00
3.143441 1.17881599e-01 5.49780045e-02 1.72859603e-01 5.98710904e-03 3.81601337e+00 5.02855583e+00 3.53782768e-02 4.663833e-01 1.317751e+00 1.697723e+01 1.101218e+01 5.304592e-01 4.2682e-03 9.5035e-03 +1.2387e-05 0.05868 5.45913e-02 1.36392e-01 2.84472e-01 0.00000e+00
3.193337 1.17387056e-01 5.37577738e-02 1.71144830e-01 6.10344727e-03 3.81838751e+00 5.01272184e+00 3.53244374e-02 4.579532e-01 1.312785e+00 1.786435e+01 1.106362e+01 5.340278e-01 4.3971e-03 9.3683e-03 -1.5591e-06 0.05820 5.29510e-02 1.32221e-01 2.78976e-01 0.00000e+00
3.243232 1.16786563e-01 5.26134335e-02 1.69399996e-01 6.21073472e-03 3.81769816e+00 5.01292395e+00 3.53224884e-02 4.505093e-01 1.313075e+00 1.877236e+01 1.114233e+01 5.307921e-01 4.5630e-03 9.1800e-03 +1.2868e-06 0.05809 5.12686e-02 1.28434e-01 2.74507e-01 0.00000e+00
3.293128 1.16135089e-01 5.14799310e-02 1.67615020e-01 6.30952560e-03 3.81389680e+00 5.02016123e+00 3.53362321e-02 4.432763e-01 1.316281e+00 1.963215e+01 1.128206e+01 5.303953e-01 4.7644e-03 8.9436e-03 -2.8015e-07 0.05840 4.94118e-02 1.24611e-01 2.70177e-01 0.00000e+00
3.343024 1.15375707e-01 5.03728633e-02 1.65748570e-01 6.39997077e-03 3.80671517e+00 5.03687024e+00 3.53743416e-02 4.365985e-01 1.323154e+00 2.047060e+01 1.146685e+01 5.295603e-01 5.0084e-03 8.6687e-03 +1.5517e-06 0.05794 4.75982e-02 1.21155e-01 2.66489e-01 0.00000e+00
3.392920 1.14548889e-01 4.93291986e-02 1.63878087e-01 6.48268184e-03 3.79665462e+00 5.06547567e+00 3.54485212e-02 4.306388e-01 1.334194e+00 2.125591e+01 1.166603e+01 5.228204e-01 5.2992e-03 8.3641e-03 +1.4224e-05 0.05721 4.60080e-02 1.18436e-01 2.63778e-01 0.00000e+00
3.442816 1.13860547e-01 4.82789586e-02 1.62139506e-01 6.55761238e-03 3.78399374e+00 5.08702241e+00 3.54840646e-02 4.240183e-01 1.344353e+00 2.179580e+01 1.185933e+01 5.073673e-01 5.6134e-03 8.0394e-03 +4.6838e-06 0.05633 4.43993e-02 1.15767e-01 2.60620e-01 0.00000e+00
3.492712 1.13127697e-01 4.72827384e-02 1.60410436e-01 6.62478117e-03 3.76926005e+00 5.11277306e+00 3.55281324e-02 4.179590e-01 1.356439e+00 2.212194e+01 1.209978e+01 5.146915e-01 5.9474e-03 7.7298e-03 -1.3327e-06 0.05532 4.31168e-02 1.13933e-01 2.58144e-01 0.00000e+00
3.542608 1.12276926e-01 4.63225136e-02 1.58599440e-01 6.68445997e-03 3.75109271e+00 5.14009383e+00 3.55647461e-02 4.125738e-01 1.370292e+00 2.217734e+01 1.230278e+01 5.000445e-01 6.2741e-03 7.4605e-03 +2.3828e-06 0.05509 4.22542e-02 1.13166e-01 2.56663e-01 0.00000e+00
3.592504 1.11422985e-01 4.53516701e-02 1.56774655e-01 6.73672015e-03 3.72874923e+00 5.15807753e+00 3.55473071e-02 4.070226e-01 1.383326e+00 2.190791e+01 1.245257e+01 4.915455e-01 6.5533e-03 7.2519e-03 -1.5815e-06 0.05459 4.17020e-02 1.13169e-01 2.55599e-01 0.00000e+00
3.642399 1.10456185e-01 4.44291159e-02 1.54885301e-01 6.78186393e-03 3.70282345e+00 5.17616911e+00 3.55159703e-02 4.022329e-01 1.397898e+00 2.146367e+01 1.254654e+01 4.902266e-01 6.7803e-03 7.1264e-03 +1.0049e-05 0.05330 4.16582e-02 1.14473e-01 2.55796e-01 0.00000e+00
3.692295 1.09551322e-01 4.35271219e-02 1.53078444e-01 6.82017358e-03 3.67457387e+00 5.18154977e+00 3.54244946e-02 3.973217e-01 1.410109e+00 2.081821e+01 1.258791e+01 4.756965e-01 6.9263e-03 7.0778e-03 +1.1138e-05 0.05171 4.18746e-02 1.16269e-01 2.55850e-01 0.00000e+00
3.742191 1.08714755e-01 4.26389310e-02 1.51353686e-01 6.85170960e-03 3.64370969e+00 5.17340991e+00 3.52684784e-02 3.922092e-01 1.419819e+00 2.004940e+01 1.263914e+01 4.731174e-01 6.9845e-03 7.1028e-03 -1.0754e-06 0.05036 4.23152e-02 1.18345e-01 2.55622e-01 0.00000e+00
3.792087 1.07796299e-01 4.17921577e-02 1.49588457e-01 6.87711220e-03 3.60957635e+00 5.16495902e+00 3.50981414e-02 3.876957e-01 1.430904e+00 1.933173e+01 1.262379e+01 4.692245e-01 6.9768e-03 7.2012e-03 +1.8028e-06 0.04939 4.32463e-02 1.21337e-01 2.56305e-01 0.00000e+00
3.841983 1.06871254e-01 4.09390152e-02 1.47810269e-01 6.89705379e-03 3.57166788e+00 5.14675201e+00 3.48736796e-02 3.830685e-01 1.440994e+00 1.859800e+01 1.255572e+01 4.541332e-01 6.8989e-03 7.3569e-03 -4.7945e-07 0.04854 4.44665e-02 1.24502e-01 2.57048e-01 0.00000e+00
3.891879 1.05875602e-01 4.01055998e-02 1.45981202e-01 6.91219754e-03 3.53113610e+00 5.12576829e+00 3.46276176e-02 3.787993e-01 1.451592e+00 1.794280e+01 1.248243e+01 4.660722e-01 6.7860e-03 7.5687e-03 +3.3807e-06 0.04755 4.60635e-02 1.27948e-01 2.58282e-01 0.00000e+00
3.941775 1.04847967e-01 3.93038134e-02 1.44151780e-01 6.92327647e-03 3.48890733e+00 5.10180591e+00 3.43628530e-02 3.748648e-01 1.462293e+00 1.736778e+01 1.239651e+01 4.516619e-01 6.6608e-03 7.8260e-03 +1.3745e-05 0.04805 4.79620e-02 1.31373e-01 2.59949e-01 0.00000e+00
3.991671 1.03991396e-01 3.84948075e-02 1.42486204e-01 6.93073913e-03 3.44517703e+00 5.06029669e+00 3.40218949e-02 3.701730e-01 1.468806e+00 1.681680e+01 1.225609e+01 4.366614e-01 6.5260e-03 8.1064e-03 +3.4860e-06 0.04827 4.97773e-02 1.33815e-01 2.60906e-01 0.00000e+00
4.041567 1.03095601e-01 3.77147176e-02 1.40810319e-01 6.93504194e-03 3.40097037e+00 5.01524166e+00 3.36648481e-02 3.658228e-01 1.474650e+00 1.636521e+01 1.207373e+01 4.504354e-01 6.4114e-03 8.4118e-03 -6.1027e-07 0.04808 5.17092e-02 1.35894e-01 2.62180e-01 0.00000e+00
4.091462 1.02150401e-01 3.69476663e-02 1.39098068e-01 6.93655990e-03 3.35638103e+00 4.96419634e+00 3.32823095e-02 3.616987e-01 1.479032e+00 1.597986e+01 1.197471e+01 4.386523e-01 6.3196e-03 8.7254e-03 +1.8060e-06 0.04838 5.36735e-02 1.37482e-01 2.63639e-01 0.00000e+00
4.141358 1.01220584e-01 3.61730142e-02 1.37393598e-01 6.93552082e-03 3.31144935e+00 4.90122588e+00 3.28507009e-02 3.573682e-01 1.480085e+00 1.559155e+01 1.182919e+01 4.394060e-01 6.2436e-03 9.0297e-03 -6.1905e-07 0.04829 5.54238e-02 1.38204e-01 2.64776e-01 0.00000e+00
4.191254 1.00233048e-01 3.54228396e-02 1.35655887e-01 6.93209871e-03 3.26736171e+00 4.83292279e+00 3.24011380e-02 3.534048e-01 1.479151e+00 1.533281e+01 1.171927e+01 4.426320e-01 6.2026e-03 9.3172e-03 +1.0914e-05 0.04784 5.70196e-02 1.38439e-01 2.66184e-01 0.00000e+00
4.241150 9.93441308e-02 3.46825918e-02 1.34026723e-01 6.92642737e-03 3.22521288e+00 4.74752729e+00 3.18909607e-02 3.491157e-01 1.472004e+00 1.505159e+01 1.157812e+01 4.250256e-01 6.1755e-03 9.5634e-03 +9.6929e-06 0.04786 5.78372e-02 1.37301e-01 2.66366e-01 0.00000e+00
4.291046 9.85241002e-02 3.39584306e-02 1.32482531e-01 6.91869325e-03 3.18556302e+00 4.64847658e+00 3.13361584e-02 3.446713e-01 1.459232e+00 1.480260e+01 1.148423e+01 4.367288e-01 6.1642e-03 9.7643e-03 -7.8484e-07 0.04738 5.77770e-02 1.35047e-01 2.65418e-01 0.00000e+00
4.340942 9.76382114e-02 3.32630416e-02 1.30901253e-01 6.90930247e-03 3.14806976e+00 4.54593830e+00 3.07760322e-02 3.406765e-01 1.444040e+00 1.461809e+01 1.140550e+01 4.344666e-01 6.1765e-03 9.9241e-03 +2.0122e-06 0.04739 5.70767e-02 1.32542e-01 2.64399e-01 0.00000e+00
4.390838 9.67909640e-02 3.25664355e-02 1.29357400e-01 6.89884828e-03 3.11173925e+00 4.43233676e+00 3.01763040e-02 3.364615e-01 1.424392e+00 1.442836e+01 1.132723e+01 4.232211e-01 6.1933e-03 1.0031e-02 -3.9280e-07 0.04747 5.54518e-02 1.29537e-01 2.62623e-01 0.00000e+00
4.440734 9.58823547e-02 3.18939344e-02 1.27776289e-01 6.88812225e-03 3.07750739e+00 4.31751142e+00 2.95800752e-02 3.326361e-01 1.402925e+00 1.428485e+01 1.127132e+01 4.418909e-01 6.2180e-03 1.0098e-02 +5.2027e-06 0.04708 5.31591e-02 1.26628e-01 2.60801e-01 0.00000e+00
4.490629 9.49729507e-02 3.12543963e-02 1.26227347e-01 6.87810417e-03 3.04580655e+00 4.20276337e+00 2.89942797e-02 3.290873e-01 1.379852e+00 1.417299e+01 1.118329e+01 4.267798e-01 6.2427e-03 1.0142e-02 +1.3170e-05 0.04686 5.02970e-02 1.23822e-01 2.58824e-01 0.00000e+00
4.540525 9.42083115e-02 3.06286907e-02 1.24837002e-01 6.86992412e-03 3.01593328e+00 4.08504232e+00 2.84039024e-02 3.251167e-01 1.354487e+00 1.403500e+01 1.116465e+01 4.157431e-01 6.2484e-03 1.0197e-02 +2.8640e-06 0.04661 4.71035e-02 1.20937e-01 2.56302e-01 0.00000e+00
4.590421 9.34029354e-02 3.00341756e-02 1.23437111e-01 6.86465669e-03 2.98807986e+00 3.97736188e+00 2.78617670e-02 3.215549e-01 1.331076e+00 1.394162e+01 1.113435e+01 4.304883e-01 6.2498e-03 1.0330e-02 +2.4295e-07 0.04631 4.43942e-02 1.18951e-01 2.54663e-01 0.00000e+00
4.640317 9.25641366e-02 2.94600635e-02 1.22024200e-01 6.86303624e-03 2.96179433e+00 3.87969818e+00 2.73659700e-02 3.182665e-01 1.309915e+00 1.384794e+01 1.109478e+01 4.223071e-01 6.2355e-03 1.0566e-02 +1.4390e-06 0.04638 4.25457e-02 1.17846e-01 2.53819e-01 0.00000e+00
4.690213 9.17262068e-02 2.88994200e-02 1.20625627e-01 6.86546483e-03 2.93683566e+00 3.79151277e+00 2.69133937e-02 3.150618e-01 1.291020e+00 1.374026e+01 1.105827e+01 4.336959e-01 6.2014e-03 1.0893e-02 +6.5383e-07 0.04609 4.17935e-02 1.17533e-01 2.53577e-01 0.00000e+00
4.740109 9.08339877e-02 2.83666172e-02 1.19200605e-01 6.87194595e-03 2.91398029e+00 3.71662412e+00 2.65224177e-02 3.122908e-01 1.275446e+00 1.367452e+01 1.102406e+01 4.342853e-01 6.1619e-03 1.1256e-02 +1.1479e-05 0.04576 4.22791e-02 1.18307e-01 2.54372e-01 0.00000e+00
4.790005 9.00416233e-02 2.78452542e-02 1.17886878e-01 6.88227301e-03 2.89289791e+00 3.64644172e+00 2.61573585e-02 3.092487e-01 1.260481e+00 1.358211e+01 1.099632e+01 4.130543e-01 6.1028e-03 1.1539e-02 +8.3596e-06 0.04544 4.34894e-02 1.19334e-01 2.54891e-01 0.00000e+00
4.839901 8.92763733e-02 2.73421783e-02 1.16618552e-01 6.89607643e-03 2.87383320e+00 3.58202428e+00 2.58234299e-02 3.062644e-01 1.246427e+00 1.349211e+01 1.098613e+01 4.317333e-01 6.0360e-03 1.1686e-02 -6.1408e-07 0.04496 4.50833e-02 1.20631e-01 2.55271e-01 0.00000e+00
4.889797 8.84416478e-02 2.68605691e-02 1.15302217e-01 6.91289816e-03 2.85658381e+00 3.52355052e+00 2.55205373e-02 3.037095e-01 1.233484e+00 1.341782e+01 1.098379e+01 4.349821e-01 5.9751e-03 1.1697e-02 +1.9267e-06 0.04487 4.68234e-02 1.22360e-01 2.56028e-01 0.00000e+00
4.939692 8.76476030e-02 2.63807963e-02 1.14028399e-01 6.93219898e-03 2.83985535e+00 3.46288694e+00 2.52109692e-02 3.009871e-01 1.219388e+00 1.330483e+01 1.101867e+01 4.316027e-01 5.9164e-03 1.1592e-02 -4.0548e-07 0.04471 4.82742e-02 1.23918e-01 2.56536e-01 0.00000e+00
4.989588 8.67859910e-02 2.59175979e-02 1.12703589e-01 6.95350727e-03 2.82402595e+00 3.40300926e+00 2.49081409e-02 2.986380e-01 1.205021e+00 1.321027e+01 1.130111e+01 4.520144e-01 5.8718e-03 1.1423e-02 +6.4287e-06 0.04425 4.94490e-02 1.25446e-01 2.57203e-01 0.00000e+00
5.039484 8.59333496e-02 2.54729495e-02 1.11406299e-01 6.97646569e-03 2.80914035e+00 3.34253781e+00 2.46067126e-02 2.964268e-01 1.189879e+00 1.314273e+01 1.173717e+01 4.355504e-01 5.8388e-03 1.1221e-02 +1.2056e-05 0.04470 5.01730e-02 1.26462e-01 2.57423e-01 0.00000e+00
5.089380 8.51880810e-02 2.50377939e-02 1.10225875e-01 7.00086656e-03 2.79409917e+00 3.27848162e+00 2.42903232e-02 2.939119e-01 1.173359e+00 1.305419e+01 1.215425e+01 4.327143e-01 5.8108e-03 1.1007e-02 +2.1597e-06 0.04575 5.04038e-02 1.26663e-01 2.56809e-01 0.00000e+00
5.139276 8.43940671e-02 2.46211384e-02 1.09015206e-01 7.02647205e-03 2.77893605e+00 3.21597613e+00 2.39796487e-02 2.917402e-01 1.157269e+00 1.298788e+01 1.260891e+01 4.498248e-01 5.8012e-03 1.0808e-02 +5.0232e-07 0.04651 5.05533e-02 1.26761e-01 2.56498e-01 0.00000e+00
5.189172 8.35834032e-02 2.42166559e-02 1.07800059e-01 7.05297855e-03 2.76248509e+00 3.15292638e+00 2.36616459e-02 2.897304e-01 1.141337e+00 1.290350e+01 1.297085e+01 4.424707e-01 5.8000e-03 1.0624e-02 +9.2921e-07 0.04630 5.06311e-02 1.26657e-01 2.56353e-01 0.00000e+00
5.239068 8.27675691e-02 2.38256737e-02 1.06593243e-01 7.08009501e-03 2.74439480e+00 3.09048692e+00 2.33395269e-02 2.878624e-01 1.126109e+00 1.281245e+01 1.335693e+01 4.624872e-01 5.8041e-03 1.0462e-02 +1.6680e-06 0.04647 5.06639e-02 1.26372e-01 2.56365e-01 0.00000e+00
5.288964 8.18982695e-02 2.34559678e-02 1.05354237e-01 7.10755903e-03 2.72499050e+00 3.03124533e+00 2.30249433e-02 2.864037e-01 1.112387e+00 1.271162e+01 1.367198e+01 4.598283e-01 5.8139e-03 1.0329e-02 +1.1564e-05 0.04668 5.07254e-02 1.26103e-01 2.56811e-01 0.00000e+00
5.338860 8.11351607e-02 2.30944541e-02 1.04229615e-01 7.13516235e-03 2.70327095e+00 2.97144389e+00 2.26988594e-02 2.846417e-01 1.099203e+00 1.256611e+01 1.402150e+01 4.357972e-01 5.8166e-03 1.0211e-02 +6.9239e-06 0.04635 5.05707e-02 1.25383e-01 2.56842e-01 0.00000e+00
5.388755 8.03729462e-02 2.27468437e-02 1.03119790e-01 7.16271911e-03 2.67976554e+00 2.91403872e+00 2.23752170e-02 2.830162e-01 1.087423e+00 1.239532e+01 1.429860e+01 4.566438e-01 5.8137e-03 1.0114e-02 -4.9194e-07 0.04605 5.03629e-02 1.24585e-01 2.56964e-01 0.00000e+00
5.438651 7.95556586e-02 2.24176331e-02 1.01973292e-01 7.19001127e-03 2.65479701e+00 2.86065116e+00 2.20617927e-02 2.817855e-01 1.077540e+00 1.222784e+01 1.455206e+01 4.586402e-01 5.8076e-03 1.0041e-02 +1.4745e-06 0.04490 5.02298e-02 1.24021e-01 2.57628e-01 0.00000e+00
5.488547 7.87792769e-02 2.20966402e-02 1.00875917e-01 7.21677325e-03 2.62780363e+00 2.80766642e+00 2.17418802e-02 2.804880e-01 1.068446e+00 1.207073e+01 1.478810e+01 4.596693e-01 5.7915e-03 9.9772e-03 -4.3419e-07 0.04387 5.00798e-02 1.23504e-01 2.58463e-01 0.00000e+00
5.538443 7.79495042e-02 2.17908014e-02 9.97403056e-02 7.24270048e-03 2.59982504e+00 2.75762340e+00 2.14297938e-02 2.795502e-01 1.060696e+00 1.192840e+01 1.495999e+01 4.778073e-01 5.7687e-03 9.9199e-03 +7.0605e-06 0.04323 5.00585e-02 1.23352e-01 2.59916e-01 0.00000e+00
5.588339 7.71384779e-02 2.14952892e-02 9.86337671e-02 7.26753538e-03 2.57124551e+00 2.70895819e+00 2.11208148e-02 2.786585e-01 1.053559e+00 1.174850e+01 1.516172e+01 4.546959e-01 5.7346e-03 9.8617e-03 +1.0474e-05 0.04228 5.00257e-02 1.23239e-01 2.61323e-01 0.00000e+00
5.638235 7.64166395e-02 2.12053257e-02 9.76219653e-02 7.29106051e-03 2.54213746e+00 2.66012260e+00 2.08090402e-02 2.774962e-01 1.046412e+00 1.149421e+01 1.526868e+01 4.563872e-01 5.6864e-03 9.8033e-03 +9.9056e-07 0.04152 4.99142e-02 1.22983e-01 2.62254e-01 0.00000e+00
5.688131 7.56422983e-02 2.09296003e-02 9.65718985e-02 7.31298811e-03 2.51360397e+00 2.61231283e+00 2.05036672e-02 2.766918e-01 1.039270e+00 1.117486e+01 1.541734e+01 4.742863e-01 5.6325e-03 9.7593e-03 -1.9687e-08 0.04075 4.99291e-02 1.23047e-01 2.63540e-01 0.00000e+00
5.738027 7.48822433e-02 2.06618159e-02 9.55440592e-02 7.33289378e-03 2.48536620e+00 2.56240189e+00 2.01910723e-02 2.759241e-01 1.030996e+00 1.071420e+01 1.552859e+01 4.691968e-01 5.5725e-03 9.7381e-03 -3.0039e-07 0.04005 4.99817e-02 1.23248e-01 2.64857e-01 0.00000e+00
5.787922 7.41109023e-02 2.04044583e-02 9.45153606e-02 7.35027761e-03 2.45802026e+00 2.51054334e+00 1.98742544e-02 2.753233e-01 1.021368e+00 1.005750e+01 1.558108e+01 4.903709e-01 5.5085e-03 9.7438e-03 +1.7117e-06 0.04011 5.00543e-02 1.23580e-01 2.66191e-01 0.00000e+00
5.837818 7.33019362e-02 2.01624673e-02 9.34644035e-02 7.36464415e-03 2.43222014e+00 2.45765493e+00 1.95595003e-02 2.750605e-01 1.010457e+00 9.610739e+00 1.564278e+01 4.852371e-01 5.4424e-03 9.7674e-03 +1.0296e-05 0.04038 5.01486e-02 1.24068e-01 2.67542e-01 0.00000e+00
5.887714 7.25948075e-02 1.99235509e-02 9.25183583e-02 7.37552340e-03 2.40784310e+00 2.40026473e+00 1.92324313e-02 2.744487e-01 9.968526e-01 9.509479e+00 1.572542e+01 4.703810e-01 5.3676e-03 9.7834e-03 +4.5666e-06 0.04073 5.00950e-02 1.24307e-01 2.68168e-01 0.00000e+00
5.937610 7.18789896e-02 1.96957233e-02 9.15747130e-02 7.38250526e-03 2.38533149e+00 2.34123728e+00 1.89062751e-02 2.740122e-01 9.815144e-01 9.332972e+00 1.576503e+01 4.924532e-01 5.2853e-03 9.7680e-03 -1.5386e-06 0.04065 5.00770e-02 1.24707e-01 2.68795e-01 0.00000e+00
5.987506 7.11203373e-02 1.94842134e-02 9.06045507e-02 7.38528880e-03 2.36479971e+00 2.28263239e+00 1.85897284e-02 2.739612e-01 9.652540e-01 9.132004e+00 1.575707e+01 4.968099e-01 5.1919e-03 9.6923e-03 -2.2631e-07 0.04074 5.02112e-02 1.25524e-01 2.69887e-01 0.00000e+00
6.037402 7.04018829e-02 1.92835194e-02 8.96854023e-02 7.38375140e-03 2.34594068e+00 2.22486793e+00 1.82832345e-02 2.739063e-01 9.483905e-01 8.926030e+00 1.577682e+01 5.078346e-01 5.0818e-03 9.5321e-03 -1.3899e-06 0.04076 5.04795e-02 1.26649e-01 2.71261e-01 0.00000e+00
6.087298 6.96303883e-02 1.91006012e-02 8.87309895e-02 7.37793832e-03 2.32884006e+00 2.17140538e+00 1.80009818e-02 2.743142e-01 9.323978e-01 8.679560e+00 1.577344e+01 5.249701e-01 4.9528e-03 9.2800e-03 +6.4086e-06 0.04078 5.10537e-02 1.28450e-01 2.73568e-01 0.00000e+00
6.137194 6.88899557e-02 1.89255714e-02 8.78155271e-02 7.36802582e-03 2.31320441e+00 2.12187241e+00 1.77403073e-02 2.747218e-01 9.172870e-01 8.387753e+00 1.574568e+01 5.039470e-01 4.8029e-03 8.9518e-03 +7.9040e-06 0.04139 5.17825e-02 1.30499e-01 2.76115e-01 0.00000e+00
6.187090 6.82088484e-02 1.87555919e-02 8.69644404e-02 7.35423104e-03 2.29878021e+00 2.07673812e+00 1.75020733e-02 2.749730e-01 9.034087e-01 8.130790e+00 1.566081e+01 5.067136e-01 4.6373e-03 8.5896e-03 -8.5534e-07 0.04168 5.25870e-02 1.32604e-01 2.78622e-01 0.00000e+00
6.236985 6.74701958e-02 1.86016181e-02 8.60718139e-02 7.33666008e-03 2.28535837e+00 2.03804290e+00 1.72936051e-02 2.757013e-01 8.917826e-01 7.980651e+00 1.561126e+01 5.185683e-01 4.4674e-03 8.2496e-03 -1.3207e-06 0.04160 5.35977e-02 1.35124e-01 2.81755e-01 0.00000e+00
6.286881 6.67574211e-02 1.84560325e-02 8.52134536e-02 7.31524726e-03 2.27265210e+00 2.00354716e+00 1.71047970e-02 2.764641e-01 8.815899e-01 8.114959e+00 1.554969e+01 5.208734e-01 4.3018e-03 7.9675e-03 -1.9568e-06 0.04171 5.46865e-02 1.37768e-01 2.85075e-01 0.00000e+00
6.336777 6.60206758e-02 1.83211355e-02 8.43418113e-02 7.28982786e-03 2.26056260e+00 1.97349513e+00 1.69362309e-02 2.775060e-01 8.730106e-01 8.581680e+00 1.543400e+01 5.320617e-01 4.1496e-03 7.7562e-03 +1.3308e-06 0.04179 5.58615e-02 1.40567e-01 2.88613e-01 0.00000e+00
6.386673 6.52518573e-02 1.81967787e-02 8.34486360e-02 7.26022274e-03 2.24902518e+00 1.94751025e+00 1.67861417e-02 2.788699e-01 8.659353e-01 8.983750e+00 1.532812e+01 5.190564e-01 4.0162e-03 7.6027e-03 +8.5793e-06 0.04211 5.70674e-02 1.43377e-01 2.92098e-01 0.00000e+00
6.436569 6.45688349e-02 1.80695758e-02 8.26384107e-02 7.22629887e-03 2.23793984e+00 1.92271137e+00 1.66426049e-02 2.798498e-01 8.591435e-01 9.250868e+00 1.524632e+01 5.062740e-01 3.9007e-03 7.4726e-03 +2.2797e-06 0.04236 5.81024e-02 1.45695e-01 2.94753e-01 0.00000e+00
6.486465 6.38652888e-02 1.79499016e-02 8.18151904e-02 7.18795239e-03 2.22712990e+00 1.90102445e+00 1.65126174e-02 2.810588e-01 8.535759e-01 9.515811e+00 1.515396e+01 5.212988e-01 3.8027e-03 7.3499e-03 -2.6101e-06 0.04208 5.91636e-02 1.48010e-01 2.97394e-01 0.00000e+00
6.536361 6.31293306e-02 1.78389830e-02 8.09683136e-02 7.14511228e-03 2.21638482e+00 1.88277978e+00 1.63966584e-02 2.825784e-01 8.494823e-01 9.649902e+00 1.506604e+01 5.248331e-01 3.7201e-03 7.2205e-03 -1.7205e-06 0.04210 6.03023e-02 1.50454e-01 3.00272e-01 0.00000e+00
6.586257 6.24248771e-02 1.77311757e-02 8.01560529e-02 7.09776474e-03 2.20562619e+00 1.86696849e+00 1.62903787e-02 2.840402e-01 8.464573e-01 9.680800e+00 1.494553e+01 5.337327e-01 3.6525e-03 7.0843e-03 -1.9676e-06 0.04195 6.14310e-02 1.52819e-01 3.03085e-01 0.00000e+00
6.636152 6.16662624e-02 1.76334387e-02 7.92997011e-02 7.04592222e-03 2.19462613e+00 1.85496829e+00 1.61983777e-02 2.859495e-01 8.452320e-01 9.878018e+00 1.488353e+01 5.386715e-01 3.6014e-03 6.9568e-03 +5.8728e-06 0.04163 6.26355e-02 1.55324e-01 3.06212e-01 0.00000e+00
6.686048 6.09533888e-02 1.75324856e-02 7.84858745e-02 6.98961779e-03 2.18338530e+00 1.84438406e+00 1.61110774e-02 2.876376e-01 8.447360e-01 1.166791e+01 1.480805e+01 5.233931e-01 3.5668e-03 6.8408e-03 +5.8341e-06 0.04160 6.36745e-02 1.57429e-01 3.08896e-01 0.00000e+00
6.735944 6.02770669e-02 1.74273655e-02 7.77044324e-02 6.92892600e-03 2.17173234e+00 1.83530093e+00 1.60281331e-02 2.891210e-01 8.450862e-01 1.324420e+01 1.472467e+01 5.237186e-01 3.5504e-03 6.7417e-03 -2.0199e-06 0.04129 6.45501e-02 1.59130e-01 3.11111e-01 0.00000e+00
6.785840 5.95514498e-02 1.73296880e-02 7.68811378e-02 6.86397055e-03 2.15959784e+00 1.82959587e+00 1.59567749e-02 2.910036e-01 8.471929e-01 1.461800e+01 1.459587e+01 5.324286e-01 3.5574e-03 6.6625e-03 -2.1854e-06 0.04080 6.54372e-02 1.60830e-01 3.13450e-01 0.00000e+00
6.835736 5.88563565e-02 1.72313081e-02 7.60876645e-02 6.79491807e-03 2.14700218e+00 1.82519760e+00 1.58887991e-02 2.927689e-01 8.501145e-01 1.573740e+01 1.449160e+01 5.393158e-01 3.5941e-03 6.5957e-03 -2.7986e-06 0.04045 6.62508e-02 1.62333e-01 3.15619e-01 0.00000e+00
6.885632 5.81404025e-02 1.71368876e-02 7.52772900e-02 6.72200451e-03 2.13371483e+00 1.82259778e+00 1.58252504e-02 2.947501e-01 8.541900e-01 1.665413e+01 1.436068e+01 5.484491e-01 3.6703e-03 6.5343e-03 +1.5691e-06 0.03971 6.70899e-02 1.63847e-01 3.17875e-01 0.00000e+00
6.935528 5.74040956e-02 1.70427804e-02 7.44468760e-02 6.64555430e-03 2.11971575e+00 1.82044173e+00 1.57606299e-02 2.968914e-01 8.588141e-01 1.738751e+01 1.415225e+01 5.337817e-01 3.7910e-03 6.4712e-03 +7.3993e-06 0.03939 6.78763e-02 1.65164e-01 3.19867e-01 0.00000e+00
6.985424 5.67480069e-02 1.69367820e-02 7.36847888e-02 6.56598262e-03 2.10502007e+00 1.81577918e+00 1.56831970e-02 2.984560e-01 8.625947e-01 1.791409e+01 1.398789e+01 5.211013e-01 3.9490e-03 6.4013e-03 +8.4286e-07 0.03879 6.84355e-02 1.65866e-01 3.20936e-01 0.00000e+00
7.035320 5.60651057e-02 1.68324847e-02 7.28975905e-02 6.48379160e-03 2.08943640e+00 1.81035606e+00 1.55991698e-02 3.002310e-01 8.664327e-01 1.829791e+01 1.373355e+01 5.310100e-01 4.1283e-03 6.3279e-03 -2.9621e-06 0.03822 6.90152e-02 1.66519e-01 3.21911e-01 0.00000e+00
7.085215 5.53745689e-02 1.67299473e-02 7.21045162e-02 6.39954677e-03 2.07293002e+00 1.80350814e+00 1.55057527e-02 3.021233e-01 8.700285e-01 1.854431e+01 1.348025e+01 5.343828e-01 4.3011e-03 6.2487e-03 -2.4649e-06 0.03819 6.96506e-02 1.67237e-01 3.22983e-01 0.00000e+00
7.135111 5.47070560e-02 1.66254315e-02 7.13324875e-02 6.31384014e-03 2.05554201e+00 1.79428577e+00 1.53993111e-02 3.038992e-01 8.729015e-01 1.864791e+01 1.323534e+01 5.376359e-01 4.4462e-03 6.1639e-03 -1.7793e-06 0.03818 7.02749e-02 1.67881e-01 3.23953e-01 0.00000e+00
7.185007 5.39977020e-02 1.65263195e-02 7.05240215e-02 6.22723603e-03 2.03721526e+00 1.78398887e+00 1.52848165e-02 3.060560e-01 8.756997e-01 1.868679e+01 1.293172e+01 5.327670e-01 4.5614e-03 6.0766e-03 +5.8175e-06 0.03812 7.09268e-02 1.68578e-01 3.25022e-01 0.00000e+00
7.234903 5.33438009e-02 1.64182335e-02 6.97620344e-02 6.14026529e-03 2.01806023e+00 1.77039126e+00 1.51538060e-02 3.077815e-01 8.772737e-01 1.862580e+01 1.260988e+01 5.152843e-01 4.6398e-03 5.9816e-03 +4.4806e-06 0.03804 7.13753e-02 1.68868e-01 3.25547e-01 0.00000e+00
7.284799 5.27190262e-02 1.63046248e-02 6.90236509e-02 6.05342532e-03 1.99801773e+00 1.75459791e+00 1.50104626e-02 3.092740e-01 8.781693e-01 1.850133e+01 1.228919e+01 5.131783e-01 4.6846e-03 5.8806e-03 -2.5154e-06 0.03780 7.16804e-02 1.68914e-01 3.25770e-01 0.00000e+00
7.334695 5.20548263e-02 1.61967035e-02 6.82515299e-02 5.96716865e-03 1.97719428e+00 1.73840778e+00 1.48624082e-02 3.111470e-01 8.792296e-01 1.834237e+01 1.197027e+01 5.154122e-01 4.6978e-03 5.7754e-03 -2.5425e-06 0.03780 7.19879e-02 1.69044e-01 3.26199e-01 0.00000e+00
7.384591 5.14290608e-02 1.60870032e-02 6.75160640e-02 5.88188186e-03 1.95566535e+00 1.72061925e+00 1.47051384e-02 3.127999e-01 8.798127e-01 1.810480e+01 1.165645e+01 5.162615e-01 4.6750e-03 5.6628e-03 -2.9612e-06 0.03781 7.22094e-02 1.69079e-01 3.26581e-01 0.00000e+00
7.434487 5.07821195e-02 1.59821201e-02 6.67642396e-02 5.79789808e-03 1.93339744e+00 1.70280900e+00 1.45448258e-02 3.147194e-01 8.807341e-01 1.784496e+01 1.133387e+01 5.189316e-01 4.6324e-03 5.5478e-03 +2.1449e-06 0.03745 7.24412e-02 1.69238e-01 3.27253e-01 0.00000e+00
7.484382 5.01343251e-02 1.58763010e-02 6.60106261e-02 5.71548902e-03 1.91049634e+00 1.68459601e+00 1.43803694e-02 3.166753e-01 8.817583e-01 1.757775e+01 1.102314e+01 5.022456e-01 4.5831e-03 5.4315e-03 +6.5359e-06 0.03724 7.25960e-02 1.69311e-01 3.27894e-01 0.00000e+00
7.534278 4.95578741e-02 1.57593481e-02 6.53172222e-02 5.63486893e-03 1.88713573e+00 1.66477027e+00 1.42076240e-02 3.179989e-01 8.821677e-01 1.726211e+01 1.071908e+01 4.911537e-01 4.5302e-03 5.3161e-03 -5.3923e-08 0.03691 7.25614e-02 1.69003e-01 3.28021e-01 0.00000e+00
7.584174 4.89531845e-02 1.56457919e-02 6.45989764e-02 5.55621003e-03 1.86335191e+00 1.64542949e+00 1.40351256e-02 3.196072e-01 8.830482e-01 1.694784e+01 1.042046e+01 4.958075e-01 4.4776e-03 5.2049e-03 -3.0697e-06 0.03663 7.25446e-02 1.68762e-01 3.28304e-01 0.00000e+00
7.634070 4.83574880e-02 1.55338464e-02 6.38913343e-02 5.47965335e-03 1.83915250e+00 1.62621195e+00 1.38614578e-02 3.212294e-01 8.842181e-01 1.661257e+01 1.012114e+01 4.986954e-01 4.4169e-03 5.0943e-03 -2.8808e-06 0.03666 7.25706e-02 1.68656e-01 3.28860e-01 0.00000e+00
7.683966 4.77804815e-02 1.54219060e-02 6.32023876e-02 5.40529749e-03 1.81458027e+00 1.60715936e+00 1.36869585e-02 3.227658e-01 8.856921e-01 1.625718e+01 9.833679e+00 5.026469e-01 4.3520e-03 4.9864e-03 -1.2792e-06 0.03644 7.26389e-02 1.68663e-01 3.29637e-01 0.00000e+00
7.733862 4.71715138e-02 1.53142981e-02 6.24858118e-02 5.33321223e-03 1.78981496e+00 1.58900870e+00 1.35152946e-02 3.246514e-01 8.878061e-01 1.591689e+01 9.565145e+00 4.978383e-01 4.2925e-03 4.8828e-03 +5.7466e-06 0.03607 7.27683e-02 1.68802e-01 3.30649e-01 0.00000e+00
7.783758 4.66212405e-02 1.51963674e-02 6.18176080e-02 5.26342773e-03 1.76498246e+00 1.56996055e+00 1.33397720e-02 3.259537e-01 8.895049e-01 1.555440e+01 9.304834e+00 4.853451e-01 4.2368e-03 4.7796e-03 +3.3271e-06 0.03565 7.27845e-02 1.68672e-01 3.31259e-01 0.00000e+00
7.833654 4.60916025e-02 1.50741832e-02 6.11657856e-02 5.19596024e-03 1.74005484e+00 1.55100613e+00 1.31642439e-02 3.270484e-01 8.913547e-01 1.519687e+01 9.050601e+00 4.902022e-01 4.1847e-03 4.6777e-03 -2.8021e-06 0.03498 7.27899e-02 1.68500e-01 3.31803e-01 0.00000e+00
7.883550 4.55328019e-02 1.49560227e-02 6.04888246e-02 5.13083858e-03 1.71507372e+00 1.53297637e+00 1.29922004e-02 3.284670e-01 8.938254e-01 1.485136e+01 8.800153e+00 4.961231e-01 4.1326e-03 4.5781e-03 -2.8337e-06 0.03505 7.28922e-02 1.68534e-01 3.32679e-01 0.00000e+00
7.933445 4.50148473e-02 1.48357301e-02 5.98505774e-02 5.06806173e-03 1.69011078e+00 1.51492193e+00 1.28201309e-02 3.295742e-01 8.963448e-01 1.448343e+01 8.563444e+00 5.015380e-01 4.0770e-03 4.4803e-03 -2.9400e-06 0.03514 7.30156e-02 1.68599e-01 3.33621e-01 0.00000e+00
7.983341 4.44712998e-02 1.47196318e-02 5.91909316e-02 5.00761309e-03 1.66517071e+00 1.49779189e+00 1.26518504e-02 3.309917e-01 8.994825e-01 1.413092e+01 8.335371e+00 5.073346e-01 4.0234e-03 4.3858e-03 +2.6598e-06 0.03460 7.32209e-02 1.68832e-01 3.34856e-01 0.00000e+00
8.033237 4.39429750e-02 1.45993068e-02 5.85422819e-02 4.94949138e-03 1.64031635e+00 1.48072525e+00 1.24841664e-02 3.322330e-01 9.027071e-01 1.378926e+01 8.117214e+00 5.000309e-01 3.9737e-03 4.2942e-03 +5.6957e-06 0.03391 7.34047e-02 1.68995e-01 3.36002e-01 0.00000e+00
8.083133 4.34732348e-02 1.44683123e-02 5.79415471e-02 4.89367911e-03 1.61562491e+00 1.46310288e+00 1.23149112e-02 3.328097e-01 9.055956e-01 1.343995e+01 7.913170e+00 4.984516e-01 3.9288e-03 4.2085e-03 -7.8048e-07 0.03341 7.34951e-02 1.68912e-01 3.36753e-01 0.00000e+00
8.133029 4.29761389e-02 1.43399659e-02 5.73161048e-02 4.84016248e-03 1.59111757e+00 1.44634414e+00 1.21498468e-02 3.336727e-01 9.090115e-01 1.311351e+01 7.713503e+00 5.079794e-01 3.8874e-03 4.1309e-03 -3.1763e-06 0.03327 7.36255e-02 1.68895e-01 3.37635e-01 0.00000e+00
8.182925 4.24938008e-02 1.42118263e-02 5.67056271e-02 4.78892920e-03 1.56669224e+00 1.42972212e+00 1.19856574e-02 3.344447e-01 9.125737e-01 1.278130e+01 7.525212e+00 5.137430e-01 3.8428e-03 4.0621e-03 -3.1171e-06 0.03319 7.37771e-02 1.68927e-01 3.38657e-01 0.00000e+00
8.232821 4.20265797e-02 1.40843325e-02 5.61109123e-02 4.73995965e-03 1.54228501e+00 1.41342898e+00 1.18228559e-02 3.351292e-01 9.164512e-01 1.245541e+01 7.347826e+00 5.227416e-01 3.7965e-03 4.0042e-03 -6.8892e-07 0.03283 7.39570e-02 1.69031e-01 3.39869e-01 0.00000e+00
8.282717 4.15320191e-02 1.39588252e-02 5.54908443e-02 4.69324087e-03 1.51803806e+00 1.39784687e+00 1.16635397e-02 3.360979e-01 9.208247e-01 1.215395e+01 7.173723e+00 5.212411e-01 3.7531e-03 3.9585e-03 +5.5902e-06 0.03233 7.41525e-02 1.69178e-01 3.41198e-01 0.00000e+00
8.332613 4.10978217e-02 1.38231137e-02 5.49209354e-02 4.64873724e-03 1.49406768e+00 1.38150368e+00 1.15022854e-02 3.363466e-01 9.246594e-01 1.184793e+01 7.003791e+00 5.142112e-01 3.7137e-03 3.9253e-03 +2.3830e-06 0.03170 7.42016e-02 1.69004e-01 3.41997e-01 0.00000e+00
8.382508 4.06694032e-02 1.36845910e-02 5.43539941e-02 4.60641079e-03 1.47029783e+00 1.36521395e+00 1.13420471e-02 3.364837e-01 9.285288e-01 1.155469e+01 6.838715e+00 5.217928e-01 3.6771e-03 3.9064e-03 -2.9330e-06 0.03115 7.41928e-02 1.68734e-01 3.42640e-01 0.00000e+00
8.432404 4.02236787e-02 1.35493010e-02 5.37729797e-02 4.56624866e-03 1.44662578e+00 1.34944071e+00 1.11842659e-02 3.368489e-01 9.328195e-01 1.128284e+01 6.681934e+00 5.268415e-01 3.6402e-03 3.9016e-03 -3.0156e-06 0.03118 7.42094e-02 1.68579e-01 3.43502e-01 0.00000e+00
8.482300 3.98123927e-02 1.34134537e-02 5.32258464e-02 4.52821075e-03 1.42310214e+00 1.33346327e+00 1.10262617e-02 3.369165e-01 9.370116e-01 1.100629e+01 6.660848e+00 5.328512e-01 3.6022e-03 3.9091e-03 -2.6524e-06 0.03104 7.41897e-02 1.68416e-01 3.44375e-01 0.00000e+00
8.532196 3.93740939e-02 1.32813384e-02 5.26554323e-02 4.49224983e-03 1.39982398e+00 1.31797173e+00 1.08711828e-02 3.373116e-01 9.415268e-01 1.074928e+01 6.701684e+00 5.380726e-01 3.5667e-03 3.9285e-03 +3.1949e-06 0.03085 7.41742e-02 1.68338e-01 3.45388e-01 0.00000e+00
8.582092 3.89564188e-02 1.31449087e-02 5.21013275e-02 4.45832249e-03 1.37683448e+00 1.30212130e+00 1.07158231e-02 3.374260e-01 9.457355e-01 1.050605e+01 6.733174e+00 5.269230e-01 3.5354e-03 3.9580e-03 +4.9776e-06 0.03103 7.40705e-02 1.68121e-01 3.46115e-01 0.00000e+00
8.631988 3.85876283e-02 1.30012180e-02 5.15888463e-02 4.42637268e-03 1.35413566e+00 1.28566680e+00 1.05592098e-02 3.369271e-01 9.494372e-01 1.028342e+01 6.759621e+00 5.265904e-01 3.5089e-03 3.9961e-03 -1.2250e-06 0.03093 7.38572e-02 1.67705e-01 3.46424e-01 0.00000e+00
8.681884 3.81886910e-02 1.28605270e-02 5.10492180e-02 4.39636234e-03 1.33179980e+00 1.26963628e+00 1.04057443e-02 3.367627e-01 9.533237e-01 1.012324e+01 6.785544e+00 5.348072e-01 3.4857e-03 4.0409e-03 -3.1292e-06 0.03065 7.36476e-02 1.67363e-01 3.46812e-01 0.00000e+00
8.731780 3.78094429e-02 1.27212656e-02 5.05307085e-02 4.36824595e-03 1.30976607e+00 1.25338394e+00 1.02526000e-02 3.364574e-01 9.569525e-01 1.007140e+01 6.802202e+00 5.349472e-01 3.4621e-03 4.0862e-03 -3.0972e-06 0.03071 7.34176e-02 1.67046e-01 3.47227e-01 0.00000e+00
8.781675 3.74343035e-02 1.25848688e-02 5.00191723e-02 4.34196490e-03 1.28800392e+00 1.23717591e+00 1.01007193e-02 3.361855e-01 9.605374e-01 1.001468e+01 6.805475e+00 5.417776e-01 3.4384e-03 4.1303e-03 +6.3992e-08 0.03066 7.31971e-02 1.66813e-01 3.47778e-01 0.00000e+00
8.831571 3.70397470e-02 1.24498814e-02 4.94896284e-02 4.31747477e-03 1.26662302e+00 1.22121406e+00 9.95134834e-03 3.361222e-01 9.641496e-01 9.955105e+00 6.806354e+00 5.350621e-01 3.4174e-03 4.1749e-03 +5.5018e-06 0.03052 7.29781e-02 1.66621e-01 3.48356e-01 0.00000e+00
8.881467 3.67016494e-02 1.23078704e-02 4.90095199e-02 4.29472531e-03 1.24572552e+00 1.20448835e+00 9.80085546e-03 3.353492e-01 9.668971e-01 9.866145e+00 6.811538e+00 5.261685e-01 3.4001e-03 4.2184e-03 +1.7141e-06 0.03040 7.26257e-02 1.66142e-01 3.48366e-01 0.00000e+00
8.931363 3.63576249e-02 1.21656983e-02 4.85233233e-02 4.27367511e-03 1.22529734e+00 1.18782433e+00 9.65248667e-03 3.346120e-01 9.694172e-01 9.756725e+00 6.809474e+00 5.324979e-01 3.3851e-03 4.2606e-03 -2.8781e-06 0.03025 7.22291e-02 1.65589e-01 3.48207e-01 0.00000e+00
8.981259 3.60024190e-02 1.20274322e-02 4.80298513e-02 4.25429814e-03 1.20521420e+00 1.17134647e+00 9.50624267e-03 3.340729e-01 9.718990e-01 9.633642e+00 6.809407e+00 5.322272e-01 3.3680e-03 4.2982e-03 -2.9855e-06 0.03031 7.18452e-02 1.65110e-01 3.48196e-01 0.00000e+00
9.031155 3.56760510e-02 1.18913529e-02 4.75674038e-02 4.23655080e-03 1.18546038e+00 1.15472624e+00 9.36074648e-03 3.333147e-01 9.740741e-01 9.495976e+00 6.791044e+00 5.364671e-01 3.3472e-03 4.3288e-03 -2.0883e-06 0.03020 7.14351e-02 1.64622e-01 3.48212e-01 0.00000e+00
9.081051 3.53204369e-02 1.17592302e-02 4.70796671e-02 4.22039477e-03 1.16615635e+00 1.13859071e+00 9.21898825e-03 3.329299e-01 9.763620e-01 9.353227e+00 6.766288e+00 5.408883e-01 3.3253e-03 4.3562e-03 +3.7561e-06 0.02988 7.10274e-02 1.64177e-01 3.48310e-01 0.00000e+00
9.130947 3.49887944e-02 1.16242223e-02 4.66130166e-02 4.20579923e-03 1.14732427e+00 1.12209383e+00 9.07767238e-03 3.322270e-01 9.780093e-01 9.201028e+00 6.747065e+00 5.234569e-01 3.3038e-03 4.3813e-03 +4.4317e-06 0.02997 7.05046e-02 1.63482e-01 3.47950e-01 0.00000e+00
9.180843 3.46948591e-02 1.14861469e-02 4.61810059e-02 4.19273376e-03 1.12888581e+00 1.10520769e+00 8.93637401e-03 3.310619e-01 9.790252e-01 9.042526e+00 6.729501e+00 5.228616e-01 3.2817e-03 4.4043e-03 -1.3881e-06 0.02991 6.98600e-02 1.62522e-01 3.47125e-01 0.00000e+00
9.230738 3.43700927e-02 1.13519967e-02 4.57220895e-02 4.18117916e-03 1.11083391e+00 1.08873530e+00 8.79827683e-03 3.302871e-01 9.801063e-01 8.884514e+00 6.708163e+00 5.284954e-01 3.2569e-03 4.4246e-03 -2.9533e-06 0.02971 6.91974e-02 1.61560e-01 3.46318e-01 0.00000e+00
9.280634 3.40677644e-02 1.12207544e-02 4.52885188e-02 4.17110445e-03 1.09315694e+00 1.07219333e+00 8.66140109e-03 3.293657e-01 9.808229e-01 8.720876e+00 6.672280e+00 5.304372e-01 3.2268e-03 4.4373e-03 -2.8267e-06 0.02960 6.84764e-02 1.60505e-01 3.45388e-01 0.00000e+00
9.330530 3.37578644e-02 1.10937017e-02 4.48515661e-02 4.16246158e-03 1.07583920e+00 1.05581843e+00 8.52663050e-03 3.286257e-01 9.813906e-01 8.561560e+00 6.624971e+00 5.362920e-01 3.1921e-03 4.4445e-03 +9.4108e-07 0.02951 6.77192e-02 1.59405e-01 3.44421e-01 0.00000e+00
9.380426 3.34366285e-02 1.09683811e-02 4.44050096e-02 4.15520811e-03 1.05886125e+00 1.03949036e+00 8.39340643e-03 3.280349e-01 9.817059e-01 8.406105e+00 6.583764e+00 5.226280e-01 3.1552e-03 4.4509e-03 +5.4530e-06 0.02949 6.68995e-02 1.58175e-01 3.43234e-01 0.00000e+00
9.430322 3.31656453e-02 1.08396818e-02 4.40053271e-02 4.14929720e-03 1.04226052e+00 1.02256674e+00 8.25930906e-03 3.268346e-01 9.811047e-01 8.255950e+00 6.542245e+00 5.114502e-01 3.1176e-03 4.4573e-03 +1.2688e-06 0.02936 6.59192e-02 1.56561e-01 3.41331e-01 0.00000e+00
9.480218 3.28815979e-02 1.07125387e-02 4.35941366e-02 4.14468423e-03 1.02607694e+00 1.00565279e+00 8.12691890e-03 3.257913e-01 9.800949e-01 8.107104e+00 6.501397e+00 5.201683e-01 3.0787e-03 4.4645e-03 -2.6845e-06 0.02909 6.48652e-02 1.54778e-01 3.39091e-01 0.00000e+00
9.530114 3.25886973e-02 1.05899246e-02 4.31786219e-02 4.14131030e-03 1.01020989e+00 9.88739975e-01 7.99579945e-03 3.249570e-01 9.787471e-01 7.960901e+00 6.451126e+00 5.159515e-01 3.0352e-03 4.4694e-03 -2.8046e-06 0.02916 6.37797e-02 1.52944e-01 3.36771e-01 0.00000e+00
9.580010 3.23202699e-02 1.04713761e-02 4.27916460e-02 4.13908104e-03 9.94621671e-01 9.71747443e-01 7.86547646e-03 3.239879e-01 9.770021e-01 7.811265e+00 6.397761e+00 5.195443e-01 2.9868e-03 4.4717e-03 -1.3730e-06 0.02907 6.26582e-02 1.51044e-01 3.34359e-01 0.00000e+00
9.629905 3.20206530e-02 1.03568273e-02 4.23774803e-02 4.13789523e-03 9.79399587e-01 9.54957386e-01 7.73742789e-03 3.234421e-01 9.750437e-01 7.662677e+00 6.344156e+00 5.182433e-01 2.9368e-03 4.4769e-03 +4.2727e-06 0.02876 6.15260e-02 1.49124e-01 3.31886e-01 0.00000e+00
9.679801 3.17504692e-02 1.02410995e-02 4.19915687e-02 4.13765891e-03 9.64575409e-01 9.37706943e-01 7.60912941e-03 3.225495e-01 9.721448e-01 7.490744e+00 6.291009e+00 4.957908e-01 2.8869e-03 4.4858e-03 +3.9816e-06 0.02869 6.02925e-02 1.46932e-01 3.28808e-01 0.00000e+00
9.729697 3.15034241e-02 1.01253056e-02 4.16287297e-02 4.13826983e-03 9.50101280e-01 9.20121893e-01 7.48089269e-03 3.214033e-01 9.684461e-01 7.326549e+00 6.236157e+00 4.909101e-01 2.8367e-03 4.4982e-03 -1.4354e-06 0.02860 5.89867e-02 1.44542e-01 3.25265e-01 0.00000e+00
9.779593 3.12299738e-02 1.00141110e-02 4.12440848e-02 4.13961351e-03 9.35960197e-01 9.02803066e-01 7.35505305e-03 3.206570e-01 9.645742e-01 7.141776e+00 6.189099e+00 4.917047e-01 2.7846e-03 4.5122e-03 -2.7561e-06 0.02845 5.77104e-02 1.42218e-01 3.21797e-01 0.00000e+00
9.829489 3.09782909e-02 9.90696755e-03 4.08852584e-02 4.14155083e-03 9.22166185e-01 8.85615927e-01 7.23112845e-03 3.198036e-01 9.603648e-01 6.933417e+00 6.131430e+00 4.916690e-01 2.7296e-03 4.5221e-03 -2.4307e-06 0.02827 5.64593e-02 1.39943e-01 3.18366e-01 0.00000e+00
9.879385 3.07129535e-02 9.80412450e-03 4.05170780e-02 4.14393559e-03 9.08755320e-01 8.68795496e-01 7.11020326e-03 3.192179e-01 9.560280e-01 6.720594e+00 6.069730e+00 4.962212e-01 2.6732e-03 4.5288e-03 +1.7496e-06 0.02801 5.52647e-02 1.37781e-01 3.15078e-01 0.00000e+00
9.929281 3.04403924e-02 9.70333102e-03 4.01437234e-02 4.14663328e-03 8.95688712e-01 8.52148458e-01 6.99134868e-03 3.187650e-01 9.513891e-01 6.486905e+00 6.014188e+00 4.696870e-01 2.6172e-03 4.5338e-03 +5.3137e-06 0.02796 5.41003e-02 1.35646e-01 3.11733e-01 0.00000e+00
9.979177 3.02147016e-02 9.60187545e-03 3.98165771e-02 4.14951513e-03 8.82936735e-01 8.35439655e-01 6.87350556e-03 3.177882e-01 9.462056e-01 6.226537e+00 5.962046e+00 4.498205e-01 2.5628e-03 4.5352e-03 +8.9888e-07 0.02783 5.29271e-02 1.33418e-01 3.08067e-01 0.00000e+00
10.000121 3.01159489e-02 9.55987071e-03 3.96758196e-02 4.15075190e-03 8.77694095e-01 8.28538363e-01 6.82492983e-03 3.174355e-01 9.439945e-01 6.111589e+00 5.940723e+00 4.524119e-01 2.5403e-03 4.5343e-03 -1.1730e-06 0.02767 5.24526e-02 1.32507e-01 3.06539e-01 0.00000e+00
