# tg_mhd (CUDA FP64)  tgc_noslip_cond_n256_re250  N=256 L=256 Re=250 Pm=1 u0=0.05 nu_lat=1.623380e-02 eta_lat=1.623380e-02 tau_f=0.548701 tau_m=0.564935 dt=6.159986e-04
# t E_V E_M E_T H_C Omega_V Omega_M eps EM/EV OmM/OmV j_max w_max skew divb/j divb_wall/j mass_drift umax_lat fw1 fw2 fw4 tau_wall
0.000000 1.23046905e-01 1.25000000e-01 2.48046905e-01 1.20726372e-20 3.56133182e+01 1.49969646e+00 2.96904118e-01 1.015873e+00 4.211055e-02 3.463620e+00 1.217420e+02 1.494387e-18 3.3668e-15 5.1489e-15 +0.0000e+00 0.04999 9.53864e-01 9.57912e-01 9.66165e-01 2.38073e-01
0.049896 1.17310273e-01 1.23980777e-01 2.41291050e-01 -3.22547361e-05 8.67722626e+00 1.49644467e+00 8.13893674e-02 1.056862e+00 1.724566e-01 3.595334e+00 3.951788e+01 1.580225e-01 3.1026e-04 1.4749e-03 -1.4179e-05 0.04999 8.32481e-01 8.47148e-01 8.77076e-01 7.57170e-02
0.099792 1.14321926e-01 1.23564079e-01 2.37886005e-01 -6.83347461e-05 6.29387338e+00 1.51013001e+00 6.24320271e-02 1.080843e+00 2.399365e-01 3.756212e+00 3.099199e+01 1.203571e-01 4.1197e-04 2.0172e-03 -1.2993e-06 0.05082 7.80304e-01 8.00190e-01 8.39454e-01 5.44208e-02
0.149688 1.11962815e-01 1.23056517e-01 2.35019333e-01 -1.06254770e-04 5.20254803e+00 1.52954375e+00 5.38567342e-02 1.099084e+00 2.939990e-01 3.894910e+00 2.487589e+01 6.341607e-02 4.6994e-04 2.3321e-03 +9.9017e-06 0.05030 7.39625e-01 7.66814e-01 8.12793e-01 4.50640e-02
0.199584 1.10114421e-01 1.22222062e-01 2.32336483e-01 -1.65404370e-04 4.53258509e+00 1.55023183e+00 4.86625354e-02 1.109955e+00 3.420194e-01 4.062463e+00 2.206107e+01 3.711399e-02 5.1063e-04 2.5522e-03 -1.3862e-05 0.05024 7.01920e-01 7.39457e-01 7.90793e-01 3.88294e-02
0.249479 1.08483607e-01 1.21781018e-01 2.30264625e-01 -2.36846659e-04 4.11464534e+00 1.58093340e+00 4.55646299e-02 1.122575e+00 3.842211e-01 4.209934e+00 2.177521e+01 9.789581e-02 5.3925e-04 2.6993e-03 -6.9846e-06 0.05098 6.68344e-01 7.17491e-01 7.73391e-01 3.50590e-02
0.299375 1.06878473e-01 1.21203476e-01 2.28081949e-01 -2.98341631e-04 3.78691769e+00 1.61464809e+00 4.32125263e-02 1.134031e+00 4.263753e-01 4.350988e+00 1.842319e+01 2.168286e-01 5.6152e-04 2.8175e-03 -8.4183e-06 0.05031 6.35494e-01 6.96717e-01 7.57118e-01 3.23816e-02
0.349271 1.05280686e-01 1.20385709e-01 2.25666394e-01 -3.55667999e-04 3.52538846e+00 1.65026899e+00 4.14052596e-02 1.143474e+00 4.681098e-01 4.534218e+00 1.836757e+01 2.493401e-01 5.7853e-04 2.9084e-03 -1.3760e-05 0.05003 6.04018e-01 6.76943e-01 7.41908e-01 3.02651e-02
0.399167 1.03768493e-01 1.20023783e-01 2.23792276e-01 -4.34498307e-04 3.36913194e+00 1.69588520e+00 4.05201371e-02 1.156650e+00 5.033597e-01 4.697827e+00 1.807667e+01 2.129949e-01 5.9475e-04 2.9863e-03 +7.6992e-06 0.04967 5.78591e-01 6.61251e-01 7.30486e-01 2.84193e-02
0.449063 1.02477264e-01 1.19245209e-01 2.21722474e-01 -5.14382961e-04 3.23132907e+00 1.73988100e+00 3.97696806e-02 1.163626e+00 5.384413e-01 4.850162e+00 1.663540e+01 2.056043e-01 6.0470e-04 3.0435e-03 -5.2520e-06 0.04968 5.53497e-01 6.45051e-01 7.18634e-01 2.77218e-02
0.498959 1.01237246e-01 1.18577037e-01 2.19814283e-01 -5.76953550e-04 3.09353418e+00 1.78891642e+00 3.90596048e-02 1.171279e+00 5.782760e-01 4.988536e+00 1.724626e+01 1.962148e-01 6.1596e-04 3.0994e-03 -1.4987e-05 0.04865 5.27456e-01 6.27105e-01 7.05685e-01 2.59875e-02
0.548855 9.99534801e-02 1.18039188e-01 2.17992668e-01 -6.38187132e-04 2.99241832e+00 1.84426660e+00 3.86934793e-02 1.180941e+00 6.163131e-01 5.118118e+00 1.595847e+01 2.637894e-01 6.2487e-04 3.1439e-03 -6.2001e-06 0.04869 5.04324e-01 6.10532e-01 6.94288e-01 2.52310e-02
0.598751 9.87191475e-02 1.17192536e-01 2.15911684e-01 -7.19074823e-04 2.90992144e+00 1.89983665e+00 3.84780647e-02 1.187131e+00 6.528825e-01 5.244271e+00 1.617878e+01 3.144308e-01 6.3237e-04 3.1844e-03 -1.6572e-05 0.04867 4.82722e-01 5.94409e-01 6.83294e-01 2.41080e-02
0.648646 9.74623160e-02 1.16570428e-01 2.14032744e-01 -7.84543866e-04 2.81903495e+00 1.96354416e+00 3.82606328e-02 1.196056e+00 6.965306e-01 5.383398e+00 1.597172e+01 3.349635e-01 6.4098e-04 3.2279e-03 -3.6799e-06 0.04829 4.59812e-01 5.76571e-01 6.71391e-01 2.32418e-02
0.698542 9.62647088e-02 1.15847139e-01 2.12111848e-01 -8.39827228e-04 2.82583541e+00 2.02937459e+00 3.88416800e-02 1.203423e+00 7.181503e-01 5.500569e+00 1.574759e+01 2.985113e-01 6.4959e-04 3.2632e-03 +2.9849e-06 0.04785 4.47392e-01 5.66408e-01 6.65451e-01 2.38505e-02
0.748438 9.52087869e-02 1.14884279e-01 2.10093066e-01 -8.85433799e-04 2.76361806e+00 2.09280159e+00 3.88513572e-02 1.206656e+00 7.572687e-01 5.576274e+00 1.589207e+01 2.974732e-01 6.5733e-04 3.2910e-03 -1.5900e-05 0.04789 4.26694e-01 5.49123e-01 6.53742e-01 2.25021e-02
0.798334 9.42203257e-02 1.14101736e-01 2.08322062e-01 -9.33681981e-04 2.71224398e+00 2.16425584e+00 3.90119985e-02 1.211010e+00 7.979577e-01 5.657702e+00 1.561802e+01 3.429089e-01 6.6753e-04 3.3131e-03 -1.0302e-05 0.04741 4.07094e-01 5.32241e-01 6.42662e-01 2.16770e-02
0.848230 9.32065559e-02 1.13134560e-01 2.06341116e-01 -9.79776852e-04 2.69178919e+00 2.23662562e+00 3.94273185e-02 1.213805e+00 8.309067e-01 5.720548e+00 1.582568e+01 3.773391e-01 6.7756e-04 3.3456e-03 -1.2493e-05 0.04782 3.91085e-01 5.17702e-01 6.33259e-01 2.16908e-02
0.898126 9.21677051e-02 1.12065171e-01 2.04232876e-01 -1.00341706e-03 2.66241295e+00 2.31155860e+00 3.97917724e-02 1.215883e+00 8.682194e-01 5.759580e+00 1.569327e+01 4.081725e-01 6.8971e-04 3.3734e-03 -1.4945e-05 0.04725 3.73878e-01 5.01863e-01 6.22849e-01 2.09563e-02
0.948022 9.12060959e-02 1.11100382e-01 2.02306478e-01 -1.01886106e-03 2.66424164e+00 2.39258232e+00 4.04545917e-02 1.218125e+00 8.980350e-01 5.802610e+00 1.604919e+01 3.953977e-01 7.0532e-04 3.4005e-03 +2.3671e-06 0.04709 3.60500e-01 4.88959e-01 6.14818e-01 2.09095e-02
0.997918 9.03991925e-02 1.09842945e-01 2.00242137e-01 -1.02864176e-03 2.66929653e+00 2.46873443e+00 4.11042477e-02 1.215088e+00 9.248633e-01 5.800069e+00 1.525102e+01 3.739411e-01 7.2178e-04 3.4205e-03 -9.1177e-06 0.04653 3.47238e-01 4.75602e-01 6.05873e-01 2.09056e-02
1.047814 8.96477353e-02 1.08554313e-01 1.98202048e-01 -1.01791824e-03 2.64171115e+00 2.54737785e+00 4.15127120e-02 1.210899e+00 9.642908e-01 5.768535e+00 1.591500e+01 4.005198e-01 7.4254e-04 3.4447e-03 -1.6316e-05 0.04603 3.29788e-01 4.58604e-01 5.94070e-01 1.97160e-02
1.097709 8.88896086e-02 1.07268948e-01 1.96158557e-01 -9.95033750e-04 2.66245362e+00 2.63049770e+00 4.23436105e-02 1.206766e+00 9.879976e-01 5.988076e+00 1.580173e+01 4.055400e-01 7.6705e-04 3.4640e-03 -1.0730e-05 0.04606 3.18670e-01 4.46613e-01 5.86118e-01 2.01069e-02
1.147605 8.81866814e-02 1.05770876e-01 1.93957557e-01 -9.71561354e-04 2.64707368e+00 2.71122592e+00 4.28663968e-02 1.199397e+00 1.024235e+00 6.337780e+00 1.613182e+01 4.201370e-01 7.9490e-04 3.4864e-03 -1.7981e-05 0.04597 3.03044e-01 4.30605e-01 5.74833e-01 1.90606e-02
1.197501 8.74963056e-02 1.04315763e-01 1.91812068e-01 -9.30481584e-04 2.64059704e+00 2.79916614e+00 4.35181054e-02 1.192230e+00 1.060050e+00 6.720427e+00 1.549306e+01 4.470846e-01 8.2965e-04 3.5166e-03 -6.3288e-06 0.04503 2.88720e-01 4.15708e-01 5.64615e-01 1.87910e-02
1.247397 8.68647564e-02 1.02752499e-01 1.89617255e-01 -8.81462793e-04 2.69259166e+00 2.88515087e+00 4.46219403e-02 1.182902e+00 1.071514e+00 7.116773e+00 1.640188e+01 3.817457e-01 8.6959e-04 3.5404e-03 -2.4553e-06 0.04491 2.82089e-01 4.06909e-01 5.58632e-01 1.95156e-02
1.297293 8.63344357e-02 1.00998607e-01 1.87333043e-01 -7.88883370e-04 2.68108135e+00 2.96494356e+00 4.51681993e-02 1.169853e+00 1.105876e+00 7.545974e+00 1.502794e+01 3.831461e-01 9.1503e-04 3.5458e-03 -1.7296e-05 0.04355 2.67476e-01 3.91166e-01 5.47037e-01 1.84816e-02
1.347189 8.58457970e-02 9.92848310e-02 1.85130628e-01 -6.96542589e-04 2.68037362e+00 3.05097571e+00 4.58507947e-02 1.156549e+00 1.138265e+00 7.982564e+00 1.580425e+01 4.107137e-01 9.7002e-04 3.5591e-03 -1.3046e-05 0.04316 2.54588e-01 3.76978e-01 5.36852e-01 1.79179e-02
1.397085 8.53458576e-02 9.74569472e-02 1.82802805e-01 -6.22599526e-04 2.70350953e+00 3.13506923e+00 4.67086301e-02 1.141906e+00 1.159629e+00 8.455835e+00 1.638238e+01 3.864041e-01 1.0328e-03 3.5700e-03 -1.5684e-05 0.04341 2.45340e-01 3.65622e-01 5.28639e-01 1.81221e-02
1.446981 8.48159545e-02 9.55841368e-02 1.80400091e-01 -5.25217319e-04 2.69335706e+00 3.21954281e+00 4.73031990e-02 1.126959e+00 1.195364e+00 8.929385e+00 1.560592e+01 4.241664e-01 1.1049e-03 3.5788e-03 -1.5689e-05 0.04246 2.32340e-01 3.51124e-01 5.18173e-01 1.71743e-02
1.496876 8.43062152e-02 9.37237574e-02 1.78029973e-01 -3.90518405e-04 2.71043793e+00 3.30736947e+00 4.81424592e-02 1.111706e+00 1.220234e+00 9.419259e+00 1.527483e+01 4.007824e-01 1.1870e-03 3.5916e-03 -1.9667e-06 0.04127 2.23403e-01 3.40269e-01 5.10724e-01 1.73963e-02
1.546772 8.38861598e-02 9.17003460e-02 1.75586506e-01 -2.55455170e-04 2.73387019e+00 3.38390892e+00 4.89422328e-02 1.093152e+00 1.237772e+00 9.941820e+00 1.532451e+01 3.632309e-01 1.2744e-03 3.5732e-03 -1.2173e-05 0.04058 2.15920e-01 3.30311e-01 5.03411e-01 1.73470e-02
1.596668 8.34719663e-02 8.96800299e-02 1.73151996e-01 -1.08986397e-04 2.71041568e+00 3.45960620e+00 4.93601751e-02 1.074373e+00 1.276412e+00 1.046062e+01 1.475423e+01 4.049518e-01 1.3694e-03 3.5553e-03 -1.7421e-05 0.04094 2.03141e-01 3.15928e-01 4.92937e-01 1.63081e-02
1.646564 8.30084293e-02 8.76632188e-02 1.70671648e-01 3.64725225e-05 2.72272686e+00 3.53492171e+00 5.00611885e-02 1.056076e+00 1.298302e+00 1.093181e+01 1.531547e+01 3.848724e-01 1.4710e-03 3.5412e-03 -1.3752e-05 0.04115 1.95800e-01 3.06393e-01 4.86421e-01 1.64611e-02
1.696460 8.25425684e-02 8.55728772e-02 1.68115446e-01 1.93975876e-04 2.71360518e+00 3.60084509e+00 5.05156022e-02 1.036712e+00 1.326960e+00 1.132279e+01 1.491127e+01 3.848328e-01 1.5760e-03 3.5151e-03 -1.9021e-05 0.04171 1.86758e-01 2.95390e-01 4.78995e-01 1.59447e-02
1.746356 8.20450404e-02 8.35321613e-02 1.65577202e-01 3.58284056e-04 2.70065842e+00 3.66597842e+00 5.09330947e-02 1.018126e+00 1.357439e+00 1.168703e+01 1.431583e+01 4.025548e-01 1.6879e-03 3.4949e-03 -8.5918e-06 0.04213 1.78110e-01 2.85165e-01 4.72883e-01 1.54333e-02
1.796252 8.15512223e-02 8.14515836e-02 1.63002806e-01 5.33971024e-04 2.70915809e+00 3.71794311e+00 5.14168096e-02 9.987782e-01 1.372361e+00 1.206053e+01 1.410908e+01 3.514161e-01 1.8032e-03 3.4642e-03 -6.3225e-06 0.04307 1.73119e-01 2.78165e-01 4.69133e-01 1.57980e-02
1.846148 8.10927256e-02 7.93227690e-02 1.60415495e-01 7.39291388e-04 2.68820384e+00 3.75197128e+00 5.15214009e-02 9.781737e-01 1.395717e+00 1.240064e+01 1.300691e+01 3.463977e-01 1.9208e-03 3.4111e-03 -1.8176e-05 0.04340 1.65249e-01 2.68682e-01 4.63522e-01 1.51672e-02
1.896044 8.06135213e-02 7.72479249e-02 1.57861446e-01 9.48725729e-04 2.66694435e+00 3.77844759e+00 5.15631356e-02 9.582502e-01 1.416770e+00 1.267857e+01 1.321477e+01 3.487019e-01 2.0432e-03 3.3684e-03 -1.5216e-05 0.04357 1.58227e-01 2.60420e-01 4.59667e-01 1.46707e-02
1.945939 8.01054239e-02 7.51611004e-02 1.55266524e-01 1.13122364e-03 2.65673113e+00 3.78584709e+00 5.15406257e-02 9.382773e-01 1.425002e+00 1.293963e+01 1.359160e+01 3.140631e-01 2.1631e-03 3.3194e-03 -1.7740e-05 0.04416 1.53570e-01 2.54457e-01 4.57945e-01 1.45150e-02
1.995835 7.95494033e-02 7.31076659e-02 1.52657069e-01 1.32418302e-03 2.62454370e+00 3.77854913e+00 5.12247426e-02 9.190222e-01 1.439698e+00 1.313037e+01 1.257216e+01 3.287801e-01 2.2787e-03 3.2799e-03 -1.6047e-05 0.04390 1.46759e-01 2.46995e-01 4.55886e-01 1.38065e-02
2.045731 7.89702799e-02 7.11107638e-02 1.50081044e-01 1.54619979e-03 2.61703616e+00 3.75682116e+00 5.09908585e-02 9.004750e-01 1.435525e+00 1.327907e+01 1.194300e+01 3.002513e-01 2.3837e-03 3.2459e-03 -5.5945e-06 0.04403 1.43814e-01 2.43432e-01 4.57326e-01 1.40221e-02
2.095627 7.84509997e-02 6.90842801e-02 1.47535280e-01 1.78683426e-03 2.60256886e+00 3.70871849e+00 5.04902987e-02 8.806042e-01 1.425022e+00 1.335675e+01 1.114181e+01 2.707939e-01 2.4642e-03 3.1828e-03 -1.4245e-05 0.04406 1.40492e-01 2.39510e-01 4.57992e-01 1.38527e-02
2.145523 7.79209723e-02 6.71192581e-02 1.45040230e-01 2.02176225e-03 2.57194885e+00 3.64802143e+00 4.97597622e-02 8.613760e-01 1.418388e+00 1.336147e+01 1.084722e+01 2.872968e-01 2.5198e-03 3.1260e-03 -1.8251e-05 0.04361 1.35328e-01 2.34304e-01 4.58011e-01 1.31540e-02
2.195419 7.73373729e-02 6.52222596e-02 1.42559632e-01 2.23726382e-03 2.55518068e+00 3.57787578e+00 4.90644517e-02 8.433472e-01 1.400244e+00 1.337170e+01 1.132331e+01 2.733250e-01 2.5440e-03 3.0855e-03 -1.6013e-05 0.04347 1.32466e-01 2.31457e-01 4.59977e-01 1.29764e-02
2.245315 7.67412047e-02 6.33503548e-02 1.40091559e-01 2.46036487e-03 2.53090754e+00 3.49585780e+00 4.82141227e-02 8.255064e-01 1.381267e+00 1.328695e+01 1.059201e+01 2.741332e-01 2.5316e-03 3.0423e-03 -1.9715e-05 0.04342 1.28896e-01 2.28114e-01 4.61310e-01 1.25203e-02
2.295211 7.61145518e-02 6.15655083e-02 1.37680060e-01 2.70036574e-03 2.51282588e+00 3.41306913e+00 4.74071601e-02 8.088533e-01 1.358259e+00 1.320059e+01 9.878626e+00 2.807519e-01 2.4897e-03 3.0070e-03 -1.0424e-05 0.04303 1.26457e-01 2.26175e-01 4.63747e-01 1.23304e-02
2.345107 7.54899901e-02 5.98200747e-02 1.35310065e-01 2.94037302e-03 2.50080514e+00 3.32367738e+00 4.65958602e-02 7.924239e-01 1.329043e+00 1.305019e+01 9.787945e+00 2.564425e-01 2.4208e-03 2.9695e-03 -9.3624e-06 0.04346 1.25089e-01 2.25131e-01 4.65763e-01 1.23954e-02
2.395002 7.48911582e-02 5.81081498e-02 1.32999308e-01 3.18638985e-03 2.47935560e+00 3.22977456e+00 4.56730412e-02 7.759013e-01 1.302667e+00 1.285660e+01 9.185350e+00 2.580002e-01 2.3348e-03 2.9245e-03 -1.8931e-05 0.04337 1.22456e-01 2.22785e-01 4.65568e-01 1.20032e-02
2.444898 7.42676221e-02 5.64834210e-02 1.30751043e-01 3.43373727e-03 2.45513963e+00 3.14107659e+00 4.47697298e-02 7.605390e-01 1.279388e+00 1.264452e+01 9.614228e+00 2.603324e-01 2.2441e-03 2.8895e-03 -1.6892e-05 0.04361 1.19590e-01 2.20470e-01 4.65102e-01 1.15983e-02
2.494794 7.36247717e-02 5.48943197e-02 1.28519091e-01 3.65968311e-03 2.43493334e+00 3.05320158e+00 4.39050794e-02 7.455958e-01 1.253916e+00 1.241186e+01 9.818097e+00 2.435712e-01 2.1554e-03 2.8599e-03 -1.9090e-05 0.04434 1.17611e-01 2.18889e-01 4.64317e-01 1.14247e-02
2.544690 7.29419574e-02 5.33656038e-02 1.26307561e-01 3.87731631e-03 2.40778704e+00 2.96992591e+00 4.30217036e-02 7.316174e-01 1.233467e+00 1.213849e+01 8.983194e+00 2.507242e-01 2.0801e-03 2.8392e-03 -1.6656e-05 0.04428 1.14717e-01 2.16643e-01 4.62573e-01 1.09224e-02
2.594586 7.22454878e-02 5.19043982e-02 1.24149886e-01 4.10652121e-03 2.39466924e+00 2.89045853e+00 4.22810222e-02 7.184448e-01 1.207039e+00 1.188751e+01 8.753091e+00 2.329630e-01 2.0219e-03 2.8270e-03 -8.4418e-06 0.04472 1.14296e-01 2.16687e-01 4.61759e-01 1.11315e-02
2.644482 7.15979821e-02 5.04568271e-02 1.22054809e-01 4.35289260e-03 2.37800259e+00 2.80809001e+00 4.14887408e-02 7.047242e-01 1.180861e+00 1.157437e+01 8.221007e+00 2.158064e-01 1.9807e-03 2.7995e-03 -1.5774e-05 0.04509 1.13460e-01 2.15986e-01 4.59100e-01 1.11644e-02
2.694378 7.09466716e-02 4.90717648e-02 1.20018436e-01 4.58926072e-03 2.35280759e+00 2.72954551e+00 4.06588249e-02 6.916711e-01 1.160123e+00 1.125357e+01 7.862024e+00 2.122164e-01 1.9562e-03 2.7739e-03 -1.9027e-05 0.04501 1.11394e-01 2.14280e-01 4.55392e-01 1.07044e-02
2.744274 7.02597732e-02 4.77381139e-02 1.17997887e-01 4.79382371e-03 2.32261151e+00 2.65469884e+00 3.98184828e-02 6.794516e-01 1.142980e+00 1.095760e+01 8.237598e+00 2.102861e-01 1.9457e-03 2.7626e-03 -1.7784e-05 0.04547 1.08636e-01 2.12020e-01 4.50994e-01 1.02393e-02
2.794169 6.95654554e-02 4.64320670e-02 1.15997522e-01 4.98957938e-03 2.29740275e+00 2.58143267e+00 3.90306834e-02 6.674587e-01 1.123631e+00 1.063408e+01 7.811340e+00 2.059043e-01 1.9443e-03 2.7558e-03 -2.0084e-05 0.04554 1.06960e-01 2.10665e-01 4.46790e-01 1.00568e-02
2.844065 6.88507756e-02 4.51914759e-02 1.14042252e-01 5.20155231e-03 2.27738355e+00 2.51291051e+00 3.83223525e-02 6.563684e-01 1.103420e+00 1.031291e+01 7.216018e+00 2.013968e-01 1.9474e-03 2.7525e-03 -1.1961e-05 0.04533 1.06524e-01 2.10673e-01 4.43646e-01 1.00639e-02
2.893961 6.81516038e-02 4.39767001e-02 1.12128304e-01 5.41356988e-03 2.26226692e+00 2.44373773e+00 3.76480372e-02 6.452776e-01 1.080216e+00 9.987038e+00 7.095515e+00 1.897635e-01 1.9504e-03 2.7460e-03 -1.1858e-05 0.04533 1.07209e-01 2.11431e-01 4.40473e-01 1.03593e-02
2.943857 6.74798224e-02 4.27916767e-02 1.10271499e-01 5.61595462e-03 2.23619259e+00 2.37473196e+00 3.68873964e-02 6.341403e-01 1.061953e+00 9.660988e+00 6.978406e+00 1.881349e-01 1.9518e-03 2.7333e-03 -1.9411e-05 0.04492 1.05993e-01 2.10259e-01 4.35468e-01 9.95058e-03
2.993753 6.67892746e-02 4.16687287e-02 1.08458003e-01 5.80577212e-03 2.20652504e+00 2.31027537e+00 3.61344033e-02 6.238835e-01 1.047020e+00 9.346585e+00 7.054125e+00 1.883521e-01 1.9508e-03 2.7305e-03 -1.8116e-05 0.04476 1.04348e-01 2.08888e-01 4.30516e-01 9.61424e-03
3.043649 6.60906333e-02 4.05680079e-02 1.06658641e-01 5.98361413e-03 2.17591327e+00 2.24767451e+00 3.53887022e-02 6.138239e-01 1.032980e+00 9.029409e+00 7.241259e+00 1.952665e-01 1.9458e-03 2.7323e-03 -2.0071e-05 0.04454 1.02766e-01 2.07487e-01 4.25502e-01 9.40261e-03
3.093545 6.53675738e-02 3.95075281e-02 1.04875102e-01 6.15358189e-03 2.14962575e+00 2.18867724e+00 3.47064239e-02 6.043903e-01 1.018167e+00 8.721357e+00 7.119187e+00 1.957235e-01 1.9371e-03 2.7361e-03 -1.7128e-05 0.04404 1.02366e-01 2.07266e-01 4.21557e-01 9.25608e-03
3.143441 6.46365304e-02 3.84950711e-02 1.03131602e-01 6.32237902e-03 2.12742828e+00 2.13268480e+00 3.40809046e-02 5.955622e-01 1.002471e+00 8.422751e+00 7.113562e+00 1.935720e-01 1.9247e-03 2.7458e-03 -1.0663e-05 0.04357 1.03066e-01 2.08030e-01 4.18405e-01 9.41626e-03
3.193337 6.39497977e-02 3.74989637e-02 1.01448761e-01 6.49763137e-03 2.10737277e+00 2.07642790e+00 3.34704054e-02 5.863813e-01 9.853159e-01 8.128085e+00 7.093942e+00 1.880470e-01 1.9079e-03 2.7501e-03 -1.6898e-05 0.04300 1.04436e-01 2.09009e-01 4.15106e-01 9.67072e-03
3.243232 6.32625614e-02 3.65469948e-02 9.98095563e-02 6.67087540e-03 2.07777471e+00 2.02336360e+00 3.28091064e-02 5.777034e-01 9.738128e-01 7.845645e+00 7.061287e+00 1.896691e-01 1.8887e-03 2.7515e-03 -1.9638e-05 0.04246 1.04056e-01 2.08450e-01 4.10892e-01 9.33560e-03
3.293128 6.25504558e-02 3.56298925e-02 9.81803483e-02 6.81701028e-03 2.03910480e+00 1.97374719e+00 3.21028159e-02 5.696184e-01 9.679479e-01 7.570155e+00 7.001607e+00 1.978681e-01 1.8676e-03 2.7642e-03 -1.9014e-05 0.04196 1.01920e-01 2.06387e-01 4.05816e-01 8.85205e-03
3.343024 6.18365964e-02 3.47339685e-02 9.65705649e-02 6.94711258e-03 2.00377785e+00 1.92674349e+00 3.14441707e-02 5.617057e-01 9.615554e-01 7.303816e+00 6.933519e+00 2.023376e-01 1.8448e-03 2.7825e-03 -2.0249e-05 0.04140 1.00699e-01 2.05082e-01 4.01418e-01 8.62182e-03
3.392920 6.11071985e-02 3.38824105e-02 9.49896090e-02 7.08786042e-03 1.98022613e+00 1.88359131e+00 3.09105395e-02 5.544749e-01 9.512001e-01 7.052441e+00 6.865477e+00 2.013166e-01 1.8218e-03 2.8046e-03 -1.3326e-05 0.04075 1.02410e-01 2.06528e-01 3.99436e-01 8.90541e-03
3.442816 6.03982809e-02 3.30495858e-02 9.34478667e-02 7.23536046e-03 1.95884905e+00 1.84099813e+00 3.03987774e-02 5.471941e-01 9.398367e-01 6.801736e+00 6.769133e+00 1.936216e-01 1.7975e-03 2.8248e-03 -1.3689e-05 0.04009 1.04801e-01 2.08307e-01 3.97701e-01 9.32620e-03
3.492712 5.97138669e-02 3.22399865e-02 9.19538534e-02 7.37360770e-03 1.92820954e+00 1.79950439e+00 2.98217115e-02 5.399079e-01 9.332515e-01 6.555474e+00 6.693347e+00 1.902399e-01 1.7733e-03 2.8422e-03 -1.9764e-05 0.03948 1.05154e-01 2.08102e-01 3.94480e-01 9.02828e-03
3.542608 5.90162612e-02 3.14699489e-02 9.04862102e-02 7.49464827e-03 1.88937131e+00 1.76118031e+00 2.92044130e-02 5.332420e-01 9.321515e-01 6.329714e+00 6.594526e+00 1.965278e-01 1.7507e-03 2.8658e-03 -1.9123e-05 0.03889 1.03612e-01 2.06332e-01 3.90370e-01 8.56677e-03
3.592504 5.83182881e-02 3.07129382e-02 8.90312263e-02 7.60539993e-03 1.85188016e+00 1.72421411e+00 2.86087542e-02 5.266433e-01 9.310614e-01 6.108998e+00 6.496100e+00 2.025849e-01 1.7291e-03 2.8964e-03 -2.0683e-05 0.03823 1.02435e-01 2.04819e-01 3.86620e-01 8.38939e-03
3.642399 5.76085317e-02 2.99826650e-02 8.75911968e-02 7.71697788e-03 1.82153662e+00 1.68947169e+00 2.80880665e-02 5.204553e-01 9.274981e-01 5.898225e+00 6.406228e+00 2.025013e-01 1.7095e-03 2.9273e-03 -1.7543e-05 0.03770 1.03152e-01 2.05120e-01 3.84592e-01 8.44245e-03
3.692295 5.68962388e-02 2.92812698e-02 8.61775086e-02 7.82661618e-03 1.79676382e+00 1.65597161e+00 2.76218834e-02 5.146433e-01 9.216412e-01 5.703031e+00 6.290433e+00 1.977320e-01 1.6928e-03 2.9610e-03 -1.2528e-05 0.03705 1.05310e-01 2.06712e-01 3.83750e-01 8.71710e-03
3.742191 5.62253113e-02 2.85897406e-02 8.48150519e-02 7.93462757e-03 1.77246092e+00 1.62148402e+00 2.71515596e-02 5.084852e-01 9.148207e-01 5.649808e+00 6.358552e+00 1.904035e-01 1.6779e-03 2.9887e-03 -1.7827e-05 0.03650 1.07540e-01 2.08087e-01 3.82647e-01 8.92538e-03
3.792087 5.55568708e-02 2.79282369e-02 8.34851077e-02 8.04090389e-03 1.74042798e+00 1.58806642e+00 2.66279552e-02 5.026964e-01 9.124574e-01 5.595953e+00 6.259267e+00 1.927281e-01 1.6667e-03 3.0144e-03 -2.0108e-05 0.03604 1.07706e-01 2.07699e-01 3.80392e-01 8.64244e-03
3.841983 5.48771192e-02 2.72864656e-02 8.21635847e-02 8.13159790e-03 1.70139744e+00 1.55551541e+00 2.60553028e-02 4.972285e-01 9.142575e-01 5.547317e+00 5.987904e+00 2.002017e-01 1.6585e-03 3.0442e-03 -1.9990e-05 0.03570 1.05907e-01 2.05659e-01 3.77070e-01 8.23793e-03
3.891879 5.42005187e-02 2.66572125e-02 8.08577312e-02 8.20926737e-03 1.66696263e+00 1.52324711e+00 2.55216779e-02 4.918258e-01 9.137860e-01 5.499698e+00 5.896097e+00 2.099697e-01 1.6527e-03 3.0738e-03 -2.0493e-05 0.03555 1.05225e-01 2.04638e-01 3.74688e-01 8.03541e-03
3.941775 5.35155611e-02 2.60570481e-02 7.95726092e-02 8.28859369e-03 1.64282375e+00 1.49193866e+00 2.50780992e-02 4.869060e-01 9.081550e-01 5.453571e+00 6.029869e+00 2.091378e-01 1.6500e-03 3.1022e-03 -1.4529e-05 0.03514 1.07320e-01 2.06238e-01 3.74593e-01 8.31415e-03
3.991671 5.28539420e-02 2.54696815e-02 7.83236236e-02 8.37346545e-03 1.62406756e+00 1.45956201e+00 2.46690365e-02 4.818880e-01 8.987077e-01 5.400052e+00 6.391885e+00 1.992409e-01 1.6484e-03 3.1256e-03 -1.5207e-05 0.03464 1.10827e-01 2.08943e-01 3.75334e-01 8.83329e-03
4.041567 5.22150342e-02 2.48983714e-02 7.71134056e-02 8.45542096e-03 1.59966999e+00 1.42658450e+00 2.42100359e-02 4.768430e-01 8.917992e-01 5.341343e+00 6.205070e+00 1.988712e-01 1.6476e-03 3.1395e-03 -2.0225e-05 0.03420 1.12599e-01 2.10038e-01 3.74826e-01 8.70487e-03
4.091462 5.15663377e-02 2.43529685e-02 7.59193062e-02 8.52068040e-03 1.56401815e+00 1.39431356e+00 2.36666537e-02 4.722648e-01 8.914945e-01 5.279918e+00 5.794264e+00 2.103020e-01 1.6480e-03 3.1533e-03 -2.0012e-05 0.03407 1.10859e-01 2.08120e-01 3.72114e-01 8.12725e-03
4.141358 5.09239410e-02 2.38183697e-02 7.47423108e-02 8.57274898e-03 1.53000896e+00 1.36214261e+00 2.31372125e-02 4.677244e-01 8.902841e-01 5.213985e+00 5.637758e+00 2.239955e-01 1.6474e-03 3.1666e-03 -2.1198e-05 0.03405 1.09346e-01 2.06403e-01 3.69631e-01 7.89406e-03
4.191254 5.02758232e-02 2.33038833e-02 7.35797065e-02 8.62699206e-03 1.50691888e+00 1.33073137e+00 2.27012020e-02 4.635207e-01 8.830810e-01 5.146435e+00 5.797453e+00 2.311411e-01 1.6463e-03 3.1773e-03 -1.8084e-05 0.03372 1.11025e-01 2.07633e-01 3.69681e-01 8.09342e-03
4.241150 4.96282254e-02 2.28089667e-02 7.24371922e-02 8.68147762e-03 1.49042340e+00 1.29953337e+00 2.23196542e-02 4.595967e-01 8.719223e-01 5.071048e+00 6.270334e+00 2.239262e-01 1.6441e-03 3.1827e-03 -1.4237e-05 0.03320 1.14632e-01 2.10568e-01 3.71196e-01 8.52129e-03
4.291046 4.90147986e-02 2.23238839e-02 7.13386826e-02 8.72971848e-03 1.47051843e+00 1.26770507e+00 2.19057880e-02 4.554519e-01 8.620804e-01 4.981185e+00 6.322512e+00 2.184175e-01 1.6391e-03 3.1782e-03 -1.8675e-05 0.03275 1.16967e-01 2.12173e-01 3.71568e-01 8.52807e-03
4.340942 4.84039181e-02 2.18605159e-02 7.02644340e-02 8.77104394e-03 1.44491396e+00 1.23678434e+00 2.14535864e-02 4.516270e-01 8.559571e-01 4.885251e+00 6.085474e+00 2.277556e-01 1.6329e-03 3.1712e-03 -2.0666e-05 0.03247 1.17248e-01 2.11980e-01 3.70653e-01 8.24557e-03
4.390838 4.77872662e-02 2.14121989e-02 6.91994651e-02 8.80248807e-03 1.41543661e+00 1.20682086e+00 2.09780597e-02 4.480733e-01 8.526138e-01 4.784815e+00 5.916732e+00 2.416376e-01 1.6246e-03 3.1636e-03 -2.0905e-05 0.03232 1.16000e-01 2.10442e-01 3.68878e-01 7.99703e-03
4.440734 4.71760604e-02 2.09751399e-02 6.81512003e-02 8.82485819e-03 1.38932614e+00 1.17787442e+00 2.05376044e-02 4.446141e-01 8.478027e-01 4.677314e+00 5.727295e+00 2.556099e-01 1.6139e-03 3.1516e-03 -2.0817e-05 0.03216 1.15651e-01 2.09705e-01 3.67978e-01 7.81659e-03
4.490629 4.65586950e-02 2.05583036e-02 6.71169986e-02 8.84324107e-03 1.37115219e+00 1.15037946e+00 2.01722532e-02 4.415567e-01 8.389874e-01 4.566546e+00 5.973174e+00 2.583269e-01 1.6020e-03 3.1395e-03 -1.5749e-05 0.03178 1.17820e-01 2.11280e-01 3.69238e-01 8.01030e-03
4.540525 4.59616430e-02 2.01511452e-02 6.61127882e-02 8.86139496e-03 1.35924567e+00 1.12322764e+00 1.98597865e-02 4.384340e-01 8.263610e-01 4.446105e+00 6.410455e+00 2.438962e-01 1.5880e-03 3.1206e-03 -1.6612e-05 0.03147 1.21994e-01 2.14501e-01 3.71926e-01 8.50433e-03
4.590421 4.53830006e-02 1.97558573e-02 6.51388579e-02 8.87769351e-03 1.34229248e+00 1.09675669e+00 1.95123933e-02 4.353140e-01 8.170773e-01 4.318830e+00 6.333451e+00 2.462041e-01 1.5727e-03 3.0950e-03 -2.0763e-05 0.03126 1.24221e-01 2.15921e-01 3.73384e-01 8.40103e-03
4.640317 4.47969564e-02 1.93769813e-02 6.41739377e-02 8.88142763e-03 1.31514130e+00 1.07183976e+00 1.90958484e-02 4.325513e-01 8.149997e-01 4.192100e+00 5.995868e+00 2.611908e-01 1.5575e-03 3.0707e-03 -2.0877e-05 0.03116 1.22528e-01 2.13925e-01 3.72529e-01 7.92912e-03
4.690213 4.42188812e-02 1.90058911e-02 6.32247723e-02 8.87229171e-03 1.28832816e+00 1.04817229e+00 1.86920035e-02 4.298139e-01 8.135911e-01 4.073731e+00 5.685307e+00 2.779519e-01 1.5416e-03 3.0454e-03 -2.1758e-05 0.03115 1.20643e-01 2.11761e-01 3.71891e-01 7.66262e-03
4.740109 4.36378495e-02 1.86482906e-02 6.22861402e-02 8.86167828e-03 1.27164480e+00 1.02602497e+00 1.83813581e-02 4.273421e-01 8.068487e-01 4.007730e+00 5.827921e+00 2.892719e-01 1.5267e-03 3.0199e-03 -1.8754e-05 0.03107 1.22339e-01 2.12889e-01 3.74340e-01 7.82547e-03
4.790005 4.30592688e-02 1.83017487e-02 6.13610174e-02 8.85190448e-03 1.26120032e+00 1.00478784e+00 1.81279053e-02 4.250362e-01 7.966917e-01 3.991403e+00 6.311270e+00 2.776394e-01 1.5127e-03 2.9925e-03 -1.5777e-05 0.03116 1.26266e-01 2.16045e-01 3.78709e-01 8.27498e-03
4.839901 4.25084280e-02 1.79598666e-02 6.04682946e-02 8.83740555e-03 1.24828603e+00 9.83825162e-01 1.78568895e-02 4.225013e-01 7.881408e-01 3.990631e+00 6.314881e+00 2.700479e-01 1.4995e-03 2.9608e-03 -1.9546e-05 0.03117 1.29082e-01 2.18152e-01 3.82328e-01 8.29936e-03
4.889797 4.19589455e-02 1.76301229e-02 5.95890684e-02 8.81484332e-03 1.22778156e+00 9.63899349e-01 1.75334473e-02 4.201755e-01 7.850740e-01 3.984653e+00 5.988698e+00 2.848571e-01 1.4883e-03 2.9301e-03 -2.1331e-05 0.03109 1.28700e-01 2.17498e-01 3.84039e-01 7.94271e-03
4.939692 4.14084027e-02 1.73086513e-02 5.87170540e-02 8.78404131e-03 1.20489614e+00 9.44966478e-01 1.71989009e-02 4.179985e-01 7.842721e-01 3.976965e+00 5.817039e+00 3.000090e-01 1.4788e-03 2.9015e-03 -2.1710e-05 0.03117 1.27095e-01 2.15855e-01 3.85245e-01 7.74689e-03
4.989588 4.08655296e-02 1.69932400e-02 5.78587696e-02 8.74917853e-03 1.18647951e+00 9.26927389e-01 1.69072552e-02 4.158331e-01 7.812418e-01 3.989611e+00 5.718800e+00 3.202764e-01 1.4708e-03 2.8741e-03 -2.1251e-05 0.03110 1.27091e-01 2.15767e-01 3.87916e-01 7.66535e-03
5.039484 4.03179513e-02 1.66882891e-02 5.70062404e-02 8.71173324e-03 1.17471166e+00 9.09732284e-01 1.66755516e-02 4.139171e-01 7.744303e-01 4.053258e+00 5.912401e+00 3.211416e-01 1.4646e-03 2.8497e-03 -1.6981e-05 0.03103 1.29665e-01 2.18159e-01 3.92728e-01 7.86615e-03
5.089380 3.97888984e-02 1.63871538e-02 5.61760521e-02 8.67192207e-03 1.16559380e+00 8.92492196e-01 1.64646879e-02 4.118524e-01 7.656974e-01 4.108956e+00 6.164354e+00 3.064948e-01 1.4588e-03 2.8242e-03 -1.7896e-05 0.03104 1.33197e-01 2.21445e-01 3.98040e-01 8.17219e-03
5.139276 3.92748011e-02 1.60915615e-02 5.53663626e-02 8.63053756e-03 1.15317218e+00 8.75390590e-01 1.62285022e-02 4.097172e-01 7.591153e-01 4.172546e+00 6.097304e+00 3.142240e-01 1.4534e-03 2.8005e-03 -2.1344e-05 0.03089 1.35185e-01 2.23463e-01 4.02223e-01 8.04440e-03
5.189172 3.87560656e-02 1.58041762e-02 5.45602418e-02 8.58337889e-03 1.13461866e+00 8.58885752e-01 1.59480353e-02 4.077859e-01 7.569819e-01 4.242238e+00 5.825557e+00 3.311865e-01 1.4484e-03 2.7811e-03 -2.1725e-05 0.03082 1.34371e-01 2.23190e-01 4.04667e-01 7.80180e-03
5.239068 3.82464642e-02 1.55209783e-02 5.37674425e-02 8.52856319e-03 1.11530635e+00 8.42804760e-01 1.56648889e-02 4.058147e-01 7.556711e-01 4.304695e+00 5.533666e+00 3.507560e-01 1.4431e-03 2.7643e-03 -2.2338e-05 0.03073 1.33024e-01 2.22610e-01 4.06803e-01 7.56801e-03
5.288964 3.77366000e-02 1.52453239e-02 5.29819239e-02 8.47165103e-03 1.10199964e+00 8.27307838e-01 1.54344598e-02 4.039930e-01 7.507333e-01 4.373952e+00 5.579205e+00 3.680414e-01 1.4378e-03 2.7511e-03 -1.9469e-05 0.03055 1.34180e-01 2.24492e-01 4.10792e-01 7.56394e-03
5.338860 3.72295838e-02 1.49750066e-02 5.22045904e-02 8.41641090e-03 1.09612085e+00 8.11895007e-01 1.52641268e-02 4.022341e-01 7.406984e-01 4.443984e+00 5.968411e+00 3.544064e-01 1.4317e-03 2.7405e-03 -1.7188e-05 0.03044 1.38602e-01 2.29438e-01 4.16852e-01 8.01028e-03
5.388755 3.67450624e-02 1.47066437e-02 5.14517061e-02 8.36086074e-03 1.08910154e+00 7.96168355e-01 1.50821592e-02 4.002346e-01 7.310323e-01 4.508528e+00 6.030344e+00 3.481693e-01 1.4241e-03 2.7310e-03 -2.0409e-05 0.03026 1.42493e-01 2.33970e-01 4.22154e-01 8.10752e-03
5.438651 3.62617039e-02 1.44449871e-02 5.07066911e-02 8.30059619e-03 1.07373289e+00 7.80725213e-01 1.48356648e-02 3.983538e-01 7.271131e-01 4.572005e+00 5.724837e+00 3.646931e-01 1.4159e-03 2.7240e-03 -2.2004e-05 0.03008 1.42496e-01 2.35203e-01 4.24773e-01 7.72556e-03
5.488547 3.57796064e-02 1.41883966e-02 4.99680030e-02 8.23515025e-03 1.05598357e+00 7.65665025e-01 1.45731888e-02 3.965498e-01 7.250729e-01 4.638728e+00 5.425332e+00 3.832953e-01 1.4073e-03 2.7199e-03 -2.2452e-05 0.02993 1.41280e-01 2.35499e-01 4.26533e-01 7.54277e-03
5.538443 3.53044810e-02 1.39364685e-02 4.92409495e-02 8.16903976e-03 1.04387334e+00 7.50990870e-01 1.43589137e-02 3.947507e-01 7.194272e-01 4.694510e+00 5.407029e+00 4.023250e-01 1.3983e-03 2.7190e-03 -2.1742e-05 0.02969 1.42696e-01 2.38249e-01 4.30005e-01 7.54819e-03
5.588339 3.48268735e-02 1.36910300e-02 4.85179035e-02 8.10378487e-03 1.03683946e+00 7.36632020e-01 1.41877718e-02 3.931168e-01 7.104591e-01 4.749239e+00 5.631203e+00 4.014670e-01 1.3891e-03 2.7204e-03 -1.8146e-05 0.02946 1.46598e-01 2.43293e-01 4.35056e-01 7.76369e-03
5.638235 3.43639657e-02 1.34478358e-02 4.78118015e-02 8.03806492e-03 1.02969632e+00 7.22061128e-01 1.40140596e-02 3.913354e-01 7.012370e-01 4.787487e+00 5.759108e+00 3.856450e-01 1.3789e-03 2.7224e-03 -1.9053e-05 0.02927 1.50525e-01 2.48296e-01 4.39692e-01 7.89976e-03
5.688131 3.39124855e-02 1.32084940e-02 4.71209795e-02 7.97161213e-03 1.01988510e+00 7.07496268e-01 1.38190509e-02 3.894876e-01 6.937019e-01 4.811702e+00 5.651220e+00 3.928393e-01 1.3682e-03 2.7257e-03 -2.1952e-05 0.02901 1.53207e-01 2.52175e-01 4.43214e-01 7.76942e-03
5.738027 3.34576260e-02 1.29751505e-02 4.64327765e-02 7.90349517e-03 1.00670418e+00 6.93274415e-01 1.35998288e-02 3.878085e-01 6.886575e-01 4.836856e+00 5.439990e+00 4.057835e-01 1.3575e-03 2.7300e-03 -2.2498e-05 0.02876 1.54270e-01 2.54650e-01 4.45604e-01 7.67604e-03
5.787922 3.30117635e-02 1.27457619e-02 4.57575254e-02 7.83303346e-03 9.92058847e-01 6.79337333e-01 1.33711694e-02 3.860976e-01 6.847752e-01 4.854286e+00 5.211417e+00 4.237785e-01 1.3468e-03 2.7365e-03 -2.2864e-05 0.02851 1.54656e-01 2.56501e-01 4.47439e-01 7.50586e-03
5.837818 3.25655075e-02 1.25221399e-02 4.50876473e-02 7.76199247e-03 9.81384539e-01 6.65809161e-01 1.31775496e-02 3.845216e-01 6.784386e-01 4.861663e+00 5.373560e+00 4.364640e-01 1.3362e-03 2.7440e-03 -2.0208e-05 0.02824 1.57124e-01 2.60168e-01 4.50597e-01 7.49001e-03
5.887714 3.21222821e-02 1.23028469e-02 4.44251290e-02 7.69259678e-03 9.75697520e-01 6.52332770e-01 1.30242423e-02 3.830004e-01 6.685809e-01 4.856709e+00 5.529735e+00 4.179996e-01 1.3251e-03 2.7506e-03 -1.8441e-05 0.02799 1.62259e-01 2.66044e-01 4.55219e-01 7.80539e-03
5.937610 3.16966010e-02 1.20859067e-02 4.37825077e-02 7.62516409e-03 9.69251273e-01 6.38682386e-01 1.28634693e-02 3.812998e-01 6.589441e-01 4.853830e+00 5.674782e+00 4.084692e-01 1.3129e-03 2.7557e-03 -2.1178e-05 0.02772 1.67123e-01 2.71497e-01 4.59275e-01 7.86153e-03
5.987506 3.12714468e-02 1.18740291e-02 4.31454759e-02 7.55658786e-03 9.56844463e-01 6.25258245e-01 1.26568217e-02 3.797083e-01 6.534586e-01 4.841138e+00 5.591208e+00 4.204557e-01 1.3003e-03 2.7588e-03 -2.2631e-05 0.02745 1.68951e-01 2.74231e-01 4.61273e-01 7.64192e-03
6.037402 3.08483013e-02 1.16669931e-02 4.25152944e-02 7.48519370e-03 9.41333803e-01 6.12146525e-01 1.24278426e-02 3.782054e-01 6.502970e-01 4.821416e+00 5.344345e+00 4.321325e-01 1.2874e-03 2.7608e-03 -2.3101e-05 0.02717 1.69151e-01 2.75469e-01 4.62144e-01 7.51595e-03
6.087298 3.04319861e-02 1.14649424e-02 4.18969285e-02 7.41381384e-03 9.29466776e-01 5.99388285e-01 1.22308405e-02 3.767399e-01 6.448733e-01 4.790862e+00 5.439702e+00 4.475704e-01 1.2741e-03 2.7625e-03 -2.2201e-05 0.02688 1.71337e-01 2.78351e-01 4.64248e-01 7.48479e-03
6.137194 3.00135013e-02 1.12681994e-02 4.12817007e-02 7.34490107e-03 9.21914217e-01 5.86906830e-01 1.20705684e-02 3.754377e-01 6.366176e-01 4.749813e+00 5.621163e+00 4.403984e-01 1.2602e-03 2.7616e-03 -1.9166e-05 0.02660 1.75950e-01 2.83255e-01 4.67868e-01 7.65246e-03
6.187090 2.96074683e-02 1.10740605e-02 4.06815288e-02 7.27746854e-03 9.14796056e-01 5.74352072e-01 1.19131850e-02 3.740293e-01 6.278471e-01 4.722345e+00 5.762383e+00 4.180151e-01 1.2449e-03 2.7567e-03 -2.0054e-05 0.02633 1.80875e-01 2.88247e-01 4.71402e-01 7.80240e-03
6.236985 2.92104599e-02 1.08837972e-02 4.00942571e-02 7.20988296e-03 9.03882566e-01 5.61901311e-01 1.17262710e-02 3.725993e-01 6.216530e-01 4.680420e+00 5.784903e+00 4.198869e-01 1.2285e-03 2.7474e-03 -2.2503e-05 0.02604 1.83716e-01 2.91320e-01 4.73437e-01 7.64714e-03
6.286881 2.88114345e-02 1.06988030e-02 3.95102375e-02 7.14156283e-03 8.89544353e-01 5.49801091e-01 1.15147636e-02 3.713388e-01 6.180705e-01 4.634382e+00 5.574163e+00 4.284951e-01 1.2116e-03 2.7348e-03 -2.3115e-05 0.02575 1.84601e-01 2.92665e-01 4.74234e-01 7.54219e-03
6.336777 2.84207057e-02 1.05181356e-02 3.89388413e-02 7.07299879e-03 8.76021449e-01 5.38029503e-01 1.13124076e-02 3.700871e-01 6.141739e-01 4.578928e+00 5.497949e+00 4.403455e-01 1.1942e-03 2.7203e-03 -2.3299e-05 0.02544 1.85920e-01 2.94331e-01 4.75309e-01 7.51253e-03
6.386673 2.80305962e-02 1.03427180e-02 3.83733141e-02 7.00511858e-03 8.65578842e-01 5.26643368e-01 1.11377777e-02 3.689796e-01 6.084291e-01 4.521260e+00 5.666725e+00 4.439530e-01 1.1764e-03 2.7023e-03 -2.0869e-05 0.02515 1.89015e-01 2.97513e-01 4.77590e-01 7.52656e-03
6.436569 2.76438983e-02 1.01712334e-02 3.78151318e-02 6.93897494e-03 8.56025839e-01 5.15432888e-01 1.09716698e-02 3.679377e-01 6.021230e-01 4.458674e+00 5.789980e+00 4.220090e-01 1.1577e-03 2.6797e-03 -1.9484e-05 0.02487 1.92613e-01 3.01051e-01 4.80098e-01 7.62476e-03
6.486465 2.72714650e-02 1.00024145e-02 3.72738795e-02 6.87496705e-03 8.46806075e-01 5.04291475e-01 1.08087804e-02 3.667722e-01 5.955218e-01 4.389779e+00 5.922659e+00 4.084195e-01 1.1383e-03 2.6521e-03 -2.1810e-05 0.02460 1.96369e-01 3.04631e-01 4.82543e-01 7.64301e-03
6.536361 2.69000418e-02 9.83802834e-03 3.67380701e-02 6.81117610e-03 8.34775965e-01 4.93443495e-01 1.06257557e-02 3.657254e-01 5.911089e-01 4.319843e+00 5.840515e+00 4.116866e-01 1.1188e-03 2.6195e-03 -2.3154e-05 0.02432 1.98390e-01 3.06714e-01 4.83914e-01 7.56807e-03
6.586257 2.65319025e-02 9.67808621e-03 3.62099888e-02 6.74595523e-03 8.19018346e-01 4.82957551e-01 1.04158072e-02 3.647717e-01 5.896786e-01 4.250160e+00 5.622252e+00 4.190447e-01 1.0993e-03 2.5841e-03 -2.3602e-05 0.02399 1.98052e-01 3.06760e-01 4.83825e-01 7.45369e-03
6.636152 2.61702597e-02 9.52261464e-03 3.56928743e-02 6.68084407e-03 8.05207229e-01 4.72881812e-01 1.02247123e-02 3.638716e-01 5.872796e-01 4.183175e+00 5.677666e+00 4.302752e-01 1.0803e-03 2.5472e-03 -2.2581e-05 0.02370 1.98802e-01 3.07760e-01 4.84513e-01 7.36451e-03
6.686048 2.58078195e-02 9.37151361e-03 3.51793332e-02 6.61819010e-03 7.95629752e-01 4.63145082e-01 1.00701987e-02 3.631269e-01 5.821113e-01 4.118322e+00 5.855926e+00 4.155262e-01 1.0616e-03 2.5076e-03 -2.0029e-05 0.02342 2.02144e-01 3.11007e-01 4.86923e-01 7.48492e-03
6.735944 2.54567793e-02 9.22291128e-03 3.46796906e-02 6.55813410e-03 7.86502318e-01 4.53514958e-01 9.92013821e-03 3.622969e-01 5.766225e-01 4.051348e+00 5.985780e+00 3.890560e-01 1.0431e-03 2.4647e-03 -2.0873e-05 0.02314 2.05722e-01 3.14378e-01 4.89355e-01 7.56736e-03
6.785840 2.51134674e-02 9.07737489e-03 3.41908423e-02 6.49881740e-03 7.73935875e-01 4.44098100e-01 9.74427180e-03 3.614545e-01 5.738177e-01 3.984347e+00 5.984775e+00 3.860131e-01 1.0252e-03 2.4196e-03 -2.2959e-05 0.02289 2.06992e-01 3.15749e-01 4.90282e-01 7.39562e-03
6.835736 2.47698422e-02 8.93591736e-03 3.37057595e-02 6.43854945e-03 7.58635542e-01 4.35043228e-01 9.54943016e-03 3.607579e-01 5.734548e-01 3.920076e+00 5.757040e+00 3.906971e-01 1.0084e-03 2.3743e-03 -2.3609e-05 0.02257 2.06322e-01 3.15485e-01 4.90046e-01 7.31388e-03
6.885632 2.44343732e-02 8.79822094e-03 3.32325941e-02 6.37821742e-03 7.44880884e-01 4.26341179e-01 9.36977650e-03 3.600756e-01 5.723616e-01 3.855994e+00 5.691181e+00 3.972507e-01 9.9265e-04 2.3302e-03 -2.3639e-05 0.02225 2.06542e-01 3.15993e-01 4.90433e-01 7.28975e-03
6.935528 2.41006692e-02 8.66449695e-03 3.27651661e-02 6.31968141e-03 7.33390682e-01 4.17994405e-01 9.21108070e-03 3.595127e-01 5.699478e-01 3.797247e+00 5.820991e+00 3.957841e-01 9.7815e-04 2.2873e-03 -2.1438e-05 0.02199 2.08209e-01 3.17775e-01 4.91845e-01 7.25456e-03
6.985424 2.37708660e-02 8.53349352e-03 3.23043595e-02 6.26343410e-03 7.22166074e-01 4.09848708e-01 9.05611826e-03 3.589896e-01 5.675269e-01 3.740546e+00 5.895202e+00 3.703959e-01 9.6467e-04 2.2455e-03 -2.0362e-05 0.02172 2.09955e-01 3.19604e-01 4.93272e-01 7.26977e-03
7.035320 2.34537067e-02 8.40449880e-03 3.18582055e-02 6.20890563e-03 7.11051007e-01 4.01833845e-01 8.90307882e-03 3.583442e-01 5.651266e-01 3.679991e+00 5.955725e+00 3.531791e-01 9.5215e-04 2.2050e-03 -2.2352e-05 0.02146 2.11653e-01 3.21340e-01 4.94561e-01 7.22456e-03
7.085215 2.31382298e-02 8.27868773e-03 3.14169175e-02 6.15482319e-03 6.98174511e-01 3.94077794e-01 8.73801844e-03 3.577926e-01 5.644402e-01 3.620744e+00 5.839142e+00 3.530770e-01 9.4094e-04 2.1664e-03 -2.3588e-05 0.02119 2.11964e-01 3.21902e-01 4.95007e-01 7.13608e-03
7.135111 2.28270093e-02 8.15600260e-03 3.09830119e-02 6.10015755e-03 6.83508161e-01 3.86607355e-01 8.56092413e-03 3.572962e-01 5.656221e-01 3.567709e+00 5.628863e+00 3.575783e-01 9.3099e-04 2.1310e-03 -2.3999e-05 0.02087 2.10821e-01 3.21226e-01 4.94571e-01 7.06355e-03
7.185007 2.25219894e-02 8.03650811e-03 3.05584975e-02 6.04573637e-03 6.70463631e-01 3.79434801e-01 8.39918745e-03 3.568294e-01 5.659290e-01 3.511893e+00 5.644592e+00 3.635300e-01 9.2228e-04 2.0988e-03 -2.2939e-05 0.02060 2.10713e-01 3.21461e-01 4.94865e-01 6.98147e-03
7.234903 2.22176206e-02 7.92000165e-03 3.01376223e-02 5.99346971e-03 6.59325487e-01 3.72501767e-01 8.25461803e-03 3.564739e-01 5.649740e-01 3.463305e+00 5.719254e+00 3.462012e-01 9.1470e-04 2.0694e-03 -2.0784e-05 0.02035 2.11899e-01 3.22821e-01 4.96023e-01 6.97010e-03
7.284799 2.19235859e-02 7.80503616e-03 2.97286221e-02 5.94411439e-03 6.48854294e-01 3.65655141e-01 8.11607549e-03 3.560109e-01 5.635397e-01 3.416399e+00 5.787140e+00 3.194670e-01 9.0792e-04 2.0427e-03 -2.1565e-05 0.02010 2.13460e-01 3.24445e-01 4.97307e-01 6.96348e-03
7.334695 2.16366440e-02 7.69197543e-03 2.93286195e-02 5.89584998e-03 6.37308398e-01 3.58937656e-01 7.96996843e-03 3.555069e-01 5.632087e-01 3.372754e+00 5.763736e+00 3.128021e-01 9.0202e-04 2.0183e-03 -2.3378e-05 0.01987 2.14039e-01 3.25215e-01 4.97929e-01 6.85735e-03
7.384591 2.13504233e-02 7.58163219e-03 2.89320555e-02 5.84647460e-03 6.23373559e-01 3.52438287e-01 7.80649477e-03 3.551045e-01 5.653725e-01 3.334484e+00 5.512665e+00 3.142423e-01 8.9705e-04 1.9965e-03 -2.4037e-05 0.01966 2.12539e-01 3.24218e-01 4.97267e-01 6.76897e-03
7.434487 2.10719699e-02 7.47388472e-03 2.85458547e-02 5.79678763e-03 6.10169236e-01 3.46158978e-01 7.65062571e-03 3.546837e-01 5.673163e-01 3.290027e+00 5.407336e+00 3.204727e-01 8.9285e-04 1.9774e-03 -2.3939e-05 0.01947 2.11421e-01 3.23551e-01 4.96878e-01 6.69388e-03
7.484382 2.07956312e-02 7.36877607e-03 2.81644073e-02 5.74906495e-03 5.99405893e-01 3.40089350e-01 7.51596194e-03 3.543425e-01 5.673774e-01 3.263186e+00 5.495072e+00 3.157763e-01 8.8938e-04 1.9607e-03 -2.1962e-05 0.01936 2.12152e-01 3.24495e-01 4.97730e-01 6.64487e-03
7.534278 2.05236776e-02 7.26530846e-03 2.77889861e-02 5.70374414e-03 5.89131743e-01 3.34111011e-01 7.38594203e-03 3.539964e-01 5.671244e-01 3.229003e+00 5.520786e+00 2.880092e-01 8.8637e-04 1.9463e-03 -2.1141e-05 0.01927 2.13139e-01 3.25630e-01 4.98687e-01 6.62904e-03
7.584174 2.02625134e-02 7.16301422e-03 2.74255276e-02 5.65987052e-03 5.78081443e-01 3.28177651e-01 7.25007275e-03 3.535106e-01 5.677014e-01 3.196037e+00 5.520195e+00 2.717122e-01 8.8369e-04 1.9335e-03 -2.2848e-05 0.01917 2.13274e-01 3.25991e-01 4.98996e-01 6.51261e-03
7.634070 2.00033860e-02 7.06276181e-03 2.70661478e-02 5.61601804e-03 5.66141199e-01 3.22379861e-01 7.10816848e-03 3.530783e-01 5.694337e-01 3.171260e+00 5.376606e+00 2.709896e-01 8.8145e-04 1.9222e-03 -2.3979e-05 0.01903 2.12426e-01 3.25519e-01 4.98687e-01 6.42289e-03
7.683966 1.97485788e-02 6.96463781e-03 2.67132167e-02 5.57149387e-03 5.54244008e-01 3.16735092e-01 6.96783280e-03 3.526653e-01 5.714723e-01 3.145853e+00 5.188120e+00 2.729392e-01 8.7954e-04 1.9127e-03 -2.4351e-05 0.01885 2.11413e-01 3.24900e-01 4.98286e-01 6.39785e-03
7.733862 1.94993441e-02 6.86872500e-03 2.63680691e-02 5.52741926e-03 5.43364247e-01 3.11247506e-01 6.83689402e-03 3.522542e-01 5.728156e-01 3.119299e+00 5.192140e+00 2.762423e-01 8.7792e-04 1.9048e-03 -2.3289e-05 0.01872 2.11133e-01 3.24915e-01 4.98389e-01 6.30912e-03
7.783758 1.92511471e-02 6.77472316e-03 2.60258702e-02 5.48520937e-03 5.32865988e-01 3.05877126e-01 6.70994491e-03 3.519127e-01 5.740226e-01 3.088246e+00 5.200850e+00 2.596084e-01 8.7650e-04 1.8980e-03 -2.1466e-05 0.01860 2.10999e-01 3.25065e-01 4.98594e-01 6.22060e-03
7.833654 1.90120972e-02 6.68164683e-03 2.56937441e-02 5.44515532e-03 5.23159331e-01 3.00523504e-01 6.58946268e-03 3.514419e-01 5.744397e-01 3.063562e+00 5.217303e+00 2.343708e-01 8.7505e-04 1.8926e-03 -2.2185e-05 0.01849 2.11394e-01 3.25617e-01 4.99016e-01 6.17784e-03
7.883550 1.87791199e-02 6.58987051e-03 2.53689904e-02 5.40601314e-03 5.13493889e-01 2.95221131e-01 6.46972016e-03 3.509148e-01 5.749263e-01 3.036714e+00 5.184881e+00 2.265024e-01 8.7365e-04 1.8880e-03 -2.3770e-05 0.01839 2.11627e-01 3.26006e-01 4.99277e-01 6.09846e-03
7.933445 1.85472193e-02 6.49994241e-03 2.50471617e-02 5.36593155e-03 5.02238935e-01 2.90029554e-01 6.33814791e-03 3.504537e-01 5.774733e-01 3.009389e+00 4.960302e+00 2.278587e-01 8.7233e-04 1.8845e-03 -2.4416e-05 0.01823 2.10093e-01 3.24881e-01 4.98424e-01 6.02249e-03
7.983341 1.83218406e-02 6.41185642e-03 2.47336970e-02 5.32518927e-03 4.91500261e-01 2.84955817e-01 6.21164862e-03 3.499570e-01 5.797674e-01 2.977267e+00 4.853535e+00 2.336361e-01 8.7103e-04 1.8820e-03 -2.4222e-05 0.01808 2.08834e-01 3.23984e-01 4.97753e-01 5.95099e-03
8.033237 1.80984526e-02 6.32572099e-03 2.44241736e-02 5.28579284e-03 4.82387711e-01 2.80000240e-01 6.09910361e-03 3.495172e-01 5.804465e-01 2.950634e+00 4.894609e+00 2.277335e-01 8.6976e-04 1.8801e-03 -2.2457e-05 0.01797 2.09014e-01 3.24329e-01 4.98028e-01 5.88405e-03
8.083133 1.78791935e-02 6.24072325e-03 2.41199168e-02 5.24866432e-03 4.73568846e-01 2.75078573e-01 5.98917935e-03 3.490495e-01 5.808629e-01 2.922625e+00 4.895015e+00 2.023166e-01 8.6836e-04 1.8790e-03 -2.1826e-05 0.01786 2.09284e-01 3.24720e-01 4.98287e-01 5.82930e-03
8.133029 1.76688130e-02 6.15650725e-03 2.38253203e-02 5.21281521e-03 4.64399626e-01 2.70161654e-01 5.87649024e-03 3.484392e-01 5.817439e-01 2.889935e+00 4.878059e+00 1.880119e-01 8.6677e-04 1.8786e-03 -2.3300e-05 0.01775 2.08945e-01 3.24548e-01 4.98053e-01 5.71888e-03
8.182925 1.74601317e-02 6.07380557e-03 2.35339373e-02 5.17637966e-03 4.54778189e-01 2.65319473e-01 5.76078130e-03 3.478671e-01 5.834041e-01 2.853768e+00 4.728571e+00 1.873920e-01 8.6516e-04 1.8787e-03 -2.4340e-05 0.01762 2.07871e-01 3.23741e-01 4.97334e-01 5.64736e-03
8.232821 1.72552615e-02 5.99278562e-03 2.32480471e-02 5.13902616e-03 4.45461163e-01 2.60570723e-01 5.64825509e-03 3.473019e-01 5.849460e-01 2.815179e+00 4.568198e+00 1.899210e-01 8.6346e-04 1.8793e-03 -2.4652e-05 0.01749 2.06900e-01 3.23002e-01 4.96673e-01 5.62347e-03
8.282717 1.70548746e-02 5.91348643e-03 2.29683610e-02 5.10224996e-03 4.36912685e-01 2.55922293e-01 5.54267982e-03 3.467329e-01 5.857516e-01 2.777507e+00 4.561225e+00 1.936692e-01 8.6169e-04 1.8803e-03 -2.3615e-05 0.01736 2.06573e-01 3.22812e-01 4.96442e-01 5.54212e-03
8.332613 1.68554001e-02 5.83562226e-03 2.26910223e-02 5.06698451e-03 4.28546451e-01 2.51342983e-01 5.43911547e-03 3.462168e-01 5.865011e-01 2.741411e+00 4.549290e+00 1.778916e-01 8.5985e-04 1.8818e-03 -2.2079e-05 0.01726 2.06213e-01 3.22597e-01 4.96181e-01 5.45102e-03
8.382508 1.66635533e-02 5.75852237e-03 2.24220756e-02 5.03315349e-03 4.20419899e-01 2.46768046e-01 5.33750356e-03 3.455759e-01 5.869562e-01 2.707366e+00 4.530481e+00 1.563671e-01 8.5777e-04 1.8835e-03 -2.2732e-05 0.01716 2.05866e-01 3.22352e-01 4.95819e-01 5.37772e-03
8.432404 1.64765607e-02 5.68251454e-03 2.21590752e-02 4.99989310e-03 4.12416972e-01 2.42230381e-01 5.23717882e-03 3.448848e-01 5.873434e-01 2.670427e+00 4.475823e+00 1.517760e-01 8.5557e-04 1.8852e-03 -2.4118e-05 0.01704 2.05413e-01 3.21989e-01 4.95325e-01 5.29830e-03
8.482300 1.62905093e-02 5.60798897e-03 2.18984983e-02 4.96581225e-03 4.04133547e-01 2.37771883e-01 5.13524344e-03 3.442488e-01 5.883498e-01 2.630735e+00 4.303531e+00 1.535130e-01 8.5331e-04 1.8874e-03 -2.4737e-05 0.01692 2.04385e-01 3.21121e-01 4.94457e-01 5.26470e-03
8.532196 1.61095239e-02 5.53500838e-03 2.16445323e-02 4.93100274e-03 3.96240083e-01 2.33400466e-01 5.03712439e-03 3.435861e-01 5.890380e-01 2.588945e+00 4.219504e+00 1.595805e-01 8.5097e-04 1.8898e-03 -2.4477e-05 0.01682 2.03608e-01 3.20455e-01 4.93753e-01 5.21203e-03
8.582092 1.59299879e-02 5.46364095e-03 2.13936289e-02 4.89708862e-03 3.88763718e-01 2.29119249e-01 4.94306374e-03 3.429783e-01 5.893535e-01 2.545890e+00 4.213674e+00 1.564151e-01 8.4859e-04 1.8920e-03 -2.2899e-05 0.01671 2.03111e-01 3.20044e-01 4.93250e-01 5.11596e-03
8.631988 1.57539587e-02 5.39324681e-03 2.11472055e-02 4.86498980e-03 3.81553717e-01 2.24871030e-01 4.85139798e-03 3.423423e-01 5.893562e-01 2.500341e+00 4.188807e+00 1.352464e-01 8.4607e-04 1.8944e-03 -2.2411e-05 0.01661 2.02688e-01 3.19678e-01 4.92729e-01 5.04746e-03
8.681884 1.55850443e-02 5.32360156e-03 2.09086458e-02 4.83393395e-03 3.74617895e-01 2.20638133e-01 4.76204822e-03 3.415840e-01 5.889685e-01 2.452746e+00 4.168449e+00 1.237326e-01 8.4338e-04 1.8967e-03 -2.3696e-05 0.01651 2.02361e-01 3.19357e-01 4.92176e-01 4.97529e-03
8.731780 1.54172195e-02 5.25525196e-03 2.06724714e-02 4.80223431e-03 3.67326405e-01 2.16471593e-01 4.67038399e-03 3.408690e-01 5.893167e-01 2.405640e+00 4.042435e+00 1.252806e-01 8.4067e-04 1.8990e-03 -2.4647e-05 0.01642 2.01307e-01 3.18405e-01 4.91137e-01 4.90914e-03
8.781675 1.52524034e-02 5.18833820e-03 2.04407416e-02 4.76948643e-03 3.60186762e-01 2.12387831e-01 4.58059675e-03 3.401653e-01 5.896603e-01 2.358244e+00 3.904472e+00 1.310715e-01 8.3792e-04 1.9014e-03 -2.4896e-05 0.01632 2.00220e-01 3.17411e-01 4.90074e-01 4.87846e-03
8.831571 1.50909140e-02 5.12294590e-03 2.02138599e-02 4.73710218e-03 3.53787717e-01 2.08394890e-01 4.49746086e-03 3.394722e-01 5.890394e-01 2.310855e+00 3.889773e+00 1.358654e-01 8.3516e-04 1.9035e-03 -2.3900e-05 0.01623 1.99935e-01 3.17111e-01 4.89545e-01 4.81925e-03
8.881467 1.49301028e-02 5.05879438e-03 1.99888972e-02 4.70608718e-03 3.47453281e-01 2.04467932e-01 4.41536970e-03 3.388319e-01 5.884760e-01 2.267388e+00 3.868970e+00 1.229523e-01 8.3238e-04 1.9056e-03 -2.2604e-05 0.01614 1.99492e-01 3.16685e-01 4.88909e-01 4.73795e-03
8.931363 1.47753412e-02 4.99535505e-03 1.97706963e-02 4.67620692e-03 3.40950449e-01 2.00562920e-01 4.33210695e-03 3.380873e-01 5.882465e-01 2.221882e+00 3.825232e+00 1.070011e-01 8.2947e-04 1.9075e-03 -2.3193e-05 0.01605 1.98521e-01 3.15784e-01 4.87852e-01 4.64949e-03
8.981259 1.46242868e-02 4.93291811e-03 1.95572049e-02 4.64647435e-03 3.34684339e-01 1.96706889e-01 4.25112982e-03 3.373100e-01 5.877386e-01 2.175608e+00 3.760437e+00 1.055256e-01 8.2652e-04 1.9092e-03 -2.4410e-05 0.01595 1.97628e-01 3.14933e-01 4.86794e-01 4.58176e-03
9.031155 1.44738401e-02 4.87180218e-03 1.93456423e-02 4.61593594e-03 3.28741278e-01 1.92930025e-01 4.17337042e-03 3.365936e-01 5.868750e-01 2.128850e+00 3.642565e+00 1.096499e-01 8.2361e-04 1.9110e-03 -2.4989e-05 0.01587 1.96998e-01 3.14294e-01 4.85898e-01 4.57292e-03
9.081051 1.43272131e-02 4.81204506e-03 1.91392582e-02 4.58494550e-03 3.22974898e-01 1.89238358e-01 4.09770605e-03 3.358675e-01 5.859228e-01 2.081436e+00 3.575172e+00 1.181038e-01 8.2070e-04 1.9127e-03 -2.4681e-05 0.01578 1.96431e-01 3.13709e-01 4.85057e-01 4.52738e-03
9.130947 1.41814000e-02 4.75365639e-03 1.89350564e-02 4.55462672e-03 3.17179191e-01 1.85632559e-01 4.02249400e-03 3.352036e-01 5.852608e-01 2.034493e+00 3.543693e+00 1.173128e-01 8.1785e-04 1.9141e-03 -2.3276e-05 0.01569 1.95573e-01 3.12901e-01 4.84059e-01 4.43219e-03
9.180843 1.40384509e-02 4.69615762e-03 1.87346085e-02 4.52556657e-03 3.11583976e-01 1.82072055e-01 3.94924825e-03 3.345211e-01 5.843434e-01 1.986986e+00 3.509234e+00 1.010397e-01 8.1496e-04 1.9155e-03 -2.2898e-05 0.01561 1.94759e-01 3.12127e-01 4.83046e-01 4.36878e-03
9.230738 1.39010409e-02 4.63940099e-03 1.85404419e-02 4.49737157e-03 3.06274150e-01 1.78547550e-01 3.87857360e-03 3.337449e-01 5.829664e-01 1.938987e+00 3.473652e+00 9.351803e-02 8.1202e-04 1.9165e-03 -2.4019e-05 0.01551 1.94148e-01 3.11504e-01 4.82097e-01 4.31241e-03
9.280634 1.37642693e-02 4.58375805e-03 1.83480273e-02 4.46871370e-03 3.00859335e-01 1.75093112e-01 3.80761957e-03 3.330186e-01 5.819767e-01 1.891302e+00 3.374537e+00 9.758389e-02 8.0913e-04 1.9174e-03 -2.4887e-05 0.01542 1.93131e-01 3.10525e-01 4.80873e-01 4.25950e-03
9.330530 1.36296842e-02 4.52935963e-03 1.81590438e-02 4.43905081e-03 2.95707917e-01 1.71720373e-01 3.73942632e-03 3.323158e-01 5.807094e-01 1.843886e+00 3.285244e+00 1.060856e-01 8.0629e-04 1.9186e-03 -2.5078e-05 0.01536 1.92350e-01 3.09745e-01 4.79810e-01 4.23735e-03
9.380426 1.34974629e-02 4.47629105e-03 1.79737540e-02 4.40954934e-03 2.90890105e-01 1.68435737e-01 3.67460673e-03 3.316394e-01 5.790356e-01 1.797389e+00 3.255300e+00 1.131992e-01 8.0353e-04 1.9194e-03 -2.4133e-05 0.01527 1.91935e-01 3.09296e-01 4.79018e-01 4.18488e-03
9.430322 1.33656657e-02 4.42428344e-03 1.77899492e-02 4.38127240e-03 2.85975692e-01 1.65218874e-01 3.60955653e-03 3.310186e-01 5.777375e-01 1.751264e+00 3.215152e+00 1.038523e-01 8.0081e-04 1.9202e-03 -2.3035e-05 0.01518 1.91109e-01 3.08512e-01 4.77966e-01 4.10996e-03
9.480218 1.32386866e-02 4.37292482e-03 1.76116115e-02 4.35399619e-03 2.81097393e-01 1.62039033e-01 3.54509141e-03 3.303141e-01 5.764516e-01 1.726051e+00 3.170122e+00 9.159194e-02 7.9803e-04 1.9207e-03 -2.3568e-05 0.01508 1.90081e-01 3.07542e-01 4.76730e-01 4.04488e-03
9.530114 1.31143707e-02 4.32244096e-03 1.74368117e-02 4.32667183e-03 2.76389660e-01 1.58915067e-01 3.48243782e-03 3.295958e-01 5.749675e-01 1.707545e+00 3.112596e+00 9.306136e-02 7.9529e-04 1.9210e-03 -2.4643e-05 0.01498 1.89121e-01 3.06618e-01 4.75508e-01 3.98894e-03
9.580010 1.29903983e-02 4.27308278e-03 1.72634811e-02 4.29858131e-03 2.71935744e-01 1.55867838e-01 3.42242866e-03 3.289416e-01 5.731789e-01 1.693811e+00 3.029747e+00 1.004737e-01 7.9262e-04 1.9215e-03 -2.5169e-05 0.01491 1.88434e-01 3.05919e-01 4.74468e-01 3.97257e-03
9.629905 1.28692720e-02 4.22489601e-03 1.70941680e-02 4.27022162e-03 2.67715137e-01 1.52902168e-01 3.36493844e-03 3.282933e-01 5.711376e-01 1.690340e+00 2.977188e+00 1.106344e-01 7.9002e-04 1.9219e-03 -2.4830e-05 0.01484 1.88009e-01 3.05451e-01 4.73626e-01 3.94272e-03
9.679801 1.27485302e-02 4.17784259e-03 1.69263728e-02 4.24248334e-03 2.63450968e-01 1.50015047e-01 3.30772812e-03 3.277117e-01 5.694230e-01 1.686713e+00 2.943547e+00 1.113092e-01 7.8750e-04 1.9222e-03 -2.3587e-05 0.01475 1.87288e-01 3.04757e-01 4.72632e-01 3.87374e-03
9.729697 1.26300291e-02 4.13153130e-03 1.67615604e-02 4.21570620e-03 2.59123240e-01 1.47176981e-01 3.25040176e-03 3.271197e-01 5.679806e-01 1.682565e+00 2.911787e+00 9.941823e-02 7.8496e-04 1.9225e-03 -2.3292e-05 0.01465 1.86193e-01 3.03743e-01 4.71373e-01 3.80877e-03
9.779593 1.25158515e-02 4.08587298e-03 1.66017245e-02 4.18954569e-03 2.54982078e-01 1.44382497e-01 3.19491660e-03 3.264559e-01 5.662457e-01 1.677702e+00 2.884776e+00 9.501024e-02 7.8239e-04 1.9223e-03 -2.4272e-05 0.01454 1.85227e-01 3.02821e-01 4.70157e-01 3.75931e-03
9.829489 1.24019895e-02 4.04114215e-03 1.64431317e-02 4.16304960e-03 2.51082090e-01 1.41654065e-01 3.14188925e-03 3.258463e-01 5.641743e-01 1.672354e+00 2.814048e+00 1.006658e-01 7.7988e-04 1.9220e-03 -2.5064e-05 0.01446 1.84553e-01 3.02141e-01 4.69132e-01 3.73460e-03
9.879385 1.22897052e-02 3.99744059e-03 1.62871457e-02 4.13580919e-03 2.47367060e-01 1.38999928e-01 3.09093590e-03 3.252674e-01 5.619177e-01 1.666405e+00 2.741603e+00 1.114076e-01 7.7742e-04 1.9220e-03 -2.5205e-05 0.01441 1.84099e-01 3.01646e-01 4.68272e-01 3.71612e-03
9.929281 1.21790468e-02 3.95482878e-03 1.61338756e-02 4.10866105e-03 2.43649114e-01 1.36423202e-01 3.04057853e-03 3.247240e-01 5.599167e-01 1.660214e+00 2.713951e+00 1.199712e-01 7.7502e-04 1.9219e-03 -2.4315e-05 0.01432 1.83458e-01 3.01010e-01 4.67336e-01 3.66383e-03
9.979177 1.20686570e-02 3.91307894e-03 1.59817360e-02 4.08247757e-03 2.39917376e-01 1.33907435e-01 2.99059849e-03 3.242348e-01 5.581398e-01 1.653946e+00 2.732222e+00 1.131265e-01 7.7265e-04 1.9217e-03 -2.3383e-05 0.01423 1.82568e-01 3.00176e-01 4.66255e-01 3.60773e-03
10.000121 1.20233877e-02 3.89571520e-03 1.59191029e-02 4.07179307e-03 2.38397653e-01 1.32863216e-01 2.97008695e-03 3.240114e-01 5.573176e-01 1.651139e+00 2.737691e+00 1.080878e-01 7.7163e-04 1.9215e-03 -2.3422e-05 0.01418 1.82227e-01 2.99850e-01 4.65813e-01 3.59204e-03
