# tg_mhd (CUDA FP64)  tgc_slip_cond_n192_re250_drive0.1_bdrive0.1  N=192 L=192 Re=250 Pm=1 u0=0.05 nu_lat=1.215944e-02 eta_lat=1.215944e-02 tau_f=0.536478 tau_m=0.548638 dt=8.224065e-04 fw=profile
# t E_V E_M E_T H_C Omega_V Omega_M eps EM/EV OmM/OmV j_max w_max skew divb/j divb_wall/j mass_drift umax_lat fw1 fw2 fw4 tau_wall
0.000000 1.25004843e-01 1.25000000e-01 2.50004843e-01 2.20433889e-20 3.74980713e-01 1.49945900e+00 1.49955177e-02 9.999613e-01 3.998763e+00 3.463243e+00 1.999775e+00 -1.225395e-18 2.8400e-15 6.1194e-15 +0.0000e+00 0.05000 8.08379e-02 1.63018e-01 3.30724e-01 0.00000e+00
0.250012 1.27151502e-01 1.29059074e-01 2.56210576e-01 1.97777838e-05 4.38719565e-01 1.59859492e+00 1.62985159e-02 1.015002e+00 3.643774e+00 3.690166e+00 2.080273e+00 1.175110e-01 1.6866e-04 8.1870e-05 -5.3325e-06 0.05243 7.55796e-02 1.52498e-01 3.04840e-01 0.00000e+00
0.500023 1.28783510e-01 1.32943758e-01 2.61727268e-01 9.03568541e-05 5.98726635e-01 1.80925885e+00 1.92638839e-02 1.032304e+00 3.021845e+00 4.176584e+00 2.320292e+00 2.124061e-01 2.8002e-04 2.9969e-04 -1.3143e-05 0.05284 6.98155e-02 1.41930e-01 2.95806e-01 0.00000e+00
0.750035 1.29802387e-01 1.35789354e-01 2.65591741e-01 2.80338687e-04 8.32723742e-01 2.16528072e+00 2.39840357e-02 1.046124e+00 2.600239e+00 5.013764e+00 3.114433e+00 3.240788e-01 4.4958e-04 7.3258e-04 -1.4328e-05 0.05486 6.49328e-02 1.35709e-01 3.00867e-01 0.00000e+00
1.000046 1.30987541e-01 1.36154874e-01 2.67142415e-01 7.31803895e-04 1.15467589e+00 2.68564002e+00 3.07225272e-02 1.039449e+00 2.325882e+00 6.118130e+00 4.366026e+00 4.108627e-01 8.0402e-04 1.5175e-03 -5.3054e-06 0.05760 6.25115e-02 1.37796e-01 3.13371e-01 0.00000e+00
1.250058 1.33113763e-01 1.32596080e-01 2.65709843e-01 1.60525538e-03 1.58475554e+00 3.34872709e+00 3.94678610e-02 9.961110e-01 2.113087e+00 1.041817e+01 6.283665e+00 4.278856e-01 1.4531e-03 2.6870e-03 +7.8819e-06 0.06031 6.37554e-02 1.47623e-01 3.24707e-01 0.00000e+00
1.500069 1.36087841e-01 1.24853357e-01 2.60941198e-01 3.01204654e-03 2.06913678e+00 4.09031557e+00 4.92756188e-02 9.174468e-01 1.976822e+00 1.478989e+01 9.010508e+00 4.519208e-01 2.6614e-03 4.5407e-03 +1.6127e-05 0.06106 6.70129e-02 1.55332e-01 3.33566e-01 0.00000e+00
1.750081 1.38980141e-01 1.14212252e-01 2.53192394e-01 4.97918157e-03 2.46940435e+00 4.75698761e+00 5.78111356e-02 8.217883e-01 1.926370e+00 1.625762e+01 9.821161e+00 4.548015e-01 4.1277e-03 6.1548e-03 +1.4424e-05 0.05860 6.63687e-02 1.52674e-01 3.51495e-01 0.00000e+00
2.000092 1.41156228e-01 1.02375291e-01 2.43531519e-01 7.41384872e-03 2.71844742e+00 4.99756037e+00 6.17280623e-02 7.252623e-01 1.838388e+00 1.622732e+01 8.945013e+00 3.949830e-01 5.1991e-03 6.7167e-03 +5.9273e-06 0.05335 6.09575e-02 1.49214e-01 3.80534e-01 0.00000e+00
2.250104 1.42548963e-01 9.09091372e-02 2.33458101e-01 1.00640598e-02 2.85859144e+00 4.72906158e+00 6.07012242e-02 6.377397e-01 1.654333e+00 1.670146e+01 9.252418e+00 3.489434e-01 5.0233e-03 6.9473e-03 -1.9828e-06 0.05170 5.66199e-02 1.68323e-01 4.01545e-01 0.00000e+00
2.500116 1.43206414e-01 8.06659268e-02 2.23872341e-01 1.26454370e-02 2.90359701e+00 4.39739538e+00 5.84079391e-02 5.632843e-01 1.514465e+00 1.600830e+01 8.880960e+00 3.000568e-01 4.0476e-03 8.2927e-03 -3.5355e-06 0.05175 6.23269e-02 1.97809e-01 4.03220e-01 0.00000e+00
2.750127 1.43240760e-01 7.16065200e-02 2.14847280e-01 1.49276534e-02 2.88512000e+00 4.16870147e+00 5.64305718e-02 4.999032e-01 1.444897e+00 1.469440e+01 7.561520e+00 3.055175e-01 3.6034e-03 1.1208e-02 -3.1409e-07 0.05265 7.53754e-02 2.03965e-01 3.90536e-01 0.00000e+00
3.000139 1.42742718e-01 6.35490127e-02 2.06291731e-01 1.67412245e-02 2.85437749e+00 3.94525000e+00 5.43970199e-02 4.451997e-01 1.382175e+00 1.215238e+01 7.599804e+00 3.030221e-01 3.6502e-03 1.1381e-02 +3.5426e-06 0.05065 7.52668e-02 1.87899e-01 3.70505e-01 0.00000e+00
3.250150 1.41592324e-01 5.66187610e-02 1.98211085e-01 1.80935446e-02 2.81463742e+00 3.71898129e+00 5.22689497e-02 3.998717e-01 1.321300e+00 1.208970e+01 8.145976e+00 2.763614e-01 4.1891e-03 9.6193e-03 +4.2732e-06 0.04891 6.58652e-02 1.68571e-01 3.50453e-01 0.00000e+00
3.500162 1.39593670e-01 5.09945974e-02 1.90588267e-01 1.91153708e-02 2.73249500e+00 3.50849453e+00 4.99279162e-02 3.653074e-01 1.283989e+00 1.234160e+01 8.480377e+00 2.689770e-01 4.7847e-03 8.6814e-03 +2.3816e-06 0.04776 6.05044e-02 1.60490e-01 3.34397e-01 0.00000e+00
3.750173 1.36855676e-01 4.65501039e-02 1.83405780e-01 1.99743222e-02 2.61950449e+00 3.27340710e+00 4.71432927e-02 3.401401e-01 1.249628e+00 1.145086e+01 8.591741e+00 2.783181e-01 4.9605e-03 9.2896e-03 +2.1869e-06 0.04603 6.03069e-02 1.54833e-01 3.22966e-01 0.00000e+00
4.000185 1.33725980e-01 4.29844697e-02 1.76710449e-01 2.07945972e-02 2.51552955e+00 2.94197054e+00 4.36600007e-02 3.214369e-01 1.169523e+00 1.043205e+01 8.732010e+00 3.183577e-01 4.9745e-03 9.9890e-03 +5.8855e-06 0.04660 5.50288e-02 1.38787e-01 3.07442e-01 0.00000e+00
4.250197 1.30402144e-01 4.01365822e-02 1.70538726e-01 2.16685631e-02 2.43828528e+00 2.58885617e+00 4.02171316e-02 3.077908e-01 1.061753e+00 9.434612e+00 8.994723e+00 3.950821e-01 4.8481e-03 9.9470e-03 +1.1995e-05 0.04578 4.40777e-02 1.22146e-01 2.95977e-01 0.00000e+00
4.500208 1.26958276e-01 3.78006605e-02 1.64758936e-01 2.26541249e-02 2.38398448e+00 2.32663654e+00 3.76849682e-02 2.977408e-01 9.759445e-01 8.226294e+00 9.268859e+00 4.659622e-01 4.8373e-03 1.1280e-02 +1.6650e-05 0.04565 4.51971e-02 1.24379e-01 2.98023e-01 0.00000e+00
4.750220 1.23451454e-01 3.58587013e-02 1.59310155e-01 2.36750442e-02 2.33370972e+00 2.08245594e+00 3.53293253e-02 2.904680e-01 8.923372e-01 7.820337e+00 9.619572e+00 5.069866e-01 4.9022e-03 1.1061e-02 +1.6888e-05 0.04714 4.98847e-02 1.31899e-01 3.05717e-01 0.00000e+00
5.000231 1.19887611e-01 3.43624520e-02 1.54250063e-01 2.46376265e-02 2.27053238e+00 1.86884823e+00 3.31150449e-02 2.866222e-01 8.230881e-01 7.067473e+00 1.082400e+01 5.264039e-01 4.7965e-03 1.0460e-02 +1.2668e-05 0.04547 5.43409e-02 1.42073e-01 3.19307e-01 0.00000e+00
5.250243 1.16270796e-01 3.32569445e-02 1.49527741e-01 2.54584009e-02 2.20975233e+00 1.72830271e+00 3.15044404e-02 2.860301e-01 7.821251e-01 5.498227e+00 1.201098e+01 5.203800e-01 4.3280e-03 1.0001e-02 +6.6357e-06 0.04353 6.49316e-02 1.62885e-01 3.42840e-01 0.00000e+00
5.500254 1.12603996e-01 3.23955300e-02 1.44999526e-01 2.60605308e-02 2.15618824e+00 1.65412840e+00 3.04825331e-02 2.876943e-01 7.671540e-01 6.404591e+00 1.288977e+01 5.117468e-01 3.6448e-03 8.5959e-03 +1.9435e-06 0.04301 7.98194e-02 1.90140e-01 3.70287e-01 0.00000e+00
5.750266 1.08887446e-01 3.16734023e-02 1.40560849e-01 2.63776872e-02 2.09767347e+00 1.61644760e+00 2.97129686e-02 2.908820e-01 7.705907e-01 7.481391e+00 1.344400e+01 5.310987e-01 3.2333e-03 7.4371e-03 -2.5941e-08 0.04323 9.14596e-02 2.11906e-01 3.92050e-01 0.00000e+00
6.000277 1.05141209e-01 3.10496673e-02 1.36190877e-01 2.63829895e-02 2.02488384e+00 1.59298023e+00 2.89429126e-02 2.953140e-01 7.867020e-01 7.652663e+00 1.380423e+01 5.510670e-01 2.9844e-03 6.5722e-03 -4.7147e-07 0.04422 9.65748e-02 2.23241e-01 4.03408e-01 0.00000e+00
6.250289 1.01421673e-01 3.04926117e-02 1.31914284e-01 2.61188897e-02 1.93897605e+00 1.58230062e+00 2.81702134e-02 3.006518e-01 8.160496e-01 9.128532e+00 1.372749e+01 5.492178e-01 2.8486e-03 5.9708e-03 -6.8774e-07 0.04484 9.82171e-02 2.27212e-01 4.06442e-01 0.00000e+00
6.500301 9.77798302e-02 2.99797177e-02 1.27759548e-01 2.56773768e-02 1.84582928e+00 1.56737952e+00 2.73056704e-02 3.066043e-01 8.491465e-01 1.023050e+01 1.331284e+01 5.403281e-01 2.8454e-03 5.7100e-03 -1.0200e-06 0.04463 9.66338e-02 2.23795e-01 4.03229e-01 0.00000e+00
6.750312 9.42238692e-02 2.95408449e-02 1.23764714e-01 2.51550272e-02 1.74893407e+00 1.54141893e+00 2.63228240e-02 3.135176e-01 8.813477e-01 1.060182e+01 1.270208e+01 5.249985e-01 2.8767e-03 5.5281e-03 -5.7730e-07 0.04388 9.18444e-02 2.15371e-01 3.97591e-01 0.00000e+00
7.000324 9.07878302e-02 2.91893600e-02 1.19977190e-01 2.46109395e-02 1.65016699e+00 1.51927167e+00 2.53555093e-02 3.215118e-01 9.206775e-01 1.072190e+01 1.204440e+01 4.873475e-01 2.9027e-03 5.2435e-03 +1.2740e-06 0.04195 8.71475e-02 2.07598e-01 3.94835e-01 0.00000e+00
7.250335 8.75749013e-02 2.88561860e-02 1.16431087e-01 2.40515822e-02 1.55315049e+00 1.50811820e+00 2.44901495e-02 3.295029e-01 9.710058e-01 1.075799e+01 1.113001e+01 4.366090e-01 2.9137e-03 4.9319e-03 +4.2450e-06 0.03892 8.38180e-02 2.03073e-01 3.96096e-01 0.00000e+00
7.500347 8.47085669e-02 2.84433030e-02 1.13151870e-01 2.34664532e-02 1.46400045e+00 1.49939488e+00 2.37071626e-02 3.357784e-01 1.024177e+00 1.048188e+01 1.010738e+01 4.016104e-01 2.8586e-03 4.8182e-03 +6.9342e-06 0.03790 8.07762e-02 2.00418e-01 3.96727e-01 0.00000e+00
7.750358 8.22688433e-02 2.79256702e-02 1.10194513e-01 2.28661864e-02 1.38844772e+00 1.47571056e+00 2.29132663e-02 3.394441e-01 1.062849e+00 9.423062e+00 9.098769e+00 3.984839e-01 2.7537e-03 4.9635e-03 +7.9928e-06 0.03660 7.64000e-02 1.95376e-01 3.91137e-01 0.00000e+00
8.000370 8.02561140e-02 2.73826122e-02 1.07638726e-01 2.22788949e-02 1.32747434e+00 1.42452194e+00 2.20159702e-02 3.411904e-01 1.073107e+00 7.775534e+00 8.181168e+00 4.131047e-01 2.6575e-03 5.2666e-03 +6.8946e-06 0.03518 6.99076e-02 1.85020e-01 3.77369e-01 0.00000e+00
8.250382 7.86009026e-02 2.69509659e-02 1.05551868e-01 2.17165048e-02 1.28000094e+00 1.35181299e+00 2.10545114e-02 3.428837e-01 1.056103e+00 6.695316e+00 7.372455e+00 4.371761e-01 2.6205e-03 5.6502e-03 +4.3849e-06 0.03338 6.25200e-02 1.71860e-01 3.59104e-01 0.00000e+00
8.500393 7.71954272e-02 2.67541275e-02 1.03949555e-01 2.11608300e-02 1.24503525e+00 1.27640875e+00 2.01715520e-02 3.465766e-01 1.025199e+00 7.161846e+00 6.722574e+00 4.685218e-01 2.5948e-03 5.7109e-03 +1.7766e-06 0.03316 5.68516e-02 1.62287e-01 3.41329e-01 0.00000e+00
8.750405 7.59578498e-02 2.68519369e-02 1.02809787e-01 2.05896796e-02 1.21858174e+00 1.21107360e+00 1.94372427e-02 3.535110e-01 9.938386e-01 7.530947e+00 6.201136e+00 4.942503e-01 2.5656e-03 5.2720e-03 +2.8794e-08 0.03545 5.48636e-02 1.58486e-01 3.26984e-01 0.00000e+00
9.000416 7.48580941e-02 2.72367197e-02 1.02094814e-01 1.99999079e-02 1.19496291e+00 1.15551781e+00 1.88038457e-02 3.638447e-01 9.669905e-01 7.614792e+00 5.820146e+00 5.103140e-01 2.6024e-03 4.7973e-03 -6.9384e-07 0.03883 5.55008e-02 1.55499e-01 3.14981e-01 0.00000e+00
9.250428 7.39128835e-02 2.78530049e-02 1.01765888e-01 1.94062649e-02 1.17257681e+00 1.10352808e+00 1.82088391e-02 3.768356e-01 9.411137e-01 7.387338e+00 5.536520e+00 5.138437e-01 2.6632e-03 4.6853e-03 -6.7992e-07 0.04050 5.57365e-02 1.49690e-01 3.03276e-01 0.00000e+00
9.500439 7.31667555e-02 2.86187265e-02 1.01785482e-01 1.88225351e-02 1.15546963e+00 1.05084962e+00 1.76505540e-02 3.911439e-01 9.094567e-01 6.869394e+00 5.394058e+00 5.012301e-01 2.6400e-03 4.8315e-03 -1.5727e-07 0.04105 5.46185e-02 1.42272e-01 2.92895e-01 0.00000e+00
9.750451 7.26336557e-02 2.94589784e-02 1.02092634e-01 1.82495739e-02 1.14883179e+00 9.99899907e-01 1.71898536e-02 4.055830e-01 8.703623e-01 6.197092e+00 5.359019e+00 4.764863e-01 2.4840e-03 4.7239e-03 +9.5974e-07 0.04083 5.31656e-02 1.35664e-01 2.86288e-01 0.00000e+00
10.000462 7.22755644e-02 3.03152516e-02 1.02590816e-01 1.76857451e-02 1.15486191e+00 9.64859503e-01 1.69577713e-02 4.194398e-01 8.354761e-01 5.496620e+00 5.395178e+00 4.470195e-01 2.2184e-03 4.2157e-03 +2.8359e-06 0.03998 5.23788e-02 1.31559e-01 2.84971e-01 0.00000e+00
10.250474 7.20281443e-02 3.11216263e-02 1.03149771e-01 1.71430772e-02 1.17296641e+00 9.66928907e-01 1.71191625e-02 4.320759e-01 8.243449e-01 4.775687e+00 5.466516e+00 4.171441e-01 1.9348e-03 3.5594e-03 +5.1999e-06 0.03887 5.28233e-02 1.30888e-01 2.89580e-01 0.00000e+00
10.500486 7.18252216e-02 3.17851375e-02 1.03610359e-01 1.66491678e-02 1.20059751e+00 1.01984908e+00 1.77635727e-02 4.425345e-01 8.494513e-01 5.789874e+00 5.526072e+00 3.965170e-01 1.7959e-03 3.1517e-03 +7.3936e-06 0.03752 5.44792e-02 1.33317e-01 3.00148e-01 0.00000e+00
10.750497 7.16189868e-02 3.21850605e-02 1.03804047e-01 1.62320983e-02 1.23461020e+00 1.11704026e+00 1.88132036e-02 4.493928e-01 9.047716e-01 7.040244e+00 5.555357e+00 3.950010e-01 1.8910e-03 3.1711e-03 +8.6424e-06 0.03602 5.63551e-02 1.37210e-01 3.14841e-01 0.00000e+00
11.000509 7.13947185e-02 3.22133568e-02 1.03608075e-01 1.58973627e-02 1.27291276e+00 1.22877986e+00 2.00135409e-02 4.512008e-01 9.653292e-01 8.080438e+00 5.529392e+00 4.141261e-01 2.1136e-03 3.4396e-03 +8.5437e-06 0.03448 5.73142e-02 1.41917e-01 3.29129e-01 0.00000e+00
11.250520 7.11487362e-02 3.18405096e-02 1.02989246e-01 1.56171650e-02 1.31236255e+00 1.32338442e+00 2.10859758e-02 4.475204e-01 1.008398e+00 8.715937e+00 5.462495e+00 4.408710e-01 2.3092e-03 3.8284e-03 +7.1708e-06 0.03372 5.78646e-02 1.48301e-01 3.40508e-01 0.00000e+00
11.500532 7.08561223e-02 3.11318312e-02 1.01987953e-01 1.53463611e-02 1.34662905e+00 1.38634072e+00 2.18637582e-02 4.393668e-01 1.029490e+00 8.909620e+00 5.326891e+00 4.563753e-01 2.4218e-03 4.3014e-03 +5.1167e-06 0.03420 5.89795e-02 1.56204e-01 3.48652e-01 0.00000e+00
11.750543 7.04797131e-02 3.02127917e-02 1.00692505e-01 1.50460228e-02 1.36951123e+00 1.41752700e+00 2.22963059e-02 4.286736e-01 1.035061e+00 8.316938e+00 5.127833e+00 4.474756e-01 2.4575e-03 4.9395e-03 +3.0315e-06 0.03457 6.04968e-02 1.65262e-01 3.53451e-01 0.00000e+00
12.000555 6.99993929e-02 2.92157966e-02 9.92151895e-02 1.46921094e-02 1.37783118e+00 1.42204141e+00 2.23989807e-02 4.173721e-01 1.032087e+00 6.587795e+00 4.961467e+00 4.103393e-01 2.4812e-03 6.1336e-03 +1.4240e-06 0.03473 6.33048e-02 1.74680e-01 3.54722e-01 0.00000e+00
12.250567 6.94261358e-02 2.82377471e-02 9.76638829e-02 1.42720891e-02 1.37210856e+00 1.40447436e+00 2.22126634e-02 4.067308e-01 1.023588e+00 5.747675e+00 4.879399e+00 3.595773e-01 2.5245e-03 7.4296e-03 +5.3808e-07 0.03461 6.83157e-02 1.83419e-01 3.53470e-01 0.00000e+00
12.500578 6.88059043e-02 2.73251109e-02 9.61310152e-02 1.37942549e-02 1.35763761e+00 1.37351576e+00 2.18492270e-02 3.971332e-01 1.011695e+00 6.155251e+00 4.712039e+00 3.285246e-01 2.5364e-03 7.8923e-03 +4.9798e-07 0.03430 7.45899e-02 1.90940e-01 3.53171e-01 0.00000e+00
12.750590 6.82033203e-02 2.64832164e-02 9.46865367e-02 1.32923775e-02 1.33958214e+00 1.33170661e+00 2.13703100e-02 3.882981e-01 9.941209e-01 6.158366e+00 4.453729e+00 3.239970e-01 2.5513e-03 7.6529e-03 +1.2871e-06 0.03368 7.94157e-02 1.94707e-01 3.54418e-01 0.00000e+00
13.000601 6.76664731e-02 2.57269359e-02 9.33934090e-02 1.28013684e-02 1.31769894e+00 1.27298338e+00 2.07254586e-02 3.802021e-01 9.660654e-01 7.673825e+00 4.257238e+00 3.240434e-01 2.6445e-03 7.4291e-03 +2.7750e-06 0.03320 8.02110e-02 1.91340e-01 3.52017e-01 0.00000e+00
13.250613 6.72054240e-02 2.51156478e-02 9.23210718e-02 1.23427938e-02 1.28787563e+00 1.20149626e+00 1.99149751e-02 3.737146e-01 9.329288e-01 7.964220e+00 4.356737e+00 3.133323e-01 2.7624e-03 7.3799e-03 +4.6266e-06 0.03236 7.60792e-02 1.80100e-01 3.41350e-01 0.00000e+00
13.500624 6.68027339e-02 2.47279556e-02 9.15306895e-02 1.19197017e-02 1.24860525e+00 1.12762016e+00 1.90098032e-02 3.701638e-01 9.031038e-01 7.195649e+00 4.484023e+00 2.968924e-01 2.8593e-03 7.5075e-03 +6.3718e-06 0.03217 6.80885e-02 1.62678e-01 3.22367e-01 0.00000e+00
13.750636 6.64269503e-02 2.46210316e-02 9.10479820e-02 1.15207731e-02 1.20500154e+00 1.06210585e+00 1.81368591e-02 3.706482e-01 8.814145e-01 5.602636e+00 4.521226e+00 2.913551e-01 2.8209e-03 7.5995e-03 +7.5022e-06 0.03154 5.84232e-02 1.42132e-01 2.98304e-01 0.00000e+00
14.000647 6.60331698e-02 2.48102284e-02 9.08433982e-02 1.11430468e-02 1.16543329e+00 1.01740216e+00 1.74626836e-02 3.757237e-01 8.729819e-01 4.298781e+00 4.427112e+00 3.034472e-01 2.5554e-03 7.3081e-03 +7.7082e-06 0.03195 4.92451e-02 1.22438e-01 2.73778e-01 0.00000e+00
14.250659 6.55700672e-02 2.52667344e-02 9.08368016e-02 1.08095618e-02 1.13515781e+00 1.00259666e+00 1.71020358e-02 3.853395e-01 8.832223e-01 3.987024e+00 4.325463e+00 3.266661e-01 2.1884e-03 6.5538e-03 +6.9882e-06 0.03267 4.21144e-02 1.06869e-01 2.52834e-01 0.00000e+00
14.500671 6.50002796e-02 2.59268019e-02 9.09270815e-02 1.05623474e-02 1.11338910e+00 1.01615944e+00 1.70363883e-02 3.988722e-01 9.126723e-01 4.056297e+00 4.170597e+00 3.482395e-01 1.9658e-03 5.6875e-03 +5.6319e-06 0.03307 3.75181e-02 9.64706e-02 2.37614e-01 0.00000e+00
14.750682 6.43143850e-02 2.67110493e-02 9.10254343e-02 1.04402290e-02 1.09629849e+00 1.04743777e+00 1.71498900e-02 4.153200e-01 9.554312e-01 4.777057e+00 4.282091e+00 3.604201e-01 1.9602e-03 5.0843e-03 +4.0813e-06 0.03326 3.49558e-02 9.05521e-02 2.29017e-01 0.00000e+00
15.000694 6.35363735e-02 2.75387184e-02 9.10750918e-02 1.04593683e-02 1.08139294e+00 1.08420088e+00 1.73247506e-02 4.334323e-01 1.002597e+00 5.425096e+00 4.361496e+00 3.642300e-01 2.0616e-03 4.8450e-03 +2.7526e-06 0.03333 3.37774e-02 8.83095e-02 2.27083e-01 0.00000e+00
15.250705 6.27203774e-02 2.83288359e-02 9.10492134e-02 1.06057503e-02 1.06913788e+00 1.11766769e+00 1.74944446e-02 4.516688e-01 1.045392e+00 5.857822e+00 4.335994e+00 3.584382e-01 2.1624e-03 4.9574e-03 +1.9226e-06 0.03330 3.37794e-02 8.96826e-02 2.30506e-01 0.00000e+00
15.500717 6.19368426e-02 2.89984516e-02 9.09352942e-02 1.08410206e-02 1.06149106e+00 1.14200539e+00 1.76279716e-02 4.681939e-01 1.075850e+00 6.089647e+00 4.308572e+00 3.393215e-01 2.2265e-03 5.3477e-03 +1.7014e-06 0.03308 3.50435e-02 9.36659e-02 2.37959e-01 0.00000e+00
15.750728 6.12532304e-02 2.94750409e-02 9.07282713e-02 1.11138449e-02 1.05949791e+00 1.15148155e+00 1.76878357e-02 4.811998e-01 1.086818e+00 6.184614e+00 4.297018e+00 3.114056e-01 2.2524e-03 5.7786e-03 +2.0915e-06 0.03270 3.69139e-02 9.67041e-02 2.47918e-01 0.00000e+00
16.000740 6.07167611e-02 2.97194861e-02 9.04362472e-02 1.13687717e-02 1.06215775e+00 1.14224221e+00 1.76351997e-02 4.894775e-01 1.075398e+00 6.156812e+00 4.524174e+00 2.813152e-01 2.2482e-03 6.0023e-03 +2.9650e-06 0.03214 3.75844e-02 9.59318e-02 2.57591e-01 0.00000e+00
16.250752 6.03417363e-02 2.97377875e-02 9.00795238e-02 1.15488513e-02 1.06692822e+00 1.11794051e+00 1.74789498e-02 4.928229e-01 1.047812e+00 5.956113e+00 4.379125e+00 2.539118e-01 2.2463e-03 5.8948e-03 +4.0807e-06 0.03149 3.59579e-02 9.40495e-02 2.65219e-01 0.00000e+00
16.500763 6.01098179e-02 2.95668193e-02 8.96766372e-02 1.15933866e-02 1.07023044e+00 1.08845464e+00 1.72694806e-02 4.918800e-01 1.017028e+00 5.781290e+00 4.491499e+00 2.342042e-01 2.3159e-03 5.5032e-03 +5.1356e-06 0.03136 3.44447e-02 9.71183e-02 2.71777e-01 0.00000e+00
16.750775 5.99911671e-02 2.92555216e-02 8.92466887e-02 1.14445592e-02 1.06827879e+00 1.05808342e+00 1.70108977e-02 4.876638e-01 9.904563e-01 6.008312e+00 4.815655e+00 2.308780e-01 2.5316e-03 5.7778e-03 +5.8856e-06 0.03143 3.73719e-02 1.06574e-01 2.78816e-01 0.00000e+00
17.000786 5.99603927e-02 2.88637740e-02 8.88241667e-02 1.10721111e-02 1.05969602e+00 1.02180909e+00 1.66520408e-02 4.813807e-01 9.642474e-01 5.483477e+00 4.894639e+00 2.561980e-01 2.7451e-03 6.8360e-03 +6.1690e-06 0.03140 4.42804e-02 1.17724e-01 2.85887e-01 0.00000e+00
17.250798 5.99912274e-02 2.84592735e-02 8.84505009e-02 1.04937207e-02 1.04758082e+00 9.80786730e-01 1.62269404e-02 4.743906e-01 9.362397e-01 4.761489e+00 4.816452e+00 3.079931e-01 2.6804e-03 7.1192e-03 +5.9434e-06 0.03149 4.99028e-02 1.25532e-01 2.91225e-01 0.00000e+00
17.500809 6.00528358e-02 2.80927363e-02 8.81455721e-02 9.76948075e-03 1.03762308e+00 9.49990993e-01 1.59009126e-02 4.678003e-01 9.155454e-01 4.300062e+00 4.788862e+00 3.552522e-01 2.3788e-03 6.3783e-03 +5.2742e-06 0.03151 5.15877e-02 1.28746e-01 2.93628e-01 0.00000e+00
17.750821 6.01155570e-02 2.77758991e-02 8.78914562e-02 8.97917999e-03 1.03346506e+00 9.42991622e-01 1.58116535e-02 4.620418e-01 9.124562e-01 4.488740e+00 4.759650e+00 3.719470e-01 2.0846e-03 5.2440e-03 +4.3504e-06 0.03250 5.09980e-02 1.28749e-01 2.93203e-01 0.00000e+00
18.000832 6.01556965e-02 2.74902740e-02 8.76459705e-02 8.20151264e-03 1.03482999e+00 9.59070422e-01 1.59512033e-02 4.569854e-01 9.267903e-01 5.758896e+00 4.794919e+00 3.666108e-01 1.9431e-03 4.2743e-03 +3.4119e-06 0.03305 5.00577e-02 1.27158e-01 2.91233e-01 0.00000e+00
18.250844 6.01544257e-02 2.72225308e-02 8.73769566e-02 7.49954524e-03 1.03937665e+00 9.84531152e-01 1.61912624e-02 4.525441e-01 9.472323e-01 7.032335e+00 4.833275e+00 3.575353e-01 1.9722e-03 3.6432e-03 +2.6884e-06 0.03296 4.91663e-02 1.24902e-01 2.88242e-01 0.00000e+00
18.500856 6.00857879e-02 2.70066845e-02 8.70924724e-02 6.90698824e-03 1.04555230e+00 9.93104178e-01 1.63092518e-02 4.494688e-01 9.498369e-01 7.878008e+00 4.800278e+00 3.531724e-01 2.2032e-03 3.5263e-03 +2.3130e-06 0.03260 4.70537e-02 1.20418e-01 2.80973e-01 0.00000e+00
18.750867 5.98992711e-02 2.69474981e-02 8.68467691e-02 6.42790645e-03 1.05295082e+00 9.64402445e-01 1.61388261e-02 4.498802e-01 9.159045e-01 6.422737e+00 4.678218e+00 3.596939e-01 2.4280e-03 3.9734e-03 +2.3204e-06 0.03241 4.21965e-02 1.10995e-01 2.65165e-01 0.00000e+00
19.000879 5.95200645e-02 2.71660446e-02 8.66861091e-02 6.05550345e-03 1.05897877e+00 9.23437871e-01 1.58593332e-02 4.564183e-01 8.720079e-01 4.253884e+00 4.478400e+00 3.759519e-01 2.3510e-03 4.2468e-03 +2.6549e-06 0.03217 3.73891e-02 1.01013e-01 2.46992e-01 0.00000e+00
19.250890 5.88812448e-02 2.77027586e-02 8.65840034e-02 5.78023011e-03 1.06062564e+00 9.08741298e-01 1.57549355e-02 4.704853e-01 8.567974e-01 5.045664e+00 4.469243e+00 4.002468e-01 2.0885e-03 3.9367e-03 +3.1915e-06 0.03336 3.62292e-02 9.70900e-02 2.37665e-01 0.00000e+00
19.500902 5.79611937e-02 2.85064830e-02 8.64676767e-02 5.59680041e-03 1.05712190e+00 9.30021932e-01 1.58971506e-02 4.918201e-01 8.797679e-01 5.937647e+00 4.445056e+00 4.284725e-01 1.7995e-03 3.2288e-03 +3.7402e-06 0.03372 3.80826e-02 9.89756e-02 2.38412e-01 0.00000e+00
19.750913 5.68025418e-02 2.94578522e-02 8.62603941e-02 5.51535922e-03 1.04804058e+00 9.85398196e-01 1.62675102e-02 5.186010e-01 9.402290e-01 6.734418e+00 4.292094e+00 4.487794e-01 1.7308e-03 2.8088e-03 +4.1026e-06 0.03362 4.11486e-02 1.03831e-01 2.44783e-01 0.00000e+00
20.000925 5.55106414e-02 3.03929938e-02 8.59036352e-02 5.55102385e-03 1.03403203e+00 1.06151262e+00 1.67643572e-02 5.475165e-01 1.026576e+00 8.048396e+00 4.554565e+00 4.512258e-01 2.0648e-03 3.0793e-03 +4.1360e-06 0.03361 4.41344e-02 1.09079e-01 2.52662e-01 0.00000e+00
20.250937 5.42226175e-02 3.11588371e-02 8.53814545e-02 5.70773258e-03 1.01829108e+00 1.13356659e+00 1.72148613e-02 5.746465e-01 1.113205e+00 8.600888e+00 4.994165e+00 4.352920e-01 2.5491e-03 3.6742e-03 +3.7946e-06 0.03333 4.62555e-02 1.12932e-01 2.60085e-01 0.00000e+00
20.500948 5.30575080e-02 3.16674378e-02 8.47249458e-02 5.97378401e-03 1.00402321e+00 1.18028101e+00 1.74744338e-02 5.968512e-01 1.175552e+00 8.475130e+00 5.361075e+00 4.086608e-01 2.9508e-03 4.2011e-03 +3.1408e-06 0.03273 4.72749e-02 1.14712e-01 2.67869e-01 0.00000e+00
20.750960 5.20866404e-02 3.19107080e-02 8.39973484e-02 6.32215180e-03 9.91973450e-01 1.19478790e+00 1.74940908e-02 6.126467e-01 1.204456e+00 7.853304e+00 5.585567e+00 3.808010e-01 3.2149e-03 4.5586e-03 +2.3262e-06 0.03201 4.74221e-02 1.15096e-01 2.76883e-01 0.00000e+00
21.000971 5.13406698e-02 3.19309495e-02 8.32716194e-02 6.70986152e-03 9.81224090e-01 1.18436246e+00 1.73246924e-02 6.219426e-01 1.207025e+00 7.395374e+00 5.593495e+00 3.569449e-01 3.3848e-03 4.8342e-03 +1.5493e-06 0.03128 4.72543e-02 1.15916e-01 2.85734e-01 0.00000e+00
21.250983 5.08317995e-02 3.17720059e-02 8.26038054e-02 7.08232921e-03 9.71165486e-01 1.15984305e+00 1.70480683e-02 6.250419e-01 1.194280e+00 7.266105e+00 5.475595e+00 3.379043e-01 3.5272e-03 5.1636e-03 +9.9711e-07 0.03064 4.75069e-02 1.18155e-01 2.93341e-01 0.00000e+00
21.500994 5.05670613e-02 3.14534831e-02 8.20205443e-02 7.38469634e-03 9.62501076e-01 1.12777819e+00 1.67222341e-02 6.220152e-01 1.171716e+00 7.050672e+00 5.415347e+00 3.247158e-01 3.6516e-03 5.5253e-03 +8.0561e-07 0.03020 4.83901e-02 1.21171e-01 2.98446e-01 0.00000e+00
21.751006 5.05455523e-02 3.09776583e-02 8.15232107e-02 7.57179067e-03 9.56840558e-01 1.09186272e+00 1.63896262e-02 6.128662e-01 1.141112e+00 6.707741e+00 5.403601e+00 3.198673e-01 3.6975e-03 5.8701e-03 +1.0236e-06 0.02998 4.96659e-02 1.24540e-01 3.01671e-01 0.00000e+00
22.001017 5.07458068e-02 3.03496655e-02 8.10954722e-02 7.61163273e-03 9.55256025e-01 1.05449022e+00 1.60779700e-02 5.980724e-01 1.103882e+00 6.333439e+00 5.443046e+00 3.243661e-01 3.6224e-03 6.2256e-03 +1.6157e-06 0.03008 5.13035e-02 1.27579e-01 3.04307e-01 0.00000e+00
22.251029 5.11170586e-02 2.95952908e-02 8.07123494e-02 7.48738852e-03 9.56840620e-01 1.01660827e+00 1.57875911e-02 5.789709e-01 1.062464e+00 6.686775e+00 5.296681e+00 3.338797e-01 3.4356e-03 6.4095e-03 +2.4673e-06 0.03054 5.26059e-02 1.29423e-01 3.06816e-01 0.00000e+00
22.501041 5.15869561e-02 2.87640796e-02 8.03510357e-02 7.19761893e-03 9.58814870e-01 9.79734877e-01 1.55083980e-02 5.575844e-01 1.021819e+00 7.034254e+00 4.801899e+00 3.380484e-01 3.1707e-03 6.3168e-03 +3.4076e-06 0.03109 5.26538e-02 1.30216e-01 3.08608e-01 0.00000e+00
22.751052 5.20825105e-02 2.79165515e-02 7.99990620e-02 6.74911766e-03 9.58169722e-01 9.42933466e-01 1.52088255e-02 5.360063e-01 9.840986e-01 7.225568e+00 4.288199e+00 3.206125e-01 2.9020e-03 6.2777e-03 +4.2403e-06 0.03157 5.11831e-02 1.29980e-01 3.07722e-01 0.00000e+00
23.001064 5.25474209e-02 2.71168299e-02 7.96642508e-02 6.14438725e-03 9.54941196e-01 8.98590853e-01 1.48282564e-02 5.160449e-01 9.409908e-01 6.262596e+00 4.389045e+00 2.687475e-01 2.6193e-03 6.3906e-03 +4.8012e-06 0.03187 4.78156e-02 1.26751e-01 3.00780e-01 0.00000e+00
23.251075 5.29392419e-02 2.64274372e-02 7.93666791e-02 5.39536360e-03 9.55466514e-01 8.49239134e-01 1.44376452e-02 4.992032e-01 8.888215e-01 4.300805e+00 4.440769e+00 2.119381e-01 2.2474e-03 6.3735e-03 +4.9906e-06 0.03197 4.36919e-02 1.21095e-01 2.89694e-01 0.00000e+00
23.501087 5.32182513e-02 2.58781715e-02 7.90964228e-02 4.56221324e-03 9.64096915e-01 8.13764920e-01 1.42228947e-02 4.862650e-01 8.440696e-01 3.289791e+00 4.445245e+00 1.932358e-01 1.8855e-03 6.0791e-03 +4.7976e-06 0.03186 4.15623e-02 1.17225e-01 2.82070e-01 0.00000e+00
23.751098 5.33547571e-02 2.54667722e-02 7.88215293e-02 3.72537057e-03 9.75786518e-01 7.94142407e-01 1.41594314e-02 4.773102e-01 8.138485e-01 3.132644e+00 4.671070e+00 1.987893e-01 1.6372e-03 5.6160e-03 +4.2892e-06 0.03152 4.05568e-02 1.14158e-01 2.77820e-01 0.00000e+00
24.001110 5.33312509e-02 2.52020533e-02 7.85333041e-02 2.93286996e-03 9.85068100e-01 7.80848492e-01 1.41273327e-02 4.725569e-01 7.926848e-01 3.035339e+00 5.008156e+00 2.111450e-01 1.5025e-03 5.1772e-03 +3.5875e-06 0.03100 3.90335e-02 1.09783e-01 2.73707e-01 0.00000e+00
24.251122 5.31320199e-02 2.51083726e-02 7.82403925e-02 2.20770658e-03 9.89233493e-01 7.73290455e-01 1.41001916e-02 4.725657e-01 7.817067e-01 2.993487e+00 5.342413e+00 2.285210e-01 1.4678e-03 4.7794e-03 +2.8358e-06 0.03062 3.73430e-02 1.05273e-01 2.70160e-01 0.00000e+00
24.501133 5.27432463e-02 2.52007962e-02 7.79440425e-02 1.56973579e-03 9.86048568e-01 7.77307988e-01 1.41068524e-02 4.778014e-01 7.883060e-01 3.051250e+00 5.588446e+00 2.475973e-01 1.4866e-03 4.3921e-03 +2.1736e-06 0.03191 3.66731e-02 1.03095e-01 2.69067e-01 0.00000e+00
24.751145 5.21612918e-02 2.54685950e-02 7.76298868e-02 1.04158378e-03 9.74169485e-01 7.97156679e-01 1.41706093e-02 4.882662e-01 8.182936e-01 3.554096e+00 5.672267e+00 2.637390e-01 1.5296e-03 4.1277e-03 +1.7089e-06 0.03301 3.79128e-02 1.04966e-01 2.71629e-01 0.00000e+00
25.001156 5.13979863e-02 2.58766911e-02 7.72746774e-02 6.45707177e-04 9.54164980e-01 8.32187951e-01 1.42908235e-02 5.034573e-01 8.721636e-01 4.886413e+00 5.608496e+00 2.761496e-01 1.5857e-03 4.0072e-03 +1.4933e-06 0.03351 4.10601e-02 1.10820e-01 2.77778e-01 0.00000e+00
25.251168 5.04793895e-02 2.63758778e-02 7.68552673e-02 4.00510275e-04 9.28032165e-01 8.78175939e-01 1.44496648e-02 5.225079e-01 9.462775e-01 6.085419e+00 5.466507e+00 2.889241e-01 1.6353e-03 3.9091e-03 +1.5059e-06 0.03336 4.53284e-02 1.19118e-01 2.86672e-01 0.00000e+00
25.501179 4.94429561e-02 2.69107281e-02 7.63536841e-02 3.17654982e-04 8.98156137e-01 9.29272492e-01 1.46194290e-02 5.442783e-01 1.034645e+00 7.057286e+00 5.403683e+00 3.042990e-01 1.6877e-03 3.8275e-03 +1.6642e-06 0.03261 4.96574e-02 1.28001e-01 2.97326e-01 0.00000e+00
25.751191 4.83378814e-02 2.74245401e-02 7.57624214e-02 4.00057039e-04 8.67177005e-01 9.78814210e-01 1.47679297e-02 5.673509e-01 1.128736e+00 7.725145e+00 5.370543e+00 3.181084e-01 1.7521e-03 3.7749e-03 +1.8549e-06 0.03154 5.31859e-02 1.36254e-01 3.08752e-01 0.00000e+00
26.001202 4.72231183e-02 2.78649104e-02 7.50880287e-02 6.39847588e-04 8.38233454e-01 1.02026981e+00 1.48680261e-02 5.900693e-01 1.217167e+00 8.065030e+00 5.362278e+00 3.253084e-01 1.8323e-03 3.7174e-03 +1.9686e-06 0.03026 5.55499e-02 1.43577e-01 3.19971e-01 0.00000e+00
26.251214 4.61574318e-02 2.81908082e-02 7.43482401e-02 1.01637195e-03 8.14205800e-01 1.04861064e+00 1.49025315e-02 6.107534e-01 1.287894e+00 8.105624e+00 5.388791e+00 3.256860e-01 1.9285e-03 3.6551e-03 +1.9310e-06 0.02887 5.69709e-02 1.50235e-01 3.30191e-01 0.00000e+00
26.501226 4.51881360e-02 2.83794063e-02 7.35675424e-02 1.49569176e-03 7.96388927e-01 1.06135308e+00 1.48619361e-02 6.280278e-01 1.332707e+00 7.905510e+00 5.388086e+00 3.229170e-01 2.0294e-03 3.6442e-03 +1.7205e-06 0.02744 5.80421e-02 1.56388e-01 3.38910e-01 0.00000e+00
26.751237 4.43464160e-02 2.84294287e-02 7.27758447e-02 2.03320480e-03 7.84154697e-01 1.05872461e+00 1.47430345e-02 6.410761e-01 1.350148e+00 7.534689e+00 5.348947e+00 3.210389e-01 2.1239e-03 3.7356e-03 +1.3714e-06 0.02722 5.92820e-02 1.61441e-01 3.45317e-01 0.00000e+00
27.001249 4.36488122e-02 2.83578774e-02 7.20066896e-02 2.58000375e-03 7.76003957e-01 1.04317384e+00 1.45534224e-02 6.496827e-01 1.344289e+00 7.067889e+00 5.277033e+00 3.222962e-01 2.2009e-03 3.8792e-03 +9.6107e-07 0.02704 6.07529e-02 1.63971e-01 3.48579e-01 0.00000e+00
27.251260 4.31015482e-02 2.81912981e-02 7.12928463e-02 3.09182133e-03 7.70926246e-01 1.01856621e+00 1.43159396e-02 6.540669e-01 1.321224e+00 6.652164e+00 5.139356e+00 3.281355e-01 2.2583e-03 3.9348e-03 +5.8945e-07 0.02675 6.20293e-02 1.62983e-01 3.48645e-01 0.00000e+00
27.501272 4.27054912e-02 2.79556587e-02 7.06611500e-02 3.53564334e-03 7.69021034e-01 9.89102530e-01 1.40649885e-02 6.546151e-01 1.286184e+00 6.456054e+00 4.991409e+00 3.403516e-01 2.3144e-03 3.8524e-03 +3.5208e-07 0.02672 6.26610e-02 1.59304e-01 3.46669e-01 0.00000e+00
27.751283 4.24592069e-02 2.76691687e-02 7.01283756e-02 3.88866654e-03 7.71229898e-01 9.58125916e-01 1.38348465e-02 6.516648e-01 1.242335e+00 6.375519e+00 4.807664e+00 3.605149e-01 2.3830e-03 3.6942e-03 +3.2004e-07 0.02695 6.26175e-02 1.55058e-01 3.44527e-01 0.00000e+00
28.001295 4.23579453e-02 2.73416609e-02 6.96996062e-02 4.13210509e-03 7.78549111e-01 9.27895212e-01 1.36515546e-02 6.454907e-01 1.191826e+00 6.311325e+00 4.631874e+00 3.889472e-01 2.4475e-03 3.5037e-03 +5.2154e-07 0.02747 6.22339e-02 1.52038e-01 3.43661e-01 0.00000e+00
28.251307 4.23896663e-02 2.69800187e-02 6.93696850e-02 4.24757830e-03 7.91117184e-01 9.00496604e-01 1.35329103e-02 6.364763e-01 1.138259e+00 6.226218e+00 4.475399e+00 4.228157e-01 2.4809e-03 3.3033e-03 +9.3267e-07 0.02772 6.18935e-02 1.50838e-01 3.44200e-01 0.00000e+00
28.501318 4.25322083e-02 2.65951669e-02 6.91273751e-02 4.21780411e-03 8.07236528e-01 8.77738013e-01 1.34797963e-02 6.252948e-01 1.087337e+00 6.071866e+00 4.358372e+00 4.539750e-01 2.4849e-03 3.1891e-03 +1.4777e-06 0.02783 6.15734e-02 1.50654e-01 3.44733e-01 0.00000e+00
28.751330 4.27556712e-02 2.62083099e-02 6.89639812e-02 4.02606138e-03 8.22504168e-01 8.58902201e-01 1.34512509e-02 6.129786e-01 1.044253e+00 5.792901e+00 4.277887e+00 4.686055e-01 2.5043e-03 3.3956e-03 +2.0484e-06 0.02796 6.04373e-02 1.49281e-01 3.42544e-01 0.00000e+00
29.001341 4.30302638e-02 2.58555586e-02 6.88858225e-02 3.65269659e-03 8.30998098e-01 8.40356679e-01 1.33708382e-02 6.008692e-01 1.011262e+00 5.327720e+00 4.249729e+00 4.490318e-01 2.5368e-03 4.0561e-03 +2.5312e-06 0.02801 5.73024e-02 1.44471e-01 3.34622e-01 0.00000e+00
29.251353 4.33310343e-02 2.55849675e-02 6.89160019e-02 3.08135487e-03 8.30542102e-01 8.21474056e-01 1.32161293e-02 5.904537e-01 9.890818e-01 4.701211e+00 4.256657e+00 3.895976e-01 2.4851e-03 4.9506e-03 +2.8397e-06 0.02797 5.23057e-02 1.36676e-01 3.20315e-01 0.00000e+00
29.501364 4.36307374e-02 2.54408480e-02 6.90715854e-02 2.32582091e-03 8.26158782e-01 8.10242212e-01 1.30912080e-02 5.830946e-01 9.807342e-01 3.962876e+00 4.296213e+00 3.206741e-01 2.3059e-03 5.7626e-03 +2.9379e-06 0.02781 4.77052e-02 1.29024e-01 3.03789e-01 0.00000e+00
29.751376 4.38947576e-02 2.54475311e-02 6.93422888e-02 1.44821653e-03 8.22643518e-01 8.14906108e-01 1.31003970e-02 5.797396e-01 9.905945e-01 3.544588e+00 4.382745e+00 2.752607e-01 2.0365e-03 6.1570e-03 +2.8429e-06 0.02754 4.50366e-02 1.22761e-01 2.89820e-01 0.00000e+00
30.001387 4.40955246e-02 2.56146790e-02 6.97102036e-02 5.28290478e-04 8.18436779e-01 8.30746989e-01 1.31934701e-02 5.808907e-01 1.015041e+00 3.685452e+00 4.499089e+00 2.466305e-01 1.7666e-03 5.9801e-03 +2.6083e-06 0.02703 4.28957e-02 1.16032e-01 2.78492e-01 0.00000e+00
30.251399 4.42253947e-02 2.59511082e-02 7.01765029e-02 -3.76672410e-04 8.11625174e-01 8.46326195e-01 1.32636109e-02 5.867920e-01 1.042755e+00 3.866239e+00 4.622610e+00 2.245894e-01 1.6375e-03 5.4835e-03 +2.3122e-06 0.02616 4.01187e-02 1.08486e-01 2.68556e-01 0.00000e+00
30.501411 4.42909650e-02 2.64624613e-02 7.07534263e-02 -1.23176673e-03 8.03257440e-01 8.55499122e-01 1.32700525e-02 5.974686e-01 1.065037e+00 4.050756e+00 4.706254e+00 2.090356e-01 1.6503e-03 4.9764e-03 +2.0497e-06 0.02647 3.72328e-02 1.01652e-01 2.59702e-01 0.00000e+00
30.751422 4.43027527e-02 2.71409344e-02 7.14436871e-02 -2.00644756e-03 7.94448254e-01 8.59888975e-01 1.32346978e-02 6.126241e-01 1.082373e+00 4.167968e+00 4.719603e+00 1.958843e-01 1.6872e-03 4.6717e-03 +1.9099e-06 0.02651 3.49872e-02 9.62898e-02 2.51171e-01 0.00000e+00
31.001434 4.42706081e-02 2.79590660e-02 7.22296741e-02 -2.66849933e-03 7.84351270e-01 8.65588935e-01 1.31995216e-02 6.315492e-01 1.103573e+00 4.294216e+00 4.665499e+00 1.771140e-01 1.6832e-03 4.5718e-03 +1.9446e-06 0.02625 3.34623e-02 9.17799e-02 2.41834e-01 0.00000e+00
31.251445 4.42032934e-02 2.88692182e-02 7.30725116e-02 -3.19080370e-03 7.71014019e-01 8.78568256e-01 1.31966582e-02 6.531011e-01 1.139497e+00 4.451611e+00 4.566840e+00 1.527425e-01 1.6754e-03 4.4925e-03 +2.1500e-06 0.02580 3.23164e-02 8.72520e-02 2.32250e-01 0.00000e+00
31.501457 4.41105139e-02 2.98067651e-02 7.39172790e-02 -3.55789950e-03 7.53282688e-01 9.01120356e-01 1.32352243e-02 6.757293e-01 1.196258e+00 4.532341e+00 4.446113e+00 1.353768e-01 1.7167e-03 4.2744e-03 +2.4694e-06 0.02606 3.13807e-02 8.25701e-02 2.24631e-01 0.00000e+00
31.751468 4.40063217e-02 3.06966032e-02 7.47029248e-02 -3.76454854e-03 7.32333054e-01 9.30630099e-01 1.33037052e-02 6.975499e-01 1.270774e+00 4.546758e+00 4.291313e+00 1.383742e-01 1.7762e-03 3.9166e-03 +2.8128e-06 0.02602 3.08173e-02 7.84433e-02 2.20748e-01 0.00000e+00
32.001480 4.39078074e-02 3.14650244e-02 7.53728318e-02 -3.80983984e-03 7.12063939e-01 9.61530536e-01 1.33887558e-02 7.166157e-01 1.350343e+00 5.271576e+00 4.121213e+00 1.649887e-01 1.8167e-03 3.4473e-03 +3.0841e-06 0.02615 3.08076e-02 7.70510e-02 2.22607e-01 0.00000e+00
32.251491 4.38258245e-02 3.20549116e-02 7.58807361e-02 -3.69460093e-03 6.97368333e-01 9.89456639e-01 1.34945998e-02 7.314161e-01 1.418844e+00 5.902564e+00 3.952567e+00 2.090122e-01 1.8328e-03 3.0150e-03 +3.2044e-06 0.02611 3.19903e-02 8.08973e-02 2.32410e-01 0.00000e+00
32.501503 4.37564883e-02 3.24376176e-02 7.61941059e-02 -3.42390491e-03 6.90892571e-01 1.01304069e+00 1.36314661e-02 7.413213e-01 1.466278e+00 6.295181e+00 3.829623e+00 2.606900e-01 1.8419e-03 3.1731e-03 +3.1313e-06 0.02609 3.56081e-02 8.93147e-02 2.49783e-01 0.00000e+00
32.751515 4.36835988e-02 3.26182615e-02 7.63018603e-02 -3.01065512e-03 6.91240687e-01 1.03142709e+00 1.37813422e-02 7.466936e-01 1.492139e+00 6.512829e+00 3.738496e+00 3.117009e-01 1.8563e-03 3.5442e-03 +2.8636e-06 0.02654 4.08151e-02 9.96297e-02 2.70607e-01 0.00000e+00
33.001526 4.35888206e-02 3.26321607e-02 7.62209813e-02 -2.47977723e-03 6.94785161e-01 1.04547575e+00 1.39220873e-02 7.486360e-01 1.504747e+00 6.858529e+00 3.684863e+00 3.558015e-01 1.8596e-03 3.4617e-03 +2.4341e-06 0.02691 4.54737e-02 1.11188e-01 2.91540e-01 0.00000e+00
33.251538 4.34618387e-02 3.25257062e-02 7.59875449e-02 -1.87034457e-03 6.98703569e-01 1.06070368e+00 1.40752580e-02 7.483739e-01 1.518103e+00 7.024388e+00 3.655562e+00 3.885187e-01 1.8545e-03 3.1737e-03 +1.9089e-06 0.02718 5.00037e-02 1.25274e-01 3.12290e-01 0.00000e+00
33.501549 4.33088882e-02 3.23319454e-02 7.56408337e-02 -1.22960515e-03 7.02214653e-01 1.08273584e+00 1.42796040e-02 7.465430e-01 1.541887e+00 7.040617e+00 3.677730e+00 4.080981e-01 1.8562e-03 3.0823e-03 +1.3871e-06 0.02730 5.57162e-02 1.42007e-01 3.32706e-01 0.00000e+00
33.751561 4.31540886e-02 3.20612940e-02 7.52153826e-02 -6.03090834e-04 7.06426898e-01 1.11262324e+00 1.45524011e-02 7.429492e-01 1.575001e+00 6.956858e+00 3.712194e+00 4.150006e-01 1.8622e-03 3.2260e-03 +9.7599e-07 0.02738 6.23480e-02 1.59339e-01 3.51390e-01 0.00000e+00
34.001572 4.30296928e-02 3.17095389e-02 7.47392317e-02 -2.79123420e-05 7.13045940e-01 1.14762146e+00 1.48853392e-02 7.369223e-01 1.609464e+00 6.829250e+00 3.735306e+00 4.106084e-01 1.8619e-03 3.4595e-03 +7.5898e-07 0.02764 6.86168e-02 1.74745e-01 3.66841e-01 0.00000e+00
34.251584 4.29621721e-02 3.12731568e-02 7.42353289e-02 4.69185864e-04 7.22952917e-01 1.18276127e+00 1.52457135e-02 7.279231e-01 1.636014e+00 6.699046e+00 3.755541e+00 3.973093e-01 1.8536e-03 3.6551e-03 +7.7395e-07 0.02778 7.33306e-02 1.86385e-01 3.78053e-01 0.00000e+00
34.501596 4.29618456e-02 3.07645890e-02 7.37264346e-02 8.69954118e-04 7.35799947e-01 1.21066835e+00 1.55717464e-02 7.160910e-01 1.645377e+00 6.553289e+00 3.749138e+00 3.788075e-01 1.8493e-03 3.7910e-03 +1.0054e-06 0.02766 7.57572e-02 1.93064e-01 3.84131e-01 0.00000e+00
34.751607 4.30190017e-02 3.02236872e-02 7.32426889e-02 1.16073455e-03 7.50200947e-01 1.22229930e+00 1.57800020e-02 7.025660e-01 1.629296e+00 6.237704e+00 3.718073e+00 3.592397e-01 1.8614e-03 3.9469e-03 +1.3906e-06 0.02728 7.55254e-02 1.94080e-01 3.84064e-01 0.00000e+00
35.001619 4.31071177e-02 2.97192961e-02 7.28264138e-02 1.32919003e-03 7.63822569e-01 1.21133744e+00 1.58012800e-02 6.894290e-01 1.585889e+00 5.376336e+00 3.674368e+00 3.406184e-01 1.8702e-03 4.1978e-03 +1.8387e-06 0.02665 7.25681e-02 1.89314e-01 3.77145e-01 0.00000e+00
35.251630 4.31927939e-02 2.93326900e-02 7.25254839e-02 1.36460072e-03 7.74066165e-01 1.18069375e+00 1.56380793e-02 6.791107e-01 1.525314e+00 5.407669e+00 3.622535e+00 3.223815e-01 1.8268e-03 4.5260e-03 +2.2570e-06 0.02580 6.73992e-02 1.79679e-01 3.64008e-01 0.00000e+00
35.501642 4.32494646e-02 2.91230571e-02 7.23725217e-02 1.26472358e-03 7.79853582e-01 1.14472324e+00 1.53966146e-02 6.733738e-01 1.467869e+00 5.117973e+00 3.624632e+00 3.066318e-01 1.7293e-03 4.8448e-03 +2.5748e-06 0.02568 6.14658e-02 1.67643e-01 3.47631e-01 0.00000e+00
35.751653 4.32692209e-02 2.90970210e-02 7.23662419e-02 1.04455502e-03 7.82280962e-01 1.11969558e+00 1.52158124e-02 6.724646e-01 1.431322e+00 5.064780e+00 3.668814e+00 2.976591e-01 1.6292e-03 4.9849e-03 +2.7571e-06 0.02636 5.63899e-02 1.56044e-01 3.31811e-01 0.00000e+00
36.001665 4.32665113e-02 2.92123335e-02 7.24788448e-02 7.34460770e-04 7.83259026e-01 1.11056337e+00 1.51505791e-02 6.751719e-01 1.417875e+00 5.314036e+00 3.715466e+00 2.948726e-01 1.5460e-03 4.8019e-03 +2.8046e-06 0.02697 5.26283e-02 1.45909e-01 3.17865e-01 0.00000e+00
36.251676 4.32705812e-02 2.94102238e-02 7.26808050e-02 3.69131220e-04 7.84286954e-01 1.11119762e+00 1.51638766e-02 6.796817e-01 1.416825e+00 5.481861e+00 3.782053e+00 2.941755e-01 1.4969e-03 4.4415e-03 +2.7485e-06 0.02741 4.97075e-02 1.36766e-01 3.04745e-01 0.00000e+00
36.501688 4.33118060e-02 2.96442771e-02 7.29560831e-02 -2.11016506e-05 7.86176991e-01 1.11287156e+00 1.51923884e-02 6.844387e-01 1.415548e+00 5.562611e+00 3.865470e+00 2.940376e-01 1.5003e-03 4.1438e-03 +2.6416e-06 0.02768 4.71756e-02 1.28158e-01 2.91319e-01 0.00000e+00
36.751700 4.34098392e-02 2.98931559e-02 7.33029951e-02 -4.13493282e-04 7.89151854e-01 1.10904904e+00 1.51856071e-02 6.886263e-01 1.405368e+00 5.591074e+00 3.949687e+00 2.968504e-01 1.5561e-03 4.0184e-03 +2.5464e-06 0.02780 4.48304e-02 1.20030e-01 2.77210e-01 0.00000e+00
37.001711 4.35669214e-02 3.01615953e-02 7.37285167e-02 -7.92612323e-04 7.92849209e-01 1.09640745e+00 1.51140533e-02 6.923049e-01 1.382870e+00 5.567545e+00 3.983318e+00 3.053960e-01 1.6630e-03 4.0720e-03 +2.5172e-06 0.02779 4.25815e-02 1.12396e-01 2.62558e-01 0.00000e+00
37.251723 4.37676985e-02 3.04727045e-02 7.42404030e-02 -1.14740995e-03 7.96302455e-01 1.07499734e+00 1.49703984e-02 6.962373e-01 1.349986e+00 5.472366e+00 3.995265e+00 3.181666e-01 1.8085e-03 4.2569e-03 +2.5856e-06 0.02856 4.03224e-02 1.05082e-01 2.47614e-01 0.00000e+00
37.501734 4.39859905e-02 3.08528590e-02 7.48388495e-02 -1.46624483e-03 7.98151027e-01 1.04819901e+00 1.47708003e-02 7.014247e-01 1.313284e+00 5.363856e+00 4.004726e+00 3.286798e-01 1.9383e-03 4.4547e-03 +2.7504e-06 0.02916 3.78856e-02 9.78740e-02 2.32734e-01 0.00000e+00
37.751746 4.41957354e-02 3.13134418e-02 7.55091772e-02 -1.73196025e-03 7.97131202e-01 1.02192911e+00 1.45524825e-02 7.085173e-01 1.282009e+00 5.215127e+00 3.965255e+00 3.300845e-01 1.9861e-03 4.5153e-03 +2.9781e-06 0.02942 3.52027e-02 9.08312e-02 2.18714e-01 0.00000e+00
38.001757 4.43807274e-02 3.18372173e-02 7.62179447e-02 -1.91978128e-03 7.92635725e-01 1.00269000e+00 1.43626058e-02 7.173658e-01 1.265007e+00 5.080006e+00 3.857357e+00 3.192885e-01 1.9525e-03 4.3623e-03 +3.2135e-06 0.02954 3.24869e-02 8.43656e-02 2.06762e-01 0.00000e+00
38.251769 4.45378682e-02 3.23776268e-02 7.69154949e-02 -2.00000770e-03 7.84825636e-01 9.95227716e-01 1.42404268e-02 7.269685e-01 1.268088e+00 4.986645e+00 3.741788e+00 2.982578e-01 1.9154e-03 4.0395e-03 +3.3985e-06 0.02968 3.01990e-02 7.91040e-02 1.98073e-01 0.00000e+00
38.501781 4.46729764e-02 3.28733796e-02 7.75463559e-02 -1.94580630e-03 7.74065608e-01 1.00070631e+00 1.41981753e-02 7.358672e-01 1.292793e+00 4.941636e+00 3.704223e+00 2.751258e-01 1.9390e-03 3.6572e-03 +3.4890e-06 0.02981 2.88193e-02 7.56574e-02 1.93417e-01 0.00000e+00
38.751792 4.47953566e-02 3.32700205e-02 7.80653771e-02 -1.74366024e-03 7.60488492e-01 1.01595343e+00 1.42115354e-02 7.427114e-01 1.335922e+00 5.500198e+00 3.867031e+00 2.599995e-01 2.0084e-03 3.3308e-03 +3.4673e-06 0.02983 2.85742e-02 7.42898e-02 1.92568e-01 0.00000e+00
39.001804 4.49174720e-02 3.35343866e-02 7.84518585e-02 -1.40103161e-03 7.44447078e-01 1.03479221e+00 1.42339143e-02 7.465778e-01 1.390014e+00 6.548137e+00 3.847273e+00 2.579340e-01 2.0731e-03 3.1996e-03 +3.3448e-06 0.02957 2.93183e-02 7.47670e-02 1.95207e-01 0.00000e+00
39.251815 4.50579635e-02 3.36543538e-02 7.87123174e-02 -9.45835013e-04 7.27469413e-01 1.05104278e+00 1.42280975e-02 7.469124e-01 1.444793e+00 7.004460e+00 3.834191e+00 2.678673e-01 2.0989e-03 3.3353e-03 +3.1570e-06 0.02893 3.05876e-02 7.66879e-02 2.01748e-01 0.00000e+00
39.501827 4.52416761e-02 3.36294177e-02 7.88710939e-02 -4.17912955e-04 7.12708324e-01 1.06176174e+00 1.41957605e-02 7.433283e-01 1.489756e+00 6.952375e+00 3.746854e+00 2.849444e-01 2.0809e-03 3.5310e-03 +2.9532e-06 0.02789 3.19517e-02 7.99338e-02 2.11699e-01 0.00000e+00
39.751838 4.54937304e-02 3.34613275e-02 7.89550579e-02 1.41412201e-04 7.04201018e-01 1.06750841e+00 1.41736754e-02 7.355151e-01 1.515914e+00 6.824129e+00 3.590297e+00 3.040176e-01 2.0364e-03 3.6105e-03 +2.7838e-06 0.02710 3.34673e-02 8.45343e-02 2.22757e-01 0.00000e+00
40.001850 4.58304273e-02 3.31520234e-02 7.89824507e-02 6.94845455e-04 7.05093642e-01 1.06829736e+00 1.41871280e-02 7.233627e-01 1.515114e+00 6.665925e+00 3.407208e+00 3.217988e-01 1.9970e-03 3.6525e-03 +2.6889e-06 0.02699 3.52510e-02 9.02876e-02 2.32601e-01 0.00000e+00
40.251861 4.62522097e-02 3.27109369e-02 7.89631466e-02 1.20795501e-03 7.15754338e-01 1.06193726e+00 1.42215328e-02 7.072297e-01 1.483662e+00 6.373579e+00 3.275745e+00 3.357843e-01 1.9802e-03 3.7322e-03 +2.6910e-06 0.02699 3.72074e-02 9.67630e-02 2.40591e-01 0.00000e+00
40.501873 4.67424186e-02 3.21621062e-02 7.89045248e-02 1.64654140e-03 7.33350183e-01 1.04641817e+00 1.42381469e-02 6.880711e-01 1.426901e+00 6.002674e+00 3.391906e+00 3.443821e-01 1.9667e-03 3.9406e-03 +2.7944e-06 0.02733 3.93706e-02 1.02970e-01 2.47043e-01 0.00000e+00
40.751885 4.72705480e-02 3.15452262e-02 7.88157742e-02 1.97746850e-03 7.53234725e-01 1.02170771e+00 1.41995395e-02 6.673336e-01 1.356427e+00 5.551043e+00 3.484607e+00 3.464774e-01 1.9216e-03 4.1805e-03 +2.9836e-06 0.02770 4.12313e-02 1.07166e-01 2.51775e-01 0.00000e+00
41.001896 4.77958343e-02 3.09139543e-02 7.87097885e-02 2.17309894e-03 7.70919592e-01 9.89966785e-01 1.40870910e-02 6.467918e-01 1.284138e+00 4.954313e+00 3.544656e+00 3.386300e-01 1.8337e-03 4.3193e-03 +3.2175e-06 0.02793 4.15672e-02 1.07781e-01 2.54083e-01 0.00000e+00
41.251908 4.82713604e-02 3.03315220e-02 7.86028824e-02 2.21717123e-03 7.83858482e-01 9.54811987e-01 1.39093638e-02 6.283544e-01 1.218092e+00 4.880232e+00 3.585917e+00 3.173860e-01 1.7193e-03 4.4447e-03 +3.4337e-06 0.02788 3.97157e-02 1.04628e-01 2.53853e-01 0.00000e+00
41.501919 4.86518893e-02 2.98587086e-02 7.85105979e-02 2.11010886e-03 7.92561845e-01 9.21348535e-01 1.37112830e-02 6.137215e-01 1.162494e+00 4.915172e+00 3.605551e+00 2.893218e-01 1.6056e-03 4.6966e-03 +3.5668e-06 0.02753 3.66524e-02 9.97147e-02 2.52867e-01 0.00000e+00
41.751931 4.89048352e-02 2.95342012e-02 7.84390364e-02 1.87226932e-03 7.99526560e-01 8.96117612e-01 1.35651534e-02 6.039117e-01 1.120810e+00 5.235709e+00 3.684383e+00 2.685956e-01 1.5146e-03 4.9373e-03 +3.5691e-06 0.02849 3.44866e-02 9.65294e-02 2.54311e-01 0.00000e+00
42.001942 4.90192123e-02 2.93623733e-02 7.83815857e-02 1.54062193e-03 8.06517824e-01 8.83821003e-01 1.35227106e-02 5.989972e-01 1.095848e+00 5.463924e+00 3.827131e+00 2.598066e-01 1.4489e-03 4.7799e-03 +3.4211e-06 0.02925 3.45800e-02 9.71585e-02 2.59722e-01 0.00000e+00
42.251954 4.90075695e-02 2.93203988e-02 7.83279683e-02 1.15865416e-03 8.13235254e-01 8.85083326e-01 1.35865486e-02 5.982831e-01 1.088348e+00 5.558720e+00 3.983829e+00 2.562414e-01 1.4132e-03 4.2942e-03 +3.1376e-06 0.02973 3.65683e-02 1.00734e-01 2.67453e-01 0.00000e+00
42.501966 4.89019879e-02 2.93742362e-02 7.82762241e-02 7.66341014e-04 8.18145942e-01 8.97296167e-01 1.37235369e-02 6.006757e-01 1.096743e+00 5.564861e+00 4.166992e+00 2.517115e-01 1.4213e-03 3.9329e-03 +2.7730e-06 0.02993 3.91519e-02 1.04927e-01 2.74263e-01 0.00000e+00
42.751977 4.87466451e-02 2.94933820e-02 7.82400271e-02 3.92758591e-04 8.19801364e-01 9.15038655e-01 1.38787201e-02 6.050341e-01 1.116171e+00 5.521510e+00 4.362215e+00 2.455790e-01 1.4800e-03 3.8903e-03 +2.4093e-06 0.02988 4.10740e-02 1.07571e-01 2.77160e-01 0.00000e+00
43.001989 4.85876570e-02 2.96630465e-02 7.82507034e-02 5.12747585e-05 8.17485858e-01 9.31146515e-01 1.39890590e-02 6.105058e-01 1.139037e+00 5.445264e+00 4.530684e+00 2.419645e-01 1.5853e-03 4.0428e-03 +2.1225e-06 0.02956 4.16708e-02 1.07425e-01 2.74622e-01 0.00000e+00
43.252000 4.84628469e-02 2.98894190e-02 7.83522659e-02 -2.59801461e-04 8.11564593e-01 9.39035777e-01 1.40048030e-02 6.167491e-01 1.157068e+00 5.361525e+00 4.652069e+00 2.489400e-01 1.7222e-03 4.2262e-03 +1.9567e-06 0.02907 4.09715e-02 1.04383e-01 2.67075e-01 0.00000e+00
43.502012 4.83939559e-02 3.01955994e-02 7.85895553e-02 -5.49006101e-04 8.03583537e-01 9.35134540e-01 1.39097446e-02 6.239539e-01 1.163705e+00 5.271058e+00 4.700170e+00 2.745014e-01 1.8737e-03 4.3883e-03 +1.9188e-06 0.02905 3.93457e-02 9.91611e-02 2.56195e-01 0.00000e+00
43.752023 4.83838255e-02 3.06078122e-02 7.89916377e-02 -8.18827729e-04 7.95500871e-01 9.22126215e-01 1.37410167e-02 6.326042e-01 1.159177e+00 5.174766e+00 4.699262e+00 3.164302e-01 1.9710e-03 4.4996e-03 +1.9861e-06 0.02993 3.72439e-02 9.29680e-02 2.43957e-01 0.00000e+00
44.002035 4.84223524e-02 3.11324432e-02 7.95547956e-02 -1.05540916e-03 7.88316395e-01 9.09666024e-01 1.35838593e-02 6.429354e-01 1.153935e+00 5.092469e+00 4.627008e+00 3.548182e-01 1.9184e-03 4.4203e-03 +2.1179e-06 0.03059 3.51946e-02 8.72998e-02 2.32434e-01 0.00000e+00
44.252046 4.84985935e-02 3.17381270e-02 8.02367205e-02 -1.22995936e-03 7.81866722e-01 9.07680397e-01 1.35163770e-02 6.544133e-01 1.160914e+00 4.994223e+00 4.500923e+00 3.674162e-01 1.7708e-03 4.0280e-03 +2.2692e-06 0.03096 3.37301e-02 8.36361e-02 2.23935e-01 0.00000e+00
44.502058 4.86079113e-02 3.23616191e-02 8.09695304e-02 -1.31167938e-03 7.75940528e-01 9.18728256e-01 1.35573503e-02 6.657686e-01 1.184019e+00 4.870310e+00 4.334836e+00 3.542757e-01 1.6990e-03 3.4938e-03 +2.4035e-06 0.03109 3.31915e-02 8.29582e-02 2.20315e-01 0.00000e+00
44.752070 4.87501173e-02 3.29315985e-02 8.16817158e-02 -1.27947157e-03 7.70918990e-01 9.38417692e-01 1.36746935e-02 6.755183e-01 1.217271e+00 4.748878e+00 4.140432e+00 3.325770e-01 1.7750e-03 3.1955e-03 +2.5002e-06 0.03115 3.35965e-02 8.52058e-02 2.21726e-01 0.00000e+00
45.002081 4.89230087e-02 3.33905079e-02 8.23135166e-02 -1.12592842e-03 7.67801573e-01 9.60564510e-01 1.38269287e-02 6.825113e-01 1.251058e+00 5.347418e+00 3.941535e+00 3.151631e-01 1.9215e-03 3.2910e-03 +2.5549e-06 0.03116 3.47505e-02 8.91045e-02 2.26716e-01 0.00000e+00
45.252093 4.91152941e-02 3.37073170e-02 8.28226111e-02 -8.58038742e-04 7.67580852e-01 9.79872978e-01 1.39796306e-02 6.862896e-01 1.276573e+00 5.600336e+00 3.770706e+00 3.063727e-01 2.0458e-03 3.6838e-03 +2.5753e-06 0.03104 3.64410e-02 9.28025e-02 2.33724e-01 0.00000e+00
45.502104 4.93061386e-02 3.38805608e-02 8.31866995e-02 -4.97325276e-04 7.70308570e-01 9.92246039e-01 1.41004369e-02 6.871469e-01 1.288115e+00 5.618278e+00 3.644409e+00 3.099052e-01 2.1231e-03 4.2231e-03 +2.5763e-06 0.03072 3.82543e-02 9.52790e-02 2.42204e-01 0.00000e+00
45.752116 4.94738368e-02 3.39305392e-02 8.34043760e-02 -7.83536308e-05 7.75349051e-01 9.96225769e-01 1.41725986e-02 6.858279e-01 1.284874e+00 5.793886e+00 3.565612e+00 3.292789e-01 2.1633e-03 4.6479e-03 +2.5711e-06 0.03019 3.94713e-02 9.77287e-02 2.52099e-01 0.00000e+00
46.002127 4.96032510e-02 3.38846394e-02 8.34878905e-02 3.56125835e-04 7.82274114e-01 9.94038607e-01 1.42105018e-02 6.831133e-01 1.270704e+00 5.867037e+00 3.516111e+00 3.599105e-01 2.1792e-03 4.7440e-03 +2.5656e-06 0.02996 4.03075e-02 1.02401e-01 2.63026e-01 0.00000e+00
46.252139 4.96856133e-02 3.37661105e-02 8.34517238e-02 7.61795553e-04 7.90545738e-01 9.88628908e-01 1.42333972e-02 6.795953e-01 1.250565e+00 5.848107e+00 3.499695e+00 3.888921e-01 2.1790e-03 4.6702e-03 +2.5565e-06 0.03074 4.19824e-02 1.09275e-01 2.74089e-01 0.00000e+00
46.502151 4.97170112e-02 3.35924293e-02 8.33094405e-02 1.09581471e-03 7.99236392e-01 9.81487085e-01 1.42457878e-02 6.756727e-01 1.228031e+00 5.750398e+00 3.534603e+00 4.045276e-01 2.1561e-03 4.6901e-03 +2.5339e-06 0.03085 4.46170e-02 1.16753e-01 2.84400e-01 0.00000e+00
46.752162 4.96985968e-02 3.33751159e-02 8.30737127e-02 1.32034450e-03 8.07995689e-01 9.74746747e-01 1.42619395e-02 6.715505e-01 1.206376e+00 5.518311e+00 3.612395e+00 4.017813e-01 2.0985e-03 4.8759e-03 +2.4923e-06 0.03045 4.78065e-02 1.24475e-01 2.94309e-01 0.00000e+00
47.002174 4.96344794e-02 3.31186627e-02 8.27531421e-02 1.41039457e-03 8.17658851e-01 9.71111671e-01 1.43101642e-02 6.672511e-01 1.187673e+00 5.010114e+00 3.746158e+00 3.809376e-01 2.0091e-03 5.1725e-03 +2.4401e-06 0.02962 5.13102e-02 1.32734e-01 3.04533e-01 0.00000e+00
47.252185 4.95260042e-02 3.28257391e-02 8.23517434e-02 1.35898787e-03 8.29457012e-01 9.72012756e-01 1.44117581e-02 6.627981e-01 1.171866e+00 3.970222e+00 3.931165e+00 3.478747e-01 1.9060e-03 5.5117e-03 +2.3894e-06 0.02977 5.44454e-02 1.40876e-01 3.14758e-01 0.00000e+00
47.502197 4.93661573e-02 3.25051732e-02 8.18713306e-02 1.17733185e-03 8.44036436e-01 9.78061866e-01 1.45767864e-02 6.584505e-01 1.158791e+00 4.057017e+00 4.164485e+00 3.174522e-01 1.7992e-03 5.8015e-03 +2.3397e-06 0.03003 5.66906e-02 1.47949e-01 3.24215e-01 0.00000e+00
47.752208 4.91390511e-02 3.21729572e-02 8.13120083e-02 8.91749339e-04 8.60331080e-01 9.90835233e-01 1.48093305e-02 6.547330e-01 1.151691e+00 4.285233e+00 4.380407e+00 3.050899e-01 1.7070e-03 5.8988e-03 +2.2802e-06 0.03036 5.84788e-02 1.53976e-01 3.32768e-01 0.00000e+00
48.002220 4.88276865e-02 3.18470937e-02 8.06747802e-02 5.32910218e-04 8.75213211e-01 1.01008629e+00 1.50823960e-02 6.522343e-01 1.154103e+00 4.347365e+00 4.567516e+00 3.093146e-01 1.6757e-03 5.8068e-03 +2.2007e-06 0.03081 6.02395e-02 1.58922e-01 3.39961e-01 0.00000e+00
48.252231 4.84229686e-02 3.15475654e-02 7.99705340e-02 1.22690101e-04 8.85901416e-01 1.03151632e+00 1.53393419e-02 6.515000e-01 1.164369e+00 4.579028e+00 4.678110e+00 3.232524e-01 1.6840e-03 5.5308e-03 +2.0938e-06 0.03124 6.17130e-02 1.62052e-01 3.44785e-01 0.00000e+00
48.502243 4.79266191e-02 3.12965845e-02 7.92232036e-02 -3.25214299e-04 8.91154850e-01 1.05144046e+00 1.55407625e-02 6.530105e-01 1.179863e+00 5.977033e+00 4.702690e+00 3.428435e-01 1.6962e-03 5.1619e-03 +1.9549e-06 0.03153 6.25188e-02 1.62917e-01 3.46777e-01 0.00000e+00
48.752255 4.73520312e-02 3.11119678e-02 7.84639991e-02 -7.97206402e-04 8.90508677e-01 1.06950006e+00 1.56800699e-02 6.570355e-01 1.200999e+00 7.000724e+00 4.659372e+00 3.633158e-01 1.7133e-03 4.8432e-03 +1.7875e-06 0.03158 6.25446e-02 1.61704e-01 3.45988e-01 0.00000e+00
49.002266 4.67264692e-02 3.09993126e-02 7.77257818e-02 -1.27752873e-03 8.83422694e-01 1.08662106e+00 1.57603501e-02 6.634208e-01 1.230013e+00 7.580503e+00 4.538546e+00 3.787766e-01 1.7508e-03 4.6558e-03 +1.6111e-06 0.03138 6.19475e-02 1.58887e-01 3.42533e-01 0.00000e+00
49.252278 4.60925613e-02 3.09514407e-02 7.70440020e-02 -1.75541054e-03 8.69424404e-01 1.10064101e+00 1.57605233e-02 6.715062e-01 1.265942e+00 7.671557e+00 4.360251e+00 3.839839e-01 1.8304e-03 4.5790e-03 +1.4566e-06 0.03095 6.08904e-02 1.54800e-01 3.36594e-01 0.00000e+00
49.502289 4.55024044e-02 3.09608329e-02 7.64632372e-02 -2.23363011e-03 8.49369349e-01 1.10422982e+00 1.56287934e-02 6.804219e-01 1.300058e+00 7.294394e+00 4.144028e+00 3.802385e-01 1.9777e-03 4.5547e-03 +1.3519e-06 0.03032 5.93796e-02 1.49604e-01 3.28661e-01 0.00000e+00
49.752301 4.50018243e-02 3.10367135e-02 7.60385378e-02 -2.72617817e-03 8.25575662e-01 1.09048678e+00 1.53284996e-02 6.896768e-01 1.320880e+00 6.533467e+00 3.915461e+00 3.760162e-01 2.1632e-03 4.5688e-03 +1.3101e-06 0.02952 5.72701e-02 1.43304e-01 3.19173e-01 0.00000e+00
49.999845 4.46190560e-02 3.12050769e-02 7.58241329e-02 -3.24219052e-03 8.00634633e-01 1.06031361e+00 1.48875859e-02 6.993666e-01 1.324341e+00 5.530111e+00 3.666102e+00 3.775655e-01 2.3141e-03 4.6550e-03 +1.3326e-06 0.02920 5.43993e-02 1.35843e-01 3.08362e-01 0.00000e+00
