# tg_mhd (CUDA FP64)  hydro_noslip_nofield_n256_re500_va1.41421  N=256 L=256 Re=500 Pm=1 u0=0.05 nu_lat=8.116902e-03 eta_lat=8.116902e-03 tau_f=0.524351 tau_m=0.532468 dt=6.159986e-04 fw=profile
# t E_V E_M E_T H_C Omega_V Omega_M eps EM/EV OmM/OmV j_max w_max skew divb/j divb_wall/j mass_drift umax_lat fw1 fw2 fw4 tau_wall
0.000000 2.46093810e-01 0.00000000e+00 2.46093810e-01 0.00000000e+00 7.12266365e+01 0.00000000e+00 2.84906546e-01 0.000000e+00 0.000000e+00 0.000000e+00 1.721692e+02 -2.283795e-18 0.0000e+00 0.0000e+00 +0.0000e+00 0.07070 9.90071e-01 9.90672e-01 9.91883e-01 1.68343e-01
0.049896 2.38354195e-01 0.00000000e+00 2.38354195e-01 0.00000000e+00 2.36696028e+01 0.00000000e+00 9.46784112e-02 0.000000e+00 0.000000e+00 0.000000e+00 7.474749e+01 2.132495e-01 0.0000e+00 0.0000e+00 +8.1745e-06 0.07124 9.70099e-01 9.71972e-01 9.75608e-01 7.18512e-02
0.099792 2.33864552e-01 0.00000000e+00 2.33864552e-01 0.00000000e+00 1.73550247e+01 0.00000000e+00 6.94200986e-02 0.000000e+00 0.000000e+00 0.000000e+00 5.678172e+01 2.028657e-01 0.0000e+00 0.0000e+00 +2.3331e-05 0.07111 9.55333e-01 9.61814e-01 9.66763e-01 5.34457e-02
0.149688 2.30612879e-01 0.00000000e+00 2.30612879e-01 0.00000000e+00 1.44358763e+01 0.00000000e+00 5.77435052e-02 0.000000e+00 0.000000e+00 0.000000e+00 4.764695e+01 6.890924e-02 0.0000e+00 0.0000e+00 +2.7150e-05 0.07039 9.35241e-01 9.54002e-01 9.59947e-01 4.45186e-02
0.199584 2.28488209e-01 0.00000000e+00 2.28488209e-01 0.00000000e+00 1.26296933e+01 0.00000000e+00 5.05187732e-02 0.000000e+00 0.000000e+00 0.000000e+00 4.113540e+01 3.230713e-02 0.0000e+00 0.0000e+00 +1.5580e-05 0.06999 9.10561e-01 9.47159e-01 9.53959e-01 3.87328e-02
0.249479 2.26302787e-01 0.00000000e+00 2.26302787e-01 0.00000000e+00 1.13618705e+01 0.00000000e+00 4.54474818e-02 0.000000e+00 0.000000e+00 0.000000e+00 3.713450e+01 1.726887e-01 0.0000e+00 0.0000e+00 +2.1172e-06 0.06992 8.83815e-01 9.40844e-01 9.48476e-01 3.46148e-02
0.299375 2.24082831e-01 0.00000000e+00 2.24082831e-01 0.00000000e+00 1.04394690e+01 0.00000000e+00 4.17578759e-02 0.000000e+00 0.000000e+00 0.000000e+00 3.406272e+01 3.451616e-01 0.0000e+00 0.0000e+00 +1.9246e-06 0.06981 8.57192e-01 9.35008e-01 9.43570e-01 3.19067e-02
0.349271 2.21881048e-01 0.00000000e+00 2.21881048e-01 0.00000000e+00 9.75834504e+00 0.00000000e+00 3.90333801e-02 0.000000e+00 0.000000e+00 0.000000e+00 3.196251e+01 4.370415e-01 0.0000e+00 0.0000e+00 +1.5810e-05 0.06936 8.31860e-01 9.29541e-01 9.39262e-01 2.98384e-02
0.399167 2.19490689e-01 0.00000000e+00 2.19490689e-01 0.00000000e+00 9.24279956e+00 0.00000000e+00 3.69711982e-02 0.000000e+00 0.000000e+00 0.000000e+00 3.108635e+01 3.958798e-01 0.0000e+00 0.0000e+00 +2.6427e-05 0.06903 8.08128e-01 9.24161e-01 9.35390e-01 2.79919e-02
0.449063 2.17888731e-01 0.00000000e+00 2.17888731e-01 0.00000000e+00 8.87991651e+00 0.00000000e+00 3.55196660e-02 0.000000e+00 0.000000e+00 0.000000e+00 3.049415e+01 3.030503e-01 0.0000e+00 0.0000e+00 +2.1274e-05 0.06849 7.86887e-01 9.18922e-01 9.32053e-01 2.70313e-02
0.498959 2.16553225e-01 0.00000000e+00 2.16553225e-01 0.00000000e+00 8.53462440e+00 0.00000000e+00 3.41384976e-02 0.000000e+00 0.000000e+00 0.000000e+00 2.920991e+01 3.004669e-01 0.0000e+00 0.0000e+00 +6.8934e-06 0.06758 7.65902e-01 9.12771e-01 9.28400e-01 2.61761e-02
0.548855 2.14992406e-01 0.00000000e+00 2.14992406e-01 0.00000000e+00 8.11055545e+00 0.00000000e+00 3.24422218e-02 0.000000e+00 0.000000e+00 0.000000e+00 2.703458e+01 4.649617e-01 0.0000e+00 0.0000e+00 -9.4783e-07 0.06732 7.42629e-01 9.04720e-01 9.23659e-01 2.46544e-02
0.598751 2.13347089e-01 0.00000000e+00 2.13347089e-01 0.00000000e+00 7.75578863e+00 0.00000000e+00 3.10231545e-02 0.000000e+00 0.000000e+00 0.000000e+00 2.568972e+01 6.351953e-01 0.0000e+00 0.0000e+00 +7.8843e-06 0.06755 7.21361e-01 8.96491e-01 9.19186e-01 2.31743e-02
0.648646 2.11328310e-01 0.00000000e+00 2.11328310e-01 0.00000000e+00 7.57857323e+00 0.00000000e+00 3.03142929e-02 0.000000e+00 0.000000e+00 0.000000e+00 2.595761e+01 6.445262e-01 0.0000e+00 0.0000e+00 +2.1942e-05 0.06708 7.06232e-01 8.89834e-01 9.16268e-01 2.28963e-02
0.698542 2.09650823e-01 0.00000000e+00 2.09650823e-01 0.00000000e+00 7.58068504e+00 0.00000000e+00 3.03227402e-02 0.000000e+00 0.000000e+00 0.000000e+00 2.716164e+01 5.142819e-01 0.0000e+00 0.0000e+00 +2.4472e-05 0.06579 6.97895e-01 8.85090e-01 9.15057e-01 2.36107e-02
0.748438 2.08656696e-01 0.00000000e+00 2.08656696e-01 0.00000000e+00 7.45894593e+00 0.00000000e+00 2.98357837e-02 0.000000e+00 0.000000e+00 0.000000e+00 2.654820e+01 4.642396e-01 0.0000e+00 0.0000e+00 +1.3320e-05 0.06502 6.84817e-01 8.77774e-01 9.12174e-01 2.31134e-02
0.798334 2.07362639e-01 0.00000000e+00 2.07362639e-01 0.00000000e+00 7.14758444e+00 0.00000000e+00 2.85903378e-02 0.000000e+00 0.000000e+00 0.000000e+00 2.466958e+01 5.846191e-01 0.0000e+00 0.0000e+00 +1.0877e-06 0.06478 6.63797e-01 8.66485e-01 9.06690e-01 2.15107e-02
0.848230 2.05900808e-01 0.00000000e+00 2.05900808e-01 0.00000000e+00 6.92419973e+00 0.00000000e+00 2.76967989e-02 0.000000e+00 0.000000e+00 0.000000e+00 2.352306e+01 7.455407e-01 0.0000e+00 0.0000e+00 +2.0991e-06 0.06481 6.46718e-01 8.56026e-01 9.01990e-01 2.07670e-02
0.898126 2.04307692e-01 0.00000000e+00 2.04307692e-01 0.00000000e+00 6.89657592e+00 0.00000000e+00 2.75863037e-02 0.000000e+00 0.000000e+00 0.000000e+00 2.418656e+01 7.705786e-01 0.0000e+00 0.0000e+00 +1.4736e-05 0.06441 6.39532e-01 8.49228e-01 8.99875e-01 2.11278e-02
0.948022 2.02590196e-01 0.00000000e+00 2.02590196e-01 0.00000000e+00 6.90754725e+00 0.00000000e+00 2.76301890e-02 0.000000e+00 0.000000e+00 0.000000e+00 2.488120e+01 7.116914e-01 0.0000e+00 0.0000e+00 +2.4224e-05 0.06349 6.34190e-01 8.42998e-01 8.98154e-01 2.13897e-02
0.997918 2.01427608e-01 0.00000000e+00 2.01427608e-01 0.00000000e+00 6.88324639e+00 0.00000000e+00 2.75329856e-02 0.000000e+00 0.000000e+00 0.000000e+00 2.536126e+01 6.479751e-01 0.0000e+00 0.0000e+00 +1.8989e-05 0.06252 6.26943e-01 8.35606e-01 8.95689e-01 2.13204e-02
1.047814 2.00336267e-01 0.00000000e+00 2.00336267e-01 0.00000000e+00 6.81196185e+00 0.00000000e+00 2.72478474e-02 0.000000e+00 0.000000e+00 0.000000e+00 2.462648e+01 6.617656e-01 0.0000e+00 0.0000e+00 +5.8567e-06 0.06206 6.17359e-01 8.26727e-01 8.92288e-01 2.10212e-02
1.097709 1.99025444e-01 0.00000000e+00 1.99025444e-01 0.00000000e+00 6.70426068e+00 0.00000000e+00 2.68170427e-02 0.000000e+00 0.000000e+00 0.000000e+00 2.397716e+01 7.567019e-01 0.0000e+00 0.0000e+00 -1.2804e-06 0.06189 6.05947e-01 8.16584e-01 8.88123e-01 2.05038e-02
1.147605 1.97686761e-01 0.00000000e+00 1.97686761e-01 0.00000000e+00 6.56285142e+00 0.00000000e+00 2.62514057e-02 0.000000e+00 0.000000e+00 0.000000e+00 2.317342e+01 8.684508e-01 0.0000e+00 0.0000e+00 +7.7585e-06 0.06175 5.92540e-01 8.05233e-01 8.83217e-01 1.96546e-02
1.197501 1.96004302e-01 0.00000000e+00 1.96004302e-01 0.00000000e+00 6.54752457e+00 0.00000000e+00 2.61900983e-02 0.000000e+00 0.000000e+00 0.000000e+00 2.346122e+01 8.675109e-01 0.0000e+00 0.0000e+00 +2.0448e-05 0.06141 5.86763e-01 7.97398e-01 8.80382e-01 1.98117e-02
1.247397 1.94545166e-01 0.00000000e+00 1.94545166e-01 0.00000000e+00 6.71832134e+00 0.00000000e+00 2.68732853e-02 0.000000e+00 0.000000e+00 0.000000e+00 2.524463e+01 7.675337e-01 0.0000e+00 0.0000e+00 +2.2097e-05 0.06048 5.92192e-01 7.95175e-01 8.80743e-01 2.09977e-02
1.297293 1.93582011e-01 0.00000000e+00 1.93582011e-01 0.00000000e+00 6.83400918e+00 0.00000000e+00 2.73360367e-02 0.000000e+00 0.000000e+00 0.000000e+00 2.604872e+01 7.030043e-01 0.0000e+00 0.0000e+00 +1.1403e-05 0.05954 5.93817e-01 7.91122e-01 8.79896e-01 2.14072e-02
1.347189 1.92356204e-01 0.00000000e+00 1.92356204e-01 0.00000000e+00 6.65980072e+00 0.00000000e+00 2.66392029e-02 0.000000e+00 0.000000e+00 0.000000e+00 2.427554e+01 7.769877e-01 0.0000e+00 0.0000e+00 +4.9825e-07 0.05923 5.77994e-01 7.77855e-01 8.73680e-01 1.99753e-02
1.397085 1.91026859e-01 0.00000000e+00 1.91026859e-01 0.00000000e+00 6.49534181e+00 0.00000000e+00 2.59813672e-02 0.000000e+00 0.000000e+00 0.000000e+00 2.301078e+01 9.004194e-01 0.0000e+00 0.0000e+00 +1.9025e-06 0.05958 5.62517e-01 7.64401e-01 8.67344e-01 1.90399e-02
1.446981 1.89512861e-01 0.00000000e+00 1.89512861e-01 0.00000000e+00 6.56977583e+00 0.00000000e+00 2.62791033e-02 0.000000e+00 0.000000e+00 0.000000e+00 2.390067e+01 9.109241e-01 0.0000e+00 0.0000e+00 +1.3979e-05 0.05931 5.62840e-01 7.59474e-01 8.65747e-01 1.96671e-02
1.496876 1.87916713e-01 0.00000000e+00 1.87916713e-01 0.00000000e+00 6.76139205e+00 0.00000000e+00 2.70455682e-02 0.000000e+00 0.000000e+00 0.000000e+00 2.540478e+01 8.287705e-01 0.0000e+00 0.0000e+00 +2.2057e-05 0.05830 5.70379e-01 7.58842e-01 8.66392e-01 2.06949e-02
1.546772 1.86768210e-01 0.00000000e+00 1.86768210e-01 0.00000000e+00 6.83974418e+00 0.00000000e+00 2.73589767e-02 0.000000e+00 0.000000e+00 0.000000e+00 2.591335e+01 7.544658e-01 0.0000e+00 0.0000e+00 +1.6680e-05 0.05746 5.70205e-01 7.54137e-01 8.64581e-01 2.07543e-02
1.596668 1.85625112e-01 0.00000000e+00 1.85625112e-01 0.00000000e+00 6.77547834e+00 0.00000000e+00 2.71019134e-02 0.000000e+00 0.000000e+00 0.000000e+00 2.490960e+01 7.616702e-01 0.0000e+00 0.0000e+00 +4.6916e-06 0.05725 5.61116e-01 7.44289e-01 8.59781e-01 2.00395e-02
1.646564 1.84243812e-01 0.00000000e+00 1.84243812e-01 0.00000000e+00 6.72626643e+00 0.00000000e+00 2.69050657e-02 0.000000e+00 0.000000e+00 0.000000e+00 2.420349e+01 8.274003e-01 0.0000e+00 0.0000e+00 -1.3147e-06 0.05712 5.53141e-01 7.34917e-01 8.55152e-01 1.96098e-02
1.696460 1.82903673e-01 0.00000000e+00 1.82903673e-01 0.00000000e+00 6.72321238e+00 0.00000000e+00 2.68928495e-02 0.000000e+00 0.000000e+00 0.000000e+00 2.397568e+01 8.827537e-01 0.0000e+00 0.0000e+00 +7.2091e-06 0.05689 5.48365e-01 7.27419e-01 8.51480e-01 1.95052e-02
1.746356 1.81276097e-01 0.00000000e+00 1.81276097e-01 0.00000000e+00 6.77651175e+00 0.00000000e+00 2.71060470e-02 0.000000e+00 0.000000e+00 0.000000e+00 2.466474e+01 8.429138e-01 0.0000e+00 0.0000e+00 +1.8713e-05 0.05652 5.47367e-01 7.22351e-01 8.48998e-01 1.96939e-02
1.796252 1.79844763e-01 0.00000000e+00 1.79844763e-01 0.00000000e+00 6.89665377e+00 0.00000000e+00 2.75866151e-02 0.000000e+00 0.000000e+00 0.000000e+00 2.564342e+01 7.557924e-01 0.0000e+00 0.0000e+00 +1.9785e-05 0.05586 5.50680e-01 7.20174e-01 8.47867e-01 2.02546e-02
1.846148 1.78710345e-01 0.00000000e+00 1.78710345e-01 0.00000000e+00 7.01739392e+00 0.00000000e+00 2.80695757e-02 0.000000e+00 0.000000e+00 0.000000e+00 2.646739e+01 6.920018e-01 0.0000e+00 0.0000e+00 +9.6540e-06 0.05530 5.53927e-01 7.18135e-01 8.46569e-01 2.06552e-02
1.896044 1.77388681e-01 0.00000000e+00 1.77388681e-01 0.00000000e+00 6.96198727e+00 0.00000000e+00 2.78479491e-02 0.000000e+00 0.000000e+00 0.000000e+00 2.590732e+01 7.155322e-01 0.0000e+00 0.0000e+00 -2.9550e-07 0.05507 5.46007e-01 7.09024e-01 8.41248e-01 1.99070e-02
1.945939 1.76008523e-01 0.00000000e+00 1.76008523e-01 0.00000000e+00 6.82022450e+00 0.00000000e+00 2.72808980e-02 0.000000e+00 0.000000e+00 0.000000e+00 2.488228e+01 7.846997e-01 0.0000e+00 0.0000e+00 +1.4140e-06 0.05501 5.32390e-01 6.96091e-01 8.33740e-01 1.90016e-02
1.995835 1.74504680e-01 0.00000000e+00 1.74504680e-01 0.00000000e+00 6.80951647e+00 0.00000000e+00 2.72380659e-02 0.000000e+00 0.000000e+00 0.000000e+00 2.519963e+01 7.906617e-01 0.0000e+00 0.0000e+00 +1.3089e-05 0.05483 5.27687e-01 6.88865e-01 8.29261e-01 1.90379e-02
2.045731 1.72893304e-01 0.00000000e+00 1.72893304e-01 0.00000000e+00 6.99767267e+00 0.00000000e+00 2.79906907e-02 0.000000e+00 0.000000e+00 0.000000e+00 2.685363e+01 6.946013e-01 0.0000e+00 0.0000e+00 +1.9771e-05 0.05424 5.36577e-01 6.90771e-01 8.29569e-01 2.01397e-02
2.095627 1.71671579e-01 0.00000000e+00 1.71671579e-01 0.00000000e+00 7.11749441e+00 0.00000000e+00 2.84699776e-02 0.000000e+00 0.000000e+00 0.000000e+00 2.745169e+01 6.057058e-01 0.0000e+00 0.0000e+00 +1.4284e-05 0.05383 5.40602e-01 6.89724e-01 8.27962e-01 2.04844e-02
2.145523 1.70401137e-01 0.00000000e+00 1.70401137e-01 0.00000000e+00 6.99927658e+00 0.00000000e+00 2.79971063e-02 0.000000e+00 0.000000e+00 0.000000e+00 2.670319e+01 5.916879e-01 0.0000e+00 0.0000e+00 +3.3062e-06 0.05343 5.29145e-01 6.78247e-01 8.20306e-01 1.94623e-02
2.195419 1.68986608e-01 0.00000000e+00 1.68986608e-01 0.00000000e+00 6.86648584e+00 0.00000000e+00 2.74659433e-02 0.000000e+00 0.000000e+00 0.000000e+00 2.618910e+01 6.413226e-01 0.0000e+00 0.0000e+00 -1.4994e-06 0.05318 5.16552e-01 6.65754e-01 8.11906e-01 1.87605e-02
2.245315 1.67597669e-01 0.00000000e+00 1.67597669e-01 0.00000000e+00 6.88225311e+00 0.00000000e+00 2.75290124e-02 0.000000e+00 0.000000e+00 0.000000e+00 2.679557e+01 6.639962e-01 0.0000e+00 0.0000e+00 +6.3609e-06 0.05298 5.14412e-01 6.60344e-01 8.07398e-01 1.90054e-02
2.295211 1.66018840e-01 0.00000000e+00 1.66018840e-01 0.00000000e+00 6.93299181e+00 0.00000000e+00 2.77319672e-02 0.000000e+00 0.000000e+00 0.000000e+00 2.720909e+01 6.099803e-01 0.0000e+00 0.0000e+00 +1.6816e-05 0.05251 5.14789e-01 6.56809e-01 8.03783e-01 1.92460e-02
2.345107 1.64596550e-01 0.00000000e+00 1.64596550e-01 0.00000000e+00 6.94846150e+00 0.00000000e+00 2.77938460e-02 0.000000e+00 0.000000e+00 0.000000e+00 2.735399e+01 5.202919e-01 0.0000e+00 0.0000e+00 +1.7370e-05 0.05203 5.12796e-01 6.51777e-01 7.98976e-01 1.92775e-02
2.395002 1.63400515e-01 0.00000000e+00 1.63400515e-01 0.00000000e+00 6.95547455e+00 0.00000000e+00 2.78218982e-02 0.000000e+00 0.000000e+00 0.000000e+00 2.755690e+01 4.649862e-01 0.0000e+00 0.0000e+00 +7.8127e-06 0.05166 5.10406e-01 6.46531e-01 7.93713e-01 1.92653e-02
2.444898 1.62021188e-01 0.00000000e+00 1.62021188e-01 0.00000000e+00 6.89481259e+00 0.00000000e+00 2.75792504e-02 0.000000e+00 0.000000e+00 0.000000e+00 2.749254e+01 4.775742e-01 0.0000e+00 0.0000e+00 -1.2119e-06 0.05122 5.03363e-01 6.37888e-01 7.86247e-01 1.88564e-02
2.494794 1.60668284e-01 0.00000000e+00 1.60668284e-01 0.00000000e+00 6.77094891e+00 0.00000000e+00 2.70837957e-02 0.000000e+00 0.000000e+00 0.000000e+00 2.704373e+01 5.220627e-01 0.0000e+00 0.0000e+00 +8.8190e-07 0.05077 4.91605e-01 6.25702e-01 7.76581e-01 1.82079e-02
2.544690 1.59223124e-01 0.00000000e+00 1.59223124e-01 0.00000000e+00 6.70146811e+00 0.00000000e+00 2.68058724e-02 0.000000e+00 0.000000e+00 0.000000e+00 2.681903e+01 5.106040e-01 0.0000e+00 0.0000e+00 +1.1777e-05 0.05038 4.83795e-01 6.16342e-01 7.68482e-01 1.79902e-02
2.594586 1.57710400e-01 0.00000000e+00 1.57710400e-01 0.00000000e+00 6.76152799e+00 0.00000000e+00 2.70461120e-02 0.000000e+00 0.000000e+00 0.000000e+00 2.747166e+01 4.315336e-01 0.0000e+00 0.0000e+00 +1.7497e-05 0.04987 4.86054e-01 6.14563e-01 7.64715e-01 1.85013e-02
2.644482 1.56493804e-01 0.00000000e+00 1.56493804e-01 0.00000000e+00 6.81701501e+00 0.00000000e+00 2.72680600e-02 0.000000e+00 0.000000e+00 0.000000e+00 2.794881e+01 3.610283e-01 0.0000e+00 0.0000e+00 +1.2018e-05 0.04946 4.88098e-01 6.12878e-01 7.60726e-01 1.88096e-02
2.694378 1.55223532e-01 0.00000000e+00 1.55223532e-01 0.00000000e+00 6.71093132e+00 0.00000000e+00 2.68437253e-02 0.000000e+00 0.000000e+00 0.000000e+00 2.739604e+01 3.436143e-01 0.0000e+00 0.0000e+00 +1.8840e-06 0.04888 4.78043e-01 6.02161e-01 7.50929e-01 1.80595e-02
2.744274 1.53867654e-01 0.00000000e+00 1.53867654e-01 0.00000000e+00 6.54648979e+00 0.00000000e+00 2.61859592e-02 0.000000e+00 0.000000e+00 0.000000e+00 2.662185e+01 3.804623e-01 0.0000e+00 0.0000e+00 -2.0251e-06 0.04833 4.63136e-01 5.87636e-01 7.38657e-01 1.72765e-02
2.794169 1.52568719e-01 0.00000000e+00 1.52568719e-01 0.00000000e+00 6.48466730e+00 0.00000000e+00 2.59386692e-02 0.000000e+00 0.000000e+00 0.000000e+00 2.677094e+01 4.025909e-01 0.0000e+00 0.0000e+00 +5.5470e-06 0.04841 4.56407e-01 5.79301e-01 7.30366e-01 1.72193e-02
2.844065 1.51116988e-01 0.00000000e+00 1.51116988e-01 0.00000000e+00 6.49707609e+00 0.00000000e+00 2.59883044e-02 0.000000e+00 0.000000e+00 0.000000e+00 2.715670e+01 3.586413e-01 0.0000e+00 0.0000e+00 +1.5042e-05 0.04816 4.56089e-01 5.76046e-01 7.25316e-01 1.74724e-02
2.893961 1.49804238e-01 0.00000000e+00 1.49804238e-01 0.00000000e+00 6.49702442e+00 0.00000000e+00 2.59880977e-02 0.000000e+00 0.000000e+00 0.000000e+00 2.712838e+01 2.806307e-01 0.0000e+00 0.0000e+00 +1.4857e-05 0.04819 4.55089e-01 5.72505e-01 7.19906e-01 1.75043e-02
2.943857 1.48655456e-01 0.00000000e+00 1.48655456e-01 0.00000000e+00 6.40906258e+00 0.00000000e+00 2.56362503e-02 0.000000e+00 0.000000e+00 0.000000e+00 2.665988e+01 2.413031e-01 0.0000e+00 0.0000e+00 +6.0524e-06 0.04843 4.46995e-01 5.63578e-01 7.10813e-01 1.69872e-02
2.993753 1.47358962e-01 0.00000000e+00 1.47358962e-01 0.00000000e+00 6.29673928e+00 0.00000000e+00 2.51869571e-02 0.000000e+00 0.000000e+00 0.000000e+00 2.627834e+01 2.588900e-01 0.0000e+00 0.0000e+00 -1.9357e-06 0.04894 4.36860e-01 5.53059e-01 7.00661e-01 1.65672e-02
3.043649 1.46127631e-01 0.00000000e+00 1.46127631e-01 0.00000000e+00 6.20681670e+00 0.00000000e+00 2.48272668e-02 0.000000e+00 0.000000e+00 0.000000e+00 2.605104e+01 2.962632e-01 0.0000e+00 0.0000e+00 +3.4681e-07 0.04945 4.28740e-01 5.44108e-01 6.91739e-01 1.63609e-02
3.093545 1.44822900e-01 0.00000000e+00 1.44822900e-01 0.00000000e+00 6.13426324e+00 0.00000000e+00 2.45370530e-02 0.000000e+00 0.000000e+00 0.000000e+00 2.570509e+01 2.842569e-01 0.0000e+00 0.0000e+00 +1.0382e-05 0.04970 4.22360e-01 5.36595e-01 6.83944e-01 1.61189e-02
3.143441 1.43484808e-01 0.00000000e+00 1.43484808e-01 0.00000000e+00 6.08971833e+00 0.00000000e+00 2.43588733e-02 0.000000e+00 0.000000e+00 0.000000e+00 2.560235e+01 2.227960e-01 0.0000e+00 0.0000e+00 +1.5445e-05 0.04988 4.18933e-01 5.31614e-01 6.77826e-01 1.60116e-02
3.193337 1.42375671e-01 0.00000000e+00 1.42375671e-01 0.00000000e+00 6.06890819e+00 0.00000000e+00 2.42756328e-02 0.000000e+00 0.000000e+00 0.000000e+00 2.556983e+01 1.682710e-01 0.0000e+00 0.0000e+00 +1.0020e-05 0.05013 4.18253e-01 5.29039e-01 6.73227e-01 1.61484e-02
3.243232 1.41214047e-01 0.00000000e+00 1.41214047e-01 0.00000000e+00 5.98436762e+00 0.00000000e+00 2.39374705e-02 0.000000e+00 0.000000e+00 0.000000e+00 2.505574e+01 1.607548e-01 0.0000e+00 0.0000e+00 +5.9386e-07 0.05045 4.11803e-01 5.21899e-01 6.65433e-01 1.57993e-02
3.293128 1.39996389e-01 0.00000000e+00 1.39996389e-01 0.00000000e+00 5.83115352e+00 0.00000000e+00 2.33246141e-02 0.000000e+00 0.000000e+00 0.000000e+00 2.412746e+01 1.963849e-01 0.0000e+00 0.0000e+00 -2.4930e-06 0.05081 3.98426e-01 5.09132e-01 6.53810e-01 1.51257e-02
3.343024 1.38860965e-01 0.00000000e+00 1.38860965e-01 0.00000000e+00 5.72797007e+00 0.00000000e+00 2.29118803e-02 0.000000e+00 0.000000e+00 0.000000e+00 2.366153e+01 2.186374e-01 0.0000e+00 0.0000e+00 +4.9121e-06 0.05113 3.89918e-01 5.00304e-01 6.45155e-01 1.49004e-02
3.392920 1.37597403e-01 0.00000000e+00 1.37597403e-01 0.00000000e+00 5.69532739e+00 0.00000000e+00 2.27813096e-02 0.000000e+00 0.000000e+00 0.000000e+00 2.365221e+01 1.837513e-01 0.0000e+00 0.0000e+00 +1.3363e-05 0.05127 3.89083e-01 4.97803e-01 6.41029e-01 1.50048e-02
3.442816 1.36465744e-01 0.00000000e+00 1.36465744e-01 0.00000000e+00 5.66974275e+00 0.00000000e+00 2.26789710e-02 0.000000e+00 0.000000e+00 0.000000e+00 2.342026e+01 1.258118e-01 0.0000e+00 0.0000e+00 +1.2705e-05 0.05136 3.89381e-01 4.96401e-01 6.37527e-01 1.50496e-02
3.492712 1.35434386e-01 0.00000000e+00 1.35434386e-01 0.00000000e+00 5.56426361e+00 0.00000000e+00 2.22570544e-02 0.000000e+00 0.000000e+00 0.000000e+00 2.263935e+01 1.004855e-01 0.0000e+00 0.0000e+00 +4.5371e-06 0.05156 3.81244e-01 4.88180e-01 6.28964e-01 1.45004e-02
3.542608 1.34301848e-01 0.00000000e+00 1.34301848e-01 0.00000000e+00 5.43805749e+00 0.00000000e+00 2.17522299e-02 0.000000e+00 0.000000e+00 0.000000e+00 2.252710e+01 1.243903e-01 0.0000e+00 0.0000e+00 -2.5258e-06 0.05169 3.70579e-01 4.77841e-01 6.18856e-01 1.40823e-02
3.592504 1.33240808e-01 0.00000000e+00 1.33240808e-01 0.00000000e+00 5.35056553e+00 0.00000000e+00 2.14022621e-02 0.000000e+00 0.000000e+00 0.000000e+00 2.244699e+01 1.660555e-01 0.0000e+00 0.0000e+00 -1.4959e-08 0.05179 3.64073e-01 4.70875e-01 6.11370e-01 1.39866e-02
3.642399 1.32132648e-01 0.00000000e+00 1.32132648e-01 0.00000000e+00 5.28412216e+00 0.00000000e+00 2.11364887e-02 0.000000e+00 0.000000e+00 0.000000e+00 2.198205e+01 1.625193e-01 0.0000e+00 0.0000e+00 +9.2732e-06 0.05184 3.59958e-01 4.65909e-01 6.05454e-01 1.38425e-02
3.692295 1.30989233e-01 0.00000000e+00 1.30989233e-01 0.00000000e+00 5.22094448e+00 0.00000000e+00 2.08837779e-02 0.000000e+00 0.000000e+00 0.000000e+00 2.149558e+01 1.159584e-01 0.0000e+00 0.0000e+00 +1.3579e-05 0.05174 3.56313e-01 4.61421e-01 5.99767e-01 1.36158e-02
3.742191 1.30042853e-01 0.00000000e+00 1.30042853e-01 0.00000000e+00 5.16415721e+00 0.00000000e+00 2.06566288e-02 0.000000e+00 0.000000e+00 0.000000e+00 2.106306e+01 7.993695e-02 0.0000e+00 0.0000e+00 +8.2749e-06 0.05159 3.53566e-01 4.57760e-01 5.94510e-01 1.34999e-02
3.792087 1.29030564e-01 0.00000000e+00 1.29030564e-01 0.00000000e+00 5.08186734e+00 0.00000000e+00 2.03274694e-02 0.000000e+00 0.000000e+00 0.000000e+00 2.046980e+01 8.633874e-02 0.0000e+00 0.0000e+00 -3.0471e-07 0.05155 3.47565e-01 4.51376e-01 5.87155e-01 1.32665e-02
3.841983 1.28000411e-01 0.00000000e+00 1.28000411e-01 0.00000000e+00 4.97967550e+00 0.00000000e+00 1.99187020e-02 0.000000e+00 0.000000e+00 0.000000e+00 2.071339e+01 1.259191e-01 0.0000e+00 0.0000e+00 -2.7697e-06 0.05151 3.38637e-01 4.42482e-01 5.78007e-01 1.29593e-02
3.891879 1.27029704e-01 0.00000000e+00 1.27029704e-01 0.00000000e+00 4.89498959e+00 0.00000000e+00 1.95799584e-02 0.000000e+00 0.000000e+00 0.000000e+00 2.073780e+01 1.502108e-01 0.0000e+00 0.0000e+00 +4.3321e-06 0.05133 3.31567e-01 4.35105e-01 5.70189e-01 1.27338e-02
3.941775 1.25963721e-01 0.00000000e+00 1.25963721e-01 0.00000000e+00 4.84302733e+00 0.00000000e+00 1.93721093e-02 0.000000e+00 0.000000e+00 0.000000e+00 2.050825e+01 1.264120e-01 0.0000e+00 0.0000e+00 +1.1957e-05 0.05104 3.28748e-01 4.31320e-01 5.65138e-01 1.25981e-02
3.991671 1.25008116e-01 0.00000000e+00 1.25008116e-01 0.00000000e+00 4.81458766e+00 0.00000000e+00 1.92583506e-02 0.000000e+00 0.000000e+00 0.000000e+00 2.056253e+01 8.595702e-02 0.0000e+00 0.0000e+00 +1.0977e-05 0.05083 3.29213e-01 4.30365e-01 5.62126e-01 1.26523e-02
4.041567 1.24122216e-01 0.00000000e+00 1.24122216e-01 0.00000000e+00 4.74981906e+00 0.00000000e+00 1.89992763e-02 0.000000e+00 0.000000e+00 0.000000e+00 2.043732e+01 7.174574e-02 0.0000e+00 0.0000e+00 +3.2248e-06 0.05061 3.24574e-01 4.25112e-01 5.55715e-01 1.23634e-02
4.091462 1.23140338e-01 0.00000000e+00 1.23140338e-01 0.00000000e+00 4.65150161e+00 0.00000000e+00 1.86060064e-02 0.000000e+00 0.000000e+00 0.000000e+00 2.051129e+01 9.875213e-02 0.0000e+00 0.0000e+00 -2.9392e-06 0.05033 3.14712e-01 4.15369e-01 5.45907e-01 1.19708e-02
4.141358 1.22240412e-01 0.00000000e+00 1.22240412e-01 0.00000000e+00 4.58171120e+00 0.00000000e+00 1.83268448e-02 0.000000e+00 0.000000e+00 0.000000e+00 2.106207e+01 1.379128e-01 0.0000e+00 0.0000e+00 -1.5666e-07 0.05015 3.08449e-01 4.08619e-01 5.38638e-01 1.18794e-02
4.191254 1.21293470e-01 0.00000000e+00 1.21293470e-01 0.00000000e+00 4.54196438e+00 0.00000000e+00 1.81678575e-02 0.000000e+00 0.000000e+00 0.000000e+00 2.123219e+01 1.368678e-01 0.0000e+00 0.0000e+00 +8.3756e-06 0.04992 3.06405e-01 4.05431e-01 5.34292e-01 1.18149e-02
4.241150 1.20321099e-01 0.00000000e+00 1.20321099e-01 0.00000000e+00 4.50874874e+00 0.00000000e+00 1.80349949e-02 0.000000e+00 0.000000e+00 0.000000e+00 2.071539e+01 9.900409e-02 0.0000e+00 0.0000e+00 +1.1909e-05 0.04955 3.05242e-01 4.03022e-01 5.30499e-01 1.16984e-02
4.291046 1.19496607e-01 0.00000000e+00 1.19496607e-01 0.00000000e+00 4.45910721e+00 0.00000000e+00 1.78364288e-02 0.000000e+00 0.000000e+00 0.000000e+00 2.035950e+01 7.320195e-02 0.0000e+00 0.0000e+00 +6.8340e-06 0.04916 3.01391e-01 3.98331e-01 5.24806e-01 1.14565e-02
4.340942 1.18611665e-01 0.00000000e+00 1.18611665e-01 0.00000000e+00 4.39957641e+00 0.00000000e+00 1.75983056e-02 0.000000e+00 0.000000e+00 0.000000e+00 2.071204e+01 8.302723e-02 0.0000e+00 0.0000e+00 -9.5737e-07 0.04889 2.95665e-01 3.91981e-01 5.17801e-01 1.12712e-02
4.390838 1.17720045e-01 0.00000000e+00 1.17720045e-01 0.00000000e+00 4.34774825e+00 0.00000000e+00 1.73909930e-02 0.000000e+00 0.000000e+00 0.000000e+00 2.121988e+01 1.174861e-01 0.0000e+00 0.0000e+00 -2.9083e-06 0.04872 2.90717e-01 3.86231e-01 5.11392e-01 1.12134e-02
4.440734 1.16872076e-01 0.00000000e+00 1.16872076e-01 0.00000000e+00 4.29988511e+00 0.00000000e+00 1.71995404e-02 0.000000e+00 0.000000e+00 0.000000e+00 2.110795e+01 1.367047e-01 0.0000e+00 0.0000e+00 +3.8736e-06 0.04845 2.85960e-01 3.80623e-01 5.05246e-01 1.10774e-02
4.490629 1.15939878e-01 0.00000000e+00 1.15939878e-01 0.00000000e+00 4.26282522e+00 0.00000000e+00 1.70513009e-02 0.000000e+00 0.000000e+00 0.000000e+00 2.067292e+01 1.156561e-01 0.0000e+00 0.0000e+00 +1.0750e-05 0.04801 2.82673e-01 3.76283e-01 5.00119e-01 1.08853e-02
4.540525 1.15104130e-01 0.00000000e+00 1.15104130e-01 0.00000000e+00 4.24657625e+00 0.00000000e+00 1.69863050e-02 0.000000e+00 0.000000e+00 0.000000e+00 2.057570e+01 8.532023e-02 0.0000e+00 0.0000e+00 +9.4646e-06 0.04763 2.82720e-01 3.74829e-01 4.97171e-01 1.08866e-02
4.590421 1.14310809e-01 0.00000000e+00 1.14310809e-01 0.00000000e+00 4.22089292e+00 0.00000000e+00 1.68835717e-02 0.000000e+00 0.000000e+00 0.000000e+00 2.069048e+01 7.834649e-02 0.0000e+00 0.0000e+00 +2.1709e-06 0.04762 2.81004e-01 3.71841e-01 4.92878e-01 1.08158e-02
4.640317 1.13433699e-01 0.00000000e+00 1.13433699e-01 0.00000000e+00 4.16175552e+00 0.00000000e+00 1.66470221e-02 0.000000e+00 0.000000e+00 0.000000e+00 2.061861e+01 1.018355e-01 0.0000e+00 0.0000e+00 -3.2025e-06 0.04757 2.73190e-01 3.63523e-01 4.84290e-01 1.05369e-02
4.690213 1.12629627e-01 0.00000000e+00 1.12629627e-01 0.00000000e+00 4.11665342e+00 0.00000000e+00 1.64666137e-02 0.000000e+00 0.000000e+00 0.000000e+00 2.068849e+01 1.331583e-01 0.0000e+00 0.0000e+00 -2.5737e-07 0.04757 2.67326e-01 3.56892e-01 4.77185e-01 1.04618e-02
4.740109 1.11777047e-01 0.00000000e+00 1.11777047e-01 0.00000000e+00 4.09571571e+00 0.00000000e+00 1.63828628e-02 0.000000e+00 0.000000e+00 0.000000e+00 2.075644e+01 1.322596e-01 0.0000e+00 0.0000e+00 +7.6037e-06 0.04783 2.65479e-01 3.53768e-01 4.72987e-01 1.03901e-02
4.790005 1.10911272e-01 0.00000000e+00 1.10911272e-01 0.00000000e+00 4.08895945e+00 0.00000000e+00 1.63558378e-02 0.000000e+00 0.000000e+00 0.000000e+00 2.047002e+01 1.044160e-01 0.0000e+00 0.0000e+00 +1.0474e-05 0.04846 2.66104e-01 3.52846e-01 4.70473e-01 1.03795e-02
4.839901 1.10156628e-01 0.00000000e+00 1.10156628e-01 0.00000000e+00 4.06285194e+00 0.00000000e+00 1.62514078e-02 0.000000e+00 0.000000e+00 0.000000e+00 1.998702e+01 8.659363e-02 0.0000e+00 0.0000e+00 +5.5654e-06 0.04922 2.63192e-01 3.48857e-01 4.65304e-01 1.01787e-02
4.889797 1.09341775e-01 0.00000000e+00 1.09341775e-01 0.00000000e+00 4.01953895e+00 0.00000000e+00 1.60781558e-02 0.000000e+00 0.000000e+00 0.000000e+00 1.994936e+01 9.665908e-02 0.0000e+00 0.0000e+00 -1.5106e-06 0.04949 2.56945e-01 3.41930e-01 4.57673e-01 9.97230e-03
4.939692 1.08527265e-01 0.00000000e+00 1.08527265e-01 0.00000000e+00 3.98854263e+00 0.00000000e+00 1.59541705e-02 0.000000e+00 0.000000e+00 0.000000e+00 2.033323e+01 1.274224e-01 0.0000e+00 0.0000e+00 -2.9240e-06 0.04908 2.52697e-01 3.36772e-01 4.51573e-01 9.96196e-03
4.989588 1.07751019e-01 0.00000000e+00 1.07751019e-01 0.00000000e+00 3.96603259e+00 0.00000000e+00 1.58641304e-02 0.000000e+00 0.000000e+00 0.000000e+00 2.027332e+01 1.431840e-01 0.0000e+00 0.0000e+00 +3.4981e-06 0.04881 2.49870e-01 3.32913e-01 4.46646e-01 9.89581e-03
5.039484 1.06894549e-01 0.00000000e+00 1.06894549e-01 0.00000000e+00 3.94506732e+00 0.00000000e+00 1.57802693e-02 0.000000e+00 0.000000e+00 0.000000e+00 1.969326e+01 1.272908e-01 0.0000e+00 0.0000e+00 +9.6016e-06 0.04937 2.47270e-01 3.29294e-01 4.41892e-01 9.73396e-03
5.089380 1.06125389e-01 0.00000000e+00 1.06125389e-01 0.00000000e+00 3.93146218e+00 0.00000000e+00 1.57258487e-02 0.000000e+00 0.000000e+00 0.000000e+00 1.934577e+01 1.085129e-01 0.0000e+00 0.0000e+00 +8.1164e-06 0.05011 2.46039e-01 3.26914e-01 4.38045e-01 9.65998e-03
5.139276 1.05378959e-01 0.00000000e+00 1.05378959e-01 0.00000000e+00 3.91506930e+00 0.00000000e+00 1.56602772e-02 0.000000e+00 0.000000e+00 0.000000e+00 1.937686e+01 1.107591e-01 0.0000e+00 0.0000e+00 +1.3251e-06 0.05011 2.44219e-01 3.24029e-01 4.33696e-01 9.59704e-03
5.189172 1.04569088e-01 0.00000000e+00 1.04569088e-01 0.00000000e+00 3.88182249e+00 0.00000000e+00 1.55272899e-02 0.000000e+00 0.000000e+00 0.000000e+00 1.936145e+01 1.353979e-01 0.0000e+00 0.0000e+00 -3.4123e-06 0.04951 2.38982e-01 3.18124e-01 4.26841e-01 9.45076e-03
5.239068 1.03815618e-01 0.00000000e+00 1.03815618e-01 0.00000000e+00 3.84922360e+00 0.00000000e+00 1.53968944e-02 0.000000e+00 0.000000e+00 0.000000e+00 1.917881e+01 1.644237e-01 0.0000e+00 0.0000e+00 -3.6146e-07 0.04912 2.33608e-01 3.12132e-01 4.20015e-01 9.35992e-03
5.288964 1.03020379e-01 0.00000000e+00 1.03020379e-01 0.00000000e+00 3.82908582e+00 0.00000000e+00 1.53163433e-02 0.000000e+00 0.000000e+00 0.000000e+00 1.891750e+01 1.705620e-01 0.0000e+00 0.0000e+00 +6.9059e-06 0.04912 2.30518e-01 3.08194e-01 4.14969e-01 9.22285e-03
5.338860 1.02217143e-01 0.00000000e+00 1.02217143e-01 0.00000000e+00 3.82818579e+00 0.00000000e+00 1.53127431e-02 0.000000e+00 0.000000e+00 0.000000e+00 1.866767e+01 1.572008e-01 0.0000e+00 0.0000e+00 +9.2009e-06 0.04919 2.31230e-01 3.07669e-01 4.12733e-01 9.23913e-03
5.388755 1.01506919e-01 0.00000000e+00 1.01506919e-01 0.00000000e+00 3.82013417e+00 0.00000000e+00 1.52805367e-02 0.000000e+00 0.000000e+00 0.000000e+00 1.831904e+01 1.520919e-01 0.0000e+00 0.0000e+00 +4.4126e-06 0.04944 2.30433e-01 3.05818e-01 4.09268e-01 9.18629e-03
5.438651 1.00735165e-01 0.00000000e+00 1.00735165e-01 0.00000000e+00 3.78436829e+00 0.00000000e+00 1.51374732e-02 0.000000e+00 0.000000e+00 0.000000e+00 1.801004e+01 1.693784e-01 0.0000e+00 0.0000e+00 -1.9797e-06 0.04949 2.23784e-01 2.98715e-01 4.01305e-01 8.90178e-03
5.488547 9.99740292e-02 0.00000000e+00 9.99740292e-02 0.00000000e+00 3.75568877e+00 0.00000000e+00 1.50227551e-02 0.000000e+00 0.000000e+00 0.000000e+00 1.801755e+01 2.007441e-01 0.0000e+00 0.0000e+00 -2.8944e-06 0.04904 2.18205e-01 2.92581e-01 3.94232e-01 8.81980e-03
5.538443 9.92357420e-02 0.00000000e+00 9.92357420e-02 0.00000000e+00 3.74521571e+00 0.00000000e+00 1.49808628e-02 0.000000e+00 0.000000e+00 0.000000e+00 1.801361e+01 2.177276e-01 0.0000e+00 0.0000e+00 +3.1480e-06 0.04884 2.16171e-01 2.89645e-01 3.89986e-01 8.80882e-03
5.588339 9.84335646e-02 0.00000000e+00 9.84335646e-02 0.00000000e+00 3.73926088e+00 0.00000000e+00 1.49570435e-02 0.000000e+00 0.000000e+00 0.000000e+00 1.752032e+01 2.100697e-01 0.0000e+00 0.0000e+00 +8.5263e-06 0.04940 2.14916e-01 2.87419e-01 3.86329e-01 8.72727e-03
5.638235 9.77048962e-02 0.00000000e+00 9.77048962e-02 0.00000000e+00 3.72953300e+00 0.00000000e+00 1.49181320e-02 0.000000e+00 0.000000e+00 0.000000e+00 1.693963e+01 1.995687e-01 0.0000e+00 0.0000e+00 +6.8959e-06 0.05015 2.12620e-01 2.84252e-01 3.81749e-01 8.60882e-03
5.688131 9.69913762e-02 0.00000000e+00 9.69913762e-02 0.00000000e+00 3.71595771e+00 0.00000000e+00 1.48638308e-02 0.000000e+00 0.000000e+00 0.000000e+00 1.678475e+01 2.050365e-01 0.0000e+00 0.0000e+00 +5.8521e-07 0.05032 2.09184e-01 2.80036e-01 3.76187e-01 8.48933e-03
5.738027 9.62234935e-02 0.00000000e+00 9.62234935e-02 0.00000000e+00 3.70099103e+00 0.00000000e+00 1.48039641e-02 0.000000e+00 0.000000e+00 0.000000e+00 1.682564e+01 2.255374e-01 0.0000e+00 0.0000e+00 -3.5660e-06 0.04984 2.05111e-01 2.75235e-01 3.70142e-01 8.41610e-03
5.787922 9.55035553e-02 0.00000000e+00 9.55035553e-02 0.00000000e+00 3.68415883e+00 0.00000000e+00 1.47366353e-02 0.000000e+00 0.000000e+00 0.000000e+00 1.656342e+01 2.446879e-01 0.0000e+00 0.0000e+00 -4.5773e-07 0.04936 2.00307e-01 2.69787e-01 3.63623e-01 8.31578e-03
5.837818 9.47377379e-02 0.00000000e+00 9.47377379e-02 0.00000000e+00 3.67257120e+00 0.00000000e+00 1.46902848e-02 0.000000e+00 0.000000e+00 0.000000e+00 1.607934e+01 2.457316e-01 0.0000e+00 0.0000e+00 +6.2173e-06 0.04950 1.96323e-01 2.65074e-01 3.57774e-01 8.16395e-03
5.887714 9.39734853e-02 0.00000000e+00 9.39734853e-02 0.00000000e+00 3.67831734e+00 0.00000000e+00 1.47132694e-02 0.000000e+00 0.000000e+00 0.000000e+00 1.577452e+01 2.329692e-01 0.0000e+00 0.0000e+00 +8.0272e-06 0.05000 1.95840e-01 2.63519e-01 3.54606e-01 8.20179e-03
5.937610 9.32843305e-02 0.00000000e+00 9.32843305e-02 0.00000000e+00 3.68630057e+00 0.00000000e+00 1.47452023e-02 0.000000e+00 0.000000e+00 0.000000e+00 1.554736e+01 2.238753e-01 0.0000e+00 0.0000e+00 +3.3945e-06 0.05025 1.95593e-01 2.62174e-01 3.51544e-01 8.24557e-03
5.987506 9.25383483e-02 0.00000000e+00 9.25383483e-02 0.00000000e+00 3.66957516e+00 0.00000000e+00 1.46783006e-02 0.000000e+00 0.000000e+00 0.000000e+00 1.519462e+01 2.308689e-01 0.0000e+00 0.0000e+00 -2.3914e-06 0.04995 1.89659e-01 2.55643e-01 3.43914e-01 7.94998e-03
6.037402 9.18004694e-02 0.00000000e+00 9.18004694e-02 0.00000000e+00 3.65227733e+00 0.00000000e+00 1.46091093e-02 0.000000e+00 0.000000e+00 0.000000e+00 1.496462e+01 2.473474e-01 0.0000e+00 0.0000e+00 -2.9040e-06 0.04922 1.83274e-01 2.48707e-01 3.35994e-01 7.82615e-03
6.087298 9.10756040e-02 0.00000000e+00 9.10756040e-02 0.00000000e+00 3.65089340e+00 0.00000000e+00 1.46035736e-02 0.000000e+00 0.000000e+00 0.000000e+00 1.483106e+01 2.507809e-01 0.0000e+00 0.0000e+00 +2.8098e-06 0.04872 1.80271e-01 2.44858e-01 3.30886e-01 7.78704e-03
6.137194 9.02964917e-02 0.00000000e+00 9.02964917e-02 0.00000000e+00 3.66029255e+00 0.00000000e+00 1.46411702e-02 0.000000e+00 0.000000e+00 0.000000e+00 1.449237e+01 2.345283e-01 0.0000e+00 0.0000e+00 +7.5290e-06 0.04884 1.79651e-01 2.43191e-01 3.27715e-01 7.80688e-03
6.187090 8.95818482e-02 0.00000000e+00 8.95818482e-02 0.00000000e+00 3.66693010e+00 0.00000000e+00 1.46677204e-02 0.000000e+00 0.000000e+00 0.000000e+00 1.397969e+01 2.174530e-01 0.0000e+00 0.0000e+00 +5.7353e-06 0.04913 1.78328e-01 2.40890e-01 3.23920e-01 7.82067e-03
6.236985 8.88732980e-02 0.00000000e+00 8.88732980e-02 0.00000000e+00 3.65946624e+00 0.00000000e+00 1.46378650e-02 0.000000e+00 0.000000e+00 0.000000e+00 1.363035e+01 2.145599e-01 0.0000e+00 0.0000e+00 -1.0819e-07 0.04890 1.73675e-01 2.35529e-01 3.17363e-01 7.60736e-03
6.286881 8.81198991e-02 0.00000000e+00 8.81198991e-02 0.00000000e+00 3.65266070e+00 0.00000000e+00 1.46106428e-02 0.000000e+00 0.000000e+00 0.000000e+00 1.358460e+01 2.206610e-01 0.0000e+00 0.0000e+00 -3.6811e-06 0.04800 1.69090e-01 2.30243e-01 3.10925e-01 7.46896e-03
6.336777 8.74041031e-02 0.00000000e+00 8.74041031e-02 0.00000000e+00 3.65154346e+00 0.00000000e+00 1.46061739e-02 0.000000e+00 0.000000e+00 0.000000e+00 1.346049e+01 2.236061e-01 0.0000e+00 0.0000e+00 -5.8149e-07 0.04707 1.65891e-01 2.26259e-01 3.05766e-01 7.44064e-03
6.386673 8.66419921e-02 0.00000000e+00 8.66419921e-02 0.00000000e+00 3.65146085e+00 0.00000000e+00 1.46058434e-02 0.000000e+00 0.000000e+00 0.000000e+00 1.299586e+01 2.167788e-01 0.0000e+00 0.0000e+00 +5.4932e-06 0.04691 1.63004e-01 2.22575e-01 3.00931e-01 7.35796e-03
6.436569 8.58883218e-02 0.00000000e+00 8.58883218e-02 0.00000000e+00 3.65750766e+00 0.00000000e+00 1.46300306e-02 0.000000e+00 0.000000e+00 0.000000e+00 1.265624e+01 2.040572e-01 0.0000e+00 0.0000e+00 +6.9089e-06 0.04693 1.61471e-01 2.20137e-01 2.97172e-01 7.41631e-03
6.486465 8.51950639e-02 0.00000000e+00 8.51950639e-02 0.00000000e+00 3.66854536e+00 0.00000000e+00 1.46741814e-02 0.000000e+00 0.000000e+00 0.000000e+00 1.303513e+01 1.956559e-01 0.0000e+00 0.0000e+00 +2.4688e-06 0.04681 1.60995e-01 2.18681e-01 2.94249e-01 7.50476e-03
6.536361 8.44509169e-02 0.00000000e+00 8.44509169e-02 0.00000000e+00 3.66689464e+00 0.00000000e+00 1.46675786e-02 0.000000e+00 0.000000e+00 0.000000e+00 1.342057e+01 1.995238e-01 0.0000e+00 0.0000e+00 -2.7955e-06 0.04656 1.57563e-01 2.14502e-01 2.88882e-01 7.28612e-03
6.586257 8.37129778e-02 0.00000000e+00 8.37129778e-02 0.00000000e+00 3.65792995e+00 0.00000000e+00 1.46317198e-02 0.000000e+00 0.000000e+00 0.000000e+00 1.384916e+01 2.133100e-01 0.0000e+00 0.0000e+00 -2.9713e-06 0.04632 1.52359e-01 2.08705e-01 2.82118e-01 7.08263e-03
6.636152 8.29822378e-02 0.00000000e+00 8.29822378e-02 0.00000000e+00 3.65831360e+00 0.00000000e+00 1.46332544e-02 0.000000e+00 0.000000e+00 0.000000e+00 1.429263e+01 2.214438e-01 0.0000e+00 0.0000e+00 +2.4410e-06 0.04633 1.49173e-01 2.04779e-01 2.77105e-01 7.02213e-03
6.686048 8.22072068e-02 0.00000000e+00 8.22072068e-02 0.00000000e+00 3.67321748e+00 0.00000000e+00 1.46928699e-02 0.000000e+00 0.000000e+00 0.000000e+00 1.474212e+01 2.159586e-01 0.0000e+00 0.0000e+00 +6.5542e-06 0.04708 1.49181e-01 2.03801e-01 2.74749e-01 7.19458e-03
6.735944 8.14899643e-02 0.00000000e+00 8.14899643e-02 0.00000000e+00 3.69106970e+00 0.00000000e+00 1.47642788e-02 0.000000e+00 0.000000e+00 0.000000e+00 1.528072e+01 2.104539e-01 0.0000e+00 0.0000e+00 +4.6274e-06 0.04825 1.49569e-01 2.03178e-01 2.72651e-01 7.37202e-03
6.785840 8.07667478e-02 0.00000000e+00 8.07667478e-02 0.00000000e+00 3.69211317e+00 0.00000000e+00 1.47684527e-02 0.000000e+00 0.000000e+00 0.000000e+00 1.586317e+01 2.200368e-01 0.0000e+00 0.0000e+00 -7.7544e-07 0.04973 1.45674e-01 1.98568e-01 2.66866e-01 7.11317e-03
6.835736 8.00092814e-02 0.00000000e+00 8.00092814e-02 0.00000000e+00 3.69312176e+00 0.00000000e+00 1.47724870e-02 0.000000e+00 0.000000e+00 0.000000e+00 1.648389e+01 2.414061e-01 0.0000e+00 0.0000e+00 -3.8242e-06 0.05140 1.41443e-01 1.93648e-01 2.60812e-01 6.87619e-03
6.885632 7.92813586e-02 0.00000000e+00 7.92813586e-02 0.00000000e+00 3.70506827e+00 0.00000000e+00 1.48202731e-02 0.000000e+00 0.000000e+00 0.000000e+00 1.710808e+01 2.602037e-01 0.0000e+00 0.0000e+00 -7.5143e-07 0.05325 1.39673e-01 1.91039e-01 2.56943e-01 6.86599e-03
6.935528 7.85105779e-02 0.00000000e+00 7.85105779e-02 0.00000000e+00 3.71879769e+00 0.00000000e+00 1.48751908e-02 0.000000e+00 0.000000e+00 0.000000e+00 1.782343e+01 2.738367e-01 0.0000e+00 0.0000e+00 +4.7589e-06 0.05526 1.38403e-01 1.88916e-01 2.53564e-01 6.92156e-03
6.985424 7.77463713e-02 0.00000000e+00 7.77463713e-02 0.00000000e+00 3.73316403e+00 0.00000000e+00 1.49326561e-02 0.000000e+00 0.000000e+00 0.000000e+00 1.857126e+01 2.924338e-01 0.0000e+00 0.0000e+00 +5.8127e-06 0.05722 1.37349e-01 1.87023e-01 2.50380e-01 7.07426e-03
7.035320 7.70310298e-02 0.00000000e+00 7.70310298e-02 0.00000000e+00 3.74806943e+00 0.00000000e+00 1.49922777e-02 0.000000e+00 0.000000e+00 0.000000e+00 1.934160e+01 3.207265e-01 0.0000e+00 0.0000e+00 +1.5785e-06 0.05890 1.36472e-01 1.85322e-01 2.47362e-01 7.12853e-03
7.085215 7.62691668e-02 0.00000000e+00 7.62691668e-02 0.00000000e+00 3.75787916e+00 0.00000000e+00 1.50315166e-02 0.000000e+00 0.000000e+00 0.000000e+00 2.007907e+01 3.558242e-01 0.0000e+00 0.0000e+00 -3.1782e-06 0.05999 1.34542e-01 1.82665e-01 2.43508e-01 6.93210e-03
7.135111 7.55146610e-02 0.00000000e+00 7.55146610e-02 0.00000000e+00 3.76349801e+00 0.00000000e+00 1.50539920e-02 0.000000e+00 0.000000e+00 0.000000e+00 2.075059e+01 3.949118e-01 0.0000e+00 0.0000e+00 -3.0778e-06 0.06054 1.31766e-01 1.79255e-01 2.39050e-01 6.70601e-03
7.185007 7.47571000e-02 0.00000000e+00 7.47571000e-02 0.00000000e+00 3.77129168e+00 0.00000000e+00 1.50851667e-02 0.000000e+00 0.000000e+00 0.000000e+00 2.124780e+01 4.308829e-01 0.0000e+00 0.0000e+00 +2.0016e-06 0.06063 1.29496e-01 1.76346e-01 2.35137e-01 6.66736e-03
7.234903 7.39651452e-02 0.00000000e+00 7.39651452e-02 0.00000000e+00 3.78827074e+00 0.00000000e+00 1.51530830e-02 0.000000e+00 0.000000e+00 0.000000e+00 2.160180e+01 4.563442e-01 0.0000e+00 0.0000e+00 +5.5942e-06 0.06063 1.29291e-01 1.75384e-01 2.33071e-01 6.90828e-03
7.284799 7.32233887e-02 0.00000000e+00 7.32233887e-02 0.00000000e+00 3.81137290e+00 0.00000000e+00 1.52454916e-02 0.000000e+00 0.000000e+00 0.000000e+00 2.176421e+01 4.758390e-01 0.0000e+00 0.0000e+00 +3.5894e-06 0.06026 1.30520e-01 1.75798e-01 2.32319e-01 7.16756e-03
7.334695 7.24721039e-02 0.00000000e+00 7.24721039e-02 0.00000000e+00 3.82010007e+00 0.00000000e+00 1.52804003e-02 0.000000e+00 0.000000e+00 0.000000e+00 2.185537e+01 4.986738e-01 0.0000e+00 0.0000e+00 -1.4292e-06 0.06002 1.28703e-01 1.73384e-01 2.29013e-01 6.96240e-03
7.384591 7.16907341e-02 0.00000000e+00 7.16907341e-02 0.00000000e+00 3.81970722e+00 0.00000000e+00 1.52788289e-02 0.000000e+00 0.000000e+00 0.000000e+00 2.183715e+01 5.228551e-01 0.0000e+00 0.0000e+00 -4.0123e-06 0.05951 1.25371e-01 1.69594e-01 2.24571e-01 6.62387e-03
7.434487 7.09345577e-02 0.00000000e+00 7.09345577e-02 0.00000000e+00 3.82475033e+00 0.00000000e+00 1.52990013e-02 0.000000e+00 0.000000e+00 0.000000e+00 2.172609e+01 5.374603e-01 0.0000e+00 0.0000e+00 -9.5968e-07 0.05881 1.24272e-01 1.67978e-01 2.22361e-01 6.56871e-03
7.484382 7.01416376e-02 0.00000000e+00 7.01416376e-02 0.00000000e+00 3.83074879e+00 0.00000000e+00 1.53229952e-02 0.000000e+00 0.000000e+00 0.000000e+00 2.154934e+01 5.404513e-01 0.0000e+00 0.0000e+00 +4.0201e-06 0.05793 1.24727e-01 1.67898e-01 2.21793e-01 6.74997e-03
7.534278 6.93613885e-02 0.00000000e+00 6.93613885e-02 0.00000000e+00 3.83188251e+00 0.00000000e+00 1.53275300e-02 0.000000e+00 0.000000e+00 0.000000e+00 2.134772e+01 5.428546e-01 0.0000e+00 0.0000e+00 +4.7329e-06 0.05779 1.25493e-01 1.68194e-01 2.21746e-01 6.98168e-03
7.584174 6.86217126e-02 0.00000000e+00 6.86217126e-02 0.00000000e+00 3.82173595e+00 0.00000000e+00 1.52869438e-02 0.000000e+00 0.000000e+00 0.000000e+00 2.111621e+01 5.478124e-01 0.0000e+00 0.0000e+00 +7.1992e-07 0.05825 1.25032e-01 1.67403e-01 2.20849e-01 6.94073e-03
7.634070 6.78472838e-02 0.00000000e+00 6.78472838e-02 0.00000000e+00 3.80423276e+00 0.00000000e+00 1.52169311e-02 0.000000e+00 0.000000e+00 0.000000e+00 2.096420e+01 5.462639e-01 0.0000e+00 0.0000e+00 -3.5468e-06 0.05808 1.24173e-01 1.66295e-01 2.19865e-01 6.70631e-03
7.683966 6.70868202e-02 0.00000000e+00 6.70868202e-02 0.00000000e+00 3.78399151e+00 0.00000000e+00 1.51359660e-02 0.000000e+00 0.000000e+00 0.000000e+00 2.079906e+01 5.384590e-01 0.0000e+00 0.0000e+00 -3.2282e-06 0.05754 1.23877e-01 1.65779e-01 2.19689e-01 6.52004e-03
7.733862 6.63255325e-02 0.00000000e+00 6.63255325e-02 0.00000000e+00 3.75986629e+00 0.00000000e+00 1.50394652e-02 0.000000e+00 0.000000e+00 0.000000e+00 2.061354e+01 5.327183e-01 0.0000e+00 0.0000e+00 +1.5135e-06 0.05722 1.23609e-01 1.65333e-01 2.19813e-01 6.50584e-03
7.783758 6.55432523e-02 0.00000000e+00 6.55432523e-02 0.00000000e+00 3.73751336e+00 0.00000000e+00 1.49500534e-02 0.000000e+00 0.000000e+00 0.000000e+00 2.039461e+01 5.294510e-01 0.0000e+00 0.0000e+00 +4.6509e-06 0.05720 1.24320e-01 1.65832e-01 2.20966e-01 6.71697e-03
7.833654 6.48133010e-02 0.00000000e+00 6.48133010e-02 0.00000000e+00 3.72029444e+00 0.00000000e+00 1.48811778e-02 0.000000e+00 0.000000e+00 0.000000e+00 2.016794e+01 5.228136e-01 0.0000e+00 0.0000e+00 +2.6011e-06 0.05705 1.26546e-01 1.67777e-01 2.23538e-01 6.94878e-03
7.883550 6.40796067e-02 0.00000000e+00 6.40796067e-02 0.00000000e+00 3.69482251e+00 0.00000000e+00 1.47792900e-02 0.000000e+00 0.000000e+00 0.000000e+00 2.007947e+01 5.136551e-01 0.0000e+00 0.0000e+00 -2.0514e-06 0.05647 1.27009e-01 1.68063e-01 2.24621e-01 6.80425e-03
7.933445 6.33288336e-02 0.00000000e+00 6.33288336e-02 0.00000000e+00 3.65958015e+00 0.00000000e+00 1.46383206e-02 0.000000e+00 0.000000e+00 0.000000e+00 1.991075e+01 5.076913e-01 0.0000e+00 0.0000e+00 -4.2220e-06 0.05573 1.25215e-01 1.66228e-01 2.23815e-01 6.43605e-03
7.983341 6.26053043e-02 0.00000000e+00 6.26053043e-02 0.00000000e+00 3.62889387e+00 0.00000000e+00 1.45155755e-02 0.000000e+00 0.000000e+00 0.000000e+00 1.974032e+01 5.009269e-01 0.0000e+00 0.0000e+00 -1.2081e-06 0.05510 1.24510e-01 1.65438e-01 2.24073e-01 6.33000e-03
8.033237 6.18562649e-02 0.00000000e+00 6.18562649e-02 0.00000000e+00 3.60599931e+00 0.00000000e+00 1.44239972e-02 0.000000e+00 0.000000e+00 0.000000e+00 1.962079e+01 4.870980e-01 0.0000e+00 0.0000e+00 +3.2881e-06 0.05462 1.25711e-01 1.66452e-01 2.26023e-01 6.53039e-03
8.083133 6.11275926e-02 0.00000000e+00 6.11275926e-02 0.00000000e+00 3.58702194e+00 0.00000000e+00 1.43480878e-02 0.000000e+00 0.000000e+00 0.000000e+00 1.939554e+01 4.717147e-01 0.0000e+00 0.0000e+00 +3.7115e-06 0.05426 1.27877e-01 1.68397e-01 2.28752e-01 6.80620e-03
8.133029 6.04329541e-02 0.00000000e+00 6.04329541e-02 0.00000000e+00 3.55857406e+00 0.00000000e+00 1.42342962e-02 0.000000e+00 0.000000e+00 0.000000e+00 1.925023e+01 4.612904e-01 0.0000e+00 0.0000e+00 -8.6672e-08 0.05385 1.27721e-01 1.68161e-01 2.29344e-01 6.72128e-03
8.182925 5.97119502e-02 0.00000000e+00 5.97119502e-02 0.00000000e+00 3.52328924e+00 0.00000000e+00 1.40931570e-02 0.000000e+00 0.000000e+00 0.000000e+00 1.903009e+01 4.510963e-01 0.0000e+00 0.0000e+00 -3.8980e-06 0.05303 1.25916e-01 1.66380e-01 2.28440e-01 6.41386e-03
8.232821 5.90090692e-02 0.00000000e+00 5.90090692e-02 0.00000000e+00 3.49226644e+00 0.00000000e+00 1.39690658e-02 0.000000e+00 0.000000e+00 0.000000e+00 1.895056e+01 4.361283e-01 0.0000e+00 0.0000e+00 -3.3800e-06 0.05203 1.25372e-01 1.65823e-01 2.28666e-01 6.24466e-03
8.282717 5.83075705e-02 0.00000000e+00 5.83075705e-02 0.00000000e+00 3.46217204e+00 0.00000000e+00 1.38486882e-02 0.000000e+00 0.000000e+00 0.000000e+00 1.894969e+01 4.219376e-01 0.0000e+00 0.0000e+00 +1.0297e-06 0.05129 1.25388e-01 1.65825e-01 2.29397e-01 6.26822e-03
8.332613 5.75910951e-02 0.00000000e+00 5.75910951e-02 0.00000000e+00 3.43185827e+00 0.00000000e+00 1.37274331e-02 0.000000e+00 0.000000e+00 0.000000e+00 1.893860e+01 4.149761e-01 0.0000e+00 0.0000e+00 +3.7423e-06 0.05093 1.25641e-01 1.66074e-01 2.30257e-01 6.44472e-03
8.382508 5.69209704e-02 0.00000000e+00 5.69209704e-02 0.00000000e+00 3.40305041e+00 0.00000000e+00 1.36122016e-02 0.000000e+00 0.000000e+00 0.000000e+00 1.884144e+01 4.117538e-01 0.0000e+00 0.0000e+00 +1.6904e-06 0.05072 1.26528e-01 1.66944e-01 2.31549e-01 6.57918e-03
8.432404 5.62463146e-02 0.00000000e+00 5.62463146e-02 0.00000000e+00 3.36879501e+00 0.00000000e+00 1.34751800e-02 0.000000e+00 0.000000e+00 0.000000e+00 1.874002e+01 4.059981e-01 0.0000e+00 0.0000e+00 -2.5966e-06 0.05018 1.26318e-01 1.66793e-01 2.31811e-01 6.42942e-03
8.482300 5.55640175e-02 0.00000000e+00 5.55640175e-02 0.00000000e+00 3.32690711e+00 0.00000000e+00 1.33076284e-02 0.000000e+00 0.000000e+00 0.000000e+00 1.855472e+01 4.006662e-01 0.0000e+00 0.0000e+00 -4.4146e-06 0.04944 1.24486e-01 1.65137e-01 2.30685e-01 6.10527e-03
8.532196 5.49068554e-02 0.00000000e+00 5.49068554e-02 0.00000000e+00 3.28481545e+00 0.00000000e+00 1.31392618e-02 0.000000e+00 0.000000e+00 0.000000e+00 1.833408e+01 4.009711e-01 0.0000e+00 0.0000e+00 -1.4711e-06 0.04891 1.22957e-01 1.63796e-01 2.29891e-01 5.96286e-03
8.582092 5.42314492e-02 0.00000000e+00 5.42314492e-02 0.00000000e+00 3.24785424e+00 0.00000000e+00 1.29914170e-02 0.000000e+00 0.000000e+00 0.000000e+00 1.804942e+01 4.032584e-01 0.0000e+00 0.0000e+00 +2.5973e-06 0.04868 1.23120e-01 1.64058e-01 2.30572e-01 6.09947e-03
8.631988 5.35781084e-02 0.00000000e+00 5.35781084e-02 0.00000000e+00 3.21654267e+00 0.00000000e+00 1.28661707e-02 0.000000e+00 0.000000e+00 0.000000e+00 1.772854e+01 4.045206e-01 0.0000e+00 0.0000e+00 +2.7859e-06 0.04855 1.25086e-01 1.66031e-01 2.32761e-01 6.36090e-03
8.681884 5.29537978e-02 0.00000000e+00 5.29537978e-02 0.00000000e+00 3.17810268e+00 0.00000000e+00 1.27124107e-02 0.000000e+00 0.000000e+00 0.000000e+00 1.745307e+01 4.082970e-01 0.0000e+00 0.0000e+00 -8.1692e-07 0.04829 1.25323e-01 1.66374e-01 2.33400e-01 6.29908e-03
8.731780 5.23096599e-02 0.00000000e+00 5.23096599e-02 0.00000000e+00 3.12934995e+00 0.00000000e+00 1.25173998e-02 0.000000e+00 0.000000e+00 0.000000e+00 1.710874e+01 4.153372e-01 0.0000e+00 0.0000e+00 -4.2090e-06 0.04780 1.22854e-01 1.64170e-01 2.31718e-01 5.93799e-03
8.781675 5.16881237e-02 0.00000000e+00 5.16881237e-02 0.00000000e+00 3.08396826e+00 0.00000000e+00 1.23358730e-02 0.000000e+00 0.000000e+00 0.000000e+00 1.694339e+01 4.211327e-01 0.0000e+00 0.0000e+00 -3.5107e-06 0.04718 1.21476e-01 1.63015e-01 2.31100e-01 5.74580e-03
8.831571 5.10692706e-02 0.00000000e+00 5.10692706e-02 0.00000000e+00 3.04397587e+00 0.00000000e+00 1.21759035e-02 0.000000e+00 0.000000e+00 0.000000e+00 1.672475e+01 4.245820e-01 0.0000e+00 0.0000e+00 +5.7794e-07 0.04663 1.21825e-01 1.63493e-01 2.32082e-01 5.79980e-03
8.881467 5.04428164e-02 0.00000000e+00 5.04428164e-02 0.00000000e+00 3.00648136e+00 0.00000000e+00 1.20259254e-02 0.000000e+00 0.000000e+00 0.000000e+00 1.649875e+01 4.320108e-01 0.0000e+00 0.0000e+00 +2.9011e-06 0.04629 1.23013e-01 1.64761e-01 2.33806e-01 5.98614e-03
8.931363 4.98567919e-02 0.00000000e+00 4.98567919e-02 0.00000000e+00 2.96719509e+00 0.00000000e+00 1.18687804e-02 0.000000e+00 0.000000e+00 0.000000e+00 1.620522e+01 4.444630e-01 0.0000e+00 0.0000e+00 +8.7219e-07 0.04605 1.23667e-01 1.65527e-01 2.35043e-01 6.03846e-03
8.981259 4.92675390e-02 0.00000000e+00 4.92675390e-02 0.00000000e+00 2.92355859e+00 0.00000000e+00 1.16942344e-02 0.000000e+00 0.000000e+00 0.000000e+00 1.584764e+01 4.531298e-01 0.0000e+00 0.0000e+00 -3.0573e-06 0.04549 1.22984e-01 1.65036e-01 2.35147e-01 5.85352e-03
9.031155 4.86768671e-02 0.00000000e+00 4.86768671e-02 0.00000000e+00 2.87895301e+00 0.00000000e+00 1.15158120e-02 0.000000e+00 0.000000e+00 0.000000e+00 1.545345e+01 4.566963e-01 0.0000e+00 0.0000e+00 -4.5616e-06 0.04466 1.21999e-01 1.64284e-01 2.35113e-01 5.62455e-03
9.081051 4.81096215e-02 0.00000000e+00 4.81096215e-02 0.00000000e+00 2.83523250e+00 0.00000000e+00 1.13409300e-02 0.000000e+00 0.000000e+00 0.000000e+00 1.501887e+01 4.622879e-01 0.0000e+00 0.0000e+00 -1.7118e-06 0.04392 1.21276e-01 1.63801e-01 2.35453e-01 5.51947e-03
9.130947 4.75274221e-02 0.00000000e+00 4.75274221e-02 0.00000000e+00 2.79487730e+00 0.00000000e+00 1.11795092e-02 0.000000e+00 0.000000e+00 0.000000e+00 1.456098e+01 4.706244e-01 0.0000e+00 0.0000e+00 +1.9643e-06 0.04347 1.21528e-01 1.64239e-01 2.36686e-01 5.60352e-03
9.180843 4.69675952e-02 0.00000000e+00 4.69675952e-02 0.00000000e+00 2.76106580e+00 0.00000000e+00 1.10442632e-02 0.000000e+00 0.000000e+00 0.000000e+00 1.413529e+01 4.770741e-01 0.0000e+00 0.0000e+00 +1.9652e-06 0.04303 1.23725e-01 1.66518e-01 2.39564e-01 5.82296e-03
9.230738 4.64310477e-02 0.00000000e+00 4.64310477e-02 0.00000000e+00 2.72485246e+00 0.00000000e+00 1.08994098e-02 0.000000e+00 0.000000e+00 0.000000e+00 1.385191e+01 4.800309e-01 0.0000e+00 0.0000e+00 -1.4371e-06 0.04249 1.25028e-01 1.67971e-01 2.41648e-01 5.81254e-03
9.280634 4.58789743e-02 0.00000000e+00 4.58789743e-02 0.00000000e+00 2.67966402e+00 0.00000000e+00 1.07186561e-02 0.000000e+00 0.000000e+00 0.000000e+00 1.355901e+01 4.829339e-01 0.0000e+00 0.0000e+00 -4.4535e-06 0.04175 1.23266e-01 1.66561e-01 2.41143e-01 5.50470e-03
9.330530 4.53481488e-02 0.00000000e+00 4.53481488e-02 0.00000000e+00 2.63625925e+00 0.00000000e+00 1.05450370e-02 0.000000e+00 0.000000e+00 0.000000e+00 1.330572e+01 4.868094e-01 0.0000e+00 0.0000e+00 -3.6114e-06 0.04103 1.21889e-01 1.65548e-01 2.41070e-01 5.33298e-03
9.380426 4.48188478e-02 0.00000000e+00 4.48188478e-02 0.00000000e+00 2.59959401e+00 0.00000000e+00 1.03983760e-02 0.000000e+00 0.000000e+00 0.000000e+00 1.302931e+01 4.872510e-01 0.0000e+00 0.0000e+00 +1.8268e-07 0.04039 1.22620e-01 1.66523e-01 2.42851e-01 5.39122e-03
9.430322 4.42851652e-02 0.00000000e+00 4.42851652e-02 0.00000000e+00 2.56794661e+00 0.00000000e+00 1.02717865e-02 0.000000e+00 0.000000e+00 0.000000e+00 1.281074e+01 4.850024e-01 0.0000e+00 0.0000e+00 +2.1620e-06 0.03992 1.24921e-01 1.68973e-01 2.45925e-01 5.59146e-03
9.480218 4.37854189e-02 0.00000000e+00 4.37854189e-02 0.00000000e+00 2.53452166e+00 0.00000000e+00 1.01380867e-02 0.000000e+00 0.000000e+00 0.000000e+00 1.272725e+01 4.847467e-01 0.0000e+00 0.0000e+00 +1.5879e-07 0.03944 1.26431e-01 1.70686e-01 2.48232e-01 5.64005e-03
9.530114 4.32813254e-02 0.00000000e+00 4.32813254e-02 0.00000000e+00 2.49501978e+00 0.00000000e+00 9.98007913e-03 0.000000e+00 0.000000e+00 0.000000e+00 1.265777e+01 4.853657e-01 0.0000e+00 0.0000e+00 -3.4334e-06 0.03889 1.25599e-01 1.70207e-01 2.48497e-01 5.43978e-03
9.580010 4.27784475e-02 0.00000000e+00 4.27784475e-02 0.00000000e+00 2.45598940e+00 0.00000000e+00 9.82395759e-03 0.000000e+00 0.000000e+00 0.000000e+00 1.258186e+01 4.839612e-01 0.0000e+00 0.0000e+00 -4.6449e-06 0.03821 1.24710e-01 1.69692e-01 2.48758e-01 5.26432e-03
9.629905 4.22945769e-02 0.00000000e+00 4.22945769e-02 0.00000000e+00 2.42026736e+00 0.00000000e+00 9.68106944e-03 0.000000e+00 0.000000e+00 0.000000e+00 1.250191e+01 4.808404e-01 0.0000e+00 0.0000e+00 -1.9051e-06 0.03759 1.24842e-01 1.70141e-01 2.49952e-01 5.22371e-03
9.679801 4.17971307e-02 0.00000000e+00 4.17971307e-02 0.00000000e+00 2.38749003e+00 0.00000000e+00 9.54996011e-03 0.000000e+00 0.000000e+00 0.000000e+00 1.241848e+01 4.771134e-01 0.0000e+00 0.0000e+00 +1.3958e-06 0.03711 1.25900e-01 1.71438e-01 2.51901e-01 5.30238e-03
9.729697 4.13205840e-02 0.00000000e+00 4.13205840e-02 0.00000000e+00 2.35817739e+00 0.00000000e+00 9.43270955e-03 0.000000e+00 0.000000e+00 0.000000e+00 1.232261e+01 4.729176e-01 0.0000e+00 0.0000e+00 +1.2483e-06 0.03668 1.28068e-01 1.73762e-01 2.54689e-01 5.44290e-03
9.779593 4.08619693e-02 0.00000000e+00 4.08619693e-02 0.00000000e+00 2.32721973e+00 0.00000000e+00 9.30887892e-03 0.000000e+00 0.000000e+00 0.000000e+00 1.221752e+01 4.680869e-01 0.0000e+00 0.0000e+00 -1.9448e-06 0.03624 1.29454e-01 1.75351e-01 2.56741e-01 5.42726e-03
9.829489 4.03907851e-02 0.00000000e+00 4.03907851e-02 0.00000000e+00 2.29070837e+00 0.00000000e+00 9.16283347e-03 0.000000e+00 0.000000e+00 0.000000e+00 1.210767e+01 4.646981e-01 0.0000e+00 0.0000e+00 -4.6277e-06 0.03563 1.28567e-01 1.74817e-01 2.56883e-01 5.21849e-03
9.879385 3.99378141e-02 0.00000000e+00 3.99378141e-02 0.00000000e+00 2.25401119e+00 0.00000000e+00 9.01604474e-03 0.000000e+00 0.000000e+00 0.000000e+00 1.199494e+01 4.634549e-01 0.0000e+00 0.0000e+00 -3.6798e-06 0.03531 1.27414e-01 1.74045e-01 2.56873e-01 5.06991e-03
9.929281 3.94845868e-02 0.00000000e+00 3.94845868e-02 0.00000000e+00 2.22192506e+00 0.00000000e+00 8.88770026e-03 0.000000e+00 0.000000e+00 0.000000e+00 1.190639e+01 4.595050e-01 0.0000e+00 0.0000e+00 -1.5887e-07 0.03512 1.27916e-01 1.74807e-01 2.58280e-01 5.09009e-03
9.979177 3.90291868e-02 0.00000000e+00 3.90291868e-02 0.00000000e+00 2.19595856e+00 0.00000000e+00 8.78383425e-03 0.000000e+00 0.000000e+00 0.000000e+00 1.181456e+01 4.510223e-01 0.0000e+00 0.0000e+00 +1.5196e-06 0.03502 1.30755e-01 1.77738e-01 2.61591e-01 5.27016e-03
10.000121 3.88478289e-02 0.00000000e+00 3.88478289e-02 0.00000000e+00 2.18567203e+00 0.00000000e+00 8.74268810e-03 0.000000e+00 0.000000e+00 0.000000e+00 1.177372e+01 4.473283e-01 0.0000e+00 0.0000e+00 +1.0702e-06 0.03500 1.32169e-01 1.79176e-01 2.63144e-01 5.33578e-03
