# tg_mhd (CUDA FP64)  tgc_slip_cond_n512_re1000  N=512 L=512 Re=1000 Pm=0.5 u0=0.05 nu_lat=8.132818e-03 eta_lat=1.626564e-02 tau_f=0.524398 tau_m=0.565063 dt=3.073965e-04 fw=profile
# t E_V E_M E_T H_C Omega_V Omega_M eps EM/EV OmM/OmV j_max w_max skew divb/j divb_wall/j mass_drift umax_lat fw1 fw2 fw4 tau_wall
0.000000 1.25000000e-01 1.25000000e-01 2.50000000e-01 5.80391525e-21 3.74995275e-01 1.49992441e+00 6.74968818e-03 1.000000e+00 3.999849e+00 3.463982e+00 1.999969e+00 1.340703e-19 7.5618e-15 2.0637e-14 +0.0000e+00 0.05000 4.03092e-02 8.08566e-02 1.63173e-01 0.00000e+00
0.099904 1.24819089e-01 1.24192324e-01 2.49011413e-01 6.64534117e-08 3.83295065e-01 1.49664222e+00 6.75315902e-03 9.949786e-01 3.904674e+00 3.544670e+00 2.003253e+00 1.400023e-01 1.6529e-06 2.4927e-06 +2.0691e-07 0.05087 4.03178e-02 8.08814e-02 1.63276e-01 0.00000e+00
0.199808 1.24761012e-01 1.23459703e-01 2.48220716e-01 5.02903247e-07 4.10041980e-01 1.50770851e+00 6.85091799e-03 9.895696e-01 3.676961e+00 3.656558e+00 2.047385e+00 3.378721e-02 4.7368e-06 7.6272e-06 -6.5059e-06 0.05129 4.01124e-02 8.04994e-02 1.62715e-01 0.00000e+00
0.299712 1.24732159e-01 1.23126282e-01 2.47858440e-01 2.08449393e-06 4.52180646e-01 1.53886433e+00 7.05981863e-03 9.871254e-01 3.403207e+00 3.794906e+00 2.120574e+00 2.056230e-01 9.5587e-06 1.5873e-05 -3.1328e-06 0.05224 3.99325e-02 8.02004e-02 1.62523e-01 0.00000e+00
0.399616 1.24256591e-01 1.22723979e-01 2.46980571e-01 6.01961122e-06 5.06827614e-01 1.58776102e+00 7.36469931e-03 9.876657e-01 3.132744e+00 3.988618e+00 2.208887e+00 2.344412e-01 1.6141e-05 2.7477e-05 +6.7618e-06 0.05289 3.98171e-02 8.00753e-02 1.62948e-01 0.00000e+00
0.499519 1.24201331e-01 1.22061556e-01 2.46262887e-01 1.37867499e-05 5.74255321e-01 1.65467453e+00 7.76720877e-03 9.827717e-01 2.881427e+00 4.203657e+00 2.319966e+00 2.270488e-01 2.4576e-05 4.3070e-05 -5.6950e-06 0.05292 3.93063e-02 7.92240e-02 1.62274e-01 0.00000e+00
0.599423 1.23806661e-01 1.21580347e-01 2.45387008e-01 2.68224551e-05 6.52960684e-01 1.74839393e+00 8.29949709e-03 9.820178e-01 2.677640e+00 4.440817e+00 2.440838e+00 3.441215e-01 3.5317e-05 6.4500e-05 -6.8979e-06 0.05427 3.88516e-02 7.86018e-02 1.62573e-01 0.00000e+00
0.699327 1.23271217e-01 1.21295555e-01 2.44566772e-01 4.66642228e-05 7.44519497e-01 1.87272566e+00 8.97994163e-03 9.839730e-01 2.515348e+00 4.679873e+00 2.738634e+00 3.061793e-01 4.9198e-05 9.6179e-05 +4.4395e-06 0.05495 3.84346e-02 7.82677e-02 1.64092e-01 0.00000e+00
0.799231 1.23101125e-01 1.20670008e-01 2.43771133e-01 7.44925636e-05 8.52514778e-01 2.02154528e+00 9.79121068e-03 9.802511e-01 2.371273e+00 4.865736e+00 3.114544e+00 4.094120e-01 6.6947e-05 1.4412e-04 -1.3085e-06 0.05571 3.77087e-02 7.76500e-02 1.65537e-01 0.00000e+00
0.899135 1.22773152e-01 1.19801374e-01 2.42574526e-01 1.11267056e-04 9.79153832e-01 2.20247330e+00 1.07682009e-02 9.757946e-01 2.249364e+00 5.257226e+00 3.566007e+00 4.878624e-01 9.0166e-05 2.1646e-04 -4.0040e-06 0.05723 3.71160e-02 7.77999e-02 1.68557e-01 0.00000e+00
0.999039 1.22704123e-01 1.18769000e-01 2.41473123e-01 1.57839918e-04 1.13102626e+00 2.41755229e+00 1.19322617e-02 9.679300e-01 2.137486e+00 6.402796e+00 4.147603e+00 4.157121e-01 1.1984e-04 3.1444e-04 -2.9423e-06 0.05862 3.68051e-02 7.90711e-02 1.73153e-01 0.00000e+00
1.098943 1.22883511e-01 1.17448233e-01 2.40331744e-01 2.14603021e-04 1.31302469e+00 2.66990923e+00 1.33056863e-02 9.557689e-01 2.033404e+00 8.193779e+00 5.390973e+00 4.623213e-01 1.5782e-04 4.3229e-04 -1.0278e-06 0.06029 3.69689e-02 8.16983e-02 1.79062e-01 0.00000e+00
1.198847 1.23134379e-01 1.15711770e-01 2.38846149e-01 2.82679798e-04 1.52760622e+00 2.96441574e+00 1.49128754e-02 9.397194e-01 1.940563e+00 1.037572e+01 6.777096e+00 5.535401e-01 2.0847e-04 5.6226e-04 +3.7184e-06 0.06161 3.77542e-02 8.56894e-02 1.85840e-01 0.00000e+00
1.298750 1.23810933e-01 1.13446381e-01 2.37257314e-01 3.63867197e-04 1.77828280e+00 3.29249363e+00 1.67265401e-02 9.162873e-01 1.851502e+00 1.282824e+01 8.148026e+00 4.943591e-01 2.7905e-04 7.0128e-04 -6.2141e-06 0.06179 3.87459e-02 8.99168e-02 1.91360e-01 0.00000e+00
1.398654 1.24617181e-01 1.10943087e-01 2.35560268e-01 4.60759091e-04 2.06594559e+00 3.67303404e+00 1.88240273e-02 8.902712e-01 1.777895e+00 1.544197e+01 9.463354e+00 4.810218e-01 3.8090e-04 8.7238e-04 -4.5183e-06 0.06438 4.01782e-02 9.47329e-02 1.96416e-01 0.00000e+00
1.498558 1.25248515e-01 1.08197530e-01 2.33446044e-01 5.77185050e-04 2.38640484e+00 4.10585886e+00 2.11962451e-02 8.638628e-01 1.720521e+00 1.789831e+01 1.134928e+01 5.158820e-01 5.1428e-04 1.0837e-03 +6.9765e-06 0.06385 4.18526e-02 9.94004e-02 2.00101e-01 0.00000e+00
1.598462 1.26349121e-01 1.04986266e-01 2.31335388e-01 7.16622231e-04 2.72920346e+00 4.55745153e+00 2.36882130e-02 8.309220e-01 1.669883e+00 1.973365e+01 1.346854e+01 6.078802e-01 6.6396e-04 1.3165e-03 -2.8227e-06 0.06402 4.30756e-02 1.02162e-01 2.00138e-01 0.00000e+00
1.698366 1.27111029e-01 1.01622470e-01 2.28733499e-01 8.81804555e-04 3.07765090e+00 5.02889367e+00 2.62708765e-02 7.994780e-01 1.634004e+00 2.084861e+01 1.538491e+01 5.719919e-01 8.1720e-04 1.5409e-03 -4.8451e-06 0.06402 4.40440e-02 1.03424e-01 1.98343e-01 0.00000e+00
1.798270 1.27781920e-01 9.81971622e-02 2.25979083e-01 1.07470207e-03 3.41282290e+00 5.49502187e+00 2.88057333e-02 7.684746e-01 1.610110e+00 2.130520e+01 1.682969e+01 5.251942e-01 9.7253e-04 1.7403e-03 +2.8594e-06 0.06178 4.44657e-02 1.02942e-01 1.95238e-01 0.00000e+00
1.898174 1.28442363e-01 9.45871889e-02 2.23029551e-01 1.29584135e-03 3.70984851e+00 5.88611168e+00 3.09641437e-02 7.364174e-01 1.586618e+00 2.109091e+01 1.732726e+01 5.609053e-01 1.1290e-03 1.9156e-03 +9.2226e-07 0.06048 4.38623e-02 1.00345e-01 1.90861e-01 0.00000e+00
1.998078 1.28883652e-01 9.09130019e-02 2.19796654e-01 1.54555421e-03 3.95717352e+00 6.15218871e+00 3.25231019e-02 7.053882e-01 1.554693e+00 2.178938e+01 1.667550e+01 5.791092e-01 1.2797e-03 2.0575e-03 +1.2841e-06 0.05963 4.23869e-02 9.65812e-02 1.87531e-01 0.00000e+00
2.097981 1.29254409e-01 8.72149971e-02 2.16469406e-01 1.82297752e-03 4.17156173e+00 6.25660622e+00 3.33695483e-02 6.747545e-01 1.499823e+00 2.280969e+01 1.574286e+01 5.021968e-01 1.4012e-03 2.1643e-03 -2.5176e-06 0.05661 4.01090e-02 9.21078e-02 1.86516e-01 0.00000e+00
2.197885 1.29549737e-01 8.36468270e-02 2.13196564e-01 2.12373552e-03 4.37825080e+00 6.23202731e+00 3.36846108e-02 6.456735e-01 1.423406e+00 2.347474e+01 1.518251e+01 4.925760e-01 1.4590e-03 2.2552e-03 -1.4492e-07 0.05569 3.76371e-02 8.80196e-02 1.90757e-01 0.00000e+00
2.297789 1.29498432e-01 8.01584950e-02 2.09656927e-01 2.44305580e-03 4.58233367e+00 6.12126369e+00 3.36497221e-02 6.189920e-01 1.335840e+00 2.368019e+01 1.490467e+01 5.552781e-01 1.4307e-03 2.3497e-03 +7.9022e-06 0.05348 3.53535e-02 8.50854e-02 2.01804e-01 0.00000e+00
2.397693 1.29682551e-01 7.67332613e-02 2.06415812e-01 2.77469617e-03 4.78982786e+00 5.97235513e+00 3.34690762e-02 5.917007e-01 1.246883e+00 2.332949e+01 1.484318e+01 5.902618e-01 1.3426e-03 2.4605e-03 -2.8435e-06 0.05434 3.33389e-02 8.38739e-02 2.14665e-01 0.00000e+00
2.497597 1.29565288e-01 7.34778527e-02 2.03043141e-01 3.11057963e-03 4.98595480e+00 5.85738069e+00 3.34014324e-02 5.671106e-01 1.174776e+00 2.261500e+01 1.467841e+01 5.572007e-01 1.2537e-03 2.7268e-03 -2.7638e-06 0.05672 3.25298e-02 8.65721e-02 2.27165e-01 0.00000e+00
2.597501 1.29185493e-01 7.03914701e-02 1.99576963e-01 3.44350715e-03 5.16304593e+00 5.78073925e+00 3.34490489e-02 5.448868e-01 1.119637e+00 2.155956e+01 1.470856e+01 5.514407e-01 1.1895e-03 2.6684e-03 +7.5029e-06 0.05765 3.30920e-02 9.31527e-02 2.36179e-01 0.00000e+00
2.697405 1.29031874e-01 6.73364669e-02 1.96368341e-01 3.76657672e-03 5.31232858e+00 5.70106521e+00 3.34289180e-02 5.218592e-01 1.073176e+00 2.026364e+01 1.740963e+01 5.651867e-01 1.1494e-03 2.7489e-03 +7.9831e-07 0.05792 3.48953e-02 1.00557e-01 2.38751e-01 0.00000e+00
2.797309 1.28556342e-01 6.43693454e-02 1.92925687e-01 4.07446073e-03 5.43253828e+00 5.62890553e+00 3.33806987e-02 5.007092e-01 1.036147e+00 1.921743e+01 1.939262e+01 5.520789e-01 1.1324e-03 3.0202e-03 -9.0413e-07 0.05930 3.75722e-02 1.06521e-01 2.37288e-01 0.00000e+00
2.897212 1.28020645e-01 6.15485064e-02 1.89569151e-01 4.36125150e-03 5.53077500e+00 5.55780609e+00 3.32927744e-02 4.807702e-01 1.004887e+00 1.884536e+01 2.042371e+01 5.393594e-01 1.1369e-03 3.2877e-03 +1.9840e-06 0.05978 3.96374e-02 1.08762e-01 2.32170e-01 0.00000e+00
2.997116 1.27425569e-01 5.88971727e-02 1.86322742e-01 4.61968986e-03 5.62102923e+00 5.49138936e+00 3.32076159e-02 4.622084e-01 9.769366e-01 1.791489e+01 2.121015e+01 5.474080e-01 1.1617e-03 3.4316e-03 +2.0506e-06 0.06039 3.98333e-02 1.06434e-01 2.23240e-01 0.00000e+00
3.097020 1.26540300e-01 5.63379851e-02 1.82878285e-01 4.84838267e-03 5.69692297e+00 5.44695570e+00 3.31816687e-02 4.452177e-01 9.561224e-01 1.714334e+01 2.183771e+01 5.619333e-01 1.2063e-03 3.3884e-03 +5.4400e-06 0.06013 3.81821e-02 1.00759e-01 2.12364e-01 0.00000e+00
3.196924 1.25645880e-01 5.39584192e-02 1.79604299e-01 5.04935054e-03 5.76361285e+00 5.44418385e+00 3.33039611e-02 4.294484e-01 9.445783e-01 1.851968e+01 2.252453e+01 5.554069e-01 1.2818e-03 3.1886e-03 -1.9715e-06 0.05974 3.50926e-02 9.26198e-02 1.99606e-01 0.00000e+00
3.296828 1.24529980e-01 5.17838997e-02 1.76313880e-01 5.22533498e-03 5.81115113e+00 5.51442481e+00 3.36800015e-02 4.158348e-01 9.489385e-01 2.133626e+01 2.284987e+01 5.520195e-01 1.4007e-03 2.9943e-03 -4.2174e-07 0.06028 3.19806e-02 8.46844e-02 1.88680e-01 0.00000e+00
3.396732 1.22961546e-01 4.97544942e-02 1.72716040e-01 5.38043269e-03 5.83752256e+00 5.64657912e+00 3.42613616e-02 4.046346e-01 9.672903e-01 2.359016e+01 2.216329e+01 5.443659e-01 1.5802e-03 2.8873e-03 +8.8575e-06 0.05915 2.95220e-02 7.81883e-02 1.81263e-01 0.00000e+00
3.496636 1.21606247e-01 4.78222378e-02 1.69428485e-01 5.51705584e-03 5.84927099e+00 5.77954332e+00 3.48167153e-02 3.932548e-01 9.880793e-01 2.452550e+01 1.929117e+01 5.389361e-01 1.7974e-03 2.7030e-03 -7.3557e-07 0.05742 2.76510e-02 7.32914e-02 1.76739e-01 0.00000e+00
3.596540 1.19856507e-01 4.59966244e-02 1.65853131e-01 5.63555507e-03 5.84635958e+00 5.89593046e+00 3.52764410e-02 3.837641e-01 1.008479e+00 2.450692e+01 1.760247e+01 5.141058e-01 1.9864e-03 2.4457e-03 -1.7297e-06 0.05704 2.67343e-02 7.15707e-02 1.77481e-01 0.00000e+00
3.696443 1.17943722e-01 4.42799703e-02 1.62223692e-01 5.73567108e-03 5.82926177e+00 5.97445039e+00 3.55563251e-02 3.754330e-01 1.024907e+00 2.331812e+01 1.837934e+01 5.032814e-01 2.0716e-03 2.2764e-03 +5.8923e-06 0.05409 2.67826e-02 7.33451e-02 1.82197e-01 0.00000e+00
3.796347 1.16091177e-01 4.26383529e-02 1.58729530e-01 5.81626248e-03 5.79839262e+00 6.00189662e+00 3.56043717e-02 3.672833e-01 1.035097e+00 2.135166e+01 1.866286e+01 4.972504e-01 2.0329e-03 2.2690e-03 +2.0692e-06 0.05263 2.75911e-02 7.77171e-02 1.87167e-01 0.00000e+00
3.896251 1.14086731e-01 4.10168412e-02 1.55103572e-01 5.87897503e-03 5.74480711e+00 5.99936232e+00 3.54870635e-02 3.595233e-01 1.044310e+00 1.914946e+01 1.851529e+01 4.930494e-01 1.9317e-03 2.4038e-03 +2.0543e-06 0.05313 2.93086e-02 8.44913e-02 1.92587e-01 0.00000e+00
3.996155 1.12110728e-01 3.94496456e-02 1.51560374e-01 5.92577703e-03 5.67199478e+00 5.96189581e+00 3.51915728e-02 3.518811e-01 1.051111e+00 1.726307e+01 1.827559e+01 4.688164e-01 1.8428e-03 2.6163e-03 +4.8882e-07 0.05298 3.16616e-02 9.16306e-02 1.96697e-01 0.00000e+00
4.096059 1.10155581e-01 3.79297909e-02 1.48085372e-01 5.95721151e-03 5.58221172e+00 5.88452391e+00 3.47025191e-02 3.443293e-01 1.054156e+00 1.627092e+01 1.809726e+01 4.614374e-01 1.7948e-03 2.8500e-03 +1.4085e-06 0.05258 3.43181e-02 9.72046e-02 1.99778e-01 0.00000e+00
4.195963 1.08100622e-01 3.64082037e-02 1.44508826e-01 5.97265082e-03 5.47572353e+00 5.75260097e+00 3.39618509e-02 3.367992e-01 1.050565e+00 1.562843e+01 1.788289e+01 4.605382e-01 1.7858e-03 3.0613e-03 +7.3572e-06 0.05159 3.66933e-02 9.95323e-02 2.02153e-01 0.00000e+00
4.295867 1.06321783e-01 3.49321671e-02 1.41253950e-01 5.97046341e-03 5.36449876e+00 5.54539131e+00 3.29105628e-02 3.285514e-01 1.033720e+00 1.618051e+01 1.772493e+01 4.550281e-01 1.8081e-03 3.2039e-03 -1.6068e-06 0.05081 3.71198e-02 9.60210e-02 2.00312e-01 0.00000e+00
4.395771 1.04487226e-01 3.35261781e-02 1.38013404e-01 5.95143074e-03 5.25472920e+00 5.29905589e+00 3.17056820e-02 3.208639e-01 1.008436e+00 1.602956e+01 1.764013e+01 4.346849e-01 1.8510e-03 3.2467e-03 -1.0508e-06 0.05086 3.52578e-02 8.92689e-02 1.96625e-01 0.00000e+00
4.495674 1.02540777e-01 3.22073592e-02 1.34748136e-01 5.92243438e-03 5.15316694e+00 5.04426373e+00 3.04833888e-02 3.140932e-01 9.788667e-01 1.500233e+01 1.757827e+01 4.364798e-01 1.8816e-03 3.2590e-03 +8.0002e-06 0.05000 3.17078e-02 8.29961e-02 1.92716e-01 0.00000e+00
4.595578 1.00899416e-01 3.09705529e-02 1.31869968e-01 5.89480633e-03 5.06280450e+00 4.80434278e+00 2.93429801e-02 3.069448e-01 9.489489e-01 1.481476e+01 1.736427e+01 4.463886e-01 1.8755e-03 3.4773e-03 +6.0839e-07 0.04924 2.87215e-02 8.02912e-02 1.89423e-01 0.00000e+00
4.695482 9.91210971e-02 2.98077523e-02 1.28928849e-01 5.87760768e-03 4.98098602e+00 4.61006851e+00 2.84022461e-02 3.007206e-01 9.255333e-01 1.470683e+01 1.696419e+01 4.469467e-01 1.8361e-03 3.8156e-03 -3.1074e-07 0.04892 2.87777e-02 8.29968e-02 1.90508e-01 0.00000e+00
4.795386 9.73790261e-02 2.87166312e-02 1.26095657e-01 5.87330754e-03 4.90955662e+00 4.45078103e+00 2.76222374e-02 2.948954e-01 9.065546e-01 1.461048e+01 1.657181e+01 4.306091e-01 1.7764e-03 3.9698e-03 +3.8423e-06 0.04821 3.14516e-02 8.82992e-02 1.94737e-01 0.00000e+00
4.895290 9.56803171e-02 2.76873939e-02 1.23367711e-01 5.88084827e-03 4.85044279e+00 4.30142058e+00 2.69065679e-02 2.893740e-01 8.868099e-01 1.445875e+01 1.886872e+01 4.505588e-01 1.7147e-03 3.9090e-03 +2.1878e-06 0.04762 3.43947e-02 9.24152e-02 1.98123e-01 0.00000e+00
4.995194 9.39848975e-02 2.66891347e-02 1.20674032e-01 5.89798745e-03 4.79900167e+00 4.14042617e+00 2.61597080e-02 2.839726e-01 8.627682e-01 1.428779e+01 2.157185e+01 4.713655e-01 1.6721e-03 3.7294e-03 +4.4846e-06 0.04992 3.61755e-02 9.46657e-02 2.00067e-01 0.00000e+00
5.095098 9.23647716e-02 2.57511706e-02 1.18115942e-01 5.92293896e-03 4.75452455e+00 3.97190896e+00 2.53966849e-02 2.787986e-01 8.353956e-01 1.405357e+01 2.393714e+01 4.616852e-01 1.6465e-03 3.4983e-03 -4.8384e-07 0.05309 3.64374e-02 9.47416e-02 1.99324e-01 0.00000e+00
5.195002 9.07503912e-02 2.48705098e-02 1.15620901e-01 5.95456866e-03 4.70880026e+00 3.80718619e+00 2.46463453e-02 2.740540e-01 8.085257e-01 1.384790e+01 2.529775e+01 4.639387e-01 1.6339e-03 3.3010e-03 +3.7602e-07 0.05418 3.64358e-02 9.42544e-02 1.98375e-01 0.00000e+00
5.294905 8.90216727e-02 2.40478818e-02 1.13069555e-01 5.99087336e-03 4.65341390e+00 3.65430821e+00 2.39240606e-02 2.701351e-01 7.852962e-01 1.358628e+01 2.524251e+01 4.784721e-01 1.6284e-03 3.2192e-03 +7.8061e-06 0.05493 3.67311e-02 9.38128e-02 1.98444e-01 0.00000e+00
5.394809 8.75498680e-02 2.32607689e-02 1.10810637e-01 6.03035822e-03 4.58379581e+00 3.51123908e+00 2.32125480e-02 2.656859e-01 7.660112e-01 1.323324e+01 2.402680e+01 4.826138e-01 1.6184e-03 3.2281e-03 -1.1150e-06 0.05365 3.69384e-02 9.30933e-02 1.98628e-01 0.00000e+00
5.494713 8.59724920e-02 2.25268491e-02 1.08499341e-01 6.07205281e-03 4.50373620e+00 3.38167681e+00 2.25341796e-02 2.620239e-01 7.508603e-01 1.261523e+01 2.220592e+01 4.747580e-01 1.5939e-03 3.2462e-03 -1.4544e-06 0.05031 3.73138e-02 9.34792e-02 2.00815e-01 0.00000e+00
5.594617 8.43647585e-02 2.18391996e-02 1.06203958e-01 6.11408440e-03 4.41780959e+00 3.25542908e+00 2.18573355e-02 2.588664e-01 7.368876e-01 1.249585e+01 2.037009e+01 4.646158e-01 1.5479e-03 3.2272e-03 +5.8782e-06 0.04879 3.76760e-02 9.49122e-02 2.04202e-01 0.00000e+00
5.694521 8.28922941e-02 2.11890853e-02 1.04081379e-01 6.15329309e-03 4.33091527e+00 3.12024567e+00 2.11428132e-02 2.556219e-01 7.204587e-01 1.199866e+01 1.890681e+01 4.829056e-01 1.4900e-03 3.2303e-03 +7.0840e-07 0.04824 3.75272e-02 9.61050e-02 2.06013e-01 0.00000e+00
5.794425 8.14034769e-02 2.05948823e-02 1.01998359e-01 6.18404425e-03 4.24784563e+00 2.97189438e+00 2.03832688e-02 2.529976e-01 6.996239e-01 1.123615e+01 1.783039e+01 4.910714e-01 1.4415e-03 3.3390e-03 +6.9296e-07 0.04806 3.71853e-02 9.73063e-02 2.07436e-01 0.00000e+00
5.894329 7.99210555e-02 2.00688588e-02 9.99899143e-02 6.20071365e-03 4.17331971e+00 2.82423382e+00 1.96435747e-02 2.511085e-01 6.767356e-01 1.012891e+01 1.707170e+01 4.635543e-01 1.4001e-03 3.4799e-03 +1.0266e-06 0.04823 3.69799e-02 9.85994e-02 2.09235e-01 0.00000e+00
5.994233 7.84266058e-02 1.96077317e-02 9.80343376e-02 6.20149137e-03 4.11015477e+00 2.69526788e+00 1.90013811e-02 2.500138e-01 6.557582e-01 1.020566e+01 1.659482e+01 4.738306e-01 1.3523e-03 3.5236e-03 +4.9789e-07 0.04753 3.73764e-02 1.01021e-01 2.13305e-01 0.00000e+00
6.094136 7.69149060e-02 1.92146166e-02 9.61295226e-02 6.18639186e-03 4.05895015e+00 2.58988755e+00 1.84774505e-02 2.498166e-01 6.380683e-01 1.148128e+01 1.631805e+01 4.937022e-01 1.3087e-03 3.4685e-03 +4.9550e-06 0.04673 3.82502e-02 1.04624e-01 2.19337e-01 0.00000e+00
6.194040 7.54847354e-02 1.88588658e-02 9.43436012e-02 6.15478171e-03 4.01831692e+00 2.50651374e+00 1.80626888e-02 2.498368e-01 6.237720e-01 1.262335e+01 1.611307e+01 4.901906e-01 1.2633e-03 3.2240e-03 -2.1444e-06 0.04717 3.95986e-02 1.08835e-01 2.25920e-01 0.00000e+00
6.293944 7.39969006e-02 1.85551322e-02 9.25520329e-02 6.10605537e-03 3.98577634e+00 2.45201354e+00 1.77796068e-02 2.507555e-01 6.151910e-01 1.822515e+01 1.591551e+01 5.168373e-01 1.2597e-03 3.0795e-03 -1.7112e-06 0.04679 4.15973e-02 1.13960e-01 2.34277e-01 0.00000e+00
6.393848 7.24032496e-02 1.82904224e-02 9.06936720e-02 6.03847200e-03 3.95755501e+00 2.41820090e+00 1.75879136e-02 2.526188e-01 6.110341e-01 2.187292e+01 1.595366e+01 5.334755e-01 1.3003e-03 3.0384e-03 +6.1092e-06 0.04656 4.35540e-02 1.18598e-01 2.42430e-01 0.00000e+00
6.493752 7.09845699e-02 1.80250204e-02 8.90095902e-02 5.94992379e-03 3.92949642e+00 2.38582997e+00 1.74023127e-02 2.539287e-01 6.071592e-01 2.334971e+01 1.672955e+01 5.557199e-01 1.3666e-03 2.9622e-03 -1.4566e-06 0.04550 4.45656e-02 1.20623e-01 2.46535e-01 0.00000e+00
6.593656 6.94816049e-02 1.77825526e-02 8.72641575e-02 5.84015096e-03 3.89949749e+00 2.35105597e+00 1.72032189e-02 2.559318e-01 6.029125e-01 2.340500e+01 1.740518e+01 5.714984e-01 1.4355e-03 2.8270e-03 -1.8033e-06 0.04487 4.51733e-02 1.21618e-01 2.48736e-01 0.00000e+00
6.693560 6.79676159e-02 1.75605405e-02 8.55281564e-02 5.71219569e-03 3.86516179e+00 2.31041657e+00 1.69719899e-02 2.583663e-01 5.977542e-01 2.272549e+01 1.790279e+01 5.605938e-01 1.4756e-03 2.6658e-03 +3.0370e-06 0.04390 4.55308e-02 1.21900e-01 2.49616e-01 0.00000e+00
6.793464 6.64865571e-02 1.73380302e-02 8.38245874e-02 5.57034246e-03 3.82519720e+00 2.26477622e+00 1.67094993e-02 2.607750e-01 5.920678e-01 2.164689e+01 1.813386e+01 5.629975e-01 1.4761e-03 2.4971e-03 +2.5437e-08 0.04238 4.55831e-02 1.21185e-01 2.48856e-01 0.00000e+00
6.893367 6.50505102e-02 1.71281922e-02 8.21787024e-02 5.41864462e-03 3.78111213e+00 2.22189772e+00 1.64498151e-02 2.633060e-01 5.876307e-01 2.035463e+01 1.826047e+01 5.627728e-01 1.4428e-03 2.3329e-03 +1.7734e-06 0.04075 4.57024e-02 1.20437e-01 2.48126e-01 0.00000e+00
6.993271 6.36316837e-02 1.69136123e-02 8.05452959e-02 5.26065590e-03 3.73367519e+00 2.18210381e+00 1.61957656e-02 2.658049e-01 5.844386e-01 1.908590e+01 1.816569e+01 5.333477e-01 1.4049e-03 2.1869e-03 -1.0352e-06 0.04119 4.56709e-02 1.19072e-01 2.46658e-01 0.00000e+00
7.093175 6.22262365e-02 1.67036929e-02 7.89299294e-02 5.09970020e-03 3.68354483e+00 2.14776400e+00 1.59581457e-02 2.684349e-01 5.830699e-01 1.802491e+01 1.797301e+01 5.291269e-01 1.3695e-03 2.0710e-03 -9.4223e-07 0.03969 4.56558e-02 1.17759e-01 2.45612e-01 0.00000e+00
7.193079 6.07937798e-02 1.64970822e-02 7.72908619e-02 4.93916799e-03 3.63116326e+00 2.11816268e+00 1.57349772e-02 2.713614e-01 5.833290e-01 1.720949e+01 1.772892e+01 5.161764e-01 1.3363e-03 1.9871e-03 +5.1804e-06 0.03923 4.57285e-02 1.16765e-01 2.45483e-01 0.00000e+00
7.292983 5.95232395e-02 1.62582730e-02 7.57815125e-02 4.78168344e-03 3.57578144e+00 2.08808487e+00 1.55039023e-02 2.731416e-01 5.839520e-01 1.657232e+01 1.735345e+01 4.947173e-01 1.3049e-03 1.9195e-03 -2.4686e-06 0.03911 4.56373e-02 1.15346e-01 2.44975e-01 0.00000e+00
7.392887 5.82093828e-02 1.60214238e-02 7.42308065e-02 4.62907197e-03 3.51791840e+00 2.06208105e+00 1.52841610e-02 2.752378e-01 5.861651e-01 1.605519e+01 1.693994e+01 4.834606e-01 1.2706e-03 1.8626e-03 -2.3753e-06 0.03836 4.57785e-02 1.14541e-01 2.45724e-01 0.00000e+00
7.492791 5.68792844e-02 1.57838875e-02 7.26631719e-02 4.48239567e-03 3.45705372e+00 2.03840576e+00 1.50677305e-02 2.774980e-01 5.896367e-01 1.562440e+01 1.659541e+01 4.629849e-01 1.2385e-03 1.8098e-03 +4.5874e-06 0.03804 4.61423e-02 1.14361e-01 2.47642e-01 0.00000e+00
7.592695 5.56745083e-02 1.55116333e-02 7.11861416e-02 4.34216025e-03 3.39346356e+00 2.01120550e+00 1.48317491e-02 2.786128e-01 5.926704e-01 1.514282e+01 1.620887e+01 4.583995e-01 1.2191e-03 1.7597e-03 -1.1267e-06 0.03808 4.63567e-02 1.13812e-01 2.48564e-01 0.00000e+00
7.692598 5.44859256e-02 1.52356154e-02 6.97215410e-02 4.20870353e-03 3.32762277e+00 1.98225541e+00 1.45842672e-02 2.796248e-01 5.956972e-01 1.464872e+01 1.584409e+01 4.582993e-01 1.2061e-03 1.7155e-03 -8.7539e-07 0.03875 4.66742e-02 1.13719e-01 2.49917e-01 0.00000e+00
7.792502 5.33100618e-02 1.49525745e-02 6.82626364e-02 4.08237729e-03 3.26076581e+00 1.95140366e+00 1.43271462e-02 2.804832e-01 5.984495e-01 1.416382e+01 1.553954e+01 4.437872e-01 1.1985e-03 1.6793e-03 +9.8266e-07 0.03957 4.69392e-02 1.13665e-01 2.50703e-01 0.00000e+00
7.892406 5.21658325e-02 1.46565553e-02 6.68223879e-02 3.96329895e-03 3.19339907e+00 1.91791479e+00 1.40584573e-02 2.809608e-01 6.005873e-01 1.368317e+01 1.522678e+01 4.575442e-01 1.1882e-03 1.6521e-03 -6.0168e-07 0.03973 4.71030e-02 1.13523e-01 2.50643e-01 0.00000e+00
7.992310 5.10620821e-02 1.43626662e-02 6.54247483e-02 3.85167819e-03 3.12619237e+00 1.88341576e+00 1.37860478e-02 2.812785e-01 6.024632e-01 1.317260e+01 1.499557e+01 4.741603e-01 1.1707e-03 1.6283e-03 +2.9658e-06 0.03976 4.72538e-02 1.13585e-01 2.50462e-01 0.00000e+00
8.092214 5.00296109e-02 1.40502767e-02 6.40798876e-02 3.74760586e-03 3.05885010e+00 1.84679171e+00 1.35048670e-02 2.808392e-01 6.037536e-01 1.268565e+01 1.481809e+01 4.751432e-01 1.1552e-03 1.6073e-03 -2.0967e-06 0.03986 4.72336e-02 1.13290e-01 2.49125e-01 0.00000e+00
8.192118 4.89915144e-02 1.37447100e-02 6.27362244e-02 3.65118184e-03 2.99166251e+00 1.81206825e+00 1.32315980e-02 2.805529e-01 6.057061e-01 1.222743e+01 1.469393e+01 4.862225e-01 1.1463e-03 1.5896e-03 -1.9128e-06 0.04003 4.72482e-02 1.13175e-01 2.47988e-01 0.00000e+00
8.292022 4.79254685e-02 1.34482084e-02 6.13736769e-02 3.56280718e-03 2.92358548e+00 1.77835831e+00 1.29606042e-02 2.806067e-01 6.082799e-01 1.182235e+01 1.462869e+01 4.990293e-01 1.1422e-03 1.5748e-03 +4.8787e-06 0.03933 4.73639e-02 1.13394e-01 2.47682e-01 0.00000e+00
8.391926 4.70057477e-02 1.31289703e-02 6.01347180e-02 3.48304450e-03 2.85453034e+00 1.74221917e+00 1.26779373e-02 2.793056e-01 6.103348e-01 1.140461e+01 1.448999e+01 5.085401e-01 1.1438e-03 1.5595e-03 -2.1953e-06 0.03896 4.72518e-02 1.13069e-01 2.46348e-01 0.00000e+00
8.491829 4.60569695e-02 1.28208087e-02 5.88777782e-02 3.41282018e-03 2.78422168e+00 1.70607323e+00 1.23927363e-02 2.783685e-01 6.127649e-01 1.103122e+01 1.433752e+01 5.101803e-01 1.1431e-03 1.5475e-03 -2.1764e-06 0.03847 4.72361e-02 1.13166e-01 2.46035e-01 0.00000e+00
8.591733 4.51010431e-02 1.25205471e-02 5.76215902e-02 3.35319613e-03 2.71274103e+00 1.66954104e+00 1.21036462e-02 2.776110e-01 6.154443e-01 1.070595e+01 1.410869e+01 4.979416e-01 1.1396e-03 1.5412e-03 +3.0433e-06 0.03834 4.72564e-02 1.13559e-01 2.46300e-01 0.00000e+00
8.691637 4.42128700e-02 1.22092589e-02 5.64221289e-02 3.30536568e-03 2.63964010e+00 1.62968180e+00 1.17980074e-02 2.761472e-01 6.173879e-01 1.040480e+01 1.381740e+01 5.102368e-01 1.1338e-03 1.5389e-03 -8.9240e-07 0.03746 4.70994e-02 1.13666e-01 2.45900e-01 0.00000e+00
8.791541 4.33594929e-02 1.19093030e-02 5.52687959e-02 3.27050475e-03 2.56486997e+00 1.58806941e+00 1.14820176e-02 2.746643e-01 6.191618e-01 1.011283e+01 1.344304e+01 5.084049e-01 1.1244e-03 1.5446e-03 +5.8172e-07 0.03740 4.69676e-02 1.14000e-01 2.45925e-01 0.00000e+00
8.891445 4.25267244e-02 1.16100639e-02 5.41367883e-02 3.24952053e-03 2.48887363e+00 1.54443119e+00 1.11554720e-02 2.730063e-01 6.205342e-01 9.866831e+00 1.322956e+01 4.940025e-01 1.1149e-03 1.5577e-03 -3.8413e-07 0.03723 4.66727e-02 1.13932e-01 2.45217e-01 0.00000e+00
8.991349 4.17041877e-02 1.13165081e-02 5.30206958e-02 3.24313228e-03 2.41256323e+00 1.49982771e+00 1.08244373e-02 2.713518e-01 6.216739e-01 9.651550e+00 1.305772e+01 4.866160e-01 1.1025e-03 1.5793e-03 -1.1094e-06 0.03725 4.61753e-02 1.13340e-01 2.43678e-01 0.00000e+00
9.091253 4.08912710e-02 1.10373773e-02 5.19286483e-02 3.25147869e-03 2.33647724e+00 1.45503686e+00 1.04931019e-02 2.699201e-01 6.227481e-01 9.451035e+00 1.255028e+01 4.938249e-01 1.0843e-03 1.6083e-03 +3.9637e-06 0.03644 4.54764e-02 1.12296e-01 2.41765e-01 0.00000e+00
9.191157 4.01789374e-02 1.07533339e-02 5.09322713e-02 3.27414015e-03 2.26190111e+00 1.40730326e+00 1.01530153e-02 2.676361e-01 6.221772e-01 9.360714e+00 1.188883e+01 4.713399e-01 1.0666e-03 1.6391e-03 -2.2246e-06 0.03629 4.41498e-02 1.09730e-01 2.37497e-01 0.00000e+00
9.291060 3.94426611e-02 1.04856243e-02 4.99282855e-02 3.30985097e-03 2.19034502e+00 1.36009876e+00 9.82108509e-03 2.658447e-01 6.209518e-01 9.409964e+00 1.159135e+01 4.495737e-01 1.0526e-03 1.6744e-03 -2.1090e-06 0.03566 4.24824e-02 1.06487e-01 2.32609e-01 0.00000e+00
9.390964 3.86775496e-02 1.02353010e-02 4.89128507e-02 3.35612877e-03 2.12260450e+00 1.31281128e+00 9.49645413e-03 2.646316e-01 6.184908e-01 9.379857e+00 1.181141e+01 4.166801e-01 1.0448e-03 1.7069e-03 +4.3669e-06 0.03499 4.05374e-02 1.02743e-01 2.27407e-01 0.00000e+00
9.490868 3.80237344e-02 9.98465243e-03 4.80083869e-02 3.40990962e-03 2.05933844e+00 1.26276966e+00 9.16975552e-03 2.625900e-01 6.131919e-01 9.289015e+00 1.202331e+01 4.034390e-01 1.0425e-03 1.7264e-03 -1.5457e-06 0.03361 3.82139e-02 9.81133e-02 2.20696e-01 0.00000e+00
9.590772 3.73575219e-02 9.75476665e-03 4.71122886e-02 3.46795587e-03 2.00057313e+00 1.21307160e+00 8.85343264e-03 2.611192e-01 6.063620e-01 9.131751e+00 1.214378e+01 3.629834e-01 1.0348e-03 1.7213e-03 -1.1114e-06 0.03302 3.60536e-02 9.39571e-02 2.14991e-01 0.00000e+00
9.690676 3.66840068e-02 9.53990176e-03 4.62239086e-02 3.52716035e-03 1.94676768e+00 1.16475145e+00 8.55254115e-03 2.600562e-01 5.983002e-01 9.357139e+00 1.221181e+01 3.181243e-01 1.0195e-03 1.6930e-03 +1.7903e-06 0.03273 3.41964e-02 9.05233e-02 2.10306e-01 0.00000e+00
9.790580 3.60350047e-02 9.33556806e-03 4.53705727e-02 3.58551813e-03 1.89716530e+00 1.11825878e+00 8.26736573e-03 2.590694e-01 5.894367e-01 9.533879e+00 1.222024e+01 2.949511e-01 9.9811e-04 1.6509e-03 -7.5976e-07 0.03248 3.27007e-02 8.78866e-02 2.06439e-01 0.00000e+00
9.890484 3.54091023e-02 9.14909037e-03 4.45581927e-02 3.64173553e-03 1.85169499e+00 1.07596729e+00 8.00725916e-03 2.583824e-01 5.810716e-01 9.584194e+00 1.280695e+01 2.908626e-01 9.7061e-04 1.6129e-03 +2.1663e-06 0.03234 3.18025e-02 8.66616e-02 2.04588e-01 0.00000e+00
9.990388 3.48153372e-02 8.97101918e-03 4.37863564e-02 3.69545554e-03 1.80944864e+00 1.03766483e+00 7.76955661e-03 2.576743e-01 5.734702e-01 9.556787e+00 1.348143e+01 2.483520e-01 9.4154e-04 1.5863e-03 -1.1106e-06 0.03207 3.13267e-02 8.62490e-02 2.03411e-01 0.00000e+00
9.999917 3.47594452e-02 8.95437954e-03 4.37138247e-02 3.70045913e-03 1.80559433e+00 1.03425728e+00 7.74821780e-03 2.576100e-01 5.728071e-01 9.551705e+00 1.355289e+01 2.537419e-01 9.3885e-04 1.5844e-03 -1.7044e-06 0.03209 3.13035e-02 8.62508e-02 2.03330e-01 0.00000e+00
