# tg_mhd (CUDA FP64)  tgc_noslip_cond_n192_re250_drive0.1_bdrive0.2  N=192 L=192 Re=250 Pm=1 u0=0.05 nu_lat=1.215944e-02 eta_lat=1.215944e-02 tau_f=0.536478 tau_m=0.548638 dt=8.224065e-04 fw=profile
# t E_V E_M E_T H_C Omega_V Omega_M eps EM/EV OmM/OmV j_max w_max skew divb/j divb_wall/j mass_drift umax_lat fw1 fw2 fw4 tau_wall
0.000000 1.22400748e-01 1.25000000e-01 2.47400748e-01 4.00834131e-20 2.66941395e+01 1.49945900e+00 2.25548788e-01 1.021236e+00 5.617184e-02 3.463243e+00 9.118036e+01 4.176534e-19 2.8424e-15 6.1549e-15 +0.0000e+00 0.04998 9.38890e-01 9.44354e-01 9.55503e-01 1.77452e-01
0.250012 1.11300311e-01 1.36463349e-01 2.47763660e-01 -1.61638728e-04 4.10103021e+00 1.78979423e+00 4.71265956e-02 1.226082e+00 4.364255e-01 4.151356e+00 2.181517e+01 9.604019e-02 9.1748e-04 3.8843e-03 -8.9401e-06 0.05122 6.23869e-01 6.86429e-01 7.38402e-01 3.46937e-02
0.500023 1.07428035e-01 1.47246143e-01 2.54674178e-01 -2.94396822e-04 3.17097543e+00 2.23014144e+00 4.32089349e-02 1.370649e+00 7.032982e-01 4.973111e+00 1.748040e+01 1.842771e-01 1.0499e-03 4.6522e-03 -1.8884e-05 0.05041 4.56119e-01 5.62570e-01 6.37208e-01 2.58063e-02
0.750035 1.05024423e-01 1.55619918e-01 2.60644341e-01 -2.12718591e-04 2.98137172e+00 2.79139904e+00 4.61821660e-02 1.481750e+00 9.362801e-01 5.635245e+00 1.675920e+01 3.079081e-01 1.1170e-03 5.0486e-03 -2.0209e-05 0.05128 3.46206e-01 4.61735e-01 5.61327e-01 2.22408e-02
1.000046 1.04084456e-01 1.59880439e-01 2.63964895e-01 4.35660119e-04 3.09474334e+00 3.48194038e+00 5.26134698e-02 1.536065e+00 1.125114e+00 6.901008e+00 1.727259e+01 4.143184e-01 1.2785e-03 5.3361e-03 -1.2244e-05 0.05141 2.66978e-01 3.77030e-01 4.96680e-01 2.05587e-02
1.250058 1.04738392e-01 1.58754112e-01 2.63492504e-01 1.99041782e-03 3.43687515e+00 4.29592177e+00 6.18623754e-02 1.515720e+00 1.249950e+00 1.000373e+01 2.020120e+01 4.306488e-01 1.7470e-03 5.4497e-03 -4.4401e-06 0.05067 2.10155e-01 3.10177e-01 4.38237e-01 1.96122e-02
1.500069 1.06008237e-01 1.52877282e-01 2.58885519e-01 4.54190689e-03 3.77344700e+00 5.22852222e+00 7.20157538e-02 1.442126e+00 1.385609e+00 1.396879e+01 2.102988e+01 4.760395e-01 2.9060e-03 5.3104e-03 -3.9468e-06 0.04776 1.61604e-01 2.51620e-01 3.84149e-01 1.81794e-02
1.750081 1.06317673e-01 1.44324049e-01 2.50641723e-01 7.91476535e-03 3.96853810e+00 6.18998923e+00 8.12682186e-02 1.357479e+00 1.559766e+00 1.905270e+01 2.050555e+01 4.539665e-01 4.3671e-03 5.1897e-03 -1.2256e-05 0.05321 1.24230e-01 2.03998e-01 3.65315e-01 1.65578e-02
2.000092 1.05310925e-01 1.34747579e-01 2.40058504e-01 1.19412849e-02 4.01574402e+00 6.68983196e+00 8.56446078e-02 1.279521e+00 1.665901e+00 2.110760e+01 1.850186e+01 3.838325e-01 5.5555e-03 5.3160e-03 -2.2361e-05 0.05479 1.00699e-01 1.73649e-01 3.90206e-01 1.48628e-02
2.250104 1.03733466e-01 1.25234735e-01 2.28968202e-01 1.62282665e-02 4.04390685e+00 6.41953201e+00 8.37075109e-02 1.207274e+00 1.587458e+00 2.042458e+01 1.612865e+01 3.512519e-01 5.8980e-03 5.5341e-03 -2.8858e-05 0.05341 9.11082e-02 1.60866e-01 4.00186e-01 1.38667e-02
2.500116 1.02150117e-01 1.16324828e-01 2.18474945e-01 2.04330651e-02 4.09205330e+00 5.88020273e+00 7.97780482e-02 1.138764e+00 1.436981e+00 1.822704e+01 1.567680e+01 2.844088e-01 5.0770e-03 5.6797e-03 -3.0085e-05 0.05442 8.70034e-02 1.61562e-01 3.89884e-01 1.33960e-02
2.750127 1.00451195e-01 1.08112505e-01 2.08563700e-01 2.45431767e-02 4.14572652e+00 5.49346035e+00 7.71134949e-02 1.076269e+00 1.325090e+00 1.582304e+01 1.483059e+01 2.118064e-01 3.9317e-03 6.0278e-03 -2.9841e-05 0.05639 8.64814e-02 1.70066e-01 3.81521e-01 1.35388e-02
3.000139 9.81707383e-02 1.00865002e-01 1.99035741e-01 2.86348220e-02 4.14900462e+00 5.23190505e+00 7.50472774e-02 1.027445e+00 1.261002e+00 1.359578e+01 1.338831e+01 1.585031e-01 3.5379e-03 7.7125e-03 -3.0777e-05 0.05661 9.26199e-02 1.84358e-01 3.89404e-01 1.40713e-02
3.250150 9.50567285e-02 9.50024146e-02 1.90059143e-01 3.25837554e-02 4.09433150e+00 4.92999811e+00 7.21946369e-02 9.994286e-01 1.204103e+00 1.242233e+01 1.463976e+01 1.670545e-01 3.5692e-03 9.2646e-03 -3.3204e-05 0.05511 1.02968e-01 2.02375e-01 4.04059e-01 1.44980e-02
3.500162 9.13355966e-02 9.06249284e-02 1.81960525e-01 3.61455259e-02 3.98892214e+00 4.59264866e+00 6.86525663e-02 9.922192e-01 1.151351e+00 1.086371e+01 1.624440e+01 2.057616e-01 3.4935e-03 9.8055e-03 -3.4622e-05 0.05296 1.12303e-01 2.16109e-01 4.10977e-01 1.45082e-02
3.750173 8.75200058e-02 8.73313251e-02 1.74851331e-01 3.90745014e-02 3.86702862e+00 4.26995759e+00 6.50958897e-02 9.978441e-01 1.104196e+00 9.299034e+00 1.649380e+01 2.435694e-01 3.3178e-03 9.4766e-03 -3.3951e-05 0.05048 1.19693e-01 2.22318e-01 4.12832e-01 1.47420e-02
4.000185 8.39795039e-02 8.47086047e-02 1.68688109e-01 4.11397166e-02 3.72469806e+00 3.99353366e+00 6.17458538e-02 1.008682e+00 1.072176e+00 9.423254e+00 1.519077e+01 2.611617e-01 3.0967e-03 8.9603e-03 -3.1906e-05 0.04881 1.24911e-01 2.23462e-01 4.19483e-01 1.50270e-02
4.250197 8.08255106e-02 8.24773037e-02 1.63302814e-01 4.23244700e-02 3.60251133e+00 3.80403337e+00 5.92523576e-02 1.020437e+00 1.055939e+00 9.583620e+00 1.338877e+01 2.776370e-01 3.0579e-03 8.6536e-03 -3.0897e-05 0.04652 1.29187e-01 2.27592e-01 4.28414e-01 1.54121e-02
4.500208 7.80179144e-02 8.04098468e-02 1.58427761e-01 4.28588611e-02 3.55339684e+00 3.66650389e+00 5.77592058e-02 1.030659e+00 1.031831e+00 1.056386e+01 1.369874e+01 3.073850e-01 3.2803e-03 9.2020e-03 -3.2310e-05 0.04398 1.36433e-01 2.40300e-01 4.38346e-01 1.58432e-02
4.750220 7.55016787e-02 7.83255584e-02 1.53827237e-01 4.30168786e-02 3.56075413e+00 3.52829971e+00 5.67124307e-02 1.037402e+00 9.908855e-01 1.093713e+01 1.554348e+01 3.320508e-01 3.3378e-03 1.0633e-02 -3.5766e-05 0.04143 1.48560e-01 2.52451e-01 4.44529e-01 1.63485e-02
5.000231 7.33163421e-02 7.61173887e-02 1.49433731e-01 4.29874613e-02 3.55823044e+00 3.38207134e+00 5.55224143e-02 1.038205e+00 9.504925e-01 1.058536e+01 1.579694e+01 3.397546e-01 3.2814e-03 1.0592e-02 -3.9329e-05 0.03851 1.57163e-01 2.58733e-01 4.45871e-01 1.66830e-02
5.250243 7.15252139e-02 7.37628314e-02 1.45288045e-01 4.28504746e-02 3.51266352e+00 3.23466181e+00 5.39786026e-02 1.031284e+00 9.208573e-01 9.460956e+00 1.470935e+01 3.342148e-01 3.2090e-03 9.8789e-03 -4.1711e-05 0.04102 1.59873e-01 2.60222e-01 4.46240e-01 1.66718e-02
5.500254 7.01519376e-02 7.13023141e-02 1.41454252e-01 4.26413609e-02 3.42983691e+00 3.08241707e+00 5.20980318e-02 1.016398e+00 8.987066e-01 8.037809e+00 1.342214e+01 3.189749e-01 3.0440e-03 9.3866e-03 -4.2840e-05 0.04325 1.59112e-01 2.58742e-01 4.48350e-01 1.64367e-02
5.750266 6.91531105e-02 6.87990264e-02 1.37952137e-01 4.24109842e-02 3.34624425e+00 2.93460515e+00 5.02467952e-02 9.948797e-01 8.769847e-01 7.647387e+00 1.305214e+01 3.018115e-01 2.9443e-03 9.2823e-03 -4.3449e-05 0.04490 1.58542e-01 2.57401e-01 4.53532e-01 1.63222e-02
6.000277 6.83583842e-02 6.63537743e-02 1.34712158e-01 4.22251425e-02 3.27824341e+00 2.81973193e+00 4.87838027e-02 9.706750e-01 8.601350e-01 8.265347e+00 1.438436e+01 2.920224e-01 2.8886e-03 9.4348e-03 -4.3869e-05 0.04629 1.59046e-01 2.57448e-01 4.58655e-01 1.62180e-02
6.250289 6.75527815e-02 6.40659214e-02 1.31618703e-01 4.21427376e-02 3.21697204e+00 2.74949168e+00 4.77317097e-02 9.483832e-01 8.546831e-01 8.324277e+00 1.586547e+01 2.827131e-01 2.8719e-03 9.6013e-03 -4.4073e-05 0.04786 1.59943e-01 2.57627e-01 4.59275e-01 1.60754e-02
6.500301 6.65717307e-02 6.20476991e-02 1.28619430e-01 4.22162424e-02 3.15290457e+00 2.69122929e+00 4.67530708e-02 9.320428e-01 8.535714e-01 7.558817e+00 1.637242e+01 2.594297e-01 2.8782e-03 9.5316e-03 -4.3795e-05 0.04950 1.59879e-01 2.54739e-01 4.55161e-01 1.58455e-02
6.750312 6.52282956e-02 6.05228893e-02 1.25751185e-01 4.24605347e-02 3.08267282e+00 2.62290610e+00 4.56446314e-02 9.278625e-01 8.508545e-01 7.347637e+00 1.667545e+01 2.223286e-01 2.8185e-03 9.2350e-03 -4.3171e-05 0.05063 1.57622e-01 2.48969e-01 4.47599e-01 1.54170e-02
7.000324 6.33433963e-02 5.97488455e-02 1.23092242e-01 4.28110064e-02 2.98882793e+00 2.57811107e+00 4.45355121e-02 9.432530e-01 8.625826e-01 7.577672e+00 1.741471e+01 1.783997e-01 2.6963e-03 9.0607e-03 -4.2740e-05 0.05121 1.53049e-01 2.43965e-01 4.41162e-01 1.47722e-02
7.250335 6.09413654e-02 5.98054099e-02 1.20746775e-01 4.31784241e-02 2.85735890e+00 2.59529193e+00 4.36212067e-02 9.813599e-01 9.082835e-01 7.729594e+00 1.659499e+01 1.307402e-01 2.5902e-03 9.1392e-03 -4.3177e-05 0.05141 1.48386e-01 2.40764e-01 4.38401e-01 1.40644e-02
7.500347 5.83265342e-02 6.05367464e-02 1.18863281e-01 4.35940775e-02 2.68846609e+00 2.64702026e+00 4.26838908e-02 1.037894e+00 9.845838e-01 7.843899e+00 1.426440e+01 9.237492e-02 2.5333e-03 9.0056e-03 -4.4675e-05 0.05138 1.40495e-01 2.36962e-01 4.35412e-01 1.31416e-02
7.750358 5.58930663e-02 6.17041143e-02 1.17597181e-01 4.41665584e-02 2.51099865e+00 2.69497649e+00 4.16478011e-02 1.103967e+00 1.073269e+00 7.670796e+00 1.121372e+01 9.171744e-02 2.4993e-03 8.7700e-03 -4.6827e-05 0.05078 1.29832e-01 2.30752e-01 4.31082e-01 1.20021e-02
8.000370 5.38859716e-02 6.31131007e-02 1.16999072e-01 4.49383207e-02 2.35902280e+00 2.72931770e+00 4.07067240e-02 1.171234e+00 1.156970e+00 7.228798e+00 1.053785e+01 1.287526e-01 2.4567e-03 8.3931e-03 -4.8905e-05 0.04941 1.19955e-01 2.23947e-01 4.27304e-01 1.09244e-02
8.250382 5.23390438e-02 6.46582440e-02 1.16997288e-01 4.58761900e-02 2.25177740e+00 2.75000750e+00 4.00142792e-02 1.235373e+00 1.221261e+00 7.549286e+00 9.908081e+00 1.626348e-01 2.3743e-03 7.9572e-03 -5.0480e-05 0.04749 1.13723e-01 2.21137e-01 4.24142e-01 1.02380e-02
8.500393 5.11737034e-02 6.62885939e-02 1.17462297e-01 4.69269281e-02 2.18951711e+00 2.75891310e+00 3.95874416e-02 1.295364e+00 1.260056e+00 7.469634e+00 9.494902e+00 1.746366e-01 2.2894e-03 7.7150e-03 -5.1494e-05 0.04697 1.12607e-01 2.23685e-01 4.19284e-01 1.00722e-02
8.750405 5.02621364e-02 6.80040787e-02 1.18266215e-01 4.80392262e-02 2.15606473e+00 2.76307864e+00 3.93531470e-02 1.352988e+00 1.281538e+00 7.184372e+00 1.006806e+01 1.651910e-01 2.2615e-03 7.6724e-03 -5.2104e-05 0.04678 1.15484e-01 2.27272e-01 4.10584e-01 1.02184e-02
9.000416 4.94618827e-02 6.98593422e-02 1.19321225e-01 4.91476238e-02 2.12718859e+00 2.76695032e+00 3.91531113e-02 1.412387e+00 1.300755e+00 7.040835e+00 1.109959e+01 1.220989e-01 2.2621e-03 7.6191e-03 -5.2438e-05 0.04591 1.19203e-01 2.26746e-01 3.98249e-01 1.04967e-02
9.250428 4.86972675e-02 7.18899164e-02 1.20587184e-01 5.01611966e-02 2.09218647e+00 2.76746127e+00 3.88771820e-02 1.476262e+00 1.322760e+00 6.907176e+00 1.105299e+01 3.984059e-02 2.2249e-03 7.4883e-03 -5.2575e-05 0.04460 1.21582e-01 2.21262e-01 3.84089e-01 1.08666e-02
9.500439 4.79568788e-02 7.40862083e-02 1.22043087e-01 5.09994208e-02 2.05234501e+00 2.76494401e+00 3.85383122e-02 1.544851e+00 1.347212e+00 6.836352e+00 1.032387e+01 -5.759711e-02 2.1655e-03 7.4361e-03 -5.2626e-05 0.04310 1.22554e-01 2.13219e-01 3.69702e-01 1.12208e-02
9.750451 4.72638741e-02 7.63986426e-02 1.23662517e-01 5.16348146e-02 2.01168274e+00 2.75950690e+00 3.81695171e-02 1.616428e+00 1.371741e+00 7.574756e+00 9.817883e+00 -1.364165e-01 2.1433e-03 7.5424e-03 -5.2802e-05 0.04157 1.23324e-01 2.05362e-01 3.56275e-01 1.15042e-02
10.000462 4.67489565e-02 7.86818016e-02 1.25430758e-01 5.20937933e-02 1.97707347e+00 2.73770740e+00 3.77182470e-02 1.683071e+00 1.384727e+00 8.137882e+00 1.039165e+01 -1.789095e-01 2.1529e-03 7.6389e-03 -5.3305e-05 0.04035 1.24490e-01 1.98498e-01 3.44421e-01 1.16920e-02
10.250474 4.66578546e-02 8.07025904e-02 1.27360445e-01 5.24195649e-02 1.95861453e+00 2.69204563e+00 3.72052813e-02 1.729668e+00 1.374464e+00 8.329413e+00 1.154642e+01 -1.825236e-01 2.1759e-03 7.5368e-03 -5.4212e-05 0.03974 1.25516e-01 1.91716e-01 3.33206e-01 1.17491e-02
10.500486 4.72249435e-02 8.22155664e-02 1.29440510e-01 5.26444636e-02 1.96707517e+00 2.63519440e+00 3.68181565e-02 1.740935e+00 1.339651e+00 8.236327e+00 1.249214e+01 -1.552186e-01 2.2174e-03 7.3481e-03 -5.5418e-05 0.03972 1.25836e-01 1.85136e-01 3.22795e-01 1.17264e-02
10.750497 4.85183247e-02 8.30540083e-02 1.31572333e-01 5.27840862e-02 2.01030688e+00 2.58805972e+00 3.67869328e-02 1.711807e+00 1.287395e+00 7.908856e+00 1.306873e+01 -1.120455e-01 2.2630e-03 7.3369e-03 -5.6700e-05 0.04029 1.25735e-01 1.80379e-01 3.14977e-01 1.17822e-02
11.000509 5.03555612e-02 8.32032041e-02 1.33558765e-01 5.28365050e-02 2.08793910e+00 2.56728940e+00 3.72418280e-02 1.652314e+00 1.229581e+00 7.357721e+00 1.317452e+01 -6.055262e-02 2.2872e-03 7.4977e-03 -5.7830e-05 0.04098 1.25731e-01 1.78501e-01 3.11015e-01 1.20413e-02
11.250520 5.23494294e-02 8.27952540e-02 1.35144683e-01 5.27740949e-02 2.19291791e+00 2.58169415e+00 3.81968965e-02 1.581588e+00 1.177287e+00 6.851940e+00 1.278192e+01 2.018713e-02 2.2418e-03 7.7619e-03 -5.8699e-05 0.04119 1.26424e-01 1.79484e-01 3.11416e-01 1.24568e-02
11.500532 5.40675994e-02 8.19951194e-02 1.36062719e-01 5.25401084e-02 2.32143399e+00 2.63632987e+00 3.96621109e-02 1.516530e+00 1.135647e+00 6.632310e+00 1.203137e+01 1.339025e-01 2.1551e-03 8.2457e-03 -5.9333e-05 0.04054 1.28951e-01 1.83177e-01 3.16199e-01 1.30049e-02
11.750543 5.51921998e-02 8.08664887e-02 1.36058689e-01 5.20576635e-02 2.47649665e+00 2.72232277e+00 4.15905553e-02 1.465180e+00 1.099264e+00 6.502388e+00 1.344092e+01 2.459633e-01 2.1289e-03 8.8528e-03 -5.9813e-05 0.03864 1.34175e-01 1.88985e-01 3.25680e-01 1.37723e-02
12.000555 5.55456874e-02 7.93885749e-02 1.34934262e-01 5.12625340e-02 2.64245512e+00 2.82575774e+00 4.37457029e-02 1.429248e+00 1.069368e+00 6.729373e+00 1.453132e+01 3.193416e-01 2.1231e-03 8.9664e-03 -6.0223e-05 0.03555 1.39770e-01 1.94988e-01 3.38656e-01 1.46479e-02
12.250567 5.50927353e-02 7.75450290e-02 1.32637764e-01 5.01718412e-02 2.76670354e+00 2.93893573e+00 4.56451142e-02 1.407536e+00 1.062252e+00 7.527338e+00 1.462608e+01 3.421901e-01 2.1774e-03 9.5693e-03 -6.0678e-05 0.03430 1.42659e-01 1.99116e-01 3.52787e-01 1.53232e-02
12.500578 5.39889264e-02 7.53836804e-02 1.29372607e-01 4.89205109e-02 2.80673110e+00 3.02110436e+00 4.66226837e-02 1.396280e+00 1.076378e+00 8.317851e+00 1.352469e+01 3.275811e-01 2.3394e-03 1.0032e-02 -6.1329e-05 0.03612 1.42155e-01 2.01742e-01 3.66586e-01 1.55609e-02
12.750590 5.25235636e-02 7.30362882e-02 1.25559852e-01 4.77013512e-02 2.77665191e+00 3.03365750e+00 4.64824753e-02 1.390543e+00 1.092560e+00 8.363130e+00 1.367119e+01 2.915147e-01 2.4982e-03 9.5209e-03 -6.2265e-05 0.03685 1.39915e-01 2.05913e-01 3.81985e-01 1.54291e-02
13.000601 5.09648319e-02 7.06759947e-02 1.21640827e-01 4.66779571e-02 2.71221998e+00 2.98012861e+00 4.55387887e-02 1.386760e+00 1.098778e+00 8.233652e+00 1.393422e+01 2.422818e-01 2.5271e-03 8.7753e-03 -6.3457e-05 0.03618 1.37670e-01 2.12327e-01 3.99979e-01 1.51144e-02
13.250613 4.94585152e-02 6.84907576e-02 1.17949273e-01 4.59491312e-02 2.63354893e+00 2.88649400e+00 4.41603435e-02 1.384812e+00 1.096047e+00 8.380506e+00 1.367977e+01 1.908459e-01 2.4724e-03 8.6646e-03 -6.4805e-05 0.03496 1.36435e-01 2.19040e-01 4.17696e-01 1.47364e-02
13.500624 4.80398992e-02 6.66650998e-02 1.14704999e-01 4.55617026e-02 2.54115084e+00 2.77437105e+00 4.25241752e-02 1.387703e+00 1.091777e+00 8.257533e+00 1.315105e+01 1.564656e-01 2.4632e-03 8.9648e-03 -6.6184e-05 0.03535 1.36035e-01 2.24980e-01 4.31677e-01 1.43316e-02
13.750636 4.67044087e-02 6.53479789e-02 1.12052388e-01 4.55316046e-02 2.42959266e+00 2.65714993e+00 4.06939408e-02 1.399182e+00 1.093661e+00 7.873227e+00 1.239696e+01 1.516795e-01 2.5085e-03 9.2422e-03 -6.7473e-05 0.03579 1.36232e-01 2.28932e-01 4.39988e-01 1.38997e-02
14.000647 4.54485119e-02 6.46216281e-02 1.10070140e-01 4.58429956e-02 2.30250046e+00 2.55361999e+00 3.88489636e-02 1.421865e+00 1.109064e+00 7.350553e+00 1.143084e+01 1.623537e-01 2.4746e-03 9.3918e-03 -6.8580e-05 0.03615 1.36612e-01 2.29156e-01 4.42465e-01 1.34765e-02
14.250659 4.43036487e-02 6.44475529e-02 1.08751202e-01 4.64493278e-02 2.17573266e+00 2.48176156e+00 3.72599537e-02 1.454678e+00 1.140656e+00 6.831972e+00 1.047262e+01 1.582554e-01 2.3250e-03 9.1433e-03 -6.9467e-05 0.03639 1.35795e-01 2.25937e-01 4.39774e-01 1.31042e-02
14.500671 4.33489955e-02 6.46648554e-02 1.08013851e-01 4.73052632e-02 2.07128271e+00 2.43782731e+00 3.60728802e-02 1.491727e+00 1.176965e+00 6.488239e+00 9.555936e+00 1.350765e-01 2.1505e-03 8.4491e-03 -7.0148e-05 0.03654 1.33484e-01 2.21557e-01 4.33410e-01 1.27938e-02
14.750682 4.26429259e-02 6.50971753e-02 1.07740101e-01 4.83811366e-02 2.00356408e+00 2.40645307e+00 3.52801372e-02 1.526564e+00 1.201086e+00 6.493413e+00 8.700121e+00 1.136627e-01 2.0066e-03 7.5758e-03 -7.0656e-05 0.03666 1.30704e-01 2.18009e-01 4.25061e-01 1.25069e-02
15.000694 4.21588470e-02 6.56470060e-02 1.07805853e-01 4.96477465e-02 1.96811083e+00 2.38163635e+00 3.47979774e-02 1.557135e+00 1.210113e+00 6.383106e+00 8.430680e+00 1.042086e-01 1.9185e-03 6.8366e-03 -7.1041e-05 0.03679 1.28451e-01 2.15984e-01 4.16445e-01 1.22260e-02
15.250705 4.18180543e-02 6.62836237e-02 1.08101678e-01 5.10630286e-02 1.94736200e+00 2.36687279e+00 3.45138784e-02 1.585048e+00 1.215425e+00 6.395873e+00 8.705211e+00 1.021746e-01 1.9103e-03 6.4070e-03 -7.1370e-05 0.03694 1.27210e-01 2.15456e-01 4.09400e-01 1.19576e-02
15.500717 4.15666362e-02 6.69779893e-02 1.08544625e-01 5.25769580e-02 1.92637735e+00 2.36508940e+00 3.43317340e-02 1.611340e+00 1.227739e+00 6.371902e+00 9.176086e+00 1.058982e-01 1.9621e-03 6.2735e-03 -7.1721e-05 0.03701 1.27112e-01 2.15898e-01 4.04660e-01 1.17327e-02
15.750728 4.14028525e-02 6.76781247e-02 1.09080977e-01 5.41356756e-02 1.90128751e+00 2.37041314e+00 3.41736052e-02 1.634625e+00 1.246741e+00 6.270881e+00 9.815708e+00 1.172930e-01 2.0163e-03 6.3286e-03 -7.2160e-05 0.03688 1.28102e-01 2.16410e-01 4.01720e-01 1.15682e-02
16.000740 4.13517969e-02 6.83378282e-02 1.09689625e-01 5.56752288e-02 1.87558404e+00 2.37027066e+00 3.39668375e-02 1.652596e+00 1.263751e+00 6.152065e+00 1.055147e+01 1.281646e-01 2.0291e-03 6.4374e-03 -7.2717e-05 0.03662 1.29944e-01 2.16355e-01 4.00034e-01 1.14251e-02
16.250752 4.14373572e-02 6.89390127e-02 1.10376370e-01 5.71227403e-02 1.85687281e+00 2.35584622e+00 3.37017522e-02 1.663692e+00 1.268717e+00 6.066611e+00 1.125826e+01 1.283266e-01 1.9755e-03 6.4469e-03 -7.3393e-05 0.03629 1.32076e-01 2.15552e-01 3.99257e-01 1.12799e-02
16.500763 4.16583739e-02 6.94917168e-02 1.11150091e-01 5.84115653e-02 1.85450243e+00 2.32866473e+00 3.34653373e-02 1.668133e+00 1.255682e+00 5.951215e+00 1.176884e+01 1.195703e-01 1.8818e-03 6.2527e-03 -7.4163e-05 0.03597 1.33824e-01 2.14214e-01 3.98950e-01 1.11611e-02
16.750775 4.19726841e-02 7.00279816e-02 1.12000666e-01 5.94912284e-02 1.87255685e+00 2.29976378e+00 3.33785650e-02 1.668418e+00 1.228141e+00 6.022836e+00 1.194608e+01 1.063378e-01 1.7998e-03 5.8660e-03 -7.4989e-05 0.03573 1.34877e-01 2.12843e-01 3.98744e-01 1.10982e-02
17.000786 4.23078327e-02 7.05880733e-02 1.12895906e-01 6.03273022e-02 1.90774702e+00 2.28180528e+00 3.35164184e-02 1.668440e+00 1.196073e+00 6.076009e+00 1.174226e+01 9.330544e-02 1.7534e-03 5.4047e-03 -7.5828e-05 0.03553 1.35326e-01 2.11924e-01 3.98495e-01 1.10992e-02
17.250798 4.25850879e-02 7.12101116e-02 1.13795200e-01 6.09005161e-02 1.95229691e+00 2.28101149e+00 3.38664672e-02 1.672184e+00 1.168373e+00 6.073743e+00 1.130984e+01 8.778325e-02 1.7375e-03 4.9977e-03 -7.6652e-05 0.03524 1.35378e-01 2.11746e-01 3.98354e-01 1.11248e-02
17.500809 4.27356441e-02 7.19318133e-02 1.14667457e-01 6.12097153e-02 1.99678020e+00 2.29653469e+00 3.43465191e-02 1.683181e+00 1.150119e+00 6.037654e+00 1.100423e+01 9.441448e-02 1.7397e-03 4.7170e-03 -7.7459e-05 0.03528 1.35198e-01 2.12401e-01 3.98744e-01 1.11652e-02
17.750821 4.27152676e-02 7.27849140e-02 1.15500182e-01 6.12738909e-02 2.03313500e+00 2.32443966e+00 3.48605972e-02 1.703955e+00 1.143279e+00 6.266802e+00 1.112789e+01 1.128679e-01 1.7666e-03 4.5935e-03 -7.8265e-05 0.03568 1.34901e-01 2.13763e-01 3.99951e-01 1.12232e-02
18.000832 4.25252290e-02 7.37719118e-02 1.16297141e-01 6.11223316e-02 2.05804925e+00 2.36038000e+00 3.53474340e-02 1.734780e+00 1.146902e+00 6.813757e+00 1.147874e+01 1.395722e-01 1.8267e-03 4.6528e-03 -7.9093e-05 0.03577 1.34636e-01 2.15589e-01 4.01759e-01 1.13017e-02
18.250844 4.22263317e-02 7.48437144e-02 1.17070046e-01 6.07760006e-02 2.07480662e+00 2.39959843e+00 3.57952403e-02 1.772442e+00 1.156541e+00 7.472026e+00 1.166362e+01 1.689894e-01 1.9057e-03 4.9189e-03 -7.9956e-05 0.03561 1.34624e-01 2.17652e-01 4.03579e-01 1.14081e-02
18.500856 4.19274080e-02 7.59034911e-02 1.17830899e-01 6.02358746e-02 2.09201338e+00 2.43530321e+00 3.62185327e-02 1.810355e+00 1.164095e+00 8.079155e+00 1.188576e+01 1.942089e-01 1.9845e-03 5.3960e-03 -8.0854e-05 0.03508 1.35101e-01 2.19771e-01 4.04958e-01 1.15540e-02
18.750867 4.17472350e-02 7.68399225e-02 1.18587157e-01 5.94886292e-02 2.11951535e+00 2.46000487e+00 3.66361617e-02 1.840599e+00 1.160645e+00 8.742300e+00 1.258996e+01 2.094044e-01 2.0550e-03 6.0667e-03 -8.1771e-05 0.03421 1.36170e-01 2.21717e-01 4.06003e-01 1.17330e-02
19.000879 4.17694293e-02 7.75675181e-02 1.19336947e-01 5.85216152e-02 2.16406954e+00 2.47021069e+00 3.70742418e-02 1.857040e+00 1.141465e+00 9.108039e+00 1.342043e+01 2.138266e-01 2.1164e-03 6.9259e-03 -8.2679e-05 0.03366 1.37677e-01 2.23045e-01 4.06971e-01 1.19509e-02
19.250890 4.20129908e-02 7.80523698e-02 1.20065361e-01 5.73305532e-02 2.22759117e+00 2.47002613e+00 3.75809384e-02 1.857815e+00 1.108833e+00 9.477069e+00 1.427720e+01 2.107686e-01 2.1654e-03 7.9824e-03 -8.3545e-05 0.03358 1.39100e-01 2.22914e-01 4.07202e-01 1.22230e-02
19.500902 4.24284779e-02 7.83156418e-02 1.20744120e-01 5.59190986e-02 2.30744311e+00 2.46962389e+00 3.82165360e-02 1.845827e+00 1.070286e+00 9.532864e+00 1.495956e+01 2.028061e-01 2.1965e-03 9.0229e-03 -8.4340e-05 0.03315 1.39419e-01 2.20626e-01 4.05493e-01 1.25397e-02
19.750913 4.29180844e-02 7.84205945e-02 1.21338679e-01 5.42967344e-02 2.39628887e+00 2.48010925e+00 3.90111849e-02 1.827216e+00 1.034979e+00 9.229971e+00 1.525616e+01 1.920316e-01 2.2175e-03 9.5994e-03 -8.5056e-05 0.03248 1.37587e-01 2.16020e-01 4.01366e-01 1.28472e-02
20.000925 4.33613351e-02 7.84620145e-02 1.21823350e-01 5.24765398e-02 2.48312120e+00 2.50960957e+00 3.99418462e-02 1.809493e+00 1.010667e+00 8.612914e+00 1.510797e+01 1.798989e-01 2.2616e-03 9.7848e-03 -8.5696e-05 0.03288 1.33589e-01 2.09113e-01 3.94930e-01 1.30788e-02
20.250937 4.36295184e-02 7.85676754e-02 1.22197194e-01 5.04782562e-02 2.55558424e+00 2.56127130e+00 4.09348444e-02 1.800792e+00 1.002225e+00 8.587292e+00 1.473078e+01 1.629691e-01 2.3268e-03 9.9277e-03 -8.6277e-05 0.03331 1.28312e-01 2.00438e-01 3.86344e-01 1.32103e-02
20.500948 4.36105128e-02 7.88896210e-02 1.22500134e-01 4.83398482e-02 2.59985674e+00 2.63109776e+00 4.18476360e-02 1.808959e+00 1.012016e+00 9.276513e+00 1.423596e+01 1.476252e-01 2.4395e-03 1.0034e-02 -8.6827e-05 0.03373 1.22866e-01 1.91302e-01 3.76222e-01 1.32638e-02
20.750960 4.32674190e-02 7.95640348e-02 1.22831454e-01 4.61353254e-02 2.60243697e+00 2.70631459e+00 4.24700125e-02 1.838890e+00 1.039916e+00 9.208376e+00 1.364826e+01 1.465670e-01 2.6081e-03 9.9637e-03 -8.7381e-05 0.03415 1.18152e-01 1.83375e-01 3.66339e-01 1.32746e-02
21.000971 4.26947726e-02 8.06490928e-02 1.23343865e-01 4.39869383e-02 2.55886963e+00 2.77466770e+00 4.26682986e-02 1.888969e+00 1.084333e+00 8.514071e+00 1.288569e+01 1.587374e-01 2.6853e-03 9.7002e-03 -8.7962e-05 0.03468 1.14440e-01 1.77806e-01 3.59039e-01 1.32657e-02
21.250983 4.21004675e-02 8.20883196e-02 1.24188787e-01 4.20404100e-02 2.48046200e+00 2.83162141e+00 4.24966673e-02 1.949820e+00 1.141570e+00 7.953827e+00 1.193335e+01 1.730946e-01 2.6570e-03 9.3687e-03 -8.8568e-05 0.03526 1.11479e-01 1.74665e-01 3.55206e-01 1.32535e-02
21.500994 4.17059241e-02 8.37544701e-02 1.25460394e-01 4.04159984e-02 2.38886169e+00 2.87344898e+00 4.20984854e-02 2.008215e+00 1.202853e+00 8.061737e+00 1.086147e+01 1.843101e-01 2.5906e-03 9.0960e-03 -8.9171e-05 0.03578 1.09022e-01 1.73248e-01 3.53400e-01 1.31992e-02
21.751006 4.16602684e-02 8.55144972e-02 1.27174766e-01 3.91785703e-02 2.30642848e+00 2.89689853e+00 4.16266161e-02 2.052663e+00 1.256011e+00 8.092310e+00 9.880808e+00 1.967076e-01 2.5430e-03 8.9038e-03 -8.9732e-05 0.03611 1.06964e-01 1.72691e-01 3.51146e-01 1.31084e-02
22.001017 4.20304232e-02 8.72340196e-02 1.29264443e-01 3.83341276e-02 2.25312740e+00 2.90298609e+00 4.12489079e-02 2.075497e+00 1.288425e+00 8.035293e+00 9.122318e+00 2.187024e-01 2.5365e-03 8.7303e-03 -9.0219e-05 0.03620 1.05281e-01 1.72367e-01 3.46757e-01 1.30013e-02
22.251029 4.28158583e-02 8.87699260e-02 1.31585784e-01 3.78413229e-02 2.24243927e+00 2.89496489e+00 4.10992332e-02 2.073295e+00 1.290989e+00 7.928626e+00 8.837071e+00 2.454627e-01 2.5289e-03 8.5351e-03 -9.0614e-05 0.03612 1.04235e-01 1.72207e-01 3.40853e-01 1.29333e-02
22.501041 4.39400953e-02 9.00132276e-02 1.33953323e-01 3.76298047e-02 2.27227270e+00 2.87382836e+00 4.11688085e-02 2.048544e+00 1.264737e+00 7.726055e+00 8.573298e+00 2.640653e-01 2.5220e-03 8.3507e-03 -9.0920e-05 0.03598 1.04612e-01 1.73000e-01 3.36117e-01 1.29863e-02
22.751052 4.52471348e-02 9.09430854e-02 1.36190220e-01 3.76054570e-02 2.32793169e+00 2.84212896e+00 4.13604852e-02 2.009919e+00 1.220882e+00 7.447801e+00 9.314787e+00 2.732248e-01 2.5078e-03 8.2444e-03 -9.1164e-05 0.03586 1.07053e-01 1.75688e-01 3.34556e-01 1.32035e-02
23.001064 4.65362109e-02 9.16202960e-02 1.38156507e-01 3.76330773e-02 2.39195515e+00 2.81853363e+00 4.16839102e-02 1.968796e+00 1.178339e+00 7.125258e+00 1.004146e+01 2.742254e-01 2.4518e-03 8.2690e-03 -9.1402e-05 0.03587 1.10956e-01 1.79295e-01 3.33711e-01 1.35140e-02
23.251075 4.76375289e-02 9.21038728e-02 1.39741402e-01 3.75430714e-02 2.44636779e+00 2.81767779e+00 4.21123646e-02 1.933431e+00 1.151780e+00 6.779695e+00 1.068020e+01 2.655023e-01 2.4344e-03 8.4393e-03 -9.1703e-05 0.03594 1.14881e-01 1.81668e-01 3.31954e-01 1.37914e-02
23.501087 4.84780493e-02 9.23865999e-02 1.40864649e-01 3.71549167e-02 2.47877308e+00 2.83646658e+00 4.25219173e-02 1.905741e+00 1.144303e+00 7.156988e+00 1.116189e+01 2.469100e-01 2.5129e-03 8.6115e-03 -9.2134e-05 0.03596 1.17357e-01 1.82451e-01 3.30042e-01 1.39601e-02
23.751098 4.90726967e-02 9.24051325e-02 1.41477829e-01 3.62975775e-02 2.48803037e+00 2.86695090e+00 4.28398502e-02 1.883025e+00 1.152297e+00 8.112291e+00 1.124239e+01 2.270400e-01 2.6293e-03 8.6879e-03 -9.2732e-05 0.03597 1.17870e-01 1.81956e-01 3.28057e-01 1.39134e-02
24.001110 4.94619869e-02 9.20879318e-02 1.41549919e-01 3.48367175e-02 2.48534381e+00 2.90207443e+00 4.30993460e-02 1.861792e+00 1.167675e+00 8.156313e+00 1.102110e+01 2.256008e-01 2.6756e-03 8.6455e-03 -9.3500e-05 0.03612 1.16922e-01 1.80657e-01 3.26907e-01 1.36176e-02
24.251122 4.96708139e-02 9.13752801e-02 1.41046094e-01 3.26917951e-02 2.48763473e+00 2.94064386e+00 4.34262288e-02 1.839617e+00 1.182104e+00 7.465730e+00 1.192828e+01 2.576492e-01 2.5493e-03 8.3973e-03 -9.4424e-05 0.03646 1.15551e-01 1.79626e-01 3.27710e-01 1.32050e-02
24.501133 4.97194230e-02 9.01920406e-02 1.39911464e-01 2.98369797e-02 2.50353455e+00 2.99402726e+00 4.39804945e-02 1.814020e+00 1.195920e+00 7.637351e+00 1.385442e+01 3.128698e-01 2.3527e-03 7.9695e-03 -9.5495e-05 0.03687 1.14321e-01 1.79603e-01 3.30541e-01 1.28662e-02
24.751145 4.96479371e-02 8.84444200e-02 1.38092357e-01 2.62974743e-02 2.52588832e+00 3.07162747e+00 4.47801263e-02 1.781432e+00 1.216058e+00 7.981069e+00 1.511180e+01 3.653034e-01 2.2627e-03 7.5220e-03 -9.6687e-05 0.03720 1.12997e-01 1.80363e-01 3.35243e-01 1.26259e-02
25.001156 4.95235376e-02 8.60732417e-02 1.35596779e-01 2.21532091e-02 2.53952053e+00 3.16679930e+00 4.56505586e-02 1.738027e+00 1.247007e+00 8.190700e+00 1.532049e+01 3.958466e-01 2.2759e-03 7.2530e-03 -9.7930e-05 0.03753 1.11199e-01 1.81996e-01 3.42116e-01 1.24355e-02
25.251168 4.94055337e-02 8.31241310e-02 1.32529665e-01 1.75566101e-02 2.53445435e+00 3.26509677e+00 4.63964090e-02 1.682486e+00 1.288284e+00 8.161292e+00 1.455401e+01 3.992180e-01 2.3437e-03 7.2359e-03 -9.9130e-05 0.03803 1.08876e-01 1.85703e-01 3.51372e-01 1.23236e-02
25.501179 4.92722092e-02 7.98001996e-02 1.29072409e-01 1.27452058e-02 2.51144061e+00 3.35200549e+00 4.69075688e-02 1.619578e+00 1.334694e+00 8.398914e+00 1.324483e+01 3.804680e-01 2.4542e-03 7.5862e-03 -1.0020e-04 0.03896 1.07039e-01 1.92456e-01 3.63456e-01 1.22495e-02
25.751191 4.89726840e-02 7.64645687e-02 1.25437253e-01 8.01699503e-03 2.47756488e+00 3.42077791e+00 4.71867423e-02 1.561372e+00 1.380702e+00 9.397775e+00 1.173330e+01 3.471879e-01 2.6246e-03 8.4683e-03 -1.0107e-04 0.04081 1.07472e-01 2.00048e-01 3.78246e-01 1.20757e-02
26.001202 4.82673592e-02 7.35436453e-02 1.21811005e-01 3.65657141e-03 2.43946902e+00 3.47545770e+00 4.73194138e-02 1.523672e+00 1.424678e+00 9.730951e+00 1.047676e+01 3.097086e-01 2.9046e-03 9.5639e-03 -1.0171e-04 0.04254 1.10437e-01 2.04909e-01 3.93036e-01 1.17808e-02
26.251214 4.69541544e-02 7.13847044e-02 1.18338859e-01 -1.51194439e-04 2.39421730e+00 3.50600718e+00 4.72017958e-02 1.520306e+00 1.464365e+00 9.858624e+00 1.193843e+01 2.763348e-01 3.3109e-03 1.0022e-02 -1.0223e-04 0.04325 1.13176e-01 2.07122e-01 4.03974e-01 1.14566e-02
26.501226 4.49815075e-02 7.02069837e-02 1.15188491e-01 -3.36083414e-03 2.32670883e+00 3.48475848e+00 4.64917384e-02 1.560797e+00 1.497720e+00 9.483010e+00 1.338991e+01 2.496674e-01 3.5014e-03 9.5043e-03 -1.0279e-04 0.04294 1.12975e-01 2.08669e-01 4.09030e-01 1.11142e-02
26.751237 4.24468885e-02 7.01113229e-02 1.12558211e-01 -6.03337781e-03 2.22500192e+00 3.42280010e+00 4.51824162e-02 1.651742e+00 1.538336e+00 9.437522e+00 1.425006e+01 2.315676e-01 3.1301e-03 8.6159e-03 -1.0350e-04 0.04176 1.09724e-01 2.08425e-01 4.08739e-01 1.06258e-02
27.001249 3.95444276e-02 7.10211466e-02 1.10565574e-01 -8.24996235e-03 2.09497129e+00 3.36580441e+00 4.36862056e-02 1.795984e+00 1.606611e+00 9.234703e+00 1.473160e+01 2.241871e-01 2.7985e-03 7.9339e-03 -1.0436e-04 0.04010 1.04338e-01 2.04362e-01 4.05799e-01 9.97122e-03
27.251260 3.65516782e-02 7.26696123e-02 1.09221291e-01 -1.00306343e-02 1.95852725e+00 3.32432997e+00 4.22628578e-02 1.988133e+00 1.697362e+00 1.223922e+01 1.452978e+01 2.263481e-01 3.0672e-03 7.4935e-03 -1.0535e-04 0.03836 9.77297e-02 1.96726e-01 4.01320e-01 9.21050e-03
27.501272 3.38043756e-02 7.46943228e-02 1.08498698e-01 -1.13251827e-02 1.84542389e+00 3.28029503e+00 4.10057514e-02 2.209605e+00 1.777529e+00 1.567549e+01 1.420496e+01 2.407850e-01 3.2845e-03 7.2159e-03 -1.0643e-04 0.03688 9.07878e-02 1.86689e-01 3.94452e-01 8.52985e-03
27.751283 3.16206539e-02 7.67247474e-02 1.08345401e-01 -1.20614481e-02 1.77865482e+00 3.23252120e+00 4.00894082e-02 2.426412e+00 1.817397e+00 1.672321e+01 1.384027e+01 2.717659e-01 3.1239e-03 6.8728e-03 -1.0753e-04 0.03751 8.45870e-02 1.76306e-01 3.84538e-01 8.12196e-03
28.001295 3.02500479e-02 7.84029220e-02 1.08652970e-01 -1.21878222e-02 1.77158353e+00 3.19410053e+00 3.97254725e-02 2.591828e+00 1.802964e+00 1.625270e+01 1.309695e+01 3.142952e-01 2.7401e-03 6.3178e-03 -1.0851e-04 0.03730 8.05354e-02 1.67897e-01 3.71578e-01 8.14565e-03
28.251307 2.98394625e-02 7.94139115e-02 1.09253374e-01 -1.16966895e-02 1.82991988e+00 3.16835157e+00 3.99861716e-02 2.661372e+00 1.731415e+00 1.465293e+01 1.166089e+01 3.606280e-01 2.4607e-03 5.7078e-03 -1.0926e-04 0.03568 7.90407e-02 1.62145e-01 3.56440e-01 8.52816e-03
28.501318 3.03888746e-02 7.95655468e-02 1.09954421e-01 -1.06326066e-02 1.94520384e+00 3.14743978e+00 4.07411490e-02 2.618246e+00 1.618051e+00 1.237718e+01 9.590810e+00 3.919527e-01 2.4540e-03 5.3588e-03 -1.0970e-04 0.03573 7.93529e-02 1.58324e-01 3.40771e-01 9.10442e-03
28.751330 3.17355534e-02 7.88469545e-02 1.10582508e-01 -9.07969132e-03 2.09627149e+00 3.12150521e+00 4.17422136e-02 2.484499e+00 1.489075e+00 1.004279e+01 9.418436e+00 3.761695e-01 2.5184e-03 5.3342e-03 -1.0986e-04 0.03609 8.09227e-02 1.55600e-01 3.25665e-01 9.77454e-03
29.001341 3.35918268e-02 7.74136626e-02 1.11005489e-01 -7.12720850e-03 2.25725276e+00 3.08447252e+00 4.27338022e-02 2.304539e+00 1.366472e+00 8.419702e+00 9.165448e+00 3.196205e-01 2.5397e-03 5.5562e-03 -1.0986e-04 0.03617 8.35636e-02 1.53533e-01 3.12722e-01 1.04411e-02
29.251353 3.56593028e-02 7.54732897e-02 1.11132592e-01 -4.85834597e-03 2.41227379e+00 3.03016028e+00 4.35394726e-02 2.116511e+00 1.256143e+00 8.301149e+00 8.776260e+00 2.747462e-01 2.6382e-03 6.3643e-03 -1.0981e-04 0.03590 8.69939e-02 1.51690e-01 3.04985e-01 1.10559e-02
29.501364 3.77210046e-02 7.31980773e-02 1.10919082e-01 -2.38038921e-03 2.55708147e+00 2.94130473e+00 4.39870896e-02 1.940512e+00 1.150259e+00 7.548976e+00 8.925237e+00 2.502522e-01 2.8636e-03 7.9806e-03 -1.0983e-04 0.03621 9.17269e-02 1.50398e-01 3.04191e-01 1.16410e-02
29.751376 3.95529873e-02 7.08499962e-02 1.10402983e-01 2.04099732e-04 2.68689813e+00 2.80908463e+00 4.39678621e-02 1.791268e+00 1.045475e+00 7.430062e+00 1.045027e+01 2.336582e-01 2.9480e-03 9.3203e-03 -1.1002e-04 0.03715 9.65967e-02 1.51752e-01 3.07786e-01 1.21384e-02
30.001387 4.08482922e-02 6.88091880e-02 1.09657480e-01 2.78665160e-03 2.78525458e+00 2.69754842e+00 4.38624240e-02 1.684506e+00 9.685105e-01 6.981125e+00 1.211437e+01 2.157368e-01 2.7662e-03 8.5488e-03 -1.1044e-04 0.03770 9.80900e-02 1.55755e-01 3.09520e-01 1.23296e-02
30.251399 4.13711629e-02 6.73082645e-02 1.08679427e-01 5.18843921e-03 2.84428034e+00 2.67697802e+00 4.41700669e-02 1.626937e+00 9.411794e-01 6.370082e+00 1.227342e+01 2.130451e-01 2.7710e-03 8.4051e-03 -1.1092e-04 0.03782 9.81701e-02 1.59572e-01 3.06926e-01 1.21298e-02
30.501411 4.10558536e-02 6.63796180e-02 1.07435472e-01 7.21394892e-03 2.87787205e+00 2.71988737e+00 4.47820754e-02 1.616813e+00 9.451036e-01 7.213662e+00 1.136122e+01 2.546327e-01 2.9988e-03 9.0528e-03 -1.1126e-04 0.03735 9.81863e-02 1.59156e-01 3.00958e-01 1.17814e-02
30.751422 3.99650068e-02 6.60233393e-02 1.05988346e-01 8.74145399e-03 2.88789624e+00 2.76681294e+00 4.52376735e-02 1.652029e+00 9.580721e-01 6.862683e+00 1.088268e+01 3.202711e-01 3.1011e-03 9.1146e-03 -1.1143e-04 0.03648 9.70182e-02 1.53125e-01 2.92305e-01 1.15534e-02
31.001434 3.82790633e-02 6.62208182e-02 1.04499882e-01 9.76494524e-03 2.85946916e+00 2.80018286e+00 4.52772162e-02 1.729949e+00 9.792667e-01 7.660182e+00 1.114122e+01 3.725883e-01 3.0166e-03 8.4610e-03 -1.1155e-04 0.03591 9.33270e-02 1.44180e-01 2.81817e-01 1.14819e-02
31.251445 3.62410291e-02 6.69092383e-02 1.03150267e-01 1.03790691e-02 2.77897525e+00 2.83584462e+00 4.49185590e-02 1.846229e+00 1.020464e+00 9.364420e+00 1.126639e+01 3.995055e-01 2.8708e-03 7.4191e-03 -1.1172e-04 0.03471 8.85168e-02 1.36223e-01 2.72145e-01 1.14670e-02
31.501457 3.40578695e-02 6.80312409e-02 1.02089110e-01 1.07429349e-02 2.64857518e+00 2.88150747e+00 4.42406612e-02 1.997519e+00 1.087946e+00 1.105181e+01 1.093746e+01 4.012370e-01 2.7953e-03 7.0949e-03 -1.1195e-04 0.03467 8.53303e-02 1.30956e-01 2.65620e-01 1.14254e-02
31.751468 3.18880014e-02 6.95401567e-02 1.01428158e-01 1.10126917e-02 2.48625612e+00 2.92931830e+00 4.33245953e-02 2.180762e+00 1.178205e+00 1.272457e+01 1.030148e+01 3.736487e-01 2.8804e-03 7.6050e-03 -1.1221e-04 0.03539 8.39910e-02 1.27627e-01 2.62476e-01 1.13580e-02
32.001480 2.99072550e-02 7.13439720e-02 1.01251227e-01 1.12613671e-02 2.31061873e+00 2.95774237e+00 4.21468889e-02 2.385507e+00 1.280065e+00 1.294911e+01 9.319100e+00 3.187977e-01 3.2182e-03 7.8418e-03 -1.1247e-04 0.03541 8.36098e-02 1.25854e-01 2.63086e-01 1.13153e-02
32.251491 2.83202930e-02 7.33152710e-02 1.01635564e-01 1.14949905e-02 2.13485062e+00 2.94981581e+00 4.06773314e-02 2.588789e+00 1.381743e+00 1.205181e+01 8.987928e+00 2.612370e-01 3.4691e-03 7.4502e-03 -1.1274e-04 0.03501 8.38189e-02 1.26270e-01 2.67833e-01 1.12707e-02
32.501503 2.72825620e-02 7.53278413e-02 1.02610403e-01 1.16913120e-02 1.97983741e+00 2.91201174e+00 3.91347932e-02 2.761025e+00 1.470834e+00 1.070689e+01 9.036682e+00 2.201912e-01 3.3050e-03 6.7558e-03 -1.1302e-04 0.03434 8.46322e-02 1.29081e-01 2.74558e-01 1.12025e-02
32.751515 2.68260016e-02 7.72712091e-02 1.04097211e-01 1.18286423e-02 1.86526716e+00 2.86672880e+00 3.78559677e-02 2.880459e+00 1.536900e+00 9.697410e+00 8.773031e+00 2.021126e-01 2.9814e-03 6.2011e-03 -1.1330e-04 0.03357 8.61197e-02 1.33634e-01 2.80336e-01 1.11518e-02
33.001526 2.68761353e-02 7.90344907e-02 1.05910626e-01 1.18784886e-02 1.79922406e+00 2.83529136e+00 3.70761234e-02 2.940694e+00 1.575841e+00 8.256379e+00 8.819888e+00 2.053506e-01 2.7361e-03 6.0806e-03 -1.1357e-04 0.03290 8.85604e-02 1.39423e-01 2.85524e-01 1.11678e-02
33.251538 2.73128642e-02 8.05026770e-02 1.07815541e-01 1.17846278e-02 1.77925207e+00 2.82609718e+00 3.68427940e-02 2.947427e+00 1.588362e+00 8.490341e+00 9.607902e+00 2.315698e-01 2.5770e-03 6.8459e-03 -1.1386e-04 0.03351 9.26727e-02 1.45115e-01 2.89768e-01 1.13138e-02
33.501549 2.80061259e-02 8.15935747e-02 1.09599701e-01 1.14786509e-02 1.79279490e+00 2.83501495e+00 3.70224788e-02 2.913419e+00 1.581338e+00 9.621220e+00 1.101971e+01 2.710445e-01 2.5464e-03 8.5071e-03 -1.1419e-04 0.03444 9.78303e-02 1.48448e-01 2.91846e-01 1.15415e-02
33.751561 2.88296065e-02 8.22981590e-02 1.11127766e-01 1.09053568e-02 1.81780350e+00 2.85545563e+00 3.73860730e-02 2.854640e+00 1.570827e+00 1.061852e+01 1.251422e+01 3.013811e-01 2.6159e-03 9.0388e-03 -1.1467e-04 0.03441 1.00086e-01 1.49649e-01 2.90300e-01 1.17122e-02
34.001572 2.96762454e-02 8.26648153e-02 1.12341061e-01 1.00280767e-02 1.83316867e+00 2.89128589e+00 3.77956365e-02 2.785555e+00 1.577207e+00 1.124218e+01 1.353971e+01 3.136723e-01 2.6813e-03 8.7017e-03 -1.1536e-04 0.03336 9.86434e-02 1.50445e-01 2.86825e-01 1.17290e-02
34.251584 3.04821735e-02 8.27354691e-02 1.13217643e-01 8.83387898e-03 1.83055986e+00 2.93993979e+00 3.81639971e-02 2.714225e+00 1.606033e+00 1.135911e+01 1.402986e+01 3.138570e-01 2.7220e-03 8.8792e-03 -1.1617e-04 0.03260 9.64307e-02 1.51654e-01 2.83670e-01 1.15942e-02
34.501596 3.12399727e-02 8.25246407e-02 1.13764613e-01 7.33800348e-03 1.81431507e+00 2.98282555e+00 3.83771249e-02 2.641636e+00 1.644050e+00 1.102222e+01 1.381995e+01 3.101697e-01 2.7135e-03 8.9399e-03 -1.1698e-04 0.03454 9.41885e-02 1.51929e-01 2.80561e-01 1.13627e-02
34.751607 3.19798764e-02 8.20342670e-02 1.14014143e-01 5.57416645e-03 1.79506607e+00 3.00616486e+00 3.84098474e-02 2.565184e+00 1.674682e+00 1.042403e+01 1.299517e+01 3.111958e-01 2.6435e-03 8.4340e-03 -1.1770e-04 0.03590 9.14778e-02 1.50403e-01 2.77227e-01 1.10848e-02
35.001619 3.27422367e-02 8.12544847e-02 1.13996721e-01 3.59673556e-03 1.78342719e+00 3.01026189e+00 3.83495127e-02 2.481641e+00 1.687908e+00 9.788037e+00 1.181061e+01 3.227837e-01 2.5199e-03 7.5436e-03 -1.1832e-04 0.03673 8.84255e-02 1.47814e-01 2.74161e-01 1.07968e-02
35.251630 3.35686479e-02 8.01558174e-02 1.13724465e-01 1.48762015e-03 1.78547105e+00 3.00277098e+00 3.83059363e-02 2.387818e+00 1.681781e+00 9.062806e+00 1.045679e+01 3.415786e-01 2.3731e-03 6.6431e-03 -1.1889e-04 0.03749 8.53343e-02 1.45121e-01 2.71583e-01 1.05179e-02
35.501642 3.45115634e-02 7.86886287e-02 1.13200192e-01 -6.57295905e-04 1.80443059e+00 2.98779594e+00 3.83378122e-02 2.280066e+00 1.655811e+00 8.370467e+00 9.135638e+00 3.591370e-01 2.2863e-03 6.0112e-03 -1.1944e-04 0.03886 8.23389e-02 1.42792e-01 2.69702e-01 1.02424e-02
35.751653 3.56245675e-02 7.68072077e-02 1.12431775e-01 -2.75312348e-03 1.84567548e+00 2.96177155e+00 3.84595762e-02 2.156018e+00 1.604709e+00 8.828741e+00 9.206682e+00 3.601664e-01 2.3220e-03 5.7517e-03 -1.2000e-04 0.04043 7.95118e-02 1.40749e-01 2.72744e-01 9.96272e-03
36.001665 3.69094121e-02 7.45217928e-02 1.11431205e-01 -4.73506054e-03 1.91242940e+00 2.91364618e+00 3.86086046e-02 2.019046e+00 1.523531e+00 8.734208e+00 9.373307e+00 3.361028e-01 2.4705e-03 5.9026e-03 -1.2060e-04 0.04174 7.71163e-02 1.38479e-01 2.84469e-01 9.67309e-03
36.251676 3.82690522e-02 7.19515735e-02 1.10220626e-01 -6.56418783e-03 1.99881002e+00 2.83140955e+00 3.86417565e-02 1.880150e+00 1.416548e+00 8.294190e+00 9.550814e+00 3.049325e-01 2.6837e-03 6.4803e-03 -1.2122e-04 0.04268 7.58176e-02 1.37349e-01 2.96304e-01 9.40030e-03
36.501688 3.95242075e-02 6.93208129e-02 1.08845020e-01 -8.22768069e-03 2.08748013e+00 2.72326413e+00 3.84859541e-02 1.753882e+00 1.304570e+00 7.754436e+00 9.730231e+00 2.859782e-01 2.8491e-03 7.1308e-03 -1.2186e-04 0.04317 7.65316e-02 1.42169e-01 3.05097e-01 9.22981e-03
36.751700 4.04965890e-02 6.68630860e-02 1.07359675e-01 -9.70998858e-03 2.15362889e+00 2.62624769e+00 3.82390127e-02 1.651079e+00 1.219452e+00 7.746374e+00 9.852264e+00 2.819389e-01 2.8972e-03 7.7812e-03 -1.2249e-04 0.04317 7.97454e-02 1.52181e-01 3.13009e-01 9.22182e-03
37.001711 4.10920265e-02 6.47082554e-02 1.05800282e-01 -1.09858879e-02 2.18459652e+00 2.57225900e+00 3.80548441e-02 1.574716e+00 1.177453e+00 7.984086e+00 9.762771e+00 2.903882e-01 2.8455e-03 8.6334e-03 -1.2310e-04 0.04273 8.49301e-02 1.63128e-01 3.21530e-01 9.30845e-03
37.251723 4.13056173e-02 6.28775750e-02 1.04183192e-01 -1.20474825e-02 2.18753835e+00 2.55837321e+00 3.79672924e-02 1.522252e+00 1.169522e+00 8.093365e+00 9.602071e+00 3.080240e-01 2.7780e-03 9.1231e-03 -1.2367e-04 0.04187 9.14360e-02 1.73597e-01 3.31024e-01 9.44541e-03
37.501734 4.11749476e-02 6.13558096e-02 1.02530757e-01 -1.29044554e-02 2.17359140e+00 2.56508257e+00 3.79093917e-02 1.490125e+00 1.180113e+00 8.371397e+00 9.365332e+00 3.293223e-01 2.7825e-03 9.1149e-03 -1.2419e-04 0.04070 9.92294e-02 1.83283e-01 3.40933e-01 9.67927e-03
37.751746 4.07694343e-02 6.01160808e-02 1.00885515e-01 -1.35624739e-02 2.14863589e+00 2.57736578e+00 3.78080133e-02 1.474538e+00 1.199536e+00 8.473830e+00 9.829160e+00 3.475775e-01 2.8500e-03 9.0003e-03 -1.2465e-04 0.03919 1.07776e-01 1.91734e-01 3.50052e-01 9.99418e-03
38.001757 4.02031502e-02 5.91011730e-02 9.93043233e-02 -1.40153793e-02 2.11971125e+00 2.58695807e+00 3.76533545e-02 1.470063e+00 1.220429e+00 8.210293e+00 1.170619e+01 3.575857e-01 2.8227e-03 8.8130e-03 -1.2506e-04 0.03742 1.15694e-01 1.97699e-01 3.56789e-01 1.03379e-02
38.251769 3.95956630e-02 5.82397317e-02 9.78353947e-02 -1.42652089e-02 2.09638980e+00 2.59109114e+00 3.74998476e-02 1.470861e+00 1.235978e+00 7.542050e+00 1.284825e+01 3.585959e-01 2.6960e-03 8.4149e-03 -1.2542e-04 0.03542 1.21478e-01 1.99817e-01 3.60336e-01 1.06832e-02
38.501781 3.90207143e-02 5.74861289e-02 9.65068432e-02 -1.43506787e-02 2.08199786e+00 2.58917734e+00 3.73694016e-02 1.473221e+00 1.243602e+00 7.490730e+00 1.303257e+01 3.500346e-01 2.5781e-03 7.8110e-03 -1.2577e-04 0.03489 1.24187e-01 1.98387e-01 3.61596e-01 1.09881e-02
38.751792 3.85053189e-02 5.68304082e-02 9.53357271e-02 -1.43449043e-02 2.07242243e+00 2.58381637e+00 3.72499104e-02 1.475911e+00 1.246761e+00 7.216351e+00 1.232679e+01 3.361747e-01 2.4981e-03 7.2027e-03 -1.2612e-04 0.03501 1.24103e-01 1.95267e-01 3.62333e-01 1.11920e-02
39.001804 3.80524906e-02 5.62817353e-02 9.43342259e-02 -1.43199147e-02 2.06250784e+00 2.57792421e+00 3.71234564e-02 1.479055e+00 1.249898e+00 6.828997e+00 1.102760e+01 3.213746e-01 2.4544e-03 6.7765e-03 -1.2649e-04 0.03512 1.22392e-01 1.92148e-01 3.63355e-01 1.12949e-02
39.251815 3.76645764e-02 5.58601524e-02 9.35247288e-02 -1.43190112e-02 2.04866476e+00 2.56635297e+00 3.69201418e-02 1.483095e+00 1.252695e+00 6.957681e+00 9.581631e+00 3.046280e-01 2.4467e-03 6.4902e-03 -1.2684e-04 0.03524 1.20214e-01 1.89766e-01 3.64107e-01 1.13399e-02
39.501827 3.73536564e-02 5.56052440e-02 9.29589004e-02 -1.43518078e-02 2.02872240e+00 2.53934499e+00 3.65445390e-02 1.488616e+00 1.251697e+00 7.175707e+00 8.276543e+00 2.853332e-01 2.4574e-03 6.2490e-03 -1.2717e-04 0.03538 1.18189e-01 1.87768e-01 3.63616e-01 1.13559e-02
39.751838 3.71318000e-02 5.55842610e-02 9.27160610e-02 -1.44018189e-02 2.00104840e+00 2.49183439e+00 3.59430623e-02 1.496945e+00 1.245264e+00 7.246626e+00 7.499795e+00 2.646354e-01 2.4539e-03 6.1265e-03 -1.2749e-04 0.03549 1.16223e-01 1.84994e-01 3.61372e-01 1.13434e-02
40.001850 3.69960824e-02 5.58824051e-02 9.28784874e-02 -1.44404696e-02 1.96586185e+00 2.42868626e+00 3.51563849e-02 1.510495e+00 1.235431e+00 7.205496e+00 7.597881e+00 2.446444e-01 2.4044e-03 6.2630e-03 -1.2781e-04 0.03553 1.13754e-01 1.80553e-01 3.57642e-01 1.12847e-02
40.251861 3.69217541e-02 5.65761654e-02 9.34979195e-02 -1.44440921e-02 1.92589351e+00 2.36313702e+00 3.43122442e-02 1.532326e+00 1.227034e+00 7.154235e+00 7.898999e+00 2.267312e-01 2.3044e-03 6.5935e-03 -1.2815e-04 0.03620 1.10318e-01 1.74737e-01 3.53391e-01 1.11632e-02
40.501873 3.68679727e-02 5.77074050e-02 9.45753778e-02 -1.44074247e-02 1.88395227e+00 2.31091932e+00 3.35589728e-02 1.565245e+00 1.226634e+00 7.136493e+00 8.134243e+00 2.137351e-01 2.1844e-03 6.9674e-03 -1.2851e-04 0.03714 1.05894e-01 1.68757e-01 3.49715e-01 1.09722e-02
40.751885 3.67926496e-02 5.92707638e-02 9.60634134e-02 -1.43480919e-02 1.84138554e+00 2.28539497e+00 3.30142441e-02 1.610940e+00 1.241128e+00 7.081311e+00 8.178145e+00 2.106257e-01 2.0889e-03 7.3782e-03 -1.2892e-04 0.03771 1.00867e-01 1.63776e-01 3.47143e-01 1.07452e-02
41.001896 3.66690239e-02 6.12126814e-02 9.78817054e-02 -1.43012371e-02 1.79938376e+00 2.29448841e+00 3.27509774e-02 1.669329e+00 1.275152e+00 6.990432e+00 8.025054e+00 2.178696e-01 2.0384e-03 7.8867e-03 -1.2936e-04 0.03791 9.58128e-02 1.60281e-01 3.45602e-01 1.05100e-02
41.251908 3.65003346e-02 6.34367745e-02 9.99371091e-02 -1.43074551e-02 1.76047240e+00 2.33731732e+00 3.27823178e-02 1.737978e+00 1.327665e+00 6.865437e+00 7.755100e+00 2.276185e-01 2.0264e-03 8.4260e-03 -1.2985e-04 0.03781 9.13518e-02 1.58247e-01 3.44908e-01 1.03037e-02
41.501919 3.63264696e-02 6.58179367e-02 1.02144406e-01 -1.44014463e-02 1.72819957e+00 2.40378058e+00 3.30558412e-02 1.811845e+00 1.390916e+00 6.701350e+00 7.376857e+00 2.301107e-01 2.0337e-03 8.8363e-03 -1.3036e-04 0.03753 8.81397e-02 1.57766e-01 3.45066e-01 1.01894e-02
41.751931 3.62190137e-02 6.82217082e-02 1.04440722e-01 -1.46071479e-02 1.70608315e+00 2.47989507e+00 3.34878258e-02 1.883588e+00 1.453560e+00 6.505999e+00 6.861863e+00 2.227137e-01 2.0333e-03 9.0317e-03 -1.3087e-04 0.03713 8.68502e-02 1.59325e-01 3.46393e-01 1.01909e-02
42.001942 3.62740694e-02 7.05125325e-02 1.06786602e-01 -1.49383083e-02 1.69776915e+00 2.55356653e+00 3.40106854e-02 1.943883e+00 1.504072e+00 6.430478e+00 6.261415e+00 2.111728e-01 2.0087e-03 9.0649e-03 -1.3136e-04 0.03660 8.80215e-02 1.63436e-01 3.49339e-01 1.02874e-02
42.251954 3.66043881e-02 7.25520312e-02 1.09156419e-01 -1.53999675e-02 1.70710505e+00 2.61618203e+00 3.45862967e-02 1.982058e+00 1.532526e+00 6.449073e+00 6.832273e+00 2.002106e-01 1.9730e-03 9.0582e-03 -1.3178e-04 0.03596 9.18814e-02 1.70191e-01 3.54073e-01 1.04613e-02
42.501966 3.73178737e-02 7.42096952e-02 1.11527569e-01 -1.59879247e-02 1.73683005e+00 2.66209632e+00 3.51914110e-02 1.988583e+00 1.532733e+00 6.393912e+00 7.653549e+00 1.865691e-01 1.9656e-03 9.0957e-03 -1.3210e-04 0.03537 9.82965e-02 1.79141e-01 3.60186e-01 1.07254e-02
42.751977 3.84797986e-02 7.53932696e-02 1.13873068e-01 -1.66837575e-02 1.78716232e+00 2.68939127e+00 3.58124287e-02 1.959295e+00 1.504839e+00 6.370190e+00 8.482361e+00 1.648103e-01 2.0146e-03 9.1896e-03 -1.3232e-04 0.03508 1.06784e-01 1.89384e-01 3.66619e-01 1.11439e-02
43.001989 4.00783305e-02 7.60795538e-02 1.16157884e-01 -1.74471823e-02 1.85646626e+00 2.69961212e+00 3.64486271e-02 1.898272e+00 1.454167e+00 6.448546e+00 9.139004e+00 1.336515e-01 2.1125e-03 9.3344e-03 -1.3240e-04 0.03518 1.16524e-01 1.99686e-01 3.72146e-01 1.17599e-02
43.252000 4.20060324e-02 7.63337550e-02 1.18339787e-01 -1.82160519e-02 1.94304527e+00 2.69728847e+00 3.71226699e-02 1.817209e+00 1.388176e+00 6.648774e+00 9.574089e+00 9.633195e-02 2.2243e-03 9.5564e-03 -1.3236e-04 0.03599 1.26491e-01 2.08724e-01 3.76189e-01 1.25020e-02
43.502012 4.40658622e-02 7.63042257e-02 1.20370088e-01 -1.89181286e-02 2.04603010e+00 2.69223973e+00 3.79061587e-02 1.731595e+00 1.315836e+00 6.803336e+00 9.803554e+00 6.222860e-02 2.3187e-03 9.8941e-03 -1.3221e-04 0.03697 1.35707e-01 2.15506e-01 3.79437e-01 1.33553e-02
43.752023 4.60180140e-02 7.61662585e-02 1.22184273e-01 -1.94812878e-02 2.16404121e+00 2.69441469e+00 3.88676472e-02 1.655140e+00 1.245085e+00 6.867458e+00 9.871853e+00 4.867846e-02 2.4379e-03 1.0389e-02 -1.3200e-04 0.03792 1.43575e-01 2.19893e-01 3.82229e-01 1.42906e-02
44.002035 4.76526698e-02 7.60466615e-02 1.23699331e-01 -1.98361709e-02 2.28863553e+00 2.69999838e+00 3.99090713e-02 1.595853e+00 1.179742e+00 7.452637e+00 9.760191e+00 7.644288e-02 2.5865e-03 1.1075e-02 -1.3178e-04 0.03847 1.50000e-01 2.22995e-01 3.85498e-01 1.52033e-02
44.252046 4.88420496e-02 7.60072226e-02 1.24849272e-01 -1.99266084e-02 2.39799201e+00 2.69728030e+00 4.07621785e-02 1.556184e+00 1.124808e+00 7.943740e+00 9.495283e+00 1.474743e-01 2.6443e-03 1.1811e-02 -1.3163e-04 0.03840 1.54675e-01 2.25610e-01 3.89743e-01 1.59182e-02
44.502058 4.95377668e-02 7.60646784e-02 1.25602445e-01 -1.97252101e-02 2.46860426e+00 2.69802643e+00 4.13330455e-02 1.535489e+00 1.092936e+00 8.276352e+00 9.166180e+00 2.376027e-01 2.5453e-03 1.2650e-02 -1.3161e-04 0.03780 1.56600e-01 2.26051e-01 3.91683e-01 1.62833e-02
44.752070 4.97290352e-02 7.61524907e-02 1.25881526e-01 -1.92165465e-02 2.49178191e+00 2.73084111e+00 4.17809842e-02 1.531349e+00 1.095939e+00 8.399409e+00 9.600889e+00 3.197667e-01 2.4070e-03 1.3633e-02 -1.3177e-04 0.03675 1.55464e-01 2.23064e-01 3.89019e-01 1.63183e-02
45.002081 4.94437517e-02 7.61205439e-02 1.25564296e-01 -1.83491621e-02 2.47057382e+00 2.78913182e+00 4.20776451e-02 1.539538e+00 1.128941e+00 8.274609e+00 1.043320e+01 3.696170e-01 2.3761e-03 1.4276e-02 -1.3218e-04 0.03541 1.52192e-01 2.17990e-01 3.84879e-01 1.61173e-02
45.252093 4.87680741e-02 7.58583008e-02 1.24626375e-01 -1.70426818e-02 2.41630945e+00 2.85197980e+00 4.21463140e-02 1.555491e+00 1.180304e+00 8.004447e+00 1.156007e+01 3.800042e-01 2.3650e-03 1.3861e-02 -1.3288e-04 0.03600 1.47322e-01 2.12459e-01 3.83081e-01 1.56698e-02
45.502104 4.78193684e-02 7.53441862e-02 1.23163555e-01 -1.52366638e-02 2.34796709e+00 2.90871128e+00 4.20534270e-02 1.575600e+00 1.238821e+00 7.651709e+00 1.299808e+01 3.660472e-01 2.3652e-03 1.2642e-02 -1.3390e-04 0.03729 1.41986e-01 2.08651e-01 3.87734e-01 1.49997e-02
45.752116 4.67172629e-02 7.46084867e-02 1.21325750e-01 -1.29265509e-02 2.28158536e+00 2.95438282e+00 4.18877454e-02 1.597022e+00 1.294882e+00 7.391052e+00 1.456184e+01 3.451817e-01 2.4058e-03 1.1501e-02 -1.3514e-04 0.03811 1.37972e-01 2.08618e-01 3.99812e-01 1.42733e-02
46.002127 4.55941190e-02 7.36797320e-02 1.19273851e-01 -1.01910576e-02 2.22406004e+00 2.98736322e+00 4.16913861e-02 1.615992e+00 1.343203e+00 7.920407e+00 1.584109e+01 3.302957e-01 2.4431e-03 1.0736e-02 -1.3641e-04 0.03856 1.35956e-01 2.13184e-01 4.16413e-01 1.36691e-02
46.252139 4.45967922e-02 7.25564284e-02 1.17153221e-01 -7.17817269e-03 2.17814954e+00 3.00432741e+00 4.14598156e-02 1.626943e+00 1.379303e+00 8.231735e+00 1.662930e+01 3.320763e-01 2.4277e-03 1.0154e-02 -1.3753e-04 0.03897 1.36106e-01 2.22807e-01 4.33346e-01 1.32724e-02
46.502151 4.38424408e-02 7.12394355e-02 1.15081876e-01 -4.04982748e-03 2.14378625e+00 2.99692059e+00 4.11256547e-02 1.624897e+00 1.397957e+00 9.355718e+00 1.716558e+01 3.514721e-01 2.3817e-03 9.7400e-03 -1.3838e-04 0.03937 1.38545e-01 2.36581e-01 4.47671e-01 1.30656e-02
46.752162 4.33770602e-02 6.97775850e-02 1.13154645e-01 -9.37940113e-04 2.12096284e+00 2.95783675e+00 4.06303967e-02 1.608629e+00 1.394573e+00 1.018438e+01 1.764533e+01 3.781172e-01 2.3452e-03 9.5459e-03 -1.3895e-04 0.03947 1.42874e-01 2.51049e-01 4.57708e-01 1.29792e-02
47.002174 4.31733271e-02 6.82630240e-02 1.11436351e-01 2.06903365e-03 2.11456033e+00 2.88970303e+00 4.00341069e-02 1.581139e+00 1.366574e+00 1.060757e+01 1.798033e+01 4.021475e-01 2.3137e-03 9.4105e-03 -1.3926e-04 0.03915 1.48068e-01 2.61986e-01 4.62753e-01 1.29496e-02
47.252185 4.31525841e-02 6.67890498e-02 1.09941634e-01 4.92736238e-03 2.13101457e+00 2.80678204e+00 3.95023729e-02 1.547742e+00 1.317111e+00 1.055752e+01 1.804975e+01 4.237105e-01 2.2820e-03 9.1840e-03 -1.3942e-04 0.03842 1.52571e-01 2.67337e-01 4.63108e-01 1.30018e-02
47.502197 4.32031611e-02 6.54242409e-02 1.08627402e-01 7.62570595e-03 2.17136078e+00 2.72771607e+00 3.91926148e-02 1.514339e+00 1.256224e+00 1.045717e+01 1.781976e+01 4.481289e-01 2.2631e-03 8.8897e-03 -1.3950e-04 0.03730 1.55096e-01 2.67519e-01 4.59371e-01 1.31218e-02
47.752208 4.31845739e-02 6.42304260e-02 1.07415000e-01 1.01552162e-02 2.22696491e+00 2.66543660e+00 3.91392121e-02 1.487347e+00 1.196892e+00 1.012653e+01 1.734275e+01 4.711777e-01 2.2683e-03 8.6329e-03 -1.3960e-04 0.03582 1.55222e-01 2.63720e-01 4.51906e-01 1.32482e-02
48.002220 4.29412831e-02 6.32953160e-02 1.06236599e-01 1.24951729e-02 2.27956486e+00 2.62567794e+00 3.92419424e-02 1.473997e+00 1.151833e+00 9.409502e+00 1.669895e+01 4.796672e-01 2.3047e-03 8.4762e-03 -1.3976e-04 0.03441 1.53096e-01 2.56924e-01 4.41281e-01 1.33208e-02
48.252231 4.23535400e-02 6.27137461e-02 1.05067286e-01 1.46313495e-02 2.31022873e+00 2.61330661e+00 3.93882827e-02 1.480720e+00 1.131190e+00 8.475018e+00 1.595151e+01 4.707204e-01 2.3538e-03 8.4025e-03 -1.4003e-04 0.03351 1.48872e-01 2.47692e-01 4.28301e-01 1.32843e-02
48.502243 4.14011355e-02 6.25250721e-02 1.03926208e-01 1.65770982e-02 2.30736207e+00 2.63028393e+00 3.95011680e-02 1.510226e+00 1.139953e+00 8.584277e+00 1.516598e+01 4.551950e-01 2.3832e-03 8.3599e-03 -1.4044e-04 0.03276 1.42707e-01 2.36600e-01 4.14482e-01 1.30928e-02
48.752255 4.01926570e-02 6.26763363e-02 1.02868993e-01 1.83724650e-02 2.26724390e+00 2.67070551e+00 3.95035953e-02 1.559398e+00 1.177952e+00 8.675086e+00 1.436681e+01 4.434036e-01 2.3989e-03 8.3158e-03 -1.4098e-04 0.03189 1.34981e-01 2.24699e-01 4.01853e-01 1.27156e-02
49.002266 3.89446629e-02 6.30384683e-02 1.01983131e-01 2.00662900e-02 2.19590227e+00 2.71561181e+00 3.92921127e-02 1.618668e+00 1.236672e+00 8.699201e+00 1.354562e+01 4.319834e-01 2.4439e-03 8.2824e-03 -1.4163e-04 0.03040 1.26525e-01 2.13199e-01 3.91419e-01 1.21626e-02
49.252278 3.79133077e-02 6.34660938e-02 1.01379402e-01 2.16976753e-02 2.11054138e+00 2.73823630e+00 3.87902214e-02 1.673979e+00 1.297409e+00 8.479638e+00 1.268715e+01 4.094478e-01 2.5094e-03 8.3221e-03 -1.4233e-04 0.02910 1.18380e-01 2.02632e-01 3.82504e-01 1.15252e-02
49.502289 3.73030780e-02 6.38616962e-02 1.01164774e-01 2.32887491e-02 2.03253526e+00 2.72214552e+00 3.80374462e-02 1.711969e+00 1.339286e+00 8.027800e+00 1.184245e+01 3.698358e-01 2.5471e-03 8.4355e-03 -1.4301e-04 0.02863 1.11226e-01 1.92939e-01 3.73994e-01 1.09681e-02
49.752301 3.72041044e-02 6.41993965e-02 1.01403501e-01 2.48464270e-02 1.97751065e+00 2.67198985e+00 3.71960040e-02 1.725600e+00 1.351189e+00 7.525412e+00 1.118768e+01 3.151737e-01 2.5369e-03 8.5594e-03 -1.4365e-04 0.02861 1.05355e-01 1.84258e-01 3.65450e-01 1.05413e-02
49.999845 3.75761128e-02 6.45072308e-02 1.02083344e-01 2.63501083e-02 1.95112827e+00 2.60881176e+00 3.64795203e-02 1.716708e+00 1.337079e+00 7.342208e+00 1.085282e+01 2.528842e-01 2.5021e-03 8.6721e-03 -1.4424e-04 0.02890 1.01023e-01 1.77222e-01 3.57175e-01 1.02515e-02
