# tg_mhd (CUDA FP64)  tgc_noslip_cond_n192_re250_drive0.1_bdrive0.1  N=192 L=192 Re=250 Pm=1 u0=0.05 nu_lat=1.215944e-02 eta_lat=1.215944e-02 tau_f=0.536478 tau_m=0.548638 dt=8.224065e-04 fw=profile
# t E_V E_M E_T H_C Omega_V Omega_M eps EM/EV OmM/OmV j_max w_max skew divb/j divb_wall/j mass_drift umax_lat fw1 fw2 fw4 tau_wall
0.000000 1.22400748e-01 1.25000000e-01 2.47400748e-01 4.00834131e-20 2.66941395e+01 1.49945900e+00 2.25548788e-01 1.021236e+00 5.617184e-02 3.463243e+00 9.118036e+01 4.176534e-19 2.8424e-15 6.1549e-15 +0.0000e+00 0.04998 9.38890e-01 9.44354e-01 9.55503e-01 1.77452e-01
0.250012 1.11252913e-01 1.28945875e-01 2.40198788e-01 -2.15938831e-04 4.09404279e+00 1.67545648e+00 4.61559941e-02 1.159034e+00 4.092425e-01 4.149665e+00 2.173161e+01 9.865656e-02 9.0824e-04 3.8857e-03 -9.2162e-06 0.05112 6.36807e-01 7.00841e-01 7.54643e-01 3.46964e-02
0.500023 1.07064291e-01 1.32368777e-01 2.39433068e-01 -5.02041592e-04 3.13123391e+00 1.98688625e+00 4.09449613e-02 1.236349e+00 6.345378e-01 4.961206e+00 1.727171e+01 1.958017e-01 1.0445e-03 4.6623e-03 -1.9411e-05 0.04963 4.80600e-01 5.93551e-01 6.68957e-01 2.57941e-02
0.750035 1.04058329e-01 1.34243582e-01 2.38301911e-01 -6.97501004e-04 2.87856401e+00 2.40867470e+00 4.22979096e-02 1.290080e+00 8.367626e-01 5.595432e+00 1.627551e+01 3.138526e-01 1.1178e-03 5.0543e-03 -2.0921e-05 0.04981 3.75733e-01 5.02872e-01 6.03253e-01 2.22893e-02
1.000046 1.02266027e-01 1.33309024e-01 2.35575051e-01 -5.47149222e-04 2.88682170e+00 2.93342271e+00 4.65619553e-02 1.303551e+00 1.016143e+00 6.240506e+00 1.615258e+01 4.087083e-01 1.2665e-03 5.3318e-03 -1.2975e-05 0.04928 2.96484e-01 4.21747e-01 5.44899e-01 2.05837e-02
1.250058 1.01845247e-01 1.28577457e-01 2.30422704e-01 2.08955918e-04 3.06537560e+00 3.54045966e+00 5.28466820e-02 1.262479e+00 1.154984e+00 8.621744e+00 1.788534e+01 4.201457e-01 1.6533e-03 5.5326e-03 -5.0709e-06 0.04820 2.35877e-01 3.51977e-01 4.91045e-01 1.93558e-02
1.500069 1.02276234e-01 1.20341337e-01 2.22617571e-01 1.68648912e-03 3.25249704e+00 4.20154993e+00 5.96323758e-02 1.176630e+00 1.291792e+00 1.192721e+01 1.767465e+01 4.459993e-01 2.5422e-03 5.5338e-03 -4.3692e-06 0.04482 1.83221e-01 2.88118e-01 4.41008e-01 1.76415e-02
1.750081 1.02490441e-01 1.09993787e-01 2.12484228e-01 3.77173907e-03 3.37381957e+00 4.82036563e+00 6.55534816e-02 1.073210e+00 1.428756e+00 1.554893e+01 1.690613e+01 4.275579e-01 3.8465e-03 5.2885e-03 -1.2380e-05 0.04968 1.43053e-01 2.36451e-01 4.13161e-01 1.59197e-02
2.000092 1.01944458e-01 9.90328689e-02 2.00977327e-01 6.34651930e-03 3.39908784e+00 5.02928209e+00 6.74269595e-02 9.714395e-01 1.479598e+00 1.701331e+01 1.492972e+01 3.416763e-01 5.1397e-03 5.0250e-03 -2.2031e-05 0.05139 1.17163e-01 2.03523e-01 4.21509e-01 1.43856e-02
2.250104 1.00779697e-01 8.88465897e-02 1.89626286e-01 9.17109119e-03 3.39983073e+00 4.66130736e+00 6.44891047e-02 8.815922e-01 1.371041e+00 1.688472e+01 1.239961e+01 2.949363e-01 5.3687e-03 4.9920e-03 -2.8006e-05 0.05019 1.04674e-01 1.89360e-01 4.36903e-01 1.32924e-02
2.500116 9.92118894e-02 8.01563311e-02 1.79368221e-01 1.19459697e-02 3.37888276e+00 4.14707550e+00 6.02076661e-02 8.079307e-01 1.227351e+00 1.509131e+01 1.143807e+01 2.254694e-01 4.7172e-03 5.1272e-03 -2.8764e-05 0.05076 9.83738e-02 1.83310e-01 4.29216e-01 1.24709e-02
2.750127 9.73870889e-02 7.28327851e-02 1.70219874e-01 1.44994525e-02 3.33819152e+00 3.72685517e+00 5.65203736e-02 7.478690e-01 1.116429e+00 1.292963e+01 1.140904e+01 1.762573e-01 3.9815e-03 5.2648e-03 -2.8074e-05 0.05082 9.53913e-02 1.81804e-01 4.07869e-01 1.19681e-02
3.000139 9.52879730e-02 6.66758898e-02 1.61963863e-01 1.68216202e-02 3.27229950e+00 3.42367432e+00 5.35677906e-02 6.997304e-01 1.046259e+00 1.093901e+01 1.045256e+01 1.440663e-01 3.4706e-03 5.5956e-03 -2.8539e-05 0.05039 9.68232e-02 1.85102e-01 3.91029e-01 1.21240e-02
3.250150 9.27875967e-02 6.16299980e-02 1.54417595e-01 1.89065309e-02 3.17195067e+00 3.19834058e+00 5.09623300e-02 6.642051e-01 1.008320e+00 9.288180e+00 9.275060e+00 1.334373e-01 3.2862e-03 6.3165e-03 -3.0333e-05 0.04970 1.02074e-01 1.91636e-01 3.85161e-01 1.25066e-02
3.500162 8.97976838e-02 5.76575956e-02 1.47455279e-01 2.07050960e-02 3.06470551e+00 3.01024885e+00 4.85996349e-02 6.420833e-01 9.822310e-01 8.246933e+00 9.698991e+00 1.728208e-01 3.2592e-03 7.0242e-03 -3.0988e-05 0.04870 1.08559e-01 1.98479e-01 3.84932e-01 1.27268e-02
3.750173 8.63408993e-02 5.45956072e-02 1.40936507e-01 2.21819158e-02 2.97291986e+00 2.86028612e+00 4.66656478e-02 6.323261e-01 9.621134e-01 7.961306e+00 1.055586e+01 2.556525e-01 3.1933e-03 7.3468e-03 -2.9679e-05 0.04701 1.16159e-01 2.05290e-01 3.86503e-01 1.31342e-02
4.000185 8.25875046e-02 5.21263562e-02 1.34713861e-01 2.32897094e-02 2.86841842e+00 2.74527631e+00 4.49095578e-02 6.311652e-01 9.570697e-01 8.112989e+00 1.130987e+01 3.400015e-01 3.1127e-03 7.2568e-03 -2.7333e-05 0.04485 1.24042e-01 2.13283e-01 3.99672e-01 1.35380e-02
4.250197 7.88040436e-02 4.99280108e-02 1.28732054e-01 2.39788013e-02 2.73648145e+00 2.63383023e+00 4.29624934e-02 6.335717e-01 9.624879e-01 8.127266e+00 1.183368e+01 4.109376e-01 3.0297e-03 7.0489e-03 -2.6324e-05 0.04252 1.33049e-01 2.26458e-01 4.24733e-01 1.37808e-02
4.500208 7.52107529e-02 4.78195909e-02 1.23030344e-01 2.42764693e-02 2.62080663e+00 2.48679176e+00 4.08607872e-02 6.358079e-01 9.488650e-01 8.388182e+00 1.208646e+01 4.872469e-01 3.1105e-03 7.6313e-03 -2.7810e-05 0.04049 1.45733e-01 2.44929e-01 4.49958e-01 1.37988e-02
4.750220 7.18449480e-02 4.57645821e-02 1.17609530e-01 2.43511213e-02 2.56979874e+00 2.30290212e+00 3.89816069e-02 6.369910e-01 8.961410e-01 8.588245e+00 1.305058e+01 5.543175e-01 3.2474e-03 8.6816e-03 -3.1253e-05 0.03854 1.66907e-01 2.66770e-01 4.73111e-01 1.40283e-02
5.000231 6.86434393e-02 4.38072153e-02 1.12450655e-01 2.43975105e-02 2.54089875e+00 2.10984113e+00 3.72059190e-02 6.381850e-01 8.303523e-01 8.343229e+00 1.419262e+01 5.777998e-01 3.1708e-03 8.0882e-03 -3.4743e-05 0.03652 1.87649e-01 2.86563e-01 4.90761e-01 1.42721e-02
5.250243 6.55926189e-02 4.19754871e-02 1.07568106e-01 2.44942396e-02 2.48285554e+00 1.95295301e+00 3.54864684e-02 6.399422e-01 7.865754e-01 8.183808e+00 1.448780e+01 5.424949e-01 2.9696e-03 6.7586e-03 -3.7106e-05 0.03451 2.00702e-01 3.01920e-01 5.04984e-01 1.44114e-02
5.500254 6.27662423e-02 4.02046742e-02 1.02970916e-01 2.46268788e-02 2.38332861e+00 1.84415949e+00 3.38199048e-02 6.405461e-01 7.737747e-01 8.249310e+00 1.394712e+01 4.714685e-01 2.7900e-03 6.0464e-03 -3.8268e-05 0.03266 2.07097e-01 3.12003e-01 5.16379e-01 1.43322e-02
5.750266 6.02631940e-02 3.84076635e-02 9.86708575e-02 2.47629777e-02 2.26384550e+00 1.75444663e+00 3.21463370e-02 6.373320e-01 7.749851e-01 8.258437e+00 1.352317e+01 3.748468e-01 2.6769e-03 5.9924e-03 -3.8934e-05 0.03107 2.10039e-01 3.17914e-01 5.24246e-01 1.41534e-02
6.000277 5.81413170e-02 3.65595566e-02 9.47008736e-02 2.48953852e-02 2.13314181e+00 1.65903014e+00 3.03373756e-02 6.288051e-01 7.777402e-01 8.077889e+00 1.301264e+01 2.613032e-01 2.6098e-03 5.9111e-03 -3.9416e-05 0.03278 2.08721e-01 3.20080e-01 5.27481e-01 1.37242e-02
6.250289 5.64015370e-02 3.46994373e-02 9.11009743e-02 2.50316897e-02 2.00464302e+00 1.55301554e+00 2.84612686e-02 6.152215e-01 7.747093e-01 7.755827e+00 1.227392e+01 1.474801e-01 2.5654e-03 5.6816e-03 -3.9684e-05 0.03410 2.04716e-01 3.21203e-01 5.26949e-01 1.32536e-02
6.500301 5.50108810e-02 3.28950993e-02 8.79059803e-02 2.51776648e-02 1.88177261e+00 1.44037820e+00 2.65772065e-02 5.979744e-01 7.654369e-01 7.539300e+00 1.131033e+01 6.885389e-02 2.5205e-03 5.5003e-03 -3.9469e-05 0.03448 1.99008e-01 3.21683e-01 5.21843e-01 1.26778e-02
6.750312 5.39203044e-02 3.12219363e-02 8.51422407e-02 2.53258842e-02 1.76862931e+00 1.32766935e+00 2.47703893e-02 5.790386e-01 7.506770e-01 6.935841e+00 1.025519e+01 3.692195e-02 2.4584e-03 5.4903e-03 -3.8910e-05 0.03490 1.92724e-01 3.19675e-01 5.11368e-01 1.20021e-02
7.000324 5.30740999e-02 2.97542520e-02 8.28283520e-02 2.54654384e-02 1.66570403e+00 1.22236693e+00 2.31045677e-02 5.606172e-01 7.338440e-01 6.123035e+00 9.998810e+00 3.761657e-02 2.3976e-03 5.6533e-03 -3.8511e-05 0.03480 1.85260e-01 3.11507e-01 4.95771e-01 1.11986e-02
7.250335 5.24176494e-02 2.85572553e-02 8.09749047e-02 2.55905601e-02 1.57800779e+00 1.13139316e+00 2.16752076e-02 5.448023e-01 7.169757e-01 5.499743e+00 9.666720e+00 4.732600e-02 2.3544e-03 5.8784e-03 -3.8856e-05 0.03439 1.76486e-01 2.96981e-01 4.77958e-01 1.04161e-02
7.500347 5.19065358e-02 2.76742374e-02 7.95807732e-02 2.57070839e-02 1.50154925e+00 1.06025819e+00 2.04944595e-02 5.331552e-01 7.061095e-01 5.040721e+00 9.142192e+00 5.396856e-02 2.3149e-03 6.0489e-03 -4.0018e-05 0.03404 1.64274e-01 2.77430e-01 4.60126e-01 9.59158e-03
7.750358 5.15091170e-02 2.71184786e-02 7.86275956e-02 2.58284892e-02 1.43626496e+00 1.01128817e+00 1.95804250e-02 5.264792e-01 7.041098e-01 4.673274e+00 8.506726e+00 5.851591e-02 2.2633e-03 6.1288e-03 -4.1627e-05 0.03476 1.49443e-01 2.57049e-01 4.44190e-01 8.78453e-03
8.000370 5.12034647e-02 2.68733720e-02 7.80768367e-02 2.59718375e-02 1.38300285e+00 9.81669716e-01 1.89173805e-02 5.248350e-01 7.098103e-01 4.331386e+00 7.890437e+00 6.745853e-02 2.2123e-03 6.1713e-03 -4.3139e-05 0.03545 1.34684e-01 2.39882e-01 4.30607e-01 8.07970e-03
8.250382 5.09686514e-02 2.69026944e-02 7.78713458e-02 2.61484439e-02 1.34400972e+00 9.64871022e-01 1.84710460e-02 5.278283e-01 7.179048e-01 3.987206e+00 7.343639e+00 8.205414e-02 2.1788e-03 6.2961e-03 -4.4226e-05 0.03609 1.23434e-01 2.28312e-01 4.19552e-01 7.57656e-03
8.500393 5.07804363e-02 2.71651450e-02 7.79455813e-02 2.63613780e-02 1.31950661e+00 9.54019708e-01 1.81882106e-02 5.349530e-01 7.230124e-01 3.664247e+00 6.895442e+00 9.853164e-02 2.1734e-03 6.5877e-03 -4.4823e-05 0.03663 1.17553e-01 2.22042e-01 4.10951e-01 7.32042e-03
8.750405 5.06123381e-02 2.76217756e-02 7.82341137e-02 2.66091256e-02 1.30817083e+00 9.43688828e-01 1.80148773e-02 5.457518e-01 7.213804e-01 3.566972e+00 6.526372e+00 1.159917e-01 2.1879e-03 6.9807e-03 -4.5056e-05 0.03703 1.17346e-01 2.19914e-01 4.04739e-01 7.33054e-03
9.000416 5.04400249e-02 2.82384900e-02 7.86785149e-02 2.68933844e-02 1.30649252e+00 9.30766539e-01 1.78980725e-02 5.598429e-01 7.124163e-01 3.582285e+00 6.249917e+00 1.364961e-01 2.1857e-03 7.3064e-03 -4.5036e-05 0.03720 1.21774e-01 2.20925e-01 4.00546e-01 7.57427e-03
9.250428 5.02386313e-02 2.89900980e-02 7.92287292e-02 2.72218808e-02 1.30988901e+00 9.15754933e-01 1.78051515e-02 5.770479e-01 6.991088e-01 3.544245e+00 6.488391e+00 1.648930e-01 2.1531e-03 7.4790e-03 -4.4838e-05 0.03709 1.29037e-01 2.24218e-01 3.97499e-01 7.97651e-03
9.500439 4.99754490e-02 2.98613953e-02 7.98368443e-02 2.76042696e-02 1.31447310e+00 9.03362393e-01 1.77426839e-02 5.975213e-01 6.872430e-01 3.603204e+00 7.050386e+00 2.042172e-01 2.1013e-03 7.5585e-03 -4.4558e-05 0.03666 1.37079e-01 2.28673e-01 3.95023e-01 8.44413e-03
9.750451 4.96099397e-02 3.08364288e-02 8.04463685e-02 2.80432184e-02 1.32011615e+00 8.99526704e-01 1.77571428e-02 6.215776e-01 6.813997e-01 3.786030e+00 7.484972e+00 2.502948e-01 2.0342e-03 7.5276e-03 -4.4390e-05 0.03589 1.44917e-01 2.33541e-01 3.93430e-01 8.91553e-03
10.000462 4.91064420e-02 3.18857438e-02 8.09921858e-02 2.85278658e-02 1.32826124e+00 9.07463927e-01 1.78858013e-02 6.493190e-01 6.831969e-01 3.582842e+00 7.690000e+00 2.961868e-01 1.9689e-03 7.3027e-03 -4.4531e-05 0.03471 1.52135e-01 2.38471e-01 3.91840e-01 9.36613e-03
10.250474 4.84476722e-02 3.29647973e-02 8.14124695e-02 2.90285213e-02 1.34027601e+00 9.27586082e-01 1.81428967e-02 6.804207e-01 6.920859e-01 4.065098e+00 7.624654e+00 3.377353e-01 1.9282e-03 7.2296e-03 -4.5074e-05 0.03317 1.58636e-01 2.43504e-01 3.93790e-01 9.74810e-03
10.500486 4.76370006e-02 3.40195837e-02 8.16565843e-02 2.94991762e-02 1.35650488e+00 9.58792106e-01 1.85223759e-02 7.141420e-01 7.068107e-01 4.485034e+00 7.369408e+00 3.679991e-01 1.9065e-03 7.6246e-03 -4.5965e-05 0.03138 1.64488e-01 2.47410e-01 3.98097e-01 1.00431e-02
10.750497 4.66994415e-02 3.49930179e-02 8.16924594e-02 2.98920354e-02 1.37204998e+00 9.96767917e-01 1.89505432e-02 7.493241e-01 7.264808e-01 4.689396e+00 7.877779e+00 3.758453e-01 1.8632e-03 7.6202e-03 -4.7062e-05 0.03022 1.67572e-01 2.49732e-01 4.02008e-01 1.02209e-02
11.000509 4.56864156e-02 3.58287084e-02 8.15151239e-02 3.01740538e-02 1.37786407e+00 1.03766709e+00 1.93242493e-02 7.842311e-01 7.530983e-01 4.765444e+00 8.324678e+00 3.580368e-01 1.7974e-03 7.1826e-03 -4.8179e-05 0.02991 1.65949e-01 2.49713e-01 4.04076e-01 1.02034e-02
11.250520 4.46681330e-02 3.64720293e-02 8.11401623e-02 3.03317821e-02 1.37090656e+00 1.07899698e+00 1.95992283e-02 8.165112e-01 7.870682e-01 4.741325e+00 8.274269e+00 3.183084e-01 1.7493e-03 6.8102e-03 -4.9163e-05 0.02963 1.60637e-01 2.47562e-01 4.04449e-01 9.97913e-03
11.500532 4.37134104e-02 3.68778746e-02 8.05912850e-02 3.03622921e-02 1.35515023e+00 1.11696773e+00 1.97769436e-02 8.436284e-01 8.242390e-01 4.673331e+00 7.942998e+00 2.610881e-01 1.7294e-03 6.5783e-03 -4.9943e-05 0.02940 1.53623e-01 2.44083e-01 4.03371e-01 9.62574e-03
11.750543 4.28715723e-02 3.70229837e-02 7.98945560e-02 3.02620331e-02 1.33613013e+00 1.14739787e+00 1.98682240e-02 8.635789e-01 8.587471e-01 4.591140e+00 7.433849e+00 1.924115e-01 1.7415e-03 6.4718e-03 -5.0518e-05 0.02930 1.46445e-01 2.39858e-01 4.01103e-01 9.21747e-03
12.000555 4.21643067e-02 3.69128384e-02 7.90771450e-02 3.00254713e-02 1.31724918e+00 1.16795705e+00 1.98816498e-02 8.754523e-01 8.866637e-01 4.625025e+00 6.843330e+00 1.235698e-01 1.7895e-03 6.4901e-03 -5.0925e-05 0.02932 1.39889e-01 2.35257e-01 3.97978e-01 8.80406e-03
12.250567 4.15903097e-02 3.65775128e-02 7.81678226e-02 2.96498082e-02 1.29974107e+00 1.17887153e+00 1.98289007e-02 8.794720e-01 9.070049e-01 4.693549e+00 6.772787e+00 7.041662e-02 1.8562e-03 6.5773e-03 -5.1241e-05 0.02940 1.34350e-01 2.30730e-01 3.94361e-01 8.45418e-03
12.500578 4.11372660e-02 3.60589132e-02 7.71961792e-02 2.91386062e-02 1.28347620e+00 1.18178169e+00 1.97220631e-02 8.765510e-01 9.207663e-01 4.716737e+00 6.603083e+00 4.808377e-02 1.9148e-03 6.6658e-03 -5.1561e-05 0.02948 1.29865e-01 2.26557e-01 3.90365e-01 8.18358e-03
12.750590 4.07917085e-02 3.54006037e-02 7.61923122e-02 2.85029778e-02 1.26842523e+00 1.17758281e+00 1.95680643e-02 8.678382e-01 9.283817e-01 4.699055e+00 6.510067e+00 6.273637e-02 1.9767e-03 6.7273e-03 -5.1979e-05 0.02951 1.26138e-01 2.22652e-01 3.85747e-01 7.97485e-03
13.000601 4.05388831e-02 3.46495022e-02 7.51883853e-02 2.77596342e-02 1.25576927e+00 1.16481062e+00 1.93646391e-02 8.547227e-01 9.275674e-01 4.639980e+00 6.580822e+00 1.072481e-01 2.0687e-03 6.7737e-03 -5.2551e-05 0.02951 1.22835e-01 2.18789e-01 3.80269e-01 7.80513e-03
13.250613 4.03515848e-02 3.38682373e-02 7.42198220e-02 2.69277868e-02 1.24653211e+00 1.14184738e+00 1.91070359e-02 8.393286e-01 9.160192e-01 4.531164e+00 6.507689e+00 1.632795e-01 2.1483e-03 6.8365e-03 -5.3274e-05 0.02953 1.19777e-01 2.14781e-01 3.73973e-01 7.65703e-03
13.500624 4.01784057e-02 3.31426554e-02 7.33210611e-02 2.60310492e-02 1.23881743e+00 1.11297514e+00 1.88143406e-02 8.248873e-01 8.984174e-01 4.227697e+00 6.288203e+00 2.064785e-01 2.1262e-03 6.9372e-03 -5.4086e-05 0.02954 1.16805e-01 2.10299e-01 3.66832e-01 7.51922e-03
13.750636 3.99473389e-02 3.25680335e-02 7.25153724e-02 2.51033620e-02 1.22815775e+00 1.08950787e+00 1.85413250e-02 8.152742e-01 8.871074e-01 3.932217e+00 5.955837e+00 2.176733e-01 1.9645e-03 7.0691e-03 -5.4894e-05 0.02949 1.13702e-01 2.04814e-01 3.58407e-01 7.39428e-03
14.000647 3.95883971e-02 3.22195338e-02 7.18079309e-02 2.41872795e-02 1.21123512e+00 1.08140562e+00 1.83411259e-02 8.138631e-01 8.928123e-01 3.619205e+00 5.573714e+00 1.921533e-01 1.7480e-03 7.2054e-03 -5.5620e-05 0.02932 1.10407e-01 1.98105e-01 3.48417e-01 7.29391e-03
14.250659 3.90598222e-02 3.21307062e-02 7.11905284e-02 2.33205683e-02 1.18812823e+00 1.09001513e+00 1.82251468e-02 8.226025e-01 9.174221e-01 3.599568e+00 5.230233e+00 1.368392e-01 1.6160e-03 7.3210e-03 -5.6224e-05 0.02899 1.07177e-01 1.90700e-01 3.37554e-01 7.22855e-03
14.500671 3.83601938e-02 3.22910856e-02 7.06512794e-02 2.25281141e-02 1.16183904e+00 1.11000823e+00 1.81747782e-02 8.417863e-01 9.553890e-01 3.745504e+00 5.039375e+00 6.620623e-02 1.5784e-03 7.4092e-03 -5.6704e-05 0.02844 1.04414e-01 1.83614e-01 3.27279e-01 7.20041e-03
14.750682 3.75211003e-02 3.26577251e-02 7.01788253e-02 2.18284151e-02 1.13654508e+00 1.13483270e+00 1.81710222e-02 8.703829e-01 9.984933e-01 4.000338e+00 5.102582e+00 9.026874e-04 1.5791e-03 7.4774e-03 -5.7090e-05 0.02837 1.02430e-01 1.77788e-01 3.18948e-01 7.20615e-03
15.000694 3.65899521e-02 3.31719507e-02 6.97619029e-02 2.12416354e-02 1.11550289e+00 1.15971901e+00 1.82017752e-02 9.065863e-01 1.039638e+00 4.247834e+00 5.174631e+00 -3.834591e-02 1.5977e-03 7.5273e-03 -5.7433e-05 0.02966 1.01348e-01 1.73743e-01 3.13236e-01 7.24711e-03
15.250705 3.56187222e-02 3.37707580e-02 6.93894802e-02 2.07902231e-02 1.09977256e+00 1.18148736e+00 1.82500794e-02 9.481182e-01 1.074302e+00 4.480482e+00 5.300151e+00 -4.233974e-02 1.6245e-03 7.5473e-03 -5.7788e-05 0.03059 1.01079e-01 1.71467e-01 3.10236e-01 7.32241e-03
15.500717 3.46624688e-02 3.43927433e-02 6.90552122e-02 2.04947722e-02 1.08834108e+00 1.19617138e+00 1.82760997e-02 9.922185e-01 1.099078e+00 4.598587e+00 5.544074e+00 -1.821749e-02 1.6774e-03 7.5323e-03 -5.8208e-05 0.03074 1.01413e-01 1.70633e-01 3.09902e-01 7.38776e-03
15.750728 3.37779605e-02 3.49866698e-02 6.87646303e-02 2.03690621e-02 1.07904827e+00 1.19920401e+00 1.82260182e-02 1.035784e+00 1.111353e+00 5.075002e+00 5.776523e+00 1.535341e-02 1.8155e-03 7.5006e-03 -5.8725e-05 0.03020 1.02148e-01 1.70911e-01 3.11693e-01 7.41163e-03
16.000740 3.30169081e-02 3.55188111e-02 6.85357192e-02 2.04161992e-02 1.07026304e+00 1.18880561e+00 1.80725492e-02 1.075776e+00 1.110760e+00 5.726084e+00 5.829017e+00 3.575404e-02 2.0094e-03 7.4612e-03 -5.9339e-05 0.02916 1.03195e-01 1.72119e-01 3.14418e-01 7.40025e-03
16.250752 3.24153772e-02 3.59741059e-02 6.83894831e-02 2.06247531e-02 1.06271842e+00 1.16678134e+00 1.78359981e-02 1.109785e+00 1.097921e+00 5.599901e+00 5.715673e+00 2.904107e-02 2.1121e-03 7.4007e-03 -6.0019e-05 0.02791 1.04768e-01 1.74330e-01 3.17671e-01 7.38761e-03
16.500763 3.19825410e-02 3.63564858e-02 6.83390268e-02 2.09663171e-02 1.05936861e+00 1.13712443e+00 1.75719443e-02 1.136760e+00 1.073398e+00 4.768140e+00 5.781606e+00 2.897392e-03 2.0776e-03 7.3173e-03 -6.0707e-05 0.02662 1.07371e-01 1.77783e-01 3.22008e-01 7.43065e-03
16.750775 3.16965140e-02 3.66871725e-02 6.83836865e-02 2.13979609e-02 1.06269248e+00 1.10510829e+00 1.73424062e-02 1.157451e+00 1.039914e+00 4.388472e+00 6.183057e+00 -1.771694e-02 2.0380e-03 7.2229e-03 -6.1348e-05 0.02618 1.11240e-01 1.82378e-01 3.27820e-01 7.57719e-03
17.000786 3.15151063e-02 3.69942737e-02 6.85093800e-02 2.18696228e-02 1.07247040e+00 1.07600492e+00 1.71878025e-02 1.173858e+00 1.003296e+00 4.473662e+00 6.604971e+00 -1.389211e-02 2.0630e-03 7.1209e-03 -6.1899e-05 0.02680 1.15827e-01 1.87217e-01 3.34556e-01 7.75983e-03
17.250798 3.13960128e-02 3.72965561e-02 6.86925688e-02 2.23323519e-02 1.08628204e+00 1.05407304e+00 1.71228407e-02 1.187939e+00 9.703493e-01 4.545280e+00 7.033810e+00 1.225388e-02 2.0924e-03 7.0169e-03 -6.2346e-05 0.02733 1.20036e-01 1.90929e-01 3.40813e-01 7.90853e-03
17.500809 3.13135343e-02 3.75901320e-02 6.89036664e-02 2.27442433e-02 1.10137126e+00 1.04192955e+00 1.71464065e-02 1.200444e+00 9.460294e-01 4.498085e+00 7.439819e+00 4.544699e-02 2.0751e-03 6.9217e-03 -6.2696e-05 0.02766 1.22901e-01 1.92515e-01 3.45311e-01 7.99374e-03
17.750821 3.12643175e-02 3.78461400e-02 6.91104575e-02 2.30738542e-02 1.11601107e+00 1.03939506e+00 1.72432490e-02 1.210522e+00 9.313483e-01 4.354585e+00 7.779823e+00 7.370049e-02 2.0095e-03 6.8350e-03 -6.2980e-05 0.02772 1.24014e-01 1.91848e-01 3.47571e-01 8.02157e-03
18.000832 3.12603579e-02 3.80226625e-02 6.92830204e-02 2.33004427e-02 1.12988090e+00 1.04335566e+00 1.73858925e-02 1.216322e+00 9.234209e-01 4.157358e+00 8.012534e+00 9.658171e-02 1.9224e-03 6.7526e-03 -6.3233e-05 0.02754 1.23525e-01 1.89509e-01 3.47750e-01 8.02109e-03
18.250844 3.13144236e-02 3.80834188e-02 6.93978423e-02 2.34105929e-02 1.14344136e+00 1.04951276e+00 1.75436330e-02 1.216162e+00 9.178545e-01 3.962098e+00 8.101278e+00 1.219982e-01 1.8561e-03 6.6802e-03 -6.3496e-05 0.02711 1.21881e-01 1.86232e-01 3.46080e-01 8.00497e-03
18.500856 3.14274501e-02 3.80114630e-02 6.94389131e-02 2.33936828e-02 1.15706609e+00 1.05439493e+00 1.76916881e-02 1.209499e+00 9.112660e-01 4.016754e+00 8.032747e+00 1.579361e-01 1.8413e-03 6.6244e-03 -6.3796e-05 0.02651 1.19527e-01 1.82458e-01 3.42557e-01 7.96918e-03
18.750867 3.15811533e-02 3.78142257e-02 6.93953790e-02 2.32393608e-02 1.17104009e+00 1.05689768e+00 1.78235021e-02 1.197367e+00 9.025290e-01 4.414641e+00 7.811204e+00 2.074520e-01 1.8592e-03 6.5878e-03 -6.4152e-05 0.02593 1.16693e-01 1.78222e-01 3.36980e-01 7.90799e-03
19.000879 3.17325731e-02 3.75230542e-02 6.92556273e-02 2.29378563e-02 1.18591531e+00 1.05937901e+00 1.79623545e-02 1.182478e+00 8.933007e-01 4.612027e+00 7.490081e+00 2.690065e-01 1.8657e-03 6.5767e-03 -6.4562e-05 0.02584 1.13355e-01 1.73300e-01 3.29049e-01 7.82314e-03
19.250890 3.18134461e-02 3.71877939e-02 6.90012400e-02 2.24828890e-02 1.20156428e+00 1.06719225e+00 1.81500522e-02 1.168933e+00 8.881691e-01 4.598668e+00 7.187396e+00 3.375306e-01 1.8437e-03 6.5972e-03 -6.5017e-05 0.02647 1.09427e-01 1.67509e-01 3.18677e-01 7.73297e-03
19.500902 3.17444030e-02 3.68631591e-02 6.86075621e-02 2.18770275e-02 1.21527067e+00 1.08631764e+00 1.84127064e-02 1.161249e+00 8.938895e-01 4.480783e+00 7.023295e+00 4.031778e-01 1.7946e-03 6.6452e-03 -6.5499e-05 0.02707 1.05021e-01 1.60969e-01 3.06622e-01 7.65758e-03
19.750913 3.14650615e-02 3.65877496e-02 6.80528111e-02 2.11382990e-02 1.22140735e+00 1.12043780e+00 1.87347612e-02 1.162806e+00 9.173334e-01 4.314017e+00 6.827223e+00 4.527894e-01 1.7147e-03 6.7098e-03 -6.5990e-05 0.02735 1.00507e-01 1.54166e-01 2.94961e-01 7.60492e-03
20.000925 3.09636312e-02 3.63654767e-02 6.73291079e-02 2.03043155e-02 1.21427186e+00 1.16899763e+00 1.90661559e-02 1.174458e+00 9.627149e-01 4.128753e+00 6.569951e+00 4.783312e-01 1.6180e-03 6.7817e-03 -6.6480e-05 0.02685 9.63062e-02 1.47806e-01 2.86855e-01 7.56529e-03
20.250937 3.02857896e-02 3.61621576e-02 6.64479471e-02 1.94294915e-02 1.19179039e+00 1.22695375e+00 1.93499531e-02 1.194031e+00 1.029505e+00 4.316919e+00 6.228919e+00 4.804778e-01 1.5447e-03 6.8481e-03 -6.6961e-05 0.02571 9.27013e-02 1.42620e-01 2.84661e-01 7.52018e-03
20.500948 2.95181469e-02 3.59211285e-02 6.54392754e-02 1.85756953e-02 1.15661692e+00 1.28604342e+00 1.95412827e-02 1.216917e+00 1.111901e+00 4.439825e+00 5.817897e+00 4.634800e-01 1.5230e-03 6.8674e-03 -6.7438e-05 0.02608 8.98407e-02 1.39081e-01 2.88062e-01 7.45402e-03
20.750960 2.87590066e-02 3.55876768e-02 6.43466834e-02 1.78017603e-02 1.11435542e+00 1.33721831e+00 1.96125898e-02 1.237445e+00 1.199993e+00 4.509637e+00 5.581242e+00 4.312739e-01 1.5459e-03 6.7617e-03 -6.7918e-05 0.02638 8.78102e-02 1.37250e-01 2.95120e-01 7.36488e-03
21.000971 2.80930414e-02 3.51270698e-02 6.32201112e-02 1.71562924e-02 1.07110026e+00 1.37343510e+00 1.95562829e-02 1.250383e+00 1.282266e+00 4.728745e+00 5.670722e+00 3.874868e-01 1.5889e-03 6.4697e-03 -6.8407e-05 0.02640 8.66659e-02 1.37081e-01 3.04142e-01 7.27621e-03
21.250983 2.75779635e-02 3.45298058e-02 6.21077693e-02 1.66745328e-02 1.03175795e+00 1.39122917e+00 1.93838970e-02 1.252080e+00 1.348407e+00 4.793019e+00 5.784203e+00 3.376852e-01 1.6300e-03 6.0282e-03 -6.8906e-05 0.02619 8.64746e-02 1.38695e-01 3.14204e-01 7.21377e-03
21.500994 2.72410444e-02 3.38092212e-02 6.10502656e-02 1.63783749e-02 9.99398547e-01 1.39032775e+00 1.91178104e-02 1.241113e+00 1.391164e+00 5.052394e+00 5.793607e+00 2.915330e-01 1.6579e-03 5.5801e-03 -6.9404e-05 0.02582 8.73051e-02 1.42183e-01 3.24811e-01 7.18123e-03
21.751006 2.70808950e-02 3.29978739e-02 6.00787689e-02 1.62782572e-02 9.75460012e-01 1.37222514e+00 1.87814812e-02 1.218493e+00 1.406747e+00 5.182660e+00 5.691386e+00 2.615038e-01 1.6740e-03 5.2641e-03 -6.9887e-05 0.02636 8.91271e-02 1.47348e-01 3.35549e-01 7.17168e-03
22.001017 2.70719285e-02 3.21447552e-02 5.92166837e-02 1.63755502e-02 9.60091969e-01 1.33905739e+00 1.83931949e-02 1.187383e+00 1.394718e+00 5.181795e+00 5.997903e+00 2.574920e-01 1.6856e-03 5.1123e-03 -7.0340e-05 0.02671 9.17393e-02 1.53651e-01 3.45938e-01 7.16344e-03
22.251029 2.71703667e-02 3.13131840e-02 5.84835507e-02 1.66644118e-02 9.52021119e-01 1.29325943e+00 1.79622444e-02 1.152476e+00 1.358436e+00 5.020856e+00 6.398168e+00 2.802746e-01 1.7003e-03 5.0834e-03 -7.0752e-05 0.02685 9.48095e-02 1.60304e-01 3.55379e-01 7.13988e-03
22.501041 2.73223745e-02 3.05774189e-02 5.78997934e-02 1.71325736e-02 9.48496867e-01 1.23760886e+00 1.74888458e-02 1.119135e+00 1.304811e+00 4.740780e+00 6.765999e+00 3.193521e-01 1.7293e-03 5.1456e-03 -7.1115e-05 0.02721 9.79755e-02 1.66411e-01 3.63134e-01 7.08477e-03
22.751052 2.74741500e-02 3.00153496e-02 5.74894996e-02 1.77608814e-02 9.46043152e-01 1.17554276e+00 1.69726873e-02 1.092494e+00 1.242589e+00 4.896636e+00 7.086677e+00 3.588666e-01 1.7825e-03 5.2928e-03 -7.1431e-05 0.02775 1.00903e-01 1.71108e-01 3.68180e-01 6.99085e-03
23.001064 2.75816541e-02 2.96959278e-02 5.72775819e-02 1.85227119e-02 9.41417003e-01 1.11189936e+00 1.64265309e-02 1.076655e+00 1.181091e+00 5.071152e+00 7.357252e+00 3.872768e-01 1.8553e-03 5.5128e-03 -7.1708e-05 0.02808 1.03254e-01 1.73619e-01 3.68939e-01 6.85804e-03
23.251075 2.76190875e-02 2.96622160e-02 5.72813035e-02 1.93857866e-02 9.32137838e-01 1.05305680e+00 1.58815571e-02 1.073975e+00 1.129722e+00 5.197799e+00 7.600272e+00 4.021715e-01 1.9273e-03 5.7627e-03 -7.1962e-05 0.02819 1.04634e-01 1.73445e-01 3.64098e-01 6.68632e-03
23.501087 2.75867057e-02 2.99148977e-02 5.75016034e-02 2.03165614e-02 9.17355548e-01 1.00528100e+00 1.53810924e-02 1.084395e+00 1.095847e+00 5.217222e+00 7.847960e+00 4.067432e-01 1.9762e-03 5.9668e-03 -7.2210e-05 0.02814 1.04647e-01 1.70732e-01 3.54917e-01 6.47494e-03
23.751098 2.75152732e-02 3.04047454e-02 5.79200186e-02 2.12842549e-02 8.98822271e-01 9.72174569e-01 1.49679747e-02 1.105013e+00 1.081609e+00 5.141717e+00 8.095069e+00 4.023834e-01 1.9843e-03 6.0378e-03 -7.2469e-05 0.02801 1.03181e-01 1.66412e-01 3.44224e-01 6.23368e-03
24.001110 2.74625205e-02 3.10404790e-02 5.85029995e-02 2.22630184e-02 8.80627980e-01 9.53024019e-01 1.46692160e-02 1.130285e+00 1.082210e+00 5.006044e+00 8.257228e+00 3.883296e-01 1.9468e-03 5.9309e-03 -7.2751e-05 0.02791 1.00788e-01 1.62074e-01 3.34430e-01 6.00067e-03
24.251122 2.75000332e-02 3.17110481e-02 5.92110813e-02 2.32329263e-02 8.67807333e-01 9.43103898e-01 1.44872899e-02 1.153128e+00 1.086766e+00 4.864563e+00 8.241680e+00 3.677026e-01 1.8832e-03 5.6907e-03 -7.3057e-05 0.02788 9.86695e-02 1.59450e-01 3.27623e-01 5.84677e-03
24.501133 2.76924438e-02 3.23155607e-02 6.00080045e-02 2.41802009e-02 8.64641926e-01 9.35728698e-01 1.44029650e-02 1.166945e+00 1.082215e+00 4.786063e+00 8.039286e+00 3.438642e-01 1.8257e-03 5.4149e-03 -7.3379e-05 0.02793 9.80987e-02 1.59546e-01 3.25227e-01 5.83849e-03
24.751145 2.80745982e-02 3.27916157e-02 6.08662139e-02 2.50959051e-02 8.73071390e-01 9.24973468e-01 1.43843589e-02 1.168017e+00 1.059448e+00 4.826212e+00 7.676821e+00 3.118438e-01 1.7957e-03 5.1875e-03 -7.3710e-05 0.02806 9.98036e-02 1.62351e-01 3.27320e-01 5.93966e-03
25.001156 2.86371524e-02 3.31308234e-02 6.17679758e-02 2.59725715e-02 8.91357151e-01 9.08276815e-01 1.43970717e-02 1.156918e+00 1.018982e+00 5.020604e+00 7.216240e+00 2.633629e-01 1.7951e-03 5.0717e-03 -7.4041e-05 0.02821 1.03806e-01 1.67334e-01 3.32942e-01 6.11842e-03
25.251168 2.93315745e-02 3.33718515e-02 6.27034260e-02 2.67997641e-02 9.13889341e-01 8.87590239e-01 1.44118366e-02 1.137745e+00 9.712229e-01 5.250527e+00 6.699011e+00 1.996932e-01 1.8089e-03 5.1014e-03 -7.4367e-05 0.02836 1.09614e-01 1.73866e-01 3.40825e-01 6.36417e-03
25.501179 3.00958211e-02 3.35716917e-02 6.36675128e-02 2.75612802e-02 9.33662456e-01 8.67628960e-01 1.44103313e-02 1.115493e+00 9.292748e-01 5.272255e+00 6.136162e+00 1.322338e-01 1.8171e-03 5.2445e-03 -7.4684e-05 0.02847 1.16432e-01 1.81221e-01 3.49704e-01 6.65427e-03
25.751191 3.08832861e-02 3.37728524e-02 6.46561385e-02 2.82371114e-02 9.46506269e-01 8.52802750e-01 1.43944721e-02 1.093564e+00 9.010006e-01 4.899561e+00 5.557087e+00 7.137059e-02 1.8157e-03 5.4141e-03 -7.4989e-05 0.02857 1.23266e-01 1.88431e-01 3.58263e-01 6.94738e-03
26.001202 3.16710119e-02 3.39895819e-02 6.56605938e-02 2.88103337e-02 9.53216312e-01 8.45913393e-01 1.43930376e-02 1.073208e+00 8.874307e-01 4.192040e+00 5.860648e+00 2.180017e-02 1.8025e-03 5.5240e-03 -7.5283e-05 0.02871 1.29027e-01 1.94319e-01 3.65099e-01 7.20343e-03
26.251214 3.24460738e-02 3.42164044e-02 6.66624782e-02 2.92753511e-02 9.57657793e-01 8.48578206e-01 1.44498880e-02 1.054562e+00 8.860975e-01 3.395843e+00 6.142941e+00 -1.350364e-02 1.7532e-03 5.5347e-03 -7.5568e-05 0.02895 1.32826e-01 1.97909e-01 3.69124e-01 7.39619e-03
26.501226 3.31922032e-02 3.44409086e-02 6.76331118e-02 2.96429838e-02 9.63584369e-01 8.61651266e-01 1.46018851e-02 1.037620e+00 8.942147e-01 3.403104e+00 6.380269e+00 -3.227432e-02 1.6552e-03 5.4673e-03 -7.5849e-05 0.02930 1.34325e-01 1.98924e-01 3.70087e-01 7.52062e-03
26.751237 3.38898288e-02 3.46476348e-02 6.85374637e-02 2.99396281e-02 9.73386032e-01 8.84726789e-01 1.48649026e-02 1.022361e+00 9.089167e-01 3.481821e+00 6.563095e+00 -3.512309e-02 1.5438e-03 5.3758e-03 -7.6133e-05 0.02980 1.33863e-01 1.97989e-01 3.68715e-01 7.58764e-03
27.001249 3.45226772e-02 3.48176159e-02 6.93402931e-02 3.02020479e-02 9.88464121e-01 9.15079116e-01 1.52283459e-02 1.008543e+00 9.257586e-01 3.664271e+00 6.682591e+00 -2.551082e-02 1.4710e-03 5.2994e-03 -7.6427e-05 0.03040 1.32296e-01 1.96468e-01 3.66397e-01 7.63141e-03
27.251260 3.50812903e-02 3.49316481e-02 7.00129384e-02 3.04716200e-02 1.00957593e+00 9.47550232e-01 1.56570093e-02 9.957344e-01 9.385626e-01 3.816935e+00 6.721158e+00 -7.233813e-03 1.4500e-03 5.2487e-03 -7.6734e-05 0.03099 1.30703e-01 1.95986e-01 3.64274e-01 7.69643e-03
27.501272 3.55614499e-02 3.49772859e-02 7.05387358e-02 3.07885879e-02 1.03681496e+00 9.75949863e-01 1.61021186e-02 9.835731e-01 9.412961e-01 3.882866e+00 6.666917e+00 1.675019e-02 1.4657e-03 5.2275e-03 -7.7055e-05 0.03149 1.30085e-01 1.97706e-01 3.62672e-01 7.80588e-03
27.751283 3.59598477e-02 3.49548762e-02 7.09147239e-02 3.11851023e-02 1.06955788e+00 9.95219973e-01 1.65182228e-02 9.720530e-01 9.304966e-01 4.014201e+00 7.136735e+00 4.320217e-02 1.5100e-03 5.2362e-03 -7.7385e-05 0.03180 1.31102e-01 2.01740e-01 3.61552e-01 7.98153e-03
28.001295 3.62699233e-02 3.48786726e-02 7.11485959e-02 3.16776120e-02 1.10629924e+00 1.00324150e+00 1.68763259e-02 9.616418e-01 9.068446e-01 4.108195e+00 7.826403e+00 6.734574e-02 1.5704e-03 5.2787e-03 -7.7720e-05 0.03190 1.33831e-01 2.07164e-01 3.60679e-01 8.19194e-03
28.251307 3.64796237e-02 3.47735373e-02 7.12531609e-02 3.22613271e-02 1.14404491e+00 1.00125988e+00 1.71624383e-02 9.532318e-01 8.751928e-01 4.070188e+00 8.421408e+00 8.315521e-02 1.6279e-03 5.4309e-03 -7.8061e-05 0.03183 1.37636e-01 2.12491e-01 3.60028e-01 8.38028e-03
28.501318 3.65710813e-02 3.46724727e-02 7.12435540e-02 3.29110692e-02 1.17782990e+00 9.92814091e-01 1.73651519e-02 9.480844e-01 8.429181e-01 3.966373e+00 8.840324e+00 8.627458e-02 1.6731e-03 5.7551e-03 -7.8419e-05 0.03160 1.41231e-01 2.16060e-01 3.59424e-01 8.48339e-03
28.751330 3.65225140e-02 3.46167538e-02 7.11392678e-02 3.35906138e-02 1.20192529e+00 9.82350147e-01 1.74742035e-02 9.478196e-01 8.173138e-01 3.859728e+00 9.030334e+00 7.830794e-02 1.7023e-03 6.0652e-03 -7.8811e-05 0.03131 1.42986e-01 2.16688e-01 3.58626e-01 8.45821e-03
29.001341 3.63146078e-02 3.46510866e-02 7.09656943e-02 3.42653915e-02 1.21228024e+00 9.74267388e-01 1.74923810e-02 9.541914e-01 8.036652e-01 3.775268e+00 9.039193e+00 6.768859e-02 1.7142e-03 6.1595e-03 -7.9261e-05 0.03103 1.41757e-01 2.14554e-01 3.57791e-01 8.29171e-03
29.251353 3.59429528e-02 3.48084667e-02 7.07514195e-02 3.49086664e-02 1.20768991e+00 9.71652119e-01 1.74347362e-02 9.684365e-01 8.045543e-01 3.703432e+00 8.930810e+00 6.443192e-02 1.7072e-03 6.0852e-03 -7.9784e-05 0.03076 1.37569e-01 2.10872e-01 3.57204e-01 7.99772e-03
29.501364 3.54319157e-02 3.50920991e-02 7.05240148e-02 3.54990422e-02 1.18993519e+00 9.75143534e-01 1.73206298e-02 9.904093e-01 8.194930e-01 3.610126e+00 8.758220e+00 7.273307e-02 1.6768e-03 5.9879e-03 -8.0378e-05 0.03049 1.31392e-01 2.06798e-01 3.56914e-01 7.61841e-03
29.751376 3.48368127e-02 3.54695082e-02 7.03063209e-02 3.60169668e-02 1.16360097e+00 9.83016461e-01 1.71729394e-02 1.018162e+00 8.448055e-01 3.489865e+00 8.566823e+00 8.906495e-02 1.6297e-03 5.9429e-03 -8.1023e-05 0.03099 1.24582e-01 2.03022e-01 3.56831e-01 7.22540e-03
30.001387 3.42276176e-02 3.58871281e-02 7.01147457e-02 3.64449667e-02 1.13431521e+00 9.92345480e-01 1.70132855e-02 1.048485e+00 8.748410e-01 3.333549e+00 8.373106e+00 1.072854e-01 1.5859e-03 5.9358e-03 -8.1692e-05 0.03152 1.18453e-01 1.99963e-01 3.56926e-01 6.92328e-03
30.251399 3.36674905e-02 3.62936461e-02 6.99611366e-02 3.67702095e-02 1.10649572e+00 1.00028970e+00 1.68542833e-02 1.078003e+00 9.040159e-01 3.356858e+00 8.176472e+00 1.222251e-01 1.5579e-03 5.9203e-03 -8.2356e-05 0.03192 1.14006e-01 1.97942e-01 3.57213e-01 6.75536e-03
30.501411 3.32004927e-02 3.66557455e-02 6.98562382e-02 3.69873908e-02 1.08255784e+00 1.00488709e+00 1.66995594e-02 1.104072e+00 9.282526e-01 3.597393e+00 7.984320e+00 1.282694e-01 1.5417e-03 5.8721e-03 -8.2996e-05 0.03210 1.11782e-01 1.97126e-01 3.57586e-01 6.70933e-03
30.751422 3.28477151e-02 3.69637262e-02 6.98114414e-02 3.71004855e-02 1.06321692e+00 1.00541186e+00 1.65490303e-02 1.125306e+00 9.456319e-01 3.920008e+00 7.796753e+00 1.199932e-01 1.5283e-03 5.8048e-03 -8.3601e-05 0.03213 1.11814e-01 1.97406e-01 3.57766e-01 6.75204e-03
31.001434 3.26061315e-02 3.72318925e-02 6.98380240e-02 3.71220187e-02 1.04784636e+00 1.00247622e+00 1.64025806e-02 1.141868e+00 9.567015e-01 4.231038e+00 7.619729e+00 9.679079e-02 1.5155e-03 5.7458e-03 -8.4170e-05 0.03194 1.13685e-01 1.98366e-01 3.57438e-01 6.85267e-03
31.251445 3.24498939e-02 3.74953119e-02 6.99452057e-02 3.70700293e-02 1.03477770e+00 9.97849307e-01 1.62610161e-02 1.155483e+00 9.643127e-01 4.440491e+00 7.443035e+00 6.412227e-02 1.5052e-03 5.6991e-03 -8.4708e-05 0.03163 1.16672e-01 1.99422e-01 3.56402e-01 6.98190e-03
31.501457 3.23361419e-02 3.78027715e-02 7.01389134e-02 3.69644513e-02 1.02156548e+00 9.94062732e-01 1.61250257e-02 1.169056e+00 9.730778e-01 4.574040e+00 7.281671e+00 2.856073e-02 1.4975e-03 5.6425e-03 -8.5224e-05 0.03124 1.19951e-01 2.00036e-01 3.54525e-01 7.11627e-03
31.751468 3.22162886e-02 3.82064350e-02 7.04227236e-02 3.68243724e-02 1.00533066e+00 9.93866793e-01 1.59935796e-02 1.185935e+00 9.885969e-01 4.618272e+00 7.109811e+00 -6.947669e-03 1.4910e-03 5.5621e-03 -8.5723e-05 0.03076 1.22805e-01 1.99852e-01 3.51627e-01 7.24556e-03
32.001480 3.20515654e-02 3.87490752e-02 7.08006406e-02 3.66663956e-02 9.83852202e-01 9.99276345e-01 1.58650284e-02 1.208960e+00 1.015677e+00 4.628891e+00 6.910539e+00 -4.233319e-02 1.4830e-03 5.4667e-03 -8.6213e-05 0.03010 1.24779e-01 1.98737e-01 3.47582e-01 7.37724e-03
32.251491 3.18257961e-02 3.94537047e-02 7.12795008e-02 3.65038402e-02 9.56997047e-01 1.01062814e+00 1.57410015e-02 1.239677e+00 1.056041e+00 4.635684e+00 6.641411e+00 -7.699069e-02 1.4699e-03 5.3705e-03 -8.6699e-05 0.02924 1.25722e-01 1.96794e-01 3.42565e-01 7.49461e-03
32.501503 3.15477322e-02 4.03216162e-02 7.18693484e-02 3.63467465e-02 9.27020961e-01 1.02644345e+00 1.56277153e-02 1.278115e+00 1.107249e+00 4.557175e+00 6.295839e+00 -1.077460e-01 1.4519e-03 5.2855e-03 -8.7182e-05 0.02824 1.25754e-01 1.94331e-01 3.37173e-01 7.59281e-03
32.751515 3.12441610e-02 4.13380569e-02 7.25822179e-02 3.62026838e-02 8.97551598e-01 1.04398136e+00 1.55322636e-02 1.323065e+00 1.163144e+00 4.418267e+00 6.439232e+00 -1.288792e-01 1.4347e-03 5.2253e-03 -8.7666e-05 0.02723 1.25189e-01 1.91763e-01 3.32266e-01 7.67825e-03
33.001526 3.09501474e-02 4.24800985e-02 7.34302458e-02 3.60784103e-02 8.72307895e-01 1.06013427e+00 1.54595373e-02 1.372533e+00 1.215321e+00 4.333685e+00 6.631426e+00 -1.353952e-01 1.4225e-03 5.1954e-03 -8.8149e-05 0.02650 1.24424e-01 1.89443e-01 3.28634e-01 7.75626e-03
33.251538 3.07002099e-02 4.37226284e-02 7.44228383e-02 3.59820907e-02 8.54141637e-01 1.07262862e+00 1.54141620e-02 1.424180e+00 1.255797e+00 4.215209e+00 6.716339e+00 -1.292480e-01 1.4119e-03 5.1808e-03 -8.8630e-05 0.02617 1.23848e-01 1.87569e-01 3.26638e-01 7.83318e-03
33.501549 3.05234915e-02 4.50391208e-02 7.55626123e-02 3.59241552e-02 8.44446939e-01 1.08107984e+00 1.54042142e-02 1.475556e+00 1.280222e+00 4.067605e+00 6.688032e+00 -1.188706e-01 1.4013e-03 5.1493e-03 -8.9105e-05 0.02597 1.23786e-01 1.86274e-01 3.26164e-01 7.91701e-03
33.751561 3.04453971e-02 4.63955394e-02 7.68409365e-02 3.59151090e-02 8.43384603e-01 1.08710202e+00 1.54438930e-02 1.523893e+00 1.288975e+00 4.056129e+00 6.556291e+00 -1.097663e-01 1.3942e-03 5.0707e-03 -8.9566e-05 0.02581 1.24452e-01 1.85737e-01 3.26949e-01 8.01632e-03
34.001572 3.04906961e-02 4.77434782e-02 7.82341743e-02 3.59619427e-02 8.50779288e-01 1.09336568e+00 1.55531598e-02 1.565838e+00 1.285134e+00 4.088439e+00 6.350908e+00 -1.016450e-01 1.3960e-03 4.9398e-03 -9.0005e-05 0.02571 1.25890e-01 1.86088e-01 3.28768e-01 8.13624e-03
34.251584 3.06804365e-02 4.90212275e-02 7.97016640e-02 3.60655979e-02 8.66701801e-01 1.10237404e+00 1.57526067e-02 1.597801e+00 1.271918e+00 4.008513e+00 6.105448e+00 -9.310745e-02 1.4144e-03 4.7870e-03 -9.0416e-05 0.02571 1.27923e-01 1.87234e-01 3.31386e-01 8.27440e-03
34.501596 3.10217780e-02 5.01644498e-02 8.11862279e-02 3.62199122e-02 8.91444471e-01 1.11555491e+00 1.60559951e-02 1.617072e+00 1.251401e+00 3.944223e+00 5.857537e+00 -8.358774e-02 1.4532e-03 4.6707e-03 -9.0796e-05 0.02588 1.30225e-01 1.88860e-01 3.34530e-01 8.42585e-03
34.751607 3.14957461e-02 5.11213849e-02 8.26171311e-02 3.64112362e-02 9.25218489e-01 1.13316299e+00 1.64670518e-02 1.623120e+00 1.224752e+00 4.043235e+00 5.728653e+00 -7.185049e-02 1.5045e-03 4.6472e-03 -9.1149e-05 0.02603 1.32509e-01 1.90660e-01 3.37976e-01 8.58807e-03
35.001619 3.20515800e-02 5.18627638e-02 8.39143438e-02 3.66180210e-02 9.67618472e-01 1.15517040e+00 1.69823110e-02 1.618103e+00 1.193828e+00 4.036304e+00 5.973890e+00 -5.577957e-02 1.5530e-03 4.7296e-03 -9.1485e-05 0.02647 1.34709e-01 1.92615e-01 3.41577e-01 8.76312e-03
35.251630 3.26151723e-02 5.23785866e-02 8.49937589e-02 3.68106112e-02 1.01690661e+00 1.18192447e+00 1.75906486e-02 1.605958e+00 1.162274e+00 3.966254e+00 6.287403e+00 -3.371367e-02 1.5866e-03 4.8715e-03 -9.1825e-05 0.02706 1.36988e-01 1.95066e-01 3.45272e-01 8.94984e-03
35.501642 3.31086102e-02 5.26662919e-02 8.57749021e-02 3.69523585e-02 1.06971257e+00 1.21351477e+00 1.82658187e-02 1.590713e+00 1.134431e+00 4.144951e+00 7.077865e+00 -5.839071e-03 1.5996e-03 5.0027e-03 -9.2187e-05 0.02770 1.39586e-01 1.98442e-01 3.49262e-01 9.13917e-03
35.751653 3.34689099e-02 5.27220370e-02 8.61909469e-02 3.70023056e-02 1.12175140e+00 1.24891577e+00 1.89653373e-02 1.575254e+00 1.113362e+00 4.256646e+00 8.011652e+00 2.539558e-02 1.5916e-03 5.0921e-03 -9.2590e-05 0.02827 1.42604e-01 2.02766e-01 3.54332e-01 9.32153e-03
36.001665 3.36564652e-02 5.25410349e-02 8.61975001e-02 3.69185209e-02 1.16871935e+00 1.28623612e+00 1.96396438e-02 1.561098e+00 1.100552e+00 4.401180e+00 9.006569e+00 5.621693e-02 1.5681e-03 5.1645e-03 -9.3047e-05 0.02869 1.45790e-01 2.07373e-01 3.61780e-01 9.47959e-03
36.251676 3.36549692e-02 5.21238992e-02 8.57788684e-02 3.66634835e-02 1.20610298e+00 1.32368777e+00 2.02383260e-02 1.548773e+00 1.097492e+00 4.422764e+00 9.915629e+00 8.288284e-02 1.5383e-03 5.2218e-03 -9.3565e-05 0.02889 1.48341e-01 2.11472e-01 3.71798e-01 9.58813e-03
36.501688 3.34720958e-02 5.14803281e-02 8.49524238e-02 3.62151480e-02 1.22890899e+00 1.36065376e+00 2.07165020e-02 1.538007e+00 1.107205e+00 4.484486e+00 1.054470e+01 1.033909e-01 1.5081e-03 5.1636e-03 -9.4147e-05 0.02880 1.48952e-01 2.15345e-01 3.82352e-01 9.61978e-03
36.751700 3.31414077e-02 5.06253862e-02 8.37667940e-02 3.55802354e-02 1.23341707e+00 1.39780903e+00 2.10498088e-02 1.527557e+00 1.133282e+00 4.674702e+00 1.071173e+01 1.182496e-01 1.4884e-03 5.0100e-03 -9.4785e-05 0.02840 1.46831e-01 2.20071e-01 3.91735e-01 9.55064e-03
37.001711 3.27159474e-02 4.95754620e-02 8.22914094e-02 3.47960811e-02 1.22039552e+00 1.43401527e+00 2.12352863e-02 1.515330e+00 1.175041e+00 5.281848e+00 1.037682e+01 1.289868e-01 1.5023e-03 5.1445e-03 -9.5457e-05 0.02771 1.42728e-01 2.25451e-01 3.99676e-01 9.37216e-03
37.251723 3.22510287e-02 4.83551479e-02 8.06061766e-02 3.39149630e-02 1.19536605e+00 1.46317084e+00 2.12682952e-02 1.499337e+00 1.224036e+00 5.711549e+00 9.687497e+00 1.368880e-01 1.5476e-03 5.6708e-03 -9.6124e-05 0.02687 1.37971e-01 2.29914e-01 4.05867e-01 9.10018e-03
37.501734 3.17872674e-02 4.70097897e-02 7.87970571e-02 3.29848941e-02 1.16466370e+00 1.47771302e+00 2.11390137e-02 1.478887e+00 1.268789e+00 5.940372e+00 8.858059e+00 1.439165e-01 1.5928e-03 6.2162e-03 -9.6756e-05 0.02644 1.33222e-01 2.32161e-01 4.09792e-01 8.77261e-03
37.751746 3.13445557e-02 4.56070271e-02 7.69515827e-02 3.20420745e-02 1.13208398e+00 1.47427073e+00 2.08508377e-02 1.455022e+00 1.302263e+00 5.886405e+00 8.040112e+00 1.531115e-01 1.6163e-03 6.5829e-03 -9.7335e-05 0.02633 1.28702e-01 2.31877e-01 4.11328e-01 8.43247e-03
38.001757 3.09266647e-02 4.42254113e-02 7.51520760e-02 3.11142503e-02 1.09878440e+00 1.45463445e+00 2.04273508e-02 1.430009e+00 1.323858e+00 5.654884e+00 7.223600e+00 1.666432e-01 1.6144e-03 6.7835e-03 -9.7862e-05 0.02618 1.24567e-01 2.29401e-01 4.10761e-01 8.12799e-03
38.251769 3.05297159e-02 4.29398609e-02 7.34695768e-02 3.02263908e-02 1.06483745e+00 1.42377096e+00 1.99088673e-02 1.406494e+00 1.337078e+00 5.330672e+00 7.024536e+00 1.838302e-01 1.5912e-03 6.8721e-03 -9.8349e-05 0.02604 1.20915e-01 2.25264e-01 4.08522e-01 7.88189e-03
38.501781 3.01491058e-02 4.18108861e-02 7.19599919e-02 2.94032709e-02 1.03040932e+00 1.38763992e+00 1.93443939e-02 1.386804e+00 1.346688e+00 5.129322e+00 6.749381e+00 2.008170e-01 1.5562e-03 6.9110e-03 -9.8809e-05 0.02587 1.17754e-01 2.20029e-01 4.05054e-01 7.68625e-03
38.751792 2.97837157e-02 4.08798660e-02 7.06635817e-02 2.86690867e-02 9.95827316e-01 1.35131884e+00 1.87771692e-02 1.372558e+00 1.356981e+00 5.055029e+00 6.393756e+00 2.104382e-01 1.5252e-03 6.9672e-03 -9.9257e-05 0.02565 1.15074e-01 2.14350e-01 4.00803e-01 7.51797e-03
39.001804 2.94388119e-02 4.01695172e-02 6.96083291e-02 2.80465444e-02 9.61208797e-01 1.31787524e+00 1.82326723e-02 1.364509e+00 1.371060e+00 4.964605e+00 6.019991e+00 2.034542e-01 1.5050e-03 7.0760e-03 -9.9703e-05 0.02532 1.12927e-01 2.08995e-01 3.96150e-01 7.38096e-03
39.251815 2.91272253e-02 3.96871165e-02 6.88143418e-02 2.75553708e-02 9.27120914e-01 1.28829687e+00 1.77233423e-02 1.362544e+00 1.389567e+00 4.868903e+00 5.895718e+00 1.781026e-01 1.4910e-03 7.2222e-03 -1.0015e-04 0.02487 1.11416e-01 2.04608e-01 3.91218e-01 7.28863e-03
39.501827 2.88660248e-02 3.94296730e-02 6.82956978e-02 2.72098328e-02 8.95544231e-01 1.26177143e+00 1.72585253e-02 1.365954e+00 1.408944e+00 4.771311e+00 5.716374e+00 1.453842e-01 1.4951e-03 7.3762e-03 -1.0061e-04 0.02428 1.10629e-01 2.01421e-01 3.85789e-01 7.22728e-03
39.751838 2.86705724e-02 3.93901547e-02 6.80607271e-02 2.70177812e-02 8.68948122e-01 1.23652225e+00 1.68437629e-02 1.373888e+00 1.423010e+00 4.685953e+00 5.466373e+00 1.150296e-01 1.5193e-03 7.5262e-03 -1.0107e-04 0.02405 1.10599e-01 1.99259e-01 3.79574e-01 7.19145e-03
40.001850 2.85512491e-02 3.95610360e-02 6.81122851e-02 2.69816320e-02 8.48835989e-01 1.21123157e+00 1.64805405e-02 1.385615e+00 1.426932e+00 4.611747e+00 5.406368e+00 8.664432e-02 1.5394e-03 7.6637e-03 -1.0154e-04 0.02559 1.11298e-01 1.97780e-01 3.72576e-01 7.18878e-03
40.251861 2.85117680e-02 3.99352391e-02 6.84470071e-02 2.70981614e-02 8.35647962e-01 1.18571044e+00 1.61708672e-02 1.400658e+00 1.418911e+00 4.546588e+00 5.566134e+00 5.733209e-02 1.5415e-03 7.7691e-03 -1.0201e-04 0.02713 1.12614e-01 1.96678e-01 3.65200e-01 7.22143e-03
40.501873 2.85456098e-02 4.05079461e-02 6.90535559e-02 2.73564993e-02 8.29115022e-01 1.16082282e+00 1.59195027e-02 1.419060e+00 1.400075e+00 4.482745e+00 5.614933e+00 2.839704e-02 1.5330e-03 7.8144e-03 -1.0248e-04 0.02854 1.14346e-01 1.95799e-01 3.58061e-01 7.30448e-03
40.751885 2.86334865e-02 4.12774944e-02 6.99109809e-02 2.77367846e-02 8.28323484e-01 1.13849671e+00 1.57345615e-02 1.441581e+00 1.374459e+00 4.418206e+00 5.545535e+00 5.064482e-03 1.5263e-03 7.7732e-03 -1.0295e-04 0.02970 1.16208e-01 1.95063e-01 3.51594e-01 7.41677e-03
41.001896 2.87468851e-02 4.22407260e-02 7.09876111e-02 2.82110006e-02 8.31893984e-01 1.12168367e+00 1.56286212e-02 1.469402e+00 1.348349e+00 4.351223e+00 5.403735e+00 -6.247956e-03 1.5172e-03 7.6266e-03 -1.0341e-04 0.03050 1.17798e-01 1.94243e-01 3.45689e-01 7.50661e-03
41.251908 2.88571712e-02 4.33835637e-02 7.22407349e-02 2.87456335e-02 8.38512747e-01 1.11363248e+00 1.56171618e-02 1.503389e+00 1.328104e+00 4.282955e+00 5.310215e+00 -1.102832e-03 1.4931e-03 7.3672e-03 -1.0386e-04 0.03095 1.18628e-01 1.92848e-01 3.39669e-01 7.55108e-03
41.501919 2.89444330e-02 4.46736448e-02 7.36180778e-02 2.93049121e-02 8.47456917e-01 1.11638596e+00 1.57107430e-02 1.543428e+00 1.317337e+00 4.225699e+00 5.846341e+00 2.103212e-02 1.4585e-03 7.0126e-03 -1.0429e-04 0.03107 1.18302e-01 1.90343e-01 3.32800e-01 7.55930e-03
41.751931 2.90011925e-02 4.60610670e-02 7.50622595e-02 2.98533253e-02 8.58489748e-01 1.12941479e+00 1.59032363e-02 1.588247e+00 1.315583e+00 4.183432e+00 6.300869e+00 5.581518e-02 1.4482e-03 6.6123e-03 -1.0470e-04 0.03095 1.16752e-01 1.86539e-01 3.24919e-01 7.53964e-03
42.001942 2.90316443e-02 4.74859796e-02 7.65176240e-02 3.03566899e-02 8.71251757e-01 1.14965157e+00 1.61672266e-02 1.635663e+00 1.319540e+00 4.158672e+00 6.623946e+00 9.420641e-02 1.4938e-03 6.2269e-03 -1.0510e-04 0.03062 1.14289e-01 1.81739e-01 3.16531e-01 7.51272e-03
42.251954 2.90488890e-02 4.88869228e-02 7.79358118e-02 3.07820814e-02 8.85116742e-01 1.17307367e+00 1.64655233e-02 1.682919e+00 1.325332e+00 4.141887e+00 6.728521e+00 1.278094e-01 1.5700e-03 5.8954e-03 -1.0548e-04 0.03017 1.11387e-01 1.76480e-01 3.08282e-01 7.49873e-03
42.501966 2.90701674e-02 5.02061130e-02 7.92762805e-02 3.10979989e-02 8.99579532e-01 1.19670552e+00 1.67702804e-02 1.727067e+00 1.330294e+00 4.126855e+00 6.605721e+00 1.556664e-01 1.6152e-03 5.6257e-03 -1.0583e-04 0.02964 1.08396e-01 1.71166e-01 3.00417e-01 7.50698e-03
42.751977 2.91104583e-02 5.13915139e-02 8.05019722e-02 3.12760022e-02 9.14491347e-01 1.21984115e+00 1.70746599e-02 1.765397e+00 1.333901e+00 4.138335e+00 6.304900e+00 1.848899e-01 1.5960e-03 5.4098e-03 -1.0617e-04 0.02910 1.05419e-01 1.65900e-01 2.92811e-01 7.54035e-03
43.001989 2.91766527e-02 5.23973839e-02 8.15740366e-02 3.12933085e-02 9.30061757e-01 1.24387226e+00 1.73914721e-02 1.795867e+00 1.337408e+00 4.198839e+00 5.876280e+00 2.247375e-01 1.5291e-03 5.2401e-03 -1.0650e-04 0.02858 1.02397e-01 1.60529e-01 2.85439e-01 7.57575e-03
43.252000 2.92635685e-02 5.31859284e-02 8.24494968e-02 3.11345590e-02 9.46874439e-01 1.27091379e+00 1.77423058e-02 1.817479e+00 1.342220e+00 4.290947e+00 5.403342e+00 2.794171e-01 1.4598e-03 5.1106e-03 -1.0682e-04 0.02809 9.92554e-02 1.54788e-01 2.78372e-01 7.58302e-03
43.502012 2.93514419e-02 5.37313749e-02 8.30828167e-02 3.07916461e-02 9.65729318e-01 1.30233123e+00 1.81444844e-02 1.830621e+00 1.348547e+00 4.411935e+00 5.259297e+00 3.450857e-01 1.4246e-03 5.0142e-03 -1.0714e-04 0.02768 9.60066e-02 1.48468e-01 2.71339e-01 7.55698e-03
43.752023 2.94059708e-02 5.40241782e-02 8.34301490e-02 3.02623997e-02 9.86847867e-01 1.33826755e+00 1.86009233e-02 1.837184e+00 1.356103e+00 4.568331e+00 5.261906e+00 4.140839e-01 1.4284e-03 4.9372e-03 -1.0748e-04 0.02732 9.27319e-02 1.41701e-01 2.64395e-01 7.50303e-03
44.002035 2.93845490e-02 5.40710042e-02 8.34555533e-02 2.95502514e-02 1.00857492e+00 1.37796915e+00 1.90923525e-02 1.840117e+00 1.366254e+00 4.750867e+00 5.208849e+00 4.820071e-01 1.4575e-03 4.8480e-03 -1.0784e-04 0.02698 8.94975e-02 1.35181e-01 2.59180e-01 7.43172e-03
44.252046 2.92500592e-02 5.38892691e-02 8.31393283e-02 2.86659951e-02 1.02706752e+00 1.41977193e+00 1.95747156e-02 1.842364e+00 1.382355e+00 4.957171e+00 5.111079e+00 5.444314e-01 1.4895e-03 4.7204e-03 -1.0824e-04 0.02668 8.63533e-02 1.29862e-01 2.58426e-01 7.34749e-03
44.502058 2.89845177e-02 5.35006348e-02 8.24851525e-02 2.76302090e-02 1.03860066e+00 1.46121996e+00 1.99985650e-02 1.845835e+00 1.406912e+00 5.166899e+00 5.440274e+00 5.915400e-01 1.4963e-03 4.5829e-03 -1.0868e-04 0.02647 8.34022e-02 1.26457e-01 2.63561e-01 7.24152e-03
44.752070 2.85907377e-02 5.29278110e-02 8.15185486e-02 2.64729045e-02 1.04213472e+00 1.50068277e+00 2.03425399e-02 1.851222e+00 1.440008e+00 5.356217e+00 6.032548e+00 6.187239e-01 1.4817e-03 4.4868e-03 -1.0916e-04 0.02653 8.08430e-02 1.25706e-01 2.73830e-01 7.11347e-03
45.002081 2.80830723e-02 5.21938551e-02 8.02769274e-02 2.52286828e-02 1.03898535e+00 1.53817824e+00 2.06173087e-02 1.858552e+00 1.480462e+00 5.518478e+00 6.580671e+00 6.289588e-01 1.4631e-03 4.4065e-03 -1.0968e-04 0.02679 7.90491e-02 1.28610e-01 2.87904e-01 6.98886e-03
45.252093 2.74789397e-02 5.13219684e-02 7.88009081e-02 2.39307011e-02 1.03086108e+00 1.57375242e+00 2.08369080e-02 1.867684e+00 1.526639e+00 5.624025e+00 7.003302e+00 6.260610e-01 1.4518e-03 4.3285e-03 -1.1022e-04 0.02704 7.85290e-02 1.35359e-01 3.04666e-01 6.89042e-03
45.502104 2.67969287e-02 5.03361788e-02 7.71331075e-02 2.26078002e-02 1.01852132e+00 1.60562923e+00 2.09932044e-02 1.878431e+00 1.576432e+00 5.701987e+00 7.236692e+00 6.131243e-01 1.4568e-03 4.3657e-03 -1.1078e-04 0.02715 7.94951e-02 1.44720e-01 3.22780e-01 6.81555e-03
45.752116 2.60585745e-02 4.92628689e-02 7.53214434e-02 2.12854711e-02 1.00185430e+00 1.63061085e+00 2.10597212e-02 1.890467e+00 1.627593e+00 5.742565e+00 7.283023e+00 5.931031e-01 1.4753e-03 4.5256e-03 -1.1134e-04 0.02703 8.15594e-02 1.55059e-01 3.40744e-01 6.75319e-03
46.002127 2.52894059e-02 4.81306538e-02 7.34200597e-02 1.99879590e-02 9.80763363e-01 1.64610323e+00 2.10149327e-02 1.903194e+00 1.678390e+00 5.791482e+00 7.170190e+00 5.681141e-01 1.4958e-03 4.6721e-03 -1.1188e-04 0.02674 8.41135e-02 1.65358e-01 3.57464e-01 6.69793e-03
46.252139 2.45179265e-02 4.69678061e-02 7.14857326e-02 1.87391430e-02 9.55922076e-01 1.65111980e+00 2.08563350e-02 1.915652e+00 1.727254e+00 5.993510e+00 6.938712e+00 5.387834e-01 1.5105e-03 4.7365e-03 -1.1239e-04 0.02632 8.67830e-02 1.75275e-01 3.72484e-01 6.65253e-03
46.502151 2.37731315e-02 4.57999735e-02 6.95731050e-02 1.75621464e-02 9.28878798e-01 1.64572988e+00 2.05968694e-02 1.926544e+00 1.771738e+00 6.229168e+00 6.617274e+00 5.048792e-01 1.5194e-03 4.7505e-03 -1.1287e-04 0.02583 8.94652e-02 1.84672e-01 3.85671e-01 6.62057e-03
46.752162 2.30815136e-02 4.46503520e-02 6.77318655e-02 1.64783628e-02 9.01519583e-01 1.63030143e+00 2.02545681e-02 1.934464e+00 1.808393e+00 6.381827e+00 6.846202e+00 4.664530e-01 1.5263e-03 4.7734e-03 -1.1331e-04 0.02533 9.21465e-02 1.93242e-01 3.96810e-01 6.59788e-03
47.002174 2.24646966e-02 4.35415163e-02 6.60062129e-02 1.55062753e-02 8.75383602e-01 1.60528380e+00 1.98453392e-02 1.938220e+00 1.833806e+00 6.616947e+00 7.085233e+00 4.242669e-01 1.5343e-03 4.8379e-03 -1.1371e-04 0.02490 9.47471e-02 2.00427e-01 4.05435e-01 6.57460e-03
47.252185 2.19384763e-02 4.24969006e-02 6.44353769e-02 1.46604544e-02 8.51344041e-01 1.57136189e+00 1.93816474e-02 1.937094e+00 1.845743e+00 6.872931e+00 7.243148e+00 3.793376e-01 1.5430e-03 4.9403e-03 -1.1407e-04 0.02459 9.70713e-02 2.05574e-01 4.10999e-01 6.54181e-03
47.502197 2.15130616e-02 4.15408976e-02 6.30539592e-02 1.39511378e-02 8.29740695e-01 1.52967967e+00 1.88753629e-02 1.930962e+00 1.843564e+00 7.108533e+00 7.314534e+00 3.328702e-01 1.5501e-03 5.0564e-03 -1.1442e-04 0.02435 9.88510e-02 2.08149e-01 4.13164e-01 6.48904e-03
47.752208 2.11937905e-02 4.06977377e-02 6.18915282e-02 1.33844414e-02 8.10699959e-01 1.48198987e+00 1.83415187e-02 1.920267e+00 1.828037e+00 7.286357e+00 7.292528e+00 2.874551e-01 1.5530e-03 5.1611e-03 -1.1474e-04 0.02426 9.98396e-02 2.07902e-01 4.11982e-01 6.41306e-03
48.002220 2.09819807e-02 3.99896251e-02 6.09716059e-02 1.29628641e-02 7.94380210e-01 1.43062523e+00 1.78000435e-02 1.905903e+00 1.800933e+00 7.417682e+00 7.176229e+00 2.479672e-01 1.5492e-03 5.2368e-03 -1.1505e-04 0.02428 9.99014e-02 2.04931e-01 4.07867e-01 6.31777e-03
48.252231 2.08759396e-02 3.94346617e-02 6.03106014e-02 1.26857420e-02 7.81050144e-01 1.37824128e+00 1.72743314e-02 1.889001e+00 1.764600e+00 7.486056e+00 6.982938e+00 2.199105e-01 1.5369e-03 5.2742e-03 -1.1535e-04 0.02443 9.90579e-02 1.99652e-01 4.01440e-01 6.21299e-03
48.502243 2.08719133e-02 3.90453055e-02 5.99172188e-02 1.25495866e-02 7.71010737e-01 1.32745908e+00 1.67877585e-02 1.870710e+00 1.721713e+00 7.510876e+00 6.740044e+00 2.057611e-01 1.5165e-03 5.2701e-03 -1.1563e-04 0.02506 9.74740e-02 1.92710e-01 3.93372e-01 6.10988e-03
48.752255 2.09645767e-02 3.88279009e-02 5.97924775e-02 1.25484181e-02 7.64422005e-01 1.28060630e+00 1.63602264e-02 1.852072e+00 1.675261e+00 7.475633e+00 6.472819e+00 2.025960e-01 1.4917e-03 5.2251e-03 -1.1590e-04 0.02603 9.53992e-02 1.84862e-01 3.84256e-01 6.01559e-03
49.002266 2.11469728e-02 3.87831655e-02 5.99301384e-02 1.26741594e-02 7.61142997e-01 1.23958949e+00 1.60058599e-02 1.833982e+00 1.628589e+00 7.414503e+00 6.191256e+00 2.030795e-01 1.4675e-03 5.1417e-03 -1.1616e-04 0.02697 9.30894e-02 1.76852e-01 3.74510e-01 5.93823e-03
49.252278 2.14101093e-02 3.89072456e-02 6.03173548e-02 1.29170580e-02 7.60696566e-01 1.20574728e+00 1.57315508e-02 1.817237e+00 1.585057e+00 7.301737e+00 5.890409e+00 1.989838e-01 1.4480e-03 5.0224e-03 -1.1639e-04 0.02783 9.07362e-02 1.69310e-01 3.64316e-01 5.88724e-03
49.502289 2.17423094e-02 3.91932540e-02 6.09355635e-02 1.32659622e-02 7.62388854e-01 1.17964317e+00 1.55362562e-02 1.802626e+00 1.547299e+00 7.163111e+00 5.541588e+00 1.856447e-01 1.4359e-03 4.8720e-03 -1.1662e-04 0.02863 8.84279e-02 1.62659e-01 3.53655e-01 5.87028e-03
49.752301 2.21283643e-02 3.96331272e-02 6.17614915e-02 1.37080578e-02 7.65447677e-01 1.16110488e+00 1.54124204e-02 1.791055e+00 1.516896e+00 6.994191e+00 5.126687e+00 1.645117e-01 1.4320e-03 4.7020e-03 -1.1682e-04 0.02930 8.61596e-02 1.57065e-01 3.42487e-01 5.88099e-03
49.999845 2.25449017e-02 4.02121901e-02 6.27570919e-02 1.42222896e-02 7.68996038e-01 1.14979969e+00 1.53503658e-02 1.783649e+00 1.495196e+00 6.817119e+00 4.710424e+00 1.413184e-01 1.4323e-03 4.5320e-03 -1.1699e-04 0.02982 8.39071e-02 1.52468e-01 3.31057e-01 5.89811e-03
