# tg_mhd (CUDA FP64)  hydro_noslip_nofield_n192_re250_va1.41421  N=192 L=192 Re=250 Pm=1 u0=0.05 nu_lat=1.215944e-02 eta_lat=1.215944e-02 tau_f=0.536478 tau_m=0.548638 dt=8.224065e-04 fw=profile
# t E_V E_M E_T H_C Omega_V Omega_M eps EM/EV OmM/OmV j_max w_max skew divb/j divb_wall/j mass_drift umax_lat fw1 fw2 fw4 tau_wall
0.000000 2.44791809e-01 0.00000000e+00 2.44791809e-01 0.00000000e+00 5.33882500e+01 0.00000000e+00 4.27106000e-01 0.000000e+00 0.000000e+00 0.000000e+00 1.289485e+02 1.615472e-18 0.0000e+00 0.0000e+00 +0.0000e+00 0.07069 9.87086e-01 9.88224e-01 9.90512e-01 2.50956e-01
0.050167 2.33723716e-01 0.00000000e+00 2.33723716e-01 0.00000000e+00 1.68950174e+01 0.00000000e+00 1.35160139e-01 0.000000e+00 0.000000e+00 0.000000e+00 5.357324e+01 2.116633e-01 0.0000e+00 0.0000e+00 +1.0826e-05 0.07102 9.59158e-01 9.62864e-01 9.70081e-01 1.01912e-01
0.100334 2.27552378e-01 0.00000000e+00 2.27552378e-01 0.00000000e+00 1.23341850e+01 0.00000000e+00 9.86734797e-02 0.000000e+00 0.000000e+00 0.000000e+00 4.047651e+01 2.000809e-01 0.0000e+00 0.0000e+00 +3.0687e-05 0.07099 9.39835e-01 9.49212e-01 9.59074e-01 7.50047e-02
0.150500 2.22972612e-01 0.00000000e+00 2.22972612e-01 0.00000000e+00 1.02330534e+01 0.00000000e+00 8.18644274e-02 0.000000e+00 0.000000e+00 0.000000e+00 3.371329e+01 6.995646e-02 0.0000e+00 0.0000e+00 +3.5418e-05 0.06993 9.16545e-01 9.38692e-01 9.50571e-01 6.21732e-02
0.200667 2.19685021e-01 0.00000000e+00 2.19685021e-01 0.00000000e+00 8.93880734e+00 0.00000000e+00 7.15104587e-02 0.000000e+00 0.000000e+00 0.000000e+00 2.897125e+01 3.407638e-02 0.0000e+00 0.0000e+00 +2.0036e-05 0.06944 8.89723e-01 9.29524e-01 9.43104e-01 5.39028e-02
0.250834 2.16464342e-01 0.00000000e+00 2.16464342e-01 0.00000000e+00 8.03798007e+00 0.00000000e+00 6.43038406e-02 0.000000e+00 0.000000e+00 0.000000e+00 2.625797e+01 1.792327e-01 0.0000e+00 0.0000e+00 +2.2831e-06 0.06935 8.61648e-01 9.21220e-01 9.36306e-01 4.80418e-02
0.301001 2.13335395e-01 0.00000000e+00 2.13335395e-01 0.00000000e+00 7.37039378e+00 0.00000000e+00 5.89631503e-02 0.000000e+00 0.000000e+00 0.000000e+00 2.392413e+01 3.452361e-01 0.0000e+00 0.0000e+00 +2.3998e-06 0.06906 8.33993e-01 9.13573e-01 9.30109e-01 4.41924e-02
0.351168 2.10287232e-01 0.00000000e+00 2.10287232e-01 0.00000000e+00 6.87559112e+00 0.00000000e+00 5.50047289e-02 0.000000e+00 0.000000e+00 0.000000e+00 2.235178e+01 4.388540e-01 0.0000e+00 0.0000e+00 +2.0883e-05 0.06841 8.08014e-01 9.06600e-01 9.24637e-01 4.12272e-02
0.401334 2.07142582e-01 0.00000000e+00 2.07142582e-01 0.00000000e+00 6.50502770e+00 0.00000000e+00 5.20402216e-02 0.000000e+00 0.000000e+00 0.000000e+00 2.182189e+01 3.905664e-01 0.0000e+00 0.0000e+00 +3.3963e-05 0.06805 7.84084e-01 9.00044e-01 9.19753e-01 3.85837e-02
0.451501 2.04803477e-01 0.00000000e+00 2.04803477e-01 0.00000000e+00 6.23275531e+00 0.00000000e+00 4.98620425e-02 0.000000e+00 0.000000e+00 0.000000e+00 2.132461e+01 3.018263e-01 0.0000e+00 0.0000e+00 +2.6588e-05 0.06737 7.62551e-01 8.93752e-01 9.15382e-01 3.71946e-02
0.501668 2.02714340e-01 0.00000000e+00 2.02714340e-01 0.00000000e+00 5.96846873e+00 0.00000000e+00 4.77477498e-02 0.000000e+00 0.000000e+00 0.000000e+00 2.023637e+01 3.078432e-01 0.0000e+00 0.0000e+00 +8.1020e-06 0.06627 7.40927e-01 8.86397e-01 9.10514e-01 3.58877e-02
0.551835 2.00449555e-01 0.00000000e+00 2.00449555e-01 0.00000000e+00 5.66571590e+00 0.00000000e+00 4.53257272e-02 0.000000e+00 0.000000e+00 0.000000e+00 1.875804e+01 4.744214e-01 0.0000e+00 0.0000e+00 -1.7073e-06 0.06602 7.17331e-01 8.77122e-01 9.04518e-01 3.36973e-02
0.602002 1.98161474e-01 0.00000000e+00 1.98161474e-01 0.00000000e+00 5.41913929e+00 0.00000000e+00 4.33531143e-02 0.000000e+00 0.000000e+00 0.000000e+00 1.792580e+01 6.292161e-01 0.0000e+00 0.0000e+00 +1.0498e-05 0.06614 6.96262e-01 8.68030e-01 8.99005e-01 3.16724e-02
0.652168 1.95566760e-01 0.00000000e+00 1.95566760e-01 0.00000000e+00 5.27853989e+00 0.00000000e+00 4.22283191e-02 0.000000e+00 0.000000e+00 0.000000e+00 1.796472e+01 6.353161e-01 0.0000e+00 0.0000e+00 +2.8261e-05 0.06544 6.80780e-01 8.60665e-01 8.95098e-01 3.12583e-02
0.702335 1.93344272e-01 0.00000000e+00 1.93344272e-01 0.00000000e+00 5.25216917e+00 0.00000000e+00 4.20173534e-02 0.000000e+00 0.000000e+00 0.000000e+00 1.874214e+01 5.102610e-01 0.0000e+00 0.0000e+00 +3.0312e-05 0.06407 6.71930e-01 8.55544e-01 8.93105e-01 3.20882e-02
0.752502 1.91704476e-01 0.00000000e+00 1.91704476e-01 0.00000000e+00 5.14404921e+00 0.00000000e+00 4.11523937e-02 0.000000e+00 0.000000e+00 0.000000e+00 1.825108e+01 4.690079e-01 0.0000e+00 0.0000e+00 +1.5562e-05 0.06330 6.58062e-01 8.47421e-01 8.89100e-01 3.11776e-02
0.802669 1.89799479e-01 0.00000000e+00 1.89799479e-01 0.00000000e+00 4.92481257e+00 0.00000000e+00 3.93985006e-02 0.000000e+00 0.000000e+00 0.000000e+00 1.689123e+01 5.909742e-01 0.0000e+00 0.0000e+00 +3.5731e-07 0.06295 6.36740e-01 8.35082e-01 8.82259e-01 2.89651e-02
0.852835 1.87803501e-01 0.00000000e+00 1.87803501e-01 0.00000000e+00 4.76819935e+00 0.00000000e+00 3.81455948e-02 0.000000e+00 0.000000e+00 0.000000e+00 1.611406e+01 7.440431e-01 0.0000e+00 0.0000e+00 +2.9569e-06 0.06283 6.19781e-01 8.24002e-01 8.76525e-01 2.80108e-02
0.903002 1.85696447e-01 0.00000000e+00 1.85696447e-01 0.00000000e+00 4.73315581e+00 0.00000000e+00 3.78652465e-02 0.000000e+00 0.000000e+00 0.000000e+00 1.660613e+01 7.574680e-01 0.0000e+00 0.0000e+00 +1.9155e-05 0.06234 6.12400e-01 8.17003e-01 8.73773e-01 2.84115e-02
0.953169 1.83517008e-01 0.00000000e+00 1.83517008e-01 0.00000000e+00 4.71341693e+00 0.00000000e+00 3.77073354e-02 0.000000e+00 0.000000e+00 0.000000e+00 1.699041e+01 7.000481e-01 0.0000e+00 0.0000e+00 +2.9959e-05 0.06129 6.06077e-01 8.10297e-01 8.71272e-01 2.85679e-02
1.003336 1.81847798e-01 0.00000000e+00 1.81847798e-01 0.00000000e+00 4.67224729e+00 0.00000000e+00 3.73779783e-02 0.000000e+00 0.000000e+00 0.000000e+00 1.727684e+01 6.427711e-01 0.0000e+00 0.0000e+00 +2.2283e-05 0.06016 5.97894e-01 8.02322e-01 8.67948e-01 2.83275e-02
1.053503 1.80197546e-01 0.00000000e+00 1.80197546e-01 0.00000000e+00 4.60460224e+00 0.00000000e+00 3.68368179e-02 0.000000e+00 0.000000e+00 0.000000e+00 1.665802e+01 6.607628e-01 0.0000e+00 0.0000e+00 +5.8540e-06 0.05966 5.87594e-01 7.92831e-01 8.63655e-01 2.78440e-02
1.103669 1.78391189e-01 0.00000000e+00 1.78391189e-01 0.00000000e+00 4.51543327e+00 0.00000000e+00 3.61234662e-02 0.000000e+00 0.000000e+00 0.000000e+00 1.620076e+01 7.554380e-01 0.0000e+00 0.0000e+00 -1.9651e-06 0.05944 5.75557e-01 7.82055e-01 8.58587e-01 2.70489e-02
1.153836 1.76568437e-01 0.00000000e+00 1.76568437e-01 0.00000000e+00 4.41103747e+00 0.00000000e+00 3.52882997e-02 0.000000e+00 0.000000e+00 0.000000e+00 1.565991e+01 8.570981e-01 0.0000e+00 0.0000e+00 +1.0540e-05 0.05913 5.62078e-01 7.70293e-01 8.52937e-01 2.58937e-02
1.204003 1.74476455e-01 0.00000000e+00 1.74476455e-01 0.00000000e+00 4.38956588e+00 0.00000000e+00 3.51165271e-02 0.000000e+00 0.000000e+00 0.000000e+00 1.593812e+01 8.431996e-01 0.0000e+00 0.0000e+00 +2.5561e-05 0.05862 5.56648e-01 7.62651e-01 8.49934e-01 2.61478e-02
1.254170 1.72638719e-01 0.00000000e+00 1.72638719e-01 0.00000000e+00 4.46759432e+00 0.00000000e+00 3.57407545e-02 0.000000e+00 0.000000e+00 0.000000e+00 1.711599e+01 7.443114e-01 0.0000e+00 0.0000e+00 +2.5866e-05 0.05749 5.60870e-01 7.60291e-01 8.50166e-01 2.75409e-02
1.304337 1.71159646e-01 0.00000000e+00 1.71159646e-01 0.00000000e+00 4.49015243e+00 0.00000000e+00 3.59212195e-02 0.000000e+00 0.000000e+00 0.000000e+00 1.743902e+01 6.954901e-01 0.0000e+00 0.0000e+00 +1.2077e-05 0.05646 5.59449e-01 7.54871e-01 8.48372e-01 2.76802e-02
1.354503 1.69446072e-01 0.00000000e+00 1.69446072e-01 0.00000000e+00 4.35876379e+00 0.00000000e+00 3.48701103e-02 0.000000e+00 0.000000e+00 0.000000e+00 1.615803e+01 7.752356e-01 0.0000e+00 0.0000e+00 -5.9815e-07 0.05611 5.42842e-01 7.40728e-01 8.41158e-01 2.57220e-02
1.404670 1.67700600e-01 0.00000000e+00 1.67700600e-01 0.00000000e+00 4.26023576e+00 0.00000000e+00 3.40818861e-02 0.000000e+00 0.000000e+00 0.000000e+00 1.550030e+01 8.781213e-01 0.0000e+00 0.0000e+00 +2.8359e-06 0.05630 5.29531e-01 7.28163e-01 8.34935e-01 2.47555e-02
1.454837 1.65799016e-01 0.00000000e+00 1.65799016e-01 0.00000000e+00 4.28311208e+00 0.00000000e+00 3.42648966e-02 0.000000e+00 0.000000e+00 0.000000e+00 1.612065e+01 8.765268e-01 0.0000e+00 0.0000e+00 +1.7917e-05 0.05580 5.29506e-01 7.23373e-01 8.33384e-01 2.55003e-02
1.505004 1.63874644e-01 0.00000000e+00 1.63874644e-01 0.00000000e+00 4.35324655e+00 0.00000000e+00 3.48259724e-02 0.000000e+00 0.000000e+00 0.000000e+00 1.708797e+01 7.985055e-01 0.0000e+00 0.0000e+00 +2.6115e-05 0.05457 5.34382e-01 7.21762e-01 8.33595e-01 2.65198e-02
1.555171 1.62319390e-01 0.00000000e+00 1.62319390e-01 0.00000000e+00 4.36335464e+00 0.00000000e+00 3.49068371e-02 0.000000e+00 0.000000e+00 0.000000e+00 1.737082e+01 7.314724e-01 0.0000e+00 0.0000e+00 +1.8087e-05 0.05369 5.32681e-01 7.16387e-01 8.31353e-01 2.63898e-02
1.605337 1.60717003e-01 0.00000000e+00 1.60717003e-01 0.00000000e+00 4.30066982e+00 0.00000000e+00 3.44053585e-02 0.000000e+00 0.000000e+00 0.000000e+00 1.672181e+01 7.427598e-01 0.0000e+00 0.0000e+00 +3.6085e-06 0.05335 5.23364e-01 7.06309e-01 8.26155e-01 2.54212e-02
1.655504 1.58974475e-01 0.00000000e+00 1.58974475e-01 0.00000000e+00 4.24440293e+00 0.00000000e+00 3.39552234e-02 0.000000e+00 0.000000e+00 0.000000e+00 1.627477e+01 8.085134e-01 0.0000e+00 0.0000e+00 -1.7668e-06 0.05307 5.14945e-01 6.96642e-01 8.21138e-01 2.48306e-02
1.705671 1.57259621e-01 0.00000000e+00 1.57259621e-01 0.00000000e+00 4.21665097e+00 0.00000000e+00 3.37332077e-02 0.000000e+00 0.000000e+00 0.000000e+00 1.615303e+01 8.510641e-01 0.0000e+00 0.0000e+00 +9.7923e-06 0.05269 5.09988e-01 6.89166e-01 8.17377e-01 2.46533e-02
1.755838 1.55334785e-01 0.00000000e+00 1.55334785e-01 0.00000000e+00 4.22520256e+00 0.00000000e+00 3.38016205e-02 0.000000e+00 0.000000e+00 0.000000e+00 1.667355e+01 8.006156e-01 0.0000e+00 0.0000e+00 +2.2540e-05 0.05213 5.09319e-01 6.84593e-01 8.15179e-01 2.48662e-02
1.806005 1.53627333e-01 0.00000000e+00 1.53627333e-01 0.00000000e+00 4.25969629e+00 0.00000000e+00 3.40775703e-02 0.000000e+00 0.000000e+00 0.000000e+00 1.726587e+01 7.197696e-01 0.0000e+00 0.0000e+00 +2.1783e-05 0.05120 5.11661e-01 6.82173e-01 8.13987e-01 2.54066e-02
1.856171 1.52103878e-01 0.00000000e+00 1.52103878e-01 0.00000000e+00 4.27869386e+00 0.00000000e+00 3.42295509e-02 0.000000e+00 0.000000e+00 0.000000e+00 1.754262e+01 6.696265e-01 0.0000e+00 0.0000e+00 +8.9796e-06 0.05048 5.12373e-01 6.78792e-01 8.11999e-01 2.56054e-02
1.906338 1.50424359e-01 0.00000000e+00 1.50424359e-01 0.00000000e+00 4.21017629e+00 0.00000000e+00 3.36814103e-02 0.000000e+00 0.000000e+00 0.000000e+00 1.682796e+01 7.025063e-01 0.0000e+00 0.0000e+00 -1.7945e-06 0.05020 5.03293e-01 6.68896e-01 8.06072e-01 2.45347e-02
1.956505 1.48749801e-01 0.00000000e+00 1.48749801e-01 0.00000000e+00 4.11952062e+00 0.00000000e+00 3.29561650e-02 0.000000e+00 0.000000e+00 0.000000e+00 1.613050e+01 7.610085e-01 0.0000e+00 0.0000e+00 +2.4599e-06 0.05006 4.91604e-01 6.57160e-01 7.99012e-01 2.35407e-02
2.006672 1.46965000e-01 0.00000000e+00 1.46965000e-01 0.00000000e+00 4.09695673e+00 0.00000000e+00 3.27756538e-02 0.000000e+00 0.000000e+00 0.000000e+00 1.636795e+01 7.525395e-01 0.0000e+00 0.0000e+00 +1.6380e-05 0.04966 4.88317e-01 6.51122e-01 7.95189e-01 2.36272e-02
2.056839 1.45164967e-01 0.00000000e+00 1.45164967e-01 0.00000000e+00 4.16164131e+00 0.00000000e+00 3.32931305e-02 0.000000e+00 0.000000e+00 0.000000e+00 1.731114e+01 6.598193e-01 0.0000e+00 0.0000e+00 +2.2168e-05 0.04893 4.95887e-01 6.52692e-01 7.95613e-01 2.48064e-02
2.107005 1.43652635e-01 0.00000000e+00 1.43652635e-01 0.00000000e+00 4.17473049e+00 0.00000000e+00 3.33978439e-02 0.000000e+00 0.000000e+00 0.000000e+00 1.747992e+01 5.865117e-01 0.0000e+00 0.0000e+00 +1.4090e-05 0.04846 4.97173e-01 6.50141e-01 7.93357e-01 2.48257e-02
2.157172 1.42063683e-01 0.00000000e+00 1.42063683e-01 0.00000000e+00 4.07945918e+00 0.00000000e+00 3.26356734e-02 0.000000e+00 0.000000e+00 0.000000e+00 1.681730e+01 5.863721e-01 0.0000e+00 0.0000e+00 +1.4612e-06 0.04800 4.85410e-01 6.38476e-01 7.85508e-01 2.34812e-02
2.207339 1.40418146e-01 0.00000000e+00 1.40418146e-01 0.00000000e+00 3.99727632e+00 0.00000000e+00 3.19782105e-02 0.000000e+00 0.000000e+00 0.000000e+00 1.625394e+01 6.359830e-01 0.0000e+00 0.0000e+00 -1.9106e-06 0.04771 4.75193e-01 6.27732e-01 7.78099e-01 2.27986e-02
2.257506 1.38792422e-01 0.00000000e+00 1.38792422e-01 0.00000000e+00 3.98321895e+00 0.00000000e+00 3.18657516e-02 0.000000e+00 0.000000e+00 0.000000e+00 1.636602e+01 6.455723e-01 0.0000e+00 0.0000e+00 +8.6317e-06 0.04743 4.73991e-01 6.23377e-01 7.74468e-01 2.30701e-02
2.307673 1.37037506e-01 0.00000000e+00 1.37037506e-01 0.00000000e+00 3.97378450e+00 0.00000000e+00 3.17902760e-02 0.000000e+00 0.000000e+00 0.000000e+00 1.666118e+01 5.896968e-01 0.0000e+00 0.0000e+00 +1.9489e-05 0.04689 4.73492e-01 6.19706e-01 7.71107e-01 2.31306e-02
2.357839 1.35464894e-01 0.00000000e+00 1.35464894e-01 0.00000000e+00 3.95400337e+00 0.00000000e+00 3.16320269e-02 0.000000e+00 0.000000e+00 0.000000e+00 1.686915e+01 5.101952e-01 0.0000e+00 0.0000e+00 +1.7803e-05 0.04646 4.71760e-01 6.15296e-01 7.67015e-01 2.30811e-02
2.408006 1.34003798e-01 0.00000000e+00 1.34003798e-01 0.00000000e+00 3.92644491e+00 0.00000000e+00 3.14115593e-02 0.000000e+00 0.000000e+00 0.000000e+00 1.676765e+01 4.681710e-01 0.0000e+00 0.0000e+00 +5.9870e-06 0.04611 4.69213e-01 6.10319e-01 7.62327e-01 2.29452e-02
2.458173 1.32426379e-01 0.00000000e+00 1.32426379e-01 0.00000000e+00 3.86078527e+00 0.00000000e+00 3.08862822e-02 0.000000e+00 0.000000e+00 0.000000e+00 1.630460e+01 4.925643e-01 0.0000e+00 0.0000e+00 -2.8989e-06 0.04568 4.61627e-01 6.01606e-01 7.55253e-01 2.22895e-02
2.508340 1.30901656e-01 0.00000000e+00 1.30901656e-01 0.00000000e+00 3.77872993e+00 0.00000000e+00 3.02298395e-02 0.000000e+00 0.000000e+00 0.000000e+00 1.586635e+01 5.314484e-01 0.0000e+00 0.0000e+00 +2.0152e-06 0.04522 4.51641e-01 5.91089e-01 7.47062e-01 2.15453e-02
2.558506 1.29295588e-01 0.00000000e+00 1.29295588e-01 0.00000000e+00 3.73359637e+00 0.00000000e+00 2.98687710e-02 0.000000e+00 0.000000e+00 0.000000e+00 1.584642e+01 5.076452e-01 0.0000e+00 0.0000e+00 +1.4318e-05 0.04485 4.46950e-01 5.84555e-01 7.41250e-01 2.14096e-02
2.608673 1.27705258e-01 0.00000000e+00 1.27705258e-01 0.00000000e+00 3.73757533e+00 0.00000000e+00 2.99006027e-02 0.000000e+00 0.000000e+00 0.000000e+00 1.626614e+01 4.295392e-01 0.0000e+00 0.0000e+00 +1.8507e-05 0.04446 4.49636e-01 5.83708e-01 7.38766e-01 2.19164e-02
2.658840 1.26324522e-01 0.00000000e+00 1.26324522e-01 0.00000000e+00 3.72127837e+00 0.00000000e+00 2.97702270e-02 0.000000e+00 0.000000e+00 0.000000e+00 1.637515e+01 3.716062e-01 0.0000e+00 0.0000e+00 +1.0590e-05 0.04408 4.49519e-01 5.80914e-01 7.34842e-01 2.19337e-02
2.709007 1.24869397e-01 0.00000000e+00 1.24869397e-01 0.00000000e+00 3.63791644e+00 0.00000000e+00 2.91033315e-02 0.000000e+00 0.000000e+00 0.000000e+00 1.581901e+01 3.678483e-01 0.0000e+00 0.0000e+00 -4.9466e-07 0.04358 4.39517e-01 5.70611e-01 7.26019e-01 2.09538e-02
2.759174 1.23411763e-01 0.00000000e+00 1.23411763e-01 0.00000000e+00 3.54982607e+00 0.00000000e+00 2.83986086e-02 0.000000e+00 0.000000e+00 0.000000e+00 1.526320e+01 4.055436e-01 0.0000e+00 0.0000e+00 -2.3641e-06 0.04315 4.28534e-01 5.59482e-01 7.16632e-01 2.02423e-02
2.809340 1.21979325e-01 0.00000000e+00 1.21979325e-01 0.00000000e+00 3.50347111e+00 0.00000000e+00 2.80277689e-02 0.000000e+00 0.000000e+00 0.000000e+00 1.527054e+01 4.142430e-01 0.0000e+00 0.0000e+00 +7.6199e-06 0.04274 4.24134e-01 5.53449e-01 7.10553e-01 2.01691e-02
2.859507 1.20463638e-01 0.00000000e+00 1.20463638e-01 0.00000000e+00 3.48298822e+00 0.00000000e+00 2.78639057e-02 0.000000e+00 0.000000e+00 0.000000e+00 1.547455e+01 3.617575e-01 0.0000e+00 0.0000e+00 +1.6629e-05 0.04263 4.24112e-01 5.50963e-01 7.06696e-01 2.03444e-02
2.909674 1.19098788e-01 0.00000000e+00 1.19098788e-01 0.00000000e+00 3.45369964e+00 0.00000000e+00 2.76295971e-02 0.000000e+00 0.000000e+00 0.000000e+00 1.547959e+01 2.896230e-01 0.0000e+00 0.0000e+00 +1.4005e-05 0.04246 4.22841e-01 5.47668e-01 7.02111e-01 2.02412e-02
2.959841 1.17801705e-01 0.00000000e+00 1.17801705e-01 0.00000000e+00 3.38674743e+00 0.00000000e+00 2.70939794e-02 0.000000e+00 0.000000e+00 0.000000e+00 1.512604e+01 2.616018e-01 0.0000e+00 0.0000e+00 +3.4700e-06 0.04250 4.15358e-01 5.39573e-01 6.94185e-01 1.95801e-02
3.010008 1.16427534e-01 0.00000000e+00 1.16427534e-01 0.00000000e+00 3.31441343e+00 0.00000000e+00 2.65153075e-02 0.000000e+00 0.000000e+00 0.000000e+00 1.473027e+01 2.868611e-01 0.0000e+00 0.0000e+00 -3.6239e-06 0.04267 4.06846e-01 5.30641e-01 6.85671e-01 1.91057e-02
3.060174 1.15123014e-01 0.00000000e+00 1.15123014e-01 0.00000000e+00 3.25669680e+00 0.00000000e+00 2.60535744e-02 0.000000e+00 0.000000e+00 0.000000e+00 1.449935e+01 3.150025e-01 0.0000e+00 0.0000e+00 +1.4852e-06 0.04279 4.00858e-01 5.23708e-01 6.78606e-01 1.88644e-02
3.110341 1.13750754e-01 0.00000000e+00 1.13750754e-01 0.00000000e+00 3.20675015e+00 0.00000000e+00 2.56540012e-02 0.000000e+00 0.000000e+00 0.000000e+00 1.436140e+01 2.881546e-01 0.0000e+00 0.0000e+00 +1.2314e-05 0.04275 3.96263e-01 5.17979e-01 6.72374e-01 1.85672e-02
3.160508 1.12419611e-01 0.00000000e+00 1.12419611e-01 0.00000000e+00 3.16788609e+00 0.00000000e+00 2.53430887e-02 0.000000e+00 0.000000e+00 0.000000e+00 1.438911e+01 2.238707e-01 0.0000e+00 0.0000e+00 +1.5347e-05 0.04268 3.93799e-01 5.14091e-01 6.67232e-01 1.84476e-02
3.210675 1.11235032e-01 0.00000000e+00 1.11235032e-01 0.00000000e+00 3.13493889e+00 0.00000000e+00 2.50795111e-02 0.000000e+00 0.000000e+00 0.000000e+00 1.432302e+01 1.763433e-01 0.0000e+00 0.0000e+00 +7.6260e-06 0.04268 3.92649e-01 5.11348e-01 6.62708e-01 1.84847e-02
3.260842 1.09990053e-01 0.00000000e+00 1.09990053e-01 0.00000000e+00 3.07065413e+00 0.00000000e+00 2.45652331e-02 0.000000e+00 0.000000e+00 0.000000e+00 1.389983e+01 1.779400e-01 0.0000e+00 0.0000e+00 -2.0567e-06 0.04270 3.85449e-01 5.03755e-01 6.54794e-01 1.79176e-02
3.311008 1.08762029e-01 0.00000000e+00 1.08762029e-01 0.00000000e+00 2.99061312e+00 0.00000000e+00 2.39249049e-02 0.000000e+00 0.000000e+00 0.000000e+00 1.337743e+01 2.111081e-01 0.0000e+00 0.0000e+00 -2.6201e-06 0.04276 3.74738e-01 4.93317e-01 6.44966e-01 1.72521e-02
3.361175 1.07563903e-01 0.00000000e+00 1.07563903e-01 0.00000000e+00 2.93645618e+00 0.00000000e+00 2.34916494e-02 0.000000e+00 0.000000e+00 0.000000e+00 1.319619e+01 2.144196e-01 0.0000e+00 0.0000e+00 +6.7588e-06 0.04277 3.69101e-01 4.87003e-01 6.38098e-01 1.70504e-02
3.411342 1.06307387e-01 0.00000000e+00 1.06307387e-01 0.00000000e+00 2.90812477e+00 0.00000000e+00 2.32649981e-02 0.000000e+00 0.000000e+00 0.000000e+00 1.328506e+01 1.660103e-01 0.0000e+00 0.0000e+00 +1.4020e-05 0.04268 3.68977e-01 4.85255e-01 6.34394e-01 1.71558e-02
3.461509 1.05180394e-01 0.00000000e+00 1.05180394e-01 0.00000000e+00 2.87312280e+00 0.00000000e+00 2.29849824e-02 0.000000e+00 0.000000e+00 0.000000e+00 1.316919e+01 1.100310e-01 0.0000e+00 0.0000e+00 +1.0903e-05 0.04260 3.67457e-01 4.82493e-01 6.29820e-01 1.70067e-02
3.511676 1.04080177e-01 0.00000000e+00 1.04080177e-01 0.00000000e+00 2.80782709e+00 0.00000000e+00 2.24626167e-02 0.000000e+00 0.000000e+00 0.000000e+00 1.273428e+01 9.064954e-02 0.0000e+00 0.0000e+00 +1.4634e-06 0.04261 3.59124e-01 4.74194e-01 6.21156e-01 1.63529e-02
3.561842 1.02940305e-01 0.00000000e+00 1.02940305e-01 0.00000000e+00 2.74409331e+00 0.00000000e+00 2.19527465e-02 0.000000e+00 0.000000e+00 0.000000e+00 1.231065e+01 1.145771e-01 0.0000e+00 0.0000e+00 -4.0996e-06 0.04256 3.50769e-01 4.65810e-01 6.12428e-01 1.59802e-02
3.612009 1.01862461e-01 0.00000000e+00 1.01862461e-01 0.00000000e+00 2.69641756e+00 0.00000000e+00 2.15713405e-02 0.000000e+00 0.000000e+00 0.000000e+00 1.212780e+01 1.399324e-01 0.0000e+00 0.0000e+00 +1.1862e-06 0.04249 3.45866e-01 4.60245e-01 6.05861e-01 1.58433e-02
3.662176 1.00732741e-01 0.00000000e+00 1.00732741e-01 0.00000000e+00 2.65327961e+00 0.00000000e+00 2.12262369e-02 0.000000e+00 0.000000e+00 0.000000e+00 1.195719e+01 1.171121e-01 0.0000e+00 0.0000e+00 +1.0659e-05 0.04239 3.41827e-01 4.55462e-01 5.99892e-01 1.55955e-02
3.712343 9.96437911e-02 0.00000000e+00 9.96437911e-02 0.00000000e+00 2.61437176e+00 0.00000000e+00 2.09149741e-02 0.000000e+00 0.000000e+00 0.000000e+00 1.183349e+01 6.276244e-02 0.0000e+00 0.0000e+00 +1.2553e-05 0.04225 3.38670e-01 4.51485e-01 5.94370e-01 1.53731e-02
3.762510 9.86628094e-02 0.00000000e+00 9.86628094e-02 0.00000000e+00 2.57529751e+00 0.00000000e+00 2.06023801e-02 0.000000e+00 0.000000e+00 0.000000e+00 1.165700e+01 2.856740e-02 0.0000e+00 0.0000e+00 +5.2258e-06 0.04217 3.35338e-01 4.47383e-01 5.88602e-01 1.51984e-02
3.812676 9.76268797e-02 0.00000000e+00 9.76268797e-02 0.00000000e+00 2.52355835e+00 0.00000000e+00 2.01884668e-02 0.000000e+00 0.000000e+00 0.000000e+00 1.131002e+01 3.897909e-02 0.0000e+00 0.0000e+00 -3.0110e-06 0.04208 3.28470e-01 4.40307e-01 5.80591e-01 1.48392e-02
3.862843 9.66213926e-02 0.00000000e+00 9.66213926e-02 0.00000000e+00 2.47060267e+00 0.00000000e+00 1.97648214e-02 0.000000e+00 0.000000e+00 0.000000e+00 1.098532e+01 6.974337e-02 0.0000e+00 0.0000e+00 -2.6914e-06 0.04194 3.20831e-01 4.32548e-01 5.72157e-01 1.45127e-02
3.913010 9.56292671e-02 0.00000000e+00 9.56292671e-02 0.00000000e+00 2.42732039e+00 0.00000000e+00 1.94185632e-02 0.000000e+00 0.000000e+00 0.000000e+00 1.078143e+01 7.104268e-02 0.0000e+00 0.0000e+00 +5.9552e-06 0.04173 3.15409e-01 4.26639e-01 5.65194e-01 1.42548e-02
3.963177 9.46018018e-02 0.00000000e+00 9.46018018e-02 0.00000000e+00 2.39528613e+00 0.00000000e+00 1.91622890e-02 0.000000e+00 0.000000e+00 0.000000e+00 1.075506e+01 3.262005e-02 0.0000e+00 0.0000e+00 +1.1887e-05 0.04154 3.12858e-01 4.23174e-01 5.60026e-01 1.41266e-02
4.013343 9.36786841e-02 0.00000000e+00 9.36786841e-02 0.00000000e+00 2.36798567e+00 0.00000000e+00 1.89438854e-02 0.000000e+00 0.000000e+00 0.000000e+00 1.069275e+01 -7.468761e-03 0.0000e+00 0.0000e+00 +8.4077e-06 0.04144 3.11497e-01 4.20748e-01 5.55529e-01 1.40945e-02
4.063510 9.27579287e-02 0.00000000e+00 9.27579287e-02 0.00000000e+00 2.32413710e+00 0.00000000e+00 1.85930968e-02 0.000000e+00 0.000000e+00 0.000000e+00 1.041929e+01 -1.681902e-02 0.0000e+00 0.0000e+00 -1.3020e-07 0.04128 3.05071e-01 4.14036e-01 5.47681e-01 1.36667e-02
4.113677 9.18128723e-02 0.00000000e+00 9.18128723e-02 0.00000000e+00 2.27504817e+00 0.00000000e+00 1.82003853e-02 0.000000e+00 0.000000e+00 0.000000e+00 1.012692e+01 8.136452e-03 0.0000e+00 0.0000e+00 -4.2825e-06 0.04105 2.96569e-01 4.05508e-01 5.38476e-01 1.32976e-02
4.163844 9.09207711e-02 0.00000000e+00 9.09207711e-02 0.00000000e+00 2.23846651e+00 0.00000000e+00 1.79077321e-02 0.000000e+00 0.000000e+00 0.000000e+00 1.005993e+01 3.034079e-02 0.0000e+00 0.0000e+00 +1.1047e-06 0.04084 2.91437e-01 3.99789e-01 5.31572e-01 1.31708e-02
4.214011 8.99843878e-02 0.00000000e+00 8.99843878e-02 0.00000000e+00 2.21101442e+00 0.00000000e+00 1.76881154e-02 0.000000e+00 0.000000e+00 0.000000e+00 1.004470e+01 1.175871e-02 0.0000e+00 0.0000e+00 +9.2256e-06 0.04062 2.88879e-01 3.96264e-01 5.26427e-01 1.30524e-02
4.264177 8.90851854e-02 0.00000000e+00 8.90851854e-02 0.00000000e+00 2.18454937e+00 0.00000000e+00 1.74763949e-02 0.000000e+00 0.000000e+00 0.000000e+00 9.954671e+00 -2.918010e-02 0.0000e+00 0.0000e+00 +1.0159e-05 0.04044 2.86385e-01 3.92830e-01 5.21282e-01 1.28721e-02
4.314344 8.82586213e-02 0.00000000e+00 8.82586213e-02 0.00000000e+00 2.15079933e+00 0.00000000e+00 1.72063947e-02 0.000000e+00 0.000000e+00 0.000000e+00 9.792768e+00 -5.016924e-02 0.0000e+00 0.0000e+00 +3.3598e-06 0.04024 2.81219e-01 3.87109e-01 5.14256e-01 1.25626e-02
4.364511 8.73862214e-02 0.00000000e+00 8.73862214e-02 0.00000000e+00 2.11538898e+00 0.00000000e+00 1.69231118e-02 0.000000e+00 0.000000e+00 0.000000e+00 9.704580e+00 -3.643302e-02 0.0000e+00 0.0000e+00 -3.6063e-06 0.04001 2.75130e-01 3.80525e-01 5.06572e-01 1.23486e-02
4.414678 8.65460153e-02 0.00000000e+00 8.65460153e-02 0.00000000e+00 2.08437043e+00 0.00000000e+00 1.66749635e-02 0.000000e+00 0.000000e+00 0.000000e+00 9.659369e+00 -8.740056e-03 0.0000e+00 0.0000e+00 -2.6214e-06 0.03977 2.70155e-01 3.74844e-01 4.99738e-01 1.22318e-02
4.464845 8.57046283e-02 0.00000000e+00 8.57046283e-02 0.00000000e+00 2.05503334e+00 0.00000000e+00 1.64402667e-02 0.000000e+00 0.000000e+00 0.000000e+00 9.527429e+00 -6.929794e-03 0.0000e+00 0.0000e+00 +5.2892e-06 0.03953 2.65394e-01 3.69357e-01 4.93171e-01 1.20034e-02
4.515011 8.48425741e-02 0.00000000e+00 8.48425741e-02 0.00000000e+00 2.03080838e+00 0.00000000e+00 1.62464671e-02 0.000000e+00 0.000000e+00 0.000000e+00 9.472109e+00 -3.672259e-02 0.0000e+00 0.0000e+00 +1.0047e-05 0.03930 2.62141e-01 3.65176e-01 4.87643e-01 1.18076e-02
4.565178 8.40602265e-02 0.00000000e+00 8.40602265e-02 0.00000000e+00 2.01275407e+00 0.00000000e+00 1.61020326e-02 0.000000e+00 0.000000e+00 0.000000e+00 9.498779e+00 -6.391898e-02 0.0000e+00 0.0000e+00 +6.3246e-06 0.03910 2.60911e-01 3.62723e-01 4.83456e-01 1.17947e-02
4.615345 8.32677713e-02 0.00000000e+00 8.32677713e-02 0.00000000e+00 1.98626439e+00 0.00000000e+00 1.58901151e-02 0.000000e+00 0.000000e+00 0.000000e+00 9.407570e+00 -6.399846e-02 0.0000e+00 0.0000e+00 -1.2863e-06 0.03889 2.56353e-01 3.57368e-01 4.76921e-01 1.15611e-02
4.665512 8.24597638e-02 0.00000000e+00 8.24597638e-02 0.00000000e+00 1.95373065e+00 0.00000000e+00 1.56298452e-02 0.000000e+00 0.000000e+00 0.000000e+00 9.242420e+00 -3.933774e-02 0.0000e+00 0.0000e+00 -4.2889e-06 0.03863 2.49160e-01 3.49699e-01 4.68597e-01 1.12799e-02
4.715679 8.16925227e-02 0.00000000e+00 8.16925227e-02 0.00000000e+00 1.92943115e+00 0.00000000e+00 1.54354492e-02 0.000000e+00 0.000000e+00 0.000000e+00 9.206024e+00 -2.137931e-02 0.0000e+00 0.0000e+00 +1.0346e-06 0.03837 2.44768e-01 3.44434e-01 4.62368e-01 1.11783e-02
4.765845 8.08855849e-02 0.00000000e+00 8.08855849e-02 0.00000000e+00 1.91178942e+00 0.00000000e+00 1.52943154e-02 0.000000e+00 0.000000e+00 0.000000e+00 9.235955e+00 -3.475169e-02 0.0000e+00 0.0000e+00 +7.9810e-06 0.03814 2.42747e-01 3.41237e-01 4.57894e-01 1.10766e-02
4.816012 8.01160309e-02 0.00000000e+00 8.01160309e-02 0.00000000e+00 1.89670757e+00 0.00000000e+00 1.51736606e-02 0.000000e+00 0.000000e+00 0.000000e+00 9.193268e+00 -6.130598e-02 0.0000e+00 0.0000e+00 +8.1478e-06 0.03817 2.41573e-01 3.38807e-01 4.54023e-01 1.10042e-02
4.866179 7.93889973e-02 0.00000000e+00 7.93889973e-02 0.00000000e+00 1.87425603e+00 0.00000000e+00 1.49940482e-02 0.000000e+00 0.000000e+00 0.000000e+00 9.060084e+00 -7.175983e-02 0.0000e+00 0.0000e+00 +1.8103e-06 0.03858 2.37269e-01 3.33643e-01 4.47867e-01 1.07368e-02
4.916346 7.86252539e-02 0.00000000e+00 7.86252539e-02 0.00000000e+00 1.84943852e+00 0.00000000e+00 1.47955081e-02 0.000000e+00 0.000000e+00 0.000000e+00 8.980239e+00 -5.553091e-02 0.0000e+00 0.0000e+00 -3.9881e-06 0.03854 2.31752e-01 3.27376e-01 4.40845e-01 1.05539e-02
4.966513 7.78916287e-02 0.00000000e+00 7.78916287e-02 0.00000000e+00 1.82978032e+00 0.00000000e+00 1.46382425e-02 0.000000e+00 0.000000e+00 0.000000e+00 8.987040e+00 -2.940574e-02 0.0000e+00 0.0000e+00 -2.4367e-06 0.03821 2.28154e-01 3.22782e-01 4.35337e-01 1.05104e-02
5.016679 7.71515106e-02 0.00000000e+00 7.71515106e-02 0.00000000e+00 1.81213408e+00 0.00000000e+00 1.44970726e-02 0.000000e+00 0.000000e+00 0.000000e+00 8.922178e+00 -2.636349e-02 0.0000e+00 0.0000e+00 +4.6701e-06 0.03823 2.25251e-01 3.18837e-01 4.30469e-01 1.03716e-02
5.066846 7.63960776e-02 0.00000000e+00 7.63960776e-02 0.00000000e+00 1.79632132e+00 0.00000000e+00 1.43705706e-02 0.000000e+00 0.000000e+00 0.000000e+00 8.839091e+00 -4.699067e-02 0.0000e+00 0.0000e+00 +8.3622e-06 0.03874 2.22993e-01 3.15491e-01 4.26101e-01 1.02190e-02
5.117013 7.57033114e-02 0.00000000e+00 7.57033114e-02 0.00000000e+00 1.78239255e+00 0.00000000e+00 1.42591404e-02 0.000000e+00 0.000000e+00 0.000000e+00 8.813941e+00 -6.208853e-02 0.0000e+00 0.0000e+00 +4.5882e-06 0.03914 2.21436e-01 3.12769e-01 4.22212e-01 1.01471e-02
5.167180 7.49937011e-02 0.00000000e+00 7.49937011e-02 0.00000000e+00 1.76473805e+00 0.00000000e+00 1.41179044e-02 0.000000e+00 0.000000e+00 0.000000e+00 8.762852e+00 -5.528623e-02 0.0000e+00 0.0000e+00 -2.1320e-06 0.03903 2.18154e-01 3.08521e-01 4.17050e-01 1.00087e-02
5.217347 7.42779591e-02 0.00000000e+00 7.42779591e-02 0.00000000e+00 1.74462077e+00 0.00000000e+00 1.39569662e-02 0.000000e+00 0.000000e+00 0.000000e+00 8.667981e+00 -3.211478e-02 0.0000e+00 0.0000e+00 -4.2409e-06 0.03868 2.13654e-01 3.03207e-01 4.11077e-01 9.87530e-03
5.267513 7.35893760e-02 0.00000000e+00 7.35893760e-02 0.00000000e+00 1.72709960e+00 0.00000000e+00 1.38167968e-02 0.000000e+00 0.000000e+00 0.000000e+00 8.580069e+00 -1.656091e-02 0.0000e+00 0.0000e+00 +9.3693e-07 0.03857 2.10187e-01 2.98843e-01 4.06012e-01 9.77216e-03
5.317680 7.28702635e-02 0.00000000e+00 7.28702635e-02 0.00000000e+00 1.71304670e+00 0.00000000e+00 1.37043736e-02 0.000000e+00 0.000000e+00 0.000000e+00 8.564426e+00 -2.501406e-02 0.0000e+00 0.0000e+00 +6.8566e-06 0.03875 2.08211e-01 2.95833e-01 4.02130e-01 9.63704e-03
5.367847 7.21851437e-02 0.00000000e+00 7.21851437e-02 0.00000000e+00 1.70377508e+00 0.00000000e+00 1.36302006e-02 0.000000e+00 0.000000e+00 0.000000e+00 8.569936e+00 -4.206690e-02 0.0000e+00 0.0000e+00 +6.3966e-06 0.03895 2.08401e-01 2.94781e-01 3.99875e-01 9.65569e-03
5.418014 7.15245170e-02 0.00000000e+00 7.15245170e-02 0.00000000e+00 1.68901586e+00 0.00000000e+00 1.35121269e-02 0.000000e+00 0.000000e+00 0.000000e+00 8.471411e+00 -4.513135e-02 0.0000e+00 0.0000e+00 +5.1006e-07 0.03902 2.05996e-01 2.91440e-01 3.95645e-01 9.49686e-03
5.468181 7.08351364e-02 0.00000000e+00 7.08351364e-02 0.00000000e+00 1.66894431e+00 0.00000000e+00 1.33515545e-02 0.000000e+00 0.000000e+00 0.000000e+00 8.339056e+00 -2.808632e-02 0.0000e+00 0.0000e+00 -4.2237e-06 0.03884 2.00969e-01 2.85771e-01 3.89467e-01 9.28108e-03
5.518347 7.01743105e-02 0.00000000e+00 7.01743105e-02 0.00000000e+00 1.65354226e+00 0.00000000e+00 1.32283381e-02 0.000000e+00 0.000000e+00 0.000000e+00 8.312858e+00 -6.098752e-03 0.0000e+00 0.0000e+00 -2.2555e-06 0.03856 1.98071e-01 2.82025e-01 3.85029e-01 9.24456e-03
5.568514 6.95034021e-02 0.00000000e+00 6.95034021e-02 0.00000000e+00 1.64168154e+00 0.00000000e+00 1.31334523e-02 0.000000e+00 0.000000e+00 0.000000e+00 8.303817e+00 -3.412178e-03 0.0000e+00 0.0000e+00 +4.0558e-06 0.03849 1.96866e-01 2.79835e-01 3.81995e-01 9.18753e-03
5.618681 6.88252518e-02 0.00000000e+00 6.88252518e-02 0.00000000e+00 1.63030002e+00 0.00000000e+00 1.30424001e-02 0.000000e+00 0.000000e+00 0.000000e+00 8.234499e+00 -1.770854e-02 0.0000e+00 0.0000e+00 +6.8357e-06 0.03874 1.95856e-01 2.77868e-01 3.79138e-01 9.08503e-03
5.668848 6.81941892e-02 0.00000000e+00 6.81941892e-02 0.00000000e+00 1.61751067e+00 0.00000000e+00 1.29400854e-02 0.000000e+00 0.000000e+00 0.000000e+00 8.156370e+00 -2.640047e-02 0.0000e+00 0.0000e+00 +3.0930e-06 0.03899 1.94083e-01 2.75237e-01 3.75660e-01 8.95777e-03
5.719014 6.75450651e-02 0.00000000e+00 6.75450651e-02 0.00000000e+00 1.60303275e+00 0.00000000e+00 1.28242620e-02 0.000000e+00 0.000000e+00 0.000000e+00 8.101242e+00 -1.765243e-02 0.0000e+00 0.0000e+00 -2.7920e-06 0.03892 1.91405e-01 2.71795e-01 3.71482e-01 8.84974e-03
5.769181 6.68975035e-02 0.00000000e+00 6.68975035e-02 0.00000000e+00 1.58870537e+00 0.00000000e+00 1.27096430e-02 0.000000e+00 0.000000e+00 0.000000e+00 8.038083e+00 3.010745e-03 0.0000e+00 0.0000e+00 -4.1436e-06 0.03866 1.88758e-01 2.68407e-01 3.67426e-01 8.79541e-03
5.819348 6.62682788e-02 0.00000000e+00 6.62682788e-02 0.00000000e+00 1.57456579e+00 0.00000000e+00 1.25965264e-02 0.000000e+00 0.000000e+00 0.000000e+00 7.945046e+00 1.520340e-02 0.0000e+00 0.0000e+00 +7.9478e-07 0.03856 1.86172e-01 2.65125e-01 3.63548e-01 8.68464e-03
5.869515 6.56152767e-02 0.00000000e+00 6.56152767e-02 0.00000000e+00 1.56228839e+00 0.00000000e+00 1.24983071e-02 0.000000e+00 0.000000e+00 0.000000e+00 7.894890e+00 8.055840e-03 0.0000e+00 0.0000e+00 +5.7736e-06 0.03871 1.84497e-01 2.62694e-01 3.60423e-01 8.55904e-03
5.919682 6.49934684e-02 0.00000000e+00 6.49934684e-02 0.00000000e+00 1.55393939e+00 0.00000000e+00 1.24315151e-02 0.000000e+00 0.000000e+00 0.000000e+00 7.894613e+00 -4.006323e-03 0.0000e+00 0.0000e+00 +4.8554e-06 0.03889 1.84832e-01 2.62094e-01 3.58842e-01 8.58454e-03
5.969848 6.43856701e-02 0.00000000e+00 6.43856701e-02 0.00000000e+00 1.54234852e+00 0.00000000e+00 1.23387882e-02 0.000000e+00 0.000000e+00 0.000000e+00 7.822264e+00 -4.568830e-03 0.0000e+00 0.0000e+00 -5.5413e-07 0.03889 1.83448e-01 2.59959e-01 3.55904e-01 8.47911e-03
6.020015 6.37563266e-02 0.00000000e+00 6.37563266e-02 0.00000000e+00 1.52600218e+00 0.00000000e+00 1.22080174e-02 0.000000e+00 0.000000e+00 0.000000e+00 7.691179e+00 1.045472e-02 0.0000e+00 0.0000e+00 -4.3875e-06 0.03876 1.79490e-01 2.55519e-01 3.50997e-01 8.28991e-03
6.070182 6.31524939e-02 0.00000000e+00 6.31524939e-02 0.00000000e+00 1.51249491e+00 0.00000000e+00 1.20999593e-02 0.000000e+00 0.000000e+00 0.000000e+00 7.620863e+00 2.766754e-02 0.0000e+00 0.0000e+00 -2.1343e-06 0.03860 1.77003e-01 2.52436e-01 3.47355e-01 8.24569e-03
6.120349 6.25377101e-02 0.00000000e+00 6.25377101e-02 0.00000000e+00 1.50155873e+00 0.00000000e+00 1.20124698e-02 0.000000e+00 0.000000e+00 0.000000e+00 7.601254e+00 2.802498e-02 0.0000e+00 0.0000e+00 +3.4594e-06 0.03855 1.75913e-01 2.50647e-01 3.44896e-01 8.16728e-03
6.170516 6.19225831e-02 0.00000000e+00 6.19225831e-02 0.00000000e+00 1.49244059e+00 0.00000000e+00 1.19395247e-02 0.000000e+00 0.000000e+00 0.000000e+00 7.563627e+00 1.450517e-02 0.0000e+00 0.0000e+00 +5.4517e-06 0.03865 1.75830e-01 2.49803e-01 3.43245e-01 8.14113e-03
6.220682 6.13419457e-02 0.00000000e+00 6.13419457e-02 0.00000000e+00 1.48123931e+00 0.00000000e+00 1.18499145e-02 0.000000e+00 0.000000e+00 0.000000e+00 7.474375e+00 6.268427e-03 0.0000e+00 0.0000e+00 +1.7730e-06 0.03874 1.74566e-01 2.47904e-01 3.40628e-01 8.03907e-03
6.270849 6.07454061e-02 0.00000000e+00 6.07454061e-02 0.00000000e+00 1.46703307e+00 0.00000000e+00 1.17362645e-02 0.000000e+00 0.000000e+00 0.000000e+00 7.376369e+00 1.351347e-02 0.0000e+00 0.0000e+00 -3.3093e-06 0.03864 1.71567e-01 2.44428e-01 3.36629e-01 7.87247e-03
6.321016 6.01548552e-02 0.00000000e+00 6.01548552e-02 0.00000000e+00 1.45440097e+00 0.00000000e+00 1.16352078e-02 0.000000e+00 0.000000e+00 0.000000e+00 7.312884e+00 2.873153e-02 0.0000e+00 0.0000e+00 -4.0171e-06 0.03842 1.69449e-01 2.41773e-01 3.33421e-01 7.83080e-03
6.371183 5.95767456e-02 0.00000000e+00 5.95767456e-02 0.00000000e+00 1.44291002e+00 0.00000000e+00 1.15432802e-02 0.000000e+00 0.000000e+00 0.000000e+00 7.247583e+00 3.452357e-02 0.0000e+00 0.0000e+00 +5.9462e-07 0.03827 1.68030e-01 2.39792e-01 3.30879e-01 7.77401e-03
6.421350 5.89804435e-02 0.00000000e+00 5.89804435e-02 0.00000000e+00 1.43152976e+00 0.00000000e+00 1.14522381e-02 0.000000e+00 0.000000e+00 0.000000e+00 7.176293e+00 2.426942e-02 0.0000e+00 0.0000e+00 +4.7278e-06 0.03827 1.66671e-01 2.37888e-01 3.28414e-01 7.66149e-03
6.471516 5.84131184e-02 0.00000000e+00 5.84131184e-02 0.00000000e+00 1.42174111e+00 0.00000000e+00 1.13739289e-02 0.000000e+00 0.000000e+00 0.000000e+00 7.130070e+00 1.034233e-02 0.0000e+00 0.0000e+00 +3.4964e-06 0.03833 1.66195e-01 2.36797e-01 3.26619e-01 7.63614e-03
6.521683 5.78527977e-02 0.00000000e+00 5.78527977e-02 0.00000000e+00 1.41105658e+00 0.00000000e+00 1.12884526e-02 0.000000e+00 0.000000e+00 0.000000e+00 7.069976e+00 6.874873e-03 0.0000e+00 0.0000e+00 -1.4325e-06 0.03824 1.65187e-01 2.35222e-01 3.24378e-01 7.57202e-03
6.571850 5.72785508e-02 0.00000000e+00 5.72785508e-02 0.00000000e+00 1.39760206e+00 0.00000000e+00 1.11808165e-02 0.000000e+00 0.000000e+00 0.000000e+00 6.958516e+00 1.619335e-02 0.0000e+00 0.0000e+00 -4.5034e-06 0.03804 1.62548e-01 2.32172e-01 3.20872e-01 7.43763e-03
6.622017 5.67249906e-02 0.00000000e+00 5.67249906e-02 0.00000000e+00 1.38457689e+00 0.00000000e+00 1.10766151e-02 0.000000e+00 0.000000e+00 0.000000e+00 6.850181e+00 2.581615e-02 0.0000e+00 0.0000e+00 -2.0668e-06 0.03784 1.60157e-01 2.29375e-01 3.17659e-01 7.35590e-03
6.672184 5.61614575e-02 0.00000000e+00 5.61614575e-02 0.00000000e+00 1.37336421e+00 0.00000000e+00 1.09869137e-02 0.000000e+00 0.000000e+00 0.000000e+00 6.803040e+00 2.038750e-02 0.0000e+00 0.0000e+00 +2.8597e-06 0.03774 1.58857e-01 2.27589e-01 3.15372e-01 7.26817e-03
6.722350 5.56024687e-02 0.00000000e+00 5.56024687e-02 0.00000000e+00 1.36479921e+00 0.00000000e+00 1.09183937e-02 0.000000e+00 0.000000e+00 0.000000e+00 6.782214e+00 2.560459e-03 0.0000e+00 0.0000e+00 +4.1891e-06 0.03768 1.59172e-01 2.27291e-01 3.14377e-01 7.30509e-03
6.772517 5.50696230e-02 0.00000000e+00 5.50696230e-02 0.00000000e+00 1.35445717e+00 0.00000000e+00 1.08356574e-02 0.000000e+00 0.000000e+00 0.000000e+00 6.700248e+00 -1.026317e-02 0.0000e+00 0.0000e+00 +6.2765e-07 0.03760 1.58365e-01 2.25971e-01 3.12435e-01 7.23641e-03
6.822684 5.45226751e-02 0.00000000e+00 5.45226751e-02 0.00000000e+00 1.34067255e+00 0.00000000e+00 1.07253804e-02 0.000000e+00 0.000000e+00 0.000000e+00 6.570925e+00 -7.915358e-03 0.0000e+00 0.0000e+00 -3.7218e-06 0.03745 1.55344e-01 2.22620e-01 3.08688e-01 7.03219e-03
6.872851 5.39848655e-02 0.00000000e+00 5.39848655e-02 0.00000000e+00 1.32879701e+00 0.00000000e+00 1.06303761e-02 0.000000e+00 0.000000e+00 0.000000e+00 6.492303e+00 1.069378e-03 0.0000e+00 0.0000e+00 -3.9066e-06 0.03723 1.53475e-01 2.20333e-01 3.05932e-01 6.99300e-03
6.923018 5.34546566e-02 0.00000000e+00 5.34546566e-02 0.00000000e+00 1.31843090e+00 0.00000000e+00 1.05474472e-02 0.000000e+00 0.000000e+00 0.000000e+00 6.443036e+00 -7.002792e-04 0.0000e+00 0.0000e+00 +3.5774e-07 0.03704 1.52575e-01 2.18951e-01 3.04030e-01 6.95304e-03
6.973184 5.29118202e-02 0.00000000e+00 5.29118202e-02 0.00000000e+00 1.30803707e+00 0.00000000e+00 1.04642966e-02 0.000000e+00 0.000000e+00 0.000000e+00 6.372709e+00 -1.686842e-02 0.0000e+00 0.0000e+00 +3.7374e-06 0.03694 1.51617e-01 2.17531e-01 3.02084e-01 6.88585e-03
7.023351 5.23943521e-02 0.00000000e+00 5.23943521e-02 0.00000000e+00 1.29815520e+00 0.00000000e+00 1.03852416e-02 0.000000e+00 0.000000e+00 0.000000e+00 6.301750e+00 -3.448447e-02 0.0000e+00 0.0000e+00 +2.2750e-06 0.03686 1.50872e-01 2.16302e-01 3.00255e-01 6.87135e-03
7.073518 5.18802231e-02 0.00000000e+00 5.18802231e-02 0.00000000e+00 1.28761410e+00 0.00000000e+00 1.03009128e-02 0.000000e+00 0.000000e+00 0.000000e+00 6.233337e+00 -4.146593e-02 0.0000e+00 0.0000e+00 -2.1663e-06 0.03671 1.49580e-01 2.14554e-01 2.97928e-01 6.77955e-03
7.123685 5.13576762e-02 0.00000000e+00 5.13576762e-02 0.00000000e+00 1.27636243e+00 0.00000000e+00 1.02108995e-02 0.000000e+00 0.000000e+00 0.000000e+00 6.146099e+00 -3.735468e-02 0.0000e+00 0.0000e+00 -4.5657e-06 0.03650 1.47752e-01 2.12315e-01 2.95182e-01 6.67187e-03
7.173851 5.08511686e-02 0.00000000e+00 5.08511686e-02 0.00000000e+00 1.26544583e+00 0.00000000e+00 1.01235667e-02 0.000000e+00 0.000000e+00 0.000000e+00 6.048638e+00 -3.396619e-02 0.0000e+00 0.0000e+00 -2.0562e-06 0.03631 1.46085e-01 2.10241e-01 2.92628e-01 6.60987e-03
7.224018 5.03353242e-02 0.00000000e+00 5.03353242e-02 0.00000000e+00 1.25514893e+00 0.00000000e+00 1.00411914e-02 0.000000e+00 0.000000e+00 0.000000e+00 5.978300e+00 -4.411080e-02 0.0000e+00 0.0000e+00 +2.2395e-06 0.03617 1.44724e-01 2.08452e-01 2.90331e-01 6.52961e-03
7.274185 4.98273445e-02 0.00000000e+00 4.98273445e-02 0.00000000e+00 1.24689998e+00 0.00000000e+00 9.97519985e-03 0.000000e+00 0.000000e+00 0.000000e+00 5.953093e+00 -6.460484e-02 0.0000e+00 0.0000e+00 +3.0480e-06 0.03608 1.44617e-01 2.07814e-01 2.89021e-01 6.59034e-03
7.324352 4.93387278e-02 0.00000000e+00 4.93387278e-02 0.00000000e+00 1.23840027e+00 0.00000000e+00 9.90720217e-03 0.000000e+00 0.000000e+00 0.000000e+00 5.895993e+00 -7.959246e-02 0.0000e+00 0.0000e+00 -3.5682e-07 0.03598 1.44214e-01 2.06894e-01 2.87412e-01 6.57931e-03
7.374519 4.88378636e-02 0.00000000e+00 4.88378636e-02 0.00000000e+00 1.22729826e+00 0.00000000e+00 9.81838610e-03 0.000000e+00 0.000000e+00 0.000000e+00 5.785497e+00 -8.000029e-02 0.0000e+00 0.0000e+00 -4.0631e-06 0.03583 1.41880e-01 2.04184e-01 2.84184e-01 6.37427e-03
7.424685 4.83464621e-02 0.00000000e+00 4.83464621e-02 0.00000000e+00 1.21720594e+00 0.00000000e+00 9.73764755e-03 0.000000e+00 0.000000e+00 0.000000e+00 5.697035e+00 -7.432766e-02 0.0000e+00 0.0000e+00 -3.8239e-06 0.03567 1.40125e-01 2.02012e-01 2.81467e-01 6.30130e-03
7.474852 4.78588879e-02 0.00000000e+00 4.78588879e-02 0.00000000e+00 1.20855447e+00 0.00000000e+00 9.66843572e-03 0.000000e+00 0.000000e+00 0.000000e+00 5.660871e+00 -7.912950e-02 0.0000e+00 0.0000e+00 +9.3545e-08 0.03556 1.39302e-01 2.00709e-01 2.79558e-01 6.26691e-03
7.525019 4.73632213e-02 0.00000000e+00 4.73632213e-02 0.00000000e+00 1.20056873e+00 0.00000000e+00 9.60454987e-03 0.000000e+00 0.000000e+00 0.000000e+00 5.635273e+00 -9.766683e-02 0.0000e+00 0.0000e+00 +2.8019e-06 0.03549 1.38862e-01 1.99768e-01 2.77958e-01 6.29822e-03
7.575186 4.68884570e-02 0.00000000e+00 4.68884570e-02 0.00000000e+00 1.19242449e+00 0.00000000e+00 9.53939592e-03 0.000000e+00 0.000000e+00 0.000000e+00 5.663664e+00 -1.159896e-01 0.0000e+00 0.0000e+00 +1.1763e-06 0.03545 1.38173e-01 1.98596e-01 2.76104e-01 6.32120e-03
7.625353 4.64141275e-02 0.00000000e+00 4.64141275e-02 0.00000000e+00 1.18320607e+00 0.00000000e+00 9.46564859e-03 0.000000e+00 0.000000e+00 0.000000e+00 5.690530e+00 -1.222164e-01 0.0000e+00 0.0000e+00 -2.7797e-06 0.03542 1.36573e-01 1.96565e-01 2.73450e-01 6.17980e-03
7.675519 4.59352239e-02 0.00000000e+00 4.59352239e-02 0.00000000e+00 1.17458034e+00 0.00000000e+00 9.39664273e-03 0.000000e+00 0.000000e+00 0.000000e+00 5.723494e+00 -1.191991e-01 0.0000e+00 0.0000e+00 -4.5971e-06 0.03534 1.35345e-01 1.94879e-01 2.71133e-01 6.06712e-03
7.725686 4.54681512e-02 0.00000000e+00 4.54681512e-02 0.00000000e+00 1.16645453e+00 0.00000000e+00 9.33163621e-03 0.000000e+00 0.000000e+00 0.000000e+00 5.751612e+00 -1.191735e-01 0.0000e+00 0.0000e+00 -2.0965e-06 0.03528 1.34489e-01 1.93557e-01 2.69193e-01 6.02487e-03
7.775853 4.49919686e-02 0.00000000e+00 4.49919686e-02 0.00000000e+00 1.15795891e+00 0.00000000e+00 9.26367126e-03 0.000000e+00 0.000000e+00 0.000000e+00 5.787337e+00 -1.306126e-01 0.0000e+00 0.0000e+00 +1.6160e-06 0.03526 1.33328e-01 1.91973e-01 2.67032e-01 5.99052e-03
7.826020 4.45253571e-02 0.00000000e+00 4.45253571e-02 0.00000000e+00 1.15051245e+00 0.00000000e+00 9.20409960e-03 0.000000e+00 0.000000e+00 0.000000e+00 5.825099e+00 -1.489766e-01 0.0000e+00 0.0000e+00 +2.0073e-06 0.03527 1.32889e-01 1.91064e-01 2.65463e-01 6.09108e-03
7.876187 4.40729603e-02 0.00000000e+00 4.40729603e-02 0.00000000e+00 1.14332886e+00 0.00000000e+00 9.14663090e-03 0.000000e+00 0.000000e+00 0.000000e+00 5.861154e+00 -1.622281e-01 0.0000e+00 0.0000e+00 -1.2069e-06 0.03531 1.32630e-01 1.90320e-01 2.64030e-01 6.10036e-03
7.926353 4.36107184e-02 0.00000000e+00 4.36107184e-02 0.00000000e+00 1.13457724e+00 0.00000000e+00 9.07661793e-03 0.000000e+00 0.000000e+00 0.000000e+00 5.895905e+00 -1.632072e-01 0.0000e+00 0.0000e+00 -4.3358e-06 0.03530 1.31220e-01 1.88510e-01 2.61655e-01 5.90148e-03
7.976520 4.31566969e-02 0.00000000e+00 4.31566969e-02 0.00000000e+00 1.12596347e+00 0.00000000e+00 9.00770775e-03 0.000000e+00 0.000000e+00 0.000000e+00 5.927168e+00 -1.586933e-01 0.0000e+00 0.0000e+00 -3.7731e-06 0.03526 1.29976e-01 1.86878e-01 2.59500e-01 5.78650e-03
8.026687 4.27040285e-02 0.00000000e+00 4.27040285e-02 0.00000000e+00 1.11799077e+00 0.00000000e+00 8.94392619e-03 0.000000e+00 0.000000e+00 0.000000e+00 5.967802e+00 -1.639441e-01 0.0000e+00 0.0000e+00 -2.0652e-07 0.03524 1.29301e-01 1.85799e-01 2.57902e-01 5.77250e-03
8.076854 4.22472621e-02 0.00000000e+00 4.22472621e-02 0.00000000e+00 1.11062298e+00 0.00000000e+00 8.88498386e-03 0.000000e+00 0.000000e+00 0.000000e+00 6.009565e+00 -1.815456e-01 0.0000e+00 0.0000e+00 +1.9271e-06 0.03524 1.29178e-01 1.85256e-01 2.56812e-01 5.89494e-03
8.127021 4.18084278e-02 0.00000000e+00 4.18084278e-02 0.00000000e+00 1.10304847e+00 0.00000000e+00 8.82438774e-03 0.000000e+00 0.000000e+00 0.000000e+00 6.049120e+00 -1.977589e-01 0.0000e+00 0.0000e+00 +2.0153e-07 0.03526 1.28963e-01 1.84643e-01 2.55659e-01 5.96003e-03
8.177187 4.13683501e-02 0.00000000e+00 4.13683501e-02 0.00000000e+00 1.09398369e+00 0.00000000e+00 8.75186953e-03 0.000000e+00 0.000000e+00 0.000000e+00 6.084279e+00 -2.025394e-01 0.0000e+00 0.0000e+00 -3.3013e-06 0.03525 1.27637e-01 1.82998e-01 2.53585e-01 5.78815e-03
8.227354 4.09268757e-02 0.00000000e+00 4.09268757e-02 0.00000000e+00 1.08544379e+00 0.00000000e+00 8.68355029e-03 0.000000e+00 0.000000e+00 0.000000e+00 6.112934e+00 -2.003780e-01 0.0000e+00 0.0000e+00 -4.6175e-06 0.03521 1.26844e-01 1.81863e-01 2.52037e-01 5.63839e-03
8.277521 4.04942829e-02 0.00000000e+00 4.04942829e-02 0.00000000e+00 1.07745764e+00 0.00000000e+00 8.61966109e-03 0.000000e+00 0.000000e+00 0.000000e+00 6.141149e+00 -2.030446e-01 0.0000e+00 0.0000e+00 -2.1699e-06 0.03515 1.26662e-01 1.81329e-01 2.51117e-01 5.60384e-03
8.327688 4.00545334e-02 0.00000000e+00 4.00545334e-02 0.00000000e+00 1.06884254e+00 0.00000000e+00 8.55074030e-03 0.000000e+00 0.000000e+00 0.000000e+00 6.171167e+00 -2.159505e-01 0.0000e+00 0.0000e+00 +1.0005e-06 0.03508 1.26104e-01 1.80479e-01 2.49955e-01 5.65165e-03
8.377855 3.96253210e-02 0.00000000e+00 3.96253210e-02 0.00000000e+00 1.06047397e+00 0.00000000e+00 8.48379175e-03 0.000000e+00 0.000000e+00 0.000000e+00 6.194559e+00 -2.327477e-01 0.0000e+00 0.0000e+00 +1.0529e-06 0.03504 1.25818e-01 1.79903e-01 2.49054e-01 5.77014e-03
8.428021 3.92074358e-02 0.00000000e+00 3.92074358e-02 0.00000000e+00 1.05213950e+00 0.00000000e+00 8.41711596e-03 0.000000e+00 0.000000e+00 0.000000e+00 6.211052e+00 -2.444823e-01 0.0000e+00 0.0000e+00 -1.9370e-06 0.03497 1.25632e-01 1.79424e-01 2.48254e-01 5.75245e-03
8.478188 3.87828737e-02 0.00000000e+00 3.87828737e-02 0.00000000e+00 1.04312921e+00 0.00000000e+00 8.34503367e-03 0.000000e+00 0.000000e+00 0.000000e+00 6.221233e+00 -2.481472e-01 0.0000e+00 0.0000e+00 -4.5466e-06 0.03487 1.25005e-01 1.78541e-01 2.47133e-01 5.56753e-03
8.528355 3.83658311e-02 0.00000000e+00 3.83658311e-02 0.00000000e+00 1.03406882e+00 0.00000000e+00 8.27255059e-03 0.000000e+00 0.000000e+00 0.000000e+00 6.224289e+00 -2.486992e-01 0.0000e+00 0.0000e+00 -3.7526e-06 0.03475 1.24470e-01 1.77774e-01 2.46192e-01 5.43982e-03
8.578522 3.79487348e-02 0.00000000e+00 3.79487348e-02 0.00000000e+00 1.02503265e+00 0.00000000e+00 8.20026122e-03 0.000000e+00 0.000000e+00 0.000000e+00 6.218379e+00 -2.563243e-01 0.0000e+00 0.0000e+00 -5.3427e-07 0.03465 1.24051e-01 1.77144e-01 2.45438e-01 5.44919e-03
8.628689 3.75315037e-02 0.00000000e+00 3.75315037e-02 0.00000000e+00 1.01653046e+00 0.00000000e+00 8.13224368e-03 0.000000e+00 0.000000e+00 0.000000e+00 6.205172e+00 -2.736515e-01 0.0000e+00 0.0000e+00 +1.1176e-06 0.03455 1.24143e-01 1.77013e-01 2.45163e-01 5.59948e-03
8.678855 3.71303031e-02 0.00000000e+00 3.71303031e-02 0.00000000e+00 1.00823261e+00 0.00000000e+00 8.06586091e-03 0.000000e+00 0.000000e+00 0.000000e+00 6.190325e+00 -2.904966e-01 0.0000e+00 0.0000e+00 -6.5634e-07 0.03446 1.24454e-01 1.77098e-01 2.45089e-01 5.68016e-03
8.729022 3.67276263e-02 0.00000000e+00 3.67276263e-02 0.00000000e+00 9.98622420e-01 0.00000000e+00 7.98897936e-03 0.000000e+00 0.000000e+00 0.000000e+00 6.169808e+00 -2.972837e-01 0.0000e+00 0.0000e+00 -3.7404e-06 0.03433 1.23660e-01 1.76151e-01 2.44090e-01 5.50757e-03
8.779189 3.63256408e-02 0.00000000e+00 3.63256408e-02 0.00000000e+00 9.89160026e-01 0.00000000e+00 7.91328021e-03 0.000000e+00 0.000000e+00 0.000000e+00 6.142169e+00 -2.972891e-01 0.0000e+00 0.0000e+00 -4.6296e-06 0.03419 1.23034e-01 1.75374e-01 2.43300e-01 5.33037e-03
8.829356 3.59305313e-02 0.00000000e+00 3.59305313e-02 0.00000000e+00 9.80386148e-01 0.00000000e+00 7.84308918e-03 0.000000e+00 0.000000e+00 0.000000e+00 6.111143e+00 -3.024690e-01 0.0000e+00 0.0000e+00 -2.2702e-06 0.03404 1.23070e-01 1.75240e-01 2.43167e-01 5.30442e-03
8.879522 3.55306880e-02 0.00000000e+00 3.55306880e-02 0.00000000e+00 9.71582190e-01 0.00000000e+00 7.77265752e-03 0.000000e+00 0.000000e+00 0.000000e+00 6.075696e+00 -3.168727e-01 0.0000e+00 0.0000e+00 +4.0674e-07 0.03388 1.23112e-01 1.75134e-01 2.43093e-01 5.40522e-03
8.929689 3.51417752e-02 0.00000000e+00 3.51417752e-02 0.00000000e+00 9.62878707e-01 0.00000000e+00 7.70302965e-03 0.000000e+00 0.000000e+00 0.000000e+00 6.036652e+00 -3.318756e-01 0.0000e+00 0.0000e+00 +1.8952e-07 0.03374 1.23213e-01 1.75096e-01 2.43077e-01 5.51636e-03
8.979856 3.47616687e-02 0.00000000e+00 3.47616687e-02 0.00000000e+00 9.53807066e-01 0.00000000e+00 7.63045653e-03 0.000000e+00 0.000000e+00 0.000000e+00 5.997465e+00 -3.406159e-01 0.0000e+00 0.0000e+00 -2.5610e-06 0.03363 1.22922e-01 1.74687e-01 2.42714e-01 5.45564e-03
9.030023 3.43773916e-02 0.00000000e+00 3.43773916e-02 0.00000000e+00 9.44659099e-01 0.00000000e+00 7.55727279e-03 0.000000e+00 0.000000e+00 0.000000e+00 5.956515e+00 -3.438915e-01 0.0000e+00 0.0000e+00 -4.7058e-06 0.03349 1.22541e-01 1.74194e-01 2.42306e-01 5.28550e-03
9.080190 3.39999182e-02 0.00000000e+00 3.39999182e-02 0.00000000e+00 9.35774125e-01 0.00000000e+00 7.48619300e-03 0.000000e+00 0.000000e+00 0.000000e+00 5.911332e+00 -3.458231e-01 0.0000e+00 0.0000e+00 -3.7502e-06 0.03334 1.22418e-01 1.73959e-01 2.42194e-01 5.17808e-03
9.130356 3.36215549e-02 0.00000000e+00 3.36215549e-02 0.00000000e+00 9.26738235e-01 0.00000000e+00 7.41390588e-03 0.000000e+00 0.000000e+00 0.000000e+00 5.863407e+00 -3.521347e-01 0.0000e+00 0.0000e+00 -8.7372e-07 0.03320 1.22132e-01 1.73593e-01 2.42003e-01 5.19744e-03
9.180523 3.32454401e-02 0.00000000e+00 3.32454401e-02 0.00000000e+00 9.18276516e-01 0.00000000e+00 7.34621213e-03 0.000000e+00 0.000000e+00 0.000000e+00 5.816977e+00 -3.639204e-01 0.0000e+00 0.0000e+00 +3.7054e-07 0.03308 1.22323e-01 1.73680e-01 2.42227e-01 5.33570e-03
9.230690 3.28830710e-02 0.00000000e+00 3.28830710e-02 0.00000000e+00 9.10288232e-01 0.00000000e+00 7.28230586e-03 0.000000e+00 0.000000e+00 0.000000e+00 5.771088e+00 -3.750262e-01 0.0000e+00 0.0000e+00 -1.4032e-06 0.03296 1.22893e-01 1.74121e-01 2.42756e-01 5.40478e-03
9.280857 3.25192935e-02 0.00000000e+00 3.25192935e-02 0.00000000e+00 9.01265470e-01 0.00000000e+00 7.21012376e-03 0.000000e+00 0.000000e+00 0.000000e+00 5.724783e+00 -3.789247e-01 0.0000e+00 0.0000e+00 -4.0977e-06 0.03284 1.22412e-01 1.73573e-01 2.42387e-01 5.24776e-03
9.331024 3.21571011e-02 0.00000000e+00 3.21571011e-02 0.00000000e+00 8.92054270e-01 0.00000000e+00 7.13643416e-03 0.000000e+00 0.000000e+00 0.000000e+00 5.677425e+00 -3.764910e-01 0.0000e+00 0.0000e+00 -4.6373e-06 0.03269 1.21704e-01 1.72824e-01 2.41874e-01 5.06879e-03
9.381190 3.17998932e-02 0.00000000e+00 3.17998932e-02 0.00000000e+00 8.83536984e-01 0.00000000e+00 7.06829587e-03 0.000000e+00 0.000000e+00 0.000000e+00 5.629186e+00 -3.771165e-01 0.0000e+00 0.0000e+00 -2.3939e-06 0.03255 1.21652e-01 1.72700e-01 2.41983e-01 5.04848e-03
9.431357 3.14398610e-02 0.00000000e+00 3.14398610e-02 0.00000000e+00 8.75467492e-01 0.00000000e+00 7.00373994e-03 0.000000e+00 0.000000e+00 0.000000e+00 5.581327e+00 -3.856326e-01 0.0000e+00 0.0000e+00 -1.5283e-07 0.03246 1.22015e-01 1.72973e-01 2.42471e-01 5.16520e-03
9.481524 3.10903420e-02 0.00000000e+00 3.10903420e-02 0.00000000e+00 8.67627726e-01 0.00000000e+00 6.94102181e-03 0.000000e+00 0.000000e+00 0.000000e+00 5.535333e+00 -3.943689e-01 0.0000e+00 0.0000e+00 -5.8103e-07 0.03239 1.22552e-01 1.73414e-01 2.43095e-01 5.27312e-03
9.531691 3.07470559e-02 0.00000000e+00 3.07470559e-02 0.00000000e+00 8.59050320e-01 0.00000000e+00 6.87240256e-03 0.000000e+00 0.000000e+00 0.000000e+00 5.490774e+00 -3.961885e-01 0.0000e+00 0.0000e+00 -3.0931e-06 0.03230 1.22269e-01 1.73082e-01 2.42997e-01 5.18949e-03
9.581858 3.04013309e-02 0.00000000e+00 3.04013309e-02 0.00000000e+00 8.50235531e-01 0.00000000e+00 6.80188425e-03 0.000000e+00 0.000000e+00 0.000000e+00 5.446415e+00 -3.932917e-01 0.0000e+00 0.0000e+00 -4.8232e-06 0.03218 1.21698e-01 1.72483e-01 2.42678e-01 5.01862e-03
9.632024 3.00615494e-02 0.00000000e+00 3.00615494e-02 0.00000000e+00 8.41865352e-01 0.00000000e+00 6.73492282e-03 0.000000e+00 0.000000e+00 0.000000e+00 5.400991e+00 -3.913655e-01 0.0000e+00 0.0000e+00 -3.7582e-06 0.03205 1.21593e-01 1.72335e-01 2.42824e-01 4.93497e-03
9.682191 2.97206757e-02 0.00000000e+00 2.97206757e-02 0.00000000e+00 8.33606767e-01 0.00000000e+00 6.66885414e-03 0.000000e+00 0.000000e+00 0.000000e+00 5.354863e+00 -3.931721e-01 0.0000e+00 0.0000e+00 -1.2154e-06 0.03194 1.21618e-01 1.72319e-01 2.43127e-01 4.97563e-03
9.732358 2.93832681e-02 0.00000000e+00 2.93832681e-02 0.00000000e+00 8.25792748e-01 0.00000000e+00 6.60634198e-03 0.000000e+00 0.000000e+00 0.000000e+00 5.342507e+00 -3.967082e-01 0.0000e+00 0.0000e+00 -3.1611e-07 0.03185 1.22083e-01 1.72719e-01 2.43802e-01 5.09697e-03
9.782525 2.90572213e-02 0.00000000e+00 2.90572213e-02 0.00000000e+00 8.18121033e-01 0.00000000e+00 6.54496826e-03 0.000000e+00 0.000000e+00 0.000000e+00 5.374248e+00 -3.989336e-01 0.0000e+00 0.0000e+00 -2.0484e-06 0.03175 1.22657e-01 1.73221e-01 2.44549e-01 5.13324e-03
9.832692 2.87299920e-02 0.00000000e+00 2.87299920e-02 0.00000000e+00 8.09645396e-01 0.00000000e+00 6.47716316e-03 0.000000e+00 0.000000e+00 0.000000e+00 5.407642e+00 -3.976062e-01 0.0000e+00 0.0000e+00 -4.3828e-06 0.03162 1.22354e-01 1.72908e-01 2.44558e-01 4.99595e-03
9.882858 2.84051093e-02 0.00000000e+00 2.84051093e-02 0.00000000e+00 8.00865859e-01 0.00000000e+00 6.40692687e-03 0.000000e+00 0.000000e+00 0.000000e+00 5.431158e+00 -3.919926e-01 0.0000e+00 0.0000e+00 -4.6425e-06 0.03146 1.21734e-01 1.72314e-01 2.44359e-01 4.83963e-03
9.933025 2.80838106e-02 0.00000000e+00 2.80838106e-02 0.00000000e+00 7.92467744e-01 0.00000000e+00 6.33974196e-03 0.000000e+00 0.000000e+00 0.000000e+00 5.458286e+00 -3.874608e-01 0.0000e+00 0.0000e+00 -2.5360e-06 0.03132 1.21556e-01 1.72146e-01 2.44597e-01 4.81762e-03
9.983192 2.77613326e-02 0.00000000e+00 2.77613326e-02 0.00000000e+00 7.84771724e-01 0.00000000e+00 6.27817379e-03 0.000000e+00 0.000000e+00 0.000000e+00 5.478095e+00 -3.888781e-01 0.0000e+00 0.0000e+00 -6.7668e-07 0.03119 1.22176e-01 1.72728e-01 2.45534e-01 4.93230e-03
9.999640 2.76574330e-02 0.00000000e+00 2.76574330e-02 0.00000000e+00 7.82418136e-01 0.00000000e+00 6.25934509e-03 0.000000e+00 0.000000e+00 0.000000e+00 5.483168e+00 -3.900299e-01 0.0000e+00 0.0000e+00 -5.7337e-07 0.03115 1.22570e-01 1.73100e-01 2.46003e-01 4.98115e-03
