# tg_mhd (CUDA FP64)  tgc_slip_cond_n512_re1000  N=512 L=512 Re=1000 Pm=1 u0=0.05 nu_lat=8.132818e-03 eta_lat=8.132818e-03 tau_f=0.524398 tau_m=0.532531 dt=3.073965e-04
# t E_V E_M E_T H_C Omega_V Omega_M eps EM/EV OmM/OmV j_max w_max skew divb/j divb_wall/j mass_drift umax_lat fw1 fw2 fw4 tau_wall
0.000000 1.25000000e-01 1.25000000e-01 2.50000000e-01 5.80391525e-21 3.74995275e-01 1.49992441e+00 3.74983937e-03 1.000000e+00 3.999849e+00 3.463982e+00 1.999969e+00 1.340703e-19 7.5618e-15 2.0637e-14 +0.0000e+00 0.05000 4.31034e-02 8.25146e-02 1.62417e-01 0.00000e+00
0.099904 1.24819137e-01 1.24489772e-01 2.49308910e-01 5.66272387e-08 3.83316286e-01 1.50023237e+00 3.76709732e-03 9.973613e-01 3.913824e+00 3.549084e+00 2.003258e+00 1.399930e-01 1.6763e-06 2.5289e-06 +1.9124e-07 0.05087 4.30512e-02 8.24283e-02 1.62338e-01 0.00000e+00
0.199808 1.24762019e-01 1.24053795e-01 2.48815813e-01 3.55700591e-07 4.10204428e-01 1.51501519e+00 3.85043924e-03 9.943234e-01 3.693318e+00 3.666005e+00 2.047491e+00 3.381196e-02 4.8112e-06 7.7505e-06 -6.5309e-06 0.05129 4.26772e-02 8.17595e-02 1.61336e-01 0.00000e+00
0.299712 1.24734743e-01 1.24021485e-01 2.48756228e-01 1.43135708e-06 4.52695825e-01 1.55026290e+00 4.00591745e-03 9.942818e-01 3.424513e+00 3.810556e+00 2.120950e+00 2.053894e-01 9.7268e-06 1.6163e-05 -3.1686e-06 0.05225 4.22288e-02 8.09927e-02 1.60414e-01 0.00000e+00
0.399616 1.24260711e-01 1.23926905e-01 2.48187616e-01 4.09688760e-06 5.07967142e-01 1.60393855e+00 4.22381139e-03 9.973137e-01 3.157564e+00 4.012520e+00 2.209760e+00 2.341224e-01 1.6462e-05 2.8053e-05 +6.7100e-06 0.05290 4.17722e-02 8.02695e-02 1.59922e-01 0.00000e+00
0.499519 1.24205909e-01 1.23580552e-01 2.47786461e-01 9.38224022e-06 5.76344304e-01 1.67674135e+00 4.50617130e-03 9.949652e-01 2.909270e+00 4.238496e+00 2.321597e+00 2.270187e-01 2.5139e-05 4.4151e-05 -5.7613e-06 0.05296 4.09031e-02 7.88406e-02 1.58474e-01 0.00000e+00
0.599423 1.23810086e-01 1.23433314e-01 2.47243400e-01 1.82932378e-05 6.56413055e-01 1.77815995e+00 4.86914601e-03 9.969569e-01 2.708904e+00 4.490014e+00 2.443463e+00 3.434530e-01 3.6286e-05 6.6614e-05 -6.9760e-06 0.05432 4.00961e-02 7.76753e-02 1.58140e-01 0.00000e+00
0.699327 1.23272071e-01 1.23507374e-01 2.46779444e-01 3.19046893e-05 7.49923206e-01 1.91295515e+00 5.32575671e-03 1.001909e+00 2.550868e+00 4.746501e+00 2.758035e+00 3.063643e-01 5.0898e-05 1.0094e-04 +4.3442e-06 0.05504 3.93833e-02 7.69518e-02 1.59394e-01 0.00000e+00
0.799231 1.23098365e-01 1.23261429e-01 2.46359793e-01 5.10689102e-05 8.60738458e-01 2.07614659e+00 5.87377010e-03 1.001325e+00 2.412053e+00 4.958734e+00 3.144178e+00 4.102720e-01 7.0042e-05 1.5623e-04 -1.4250e-06 0.05585 3.85101e-02 7.63289e-02 1.61307e-01 0.00000e+00
0.899135 1.22768714e-01 1.22798920e-01 2.45567634e-01 7.64822174e-05 9.91536527e-01 2.27753013e+00 6.53813332e-03 1.000246e+00 2.296970e+00 5.415549e+00 3.612451e+00 4.888850e-01 9.6061e-05 2.4757e-04 -4.1420e-06 0.05742 3.80086e-02 7.70000e-02 1.65554e-01 0.00000e+00
0.999039 1.22701818e-01 1.22204783e-01 2.44906602e-01 1.08693013e-04 1.14961304e+00 2.52240544e+00 7.34403695e-03 9.959492e-01 2.194134e+00 6.825493e+00 4.270563e+00 4.173581e-01 1.3111e-04 3.8521e-04 -3.1076e-06 0.05887 3.82102e-02 7.95594e-02 1.72254e-01 0.00000e+00
1.098943 1.22887070e-01 1.21356733e-01 2.44243803e-01 1.47868053e-04 1.34075425e+00 2.81918060e+00 8.31986971e-03 9.875468e-01 2.102683e+00 8.960782e+00 5.561672e+00 4.638875e-01 1.7873e-04 5.6794e-04 -1.2239e-06 0.06062 3.95207e-02 8.43963e-02 1.81112e-01 0.00000e+00
1.198847 1.23147104e-01 1.20131888e-01 2.43278991e-01 1.94574622e-04 1.56842381e+00 3.18099356e+00 9.49883473e-03 9.755153e-01 2.028147e+00 1.173814e+01 7.014240e+00 5.556572e-01 2.4684e-04 7.8324e-04 +3.4861e-06 0.06203 4.22071e-02 9.15025e-02 1.91464e-01 0.00000e+00
1.298750 1.23829777e-01 1.18417081e-01 2.42246858e-01 2.49908043e-04 1.83725764e+00 3.60951622e+00 1.08935477e-02 9.562892e-01 1.964622e+00 1.512817e+01 8.470599e+00 4.980335e-01 3.5135e-04 1.0190e-03 -6.4890e-06 0.06229 4.56915e-02 9.94869e-02 2.00827e-01 0.00000e+00
1.398654 1.24629903e-01 1.16523679e-01 2.41153582e-01 3.15907088e-04 2.14933045e+00 4.14100437e+00 1.25806696e-02 9.349576e-01 1.926649e+00 1.906546e+01 1.010589e+01 4.836204e-01 5.1899e-04 1.3124e-03 -4.8368e-06 0.06496 4.99975e-02 1.08258e-01 2.09345e-01 0.00000e+00
1.498558 1.25232610e-01 1.14455882e-01 2.39688492e-01 3.96017205e-04 2.50133518e+00 4.79551420e+00 1.45936988e-02 9.139463e-01 1.917182e+00 2.312739e+01 1.245085e+01 5.202145e-01 7.5879e-04 1.6919e-03 +6.6086e-06 0.06448 5.46629e-02 1.16562e-01 2.15678e-01 0.00000e+00
1.598462 1.26268647e-01 1.11972813e-01 2.38241460e-01 4.94142421e-04 2.88297076e+00 5.55361333e+00 1.68731682e-02 8.867824e-01 1.926351e+00 2.659238e+01 1.491341e+01 6.119256e-01 1.0468e-03 2.1286e-03 -3.2361e-06 0.06468 5.85556e-02 1.22092e-01 2.17362e-01 0.00000e+00
1.698366 1.26924834e-01 1.09395470e-01 2.36320304e-01 6.13839915e-04 3.27633638e+00 6.43438528e+00 1.94214433e-02 8.618918e-01 1.963896e+00 2.913430e+01 1.712060e+01 5.672208e-01 1.3587e-03 2.5508e-03 -5.3031e-06 0.06465 6.16586e-02 1.24958e-01 2.15942e-01 0.00000e+00
1.798270 1.27451012e-01 1.06795793e-01 2.34246805e-01 7.57612108e-04 3.66026463e+00 7.41800874e+00 2.21565468e-02 8.379360e-01 2.026632e+00 3.069898e+01 1.874125e+01 5.113785e-01 1.6961e-03 2.9112e-03 +2.3496e-06 0.06234 6.33848e-02 1.24797e-01 2.11875e-01 0.00000e+00
1.898174 1.27937276e-01 1.03995337e-01 2.31932614e-01 9.26481553e-04 4.00629430e+00 8.39960162e+00 2.48117918e-02 8.128619e-01 2.096601e+00 3.119910e+01 1.925053e+01 5.312395e-01 2.0635e-03 3.2181e-03 +3.8413e-07 0.06095 6.29914e-02 1.21319e-01 2.05392e-01 0.00000e+00
1.998078 1.28200781e-01 1.01069174e-01 2.29269955e-01 1.12110487e-03 4.30092352e+00 9.25738504e+00 2.71166171e-02 7.883663e-01 2.152418e+00 3.325729e+01 1.846081e+01 5.374075e-01 2.4438e-03 3.4708e-03 +7.2900e-07 0.05999 6.07482e-02 1.15861e-01 1.99046e-01 0.00000e+00
2.097981 1.28418963e-01 9.80046859e-02 2.26423649e-01 1.34235481e-03 4.56434568e+00 9.85433479e+00 2.88373609e-02 7.631637e-01 2.158981e+00 3.578975e+01 1.746980e+01 4.604437e-01 2.7946e-03 3.6730e-03 -3.1031e-06 0.05667 5.67464e-02 1.09110e-01 1.94422e-01 0.00000e+00
2.197885 1.28620521e-01 9.49354693e-02 2.23555990e-01 1.58936502e-03 4.82746638e+00 1.01549770e+01 2.99648868e-02 7.381052e-01 2.103583e+00 3.767740e+01 1.701429e+01 4.517831e-01 3.0521e-03 3.8539e-03 -7.3490e-07 0.05539 5.20563e-02 1.02565e-01 1.95438e-01 0.00000e+00
2.297789 1.28543646e-01 9.18021377e-02 2.20345784e-01 1.86024888e-03 5.09754443e+00 1.01710669e+01 3.05372227e-02 7.141709e-01 1.995288e+00 3.868191e+01 1.699313e+01 5.217652e-01 3.1306e-03 4.0966e-03 +7.3135e-06 0.05424 4.74961e-02 9.73511e-02 2.05265e-01 0.00000e+00
2.397693 1.28777531e-01 8.85917220e-02 2.17369253e-01 2.15153030e-03 5.37985891e+00 9.99240310e+00 3.07445240e-02 6.879439e-01 1.857373e+00 3.863016e+01 1.741256e+01 5.649041e-01 3.0137e-03 4.2795e-03 -3.4481e-06 0.05586 4.33722e-02 9.40056e-02 2.18253e-01 0.00000e+00
2.497597 1.28769702e-01 8.54700454e-02 2.14239747e-01 2.45710529e-03 5.65178798e+00 9.80469537e+00 3.09129667e-02 6.637434e-01 1.734795e+00 3.788226e+01 1.771601e+01 5.258058e-01 2.7939e-03 4.5338e-03 -3.3969e-06 0.05834 4.09862e-02 9.51955e-02 2.30772e-01 0.00000e+00
2.597501 1.28550274e-01 8.24633512e-02 2.11013626e-01 2.76966161e-03 5.90189017e+00 9.67580756e+00 3.11553955e-02 6.414872e-01 1.639442e+00 3.649355e+01 1.806237e+01 5.194398e-01 2.5768e-03 4.3206e-03 +6.8294e-06 0.05945 4.02791e-02 1.01812e-01 2.39166e-01 0.00000e+00
2.697405 1.28586026e-01 7.94184176e-02 2.08004444e-01 3.08207429e-03 6.12449524e+00 9.55655355e+00 3.13620976e-02 6.176287e-01 1.560382e+00 3.464520e+01 1.955868e+01 5.332259e-01 2.4047e-03 4.3811e-03 +1.0504e-07 0.05992 4.14312e-02 1.10077e-01 2.40741e-01 0.00000e+00
2.797309 1.28315275e-01 7.64222203e-02 2.04737496e-01 3.39020619e-03 6.32119912e+00 9.46246940e+00 3.15673370e-02 5.955816e-01 1.496942e+00 3.309195e+01 2.066163e+01 5.175583e-01 2.2823e-03 4.7359e-03 -1.6347e-06 0.06146 4.52611e-02 1.17050e-01 2.38584e-01 0.00000e+00
2.897212 1.27982325e-01 7.35529637e-02 2.01535288e-01 3.69027543e-03 6.50035121e+00 9.37766975e+00 3.17560419e-02 5.747119e-01 1.442640e+00 3.192058e+01 2.108617e+01 5.109581e-01 2.2205e-03 5.1959e-03 +1.1763e-06 0.06225 5.02602e-02 1.20833e-01 2.33805e-01 0.00000e+00
2.997116 1.27579382e-01 7.08511563e-02 1.98430539e-01 3.97532185e-03 6.67273841e+00 9.29425516e+00 3.19339871e-02 5.553496e-01 1.392870e+00 3.165893e+01 2.148017e+01 5.171077e-01 2.2399e-03 5.5419e-03 +1.2518e-06 0.06328 5.35066e-02 1.20353e-01 2.26117e-01 0.00000e+00
3.097020 1.26840806e-01 6.82376935e-02 1.95078499e-01 4.24044476e-03 6.82159850e+00 9.22112849e+00 3.20854540e-02 5.379790e-01 1.351755e+00 3.059376e+01 2.231634e+01 5.295210e-01 2.3161e-03 5.6169e-03 +4.6908e-06 0.06371 5.35383e-02 1.16100e-01 2.16703e-01 0.00000e+00
3.196924 1.26061103e-01 6.58334546e-02 1.91894557e-01 4.48306506e-03 6.94968432e+00 9.20456896e+00 3.23085066e-02 5.222345e-01 1.324459e+00 3.033002e+01 2.320216e+01 5.205538e-01 2.4263e-03 5.4921e-03 -2.7176e-06 0.06463 5.01690e-02 1.08265e-01 2.04861e-01 0.00000e+00
3.296828 1.25000690e-01 6.36888552e-02 1.88689545e-01 4.70226749e-03 7.03756319e+00 9.34013777e+00 3.27554019e-02 5.095080e-01 1.327184e+00 3.191074e+01 2.360361e+01 5.025958e-01 2.5994e-03 5.3393e-03 -1.1269e-06 0.06664 4.54434e-02 9.94939e-02 1.93504e-01 0.00000e+00
3.396732 1.23418441e-01 6.17522715e-02 1.85170712e-01 4.89999794e-03 7.07908133e+00 9.66921861e+00 3.34965999e-02 5.003488e-01 1.365886e+00 3.571513e+01 2.286878e+01 4.900837e-01 2.9193e-03 5.1769e-03 +8.2074e-06 0.06697 4.07484e-02 9.12112e-02 1.83920e-01 0.00000e+00
3.496636 1.21974151e-01 5.99502929e-02 1.81924444e-01 5.07975150e-03 7.08849146e+00 1.01105639e+01 3.43981108e-02 4.915000e-01 1.426335e+00 3.869921e+01 2.076035e+01 4.843898e-01 3.3516e-03 4.8289e-03 -1.3458e-06 0.06660 3.65316e-02 8.38996e-02 1.76160e-01 0.00000e+00
3.596540 1.20065918e-01 5.82838147e-02 1.78349732e-01 5.24495552e-03 7.07479247e+00 1.05910158e+01 3.53316165e-02 4.854318e-01 1.497007e+00 3.869066e+01 2.141301e+01 4.557141e-01 3.6548e-03 4.4359e-03 -2.3311e-06 0.06730 3.37740e-02 7.97584e-02 1.73940e-01 0.00000e+00
3.696443 1.17945300e-01 5.67332315e-02 1.74678532e-01 5.39725656e-03 7.04675806e+00 1.09992711e+01 3.60920584e-02 4.810131e-01 1.560898e+00 3.798852e+01 2.050907e+01 4.505483e-01 3.7810e-03 4.2263e-03 +5.2469e-06 0.06495 3.26070e-02 7.95430e-02 1.77371e-01 0.00000e+00
3.796347 1.15851079e-01 5.52424205e-02 1.71093500e-01 5.53625646e-03 7.00513475e+00 1.12695261e+01 3.65493218e-02 4.768399e-01 1.608752e+00 3.462283e+01 1.940537e+01 4.389608e-01 3.8431e-03 4.2185e-03 +1.4599e-06 0.06310 3.27275e-02 8.29431e-02 1.83335e-01 0.00000e+00
3.896251 1.13584874e-01 5.37445693e-02 1.67329443e-01 5.66402936e-03 6.93601758e+00 1.14518910e+01 3.67758171e-02 4.731666e-01 1.651076e+00 3.066094e+01 1.869552e+01 4.268562e-01 3.7942e-03 4.3182e-03 +1.4614e-06 0.06057 3.43449e-02 9.06919e-02 1.91902e-01 0.00000e+00
3.996155 1.11347338e-01 5.22713665e-02 1.63618704e-01 5.78425712e-03 6.84318832e+00 1.15880742e+01 3.68625250e-02 4.694442e-01 1.693374e+00 2.849393e+01 1.755193e+01 3.983204e-01 3.6403e-03 4.4858e-03 -2.0256e-07 0.05600 3.75466e-02 1.01442e-01 2.01026e-01 0.00000e+00
4.096059 1.09139722e-01 5.08004453e-02 1.59940167e-01 5.89915538e-03 6.73118110e+00 1.17066529e+01 3.68756680e-02 4.654625e-01 1.739168e+00 2.750516e+01 1.708858e+01 3.824724e-01 3.4518e-03 4.7516e-03 +7.1157e-07 0.05223 4.29234e-02 1.13245e-01 2.11411e-01 0.00000e+00
4.195963 1.06843253e-01 4.92497150e-02 1.56092968e-01 6.00887741e-03 6.60528111e+00 1.17825994e+01 3.67757610e-02 4.609530e-01 1.783815e+00 2.833486e+01 1.652551e+01 3.723835e-01 3.3280e-03 5.1020e-03 +6.6981e-06 0.05134 5.08591e-02 1.24104e-01 2.24134e-01 0.00000e+00
4.295867 1.04845729e-01 4.76508180e-02 1.52496547e-01 6.11093556e-03 6.48222140e+00 1.17322284e+01 3.64288996e-02 4.544851e-01 1.809909e+00 2.960021e+01 1.566614e+01 3.613967e-01 3.3033e-03 5.4651e-03 -2.2732e-06 0.05052 5.90885e-02 1.29943e-01 2.32643e-01 0.00000e+00
4.395771 1.02819001e-01 4.60275629e-02 1.48846564e-01 6.20187988e-03 6.36772670e+00 1.15531242e+01 3.58417018e-02 4.476562e-01 1.814325e+00 2.988103e+01 1.499132e+01 3.317233e-01 3.3564e-03 5.7393e-03 -1.6594e-06 0.05096 6.47680e-02 1.31093e-01 2.36670e-01 0.00000e+00
4.495674 1.00713324e-01 4.44150909e-02 1.45128415e-01 6.28000041e-03 6.26506198e+00 1.12022667e+01 3.49346574e-02 4.410051e-01 1.788054e+00 2.934882e+01 1.547360e+01 3.235688e-01 3.4346e-03 5.8224e-03 +7.4888e-06 0.05024 6.33409e-02 1.27769e-01 2.35023e-01 0.00000e+00
4.595578 9.89349661e-02 4.28422231e-02 1.41777189e-01 6.34778773e-03 6.17073993e+00 1.06704430e+01 3.36823659e-02 4.330342e-01 1.729200e+00 2.809750e+01 1.630888e+01 3.190455e-01 3.4677e-03 5.8006e-03 +2.4183e-07 0.04960 5.40644e-02 1.19695e-01 2.27154e-01 0.00000e+00
4.695482 9.70393173e-02 4.13500999e-02 1.38389417e-01 6.41226243e-03 6.07806291e+00 1.01394016e+01 3.24349290e-02 4.261170e-01 1.668196e+00 2.638166e+01 1.658562e+01 3.054270e-01 3.4349e-03 6.1372e-03 -6.2254e-07 0.04956 4.57673e-02 1.13146e-01 2.21359e-01 0.00000e+00
4.795386 9.51825494e-02 3.99614907e-02 1.35144040e-01 6.47842371e-03 5.98911473e+00 9.72364363e+00 3.14255167e-02 4.198405e-01 1.623553e+00 2.462801e+01 1.635155e+01 2.771407e-01 3.3497e-03 6.4235e-03 +3.4398e-06 0.04914 4.55428e-02 1.11776e-01 2.19760e-01 0.00000e+00
4.895290 9.33611311e-02 3.86629030e-02 1.32024034e-01 6.54656498e-03 5.91227695e+00 9.41249565e+00 3.06495452e-02 4.141220e-01 1.592025e+00 2.450165e+01 1.552454e+01 2.829512e-01 3.2454e-03 6.4848e-03 +1.8115e-06 0.04983 5.10501e-02 1.14615e-01 2.19746e-01 0.00000e+00
4.995194 9.15277657e-02 3.74032075e-02 1.28930973e-01 6.61525323e-03 5.84816631e+00 9.10968294e+00 2.99156985e-02 4.086542e-01 1.557699e+00 2.447038e+01 1.485727e+01 2.920940e-01 3.1658e-03 6.2866e-03 +4.1587e-06 0.05458 5.53105e-02 1.17988e-01 2.18417e-01 0.00000e+00
5.095098 8.97531641e-02 3.62243507e-02 1.25977515e-01 6.68561606e-03 5.79659873e+00 8.77248745e+00 2.91381724e-02 4.035997e-01 1.513385e+00 2.931676e+01 1.465499e+01 2.798921e-01 3.1412e-03 5.8489e-03 -8.8959e-07 0.05824 5.51362e-02 1.17444e-01 2.12754e-01 0.00000e+00
5.195002 8.79575040e-02 3.51325497e-02 1.23090054e-01 6.76011846e-03 5.74208679e+00 8.44012411e+00 2.83644218e-02 3.994264e-01 1.469871e+00 3.406204e+01 1.435189e+01 2.791710e-01 3.2189e-03 5.3537e-03 -3.1555e-08 0.05817 5.39245e-02 1.15061e-01 2.06828e-01 0.00000e+00
5.294905 8.60276894e-02 3.41262754e-02 1.20153965e-01 6.83764712e-03 5.66715596e+00 8.14537249e+00 2.76250569e-02 3.966894e-01 1.437295e+00 3.567645e+01 1.524626e+01 3.087358e-01 3.3306e-03 5.1184e-03 +7.4057e-06 0.05599 5.41420e-02 1.13710e-01 2.03824e-01 0.00000e+00
5.394809 8.43279116e-02 3.31738983e-02 1.17501810e-01 6.91428389e-03 5.56199720e+00 7.88734685e+00 2.68986881e-02 3.933917e-01 1.418078e+00 3.448462e+01 1.702761e+01 3.382281e-01 3.3259e-03 5.0461e-03 -1.5642e-06 0.05219 5.46447e-02 1.13145e-01 2.02961e-01 0.00000e+00
5.494713 8.25194226e-02 3.22850525e-02 1.14804475e-01 6.98683671e-03 5.43261762e+00 7.68435831e+00 2.62339518e-02 3.912419e-01 1.414485e+00 3.224093e+01 1.828906e+01 3.410884e-01 3.2115e-03 4.9528e-03 -1.9785e-06 0.04816 5.51068e-02 1.13943e-01 2.05406e-01 0.00000e+00
5.594617 8.06848449e-02 3.14392199e-02 1.12124065e-01 7.05390304e-03 5.28769360e+00 7.52891879e+00 2.56332248e-02 3.896546e-01 1.423857e+00 2.992515e+01 1.874180e+01 3.590556e-01 3.0854e-03 4.8589e-03 +5.2425e-06 0.04633 5.56029e-02 1.15774e-01 2.10895e-01 0.00000e+00
5.694521 7.89972543e-02 3.06007882e-02 1.09598043e-01 7.11593730e-03 5.13912389e+00 7.38655120e+00 2.50513502e-02 3.873652e-01 1.437317e+00 2.786822e+01 1.841609e+01 3.974679e-01 3.0082e-03 4.8264e-03 +8.4048e-08 0.04461 5.59562e-02 1.17384e-01 2.16802e-01 0.00000e+00
5.794425 7.73241808e-02 2.97748612e-02 1.07099042e-01 7.17406969e-03 4.99533947e+00 7.22905223e+00 2.44487834e-02 3.850653e-01 1.447159e+00 2.939136e+01 1.794053e+01 4.183531e-01 2.9833e-03 4.9206e-03 +5.3430e-08 0.04264 5.65206e-02 1.19355e-01 2.23049e-01 0.00000e+00
5.894329 7.56975824e-02 2.89660336e-02 1.04663616e-01 7.22855799e-03 4.86458795e+00 7.03596423e+00 2.38011044e-02 3.826547e-01 1.446364e+00 3.022824e+01 1.757711e+01 4.044457e-01 2.9933e-03 5.1888e-03 +2.5098e-07 0.04126 5.62677e-02 1.20420e-01 2.27129e-01 0.00000e+00
5.994233 7.41001912e-02 2.81775954e-02 1.02277787e-01 7.27650895e-03 4.74600821e+00 6.78130718e+00 2.30546308e-02 3.802635e-01 1.428844e+00 2.779527e+01 1.755866e+01 4.081220e-01 3.0206e-03 5.6964e-03 -2.5295e-07 0.04092 5.47472e-02 1.19881e-01 2.27809e-01 0.00000e+00
6.094136 7.25375749e-02 2.74333025e-02 9.99708774e-02 7.31027292e-03 4.64076804e+00 6.46890233e+00 2.22193408e-02 3.781944e-01 1.393929e+00 2.200755e+01 1.794429e+01 4.102072e-01 3.0241e-03 6.3009e-03 +4.2635e-06 0.04190 5.30167e-02 1.18903e-01 2.26116e-01 0.00000e+00
6.194040 7.10950597e-02 2.67150647e-02 9.78101244e-02 7.32335655e-03 4.55307292e+00 6.15880575e+00 2.14237573e-02 3.757654e-01 1.352670e+00 2.062968e+01 1.861789e+01 3.867535e-01 2.9544e-03 6.5598e-03 -2.8969e-06 0.04164 5.25486e-02 1.19083e-01 2.24919e-01 0.00000e+00
6.293944 6.96360671e-02 2.60522668e-02 9.56883339e-02 7.31409859e-03 4.48142006e+00 5.90609343e+00 2.07750270e-02 3.741203e-01 1.317907e+00 2.265757e+01 1.926075e+01 3.758047e-01 2.8855e-03 6.5823e-03 -2.4600e-06 0.04237 5.39484e-02 1.21581e-01 2.27385e-01 0.00000e+00
6.393848 6.81055851e-02 2.54360918e-02 9.35416769e-02 7.28129649e-03 4.41819348e+00 5.69722042e+00 2.02308278e-02 3.734803e-01 1.289491e+00 2.488100e+01 1.966803e+01 3.773262e-01 2.8444e-03 6.3721e-03 +5.3953e-06 0.04211 5.60953e-02 1.24966e-01 2.31554e-01 0.00000e+00
6.493752 6.67684763e-02 2.48259355e-02 9.15944118e-02 7.22463065e-03 4.35597952e+00 5.50026235e+00 1.97124837e-02 3.718212e-01 1.262692e+00 2.589063e+01 1.977823e+01 3.860503e-01 2.8070e-03 6.0506e-03 -2.0821e-06 0.04242 5.73449e-02 1.26733e-01 2.33841e-01 0.00000e+00
6.593656 6.53685713e-02 2.42548216e-02 8.96233928e-02 7.14510352e-03 4.29065726e+00 5.32718546e+00 1.92356854e-02 3.710471e-01 1.241578e+00 2.578644e+01 1.949837e+01 3.832554e-01 2.7578e-03 5.7442e-03 -2.3685e-06 0.04250 5.80186e-02 1.27797e-01 2.35935e-01 0.00000e+00
6.693560 6.39689876e-02 2.37185486e-02 8.76875362e-02 7.04550949e-03 4.22086672e+00 5.18504967e+00 1.88118328e-02 3.707820e-01 1.228432e+00 2.498624e+01 1.892487e+01 3.675914e-01 2.7061e-03 5.4689e-03 +2.4646e-06 0.04178 5.79844e-02 1.27817e-01 2.37424e-01 0.00000e+00
6.793464 6.26067826e-02 2.31897515e-02 8.57965341e-02 6.93034628e-03 4.14692796e+00 5.06755284e+00 1.84289616e-02 3.704032e-01 1.222002e+00 2.397607e+01 1.816487e+01 3.720993e-01 2.6913e-03 5.2270e-03 -4.0276e-07 0.04200 5.71953e-02 1.26393e-01 2.37270e-01 0.00000e+00
6.893367 6.12916680e-02 2.26838166e-02 8.39754846e-02 6.80479040e-03 4.07162536e+00 4.97038660e+00 1.80840239e-02 3.700963e-01 1.220738e+00 2.498383e+01 1.740878e+01 3.778160e-01 2.7176e-03 5.0209e-03 +1.4775e-06 0.04221 5.64304e-02 1.24852e-01 2.36941e-01 0.00000e+00
6.993271 5.99952940e-02 2.21806665e-02 8.21759605e-02 6.67345361e-03 3.99831103e+00 4.87581339e+00 1.77482488e-02 3.697068e-01 1.219468e+00 2.577397e+01 1.669226e+01 3.599817e-01 2.7719e-03 4.8378e-03 -1.3646e-06 0.04371 5.56102e-02 1.22845e-01 2.35596e-01 0.00000e+00
7.093175 5.87058652e-02 2.16955477e-02 8.04014129e-02 6.54004296e-03 3.92913268e+00 4.77620551e+00 1.74106764e-02 3.695635e-01 1.215588e+00 2.553153e+01 1.601283e+01 3.686839e-01 2.8420e-03 4.6894e-03 -1.1835e-06 0.04388 5.52385e-02 1.21283e-01 2.34480e-01 0.00000e+00
7.193079 5.73845150e-02 2.12317724e-02 7.86162873e-02 6.40693906e-03 3.86395720e+00 4.66517621e+00 1.70582668e-02 3.699913e-01 1.207357e+00 2.459973e+01 1.533786e+01 3.847758e-01 2.9058e-03 4.5543e-03 +5.0514e-06 0.04443 5.53106e-02 1.20423e-01 2.34020e-01 0.00000e+00
7.292983 5.62125660e-02 2.07619083e-02 7.69744743e-02 6.27640592e-03 3.80116976e+00 4.54007913e+00 1.66824978e-02 3.693464e-01 1.194390e+00 2.344010e+01 1.458818e+01 3.937812e-01 2.9296e-03 4.4026e-03 -2.5650e-06 0.04497 5.50649e-02 1.19160e-01 2.32506e-01 0.00000e+00
7.392887 5.49872766e-02 2.03201440e-02 7.53074206e-02 6.15112152e-03 3.74054462e+00 4.41954477e+00 1.63201788e-02 3.695427e-01 1.181524e+00 2.264024e+01 1.386837e+01 4.051282e-01 2.8933e-03 4.2506e-03 -2.4385e-06 0.04367 5.48157e-02 1.18291e-01 2.31318e-01 0.00000e+00
7.492791 5.37278545e-02 1.99051448e-02 7.36329993e-02 6.03381203e-03 3.68147833e+00 4.31052365e+00 1.59840040e-02 3.704809e-01 1.170868e+00 2.243068e+01 1.354227e+01 4.186643e-01 2.8155e-03 4.1042e-03 +4.5365e-06 0.04383 5.45418e-02 1.17770e-01 2.30372e-01 0.00000e+00
7.592695 5.25812985e-02 1.94828414e-02 7.20641399e-02 5.92681784e-03 3.62344411e+00 4.20886557e+00 1.56646194e-02 3.705280e-01 1.161565e+00 2.301427e+01 1.349305e+01 4.474210e-01 2.7245e-03 3.9512e-03 -1.0882e-06 0.04362 5.39489e-02 1.16817e-01 2.28164e-01 0.00000e+00
7.692598 5.14333811e-02 1.90785522e-02 7.05119334e-02 5.83138288e-03 3.56497745e+00 4.11582865e+00 1.53616122e-02 3.709372e-01 1.154517e+00 2.171033e+01 1.365984e+01 4.677625e-01 2.6336e-03 3.8243e-03 -7.9093e-07 0.04271 5.37187e-02 1.16566e-01 2.26664e-01 0.00000e+00
7.792502 5.02864793e-02 1.86853822e-02 6.89718615e-02 5.74777644e-03 3.50471195e+00 4.03238401e+00 1.50741919e-02 3.715787e-01 1.150561e+00 1.907572e+01 1.408112e+01 4.727782e-01 2.5640e-03 3.7389e-03 +9.8535e-07 0.04242 5.38033e-02 1.16680e-01 2.25552e-01 0.00000e+00
7.892406 4.91545609e-02 1.82967035e-02 6.74512644e-02 5.67582231e-03 3.44076262e+00 3.95704338e+00 1.47956120e-02 3.722280e-01 1.150048e+00 1.913860e+01 1.442219e+01 4.912000e-01 2.5202e-03 3.7193e-03 -5.3417e-07 0.04182 5.41704e-02 1.16960e-01 2.24873e-01 0.00000e+00
7.992310 4.80541703e-02 1.79190543e-02 6.59732246e-02 5.61502562e-03 3.37191659e+00 3.88692260e+00 1.45176784e-02 3.728928e-01 1.152734e+00 2.184635e+01 1.471815e+01 5.057457e-01 2.5076e-03 3.7740e-03 +3.1098e-06 0.04154 5.47894e-02 1.17441e-01 2.24970e-01 0.00000e+00
8.092214 4.70160799e-02 1.75338884e-02 6.45499683e-02 5.56477355e-03 3.29847227e+00 3.81797994e+00 1.42329044e-02 3.729339e-01 1.157499e+00 2.491612e+01 1.463178e+01 5.099962e-01 2.5218e-03 3.8891e-03 -2.0240e-06 0.04115 5.51659e-02 1.17366e-01 2.24575e-01 0.00000e+00
8.192118 4.59688524e-02 1.71607419e-02 6.31295943e-02 5.52448260e-03 3.22108255e+00 3.74852070e+00 1.39392065e-02 3.733124e-01 1.163746e+00 2.645565e+01 1.428677e+01 5.103822e-01 2.5348e-03 4.0264e-03 -1.8258e-06 0.04029 5.53259e-02 1.17076e-01 2.24248e-01 0.00000e+00
8.292022 4.48892085e-02 1.68009316e-02 6.16901401e-02 5.49342761e-03 3.13970812e+00 3.67128562e+00 1.36219875e-02 3.742755e-01 1.169308e+00 2.767298e+01 1.386312e+01 5.200532e-01 2.5307e-03 4.1282e-03 +4.9967e-06 0.04063 5.52312e-02 1.16671e-01 2.24207e-01 0.00000e+00
8.391926 4.39553428e-02 1.64284103e-02 6.03837531e-02 5.47087763e-03 3.05717135e+00 3.58384995e+00 1.32820426e-02 3.737523e-01 1.172276e+00 2.749534e+01 1.334453e+01 5.275174e-01 2.5206e-03 4.1445e-03 -2.0562e-06 0.04095 5.44950e-02 1.15321e-01 2.22926e-01 0.00000e+00
8.491829 4.29904935e-02 1.60731874e-02 5.90636808e-02 5.45585225e-03 2.97337981e+00 3.49034072e+00 1.29274411e-02 3.738777e-01 1.173863e+00 2.653310e+01 1.366931e+01 5.233726e-01 2.5096e-03 4.0888e-03 -2.0410e-06 0.04115 5.36612e-02 1.14026e-01 2.22116e-01 0.00000e+00
8.591733 4.20184082e-02 1.57345084e-02 5.77529166e-02 5.44703406e-03 2.89003594e+00 3.39623955e+00 1.25725510e-02 3.744670e-01 1.175155e+00 2.532754e+01 1.390991e+01 5.164761e-01 2.5054e-03 3.9939e-03 +3.1184e-06 0.04154 5.27476e-02 1.12708e-01 2.21476e-01 0.00000e+00
8.691637 4.11086004e-02 1.53955628e-02 5.65041632e-02 5.44309280e-03 2.80773479e+00 3.30162176e+00 1.22187131e-02 3.745095e-01 1.175902e+00 2.355557e+01 1.402312e+01 5.128376e-01 2.5058e-03 3.8943e-03 -7.6652e-07 0.04066 5.16539e-02 1.11073e-01 2.20208e-01 0.00000e+00
8.791541 4.02324116e-02 1.50733432e-02 5.53057548e-02 5.44284332e-03 2.72524663e+00 3.20639530e+00 1.18632839e-02 3.746567e-01 1.176552e+00 2.172350e+01 1.396846e+01 5.041372e-01 2.4957e-03 3.8156e-03 +7.3905e-07 0.04030 5.07111e-02 1.09814e-01 2.19317e-01 0.00000e+00
8.891445 3.93732484e-02 1.47596686e-02 5.41329169e-02 5.44527343e-03 2.64312202e+00 3.11257580e+00 1.15113956e-02 3.748654e-01 1.177613e+00 1.989098e+01 1.383267e+01 5.070642e-01 2.4705e-03 3.7630e-03 -3.4234e-07 0.03937 4.99150e-02 1.08743e-01 2.18225e-01 0.00000e+00
8.991349 3.85210141e-02 1.44582349e-02 5.29792490e-02 5.44969491e-03 2.56099969e+00 3.02094422e+00 1.11638878e-02 3.753337e-01 1.179596e+00 1.814243e+01 1.361627e+01 5.060056e-01 2.4228e-03 3.7193e-03 -1.0494e-06 0.03865 4.93856e-02 1.07955e-01 2.17048e-01 0.00000e+00
9.091253 3.76757800e-02 1.41733706e-02 5.18491506e-02 5.45537092e-03 2.47732165e+00 2.93108171e+00 1.08168067e-02 3.761932e-01 1.183166e+00 1.757335e+01 1.320781e+01 5.187283e-01 2.3520e-03 3.6691e-03 +4.0617e-06 0.03697 4.92159e-02 1.07593e-01 2.16182e-01 0.00000e+00
9.191157 3.69294052e-02 1.38878742e-02 5.08172794e-02 5.46150078e-03 2.39276541e+00 2.84160962e+00 1.04687500e-02 3.760655e-01 1.187584e+00 1.695987e+01 1.267760e+01 5.235359e-01 2.2816e-03 3.5980e-03 -2.1791e-06 0.03619 4.89523e-02 1.06690e-01 2.14058e-01 0.00000e+00
9.291060 3.61614457e-02 1.36180909e-02 4.97795366e-02 5.46729928e-03 2.30663450e+00 2.75579590e+00 1.01248608e-02 3.765914e-01 1.194726e+00 1.695763e+01 1.206920e+01 5.266229e-01 2.2175e-03 3.5243e-03 -2.0737e-06 0.03484 4.86967e-02 1.05670e-01 2.11812e-01 0.00000e+00
9.390964 3.53684737e-02 1.33631394e-02 4.87316131e-02 5.47200967e-03 2.21974436e+00 2.67186111e+00 9.78321094e-03 3.778263e-01 1.203680e+00 1.777942e+01 1.178667e+01 5.176623e-01 2.1624e-03 3.4759e-03 +4.3899e-06 0.03398 4.82513e-02 1.04306e-01 2.09322e-01 0.00000e+00
9.490868 3.46907419e-02 1.31049370e-02 4.77956788e-02 5.47541738e-03 2.13417271e+00 2.58496177e+00 9.43826897e-03 3.777647e-01 1.211224e+00 1.807032e+01 1.146621e+01 5.172036e-01 2.1184e-03 3.4634e-03 -1.4846e-06 0.03400 4.71606e-02 1.01787e-01 2.05129e-01 0.00000e+00
9.590772 3.40090743e-02 1.28617357e-02 4.68708100e-02 5.47756398e-03 2.04997427e+00 2.49608391e+00 9.09211635e-03 3.781854e-01 1.217617e+00 1.754990e+01 1.107408e+01 5.005368e-01 2.0802e-03 3.5032e-03 -1.0369e-06 0.03414 4.57075e-02 9.88197e-02 2.00576e-01 0.00000e+00
9.690676 3.33303143e-02 1.26290547e-02 4.59593691e-02 5.47831032e-03 1.96840007e+00 2.40503429e+00 8.74686872e-03 3.789060e-01 1.221822e+00 1.782339e+01 1.069750e+01 4.862377e-01 2.0515e-03 3.5853e-03 +1.7852e-06 0.03415 4.38576e-02 9.53157e-02 1.95306e-01 0.00000e+00
9.790580 3.26821382e-02 1.24028908e-02 4.50850290e-02 5.47751614e-03 1.88954180e+00 2.31093125e+00 8.40094610e-03 3.795006e-01 1.223011e+00 1.838380e+01 1.029941e+01 4.725070e-01 2.0295e-03 3.6829e-03 -7.1355e-07 0.03410 4.16808e-02 9.13456e-02 1.89270e-01 0.00000e+00
9.890484 3.20697175e-02 1.21917926e-02 4.42615100e-02 5.47475902e-03 1.81361614e+00 2.21861552e+00 8.06446332e-03 3.801653e-01 1.223310e+00 1.838722e+01 9.858588e+00 4.720842e-01 2.0037e-03 3.7577e-03 +2.2636e-06 0.03395 3.95752e-02 8.76521e-02 1.83839e-01 0.00000e+00
9.990388 3.14972001e-02 1.19877471e-02 4.34849473e-02 5.46966970e-03 1.74091767e+00 2.12911503e+00 7.74006541e-03 3.805972e-01 1.222984e+00 1.794146e+01 9.881966e+00 4.529658e-01 1.9639e-03 3.7505e-03 -1.0979e-06 0.03358 3.75676e-02 8.41743e-02 1.78689e-01 0.00000e+00
9.999917 3.14437318e-02 1.19686432e-02 4.34123749e-02 5.46905861e-03 1.73417249e+00 2.12089155e+00 7.71012808e-03 3.806369e-01 1.222999e+00 1.789008e+01 9.882615e+00 4.553397e-01 1.9592e-03 3.7449e-03 -1.6778e-06 0.03349 3.73880e-02 8.38647e-02 1.78233e-01 0.00000e+00
