# tg_mhd (CUDA FP64)  tgc_slip_cond_n256_re250  N=256 L=256 Re=250 Pm=1 u0=0.05 nu_lat=1.623380e-02 eta_lat=1.623380e-02 tau_f=0.548701 tau_m=0.564935 dt=6.159986e-04
# t E_V E_M E_T H_C Omega_V Omega_M eps EM/EV OmM/OmV j_max w_max skew divb/j divb_wall/j mass_drift umax_lat fw1 fw2 fw4 tau_wall
0.000000 1.25000000e-01 1.25000000e-01 2.50000000e-01 1.70616334e-20 3.74981028e-01 1.49969646e+00 1.49974199e-02 1.000000e+00 3.999393e+00 3.463620e+00 1.999874e+00 1.157636e-18 3.3640e-15 5.0715e-15 +0.0000e+00 0.05000 8.66419e-02 1.66782e-01 3.30176e-01 0.00000e+00
0.049896 1.24861620e-01 1.23979835e-01 2.48841456e-01 8.73986948e-08 3.76555241e-01 1.48907134e+00 1.49250127e-02 9.929379e-01 3.954457e+00 3.509311e+00 1.993118e+00 1.511815e-01 3.2696e-06 5.2085e-06 -1.3748e-05 0.04997 8.64732e-02 1.66470e-01 3.29674e-01 0.00000e+00
0.099792 1.24583482e-01 1.23578883e-01 2.48162365e-01 2.24207915e-07 3.82424857e-01 1.48898674e+00 1.49712927e-02 9.919363e-01 3.893541e+00 3.535026e+00 2.001087e+00 1.397537e-01 6.6066e-06 9.9216e-06 +3.6696e-07 0.05081 8.65569e-02 1.66711e-01 3.30484e-01 0.00000e+00
0.149688 1.24331571e-01 1.23082265e-01 2.47413836e-01 6.03583130e-07 3.92882202e-01 1.49106497e+00 1.50715774e-02 9.899518e-01 3.795196e+00 3.583686e+00 2.018073e+00 4.537919e-02 1.2277e-05 1.9433e-05 +1.1700e-05 0.05087 8.64575e-02 1.66653e-01 3.30986e-01 0.00000e+00
0.199584 1.24283703e-01 1.22271487e-01 2.46555191e-01 1.39075113e-06 4.07497514e-01 1.49272470e+00 1.52017777e-02 9.838095e-01 3.663150e+00 3.635942e+00 2.042005e+00 3.294918e-02 1.8809e-05 3.0045e-05 -1.2595e-05 0.05118 8.58876e-02 1.65744e-01 3.30142e-01 0.00000e+00
0.249479 1.24196254e-01 1.21889690e-01 2.46085944e-01 2.90799320e-06 4.25580195e-01 1.50318119e+00 1.54300911e-02 9.814281e-01 3.532075e+00 3.690423e+00 2.076049e+00 1.189547e-01 2.7777e-05 4.5377e-05 -4.4797e-06 0.05232 8.55488e-02 1.65357e-01 3.30525e-01 0.00000e+00
0.299375 1.23978784e-01 1.21353254e-01 2.45332038e-01 5.45116833e-06 4.46488974e-01 1.51560896e+00 1.56967834e-02 9.788227e-01 3.394505e+00 3.761044e+00 2.109687e+00 2.048306e-01 3.7680e-05 6.1927e-05 -6.0819e-06 0.05205 8.51388e-02 1.64893e-01 3.30995e-01 0.00000e+00
0.349271 1.23621651e-01 1.20605692e-01 2.44227343e-01 9.47002013e-06 4.69935235e-01 1.53015224e+00 1.60006998e-02 9.756033e-01 3.256092e+00 3.851259e+00 2.143285e+00 2.575231e-01 4.9797e-05 8.2930e-05 -1.0608e-05 0.05271 8.46892e-02 1.64428e-01 3.31715e-01 0.00000e+00
0.399167 1.23213179e-01 1.20361774e-01 2.43574952e-01 1.53243330e-05 4.95979560e-01 1.55462466e+00 1.64048337e-02 9.768580e-01 3.134453e+00 3.934420e+00 2.188654e+00 2.322386e-01 6.3103e-05 1.0601e-04 +1.2915e-05 0.05263 8.44668e-02 1.64511e-01 3.33734e-01 0.00000e+00
0.449063 1.23028887e-01 1.19664476e-01 2.42693363e-01 2.36106552e-05 5.24647793e-01 1.57879926e+00 1.68275765e-02 9.726535e-01 3.009256e+00 4.032346e+00 2.232300e+00 1.898997e-01 7.8340e-05 1.3319e-04 -2.3946e-06 0.05324 8.37797e-02 1.63779e-01 3.34385e-01 0.00000e+00
0.498959 1.22806884e-01 1.19124748e-01 2.41931632e-01 3.44530763e-05 5.55650292e-01 1.60925653e+00 1.73192546e-02 9.700169e-01 2.896168e+00 4.122646e+00 2.285426e+00 2.194807e-01 9.5112e-05 1.6370e-04 -1.1013e-05 0.05248 8.31054e-02 1.63194e-01 3.35515e-01 0.00000e+00
0.548855 1.22421973e-01 1.18759514e-01 2.41181487e-01 4.84934112e-05 5.88664813e-01 1.64700830e+00 1.78853849e-02 9.700833e-01 2.797871e+00 4.213002e+00 2.342763e+00 2.729682e-01 1.1392e-04 1.9913e-04 -1.0908e-06 0.05319 8.26408e-02 1.63160e-01 3.37844e-01 0.00000e+00
0.598751 1.22049229e-01 1.18042996e-01 2.40092225e-01 6.59911144e-05 6.23260989e-01 1.68643486e+00 1.84775668e-02 9.671753e-01 2.705825e+00 4.324622e+00 2.386378e+00 3.370184e-01 1.3483e-04 2.3923e-04 -1.2821e-05 0.05359 8.20239e-02 1.62924e-01 3.39770e-01 0.00000e+00
0.648646 1.21541179e-01 1.17636441e-01 2.39177620e-01 8.74700207e-05 6.59827954e-01 1.73509323e+00 1.91593694e-02 9.678731e-01 2.629615e+00 4.420497e+00 2.469038e+00 3.716495e-01 1.5816e-04 2.8656e-04 +3.8577e-06 0.05374 8.17217e-02 1.63486e-01 3.43183e-01 0.00000e+00
0.698542 1.21096181e-01 1.17101939e-01 2.38198120e-01 1.13125050e-04 6.99086143e-01 1.78772184e+00 1.98944638e-02 9.670160e-01 2.557227e+00 4.521063e+00 2.611598e+00 2.950207e-01 1.8423e-04 3.4129e-04 +8.7764e-06 0.05401 8.13258e-02 1.63987e-01 3.46302e-01 0.00000e+00
0.748438 1.20807572e-01 1.16345197e-01 2.37152769e-01 1.43318037e-04 7.40503638e-01 1.84172049e+00 2.06577930e-02 9.630621e-01 2.487119e+00 4.585341e+00 2.760749e+00 3.168609e-01 2.1221e-04 4.0297e-04 -1.1940e-05 0.05422 8.06719e-02 1.64073e-01 3.48403e-01 0.00000e+00
0.798334 1.20466051e-01 1.15805489e-01 2.36271540e-01 1.78088544e-04 7.84846878e-01 1.90520624e+00 2.15204250e-02 9.613122e-01 2.427488e+00 4.654376e+00 2.922951e+00 3.852653e-01 2.4403e-04 4.7582e-04 -3.1625e-06 0.05444 8.04748e-02 1.65196e-01 3.52026e-01 0.00000e+00
0.848230 1.20089388e-01 1.15065552e-01 2.35154940e-01 2.17813494e-04 8.31108725e-01 1.97143581e+00 2.24203563e-02 9.581659e-01 2.372055e+00 4.742824e+00 3.094267e+00 3.853227e-01 2.7871e-04 5.5730e-04 -7.5843e-06 0.05595 8.02670e-02 1.66304e-01 3.55134e-01 0.00000e+00
0.898126 1.19617233e-01 1.14258424e-01 2.33875657e-01 2.62658225e-04 8.79925449e-01 2.04306056e+00 2.33838881e-02 9.552004e-01 2.321856e+00 4.889451e+00 3.276852e+00 4.565477e-01 3.1699e-04 6.4788e-04 -7.3419e-06 0.05556 8.03174e-02 1.67925e-01 3.58696e-01 0.00000e+00
0.948022 1.19149178e-01 1.13559194e-01 2.32708372e-01 3.12883506e-04 9.32002761e-01 2.12171088e+00 2.44297092e-02 9.530842e-01 2.276507e+00 5.081660e+00 3.474495e+00 4.155354e-01 3.5881e-04 7.4692e-04 +1.2384e-05 0.05610 8.07386e-02 1.70262e-01 3.63012e-01 0.00000e+00
0.997918 1.18950814e-01 1.12516212e-01 2.31467026e-01 3.68604003e-04 9.86582841e-01 2.19884671e+00 2.54834364e-02 9.459054e-01 2.228750e+00 5.617389e+00 3.683622e+00 3.808798e-01 4.0314e-04 8.4770e-04 -4.3761e-06 0.05637 8.08804e-02 1.71878e-01 3.65460e-01 0.00000e+00
1.047814 1.18748870e-01 1.11503972e-01 2.30252841e-01 4.29795439e-04 1.04423627e+00 2.28163339e+00 2.66069573e-02 9.389898e-01 2.184978e+00 6.221482e+00 3.912602e+00 4.452095e-01 4.5149e-04 9.5436e-04 -8.9149e-06 0.05625 8.13134e-02 1.73955e-01 3.68247e-01 0.00000e+00
1.097709 1.18460827e-01 1.10450482e-01 2.28911309e-01 4.96781546e-04 1.10448923e+00 2.36948104e+00 2.77917622e-02 9.323798e-01 2.145318e+00 6.891997e+00 4.160124e+00 4.245676e-01 5.0407e-04 1.0633e-03 -2.3619e-06 0.05736 8.20697e-02 1.76517e-01 3.71475e-01 0.00000e+00
1.147605 1.18240685e-01 1.09167694e-01 2.27408379e-01 5.69854900e-04 1.16618845e+00 2.45685654e+00 2.89843600e-02 9.232668e-01 2.106741e+00 7.553001e+00 4.427497e+00 4.569388e-01 5.6044e-04 1.1713e-03 -1.1380e-05 0.05786 8.27155e-02 1.78646e-01 3.73785e-01 0.00000e+00
1.197501 1.17961347e-01 1.07968967e-01 2.25930314e-01 6.49440710e-04 1.23052170e+00 2.55307913e+00 3.02688067e-02 9.152911e-01 2.074794e+00 8.314753e+00 4.746470e+00 4.981994e-01 6.2441e-04 1.2889e-03 +6.2487e-06 0.05797 8.38551e-02 1.81571e-01 3.77176e-01 0.00000e+00
1.247397 1.17806441e-01 1.06574522e-01 2.24380963e-01 7.35772355e-04 1.29635674e+00 2.64642135e+00 3.15422247e-02 9.046579e-01 2.041430e+00 9.045499e+00 5.101187e+00 3.894062e-01 6.9302e-04 1.4039e-03 +6.3326e-06 0.05794 8.47138e-02 1.83769e-01 3.79243e-01 0.00000e+00
1.297293 1.17795391e-01 1.04986019e-01 2.22781410e-01 8.29108287e-04 1.36270018e+00 2.73661740e+00 3.27945407e-02 8.912574e-01 2.008231e+00 9.774183e+00 5.468667e+00 4.209855e-01 7.6874e-04 1.5254e-03 -1.0525e-05 0.05739 8.53629e-02 1.85352e-01 3.80244e-01 0.00000e+00
1.347189 1.17729147e-01 1.03442296e-01 2.21171443e-01 9.29579585e-04 1.43036406e+00 2.83347739e+00 3.41107316e-02 8.786464e-01 1.980948e+00 1.052492e+01 5.860297e+00 4.554274e-01 8.5482e-04 1.6592e-03 -2.0677e-06 0.05790 8.63008e-02 1.87378e-01 3.82095e-01 0.00000e+00
1.397085 1.17702912e-01 1.01733354e-01 2.19436266e-01 1.03775002e-03 1.49660036e+00 2.92659717e+00 3.53855803e-02 8.643232e-01 1.955497e+00 1.120098e+01 6.236353e+00 4.131916e-01 9.4972e-04 1.8009e-03 -7.7072e-06 0.05900 8.69974e-02 1.88729e-01 3.83096e-01 0.00000e+00
1.446981 1.17573430e-01 9.99875508e-02 2.17560981e-01 1.15388665e-03 1.56204184e+00 3.02132809e+00 3.66669594e-02 8.504264e-01 1.934217e+00 1.182386e+01 6.590096e+00 4.916720e-01 1.0544e-03 1.9514e-03 -3.1856e-06 0.05830 8.77144e-02 1.90037e-01 3.84445e-01 0.00000e+00
1.496876 1.17441575e-01 9.82129651e-02 2.15654540e-01 1.27837736e-03 1.62608536e+00 3.11658639e+00 3.79413740e-02 8.362708e-01 1.916619e+00 1.242375e+01 6.943616e+00 4.196357e-01 1.1679e-03 2.1131e-03 +1.2352e-05 0.05772 8.84356e-02 1.91265e-01 3.86023e-01 0.00000e+00
1.546772 1.17537118e-01 9.62228609e-02 2.13759979e-01 1.41113086e-03 1.68679901e+00 3.19812808e+00 3.90794167e-02 8.186594e-01 1.895975e+00 1.283353e+01 7.235954e+00 3.866981e-01 1.2834e-03 2.2697e-03 -4.2770e-06 0.05703 8.84924e-02 1.91202e-01 3.85826e-01 0.00000e+00
1.596668 1.17590720e-01 9.42606844e-02 2.11851404e-01 1.55198438e-03 1.74521255e+00 3.28169173e+00 4.02152342e-02 8.015997e-01 1.880397e+00 1.321654e+01 7.508741e+00 4.637584e-01 1.4067e-03 2.4347e-03 -5.6883e-06 0.05691 8.86026e-02 1.91198e-01 3.86232e-01 0.00000e+00
1.646564 1.17533104e-01 9.22617044e-02 2.09794808e-01 1.70118417e-03 1.79963025e+00 3.35942515e+00 4.12724432e-02 7.849848e-01 1.866731e+00 1.346905e+01 7.700039e+00 4.049889e-01 1.5316e-03 2.5923e-03 -1.7989e-06 0.05657 8.85593e-02 1.90984e-01 3.86952e-01 0.00000e+00
1.696460 1.17484460e-01 9.01632849e-02 2.07647745e-01 1.85854817e-03 1.84828602e+00 3.42610162e+00 4.21951011e-02 7.674486e-01 1.853664e+00 1.359030e+01 7.787492e+00 4.325916e-01 1.6555e-03 2.7378e-03 -7.8633e-06 0.05628 8.82060e-02 1.90276e-01 3.87717e-01 0.00000e+00
1.746356 1.17341063e-01 8.81330000e-02 2.05474063e-01 2.02410728e-03 1.89348631e+00 3.49162544e+00 4.30808940e-02 7.510840e-01 1.844019e+00 1.366501e+01 7.816854e+00 4.639769e-01 1.7846e-03 2.8787e-03 +9.6631e-06 0.05541 8.79749e-02 1.89956e-01 3.89831e-01 0.00000e+00
1.796252 1.17302235e-01 8.60051591e-02 2.03307394e-01 2.19768426e-03 1.93379777e+00 3.53876491e+00 4.37805014e-02 7.331928e-01 1.829956e+00 1.356507e+01 7.757822e+00 3.719368e-01 1.9098e-03 3.0008e-03 +6.2272e-06 0.05382 8.72532e-02 1.88862e-01 3.91045e-01 0.00000e+00
1.846148 1.17303459e-01 8.38328938e-02 2.01136353e-01 2.37824623e-03 1.96923757e+00 3.56900476e+00 4.43059387e-02 7.146669e-01 1.812379e+00 1.335594e+01 7.616874e+00 4.135403e-01 2.0332e-03 3.1104e-03 -7.2392e-06 0.05287 8.62555e-02 1.87432e-01 3.92116e-01 0.00000e+00
1.896044 1.17195663e-01 8.17245729e-02 1.98920236e-01 2.56555736e-03 2.00105858e+00 3.59264173e+00 4.47496025e-02 6.973344e-01 1.795371e+00 1.312270e+01 7.463946e+00 4.102139e-01 2.1590e-03 3.2136e-03 +2.8643e-07 0.05188 8.54333e-02 1.86563e-01 3.94679e-01 0.00000e+00
1.945939 1.17100120e-01 7.95727668e-02 1.96672887e-01 2.75915766e-03 2.02775038e+00 3.59358952e+00 4.49707192e-02 6.795276e-01 1.772205e+00 1.273909e+01 7.293181e+00 3.820729e-01 2.2736e-03 3.2947e-03 -5.5312e-06 0.05146 8.43653e-02 1.85496e-01 3.97198e-01 0.00000e+00
1.995835 1.16874481e-01 7.74742754e-02 1.94348757e-01 2.95841964e-03 2.05142675e+00 3.58408961e+00 4.50841308e-02 6.628844e-01 1.747120e+00 1.232755e+01 7.185980e+00 4.380167e-01 2.3820e-03 3.3695e-03 +1.9777e-06 0.05062 8.34304e-02 1.85014e-01 4.00785e-01 0.00000e+00
2.045731 1.16606194e-01 7.54220718e-02 1.92028266e-01 3.16326877e-03 2.07249957e+00 3.55909267e+00 4.50527379e-02 6.468102e-01 1.717295e+00 1.186914e+01 7.134582e+00 3.792046e-01 2.4746e-03 3.4367e-03 +1.3302e-05 0.04977 8.25079e-02 1.84853e-01 4.04619e-01 0.00000e+00
2.095627 1.16518614e-01 7.33076412e-02 1.89826255e-01 3.37237408e-03 2.09031266e+00 3.50892728e+00 4.47939195e-02 6.291496e-01 1.678661e+00 1.180805e+01 7.105411e+00 3.635082e-01 2.5358e-03 3.4886e-03 -2.5176e-06 0.04937 8.12158e-02 1.84240e-01 4.06922e-01 0.00000e+00
2.145523 1.16344956e-01 7.13064080e-02 1.87651364e-01 3.58491030e-03 2.10685825e+00 3.45403876e+00 4.44871761e-02 6.128878e-01 1.639426e+00 1.184744e+01 7.132853e+00 4.207565e-01 2.5739e-03 3.5433e-03 -2.0129e-06 0.04845 8.01490e-02 1.84450e-01 4.09923e-01 0.00000e+00
2.195419 1.16075782e-01 6.93500361e-02 1.85425818e-01 3.80088804e-03 2.12078635e+00 3.38905688e+00 4.40787458e-02 5.974548e-01 1.598019e+00 1.183182e+01 7.169765e+00 3.811269e-01 2.5762e-03 3.5894e-03 -4.5256e-07 0.04907 7.91043e-02 1.85111e-01 4.12750e-01 0.00000e+00
2.245315 1.15753188e-01 6.74074232e-02 1.83160611e-01 4.01933122e-03 2.13119183e+00 3.31536024e+00 4.35724166e-02 5.823375e-01 1.555637e+00 1.177307e+01 7.191572e+00 4.133005e-01 2.5417e-03 3.6310e-03 -3.7634e-06 0.04814 7.80529e-02 1.86132e-01 4.15149e-01 0.00000e+00
2.295211 1.15336977e-01 6.55815689e-02 1.80918546e-01 4.24006107e-03 2.13983322e+00 3.24565661e+00 4.30839186e-02 5.686084e-01 1.516780e+00 1.171713e+01 7.229622e+00 4.266537e-01 2.4818e-03 3.6790e-03 +1.2683e-05 0.04836 7.72687e-02 1.88153e-01 4.18068e-01 0.00000e+00
2.345107 1.15040686e-01 6.37641283e-02 1.78804814e-01 4.46221997e-03 2.14635042e+00 3.16906807e+00 4.25233479e-02 5.542746e-01 1.476491e+00 1.158897e+01 7.241520e+00 3.867231e-01 2.3949e-03 3.7222e-03 +6.2905e-06 0.04912 7.62670e-02 1.89728e-01 4.18861e-01 0.00000e+00
2.395002 1.14738836e-01 6.20051264e-02 1.76743962e-01 4.68404096e-03 2.15101152e+00 3.09404792e+00 4.19604755e-02 5.404023e-01 1.438415e+00 1.142862e+01 7.232308e+00 4.269067e-01 2.2940e-03 3.7668e-03 -4.1190e-06 0.04933 7.53085e-02 1.91334e-01 4.18627e-01 0.00000e+00
2.444898 1.14319706e-01 6.03442250e-02 1.74663931e-01 4.90507002e-03 2.15320304e+00 3.02810378e+00 4.14504545e-02 5.278550e-01 1.406325e+00 1.129067e+01 7.205043e+00 4.256052e-01 2.1919e-03 3.8132e-03 +1.9056e-06 0.05005 7.47051e-02 1.93644e-01 4.18739e-01 0.00000e+00
2.494794 1.13901121e-01 5.86824382e-02 1.72583559e-01 5.12430211e-03 2.15177279e+00 2.96257573e+00 4.09147882e-02 5.152051e-01 1.376807e+00 1.109166e+01 7.114847e+00 4.151818e-01 2.0895e-03 3.8527e-03 -3.5150e-06 0.05092 7.41810e-02 1.95571e-01 4.17762e-01 0.00000e+00
2.544690 1.13362760e-01 5.71118755e-02 1.70474635e-01 5.34072896e-03 2.14862357e+00 2.90756596e+00 4.04495163e-02 5.037975e-01 1.353223e+00 1.090419e+01 7.010084e+00 4.668275e-01 2.0015e-03 3.9120e-03 +5.7918e-06 0.05079 7.41206e-02 1.97927e-01 4.17006e-01 0.00000e+00
2.594586 1.12808745e-01 5.55984205e-02 1.68407166e-01 5.55359696e-03 2.14399509e+00 2.85733896e+00 4.00106724e-02 4.928556e-01 1.332717e+00 1.071692e+01 6.881894e+00 4.250562e-01 1.9271e-03 4.0022e-03 +1.3362e-05 0.05143 7.43248e-02 1.99851e-01 4.15520e-01 0.00000e+00
2.644482 1.12401695e-01 5.40787627e-02 1.66480458e-01 5.76085667e-03 2.13760523e+00 2.80628593e+00 3.95511292e-02 4.811205e-01 1.312818e+00 1.052769e+01 6.720973e+00 4.277179e-01 1.8671e-03 4.1309e-03 -1.4309e-06 0.05147 7.44865e-02 2.00444e-01 4.12323e-01 0.00000e+00
2.694378 1.11909566e-01 5.26528863e-02 1.64562452e-01 5.96117831e-03 2.13002444e+00 2.76478087e+00 3.91584425e-02 4.704950e-01 1.298004e+00 1.041815e+01 6.710221e+00 4.554968e-01 1.8257e-03 4.3103e-03 +2.4648e-07 0.05144 7.51285e-02 2.01306e-01 4.09801e-01 0.00000e+00
2.744274 1.11364556e-01 5.12482022e-02 1.62612759e-01 6.15387722e-03 2.12096270e+00 2.72700641e+00 3.87837528e-02 4.601841e-01 1.285740e+00 1.026470e+01 6.863738e+00 4.476893e-01 1.8007e-03 4.5134e-03 -5.6182e-08 0.05246 7.58893e-02 2.01558e-01 4.06822e-01 0.00000e+00
2.794169 1.10741374e-01 4.98621344e-02 1.60603509e-01 6.33759289e-03 2.11006974e+00 2.69216560e+00 3.84178827e-02 4.502575e-01 1.275866e+00 1.018829e+01 7.008294e+00 4.692281e-01 1.7893e-03 4.7165e-03 -5.0025e-07 0.05231 7.67248e-02 2.01371e-01 4.03780e-01 0.00000e+00
2.844065 1.10064972e-01 4.85478067e-02 1.58612779e-01 6.51183221e-03 2.09823419e+00 2.66386269e+00 3.80967751e-02 4.410832e-01 1.269574e+00 1.000745e+01 7.143552e+00 4.667935e-01 1.7909e-03 4.9049e-03 +1.3828e-05 0.05220 7.77314e-02 2.01287e-01 4.01358e-01 0.00000e+00
2.893961 1.09527151e-01 4.72274173e-02 1.56754569e-01 6.67545777e-03 2.08615656e+00 2.63256328e+00 3.77497587e-02 4.311937e-01 1.261920e+00 9.847902e+00 7.251253e+00 4.489491e-01 1.8013e-03 5.0507e-03 +5.7699e-06 0.05205 7.81952e-02 1.99761e-01 3.97466e-01 0.00000e+00
2.943857 1.08984896e-01 4.59557116e-02 1.54940607e-01 6.82710010e-03 2.07428756e+00 2.60382626e+00 3.74249105e-02 4.216705e-01 1.255287e+00 9.590297e+00 7.336144e+00 4.729360e-01 1.8212e-03 5.1594e-03 -2.1256e-06 0.05139 7.83935e-02 1.97773e-01 3.93333e-01 0.00000e+00
2.993753 1.08338303e-01 4.47356595e-02 1.53073962e-01 6.96686647e-03 2.06153743e+00 2.57983155e+00 3.71309519e-02 4.129256e-01 1.251411e+00 9.291377e+00 7.393120e+00 4.755650e-01 1.8503e-03 5.2333e-03 +2.4766e-06 0.05179 7.85659e-02 1.96010e-01 3.89894e-01 0.00000e+00
3.043649 1.07703787e-01 4.34960507e-02 1.51199838e-01 7.09448555e-03 2.04768677e+00 2.55412821e+00 3.68145199e-02 4.038489e-01 1.247324e+00 8.923416e+00 7.421433e+00 4.787414e-01 1.8850e-03 5.2576e-03 -2.1339e-06 0.05190 7.82801e-02 1.93619e-01 3.86047e-01 0.00000e+00
3.093545 1.06966915e-01 4.23168416e-02 1.49283756e-01 7.21011036e-03 2.03336662e+00 2.53362900e+00 3.65359650e-02 3.956068e-01 1.246027e+00 9.289170e+00 7.433661e+00 5.024432e-01 1.9290e-03 5.2489e-03 +8.4747e-06 0.05088 7.80432e-02 1.91755e-01 3.83083e-01 0.00000e+00
3.143441 1.06264898e-01 4.11654962e-02 1.47430394e-01 7.31403438e-03 2.01949929e+00 2.51239502e+00 3.62551545e-02 3.873856e-01 1.244068e+00 9.912103e+00 7.442787e+00 4.767459e-01 1.9799e-03 5.1896e-03 +1.2631e-05 0.05035 7.74028e-02 1.89425e-01 3.79561e-01 0.00000e+00
3.193337 1.05672055e-01 4.00185888e-02 1.45690644e-01 7.40593990e-03 2.00573331e+00 2.48792389e+00 3.59492576e-02 3.787055e-01 1.240406e+00 1.045275e+01 7.463615e+00 4.794224e-01 2.0359e-03 5.0903e-03 -6.9185e-07 0.04938 7.63001e-02 1.86452e-01 3.75169e-01 0.00000e+00
3.243232 1.05004440e-01 3.89288297e-02 1.43933270e-01 7.48621653e-03 1.99129917e+00 2.46746151e+00 3.56700854e-02 3.707351e-01 1.239121e+00 1.096192e+01 7.487553e+00 4.875983e-01 2.1023e-03 4.9657e-03 +1.6057e-06 0.04875 7.53937e-02 1.84263e-01 3.71742e-01 0.00000e+00
3.293128 1.04309954e-01 3.78447124e-02 1.42154666e-01 7.55562940e-03 1.97635489e+00 2.44609764e+00 3.53796202e-02 3.628102e-01 1.237681e+00 1.136976e+01 7.527667e+00 4.917561e-01 2.1742e-03 4.8250e-03 +2.1699e-07 0.04856 7.43952e-02 1.82124e-01 3.68227e-01 0.00000e+00
3.343024 1.03539773e-01 3.67789309e-02 1.40318704e-01 7.61442410e-03 1.96062506e+00 2.42486576e+00 3.50839266e-02 3.552155e-01 1.236782e+00 1.170363e+01 7.567698e+00 5.056000e-01 2.2520e-03 4.6813e-03 +2.1444e-06 0.04765 7.34894e-02 1.80372e-01 3.64995e-01 0.00000e+00
3.392920 1.02729739e-01 3.57622572e-02 1.38491996e-01 7.66338590e-03 1.94426778e+00 2.40532247e+00 3.47967221e-02 3.481198e-01 1.237135e+00 1.197879e+01 7.612668e+00 4.925047e-01 2.3370e-03 4.5472e-03 +1.4216e-05 0.04650 7.28357e-02 1.79253e-01 3.62339e-01 0.00000e+00
3.442816 1.02066401e-01 3.47448512e-02 1.36811252e-01 7.70263467e-03 1.92746884e+00 2.37947958e+00 3.44555874e-02 3.404142e-01 1.234510e+00 1.212494e+01 7.657135e+00 4.609947e-01 2.4195e-03 4.4266e-03 +5.2405e-06 0.04515 7.19361e-02 1.77553e-01 3.58646e-01 0.00000e+00
3.492712 1.01382974e-01 3.37716643e-02 1.35154638e-01 7.73241880e-03 1.91031112e+00 2.35348205e+00 3.41103454e-02 3.331098e-01 1.231989e+00 1.220668e+01 7.696542e+00 4.864137e-01 2.5038e-03 4.3398e-03 -7.1247e-07 0.04397 7.12280e-02 1.76153e-01 3.55028e-01 0.00000e+00
3.542608 1.00610929e-01 3.28296397e-02 1.33440569e-01 7.75338790e-03 1.89217521e+00 2.32747088e+00 3.37571687e-02 3.263029e-01 1.230050e+00 1.222240e+01 7.721378e+00 4.767601e-01 2.5866e-03 4.2935e-03 +2.6073e-06 0.04351 7.08139e-02 1.75226e-01 3.51828e-01 0.00000e+00
3.592504 9.98550280e-02 3.18854739e-02 1.31740502e-01 7.76597177e-03 1.87269554e+00 2.29790647e+00 3.33648161e-02 3.193177e-01 1.227058e+00 1.214415e+01 7.722567e+00 4.806684e-01 2.6596e-03 4.2864e-03 -8.2512e-07 0.04282 7.04910e-02 1.74243e-01 3.48453e-01 0.00000e+00
3.642399 9.90122614e-02 3.09846748e-02 1.29996936e-01 7.77075688e-03 1.85209614e+00 2.26921037e+00 3.29704521e-02 3.129378e-01 1.225212e+00 1.204012e+01 7.728195e+00 4.854566e-01 2.7290e-03 4.3232e-03 +1.0255e-05 0.04154 7.05592e-02 1.73843e-01 3.45792e-01 0.00000e+00
3.692295 9.82366786e-02 3.01082463e-02 1.28344925e-01 7.76830403e-03 1.83130933e+00 2.23609978e+00 3.25392728e-02 3.064868e-01 1.221039e+00 1.187210e+01 7.747280e+00 4.494956e-01 2.7872e-03 4.3901e-03 +1.1426e-05 0.03995 7.05377e-02 1.72875e-01 3.42374e-01 0.00000e+00
3.742191 9.75364604e-02 2.92522785e-02 1.26788739e-01 7.75883168e-03 1.81015817e+00 2.19829480e+00 3.20676238e-02 2.999112e-01 1.214421e+00 1.164816e+01 7.751578e+00 4.481211e-01 2.8324e-03 4.4822e-03 -1.6453e-07 0.03872 7.03696e-02 1.71277e-01 3.38247e-01 0.00000e+00
3.792087 9.67723272e-02 2.84388969e-02 1.25211224e-01 7.74305355e-03 1.78834523e+00 2.16125216e+00 3.15967791e-02 2.938743e-01 1.208521e+00 1.143822e+01 7.737190e+00 4.567738e-01 2.8725e-03 4.6010e-03 +2.1706e-06 0.03800 7.04803e-02 1.70014e-01 3.34910e-01 0.00000e+00
3.841983 9.60076307e-02 2.76316283e-02 1.23639259e-01 7.72161624e-03 1.76576152e+00 2.12084790e+00 3.10928754e-02 2.878066e-01 1.201095e+00 1.118498e+01 7.717982e+00 4.410001e-01 2.8987e-03 4.7317e-03 +2.0504e-07 0.03729 7.05248e-02 1.68408e-01 3.31600e-01 0.00000e+00
3.891879 9.51831420e-02 2.68506963e-02 1.22033838e-01 7.69507175e-03 1.74292789e+00 2.07946255e+00 3.05791235e-02 2.820951e-01 1.193086e+00 1.093662e+01 7.691909e+00 4.722440e-01 2.9176e-03 4.8713e-03 +4.0558e-06 0.03659 7.06080e-02 1.66722e-01 3.28718e-01 0.00000e+00
3.941775 9.43303886e-02 2.61079131e-02 1.20438302e-01 7.66408234e-03 1.72026554e+00 2.03709322e+00 3.00588701e-02 2.767710e-01 1.184174e+00 1.069789e+01 7.664986e+00 4.389946e-01 2.9316e-03 5.0114e-03 +1.3894e-05 0.03686 7.06237e-02 1.64835e-01 3.26204e-01 0.00000e+00
3.991671 9.36346913e-02 2.53782270e-02 1.19012918e-01 7.62916119e-03 1.69786743e+00 1.98903943e+00 2.94952549e-02 2.710344e-01 1.171493e+00 1.043268e+01 7.646296e+00 4.050634e-01 2.9336e-03 5.1360e-03 +4.3011e-06 0.03728 7.01387e-02 1.61974e-01 3.22960e-01 0.00000e+00
4.041567 9.29025714e-02 2.46864413e-02 1.17589013e-01 7.59092561e-03 1.67594839e+00 1.94068906e+00 2.89330997e-02 2.657240e-01 1.157965e+00 1.019145e+01 7.628126e+00 4.371034e-01 2.9334e-03 5.2500e-03 +1.0557e-07 0.03727 6.95068e-02 1.58969e-01 3.20120e-01 0.00000e+00
4.091462 9.21203733e-02 2.40199022e-02 1.16140276e-01 7.55002481e-03 1.65449832e+00 1.89177241e+00 2.83701659e-02 2.607447e-01 1.143412e+00 9.965576e+00 7.609185e+00 4.257188e-01 2.9302e-03 5.3467e-03 +2.2007e-06 0.03801 6.87069e-02 1.55854e-01 3.17670e-01 0.00000e+00
4.141358 9.13475894e-02 2.33641884e-02 1.14711778e-01 7.50701589e-03 1.63328354e+00 1.84089005e+00 2.77933888e-02 2.557724e-01 1.127110e+00 9.722151e+00 7.598222e+00 4.396809e-01 2.9194e-03 5.4181e-03 +2.0523e-07 0.03828 6.76036e-02 1.52474e-01 3.15279e-01 0.00000e+00
4.191254 9.05156402e-02 2.27434856e-02 1.13259126e-01 7.46246054e-03 1.61260664e+00 1.79106825e+00 2.72293992e-02 2.512658e-01 1.110667e+00 9.529595e+00 7.589693e+00 4.459765e-01 2.9117e-03 5.4678e-03 +1.1047e-05 0.03822 6.64179e-02 1.49389e-01 3.13597e-01 0.00000e+00
4.241150 8.97662809e-02 2.21462458e-02 1.11912527e-01 7.41692933e-03 1.59287257e+00 1.73903387e+00 2.66552515e-02 2.467101e-01 1.091760e+00 9.320864e+00 7.588168e+00 3.976995e-01 2.8968e-03 5.4798e-03 +9.9817e-06 0.03870 6.47425e-02 1.45893e-01 3.11205e-01 0.00000e+00
4.291046 8.90765922e-02 2.15744165e-02 1.10651009e-01 7.37098540e-03 1.57415126e+00 1.68629440e+00 2.60835652e-02 2.422007e-01 1.071240e+00 9.115332e+00 7.587813e+00 4.203745e-01 2.8772e-03 5.4565e-03 -2.6625e-08 0.03858 6.27216e-02 1.42267e-01 3.08242e-01 0.00000e+00
4.340942 8.83188180e-02 2.10347771e-02 1.09353595e-01 7.32515242e-03 1.55614504e+00 1.63616618e+00 2.55384897e-02 2.381687e-01 1.051423e+00 8.934608e+00 7.593188e+00 4.315596e-01 2.8587e-03 5.4091e-03 +2.1230e-06 0.03882 6.07442e-02 1.39277e-01 3.05928e-01 0.00000e+00
4.390838 8.75908874e-02 2.05044863e-02 1.08095374e-01 7.27981399e-03 1.53838150e+00 1.58623806e+00 2.49969564e-02 2.340938e-01 1.031108e+00 8.735711e+00 7.614080e+00 4.229155e-01 2.8348e-03 5.3345e-03 +3.2929e-08 0.03916 5.87417e-02 1.36684e-01 3.03865e-01 0.00000e+00
4.440734 8.68023606e-02 1.99979721e-02 1.06800333e-01 7.23526285e-03 1.52124473e+00 1.53889608e+00 2.44811265e-02 2.303851e-01 1.011603e+00 8.540488e+00 7.639060e+00 4.655044e-01 2.8095e-03 5.2466e-03 +5.3963e-06 0.03896 5.69282e-02 1.34820e-01 3.02597e-01 0.00000e+00
4.490629 8.60085163e-02 1.95196619e-02 1.05528178e-01 7.19173943e-03 1.50500620e+00 1.49407337e+00 2.39926366e-02 2.269503e-01 9.927357e-01 8.355279e+00 7.667464e+00 4.306510e-01 2.7831e-03 5.1564e-03 +1.2882e-05 0.03908 5.53260e-02 1.33520e-01 3.01811e-01 0.00000e+00
4.540525 8.53464738e-02 1.90558327e-02 1.04402306e-01 7.14946457e-03 1.48939354e+00 1.44975842e+00 2.35132157e-02 2.232762e-01 9.733884e-01 8.142587e+00 7.711901e+00 4.121581e-01 2.7489e-03 5.0720e-03 +3.2585e-06 0.03908 5.38750e-02 1.32354e-01 3.00849e-01 0.00000e+00
4.590421 8.46477159e-02 1.86158401e-02 1.03263556e-01 7.10856448e-03 1.47445007e+00 1.40889144e+00 2.30667321e-02 2.199214e-01 9.555369e-01 7.952049e+00 7.780494e+00 4.512561e-01 2.7167e-03 5.0213e-03 +3.8299e-07 0.03888 5.29297e-02 1.31942e-01 3.00813e-01 0.00000e+00
4.640317 8.39178074e-02 1.81908948e-02 1.02108702e-01 7.06899165e-03 1.46001381e+00 1.37069976e+00 2.26457086e-02 2.167704e-01 9.388266e-01 7.757435e+00 7.868549e+00 4.449527e-01 2.6839e-03 5.0095e-03 +1.3911e-06 0.03914 5.24806e-02 1.32096e-01 3.01499e-01 0.00000e+00
4.690213 8.31910011e-02 1.77761174e-02 1.00967118e-01 7.03063842e-03 1.44594153e+00 1.33448755e+00 2.22434327e-02 2.136784e-01 9.229194e-01 7.554648e+00 7.952909e+00 4.774690e-01 2.6505e-03 5.0398e-03 +9.4630e-07 0.03899 5.24927e-02 1.32629e-01 3.02643e-01 0.00000e+00
4.740109 8.24142559e-02 1.73816523e-02 9.97959082e-02 6.99334088e-03 1.43250754e+00 1.30122112e+00 2.18698293e-02 2.109059e-01 9.083520e-01 7.373325e+00 8.029327e+00 4.838910e-01 2.6219e-03 5.1186e-03 +1.1097e-05 0.03882 5.30273e-02 1.33746e-01 3.04615e-01 0.00000e+00
4.790005 8.17331807e-02 1.69973312e-02 9.87305119e-02 6.95700291e-03 1.41962917e+00 1.26835847e+00 2.15039012e-02 2.079612e-01 8.934435e-01 7.178598e+00 8.152572e+00 4.372295e-01 2.5915e-03 5.2259e-03 +8.2914e-06 0.03875 5.37397e-02 1.34737e-01 3.06200e-01 0.00000e+00
4.839901 8.10840932e-02 1.66268784e-02 9.77109716e-02 6.92160085e-03 1.40745350e+00 1.23668417e+00 2.11531014e-02 2.050572e-01 8.786679e-01 6.983451e+00 8.261473e+00 4.717768e-01 2.5625e-03 5.3506e-03 -2.5144e-07 0.03848 5.45769e-02 1.35723e-01 3.07569e-01 0.00000e+00
4.889797 8.03737246e-02 1.62722893e-02 9.66460140e-02 6.88707116e-03 1.39589041e+00 1.20682718e+00 2.08217407e-02 2.024578e-01 8.645573e-01 6.800476e+00 8.351043e+00 4.880029e-01 2.5383e-03 5.4814e-03 +1.6805e-06 0.03846 5.55949e-02 1.37083e-01 3.09392e-01 0.00000e+00
4.939692 7.97023629e-02 1.59216760e-02 9.56240390e-02 6.85330284e-03 1.38453605e+00 1.17668491e+00 2.04897677e-02 1.997642e-01 8.498767e-01 6.604693e+00 8.491660e+00 4.941062e-01 2.5144e-03 5.5966e-03 -2.2548e-07 0.03838 5.65892e-02 1.38521e-01 3.11243e-01 0.00000e+00
4.989588 7.89732398e-02 1.55836620e-02 9.45569019e-02 6.82022497e-03 1.37357134e+00 1.14730735e+00 2.01670295e-02 1.973284e-01 8.352732e-01 6.420990e+00 8.607254e+00 5.323215e-01 2.4934e-03 5.6894e-03 +6.2468e-06 0.03806 5.75949e-02 1.40245e-01 3.13448e-01 0.00000e+00
5.039484 7.82558521e-02 1.52591876e-02 9.35150397e-02 6.78785942e-03 1.36324924e+00 1.11819521e+00 1.98515556e-02 1.949910e-01 8.202427e-01 6.238318e+00 8.728792e+00 4.945244e-01 2.4726e-03 5.7445e-03 +1.1566e-05 0.03788 5.84032e-02 1.41828e-01 3.15302e-01 0.00000e+00
5.089380 7.76431981e-02 1.49424358e-02 9.25856339e-02 6.75636673e-03 1.35334951e+00 1.08824506e+00 1.95327566e-02 1.924500e-01 8.041124e-01 6.036106e+00 8.859600e+00 4.882803e-01 2.4475e-03 5.7556e-03 +2.3634e-06 0.03761 5.88776e-02 1.42952e-01 3.16332e-01 0.00000e+00
5.139276 7.69908755e-02 1.46387759e-02 9.16296514e-02 6.72585898e-03 1.34390690e+00 1.05879606e+00 1.92216236e-02 1.901365e-01 7.878493e-01 5.847796e+00 8.967209e+00 5.275040e-01 2.4241e-03 5.7371e-03 +3.8269e-07 0.03739 5.93157e-02 1.44220e-01 3.17590e-01 0.00000e+00
5.189172 7.63251629e-02 1.43444404e-02 9.06696034e-02 6.69636740e-03 1.33467055e+00 1.02921259e+00 1.89110651e-02 1.879385e-01 7.711361e-01 5.648671e+00 9.108395e+00 5.219722e-01 2.3999e-03 5.6915e-03 +7.4486e-07 0.03723 5.97017e-02 1.45523e-01 3.18941e-01 0.00000e+00
5.239068 7.56566611e-02 1.40598633e-02 8.97165244e-02 6.66793088e-03 1.32566563e+00 9.99701355e-01 1.86029359e-02 1.858377e-01 7.541128e-01 5.437096e+00 9.233227e+00 5.592150e-01 2.3750e-03 5.6267e-03 +1.7415e-06 0.03698 6.00477e-02 1.46804e-01 3.20262e-01 0.00000e+00
5.288964 7.49407949e-02 1.37901905e-02 8.87309854e-02 6.64057416e-03 1.31704177e+00 9.70764329e-01 1.83024488e-02 1.840145e-01 7.370794e-01 5.224849e+00 9.364862e+00 5.553620e-01 2.3517e-03 5.5550e-03 +1.0986e-05 0.03668 6.04267e-02 1.48184e-01 3.21765e-01 0.00000e+00
5.338860 7.43260891e-02 1.35285220e-02 8.78546111e-02 6.61436568e-03 1.30866269e+00 9.41091678e-01 1.79980349e-02 1.820158e-01 7.191247e-01 4.989544e+00 9.488011e+00 5.132705e-01 2.3260e-03 5.4766e-03 +6.8348e-06 0.03635 6.06250e-02 1.49117e-01 3.22618e-01 0.00000e+00
5.388755 7.37178420e-02 1.32780291e-02 8.69958711e-02 6.58936116e-03 1.30060581e+00 9.11535492e-01 1.76971304e-02 1.801196e-01 7.008545e-01 4.734533e+00 9.608007e+00 5.458160e-01 2.3001e-03 5.4018e-03 -2.2921e-07 0.03641 6.07868e-02 1.49893e-01 3.23253e-01 0.00000e+00
5.438651 7.30583429e-02 1.30421626e-02 8.61005055e-02 6.56552330e-03 1.29285061e+00 8.82664110e-01 1.74041177e-02 1.785171e-01 6.827271e-01 4.462034e+00 9.717202e+00 5.575142e-01 2.2762e-03 5.3352e-03 +1.2684e-06 0.03600 6.10338e-02 1.50787e-01 3.24094e-01 0.00000e+00
5.488547 7.24304985e-02 1.28163586e-02 8.52468571e-02 6.54274012e-03 1.28518036e+00 8.53650376e-01 1.71106459e-02 1.769470e-01 6.642261e-01 4.150273e+00 9.821203e+00 5.723284e-01 2.2510e-03 5.2714e-03 -1.2025e-07 0.03571 6.12906e-02 1.51597e-01 3.24862e-01 0.00000e+00
5.538443 7.17521641e-02 1.26048077e-02 8.43569717e-02 6.52085896e-03 1.27770056e+00 8.25139127e-01 1.68227175e-02 1.756715e-01 6.458001e-01 4.058928e+00 9.939882e+00 6.047670e-01 2.2258e-03 5.2096e-03 +6.9907e-06 0.03593 6.16618e-02 1.52581e-01 3.25946e-01 0.00000e+00
5.588339 7.10897622e-02 1.24054818e-02 8.34952441e-02 6.49975431e-03 1.27052814e+00 7.96975300e-01 1.65400275e-02 1.745045e-01 6.272787e-01 4.045149e+00 1.002744e+01 5.594756e-01 2.1967e-03 5.1357e-03 +1.0350e-05 0.03588 6.19985e-02 1.53375e-01 3.26763e-01 0.00000e+00
5.638235 7.05083997e-02 1.22161393e-02 8.27245390e-02 6.47934018e-03 1.26354193e+00 7.69226309e-01 1.62621459e-02 1.732579e-01 6.087857e-01 4.038981e+00 1.014354e+01 5.597952e-01 2.1605e-03 5.0345e-03 +1.6410e-06 0.03591 6.22369e-02 1.53808e-01 3.26984e-01 0.00000e+00
5.688131 6.98752453e-02 1.20416919e-02 8.19169372e-02 6.45948791e-03 1.25681930e+00 7.42530864e-01 1.59948013e-02 1.723313e-01 5.908016e-01 4.013884e+00 1.020386e+01 5.984349e-01 2.1187e-03 4.9016e-03 +3.3511e-07 0.03579 6.26099e-02 1.54445e-01 3.27525e-01 0.00000e+00
5.738027 6.92469509e-02 1.18796543e-02 8.11266053e-02 6.44002964e-03 1.25012392e+00 7.16713994e-01 1.57347033e-02 1.715549e-01 5.733144e-01 3.978181e+00 1.031336e+01 6.019464e-01 2.0690e-03 4.7265e-03 +2.0389e-07 0.03513 6.30881e-02 1.55207e-01 3.28265e-01 0.00000e+00
5.787922 6.86000570e-02 1.17306631e-02 8.03307201e-02 6.42080695e-03 1.24344520e+00 6.92293704e-01 1.54859112e-02 1.710008e-01 5.567545e-01 3.947199e+00 1.039034e+01 6.367991e-01 2.0106e-03 4.5032e-03 +2.4370e-06 0.03501 6.36909e-02 1.56143e-01 3.29234e-01 0.00000e+00
5.837818 6.79137312e-02 1.15967707e-02 7.95105019e-02 6.40171296e-03 1.23685131e+00 6.69663280e-01 1.52521167e-02 1.707574e-01 5.414259e-01 3.901674e+00 1.047099e+01 6.249078e-01 1.9447e-03 4.2353e-03 +1.0487e-05 0.03494 6.44152e-02 1.57261e-01 3.30438e-01 0.00000e+00
5.887714 6.73164294e-02 1.14706899e-02 7.87871193e-02 6.38267389e-03 1.23027559e+00 6.48309716e-01 1.50286824e-02 1.703996e-01 5.269630e-01 3.825685e+00 1.053615e+01 5.948848e-01 1.8694e-03 3.9268e-03 +5.4103e-06 0.03483 6.50994e-02 1.58160e-01 3.31271e-01 0.00000e+00
5.937610 6.67110803e-02 1.13552483e-02 7.80663286e-02 6.36360883e-03 1.22364443e+00 6.28716418e-01 1.48188868e-02 1.702153e-01 5.138065e-01 3.754921e+00 1.059312e+01 6.283220e-01 1.7895e-03 3.5988e-03 -4.3802e-07 0.03487 6.58719e-02 1.59183e-01 3.32248e-01 0.00000e+00
5.987506 6.60596983e-02 1.12532258e-02 7.73129240e-02 6.34441452e-03 1.21688482e+00 6.11189071e-01 1.46245912e-02 1.703493e-01 5.022571e-01 3.676996e+00 1.065504e+01 6.348419e-01 1.7091e-03 3.2720e-03 +5.3563e-07 0.03430 6.67816e-02 1.60475e-01 3.33596e-01 0.00000e+00
6.037402 6.54344914e-02 1.11614571e-02 7.65959485e-02 6.32495181e-03 1.20984166e+00 5.95581806e-01 1.44433878e-02 1.705745e-01 4.922808e-01 3.586707e+00 1.068150e+01 6.522515e-01 1.6313e-03 2.9672e-03 -1.3279e-07 0.03451 6.77349e-02 1.61824e-01 3.34982e-01 0.00000e+00
6.087298 6.47573459e-02 1.10822297e-02 7.58395756e-02 6.30504701e-03 1.20253518e+00 5.81869125e-01 1.42752344e-02 1.711347e-01 4.838687e-01 3.490640e+00 1.074637e+01 6.729295e-01 1.5604e-03 2.7050e-03 +7.1990e-06 0.03454 6.88053e-02 1.63445e-01 3.36763e-01 0.00000e+00
6.137194 6.41086955e-02 1.10098171e-02 7.51185126e-02 6.28451257e-03 1.19498400e+00 5.69615583e-01 1.41167966e-02 1.717367e-01 4.766721e-01 3.379490e+00 1.075816e+01 6.244929e-01 1.4987e-03 2.4957e-03 +8.7672e-06 0.03395 6.98070e-02 1.64919e-01 3.38311e-01 0.00000e+00
6.187090 6.35149811e-02 1.09418949e-02 7.44568760e-02 6.26311423e-03 1.18716177e+00 5.58679520e-01 1.39667303e-02 1.722727e-01 4.706010e-01 3.259797e+00 1.078521e+01 6.194846e-01 1.4488e-03 2.3449e-03 +7.0373e-07 0.03396 7.06754e-02 1.66114e-01 3.39385e-01 0.00000e+00
6.236985 6.28677923e-02 1.08847576e-02 7.37525499e-02 6.24057572e-03 1.17899456e+00 5.49198425e-01 1.38255439e-02 1.731373e-01 4.658193e-01 3.150309e+00 1.080539e+01 6.393501e-01 1.4123e-03 2.2544e-03 -1.4813e-07 0.03405 7.15712e-02 1.67434e-01 3.40615e-01 0.00000e+00
6.286881 6.22376171e-02 1.08352067e-02 7.30728238e-02 6.21658270e-03 1.17044739e+00 5.40788336e-01 1.36898858e-02 1.740942e-01 4.620356e-01 3.040800e+00 1.080641e+01 6.411262e-01 1.3875e-03 2.2147e-03 -5.7898e-07 0.03423 7.24313e-02 1.68737e-01 3.41815e-01 0.00000e+00
6.336777 6.15836049e-02 1.07939169e-02 7.23775218e-02 6.19080826e-03 1.16150373e+00 5.33387942e-01 1.35591334e-02 1.752726e-01 4.592219e-01 2.934445e+00 1.080118e+01 6.577854e-01 1.3730e-03 2.2142e-03 +2.7287e-06 0.03432 7.32843e-02 1.70093e-01 3.43081e-01 0.00000e+00
6.386673 6.09008067e-02 1.07606252e-02 7.16614319e-02 6.16295278e-03 1.15223333e+00 5.26773190e-01 1.34320522e-02 1.766910e-01 4.571758e-01 2.877496e+00 1.078204e+01 6.229980e-01 1.3664e-03 2.2387e-03 +9.4674e-06 0.03420 7.40849e-02 1.71404e-01 3.44251e-01 0.00000e+00
6.436569 6.02974193e-02 1.07274536e-02 7.10248729e-02 6.13272958e-03 1.14272078e+00 5.20404192e-01 1.33049998e-02 1.779090e-01 4.554080e-01 2.984430e+00 1.077741e+01 5.864028e-01 1.3640e-03 2.2741e-03 +3.8158e-06 0.03453 7.46709e-02 1.72285e-01 3.44753e-01 0.00000e+00
6.486465 5.96797325e-02 1.06998563e-02 7.03795888e-02 6.09988908e-03 1.13292594e+00 5.14469452e-01 1.31791632e-02 1.792879e-01 4.541069e-01 3.077229e+00 1.072363e+01 6.045144e-01 1.3640e-03 2.3146e-03 -1.0130e-06 0.03434 7.52209e-02 1.73144e-01 3.45205e-01 0.00000e+00
6.536361 5.90305826e-02 1.06799365e-02 6.97105191e-02 6.06425283e-03 1.12281310e+00 5.09073833e-01 1.30550955e-02 1.809221e-01 4.533914e-01 3.163081e+00 1.070061e+01 6.024581e-01 1.3642e-03 2.3549e-03 -4.3459e-07 0.03441 7.58002e-02 1.74115e-01 3.45804e-01 0.00000e+00
6.586257 5.84047067e-02 1.06646802e-02 6.90693869e-02 6.02569081e-03 1.11243281e+00 5.04127366e-01 1.29324814e-02 1.825997e-01 4.531756e-01 3.224122e+00 1.065226e+01 6.113570e-01 1.3633e-03 2.3899e-03 -3.2223e-07 0.03437 7.63635e-02 1.75069e-01 3.46337e-01 0.00000e+00
6.636152 5.77301202e-02 1.06577899e-02 6.83879101e-02 5.98414020e-03 1.10173369e+00 4.99725885e-01 1.28116766e-02 1.846140e-01 4.535814e-01 3.260771e+00 1.059388e+01 6.099302e-01 1.3605e-03 2.4178e-03 +6.9225e-06 0.03427 7.70076e-02 1.76218e-01 3.47128e-01 0.00000e+00
6.686048 5.70999769e-02 1.06509986e-02 6.77509754e-02 5.93961282e-03 1.09084521e+00 4.95481148e-01 1.26906109e-02 1.865324e-01 4.542177e-01 3.282565e+00 1.054161e+01 5.660899e-01 1.3548e-03 2.4343e-03 +7.0149e-06 0.03452 7.75850e-02 1.77213e-01 3.47687e-01 0.00000e+00
6.735944 5.65078028e-02 1.06433237e-02 6.71511265e-02 5.89216160e-03 1.07971681e+00 4.91463756e-01 1.25694445e-02 1.883514e-01 4.551784e-01 3.297732e+00 1.047586e+01 5.598587e-01 1.3460e-03 2.4389e-03 -2.9909e-07 0.03443 7.81181e-02 1.78090e-01 3.48026e-01 0.00000e+00
6.785840 5.58704768e-02 1.06427970e-02 6.65132738e-02 5.84190272e-03 1.06828519e+00 4.88105257e-01 1.24511235e-02 1.904905e-01 4.569054e-01 3.290251e+00 1.037686e+01 5.741216e-01 1.3352e-03 2.4343e-03 -9.3349e-07 0.03421 7.87761e-02 1.79217e-01 3.48692e-01 0.00000e+00
6.835736 5.52556933e-02 1.06451845e-02 6.59008778e-02 5.78898951e-03 1.05661414e+00 4.85308673e-01 1.23353825e-02 1.926532e-01 4.593055e-01 3.313407e+00 1.031020e+01 5.863137e-01 1.3225e-03 2.4222e-03 -1.3481e-06 0.03402 7.95204e-02 1.80496e-01 3.49576e-01 0.00000e+00
6.885632 5.46218844e-02 1.06528597e-02 6.52747441e-02 5.73360957e-03 1.04459841e+00 4.83234856e-01 1.22226661e-02 1.950291e-01 4.626035e-01 3.340572e+00 1.022541e+01 6.032233e-01 1.3085e-03 2.4045e-03 +2.8362e-06 0.03364 8.04214e-02 1.82082e-01 3.50906e-01 0.00000e+00
6.935528 5.39705605e-02 1.06631962e-02 6.46337567e-02 5.67598563e-03 1.03228084e+00 4.81686037e-01 1.21117350e-02 1.975743e-01 4.666231e-01 3.401488e+00 1.012082e+01 5.720098e-01 1.2933e-03 2.3805e-03 +8.2053e-06 0.03367 8.13948e-02 1.83794e-01 3.52428e-01 0.00000e+00
6.985424 5.33939190e-02 1.06676323e-02 6.40615513e-02 5.61632853e-03 1.01976629e+00 4.80247544e-01 1.20001106e-02 1.997911e-01 4.709388e-01 3.524020e+00 1.003469e+01 5.474547e-01 1.2776e-03 2.3498e-03 +2.2680e-06 0.03356 8.22637e-02 1.85244e-01 3.53599e-01 0.00000e+00
7.035320 5.27954608e-02 1.06746257e-02 6.34700865e-02 5.55486542e-03 1.00693447e+00 4.79319367e-01 1.18900307e-02 2.021883e-01 4.760184e-01 3.745131e+00 9.910816e+00 5.692558e-01 1.2619e-03 2.3172e-03 -1.6335e-06 0.03352 8.32135e-02 1.86854e-01 3.55036e-01 0.00000e+00
7.085215 5.21869031e-02 1.06849136e-02 6.28718167e-02 5.49185657e-03 9.93805105e-01 4.78975735e-01 1.17822467e-02 2.047432e-01 4.819614e-01 4.118050e+00 9.812068e+00 5.842449e-01 1.2467e-03 2.2851e-03 -1.3898e-06 0.03342 8.42763e-02 1.88704e-01 3.56887e-01 0.00000e+00
7.135111 5.15952675e-02 1.06958172e-02 6.22910847e-02 5.42754978e-03 9.80431464e-01 4.79065425e-01 1.16759751e-02 2.073023e-01 4.886271e-01 4.541710e+00 9.684058e+00 6.029016e-01 1.2328e-03 2.2542e-03 -4.6701e-07 0.03342 8.53857e-02 1.90656e-01 3.58959e-01 0.00000e+00
7.185007 5.09642203e-02 1.07112104e-02 6.16754307e-02 5.36218902e-03 9.66738086e-01 4.79625752e-01 1.15709107e-02 2.101712e-01 4.961279e-01 4.927630e+00 9.574126e+00 5.991568e-01 1.2202e-03 2.2250e-03 +6.4832e-06 0.03345 8.65684e-02 1.92782e-01 3.61351e-01 0.00000e+00
7.234903 5.03846424e-02 1.07204312e-02 6.11050736e-02 5.29601488e-03 9.52867990e-01 4.80062093e-01 1.14634407e-02 2.127718e-01 5.038076e-01 5.265302e+00 9.443031e+00 5.667407e-01 1.2089e-03 2.1950e-03 +5.3729e-06 0.03345 8.76156e-02 1.94656e-01 3.63502e-01 0.00000e+00
7.284799 4.98356308e-02 1.07249042e-02 6.05605349e-02 5.22925996e-03 9.38776346e-01 4.80453382e-01 1.13538378e-02 2.152055e-01 5.117868e-01 5.560378e+00 9.305007e+00 5.702663e-01 1.1992e-03 2.1652e-03 -1.1962e-06 0.03341 8.85695e-02 1.96375e-01 3.65538e-01 0.00000e+00
7.334695 4.92482237e-02 1.07329336e-02 5.99811572e-02 5.16217197e-03 9.24461186e-01 4.81157974e-01 1.12449533e-02 2.179354e-01 5.204740e-01 5.821253e+00 9.175220e+00 5.902378e-01 1.1912e-03 2.1382e-03 -1.6875e-06 0.03341 8.95737e-02 1.98248e-01 3.67880e-01 0.00000e+00
7.384591 4.86901323e-02 1.07399210e-02 5.94300533e-02 5.09497520e-03 9.10027286e-01 4.81945004e-01 1.11357783e-02 2.205770e-01 5.295940e-01 6.035957e+00 9.027212e+00 6.088055e-01 1.1848e-03 2.1128e-03 -1.8854e-06 0.03342 9.05482e-02 2.00113e-01 3.70321e-01 0.00000e+00
7.434487 4.81116796e-02 1.07496178e-02 5.88612974e-02 5.02788331e-03 8.95401712e-01 4.82988872e-01 1.10271247e-02 2.234305e-01 5.394103e-01 6.219987e+00 8.884597e+00 6.232269e-01 1.1795e-03 2.0899e-03 +2.9175e-06 0.03333 9.15734e-02 2.02149e-01 3.73104e-01 0.00000e+00
7.484382 4.75328339e-02 1.07571636e-02 5.82899975e-02 4.96110853e-03 8.80637374e-01 4.83965902e-01 1.09168262e-02 2.263102e-01 5.495632e-01 6.379225e+00 8.739581e+00 5.917550e-01 1.1753e-03 2.0672e-03 +6.9654e-06 0.03324 9.25365e-02 2.04114e-01 3.75905e-01 0.00000e+00
7.534278 4.70203738e-02 1.07547654e-02 5.77751392e-02 4.89483810e-03 8.65853378e-01 4.84433045e-01 1.08022914e-02 2.287256e-01 5.594862e-01 6.501075e+00 8.594738e+00 5.735798e-01 1.1720e-03 2.0433e-03 +1.0004e-06 0.03307 9.32887e-02 2.05683e-01 3.78257e-01 0.00000e+00
7.584174 4.64826561e-02 1.07528934e-02 5.72355496e-02 4.82925135e-03 8.50993539e-01 4.84926758e-01 1.06873624e-02 2.313313e-01 5.698360e-01 6.603353e+00 8.426490e+00 5.922973e-01 1.1694e-03 2.0211e-03 -2.1918e-06 0.03293 9.40401e-02 2.07296e-01 3.80755e-01 0.00000e+00
7.634070 4.59492763e-02 1.07514059e-02 5.67006822e-02 4.76452287e-03 8.36121430e-01 4.85532967e-01 1.05732352e-02 2.339842e-01 5.806967e-01 6.682166e+00 8.278486e+00 6.074190e-01 1.1667e-03 2.0001e-03 -2.1521e-06 0.03298 9.48245e-02 2.09035e-01 3.83533e-01 0.00000e+00
7.683966 4.54308367e-02 1.07491610e-02 5.61799978e-02 4.70079258e-03 8.21258694e-01 4.86242618e-01 1.04600105e-02 2.366050e-01 5.920700e-01 6.738345e+00 8.122788e+00 6.254021e-01 1.1639e-03 1.9805e-03 -4.0649e-07 0.03283 9.56373e-02 2.10881e-01 3.86552e-01 0.00000e+00
7.733862 4.48807989e-02 1.07484019e-02 5.56292008e-02 4.63819168e-03 8.06405972e-01 4.87055106e-01 1.03476886e-02 2.394878e-01 6.039825e-01 6.784878e+00 7.967204e+00 6.140438e-01 1.1612e-03 1.9627e-03 +6.0006e-06 0.03261 9.64882e-02 2.12841e-01 3.89806e-01 0.00000e+00
7.783758 4.43852046e-02 1.07379252e-02 5.51231298e-02 4.57682791e-03 7.91682969e-01 4.87341189e-01 1.02321933e-02 2.419258e-01 6.155762e-01 6.809404e+00 7.812251e+00 5.755913e-01 1.1581e-03 1.9430e-03 +3.9178e-06 0.03236 9.71630e-02 2.14459e-01 3.92699e-01 0.00000e+00
7.833654 4.39118359e-02 1.07217787e-02 5.46336145e-02 4.51678993e-03 7.77059398e-01 4.87401581e-01 1.01156878e-02 2.441660e-01 6.272385e-01 6.822860e+00 7.652184e+00 5.798584e-01 1.1546e-03 1.9228e-03 -1.8779e-06 0.03186 9.77765e-02 2.15975e-01 3.95539e-01 0.00000e+00
7.883550 4.34094358e-02 1.07071285e-02 5.41165643e-02 4.45817020e-03 7.62551643e-01 4.87659407e-01 1.00016884e-02 2.466544e-01 6.395100e-01 6.830559e+00 7.494091e+00 5.960190e-01 1.1506e-03 1.9045e-03 -2.3233e-06 0.03189 9.84786e-02 2.17709e-01 3.98745e-01 0.00000e+00
7.933445 4.29395957e-02 1.06902030e-02 5.36297987e-02 4.40102189e-03 7.48268069e-01 4.87922079e-01 9.88952119e-03 2.489591e-01 6.520686e-01 6.819863e+00 7.343893e+00 6.130558e-01 1.1460e-03 1.8872e-03 -2.1951e-06 0.03198 9.91915e-02 2.19497e-01 4.02105e-01 0.00000e+00
7.983341 4.24453589e-02 1.06748514e-02 5.31202103e-02 4.34536845e-03 7.34155866e-01 4.88394350e-01 9.78040173e-03 2.514963e-01 6.652461e-01 6.806275e+00 7.193876e+00 6.198493e-01 1.1410e-03 1.8713e-03 +3.0088e-06 0.03156 9.99908e-02 2.21501e-01 4.05828e-01 0.00000e+00
8.033237 4.19653359e-02 1.06540406e-02 5.26193765e-02 4.29123894e-03 7.20260012e-01 4.88654859e-01 9.67131897e-03 2.538772e-01 6.784423e-01 6.788727e+00 7.040557e+00 5.790078e-01 1.1353e-03 1.8545e-03 +5.8322e-06 0.03104 1.00742e-01 2.23435e-01 4.09532e-01 0.00000e+00
8.083133 4.15417509e-02 1.06223912e-02 5.21641420e-02 4.23864276e-03 7.06640754e-01 4.88408890e-01 9.56039715e-03 2.557040e-01 6.911700e-01 6.759492e+00 6.890160e+00 5.601472e-01 1.1292e-03 1.8364e-03 -3.8351e-08 0.03061 1.01349e-01 2.25076e-01 4.12893e-01 0.00000e+00
8.133029 4.10920618e-02 1.05902744e-02 5.16823363e-02 4.18758631e-03 6.93289438e-01 4.88222895e-01 9.45209866e-03 2.577207e-01 7.042122e-01 6.732233e+00 6.738096e+00 5.806694e-01 1.1227e-03 1.8194e-03 -2.6704e-06 0.03046 1.02000e-01 2.26830e-01 4.16438e-01 0.00000e+00
8.182925 4.06529190e-02 1.05571081e-02 5.12100271e-02 4.13805749e-03 6.80260117e-01 4.88118581e-01 9.34702959e-03 2.596888e-01 7.175470e-01 6.696514e+00 6.593665e+00 5.915746e-01 1.1158e-03 1.8037e-03 -2.6758e-06 0.03045 1.02703e-01 2.28743e-01 4.20239e-01 0.00000e+00
8.232821 4.02273405e-02 1.05229906e-02 5.07503311e-02 4.09001111e-03 6.67533203e-01 4.88172921e-01 9.24564899e-03 2.615880e-01 7.313088e-01 6.657631e+00 6.447367e+00 6.086225e-01 1.1087e-03 1.7896e-03 -2.1058e-07 0.03010 1.03481e-01 2.30860e-01 4.24341e-01 0.00000e+00
8.282717 3.97752839e-02 1.04878193e-02 5.02631032e-02 4.04341168e-03 6.55107447e-01 4.88296460e-01 9.14723125e-03 2.636768e-01 7.453685e-01 6.624021e+00 6.308280e+00 5.887942e-01 1.1012e-03 1.7765e-03 +5.4975e-06 0.02969 1.04306e-01 2.33112e-01 4.28621e-01 0.00000e+00
8.332613 3.93793153e-02 1.04417665e-02 4.98210818e-02 3.99822408e-03 6.43060588e-01 4.87815664e-01 9.04701001e-03 2.651587e-01 7.585843e-01 6.581983e+00 6.166218e+00 5.494305e-01 1.0934e-03 1.7623e-03 +2.7059e-06 0.02918 1.04957e-01 2.34998e-01 4.32427e-01 0.00000e+00
8.382508 3.89916394e-02 1.03902166e-02 4.93818561e-02 3.95440881e-03 6.31363025e-01 4.87103796e-01 8.94773457e-03 2.664729e-01 7.715114e-01 6.539905e+00 6.027603e+00 5.577235e-01 1.0854e-03 1.7487e-03 -2.3774e-06 0.02862 1.05564e-01 2.36811e-01 4.36120e-01 0.00000e+00
8.432404 3.85866264e-02 1.03389616e-02 4.89255881e-02 3.91193059e-03 6.20002432e-01 4.86583501e-01 8.85268746e-03 2.679416e-01 7.848090e-01 6.503194e+00 5.889529e+00 5.712509e-01 1.0772e-03 1.7370e-03 -2.8130e-06 0.02856 1.06259e-01 2.38855e-01 4.40095e-01 0.00000e+00
8.482300 3.82108948e-02 1.02855950e-02 4.84964898e-02 3.87072652e-03 6.09032229e-01 4.86076633e-01 8.76087090e-03 2.691796e-01 7.981132e-01 6.459655e+00 5.754091e+00 5.921909e-01 1.0691e-03 1.7274e-03 -2.2322e-06 0.02859 1.06981e-01 2.40992e-01 4.44175e-01 0.00000e+00
8.532196 3.78094336e-02 1.02327487e-02 4.80421823e-02 3.83073239e-03 5.98414561e-01 4.85710137e-01 8.67299759e-03 2.706401e-01 8.116616e-01 6.420486e+00 5.628067e+00 6.007632e-01 1.0612e-03 1.7201e-03 +3.1519e-06 0.02818 1.07770e-01 2.43310e-01 4.48446e-01 0.00000e+00
8.582092 3.74274432e-02 1.01730552e-02 4.76004984e-02 3.79190420e-03 5.88162346e-01 4.84977934e-01 8.58512223e-03 2.718074e-01 8.245647e-01 6.382136e+00 5.499462e+00 5.495007e-01 1.0530e-03 1.7125e-03 +4.8519e-06 0.02741 1.08459e-01 2.45423e-01 4.52427e-01 0.00000e+00
8.631988 3.70937274e-02 1.01038328e-02 4.71975603e-02 3.75420670e-03 5.78263699e-01 4.83733780e-01 8.49597983e-03 2.723866e-01 8.365280e-01 6.342501e+00 5.374117e+00 5.348242e-01 1.0446e-03 1.7044e-03 -7.8560e-07 0.02683 1.08998e-01 2.47205e-01 4.55948e-01 0.00000e+00
8.681884 3.67314378e-02 1.00339263e-02 4.67653642e-02 3.71761604e-03 5.68720007e-01 4.82535433e-01 8.41004353e-03 2.731700e-01 8.484587e-01 6.308575e+00 5.249141e+00 5.631436e-01 1.0361e-03 1.6982e-03 -2.9552e-06 0.02677 1.09564e-01 2.49067e-01 4.59513e-01 0.00000e+00
8.731780 3.63848342e-02 9.96311577e-03 4.63479500e-02 3.68209317e-03 5.59549869e-01 4.81341111e-01 8.32712783e-03 2.738261e-01 8.602292e-01 6.271029e+00 5.126892e+00 5.763015e-01 1.0281e-03 1.6937e-03 -2.9139e-06 0.02680 1.10143e-01 2.50987e-01 4.63123e-01 0.00000e+00
8.781675 3.60426488e-02 9.89209044e-03 4.59347392e-02 3.64758189e-03 5.50717483e-01 4.80236155e-01 8.24762910e-03 2.744551e-01 8.720191e-01 6.234408e+00 5.011523e+00 5.964547e-01 1.0202e-03 1.6906e-03 +1.8404e-07 0.02639 1.10759e-01 2.53028e-01 4.66861e-01 0.00000e+00
8.831571 3.56824893e-02 9.81893878e-03 4.55014281e-02 3.61404669e-03 5.42195335e-01 4.79090736e-01 8.17028856e-03 2.751753e-01 8.836128e-01 6.205272e+00 4.898501e+00 5.675664e-01 1.0123e-03 1.6879e-03 +5.1265e-06 0.02582 1.11363e-01 2.55060e-01 4.70543e-01 0.00000e+00
8.881467 3.53745661e-02 9.73628557e-03 4.51108517e-02 3.58148187e-03 5.34012863e-01 4.77288219e-01 8.09040866e-03 2.752341e-01 8.937766e-01 6.170707e+00 4.788231e+00 5.311329e-01 1.0042e-03 1.6841e-03 +1.8182e-06 0.02533 1.11742e-01 2.56578e-01 4.73556e-01 0.00000e+00
8.931363 3.50630811e-02 9.64987361e-03 4.47129547e-02 3.54989421e-03 5.26142823e-01 4.75260427e-01 8.01122600e-03 2.752147e-01 9.032917e-01 6.139007e+00 4.677977e+00 5.501503e-01 9.9612e-04 1.6803e-03 -2.6269e-06 0.02499 1.12035e-01 2.57903e-01 4.76289e-01 0.00000e+00
8.981259 3.47404572e-02 9.56399499e-03 4.43044522e-02 3.51927625e-03 5.18573371e-01 4.73328603e-01 7.93521580e-03 2.752985e-01 9.127515e-01 6.109851e+00 4.571350e+00 5.621696e-01 9.8822e-04 1.6776e-03 -3.0143e-06 0.02482 1.12353e-01 2.59321e-01 4.79124e-01 0.00000e+00
9.031155 3.44439513e-02 9.47757550e-03 4.39215268e-02 3.48959754e-03 5.11301138e-01 4.71389924e-01 7.86152849e-03 2.751594e-01 9.219419e-01 6.076495e+00 4.468661e+00 5.856957e-01 9.8069e-04 1.6757e-03 -1.9332e-06 0.02477 1.12662e-01 2.60757e-01 4.81983e-01 0.00000e+00
9.081051 3.41197442e-02 9.39163741e-03 4.35113816e-02 3.46083741e-03 5.04300248e-01 4.69531574e-01 7.79065457e-03 2.752552e-01 9.310556e-01 6.047056e+00 4.370476e+00 5.958559e-01 9.7339e-04 1.6750e-03 +3.4169e-06 0.02446 1.12981e-01 2.62234e-01 4.84858e-01 0.00000e+00
9.130947 3.38176187e-02 9.29974348e-03 4.31173622e-02 3.43300559e-03 4.97572584e-01 4.67190296e-01 7.71810305e-03 2.749970e-01 9.389390e-01 6.014571e+00 4.272033e+00 5.391195e-01 9.6600e-04 1.6731e-03 +4.1334e-06 0.02376 1.13114e-01 2.63284e-01 4.87210e-01 0.00000e+00
9.180843 3.35528781e-02 9.20144927e-03 4.27543274e-02 3.40612884e-03 4.91092880e-01 4.64358742e-01 7.64361297e-03 2.742373e-01 9.455620e-01 5.978868e+00 4.175076e+00 5.302758e-01 9.5850e-04 1.6702e-03 -1.1749e-06 0.02359 1.13055e-01 2.63899e-01 4.89040e-01 0.00000e+00
9.230738 3.32598856e-02 9.10354864e-03 4.23634342e-02 3.38022306e-03 4.84846873e-01 4.61582106e-01 7.57143184e-03 2.737096e-01 9.520163e-01 5.946460e+00 4.079825e+00 5.580030e-01 9.5128e-04 1.6685e-03 -3.0084e-06 0.02352 1.12989e-01 2.64522e-01 4.90866e-01 0.00000e+00
9.280634 3.29853227e-02 9.00596957e-03 4.19912922e-02 3.35528381e-03 4.78853745e-01 4.58737112e-01 7.50072685e-03 2.730296e-01 9.579900e-01 5.905669e+00 3.990536e+00 5.777478e-01 9.4450e-04 1.6678e-03 -2.8166e-06 0.02338 1.12887e-01 2.65094e-01 4.92643e-01 0.00000e+00
9.330530 3.27048198e-02 8.90948564e-03 4.16143054e-02 3.33129415e-03 4.73089438e-01 4.55909906e-01 7.43199475e-03 2.724212e-01 9.636865e-01 5.860544e+00 3.906335e+00 6.012429e-01 9.3810e-04 1.6683e-03 +7.9643e-07 0.02352 1.12778e-01 2.65687e-01 4.94460e-01 0.00000e+00
9.380426 3.24139602e-02 8.81140101e-03 4.12253612e-02 3.30824595e-03 4.67518146e-01 4.52919248e-01 7.36349915e-03 2.718397e-01 9.687736e-01 5.815385e+00 3.823640e+00 5.588233e-01 9.3185e-04 1.6691e-03 +4.9077e-06 0.02357 1.12587e-01 2.66114e-01 4.96091e-01 0.00000e+00
9.430322 3.21698850e-02 8.70695345e-03 4.08768385e-02 3.28616376e-03 4.62144332e-01 4.49298968e-01 7.29154640e-03 2.706554e-01 9.722049e-01 5.760314e+00 3.740388e+00 5.220890e-01 9.2559e-04 1.6689e-03 +1.2430e-06 0.02354 1.12148e-01 2.65959e-01 4.97037e-01 0.00000e+00
9.480218 3.19146339e-02 8.60098234e-03 4.05156163e-02 3.26507988e-03 4.56964482e-01 4.45448993e-01 7.21930780e-03 2.694996e-01 9.748000e-01 5.700206e+00 3.657995e+00 5.525694e-01 9.1967e-04 1.6695e-03 -2.6330e-06 0.02346 1.11605e-01 2.65570e-01 4.97685e-01 0.00000e+00
9.530114 3.16506347e-02 8.49666729e-03 4.01473020e-02 3.24499064e-03 4.51975615e-01 4.41568380e-01 7.14835195e-03 2.684517e-01 9.769739e-01 5.631708e+00 3.581044e+00 5.626251e-01 9.1417e-04 1.6714e-03 -2.9569e-06 0.02340 1.11046e-01 2.65190e-01 4.98357e-01 0.00000e+00
9.580010 3.14094035e-02 8.39370486e-03 3.98031084e-02 3.22586081e-03 4.47165114e-01 4.37622976e-01 7.07830471e-03 2.672354e-01 9.786608e-01 5.552052e+00 3.507956e+00 5.839458e-01 9.0896e-04 1.6743e-03 -1.3875e-06 0.02335 1.10461e-01 2.64806e-01 4.99067e-01 0.00000e+00
9.629905 3.11396751e-02 8.29192305e-03 3.94315982e-02 3.20765698e-03 4.42512856e-01 4.33641507e-01 7.00923490e-03 2.662816e-01 9.799523e-01 5.466609e+00 3.436001e+00 5.852504e-01 9.0415e-04 1.6785e-03 +3.7609e-06 0.02327 1.09857e-01 2.64407e-01 4.99748e-01 0.00000e+00
9.679801 3.08958513e-02 8.18629734e-03 3.90821487e-02 3.19037974e-03 4.38016999e-01 4.29098794e-01 6.93692634e-03 2.649643e-01 9.796396e-01 5.367624e+00 3.364405e+00 5.294810e-01 8.9947e-04 1.6822e-03 +3.6251e-06 0.02338 1.09042e-01 2.63503e-01 4.99806e-01 0.00000e+00
9.729697 3.06752796e-02 8.07768147e-03 3.87529610e-02 3.17404391e-03 4.33665762e-01 4.24072607e-01 6.86190695e-03 2.633287e-01 9.778789e-01 5.255597e+00 3.294379e+00 5.244618e-01 8.9492e-04 1.6858e-03 -1.3380e-06 0.02350 1.08048e-01 2.62181e-01 4.99348e-01 0.00000e+00
9.779593 3.04309431e-02 7.97098963e-03 3.84019327e-02 3.15862590e-03 4.29450544e-01 4.19019659e-01 6.78776162e-03 2.619370e-01 9.757111e-01 5.135349e+00 3.227846e+00 5.451400e-01 8.9076e-04 1.6908e-03 -2.9095e-06 0.02340 1.07045e-01 2.60880e-01 4.98907e-01 0.00000e+00
9.829489 3.02050902e-02 7.86628920e-03 3.80713794e-02 3.14407227e-03 4.25385552e-01 4.13849267e-01 6.71387855e-03 2.604293e-01 9.728804e-01 4.998139e+00 3.163785e+00 5.659421e-01 8.8673e-04 1.6965e-03 -2.4825e-06 0.02310 1.06025e-01 2.59570e-01 4.98442e-01 0.00000e+00
9.879385 2.99672207e-02 7.76382733e-03 3.77310480e-02 3.13032551e-03 4.21456305e-01 4.08619317e-01 6.64060498e-03 2.590773e-01 9.695414e-01 4.847935e+00 3.102069e+00 5.901075e-01 8.8291e-04 1.7034e-03 +1.4708e-06 0.02302 1.05010e-01 2.58295e-01 4.97980e-01 0.00000e+00
9.929281 2.97226162e-02 7.66108666e-03 3.73837028e-02 3.11733328e-03 4.17637548e-01 4.03114080e-01 6.56601302e-03 2.577528e-01 9.652247e-01 4.686141e+00 3.041236e+00 5.350535e-01 8.7924e-04 1.7106e-03 +4.7391e-06 0.02326 1.03910e-01 2.56815e-01 4.97239e-01 0.00000e+00
9.979177 2.95214285e-02 7.55549093e-03 3.70769195e-02 3.10506646e-03 4.13917913e-01 3.97078915e-01 6.48797462e-03 2.559324e-01 9.593180e-01 4.514550e+00 2.982499e+00 4.968372e-01 8.7549e-04 1.7170e-03 +8.6305e-07 0.02341 1.02625e-01 2.54863e-01 4.95887e-01 0.00000e+00
10.000121 2.94337601e-02 7.51118165e-03 3.69449417e-02 3.10012698e-03 4.12386908e-01 3.94474754e-01 6.45489330e-03 2.551893e-01 9.565647e-01 4.447006e+00 2.958019e+00 5.072631e-01 8.7398e-04 1.7200e-03 -1.0881e-06 0.02337 1.02066e-01 2.53990e-01 4.95230e-01 0.00000e+00
