# tg_mhd (CUDA FP32)  tgc_noslip_cond_n640_re2000  N=640 L=640 Re=2000 Pm=1 u0=0.04 nu_lat=4.068000e-03 eta_lat=4.068000e-03 tau_f=0.512204 tau_m=0.516272 dt=1.966568e-04 fw=profile
# t E_V E_M E_T H_C Omega_V Omega_M eps EM/EV OmM/OmV j_max w_max skew divb/j divb_wall/j mass_drift umax_lat fw1 fw2 fw4 tau_wall
0.000000 1.24218759e-01 1.25000000e-01 2.49218759e-01 -6.58563148e-21 8.91161810e+01 1.49995166e+00 9.06161327e-02 1.006289e+00 1.683142e-02 3.464025e+00 3.050956e+02 4.397873e-19 2.0640e-06 3.2140e-06 +0.0000e+00 0.04000 9.79898e-01 9.80489e-01 9.81682e-01 7.52286e-02
0.100098 1.21107489e-01 1.24777077e-01 2.45884566e-01 -2.32746117e-05 1.74761038e+01 1.56593311e+00 1.90420370e-02 1.030300e+00 8.960425e-02 5.967849e+00 8.251968e+01 7.061937e-02 3.1170e-04 1.7766e-03 +2.7210e-06 0.04057 9.00960e-01 9.06530e-01 9.12241e-01 1.94874e-02
0.200197 1.19785063e-01 1.24587252e-01 2.44372314e-01 -6.90858399e-05 1.26530180e+01 1.69728573e+00 1.43503037e-02 1.040090e+00 1.341408e-01 8.587950e+00 6.636681e+01 9.163432e-02 3.8623e-04 2.0984e-03 -2.1346e-06 0.04158 8.40918e-01 8.72887e-01 8.80631e-01 1.41230e-02
0.300295 1.18500775e-01 1.24450169e-01 2.42950944e-01 -1.20939376e-04 1.05251058e+01 1.87208133e+00 1.23971871e-02 1.050206e+00 1.778682e-01 1.026470e+01 5.568061e+01 2.084379e-01 4.1973e-04 2.2553e-03 -1.0107e-06 0.04177 7.77895e-01 8.46146e-01 8.56143e-01 1.18218e-02
0.400393 1.17477445e-01 1.24298256e-01 2.41775701e-01 -1.88156640e-04 9.37142486e+00 2.07918922e+00 1.14506141e-02 1.058061e+00 2.218648e-01 1.145040e+01 5.190958e+01 1.759096e-01 4.3527e-04 2.3537e-03 -4.9570e-06 0.04174 7.21132e-01 8.21595e-01 8.35345e-01 1.05502e-02
0.500492 1.16349843e-01 1.24214223e-01 2.40564066e-01 -2.64032474e-04 8.53523146e+00 2.32029655e+00 1.08555280e-02 1.067593e+00 2.718493e-01 1.227044e+01 4.767013e+01 3.080462e-01 4.4274e-04 2.4271e-03 -4.9227e-06 0.04210 6.67916e-01 7.94385e-01 8.13846e-01 9.63393e-03
0.600590 1.15329001e-01 1.24172614e-01 2.39501615e-01 -3.40982485e-04 8.14274850e+00 2.59309181e+00 1.07358403e-02 1.076682e+00 3.184541e-01 1.297831e+01 4.680787e+01 2.676006e-01 4.4794e-04 2.5028e-03 -6.3451e-06 0.04239 6.25409e-01 7.69546e-01 7.95645e-01 9.16319e-03
0.700688 1.14350386e-01 1.24101333e-01 2.38451719e-01 -4.28849376e-04 7.81243421e+00 2.90214126e+00 1.07145755e-02 1.085273e+00 3.714772e-01 1.393344e+01 4.696707e+01 3.585814e-01 4.5425e-04 2.5833e-03 -6.9075e-06 0.04306 5.83514e-01 7.41257e-01 7.75140e-01 8.74105e-03
0.800787 1.13447539e-01 1.23932861e-01 2.37380400e-01 -5.13609674e-04 7.71868301e+00 3.24941528e+00 1.09680983e-02 1.092424e+00 4.209805e-01 1.511657e+01 4.523431e+01 3.508954e-01 4.6293e-04 2.6793e-03 -5.3390e-06 0.04337 5.48637e-01 7.14303e-01 7.56439e-01 8.72789e-03
0.900885 1.12785305e-01 1.23567847e-01 2.36353151e-01 -5.95495091e-04 7.63460259e+00 3.63035277e+00 1.12649554e-02 1.095602e+00 4.755130e-01 1.605977e+01 4.766172e+01 4.003139e-01 4.7603e-04 2.7925e-03 -6.6158e-06 0.04444 5.12069e-01 6.83277e-01 7.34895e-01 8.38313e-03
1.000983 1.12184596e-01 1.22983553e-01 2.35168149e-01 -6.78932282e-04 7.75096128e+00 4.05834815e+00 1.18093094e-02 1.096261e+00 5.235929e-01 1.682044e+01 5.036594e+01 3.955097e-01 4.9392e-04 2.9296e-03 -3.3507e-06 0.04490 4.82040e-01 6.53739e-01 7.15046e-01 8.52466e-03
1.101082 1.12007109e-01 1.22003851e-01 2.34010960e-01 -7.44278528e-04 7.78739735e+00 4.51929417e+00 1.23066915e-02 1.089251e+00 5.803343e-01 1.725093e+01 5.073474e+01 4.344444e-01 5.1703e-04 3.0830e-03 -5.8664e-06 0.04554 4.46055e-01 6.17315e-01 6.89717e-01 8.26121e-03
1.201180 1.11925176e-01 1.20760420e-01 2.32685597e-01 -8.00741472e-04 7.99125092e+00 5.04880279e+00 1.30400537e-02 1.078939e+00 6.317913e-01 1.755890e+01 5.238928e+01 4.353019e-01 5.4900e-04 3.2684e-03 -2.5298e-06 0.04570 4.15364e-01 5.81817e-01 6.64739e-01 8.25735e-03
1.301278 1.12285863e-01 1.19106974e-01 2.31392837e-01 -8.42322199e-04 8.13537320e+00 5.64052309e+00 1.37758963e-02 1.060748e+00 6.933330e-01 1.783797e+01 5.470530e+01 4.616507e-01 5.9655e-04 3.4833e-03 -6.4519e-06 0.04602 3.79382e-01 5.39787e-01 6.33338e-01 7.90316e-03
1.401376 1.12674751e-01 1.17247453e-01 2.29922205e-01 -8.66598357e-04 8.40055109e+00 6.35745837e+00 1.47580095e-02 1.040583e+00 7.567906e-01 1.892529e+01 5.556884e+01 4.995167e-01 6.7716e-04 3.7264e-03 -4.2375e-06 0.04604 3.46368e-01 4.97744e-01 5.99880e-01 7.81801e-03
1.501475 1.13290023e-01 1.15128105e-01 2.28418128e-01 -8.54668421e-04 8.72007095e+00 7.21558925e+00 1.59356602e-02 1.016225e+00 8.274691e-01 2.383371e+01 5.553210e+01 5.214897e-01 8.1702e-04 3.9901e-03 -8.3653e-06 0.04518 3.12984e-01 4.53637e-01 5.61635e-01 7.71542e-03
1.601573 1.13756347e-01 1.12951474e-01 2.26707821e-01 -8.42636251e-04 9.00301189e+00 8.30056837e+00 1.73035803e-02 9.929246e-01 9.219768e-01 2.886421e+01 5.741322e+01 5.554980e-01 1.0347e-03 4.2542e-03 -7.5646e-06 0.04497 2.76022e-01 4.05831e-01 5.16803e-01 7.44535e-03
1.701671 1.14193156e-01 1.10678356e-01 2.24871512e-01 -7.76123382e-04 9.41188869e+00 9.63973289e+00 1.90516216e-02 9.692206e-01 1.024208e+00 3.335820e+01 5.523114e+01 5.555467e-01 1.3361e-03 4.5101e-03 -1.0299e-05 0.04311 2.43452e-01 3.61445e-01 4.71176e-01 7.46210e-03
1.801770 1.14420123e-01 1.08414583e-01 2.22834706e-01 -7.04846587e-04 9.73839758e+00 1.12917456e+01 2.10301431e-02 9.475132e-01 1.159508e+00 3.711324e+01 5.451844e+01 5.255683e-01 1.7367e-03 4.7629e-03 -1.0442e-05 0.04365 2.09170e-01 3.16164e-01 4.22149e-01 7.31138e-03
1.901868 1.14497164e-01 1.06100912e-01 2.20598076e-01 -5.95623712e-04 1.00865721e+01 1.32044427e+01 2.32910148e-02 9.266685e-01 1.309111e+00 4.464656e+01 5.117563e+01 4.628070e-01 2.2344e-03 5.0067e-03 -1.0613e-05 0.04653 1.80007e-01 2.76647e-01 3.76784e-01 7.19694e-03
2.001966 1.14474517e-01 1.03684452e-01 2.18158970e-01 -4.65294334e-04 1.03021862e+01 1.52103026e+01 2.55124888e-02 9.057426e-01 1.476415e+00 5.216640e+01 4.997201e+01 3.947566e-01 2.7737e-03 5.2154e-03 -1.1299e-05 0.04828 1.52744e-01 2.40727e-01 3.34913e-01 6.88022e-03
2.102065 1.14315124e-01 1.01144538e-01 2.15459663e-01 -3.05584509e-04 1.05621982e+01 1.70484826e+01 2.76106809e-02 8.847870e-01 1.614104e+00 5.895049e+01 4.223667e+01 3.525586e-01 3.2904e-03 5.4164e-03 -9.2133e-06 0.04864 1.33586e-01 2.14411e-01 3.03104e-01 6.90415e-03
2.202163 1.14231955e-01 9.83933338e-02 2.12625289e-01 -1.29791614e-04 1.07066455e+01 1.83963334e+01 2.91029789e-02 8.613468e-01 1.718216e+00 6.428708e+01 4.208202e+01 3.480733e-01 3.7395e-03 5.5691e-03 -1.0856e-05 0.04727 1.15641e-01 1.91082e-01 2.75908e-01 6.40463e-03
2.302261 1.14057444e-01 9.55011848e-02 2.09558629e-01 8.60421536e-05 1.10087158e+01 1.91466748e+01 3.01553906e-02 8.373078e-01 1.739229e+00 6.765419e+01 3.636399e+01 3.757564e-01 4.0563e-03 5.7368e-03 -7.7404e-06 0.04543 1.05031e-01 1.76094e-01 2.58238e-01 6.34691e-03
2.402360 1.14074041e-01 9.24559625e-02 2.06530004e-01 3.28821633e-04 1.12822008e+01 1.93140488e+01 3.05962497e-02 8.104908e-01 1.711904e+00 6.900321e+01 3.620452e+01 4.144831e-01 4.1789e-03 5.8684e-03 -1.0553e-05 0.04668 9.43283e-02 1.61705e-01 2.42231e-01 5.96035e-03
2.502458 1.13990220e-01 8.93512328e-02 2.03341453e-01 5.93771655e-04 1.16470721e+01 1.91646121e+01 3.08116842e-02 7.838500e-01 1.645445e+00 6.870701e+01 3.293948e+01 4.409858e-01 4.1252e-03 6.0170e-03 -7.7625e-06 0.04765 8.72234e-02 1.51139e-01 2.30566e-01 5.79730e-03
2.602556 1.14093009e-01 8.61829233e-02 2.00275932e-01 9.13042913e-04 1.20146895e+01 1.88630252e+01 3.08777147e-02 7.553743e-01 1.569997e+00 6.712496e+01 3.255065e+01 4.328195e-01 3.9735e-03 6.1068e-03 -1.1418e-05 0.04846 8.13275e-02 1.41588e-01 2.19778e-01 5.64825e-03
2.702655 1.14066025e-01 8.30262900e-02 1.97092315e-01 1.21857177e-03 1.23469592e+01 1.86004414e+01 3.09474006e-02 7.278792e-01 1.506480e+00 6.482451e+01 3.317870e+01 4.176821e-01 3.8077e-03 6.2187e-03 -9.8003e-06 0.04935 7.59451e-02 1.32642e-01 2.09656e-01 5.53016e-03
2.802753 1.14129857e-01 7.98611468e-02 1.93991004e-01 1.56256345e-03 1.27218731e+01 1.83069950e+01 3.10288681e-02 6.997393e-01 1.439017e+00 6.180335e+01 3.318167e+01 4.004217e-01 3.6762e-03 6.3139e-03 -1.3153e-05 0.04962 7.29677e-02 1.26007e-01 2.01451e-01 5.48451e-03
2.902851 1.14025667e-01 7.67624056e-02 1.90788073e-01 1.88641419e-03 1.30260199e+01 1.80376532e+01 3.10636730e-02 6.732029e-01 1.384740e+00 5.838466e+01 3.550448e+01 3.718288e-01 3.6212e-03 6.5957e-03 -1.2630e-05 0.05041 6.85655e-02 1.18362e-01 1.92400e-01 5.34079e-03
3.002950 1.13862536e-01 7.37777184e-02 1.87640255e-01 2.22007726e-03 1.34889742e+01 1.78103545e+01 3.12993287e-02 6.479543e-01 1.320364e+00 5.470285e+01 3.748050e+01 3.631456e-01 3.6539e-03 7.1576e-03 -1.4241e-05 0.05019 6.89571e-02 1.15531e-01 1.87617e-01 5.53604e-03
3.103048 1.13502337e-01 7.09474415e-02 1.84449778e-01 2.52915515e-03 1.37713316e+01 1.76916818e+01 3.14630134e-02 6.250747e-01 1.284675e+00 5.107273e+01 3.890397e+01 3.431074e-01 3.7942e-03 7.9194e-03 -1.4498e-05 0.05042 6.41778e-02 1.08098e-01 1.78811e-01 5.17477e-03
3.203146 1.12919065e-01 6.83057915e-02 1.81224857e-01 2.85049253e-03 1.42681677e+01 1.76971744e+01 3.19653421e-02 6.049093e-01 1.240326e+00 5.357105e+01 3.975208e+01 3.207558e-01 3.9705e-03 8.5311e-03 -1.3776e-05 0.04958 6.65925e-02 1.07822e-01 1.76862e-01 5.65579e-03
3.303245 1.12138187e-01 6.58699611e-02 1.78008148e-01 3.13926523e-03 1.44786752e+01 1.78362543e+01 3.23149295e-02 5.873999e-01 1.231898e+00 6.324749e+01 4.003784e+01 2.970058e-01 4.1921e-03 8.7569e-03 -1.4751e-05 0.04904 6.24461e-02 1.01502e-01 1.69574e-01 5.30583e-03
3.403343 1.11020852e-01 6.36310889e-02 1.74651940e-01 3.44390266e-03 1.48103747e+01 1.81678452e+01 3.29782199e-02 5.731454e-01 1.226697e+00 7.249846e+01 3.976196e+01 2.832979e-01 4.5383e-03 8.6711e-03 -1.2370e-05 0.04733 6.45191e-02 1.01374e-01 1.68845e-01 5.67356e-03
3.503441 1.09752769e-01 6.15792832e-02 1.71332052e-01 3.74530082e-03 1.48786895e+01 1.86333606e+01 3.35120501e-02 5.610727e-01 1.252352e+00 8.253551e+01 3.909132e+01 2.686840e-01 5.2173e-03 8.4188e-03 -1.4279e-05 0.04585 6.15162e-02 9.64971e-02 1.64396e-01 5.41012e-03
3.603540 1.08157559e-01 5.96702822e-02 1.67827841e-01 4.04026795e-03 1.50176054e+01 1.91144137e+01 3.41320192e-02 5.516978e-01 1.272800e+00 8.651168e+01 3.772122e+01 2.632889e-01 6.0287e-03 8.2467e-03 -1.1419e-05 0.04515 6.24645e-02 9.59469e-02 1.64797e-01 5.71507e-03
3.703638 1.06514537e-01 5.78827368e-02 1.64397273e-01 4.35195805e-03 1.50354291e+01 1.94009490e+01 3.44363781e-02 5.434257e-01 1.290349e+00 8.362773e+01 3.664360e+01 2.542262e-01 6.5009e-03 8.1798e-03 -1.4215e-05 0.04436 6.13032e-02 9.41352e-02 1.63983e-01 5.42559e-03
3.803736 1.04649165e-01 5.61921925e-02 1.60841357e-01 4.63604649e-03 1.50678307e+01 1.94137810e+01 3.44816116e-02 5.369579e-01 1.288426e+00 7.284907e+01 3.762582e+01 2.488722e-01 6.5055e-03 8.5011e-03 -1.1987e-05 0.04846 6.16994e-02 9.52646e-02 1.66481e-01 5.59612e-03
3.903834 1.02795805e-01 5.46036381e-02 1.57399443e-01 4.92110591e-03 1.50991243e+01 1.91607132e+01 3.42598375e-02 5.311855e-01 1.268995e+00 5.443010e+01 3.572753e+01 2.666774e-01 5.8262e-03 9.0557e-03 -1.5211e-05 0.05111 6.31407e-02 9.86725e-02 1.70950e-01 5.50072e-03
4.003933 1.00783081e-01 5.31093321e-02 1.53892413e-01 5.18735754e-03 1.50338613e+01 1.90446609e+01 3.40785222e-02 5.269667e-01 1.266784e+00 4.246343e+01 3.865369e+01 2.823177e-01 4.6996e-03 9.4515e-03 -1.3945e-05 0.04912 6.28602e-02 1.01342e-01 1.74603e-01 5.42992e-03
4.104031 9.87534456e-02 5.16958467e-02 1.50449292e-01 5.47083505e-03 1.50957249e+01 1.92009498e+01 3.42966747e-02 5.234840e-01 1.271946e+00 4.519654e+01 4.178060e+01 3.081551e-01 4.5866e-03 9.5154e-03 -1.6431e-05 0.04649 6.63054e-02 1.07567e-01 1.80865e-01 5.63636e-03
4.204129 9.65999534e-02 5.03257902e-02 1.46925744e-01 5.73757138e-03 1.49541022e+01 1.96265419e+01 3.45806440e-02 5.209712e-01 1.312452e+00 6.045270e+01 4.281647e+01 3.349808e-01 4.8528e-03 9.3209e-03 -1.6104e-05 0.04618 6.45407e-02 1.09136e-01 1.83411e-01 5.27187e-03
4.304228 9.43984537e-02 4.89684319e-02 1.43366886e-01 6.03305416e-03 1.51385043e+01 2.01741170e+01 3.53126213e-02 5.187419e-01 1.332636e+00 6.974222e+01 3.850730e+01 3.413268e-01 5.2315e-03 8.8177e-03 -1.6687e-05 0.04542 7.22295e-02 1.20430e-01 1.96977e-01 5.80341e-03
4.404326 9.21571750e-02 4.75957720e-02 1.39752947e-01 6.30577769e-03 1.50972756e+01 2.06183992e+01 3.57156748e-02 5.164630e-01 1.365703e+00 6.755441e+01 3.883274e+01 3.281450e-01 5.6169e-03 8.3776e-03 -1.7191e-05 0.04551 7.64754e-02 1.27891e-01 2.07473e-01 5.51262e-03
4.504424 8.98677744e-02 4.62036797e-02 1.36071454e-01 6.57986872e-03 1.53032957e+01 2.07665841e+01 3.60698798e-02 5.141296e-01 1.357001e+00 6.175962e+01 4.654872e+01 3.140268e-01 5.8245e-03 7.9533e-03 -1.5779e-05 0.04491 8.92619e-02 1.42021e-01 2.23123e-01 5.96401e-03
4.604523 8.75839357e-02 4.48301258e-02 1.32414061e-01 6.82643578e-03 1.53095241e+01 2.05475868e+01 3.58571108e-02 5.118533e-01 1.342144e+00 5.677128e+01 7.108453e+01 3.132435e-01 5.8059e-03 7.8122e-03 -1.6978e-05 0.04509 9.47592e-02 1.48580e-01 2.30597e-01 5.82349e-03
4.704621 8.52184509e-02 4.35097521e-02 1.28728203e-01 7.04030695e-03 1.54117125e+01 2.01429241e+01 3.55546366e-02 5.105673e-01 1.306988e+00 5.500845e+01 8.422615e+01 3.082986e-01 5.6743e-03 8.3007e-03 -1.4575e-05 0.04617 1.02449e-01 1.56395e-01 2.38345e-01 6.24430e-03
4.804719 8.28900318e-02 4.22591499e-02 1.25149182e-01 7.22884322e-03 1.52245862e+01 1.96592564e+01 3.48838426e-02 5.098219e-01 1.291283e+00 5.315159e+01 8.191514e+01 2.914838e-01 5.5771e-03 8.8271e-03 -1.6617e-05 0.04628 1.04409e-01 1.58284e-01 2.39760e-01 5.94700e-03
4.904818 8.05056272e-02 4.10795767e-02 1.21585204e-01 7.39329300e-03 1.50378112e+01 1.91469363e+01 3.41847476e-02 5.102696e-01 1.273253e+00 5.629112e+01 7.957895e+01 2.668999e-01 5.4411e-03 9.1495e-03 -1.4190e-05 0.04580 1.08297e-01 1.62292e-01 2.43100e-01 6.22638e-03
5.004916 7.82186796e-02 3.99545254e-02 1.18173205e-01 7.54877679e-03 1.46694543e+01 1.85336643e+01 3.32031186e-02 5.108054e-01 1.263419e+00 5.733762e+01 7.555461e+01 2.516561e-01 5.3837e-03 9.3106e-03 -1.6976e-05 0.04463 1.09093e-01 1.63619e-01 2.44398e-01 5.98752e-03
5.105014 7.59394549e-02 3.88829172e-02 1.14822372e-01 7.68588301e-03 1.42465238e+01 1.77934500e+01 3.20399738e-02 5.120252e-01 1.248968e+00 5.687960e+01 6.612730e+01 2.503557e-01 5.4059e-03 9.3922e-03 -1.5217e-05 0.04323 1.09512e-01 1.65060e-01 2.47103e-01 5.89175e-03
5.205113 7.37730005e-02 3.78641451e-02 1.11637146e-01 7.82990082e-03 1.39131542e+01 1.70001761e+01 3.09133303e-02 5.132521e-01 1.221878e+00 5.413088e+01 5.747347e+01 2.545468e-01 5.2803e-03 9.2704e-03 -1.7994e-05 0.04191 1.12269e-01 1.68540e-01 2.53336e-01 5.89586e-03
5.305211 7.16263965e-02 3.69077261e-02 1.08534123e-01 7.95381140e-03 1.34130038e+01 1.63080057e+01 2.97210095e-02 5.152811e-01 1.215835e+00 5.141209e+01 5.730544e+01 2.642975e-01 5.0433e-03 8.9640e-03 -1.7153e-05 0.04063 1.09351e-01 1.66747e-01 2.56671e-01 5.63241e-03
5.405309 6.95625774e-02 3.59932607e-02 1.05555838e-01 8.09433606e-03 1.31105915e+01 1.57355636e+01 2.88461550e-02 5.174228e-01 1.200218e+00 4.940298e+01 5.715239e+01 2.721383e-01 4.8362e-03 8.6357e-03 -1.8774e-05 0.03940 1.11484e-01 1.69902e-01 2.64530e-01 5.65790e-03
5.505408 6.75531173e-02 3.51104820e-02 1.02663599e-01 8.22062950e-03 1.26109499e+01 1.52742973e+01 2.78852473e-02 5.197463e-01 1.211193e+00 4.596596e+01 5.367085e+01 2.853998e-01 4.7361e-03 8.4682e-03 -1.8826e-05 0.03824 1.06830e-01 1.67462e-01 2.67132e-01 5.40676e-03
5.605506 6.56165800e-02 3.42403234e-02 9.98569033e-02 8.36156721e-03 1.23066376e+01 1.48818490e+01 2.71884866e-02 5.218243e-01 1.209254e+00 4.999926e+01 5.231720e+01 2.957127e-01 4.6979e-03 8.3764e-03 -1.8638e-05 0.03752 1.07885e-01 1.70777e-01 2.74347e-01 5.55772e-03
5.705604 6.37699064e-02 3.33663186e-02 9.71362251e-02 8.49136743e-03 1.18258952e+01 1.45356184e+01 2.63615136e-02 5.232299e-01 1.229135e+00 5.738613e+01 4.848526e+01 2.977261e-01 4.7074e-03 8.1932e-03 -1.9399e-05 0.03729 1.02814e-01 1.68364e-01 2.75881e-01 5.23131e-03
5.805703 6.19934612e-02 3.24817844e-02 9.44752456e-02 8.62422466e-03 1.15375655e+01 1.41928787e+01 2.57304443e-02 5.239550e-01 1.230145e+00 6.071542e+01 4.635807e+01 2.927966e-01 4.6896e-03 7.9020e-03 -1.7749e-05 0.03702 1.04344e-01 1.71739e-01 2.81697e-01 5.46501e-03
5.905801 6.03336003e-02 3.15738373e-02 9.19074376e-02 8.74525572e-03 1.10682746e+01 1.38039877e+01 2.48722623e-02 5.233210e-01 1.247167e+00 6.286493e+01 4.297264e+01 2.909557e-01 4.6547e-03 7.5507e-03 -1.9201e-05 0.03669 9.95329e-02 1.68595e-01 2.80439e-01 5.06452e-03
6.005899 5.87309995e-02 3.06615024e-02 8.93925019e-02 8.85689353e-03 1.07684891e+01 1.34064078e+01 2.41748969e-02 5.220668e-01 1.244966e+00 6.523753e+01 4.198995e+01 2.878459e-01 4.5981e-03 7.2046e-03 -1.6932e-05 0.03626 1.00776e-01 1.70495e-01 2.82061e-01 5.21720e-03
6.105998 5.72528312e-02 2.97325209e-02 8.69853521e-02 8.96096067e-03 1.03676940e+01 1.30124564e+01 2.33801504e-02 5.193197e-01 1.255097e+00 6.573759e+01 3.933977e+01 2.865190e-01 4.5185e-03 6.9132e-03 -1.9065e-05 0.03577 9.78946e-02 1.67608e-01 2.77469e-01 4.92351e-03
6.206096 5.58230202e-02 2.88072161e-02 8.46302363e-02 9.04093257e-03 9.99680924e+00 1.26357310e+01 2.26325402e-02 5.160455e-01 1.263976e+00 6.357795e+01 3.790338e+01 2.826647e-01 4.5845e-03 6.6898e-03 -1.6947e-05 0.03517 9.61092e-02 1.65210e-01 2.72175e-01 4.80432e-03
6.306194 5.45094593e-02 2.78727631e-02 8.23822224e-02 9.11967977e-03 9.65842523e+00 1.21929862e+01 2.18514114e-02 5.113381e-01 1.262420e+00 5.866090e+01 3.634723e+01 2.738593e-01 4.8217e-03 6.5559e-03 -1.9448e-05 0.03441 9.58815e-02 1.63740e-01 2.66746e-01 4.68375e-03
6.406292 5.32387565e-02 2.69593411e-02 8.01980976e-02 9.16447531e-03 9.27064506e+00 1.17030889e+01 2.09737340e-02 5.063856e-01 1.262381e+00 5.261732e+01 3.733962e+01 2.644901e-01 4.7487e-03 6.4813e-03 -1.8037e-05 0.03352 9.35816e-02 1.60331e-01 2.59420e-01 4.53463e-03
6.506391 5.20512602e-02 2.60642819e-02 7.81155421e-02 9.21186536e-03 8.96617698e+00 1.12098418e+01 2.01760188e-02 5.007426e-01 1.250237e+00 4.735211e+01 3.845513e+01 2.560660e-01 4.2219e-03 6.4994e-03 -2.0082e-05 0.03263 9.38904e-02 1.58733e-01 2.53259e-01 4.40957e-03
6.606489 5.08934570e-02 2.52067673e-02 7.61002243e-02 9.22554605e-03 8.62122169e+00 1.07749998e+01 1.93962215e-02 4.952850e-01 1.249823e+00 4.391891e+01 3.786846e+01 2.546231e-01 3.8425e-03 6.4960e-03 -1.9521e-05 0.03320 9.09154e-02 1.53746e-01 2.44490e-01 4.27284e-03
6.706587 4.97820675e-02 2.43812472e-02 7.41633147e-02 9.23928070e-03 8.38536513e+00 1.03698287e+01 1.87551939e-02 4.897596e-01 1.236658e+00 4.210931e+01 3.800555e+01 2.572550e-01 3.8045e-03 6.4422e-03 -2.0252e-05 0.03382 9.17175e-02 1.52140e-01 2.39275e-01 4.28285e-03
6.806686 4.86992341e-02 2.35948047e-02 7.22940388e-02 9.22496520e-03 8.06864324e+00 9.96532969e+00 1.80339729e-02 4.845005e-01 1.235069e+00 4.137595e+01 3.593673e+01 2.661914e-01 3.8260e-03 6.3092e-03 -2.0478e-05 0.03438 8.76192e-02 1.46312e-01 2.30914e-01 4.03985e-03
6.906784 4.76416377e-02 2.28496432e-02 7.04912809e-02 9.20914892e-03 7.88344970e+00 9.54768681e+00 1.74311365e-02 4.796150e-01 1.211105e+00 4.119545e+01 3.721560e+01 2.711563e-01 3.8262e-03 6.1131e-03 -1.9674e-05 0.03402 8.97505e-02 1.46628e-01 2.28800e-01 4.16780e-03
7.006882 4.66210634e-02 2.21432126e-02 6.87642760e-02 9.17125876e-03 7.59177709e+00 9.13040297e+00 1.67221801e-02 4.749616e-01 1.202670e+00 4.148889e+01 3.491832e+01 2.767854e-01 3.7707e-03 5.8894e-03 -2.0595e-05 0.03335 8.61104e-02 1.41691e-01 2.22478e-01 3.92922e-03
7.106981 4.56034557e-02 2.14826717e-02 6.70861273e-02 9.12515495e-03 7.39224790e+00 8.73946420e+00 1.61317121e-02 4.710755e-01 1.182247e+00 4.188453e+01 3.482707e+01 2.794000e-01 3.7258e-03 5.6589e-03 -1.8756e-05 0.03184 8.76903e-02 1.41886e-01 2.21565e-01 3.95709e-03
7.207079 4.46344469e-02 2.08550098e-02 6.54894567e-02 9.06557306e-03 7.12989816e+00 8.36812933e+00 1.54980275e-02 4.672402e-01 1.173667e+00 4.203795e+01 3.251655e+01 2.821470e-01 3.7561e-03 5.4483e-03 -2.0337e-05 0.03171 8.60396e-02 1.39387e-01 2.19028e-01 3.81848e-03
7.307177 4.36621214e-02 2.02711177e-02 6.39332391e-02 8.99177929e-03 6.89848211e+00 8.02799231e+00 1.49264744e-02 4.642724e-01 1.163733e+00 4.150460e+01 3.201403e+01 2.816722e-01 3.8349e-03 5.2703e-03 -1.8233e-05 0.03128 8.65874e-02 1.39661e-01 2.20095e-01 3.79695e-03
7.407276 4.27424086e-02 1.97145643e-02 6.24569729e-02 8.91639200e-03 6.65459877e+00 7.71079065e+00 1.43653894e-02 4.612413e-01 1.158716e+00 4.052095e+01 3.065182e+01 2.805492e-01 3.8746e-03 5.2386e-03 -2.0326e-05 0.03140 8.64393e-02 1.39649e-01 2.21255e-01 3.64066e-03
7.507374 4.18238563e-02 1.91961866e-02 6.10200428e-02 8.82665518e-03 6.42251042e+00 7.41627072e+00 1.38387811e-02 4.589770e-01 1.154731e+00 3.971719e+01 3.019339e+01 2.808909e-01 3.8358e-03 5.4160e-03 -1.8591e-05 0.03126 8.68506e-02 1.40370e-01 2.23222e-01 3.60100e-03
7.607472 4.09526061e-02 1.87003929e-02 5.96529990e-02 8.74230884e-03 6.21288510e+00 7.12451375e+00 1.33373989e-02 4.566350e-01 1.146732e+00 3.996156e+01 2.887247e+01 2.814349e-01 3.7461e-03 5.8008e-03 -2.0748e-05 0.03102 8.80576e-02 1.41362e-01 2.24686e-01 3.50165e-03
7.707571 4.00822890e-02 1.82377379e-02 5.83200269e-02 8.64586489e-03 5.99113249e+00 6.84511552e+00 1.28362480e-02 4.550074e-01 1.142541e+00 4.085487e+01 2.814550e+01 2.862378e-01 3.6411e-03 6.1438e-03 -1.9730e-05 0.03034 8.72352e-02 1.40142e-01 2.23549e-01 3.41949e-03
7.807669 3.92493956e-02 1.77973672e-02 5.70467628e-02 8.55780721e-03 5.81928929e+00 6.57577001e+00 1.23950593e-02 4.534431e-01 1.129995e+00 3.959137e+01 2.822006e+01 2.878453e-01 3.5794e-03 6.1805e-03 -2.1154e-05 0.02979 8.84906e-02 1.40686e-01 2.23113e-01 3.40073e-03
7.907767 3.84254624e-02 1.73854319e-02 5.58108943e-02 8.46053637e-03 5.58932746e+00 6.32048851e+00 1.19098160e-02 4.524456e-01 1.130814e+00 3.264518e+01 2.682721e+01 2.934187e-01 3.5989e-03 6.0252e-03 -2.0937e-05 0.02974 8.43012e-02 1.36229e-01 2.17669e-01 3.20557e-03
8.007866 3.76254796e-02 1.69967000e-02 5.46221796e-02 8.37306861e-03 5.44067448e+00 6.07972790e+00 1.15204024e-02 4.517338e-01 1.117458e+00 2.681742e+01 2.798099e+01 2.951355e-01 3.6026e-03 5.8463e-03 -2.1051e-05 0.02962 8.55980e-02 1.36968e-01 2.16634e-01 3.23247e-03
8.107964 3.68500921e-02 1.66294498e-02 5.34795419e-02 8.28138132e-03 5.22937815e+00 5.85831381e+00 1.10876920e-02 4.512730e-01 1.120270e+00 2.688529e+01 2.731393e+01 2.998939e-01 3.5141e-03 5.6797e-03 -2.1565e-05 0.02969 8.10957e-02 1.32258e-01 2.10611e-01 3.02997e-03
8.208062 3.60835721e-02 1.62846604e-02 5.23682325e-02 8.19684403e-03 5.09208104e+00 5.65957048e+00 1.07516515e-02 4.513040e-01 1.111445e+00 2.539500e+01 2.918397e+01 3.014973e-01 3.3710e-03 5.5322e-03 -2.0429e-05 0.02916 8.19034e-02 1.32488e-01 2.09289e-01 3.04366e-03
8.308161 3.53490042e-02 1.59534457e-02 5.13024500e-02 8.11187770e-03 4.91769342e+00 5.48157592e+00 1.03992693e-02 4.513125e-01 1.114664e+00 2.283700e+01 2.829898e+01 3.079321e-01 3.2381e-03 5.3690e-03 -2.1568e-05 0.02832 7.84872e-02 1.28516e-01 2.04197e-01 2.86514e-03
8.408259 3.46126771e-02 1.56416441e-02 5.02543212e-02 8.02840702e-03 4.79561545e+00 5.32694586e+00 1.01225613e-02 4.519051e-01 1.110795e+00 2.024629e+01 2.897109e+01 3.088880e-01 3.1640e-03 5.2238e-03 -1.9769e-05 0.02687 7.88048e-02 1.27882e-01 2.02336e-01 2.88912e-03
8.508357 3.39133476e-02 1.53364350e-02 4.92497826e-02 7.94725330e-03 4.64936644e+00 5.18647004e+00 9.83583648e-03 4.522242e-01 1.115522e+00 2.085759e+01 2.752651e+01 3.131296e-01 3.1454e-03 5.0656e-03 -2.1448e-05 0.02606 7.60238e-02 1.23995e-01 1.97460e-01 2.70666e-03
8.608456 3.32110766e-02 1.50475833e-02 4.82586599e-02 7.86383391e-03 4.52958735e+00 5.05997473e+00 9.58956207e-03 4.530893e-01 1.117094e+00 2.246532e+01 2.645146e+01 3.223802e-01 3.1323e-03 4.9371e-03 -1.9624e-05 0.02613 7.52100e-02 1.21877e-01 1.94392e-01 2.71580e-03
8.708554 3.25484079e-02 1.47608473e-02 4.73092552e-02 7.78403861e-03 4.40426190e+00 4.93838433e+00 9.34264624e-03 4.535044e-01 1.121274e+00 2.738357e+01 2.455656e+01 3.314149e-01 3.0937e-03 4.7792e-03 -2.1608e-05 0.02590 7.34036e-02 1.18644e-01 1.90243e-01 2.57025e-03
8.808652 3.18834261e-02 1.44877516e-02 4.63711777e-02 7.69982713e-03 4.27534226e+00 4.82409503e+00 9.09943729e-03 4.543976e-01 1.128353e+00 3.112403e+01 2.299609e+01 3.387304e-01 3.0463e-03 4.6330e-03 -2.0242e-05 0.02558 7.09880e-02 1.14995e-01 1.85923e-01 2.51002e-03
8.908750 3.12532529e-02 1.42156357e-02 4.54688885e-02 7.62143128e-03 4.17467514e+00 4.70776446e+00 8.88243960e-03 4.548530e-01 1.127696e+00 3.337520e+01 2.143358e+01 3.409216e-01 3.0072e-03 4.4588e-03 -2.1981e-05 0.02477 7.12245e-02 1.13953e-01 1.84070e-01 2.51856e-03
9.008849 3.06257397e-02 1.39540263e-02 4.45797659e-02 7.53774238e-03 4.03806668e+00 4.59218596e+00 8.63025264e-03 4.556307e-01 1.137224e+00 3.411753e+01 1.979799e+01 3.414959e-01 2.9798e-03 4.3016e-03 -2.1327e-05 0.02429 6.74255e-02 1.09383e-01 1.79236e-01 2.35769e-03
9.108947 3.00222015e-02 1.36955550e-02 4.37177566e-02 7.46049403e-03 3.95395019e+00 4.47559513e+00 8.42954532e-03 4.561809e-01 1.131930e+00 3.367034e+01 1.931099e+01 3.424604e-01 2.9588e-03 4.1501e-03 -2.2145e-05 0.02385 6.89421e-02 1.09967e-01 1.79289e-01 2.43708e-03
9.209045 2.94331252e-02 1.34439281e-02 4.28770532e-02 7.37846864e-03 3.82479483e+00 4.36067488e+00 8.18546971e-03 4.567618e-01 1.140107e+00 3.239923e+01 1.750641e+01 3.460499e-01 2.9428e-03 4.0192e-03 -2.2229e-05 0.02371 6.48792e-02 1.05365e-01 1.74710e-01 2.22672e-03
9.309144 2.88585035e-02 1.31980085e-02 4.20565120e-02 7.30005863e-03 3.75546464e+00 4.24745583e+00 8.00292047e-03 4.573352e-01 1.131007e+00 3.063770e+01 1.746640e+01 3.521733e-01 2.9301e-03 3.8979e-03 -2.1848e-05 0.02306 6.70663e-02 1.06717e-01 1.75717e-01 2.37916e-03
9.409242 2.83051585e-02 1.29549667e-02 4.12601252e-02 7.21892613e-03 3.64180287e+00 4.13898659e+00 7.78078946e-03 4.576892e-01 1.136521e+00 2.867499e+01 1.696108e+01 3.639474e-01 2.9186e-03 3.7765e-03 -2.2571e-05 0.02266 6.34095e-02 1.02495e-01 1.71580e-01 2.15117e-03
9.509340 2.77582191e-02 1.27194303e-02 4.04776494e-02 7.13889193e-03 3.57792527e+00 4.03971223e+00 7.61763750e-03 4.582221e-01 1.129066e+00 2.672038e+01 1.655833e+01 3.767753e-01 2.9064e-03 3.6608e-03 -2.1256e-05 0.02297 6.53634e-02 1.03629e-01 1.72471e-01 2.32990e-03
9.609439 2.72373687e-02 1.24826794e-02 3.97200482e-02 7.05794223e-03 3.47515898e+00 3.94581250e+00 7.42097148e-03 4.582924e-01 1.135434e+00 2.488063e+01 1.745441e+01 3.911971e-01 2.8800e-03 3.5463e-03 -2.2529e-05 0.02357 6.22506e-02 9.99184e-02 1.68929e-01 2.08643e-03
9.709537 2.67170100e-02 1.22543919e-02 3.89714019e-02 6.97725004e-03 3.40704195e+00 3.85996412e+00 7.26700607e-03 4.586738e-01 1.132937e+00 2.316004e+01 1.659908e+01 4.034841e-01 2.8349e-03 3.4509e-03 -2.0833e-05 0.02426 6.34358e-02 1.00444e-01 1.69514e-01 2.21354e-03
9.809635 2.62272194e-02 1.20226417e-02 3.82498611e-02 6.89853410e-03 3.31953564e+00 3.77519715e+00 7.09473278e-03 4.584032e-01 1.137267e+00 2.157329e+01 1.691918e+01 4.109981e-01 2.7827e-03 3.3715e-03 -2.2520e-05 0.02481 6.20872e-02 9.85930e-02 1.67739e-01 2.05501e-03
9.909734 2.57368902e-02 1.18005018e-02 3.75373919e-02 6.81855761e-03 3.23870653e+00 3.69410351e+00 6.93281004e-03 4.585053e-01 1.140611e+00 2.012973e+01 1.609288e+01 4.108405e-01 2.7271e-03 3.3226e-03 -2.0972e-05 0.02523 6.16595e-02 9.78454e-02 1.66893e-01 2.06132e-03
9.999999 2.53210068e-02 1.15980358e-02 3.69190426e-02 6.75067022e-03 3.17942900e+00 3.61942964e+00 6.79885864e-03 4.580401e-01 1.138390e+00 1.893598e+01 1.613615e+01 4.032040e-01 2.6812e-03 3.3036e-03 -2.2796e-05 0.02546 6.32717e-02 9.91204e-02 1.67624e-01 2.05777e-03
