# tg_mhd (CUDA FP64)  tgc_noslip_cond_n256_re1000_drive0.2_bdrive0.4  N=256 L=256 Re=1000 Pm=1 u0=0.05 nu_lat=4.058451e-03 eta_lat=4.058451e-03 tau_f=0.512175 tau_m=0.516234 dt=6.159986e-04 fw=profile
# t E_V E_M E_T H_C Omega_V Omega_M eps EM/EV OmM/OmV j_max w_max skew divb/j divb_wall/j mass_drift umax_lat fw1 fw2 fw4 tau_wall
0.000000 1.23054160e-01 1.25000000e-01 2.48054160e-01 2.91665114e-20 3.56133400e+01 1.49969646e+00 7.42260729e-02 1.015813e+00 4.211053e-02 3.463620e+00 1.217420e+02 1.278495e-18 3.3668e-15 5.1489e-15 +0.0000e+00 0.04999 9.51523e-01 9.53570e-01 9.57721e-01 5.95183e-02
0.250095 1.22642973e-01 1.55354692e-01 2.77997664e-01 1.67659240e-05 8.04422221e+00 2.23330841e+00 2.05550612e-02 1.266723e+00 2.776289e-01 6.418698e+00 4.337599e+01 9.397170e-02 1.2755e-03 4.6630e-03 -6.9002e-06 0.05267 7.06259e-01 7.65212e-01 7.81171e-01 1.74535e-02
0.500191 1.26683727e-01 1.87245976e-01 3.13929703e-01 2.12524842e-04 6.46139447e+00 3.32280219e+00 1.95683933e-02 1.478059e+00 5.142547e-01 8.241141e+00 3.588018e+01 1.567612e-01 1.5011e-03 5.5503e-03 -1.5533e-05 0.05473 5.15751e-01 6.22445e-01 6.48297e-01 1.34377e-02
0.750286 1.32850504e-01 2.16794255e-01 3.49644758e-01 7.63353431e-04 6.44110694e+00 4.76657419e+00 2.24153623e-02 1.631866e+00 7.400241e-01 9.778669e+00 3.586958e+01 2.817450e-01 1.6039e-03 6.1640e-03 -1.8279e-05 0.05972 3.83081e-01 4.98036e-01 5.36511e-01 1.19336e-02
1.000382 1.41942319e-01 2.40421231e-01 3.82363550e-01 2.20235982e-03 7.44851876e+00 6.91856179e+00 2.87341611e-02 1.693795e+00 9.288507e-01 1.201852e+01 4.160727e+01 3.767976e-01 2.0239e-03 6.8798e-03 -1.3026e-05 0.06570 2.84007e-01 3.91604e-01 4.44979e-01 1.15219e-02
1.250477 1.54163159e-01 2.55828343e-01 4.09991502e-01 4.96996348e-03 9.95105911e+00 1.06431699e+01 4.11884581e-02 1.659465e+00 1.069551e+00 2.311247e+01 5.630689e+01 4.059750e-01 3.5638e-03 8.1125e-03 -5.8939e-06 0.06916 2.13448e-01 3.05463e-01 3.72754e-01 1.16369e-02
1.500572 1.64575595e-01 2.66087958e-01 4.30663553e-01 9.10869659e-03 1.33267904e+01 1.82215577e+01 6.30966960e-02 1.616813e+00 1.367288e+00 4.747660e+01 6.576303e+01 4.796938e-01 8.9505e-03 1.1448e-02 -4.3768e-06 0.06684 1.48032e-01 2.23847e-01 2.89040e-01 1.20552e-02
1.750668 1.70679318e-01 2.72572486e-01 4.43251804e-01 1.48241151e-02 1.65347144e+01 2.86647387e+01 9.03989062e-02 1.596986e+00 1.733610e+00 7.087933e+01 6.781543e+01 2.521083e-01 1.3669e-02 1.4421e-02 -1.2132e-05 0.08045 1.02409e-01 1.67230e-01 2.27949e-01 1.18457e-02
2.000763 1.77887972e-01 2.69677393e-01 4.47565365e-01 2.24756464e-02 1.87912850e+01 3.50298952e+01 1.07642360e-01 1.515996e+00 1.864156e+00 7.285953e+01 7.033994e+01 2.783723e-01 1.5346e-02 1.5012e-02 -2.3446e-05 0.07580 9.23781e-02 1.49784e-01 2.54233e-01 1.17500e-02
2.250859 1.87143560e-01 2.58390824e-01 4.45534384e-01 3.12140084e-02 2.14804684e+01 3.65106113e+01 1.15982159e-01 1.380709e+00 1.699712e+00 6.481927e+01 6.074436e+01 2.747863e-01 1.3508e-02 1.4666e-02 -3.2695e-05 0.07334 9.39830e-02 1.56293e-01 2.77875e-01 1.25301e-02
2.500954 1.93918461e-01 2.45828140e-01 4.39746601e-01 3.94563908e-02 2.39499217e+01 3.64245509e+01 1.20748945e-01 1.267688e+00 1.520863e+00 6.379141e+01 5.648998e+01 2.179951e-01 1.1754e-02 1.9753e-02 -3.6912e-05 0.08632 1.02145e-01 1.66317e-01 2.91346e-01 1.36281e-02
2.751050 1.99859109e-01 2.31643706e-01 4.31502815e-01 4.75711380e-02 2.76550502e+01 3.54358649e+01 1.26181830e-01 1.159035e+00 1.281352e+00 6.573064e+01 7.244184e+01 2.226676e-01 1.2525e-02 1.8168e-02 -3.8365e-05 0.08866 1.12634e-01 1.72909e-01 3.08511e-01 1.53504e-02
3.001145 2.05265406e-01 2.15694577e-01 4.20959983e-01 5.68639305e-02 3.05206014e+01 3.61788991e+01 1.33399001e-01 1.050808e+00 1.185393e+00 6.602206e+01 8.001005e+01 1.701558e-01 1.4809e-02 2.1188e-02 -4.1731e-05 0.09071 1.16006e-01 1.91887e-01 3.11402e-01 1.68663e-02
3.251240 2.08805290e-01 1.99121504e-01 4.07926794e-01 6.70440945e-02 3.25990336e+01 3.69837212e+01 1.39165509e-01 9.536229e-01 1.134504e+00 5.347945e+01 7.628996e+01 1.607627e-01 1.5907e-02 2.3733e-02 -4.6345e-05 0.09836 1.19133e-01 2.04059e-01 3.03214e-01 1.73115e-02
3.501336 2.06347137e-01 1.85876516e-01 3.92223653e-01 7.68457345e-02 3.41011685e+01 3.85270069e+01 1.45256351e-01 9.007952e-01 1.129786e+00 5.470323e+01 6.608396e+01 3.204825e-01 1.7737e-02 2.2592e-02 -4.8403e-05 0.09097 1.26259e-01 1.94843e-01 2.95434e-01 1.73262e-02
3.751431 1.98144762e-01 1.75600928e-01 3.73745690e-01 8.54037176e-02 3.48972182e+01 3.88696646e+01 1.47533766e-01 8.862254e-01 1.113833e+00 7.404739e+01 9.037339e+01 3.342627e-01 1.8838e-02 2.2641e-02 -4.8146e-05 0.09250 1.24800e-01 1.89435e-01 2.82021e-01 1.77371e-02
4.001527 1.84532818e-01 1.68876420e-01 3.53409238e-01 9.29325588e-02 3.37036103e+01 4.13695238e+01 1.50146268e-01 9.151566e-01 1.227451e+00 7.902890e+01 8.053293e+01 2.756664e-01 1.8786e-02 2.4783e-02 -4.6511e-05 0.09277 1.04515e-01 1.64751e-01 2.53769e-01 1.65081e-02
4.251622 1.70114787e-01 1.62133421e-01 3.32248208e-01 9.78887756e-02 3.20106265e+01 4.10033399e+01 1.46027933e-01 9.530825e-01 1.280929e+00 8.894117e+01 5.807739e+01 2.905274e-01 1.8712e-02 2.2446e-02 -4.5959e-05 0.08733 9.31900e-02 1.52384e-01 2.44727e-01 1.47339e-02
4.501717 1.55487505e-01 1.57859388e-01 3.13346892e-01 9.97848950e-02 2.92769950e+01 3.76457066e+01 1.33845403e-01 1.015254e+00 1.285846e+00 6.396185e+01 4.852241e+01 2.853746e-01 1.6399e-02 2.2869e-02 -4.7315e-05 0.09223 7.94801e-02 1.33445e-01 2.31916e-01 1.29420e-02
4.751813 1.44611454e-01 1.53700383e-01 2.98311837e-01 9.96900625e-02 2.66814856e+01 3.33637795e+01 1.20090530e-01 1.062851e+00 1.250447e+00 5.774593e+01 5.415224e+01 1.525718e-01 1.5895e-02 2.4161e-02 -5.0670e-05 0.08932 7.49245e-02 1.26623e-01 2.18126e-01 1.20816e-02
5.001908 1.39528953e-01 1.47762468e-01 2.87291422e-01 9.89503458e-02 2.49979159e+01 2.97982987e+01 1.09592429e-01 1.059009e+00 1.192031e+00 4.782611e+01 4.683473e+01 1.087421e-01 1.5596e-02 2.4417e-02 -5.5320e-05 0.08263 8.37649e-02 1.34038e-01 2.18222e-01 1.27144e-02
5.252004 1.36486802e-01 1.43357003e-01 2.79843805e-01 9.81941540e-02 2.40226632e+01 2.71123629e+01 1.02270052e-01 1.050336e+00 1.128616e+00 4.641451e+01 4.949893e+01 2.139814e-01 1.4412e-02 2.1945e-02 -5.9412e-05 0.07752 9.54127e-02 1.44031e-01 2.29523e-01 1.32581e-02
5.502099 1.31513692e-01 1.44008290e-01 2.75521982e-01 9.73158936e-02 2.26749314e+01 2.56671019e+01 9.66840665e-02 1.095006e+00 1.131959e+00 3.275905e+01 4.989744e+01 3.001689e-01 1.3181e-02 1.9170e-02 -6.1849e-05 0.07866 1.02434e-01 1.54527e-01 2.49047e-01 1.31955e-02
5.752195 1.27038584e-01 1.46983780e-01 2.74022364e-01 9.65931284e-02 2.09700525e+01 2.48717850e+01 9.16836751e-02 1.157001e+00 1.186062e+00 4.294920e+01 5.647905e+01 3.137798e-01 1.3124e-02 1.9242e-02 -6.2375e-05 0.07492 1.08376e-01 1.67768e-01 2.70923e-01 1.29200e-02
6.002290 1.24316528e-01 1.50598839e-01 2.74915368e-01 9.61099353e-02 1.95060658e+01 2.36679775e+01 8.63480866e-02 1.211414e+00 1.213365e+00 4.188012e+01 5.249096e+01 3.103014e-01 1.2766e-02 1.9566e-02 -6.1757e-05 0.07441 1.09531e-01 1.71021e-01 2.75675e-01 1.23619e-02
6.252385 1.23922090e-01 1.53920516e-01 2.77842605e-01 9.58699346e-02 1.90674645e+01 2.20941938e+01 8.23233165e-02 1.242075e+00 1.158738e+00 3.608846e+01 4.876934e+01 2.892265e-01 1.2475e-02 2.1338e-02 -6.1151e-05 0.07429 1.15316e-01 1.78137e-01 2.74320e-01 1.21735e-02
6.502481 1.23229080e-01 1.59347705e-01 2.82576786e-01 9.56724067e-02 1.91262471e+01 2.11342294e+01 8.05209530e-02 1.293101e+00 1.104986e+00 4.387532e+01 6.896629e+01 2.914607e-01 1.2067e-02 1.8925e-02 -6.0806e-05 0.07726 1.23957e-01 1.80147e-01 2.76921e-01 1.26261e-02
6.752576 1.22669699e-01 1.66334199e-01 2.89003898e-01 9.51917466e-02 1.90587254e+01 2.09670959e+01 8.00516425e-02 1.355952e+00 1.100131e+00 5.043230e+01 6.129864e+01 2.688339e-01 1.1801e-02 2.0217e-02 -6.0109e-05 0.07931 1.17174e-01 1.65620e-01 2.66409e-01 1.25001e-02
7.002672 1.21902540e-01 1.74650572e-01 2.96553112e-01 9.41979920e-02 1.85030214e+01 2.20058364e+01 8.10177156e-02 1.432707e+00 1.189310e+00 4.293245e+01 5.300152e+01 2.169329e-01 1.1490e-02 2.0785e-02 -5.8549e-05 0.07836 1.03025e-01 1.49812e-01 2.48756e-01 1.20101e-02
7.252767 1.21609779e-01 1.82637720e-01 3.04247498e-01 9.21985540e-02 1.79537836e+01 2.34408873e+01 8.27893419e-02 1.501834e+00 1.305624e+00 4.526415e+01 4.568985e+01 2.150700e-01 1.1349e-02 1.9806e-02 -5.6676e-05 0.07867 8.96692e-02 1.35661e-01 2.33266e-01 1.12430e-02
7.502862 1.23580758e-01 1.87627562e-01 3.11208320e-01 8.89457998e-02 1.75658695e+01 2.42443166e+01 8.36203723e-02 1.518259e+00 1.380195e+00 5.986573e+01 4.751796e+01 1.548405e-01 1.2459e-02 1.8872e-02 -5.5792e-05 0.07770 8.01798e-02 1.33137e-01 2.23655e-01 1.04464e-02
7.752958 1.27631389e-01 1.89257726e-01 3.16889116e-01 8.53029309e-02 1.75292597e+01 2.48108469e+01 8.46802132e-02 1.482846e+00 1.415396e+00 6.314151e+01 4.209840e+01 9.096371e-02 1.3065e-02 1.8443e-02 -5.6646e-05 0.07622 7.98054e-02 1.37236e-01 2.21218e-01 9.96358e-03
8.003053 1.30355914e-01 1.90630573e-01 3.20986486e-01 8.20761375e-02 1.77348839e+01 2.49822665e+01 8.54343008e-02 1.462385e+00 1.408651e+00 5.920364e+01 4.330590e+01 9.999998e-02 1.2665e-02 1.5941e-02 -5.8893e-05 0.08932 8.62185e-02 1.40503e-01 2.28450e-01 1.01174e-02
8.253149 1.30945287e-01 1.93431780e-01 3.24377067e-01 7.94084259e-02 1.75784376e+01 2.40321925e+01 8.32212603e-02 1.477195e+00 1.367140e+00 5.113233e+01 4.297922e+01 9.352093e-02 1.1847e-02 1.5115e-02 -6.1729e-05 0.08905 8.43823e-02 1.32502e-01 2.29070e-01 1.03544e-02
8.503244 1.31145164e-01 1.96964226e-01 3.28109389e-01 7.75583740e-02 1.75620178e+01 2.34522161e+01 8.20284678e-02 1.501879e+00 1.335394e+00 4.354178e+01 3.853353e+01 1.229575e-01 1.2249e-02 1.7988e-02 -6.4111e-05 0.07619 8.13058e-02 1.30985e-01 2.21332e-01 1.06033e-02
8.753340 1.33299021e-01 1.98850904e-01 3.32149925e-01 7.68710779e-02 1.85215071e+01 2.31215713e+01 8.32861568e-02 1.491766e+00 1.248363e+00 5.568145e+01 4.203335e+01 1.818396e-01 1.3200e-02 2.0323e-02 -6.4937e-05 0.07774 8.85303e-02 1.35291e-01 2.17793e-01 1.11411e-02
9.003435 1.36477734e-01 2.00046406e-01 3.36524140e-01 7.77418797e-02 1.93485867e+01 2.36131793e+01 8.59235320e-02 1.465781e+00 1.220408e+00 4.379376e+01 4.775687e+01 1.523146e-01 1.3310e-02 2.1777e-02 -6.5147e-05 0.08171 9.73300e-02 1.40054e-01 2.17845e-01 1.21386e-02
9.253530 1.40788114e-01 2.00912823e-01 3.41700937e-01 8.02752878e-02 1.96505382e+01 2.41737407e+01 8.76485578e-02 1.427058e+00 1.230182e+00 4.607453e+01 4.992358e+01 1.859318e-01 1.2449e-02 2.2715e-02 -6.5186e-05 0.08436 1.04878e-01 1.47260e-01 2.20760e-01 1.36347e-02
9.503626 1.46680254e-01 2.01113083e-01 3.47793337e-01 8.42771106e-02 2.06258306e+01 2.48497812e+01 9.09512237e-02 1.371099e+00 1.204789e+00 4.734137e+01 5.598315e+01 2.930751e-01 1.2925e-02 2.4023e-02 -6.4663e-05 0.08732 1.13894e-01 1.53468e-01 2.48541e-01 1.49602e-02
9.753721 1.51802159e-01 2.01973566e-01 3.53775725e-01 8.95264182e-02 2.23931037e+01 2.62420400e+01 9.72702875e-02 1.330505e+00 1.171880e+00 6.066429e+01 7.130314e+01 2.860338e-01 1.1584e-02 2.1640e-02 -6.3497e-05 0.07248 1.28993e-01 1.89876e-01 2.85595e-01 1.59452e-02
10.003817 1.55651338e-01 2.01267516e-01 3.56918854e-01 9.49230170e-02 2.43087717e+01 2.79567392e+01 1.04531022e-01 1.293066e+00 1.150068e+00 7.504336e+01 7.896009e+01 2.436992e-01 1.3137e-02 1.7191e-02 -6.2095e-05 0.07529 1.49951e-01 2.16349e-01 3.22571e-01 1.64758e-02
10.253912 1.58360487e-01 1.97788172e-01 3.56148659e-01 9.90524541e-02 2.46927649e+01 2.83973739e+01 1.06180278e-01 1.248974e+00 1.150028e+00 6.567704e+01 7.133021e+01 2.398076e-01 1.3131e-02 1.7257e-02 -6.0936e-05 0.07475 1.37571e-01 2.00314e-01 3.08232e-01 1.60245e-02
10.504007 1.58675801e-01 1.93877950e-01 3.52553751e-01 1.01554390e-01 2.42093142e+01 2.82388859e+01 1.04896400e-01 1.221850e+00 1.166447e+00 5.351717e+01 6.700937e+01 2.570248e-01 1.3683e-02 2.0744e-02 -6.1686e-05 0.06925 1.19419e-01 1.78020e-01 2.68147e-01 1.51237e-02
10.754103 1.54920613e-01 1.91754148e-01 3.46674761e-01 1.03080021e-01 2.36314197e+01 2.86184615e+01 1.04499762e-01 1.237757e+00 1.211034e+00 5.828170e+01 6.180794e+01 2.817275e-01 1.3356e-02 2.0840e-02 -6.4357e-05 0.07068 1.09018e-01 1.61194e-01 2.48141e-01 1.44117e-02
11.004198 1.46560084e-01 1.91886710e-01 3.38446794e-01 1.03609325e-01 2.27238311e+01 3.21281540e+01 1.09703970e-01 1.309270e+00 1.413853e+00 7.264691e+01 5.317179e+01 2.613686e-01 1.2843e-02 2.1161e-02 -6.8244e-05 0.06467 9.46534e-02 1.47501e-01 2.43341e-01 1.39290e-02
11.254294 1.37171587e-01 1.90917063e-01 3.28088649e-01 1.03880742e-01 2.16089304e+01 3.63579291e+01 1.15933719e-01 1.391812e+00 1.682542e+00 5.649468e+01 6.060313e+01 1.885418e-01 1.2233e-02 2.1807e-02 -7.2157e-05 0.06278 8.25657e-02 1.44296e-01 2.60018e-01 1.30504e-02
11.504389 1.29697390e-01 1.87610556e-01 3.17307947e-01 1.04761324e-01 2.13724558e+01 3.93360993e+01 1.21417110e-01 1.446525e+00 1.840504e+00 5.436886e+01 6.966887e+01 2.162222e-01 1.1790e-02 2.0006e-02 -7.4989e-05 0.06176 7.72201e-02 1.52575e-01 2.76211e-01 1.18477e-02
11.754485 1.24282839e-01 1.83123979e-01 3.07406818e-01 1.06608472e-01 2.13385488e+01 3.92571165e+01 1.21191331e-01 1.473445e+00 1.839728e+00 6.483472e+01 5.949535e+01 2.962129e-01 1.3493e-02 1.7938e-02 -7.6534e-05 0.06245 7.52680e-02 1.56960e-01 2.75522e-01 1.08714e-02
12.004580 1.20300199e-01 1.79892061e-01 3.00192260e-01 1.09767906e-01 2.04518972e+01 3.61211847e+01 1.13146164e-01 1.495360e+00 1.766153e+00 6.182557e+01 4.566798e+01 2.754215e-01 1.3901e-02 1.6917e-02 -7.6751e-05 0.06902 7.90904e-02 1.58476e-01 2.71060e-01 1.05802e-02
12.254675 1.14936551e-01 1.81502896e-01 2.96439447e-01 1.14180264e-01 1.86525602e+01 3.36687204e+01 1.04642561e-01 1.579157e+00 1.805046e+00 6.191317e+01 4.216950e+01 2.437829e-01 1.3027e-02 1.7271e-02 -7.6808e-05 0.07442 8.30267e-02 1.54946e-01 2.62798e-01 1.02222e-02
12.504771 1.09616900e-01 1.86333759e-01 2.95950659e-01 1.19644013e-01 1.76020507e+01 3.10132411e+01 9.72305836e-02 1.699863e+00 1.761911e+00 6.093898e+01 4.475113e+01 2.348456e-01 1.2917e-02 1.8315e-02 -7.8354e-05 0.07236 6.93998e-02 1.25681e-01 2.29880e-01 9.38613e-03
12.754866 1.04808506e-01 1.93264865e-01 2.98073370e-01 1.26153968e-01 1.74947103e+01 2.90783966e+01 9.31462138e-02 1.843981e+00 1.662125e+00 6.788950e+01 3.830863e+01 2.077659e-01 1.5355e-02 2.1380e-02 -8.0823e-05 0.07038 5.84184e-02 1.06237e-01 2.05127e-01 9.05472e-03
13.004962 1.02049945e-01 2.00451915e-01 3.02501859e-01 1.33107832e-01 1.74959553e+01 2.60881363e+01 8.71681832e-02 1.964253e+00 1.491095e+00 6.509155e+01 3.806757e+01 1.818122e-01 1.5305e-02 2.2048e-02 -8.2049e-05 0.06645 6.11540e-02 1.13389e-01 2.08687e-01 9.32598e-03
13.255057 1.02324307e-01 2.07468636e-01 3.09792944e-01 1.39791416e-01 1.73467574e+01 2.42087392e+01 8.31109932e-02 2.027560e+00 1.395577e+00 6.148538e+01 3.657471e+01 2.094837e-01 1.3933e-02 2.3491e-02 -8.2055e-05 0.07286 6.71156e-02 1.19660e-01 2.04221e-01 9.71987e-03
13.505152 1.05333236e-01 2.13887790e-01 3.19221026e-01 1.45079431e-01 1.67855188e+01 2.33800180e+01 8.03310737e-02 2.030582e+00 1.392868e+00 5.253332e+01 3.881006e+01 2.083456e-01 1.3282e-02 2.3448e-02 -8.2039e-05 0.07440 6.41502e-02 1.12653e-01 1.87917e-01 9.72785e-03
13.755248 1.12751141e-01 2.17762506e-01 3.30513646e-01 1.48777216e-01 1.64578230e+01 2.29813643e+01 7.88783746e-02 1.931355e+00 1.396379e+00 5.264521e+01 3.709851e+01 2.546441e-01 1.2100e-02 2.3629e-02 -8.2526e-05 0.07317 5.94388e-02 1.05009e-01 1.74341e-01 9.53931e-03
14.005343 1.22883260e-01 2.19721205e-01 3.42604465e-01 1.51675361e-01 1.74243376e+01 2.35790321e+01 8.20067394e-02 1.788048e+00 1.353224e+00 5.106492e+01 3.355941e+01 2.681890e-01 1.1879e-02 2.2870e-02 -8.3260e-05 0.07433 5.61316e-02 9.70893e-02 1.67026e-01 9.35677e-03
14.255439 1.34636945e-01 2.19065246e-01 3.53702191e-01 1.54139858e-01 1.95349428e+01 2.60054416e+01 9.10807688e-02 1.627081e+00 1.331227e+00 4.748434e+01 3.325509e+01 2.871910e-01 1.2299e-02 2.2541e-02 -8.3921e-05 0.07315 5.36633e-02 9.20673e-02 1.58233e-01 9.47866e-03
14.505534 1.43309383e-01 2.18639699e-01 3.61949083e-01 1.56192604e-01 2.27334845e+01 2.99703099e+01 1.05407589e-01 1.525648e+00 1.318333e+00 4.826038e+01 3.205797e+01 2.825954e-01 1.2590e-02 2.3636e-02 -8.4753e-05 0.07717 5.46522e-02 9.17009e-02 1.50039e-01 1.00075e-02
14.755629 1.46041617e-01 2.20382438e-01 3.66424055e-01 1.58142306e-01 2.53470542e+01 3.37984943e+01 1.18291097e-01 1.509039e+00 1.333429e+00 5.268416e+01 4.727220e+01 3.336083e-01 1.3276e-02 2.7464e-02 -8.6189e-05 0.08634 6.16796e-02 9.51702e-02 1.52063e-01 1.03760e-02
15.005725 1.42095778e-01 2.25531427e-01 3.67627205e-01 1.59795516e-01 2.74171878e+01 3.73087993e+01 1.29451974e-01 1.587179e+00 1.360781e+00 5.504320e+01 7.302054e+01 4.008692e-01 1.5226e-02 2.3804e-02 -8.7321e-05 0.08440 6.96134e-02 9.94738e-02 1.57045e-01 1.14241e-02
15.255820 1.33945572e-01 2.32134134e-01 3.66079706e-01 1.60306826e-01 2.80518692e+01 4.01214451e+01 1.36346629e-01 1.733048e+00 1.430259e+00 6.688002e+01 9.013689e+01 3.223519e-01 1.6017e-02 2.7656e-02 -8.9108e-05 0.08377 6.85402e-02 9.69042e-02 1.59037e-01 1.20526e-02
15.505916 1.26089579e-01 2.37189503e-01 3.63279082e-01 1.58910554e-01 2.77015133e+01 4.03256426e+01 1.36054312e-01 1.881119e+00 1.455720e+00 7.476016e+01 7.541063e+01 2.880339e-01 1.5132e-02 2.6248e-02 -9.0642e-05 0.08227 6.36580e-02 9.25494e-02 1.65324e-01 1.20018e-02
15.756011 1.20579387e-01 2.40762477e-01 3.61341864e-01 1.56407569e-01 2.68045426e+01 3.84750611e+01 1.30559207e-01 1.996713e+00 1.435393e+00 7.346536e+01 6.525909e+01 1.938999e-01 1.4509e-02 2.5689e-02 -9.1738e-05 0.08041 6.01334e-02 9.83574e-02 1.88591e-01 1.15288e-02
16.006107 1.17116343e-01 2.44560974e-01 3.61677317e-01 1.54196973e-01 2.41541508e+01 3.66470676e+01 1.21602437e-01 2.088188e+00 1.517216e+00 5.590660e+01 5.605121e+01 9.929945e-02 1.3397e-02 2.2642e-02 -9.2109e-05 0.07201 5.78400e-02 9.90247e-02 1.93251e-01 1.07075e-02
16.256202 1.16499064e-01 2.48166160e-01 3.64665224e-01 1.52847922e-01 2.18608294e+01 3.50554338e+01 1.13832526e-01 2.130199e+00 1.603573e+00 5.268425e+01 4.459285e+01 1.359477e-01 1.2538e-02 1.9091e-02 -9.2140e-05 0.07397 5.22648e-02 9.32186e-02 1.85679e-01 9.88890e-03
16.506297 1.16727126e-01 2.52053602e-01 3.68780729e-01 1.51847175e-01 2.09978705e+01 3.44884382e+01 1.10972617e-01 2.159340e+00 1.642473e+00 5.057456e+01 3.843114e+01 1.760129e-01 1.3270e-02 1.7536e-02 -9.2580e-05 0.07435 4.67264e-02 9.19789e-02 1.75412e-01 9.46986e-03
16.756393 1.17312690e-01 2.54710155e-01 3.72022844e-01 1.50599229e-01 2.09199176e+01 3.47782748e+01 1.11396385e-01 2.171207e+00 1.662448e+00 4.786136e+01 4.321057e+01 1.092556e-01 1.3464e-02 1.7609e-02 -9.3493e-05 0.07632 4.91903e-02 9.55745e-02 1.68173e-01 9.50735e-03
17.006488 1.20725350e-01 2.52933368e-01 3.73658717e-01 1.48754605e-01 2.14570839e+01 3.40905413e+01 1.11095250e-01 2.095114e+00 1.588778e+00 5.519080e+01 4.005598e+01 1.235067e-01 1.3710e-02 1.9063e-02 -9.4703e-05 0.07948 5.23877e-02 9.46399e-02 1.61834e-01 9.75343e-03
17.256584 1.25865181e-01 2.48558724e-01 3.74423905e-01 1.46374645e-01 2.18026435e+01 3.30443408e+01 1.09693969e-01 1.974801e+00 1.515612e+00 6.485826e+01 3.690968e+01 1.389837e-01 1.3530e-02 2.0209e-02 -9.5956e-05 0.08094 5.36639e-02 8.98632e-02 1.50923e-01 1.02494e-02
17.506679 1.26885570e-01 2.47405645e-01 3.74291216e-01 1.43203041e-01 2.24857401e+01 3.36829419e+01 1.12337364e-01 1.949833e+00 1.497969e+00 7.861067e+01 5.702495e+01 2.186170e-01 1.4020e-02 2.5890e-02 -9.7512e-05 0.07543 6.70012e-02 1.01494e-01 1.66461e-01 1.12817e-02
17.756774 1.22601309e-01 2.50289581e-01 3.72890889e-01 1.39720291e-01 2.29921448e+01 3.44403078e+01 1.14864905e-01 2.041492e+00 1.497916e+00 6.777858e+01 8.990810e+01 2.635561e-01 1.5496e-02 2.6653e-02 -9.8634e-05 0.07067 8.34911e-02 1.21609e-01 1.93408e-01 1.24625e-02
18.006870 1.19006909e-01 2.51733461e-01 3.70740370e-01 1.36895626e-01 2.25641081e+01 3.40063181e+01 1.13140852e-01 2.115284e+00 1.507098e+00 5.800577e+01 5.719783e+01 2.242673e-01 1.4983e-02 2.4045e-02 -9.9609e-05 0.07257 8.23713e-02 1.19185e-01 1.93274e-01 1.25918e-02
18.256965 1.17610899e-01 2.51306726e-01 3.68917626e-01 1.35404343e-01 2.18650407e+01 3.40917158e+01 1.11913513e-01 2.136764e+00 1.559188e+00 6.276625e+01 6.207486e+01 2.690807e-01 1.4437e-02 2.4450e-02 -1.0043e-04 0.07954 7.31146e-02 1.11917e-01 1.89613e-01 1.18927e-02
18.507061 1.18747150e-01 2.48290107e-01 3.67037257e-01 1.34802167e-01 2.14911265e+01 3.48136274e+01 1.12609508e-01 2.090914e+00 1.619907e+00 7.191207e+01 4.353739e+01 2.724799e-01 1.5490e-02 2.4124e-02 -1.0071e-04 0.07864 6.86939e-02 1.05176e-01 1.80128e-01 1.12834e-02
18.757156 1.22969129e-01 2.41865500e-01 3.64834629e-01 1.34546812e-01 2.21200536e+01 3.38805775e+01 1.12001262e-01 1.966880e+00 1.531668e+00 8.724804e+01 4.789825e+01 2.467643e-01 1.6978e-02 2.2901e-02 -1.0013e-04 0.07452 7.39776e-02 1.07787e-01 1.77257e-01 1.15768e-02
19.007252 1.28756940e-01 2.33847040e-01 3.62603980e-01 1.34180158e-01 2.28289216e+01 3.18314503e+01 1.09320744e-01 1.816190e+00 1.394348e+00 6.803838e+01 6.114542e+01 3.085872e-01 1.4308e-02 2.3179e-02 -9.9414e-05 0.06985 7.82009e-02 1.11329e-01 1.81297e-01 1.19223e-02
19.257347 1.34532809e-01 2.26309739e-01 3.60842548e-01 1.33400322e-01 2.28416907e+01 3.05212919e+01 1.06725965e-01 1.682190e+00 1.336210e+00 5.942096e+01 5.369334e+01 3.040101e-01 1.3929e-02 2.3673e-02 -9.9296e-05 0.06771 7.12402e-02 1.02421e-01 1.69364e-01 1.13885e-02
19.507442 1.38745714e-01 2.20787950e-01 3.59533664e-01 1.32363290e-01 2.26370012e+01 2.95947726e+01 1.04463547e-01 1.591314e+00 1.307363e+00 5.799929e+01 4.947274e+01 2.502696e-01 1.3503e-02 2.1545e-02 -9.9384e-05 0.06714 6.74262e-02 9.64603e-02 1.58781e-01 1.09821e-02
19.757538 1.39748276e-01 2.18524787e-01 3.58273063e-01 1.31354667e-01 2.28927015e+01 2.98010717e+01 1.05387546e-01 1.563703e+00 1.301772e+00 6.026401e+01 4.892170e+01 2.324954e-01 1.2851e-02 2.1746e-02 -9.9736e-05 0.06764 6.31710e-02 9.04628e-02 1.45831e-01 1.08462e-02
20.007633 1.39326508e-01 2.16928226e-01 3.56254734e-01 1.30048801e-01 2.29527611e+01 2.97513571e+01 1.05408236e-01 1.556977e+00 1.296199e+00 6.577350e+01 5.581066e+01 1.971450e-01 1.3657e-02 1.9675e-02 -1.0028e-04 0.07108 5.93600e-02 8.53121e-02 1.37587e-01 1.05164e-02
20.257729 1.38551309e-01 2.15489098e-01 3.54040407e-01 1.28982067e-01 2.25275172e+01 3.01197519e+01 1.05294538e-01 1.555302e+00 1.337020e+00 7.550053e+01 6.207642e+01 2.350593e-01 1.3061e-02 1.8292e-02 -1.0119e-04 0.07725 5.61011e-02 8.12138e-02 1.36529e-01 1.01413e-02
20.507824 1.37364297e-01 2.14092735e-01 3.51457032e-01 1.29042069e-01 2.23226369e+01 3.06951944e+01 1.06035662e-01 1.558576e+00 1.375070e+00 6.786875e+01 6.475168e+01 2.542931e-01 1.3274e-02 1.9062e-02 -1.0224e-04 0.07588 5.46220e-02 8.08468e-02 1.44538e-01 1.00055e-02
20.757919 1.35169148e-01 2.13732206e-01 3.48901354e-01 1.30765675e-01 2.23628559e+01 3.06279426e+01 1.05981597e-01 1.581220e+00 1.369590e+00 6.330109e+01 5.447459e+01 2.439893e-01 1.3079e-02 1.9600e-02 -1.0333e-04 0.07348 5.74276e-02 9.07536e-02 1.67758e-01 1.00986e-02
21.008015 1.30512500e-01 2.16122732e-01 3.46635232e-01 1.34244560e-01 2.17180364e+01 3.10452536e+01 1.05526580e-01 1.655954e+00 1.429469e+00 5.765102e+01 4.550708e+01 2.184033e-01 1.3523e-02 1.9879e-02 -1.0478e-04 0.07324 6.52664e-02 1.14141e-01 1.91800e-01 1.02624e-02
21.258110 1.26761862e-01 2.18818706e-01 3.45580568e-01 1.39645141e-01 2.05451485e+01 3.06319068e+01 1.02354111e-01 1.726219e+00 1.490956e+00 5.597619e+01 5.133631e+01 1.903394e-01 1.2704e-02 1.7945e-02 -1.0619e-04 0.07619 7.40464e-02 1.25920e-01 2.07395e-01 1.01880e-02
21.508206 1.24210746e-01 2.22645147e-01 3.46855893e-01 1.46780890e-01 1.93431619e+01 2.97211946e+01 9.81287130e-02 1.792479e+00 1.536522e+00 5.351351e+01 4.990364e+01 2.203539e-01 1.2195e-02 1.7049e-02 -1.0770e-04 0.08186 6.76185e-02 1.19001e-01 2.11623e-01 9.70413e-03
21.758301 1.22004997e-01 2.28442158e-01 3.50447154e-01 1.54563394e-01 1.88052602e+01 2.98093221e+01 9.72291645e-02 1.872400e+00 1.585159e+00 5.545062e+01 4.783453e+01 2.299190e-01 1.1619e-02 1.8484e-02 -1.0940e-04 0.08985 6.18475e-02 1.21937e-01 2.14344e-01 9.01570e-03
22.008397 1.20988159e-01 2.35442046e-01 3.56430205e-01 1.62141187e-01 1.86723934e+01 2.94619346e+01 9.62686561e-02 1.945992e+00 1.577834e+00 5.102949e+01 5.772644e+01 2.008783e-01 1.1639e-02 2.1136e-02 -1.1033e-04 0.09207 6.37856e-02 1.25128e-01 2.21803e-01 8.57571e-03
22.258492 1.19996660e-01 2.45026720e-01 3.65023380e-01 1.69070617e-01 1.83627347e+01 2.89775139e+01 9.46804972e-02 2.041946e+00 1.578061e+00 4.813809e+01 5.630812e+01 1.980409e-01 1.2519e-02 2.0311e-02 -1.1062e-04 0.08837 6.48473e-02 1.25140e-01 2.17097e-01 9.04057e-03
22.508587 1.19926679e-01 2.56171323e-01 3.76098002e-01 1.75588572e-01 1.84905903e+01 2.78160637e+01 9.26133078e-02 2.136066e+00 1.504336e+00 4.991948e+01 4.846609e+01 1.929103e-01 1.2156e-02 2.0125e-02 -1.1102e-04 0.08538 7.08739e-02 1.24865e-01 2.10166e-01 9.56721e-03
22.758683 1.19503913e-01 2.69749426e-01 3.89253339e-01 1.82222674e-01 1.89316467e+01 2.73176543e+01 9.24986019e-02 2.257243e+00 1.442962e+00 5.937572e+01 6.026800e+01 2.503218e-01 1.2377e-02 2.0678e-02 -1.1183e-04 0.08282 7.54422e-02 1.22415e-01 2.02339e-01 1.01153e-02
23.008778 1.18566865e-01 2.85791570e-01 4.04358436e-01 1.89288515e-01 1.84850913e+01 2.70025682e+01 9.09753191e-02 2.410383e+00 1.460775e+00 5.841008e+01 5.674054e+01 2.682322e-01 1.3921e-02 2.2165e-02 -1.1269e-04 0.07642 7.20995e-02 1.13649e-01 1.92884e-01 1.04632e-02
23.258874 1.20725413e-01 3.01628635e-01 4.22354048e-01 1.96801911e-01 1.76466957e+01 2.61872375e+01 8.76678663e-02 2.498468e+00 1.483974e+00 4.623294e+01 5.723548e+01 2.276751e-01 1.2678e-02 2.3364e-02 -1.1342e-04 0.07564 7.23164e-02 1.13264e-01 1.94036e-01 1.10015e-02
23.508969 1.24918747e-01 3.18393547e-01 4.43312294e-01 2.04335762e-01 1.68652060e+01 2.60850778e+01 8.59005675e-02 2.548805e+00 1.546680e+00 4.070087e+01 5.508489e+01 2.518648e-01 1.2512e-02 2.3697e-02 -1.1417e-04 0.07503 7.07164e-02 1.13370e-01 1.93922e-01 1.09251e-02
23.759064 1.28609376e-01 3.37634107e-01 4.66243483e-01 2.11299147e-01 1.66164195e+01 2.59452969e+01 8.51234329e-02 2.625268e+00 1.561425e+00 4.781619e+01 5.432276e+01 3.034036e-01 1.1848e-02 2.1806e-02 -1.1508e-04 0.07676 6.52929e-02 1.07297e-01 1.85945e-01 9.94756e-03
24.009160 1.29886336e-01 3.59547000e-01 4.89433336e-01 2.17151646e-01 1.69770905e+01 2.69891344e+01 8.79324497e-02 2.768166e+00 1.589739e+00 3.820360e+01 4.703100e+01 2.309491e-01 1.0813e-02 2.0498e-02 -1.1601e-04 0.07912 5.74299e-02 9.60989e-02 1.71329e-01 9.32165e-03
24.259255 1.30766075e-01 3.80164439e-01 5.10930514e-01 2.21464093e-01 1.80288988e+01 2.88881530e+01 9.38341035e-02 2.907210e+00 1.602325e+00 3.994238e+01 4.758441e+01 1.559779e-01 9.9309e-03 2.0280e-02 -1.1665e-04 0.07920 5.76934e-02 9.43202e-02 1.75289e-01 9.60294e-03
24.509351 1.31763045e-01 3.97419824e-01 5.29182869e-01 2.23975053e-01 1.97030164e+01 3.08920870e+01 1.01190207e-01 3.016171e+00 1.567886e+00 4.980340e+01 5.758029e+01 1.375293e-01 1.0845e-02 2.1898e-02 -1.1697e-04 0.07771 6.33205e-02 1.04095e-01 1.85870e-01 1.01880e-02
24.759446 1.31304356e-01 4.12855594e-01 5.44159950e-01 2.24783665e-01 2.02562235e+01 3.26193189e+01 1.05751085e-01 3.144264e+00 1.610336e+00 5.676109e+01 4.679603e+01 8.369003e-02 1.1498e-02 2.2852e-02 -1.1720e-04 0.07863 6.19003e-02 9.89014e-02 1.69720e-01 1.00215e-02
25.009542 1.27879173e-01 4.27869188e-01 5.55748361e-01 2.24058925e-01 1.97999068e+01 3.39476415e+01 1.07495097e-01 3.345886e+00 1.714535e+00 6.465436e+01 3.954389e+01 7.703955e-02 1.2183e-02 2.4767e-02 -1.1765e-04 0.08816 5.46787e-02 8.54191e-02 1.49350e-01 9.68094e-03
25.259637 1.24641371e-01 4.39514174e-01 5.64155545e-01 2.22891199e-01 1.91053130e+01 3.46814094e+01 1.07573445e-01 3.526230e+00 1.815276e+00 8.634190e+01 5.164587e+01 4.559438e-02 1.3635e-02 2.2837e-02 -1.1864e-04 0.08871 4.99660e-02 8.01303e-02 1.41875e-01 9.53313e-03
25.509732 1.21483746e-01 4.47694216e-01 5.69177962e-01 2.21712219e-01 1.81610399e+01 3.56419089e+01 1.07605897e-01 3.685219e+00 1.962548e+00 7.941559e+01 3.623581e+01 4.247307e-02 1.2342e-02 2.0414e-02 -1.1963e-04 0.08948 4.64840e-02 7.74082e-02 1.30386e-01 9.06671e-03
25.759828 1.20228384e-01 4.51421548e-01 5.71649931e-01 2.20549112e-01 1.76536862e+01 3.58530370e+01 1.07013446e-01 3.754700e+00 2.030909e+00 8.045926e+01 3.900511e+01 -1.052638e-02 1.0834e-02 1.8640e-02 -1.2092e-04 0.08555 4.49920e-02 7.43770e-02 1.24751e-01 9.00190e-03
26.009923 1.22857707e-01 4.49898063e-01 5.72755769e-01 2.19805536e-01 1.75964032e+01 3.56049408e+01 1.06402688e-01 3.661944e+00 2.023422e+00 9.759893e+01 3.638443e+01 -1.844072e-02 1.1351e-02 1.8254e-02 -1.2259e-04 0.08870 4.52766e-02 7.41330e-02 1.26655e-01 9.24579e-03
26.260019 1.25757550e-01 4.46978135e-01 5.72735685e-01 2.20542334e-01 1.81147796e+01 3.58301481e+01 1.07889855e-01 3.554285e+00 1.977951e+00 1.270770e+02 3.553873e+01 2.292403e-02 1.4226e-02 1.7238e-02 -1.2435e-04 0.09251 4.72693e-02 8.02207e-02 1.36351e-01 9.52694e-03
26.510114 1.26899768e-01 4.44649795e-01 5.71549563e-01 2.23278036e-01 1.83363352e+01 3.58664565e+01 1.08405583e-01 3.503945e+00 1.956032e+00 1.032912e+02 4.449181e+01 3.914344e-02 1.2265e-02 1.6741e-02 -1.2582e-04 0.09284 5.42215e-02 9.42349e-02 1.49174e-01 9.75218e-03
26.760209 1.27696654e-01 4.41763113e-01 5.69459766e-01 2.27824559e-01 1.84306501e+01 3.52058010e+01 1.07272902e-01 3.459473e+00 1.910177e+00 7.658817e+01 4.853983e+01 1.797681e-01 1.1619e-02 1.6868e-02 -1.2676e-04 0.08909 6.33637e-02 1.04756e-01 1.55416e-01 9.94268e-03
27.010305 1.27821445e-01 4.38933973e-01 5.66755418e-01 2.33396082e-01 1.86176901e+01 3.43973936e+01 1.06030167e-01 3.433962e+00 1.847565e+00 6.117727e+01 5.106316e+01 2.748187e-01 1.1914e-02 1.5186e-02 -1.2811e-04 0.08134 6.74360e-02 1.06200e-01 1.54341e-01 1.01965e-02
27.260400 1.25367893e-01 4.38019277e-01 5.63387170e-01 2.39685361e-01 1.89078450e+01 3.51950458e+01 1.08205781e-01 3.493871e+00 1.861399e+00 5.087664e+01 5.072922e+01 2.756206e-01 1.1934e-02 1.3641e-02 -1.3013e-04 0.07788 6.70122e-02 1.00651e-01 1.45208e-01 1.03270e-02
27.510496 1.21070171e-01 4.38690408e-01 5.59760580e-01 2.46610016e-01 1.89095514e+01 3.52769688e+01 1.08373040e-01 3.623439e+00 1.865563e+00 4.843669e+01 4.775980e+01 2.452573e-01 1.1800e-02 1.2537e-02 -1.3212e-04 0.07199 6.38036e-02 9.20000e-02 1.33389e-01 1.01443e-02
27.760591 1.15927928e-01 4.41423362e-01 5.57351290e-01 2.53680493e-01 1.87621808e+01 3.48169854e+01 1.07158332e-01 3.807740e+00 1.855700e+00 6.252074e+01 4.664138e+01 1.946571e-01 1.1537e-02 1.2482e-02 -1.3404e-04 0.07710 5.72336e-02 8.13389e-02 1.22171e-01 9.53993e-03
28.010686 1.11253664e-01 4.45751598e-01 5.57005262e-01 2.60686950e-01 1.84881801e+01 3.40170940e+01 1.05010548e-01 4.006624e+00 1.839937e+00 5.963295e+01 4.358281e+01 1.498128e-01 1.1961e-02 1.3522e-02 -1.3552e-04 0.08039 5.34436e-02 7.47685e-02 1.18449e-01 9.24467e-03
28.260782 1.07951550e-01 4.51365574e-01 5.59317124e-01 2.67521567e-01 1.78931582e+01 3.33317348e+01 1.02449786e-01 4.181187e+00 1.862820e+00 6.209864e+01 4.437083e+01 1.210773e-01 1.1463e-02 1.4977e-02 -1.3623e-04 0.08314 5.20354e-02 7.15672e-02 1.18160e-01 9.14926e-03
28.510877 1.06293199e-01 4.57973033e-01 5.64266232e-01 2.74262708e-01 1.74434626e+01 3.23485335e+01 9.95839921e-02 4.308583e+00 1.854479e+00 5.812444e+01 4.489512e+01 1.132690e-01 1.0787e-02 1.6848e-02 -1.3684e-04 0.08385 5.39295e-02 7.37037e-02 1.21111e-01 9.44972e-03
28.760973 1.05146252e-01 4.66566708e-01 5.71712960e-01 2.81352910e-01 1.68063128e+01 3.11694621e+01 9.59515499e-02 4.437312e+00 1.854628e+00 5.086428e+01 4.437331e+01 1.342509e-01 1.0498e-02 1.8816e-02 -1.3764e-04 0.08004 5.79564e-02 7.99072e-02 1.27571e-01 9.91621e-03
29.011068 1.04845110e-01 4.77029038e-01 5.81874148e-01 2.89078972e-01 1.59650173e+01 2.96543503e+01 9.12387353e-02 4.549845e+00 1.857458e+00 4.881771e+01 3.961930e+01 1.346100e-01 1.0759e-02 1.7840e-02 -1.3768e-04 0.08022 6.27094e-02 8.97153e-02 1.42824e-01 1.01244e-02
29.261164 1.04812023e-01 4.89947398e-01 5.94759421e-01 2.96874431e-01 1.55983631e+01 2.87044648e+01 8.86056558e-02 4.674534e+00 1.840223e+00 6.315557e+01 4.415362e+01 1.416000e-01 9.8105e-03 1.8568e-02 -1.3682e-04 0.08134 6.82737e-02 1.00634e-01 1.58806e-01 1.00621e-02
29.511259 1.05361175e-01 5.04472833e-01 6.09834007e-01 3.04153827e-01 1.53563480e+01 2.85148521e+01 8.77424001e-02 4.788033e+00 1.856877e+00 5.643920e+01 5.139387e+01 1.565735e-01 9.5903e-03 1.8851e-02 -1.3658e-04 0.08170 6.81702e-02 1.00915e-01 1.58296e-01 9.86819e-03
29.761354 1.06599332e-01 5.20165315e-01 6.26764647e-01 3.11038449e-01 1.48590111e+01 2.85656533e+01 8.68493289e-02 4.879630e+00 1.922446e+00 4.749325e+01 5.301501e+01 1.431898e-01 9.7761e-03 1.6717e-02 -1.3719e-04 0.08121 6.42794e-02 9.57539e-02 1.48438e-01 9.65570e-03
30.011450 1.07986684e-01 5.37300787e-01 6.45287471e-01 3.17837756e-01 1.42995611e+01 2.87534860e+01 8.61060942e-02 4.975621e+00 2.010795e+00 4.115977e+01 4.824747e+01 1.714447e-01 9.4690e-03 1.7223e-02 -1.3804e-04 0.07710 5.73471e-02 8.49713e-02 1.33006e-01 9.30770e-03
30.261545 1.09741353e-01 5.54944423e-01 6.64685775e-01 3.24474563e-01 1.39971592e+01 2.92340834e+01 8.64624853e-02 5.056840e+00 2.088573e+00 3.796751e+01 4.274930e+01 1.836963e-01 9.3706e-03 1.8585e-02 -1.3927e-04 0.07521 4.83629e-02 7.14326e-02 1.15192e-01 8.91911e-03
30.511641 1.12029897e-01 5.72189079e-01 6.84218976e-01 3.30830246e-01 1.37361843e+01 2.99245242e+01 8.73214169e-02 5.107468e+00 2.178518e+00 3.819479e+01 3.845696e+01 1.416282e-01 9.6822e-03 2.0540e-02 -1.4076e-04 0.07467 4.19297e-02 6.16941e-02 1.01822e-01 8.47127e-03
30.761736 1.14682529e-01 5.88768595e-01 7.03451124e-01 3.36817043e-01 1.36033519e+01 3.07105296e+01 8.86277630e-02 5.133900e+00 2.257571e+00 4.248645e+01 4.090660e+01 1.176570e-01 1.5116e-02 2.2130e-02 -1.4169e-04 0.07671 3.94175e-02 5.73667e-02 9.57198e-02 8.29424e-03
# DIVERGED at t = 31.011831
