# tg_mhd (CUDA FP64)  hydro_noslip_nofield_n256_re250_va1.41421  N=256 L=256 Re=250 Pm=1 u0=0.05 nu_lat=1.623380e-02 eta_lat=1.623380e-02 tau_f=0.548701 tau_m=0.564935 dt=6.159986e-04 fw=profile
# t E_V E_M E_T H_C Omega_V Omega_M eps EM/EV OmM/OmV j_max w_max skew divb/j divb_wall/j mass_drift umax_lat fw1 fw2 fw4 tau_wall
0.000000 2.46093810e-01 0.00000000e+00 2.46093810e-01 0.00000000e+00 7.12266365e+01 0.00000000e+00 5.69813092e-01 0.000000e+00 0.000000e+00 0.000000e+00 1.721692e+02 -2.283795e-18 0.0000e+00 0.0000e+00 +0.0000e+00 0.07070 9.90320e-01 9.91173e-01 9.92888e-01 3.36686e-01
0.049896 2.34481847e-01 0.00000000e+00 2.34481847e-01 0.00000000e+00 1.73644465e+01 0.00000000e+00 1.38915572e-01 0.000000e+00 0.000000e+00 0.000000e+00 5.590346e+01 2.119054e-01 0.0000e+00 0.0000e+00 +8.1644e-06 0.07071 9.60323e-01 9.63864e-01 9.70886e-01 1.06825e-01
0.099792 2.28138785e-01 0.00000000e+00 2.28138785e-01 0.00000000e+00 1.25498882e+01 0.00000000e+00 1.00399106e-01 0.000000e+00 0.000000e+00 0.000000e+00 4.122542e+01 2.011772e-01 0.0000e+00 0.0000e+00 +2.3010e-05 0.07088 9.42302e-01 9.50081e-01 9.59774e-01 7.66626e-02
0.149688 2.23471962e-01 0.00000000e+00 2.23471962e-01 0.00000000e+00 1.03862402e+01 0.00000000e+00 8.30899220e-02 0.000000e+00 0.000000e+00 0.000000e+00 3.414316e+01 7.146805e-02 0.0000e+00 0.0000e+00 +2.6718e-05 0.07000 9.21106e-01 9.39596e-01 9.51299e-01 6.31153e-02
0.199584 2.20137856e-01 0.00000000e+00 2.20137856e-01 0.00000000e+00 9.05606825e+00 0.00000000e+00 7.24485460e-02 0.000000e+00 0.000000e+00 0.000000e+00 2.914293e+01 3.304228e-02 0.0000e+00 0.0000e+00 +1.5347e-05 0.06941 8.95786e-01 9.30435e-01 9.43842e-01 5.45108e-02
0.249479 2.16898340e-01 0.00000000e+00 2.16898340e-01 0.00000000e+00 8.13150025e+00 0.00000000e+00 6.50520020e-02 0.000000e+00 0.000000e+00 0.000000e+00 2.640122e+01 1.722109e-01 0.0000e+00 0.0000e+00 +2.0702e-06 0.06933 8.68509e-01 9.22127e-01 9.37042e-01 4.84844e-02
0.299375 2.13745817e-01 0.00000000e+00 2.13745817e-01 0.00000000e+00 7.45396677e+00 0.00000000e+00 5.96317342e-02 0.000000e+00 0.000000e+00 0.000000e+00 2.407109e+01 3.396062e-01 0.0000e+00 0.0000e+00 +1.3771e-06 0.06907 8.41312e-01 9.14566e-01 9.30898e-01 4.46110e-02
0.349271 2.10701526e-01 0.00000000e+00 2.10701526e-01 0.00000000e+00 6.94652414e+00 0.00000000e+00 5.55721932e-02 0.000000e+00 0.000000e+00 0.000000e+00 2.246981e+01 4.391410e-01 0.0000e+00 0.0000e+00 +1.5276e-05 0.06845 8.15362e-01 9.07633e-01 9.25416e-01 4.16046e-02
0.399167 2.07534416e-01 0.00000000e+00 2.07534416e-01 0.00000000e+00 6.56672170e+00 0.00000000e+00 5.25337736e-02 0.000000e+00 0.000000e+00 0.000000e+00 2.197391e+01 3.952048e-01 0.0000e+00 0.0000e+00 +2.5590e-05 0.06803 7.91259e-01 9.01154e-01 9.20528e-01 3.89242e-02
0.449063 2.05162759e-01 0.00000000e+00 2.05162759e-01 0.00000000e+00 6.29042715e+00 0.00000000e+00 5.03234172e-02 0.000000e+00 0.000000e+00 0.000000e+00 2.153819e+01 3.040082e-01 0.0000e+00 0.0000e+00 +2.0627e-05 0.06744 7.69516e-01 8.95015e-01 9.16195e-01 3.76070e-02
0.498959 2.03080510e-01 0.00000000e+00 2.03080510e-01 0.00000000e+00 6.02480514e+00 0.00000000e+00 4.81984411e-02 0.000000e+00 0.000000e+00 0.000000e+00 2.043577e+01 3.025247e-01 0.0000e+00 0.0000e+00 +6.7079e-06 0.06633 7.47723e-01 8.87880e-01 9.11401e-01 3.63154e-02
0.548855 2.00821452e-01 0.00000000e+00 2.00821452e-01 0.00000000e+00 5.71569628e+00 0.00000000e+00 4.57255703e-02 0.000000e+00 0.000000e+00 0.000000e+00 1.880340e+01 4.646878e-01 0.0000e+00 0.0000e+00 -1.1463e-06 0.06600 7.23778e-01 8.78751e-01 9.05408e-01 3.39897e-02
0.598751 1.98541814e-01 0.00000000e+00 1.98541814e-01 0.00000000e+00 5.46312997e+00 0.00000000e+00 4.37050398e-02 0.000000e+00 0.000000e+00 0.000000e+00 1.797557e+01 6.246475e-01 0.0000e+00 0.0000e+00 +7.1048e-06 0.06616 7.02323e-01 8.69773e-01 8.99877e-01 3.18698e-02
0.648646 1.95961373e-01 0.00000000e+00 1.95961373e-01 0.00000000e+00 5.31442924e+00 0.00000000e+00 4.25154340e-02 0.000000e+00 0.000000e+00 0.000000e+00 1.811169e+01 6.411335e-01 0.0000e+00 0.0000e+00 +2.0842e-05 0.06555 6.86269e-01 8.62415e-01 8.95882e-01 3.15047e-02
0.698542 1.93685460e-01 0.00000000e+00 1.93685460e-01 0.00000000e+00 5.28553586e+00 0.00000000e+00 4.22842869e-02 0.000000e+00 0.000000e+00 0.000000e+00 1.898431e+01 5.181750e-01 0.0000e+00 0.0000e+00 +2.3438e-05 0.06417 6.77013e-01 8.57385e-01 8.93884e-01 3.25794e-02
0.748438 1.92048935e-01 0.00000000e+00 1.92048935e-01 0.00000000e+00 5.18561010e+00 0.00000000e+00 4.14848808e-02 0.000000e+00 0.000000e+00 0.000000e+00 1.842841e+01 4.654724e-01 0.0000e+00 0.0000e+00 +1.2842e-05 0.06334 6.63450e-01 8.49684e-01 8.90113e-01 3.16706e-02
0.798334 1.90169071e-01 0.00000000e+00 1.90169071e-01 0.00000000e+00 4.96738850e+00 0.00000000e+00 3.97391080e-02 0.000000e+00 0.000000e+00 0.000000e+00 1.701614e+01 5.769183e-01 0.0000e+00 0.0000e+00 +1.0379e-06 0.06299 6.42169e-01 8.37642e-01 8.83404e-01 2.92364e-02
0.848230 1.88176067e-01 0.00000000e+00 1.88176067e-01 0.00000000e+00 4.79900877e+00 0.00000000e+00 3.83920701e-02 0.000000e+00 0.000000e+00 0.000000e+00 1.612133e+01 7.356506e-01 0.0000e+00 0.0000e+00 +1.4684e-06 0.06288 6.24267e-01 8.26360e-01 8.77458e-01 2.81796e-02
0.898126 1.86092971e-01 0.00000000e+00 1.86092971e-01 0.00000000e+00 4.75582614e+00 0.00000000e+00 3.80466092e-02 0.000000e+00 0.000000e+00 0.000000e+00 1.666547e+01 7.636042e-01 0.0000e+00 0.0000e+00 +1.3499e-05 0.06242 6.16114e-01 8.19158e-01 8.74531e-01 2.87083e-02
0.948022 1.83894911e-01 0.00000000e+00 1.83894911e-01 0.00000000e+00 4.73863248e+00 0.00000000e+00 3.79090598e-02 0.000000e+00 0.000000e+00 0.000000e+00 1.715742e+01 7.065541e-01 0.0000e+00 0.0000e+00 +2.2693e-05 0.06145 6.09893e-01 8.12643e-01 8.72141e-01 2.89538e-02
0.997918 1.82187201e-01 0.00000000e+00 1.82187201e-01 0.00000000e+00 4.69960481e+00 0.00000000e+00 3.75968385e-02 0.000000e+00 0.000000e+00 0.000000e+00 1.746406e+01 6.454654e-01 0.0000e+00 0.0000e+00 +1.8119e-05 0.06029 6.01762e-01 8.04863e-01 8.68932e-01 2.87247e-02
1.047814 1.80572926e-01 0.00000000e+00 1.80572926e-01 0.00000000e+00 4.63295187e+00 0.00000000e+00 3.70636150e-02 0.000000e+00 0.000000e+00 0.000000e+00 1.681559e+01 6.542955e-01 0.0000e+00 0.0000e+00 +5.7223e-06 0.05970 5.91418e-01 7.95528e-01 8.64728e-01 2.82054e-02
1.097709 1.78767606e-01 0.00000000e+00 1.78767606e-01 0.00000000e+00 4.54560769e+00 0.00000000e+00 3.63648615e-02 0.000000e+00 0.000000e+00 0.000000e+00 1.630043e+01 7.450029e-01 0.0000e+00 0.0000e+00 -1.5153e-06 0.05949 5.79468e-01 7.84946e-01 8.59771e-01 2.74191e-02
1.147605 1.76974028e-01 0.00000000e+00 1.76974028e-01 0.00000000e+00 4.43913770e+00 0.00000000e+00 3.55131016e-02 0.000000e+00 0.000000e+00 0.000000e+00 1.572306e+01 8.505424e-01 0.0000e+00 0.0000e+00 +6.6160e-06 0.05920 5.65810e-01 7.73200e-01 8.54121e-01 2.61241e-02
1.197501 1.74900813e-01 0.00000000e+00 1.74900813e-01 0.00000000e+00 4.40181113e+00 0.00000000e+00 3.52144890e-02 0.000000e+00 0.000000e+00 0.000000e+00 1.592389e+01 8.553546e-01 0.0000e+00 0.0000e+00 +1.8722e-05 0.05872 5.58782e-01 7.64769e-01 8.50632e-01 2.62893e-02
1.247397 1.73002957e-01 0.00000000e+00 1.73002957e-01 0.00000000e+00 4.47513724e+00 0.00000000e+00 3.58010979e-02 0.000000e+00 0.000000e+00 0.000000e+00 1.723335e+01 7.575031e-01 0.0000e+00 0.0000e+00 +2.0609e-05 0.05767 5.62453e-01 7.62136e-01 8.50735e-01 2.79002e-02
1.297293 1.71533344e-01 0.00000000e+00 1.71533344e-01 0.00000000e+00 4.51734538e+00 0.00000000e+00 3.61387630e-02 0.000000e+00 0.000000e+00 0.000000e+00 1.770086e+01 6.944536e-01 0.0000e+00 0.0000e+00 +1.0885e-05 0.05658 5.62818e-01 7.57764e-01 8.49628e-01 2.82766e-02
1.347189 1.69856046e-01 0.00000000e+00 1.69856046e-01 0.00000000e+00 4.39720809e+00 0.00000000e+00 3.51776647e-02 0.000000e+00 0.000000e+00 0.000000e+00 1.637098e+01 7.592216e-01 0.0000e+00 0.0000e+00 +5.0395e-07 0.05612 5.47386e-01 7.44405e-01 8.42906e-01 2.61337e-02
1.397085 1.68112612e-01 0.00000000e+00 1.68112612e-01 0.00000000e+00 4.27983529e+00 0.00000000e+00 3.42386824e-02 0.000000e+00 0.000000e+00 0.000000e+00 1.546173e+01 8.750381e-01 0.0000e+00 0.0000e+00 +1.1440e-06 0.05633 5.32088e-01 7.30784e-01 8.36054e-01 2.48546e-02
1.446981 1.66252466e-01 0.00000000e+00 1.66252466e-01 0.00000000e+00 4.29062633e+00 0.00000000e+00 3.43250107e-02 0.000000e+00 0.000000e+00 0.000000e+00 1.611367e+01 8.855246e-01 0.0000e+00 0.0000e+00 +1.2180e-05 0.05596 5.30689e-01 7.25183e-01 8.34055e-01 2.56736e-02
1.496876 1.64295570e-01 0.00000000e+00 1.64295570e-01 0.00000000e+00 4.36189318e+00 0.00000000e+00 3.48951454e-02 0.000000e+00 0.000000e+00 0.000000e+00 1.717779e+01 8.152170e-01 0.0000e+00 0.0000e+00 +2.0076e-05 0.05479 5.35654e-01 7.23588e-01 8.34338e-01 2.68785e-02
1.546772 1.62706519e-01 0.00000000e+00 1.62706519e-01 0.00000000e+00 4.38495464e+00 0.00000000e+00 3.50796372e-02 0.000000e+00 0.000000e+00 0.000000e+00 1.761383e+01 7.385341e-01 0.0000e+00 0.0000e+00 +1.5574e-05 0.05379 5.35250e-01 7.19005e-01 8.32631e-01 2.68585e-02
1.596668 1.61153218e-01 0.00000000e+00 1.61153218e-01 0.00000000e+00 4.32740864e+00 0.00000000e+00 3.46192691e-02 0.000000e+00 0.000000e+00 0.000000e+00 1.689369e+01 7.386384e-01 0.0000e+00 0.0000e+00 +4.5608e-06 0.05341 5.26436e-01 7.09299e-01 8.27702e-01 2.57850e-02
1.646564 1.59408741e-01 0.00000000e+00 1.59408741e-01 0.00000000e+00 4.26860325e+00 0.00000000e+00 3.41488260e-02 0.000000e+00 0.000000e+00 0.000000e+00 1.641529e+01 7.993489e-01 0.0000e+00 0.0000e+00 -1.5409e-06 0.05315 5.17686e-01 6.99478e-01 8.22625e-01 2.51194e-02
1.696460 1.57723509e-01 0.00000000e+00 1.57723509e-01 0.00000000e+00 4.23385792e+00 0.00000000e+00 3.38708634e-02 0.000000e+00 0.000000e+00 0.000000e+00 1.620808e+01 8.564435e-01 0.0000e+00 0.0000e+00 +5.7488e-06 0.05280 5.11874e-01 6.91471e-01 8.18594e-01 2.48644e-02
1.746356 1.55818929e-01 0.00000000e+00 1.55818929e-01 0.00000000e+00 4.23551035e+00 0.00000000e+00 3.38840828e-02 0.000000e+00 0.000000e+00 0.000000e+00 1.671740e+01 8.188288e-01 0.0000e+00 0.0000e+00 +1.6428e-05 0.05229 5.10369e-01 6.86330e-01 8.16135e-01 2.50647e-02
1.796252 1.54052625e-01 0.00000000e+00 1.54052625e-01 0.00000000e+00 4.26859369e+00 0.00000000e+00 3.41487495e-02 0.000000e+00 0.000000e+00 0.000000e+00 1.736539e+01 7.370579e-01 0.0000e+00 0.0000e+00 +1.7983e-05 0.05140 5.12483e-01 6.83734e-01 8.14922e-01 2.56698e-02
1.846148 1.52545665e-01 0.00000000e+00 1.52545665e-01 0.00000000e+00 4.29901876e+00 0.00000000e+00 3.43921501e-02 0.000000e+00 0.000000e+00 0.000000e+00 1.779495e+01 6.753948e-01 0.0000e+00 0.0000e+00 +9.1383e-06 0.05062 5.14382e-01 6.81138e-01 8.13460e-01 2.60572e-02
1.896044 1.50898920e-01 0.00000000e+00 1.50898920e-01 0.00000000e+00 4.24510312e+00 0.00000000e+00 3.39608249e-02 0.000000e+00 0.000000e+00 0.000000e+00 1.710415e+01 6.937404e-01 0.0000e+00 0.0000e+00 -2.4937e-07 0.05026 5.06947e-01 6.72379e-01 8.08247e-01 2.49858e-02
1.945939 1.49220802e-01 0.00000000e+00 1.49220802e-01 0.00000000e+00 4.14856991e+00 0.00000000e+00 3.31885593e-02 0.000000e+00 0.000000e+00 0.000000e+00 1.623362e+01 7.585699e-01 0.0000e+00 0.0000e+00 +5.2016e-07 0.05012 4.94602e-01 6.60237e-01 8.00993e-01 2.37803e-02
1.995835 1.47484135e-01 0.00000000e+00 1.47484135e-01 0.00000000e+00 4.10767390e+00 0.00000000e+00 3.28613912e-02 0.000000e+00 0.000000e+00 0.000000e+00 1.632214e+01 7.685869e-01 0.0000e+00 0.0000e+00 +1.0882e-05 0.04981 4.89004e-01 6.52625e-01 7.96315e-01 2.36813e-02
2.045731 1.45643052e-01 0.00000000e+00 1.45643052e-01 0.00000000e+00 4.16296306e+00 0.00000000e+00 3.33037044e-02 0.000000e+00 0.000000e+00 0.000000e+00 1.738797e+01 6.851040e-01 0.0000e+00 0.0000e+00 +1.7441e-05 0.04912 4.95359e-01 6.53312e-01 7.96302e-01 2.49907e-02
2.095627 1.44104856e-01 0.00000000e+00 1.44104856e-01 0.00000000e+00 4.20117843e+00 0.00000000e+00 3.36094274e-02 0.000000e+00 0.000000e+00 0.000000e+00 1.774913e+01 5.982945e-01 0.0000e+00 0.0000e+00 +1.3068e-05 0.04856 4.99588e-01 6.52767e-01 7.95309e-01 2.53767e-02
2.145523 1.42561010e-01 0.00000000e+00 1.42561010e-01 0.00000000e+00 4.11989919e+00 0.00000000e+00 3.29591935e-02 0.000000e+00 0.000000e+00 0.000000e+00 1.707571e+01 5.825740e-01 0.0000e+00 0.0000e+00 +3.2641e-06 0.04811 4.89585e-01 6.42372e-01 7.88284e-01 2.39160e-02
2.195419 1.40910137e-01 0.00000000e+00 1.40910137e-01 0.00000000e+00 4.02397703e+00 0.00000000e+00 3.21918162e-02 0.000000e+00 0.000000e+00 0.000000e+00 1.637636e+01 6.292370e-01 0.0000e+00 0.0000e+00 -1.7223e-06 0.04778 4.77649e-01 6.30464e-01 7.80230e-01 2.29594e-02
2.245315 1.39307475e-01 0.00000000e+00 1.39307475e-01 0.00000000e+00 3.99817869e+00 0.00000000e+00 3.19854295e-02 0.000000e+00 0.000000e+00 0.000000e+00 1.641362e+01 6.566102e-01 0.0000e+00 0.0000e+00 +4.6905e-06 0.04753 4.74839e-01 6.24957e-01 7.75953e-01 2.32212e-02
2.295211 1.37571608e-01 0.00000000e+00 1.37571608e-01 0.00000000e+00 3.99417676e+00 0.00000000e+00 3.19534141e-02 0.000000e+00 0.000000e+00 0.000000e+00 1.676164e+01 6.105095e-01 0.0000e+00 0.0000e+00 +1.4175e-05 0.04706 4.75011e-01 6.21718e-01 7.72934e-01 2.34142e-02
2.345107 1.35935343e-01 0.00000000e+00 1.35935343e-01 0.00000000e+00 3.97385814e+00 0.00000000e+00 3.17908651e-02 0.000000e+00 0.000000e+00 0.000000e+00 1.699540e+01 5.306933e-01 0.0000e+00 0.0000e+00 +1.5431e-05 0.04656 4.73156e-01 6.17187e-01 7.68873e-01 2.33271e-02
2.395002 1.34501855e-01 0.00000000e+00 1.34501855e-01 0.00000000e+00 3.95197619e+00 0.00000000e+00 3.16158095e-02 0.000000e+00 0.000000e+00 0.000000e+00 1.699591e+01 4.737458e-01 0.0000e+00 0.0000e+00 +7.3609e-06 0.04621 4.71291e-01 6.12715e-01 7.64564e-01 2.32778e-02
2.444898 1.32941267e-01 0.00000000e+00 1.32941267e-01 0.00000000e+00 3.89713612e+00 0.00000000e+00 3.11770890e-02 0.000000e+00 0.000000e+00 0.000000e+00 1.653286e+01 4.841563e-01 0.0000e+00 0.0000e+00 -1.0260e-06 0.04581 4.65183e-01 6.05109e-01 7.58208e-01 2.26903e-02
2.494794 1.31410657e-01 0.00000000e+00 1.31410657e-01 0.00000000e+00 3.81345330e+00 0.00000000e+00 3.05076264e-02 0.000000e+00 0.000000e+00 0.000000e+00 1.602735e+01 5.299705e-01 0.0000e+00 0.0000e+00 -4.4466e-08 0.04534 4.55050e-01 5.94488e-01 7.49990e-01 2.18216e-02
2.544690 1.29844460e-01 0.00000000e+00 1.29844460e-01 0.00000000e+00 3.75249664e+00 0.00000000e+00 3.00199731e-02 0.000000e+00 0.000000e+00 0.000000e+00 1.586237e+01 5.272322e-01 0.0000e+00 0.0000e+00 +9.3309e-06 0.04496 4.48041e-01 5.86206e-01 7.43166e-01 2.14851e-02
2.594586 1.28214526e-01 0.00000000e+00 1.28214526e-01 0.00000000e+00 3.75021322e+00 0.00000000e+00 3.00017058e-02 0.000000e+00 0.000000e+00 0.000000e+00 1.632673e+01 4.532125e-01 0.0000e+00 0.0000e+00 +1.4980e-05 0.04458 4.49724e-01 5.84552e-01 7.40263e-01 2.20617e-02
2.644482 1.26808299e-01 0.00000000e+00 1.26808299e-01 0.00000000e+00 3.74995674e+00 0.00000000e+00 2.99996539e-02 0.000000e+00 0.000000e+00 0.000000e+00 1.659730e+01 3.836154e-01 0.0000e+00 0.0000e+00 +1.0872e-05 0.04422 4.51878e-01 5.83437e-01 7.37466e-01 2.23703e-02
2.694378 1.25397935e-01 0.00000000e+00 1.25397935e-01 0.00000000e+00 3.68059471e+00 0.00000000e+00 2.94447577e-02 0.000000e+00 0.000000e+00 0.000000e+00 1.611222e+01 3.643302e-01 0.0000e+00 0.0000e+00 +2.0259e-06 0.04373 4.44031e-01 5.74791e-01 7.29751e-01 2.13913e-02
2.744274 1.23919391e-01 0.00000000e+00 1.23919391e-01 0.00000000e+00 3.58401717e+00 0.00000000e+00 2.86721374e-02 0.000000e+00 0.000000e+00 0.000000e+00 1.540246e+01 3.981672e-01 0.0000e+00 0.0000e+00 -2.1565e-06 0.04327 4.31849e-01 5.62761e-01 7.19813e-01 2.04484e-02
2.794169 1.22512070e-01 0.00000000e+00 1.22512070e-01 0.00000000e+00 3.52726333e+00 0.00000000e+00 2.82181067e-02 0.000000e+00 0.000000e+00 0.000000e+00 1.532729e+01 4.231570e-01 0.0000e+00 0.0000e+00 +3.7667e-06 0.04289 4.25758e-01 5.55403e-01 7.12901e-01 2.03155e-02
2.844065 1.21004145e-01 0.00000000e+00 1.21004145e-01 0.00000000e+00 3.50240131e+00 0.00000000e+00 2.80192104e-02 0.000000e+00 0.000000e+00 0.000000e+00 1.557161e+01 3.859253e-01 0.0000e+00 0.0000e+00 +1.2248e-05 0.04269 4.24937e-01 5.52242e-01 7.08669e-01 2.05058e-02
2.893961 1.19583727e-01 0.00000000e+00 1.19583727e-01 0.00000000e+00 3.48106942e+00 0.00000000e+00 2.78485554e-02 0.000000e+00 0.000000e+00 0.000000e+00 1.566504e+01 3.096723e-01 0.0000e+00 0.0000e+00 +1.2948e-05 0.04251 4.24904e-01 5.49865e-01 7.04765e-01 2.05724e-02
2.943857 1.18311334e-01 0.00000000e+00 1.18311334e-01 0.00000000e+00 3.42387615e+00 0.00000000e+00 2.73910092e-02 0.000000e+00 0.000000e+00 0.000000e+00 1.536961e+01 2.643908e-01 0.0000e+00 0.0000e+00 +5.7460e-06 0.04246 4.19085e-01 5.43066e-01 6.97753e-01 1.99347e-02
2.993753 1.16945938e-01 0.00000000e+00 1.16945938e-01 0.00000000e+00 3.34891449e+00 0.00000000e+00 2.67913160e-02 0.000000e+00 0.000000e+00 0.000000e+00 1.491729e+01 2.775035e-01 0.0000e+00 0.0000e+00 -1.5572e-06 0.04263 4.10185e-01 5.33840e-01 6.89049e-01 1.93308e-02
3.043649 1.15629761e-01 0.00000000e+00 1.15629761e-01 0.00000000e+00 3.28711546e+00 0.00000000e+00 2.62969237e-02 0.000000e+00 0.000000e+00 0.000000e+00 1.467035e+01 3.152953e-01 0.0000e+00 0.0000e+00 -5.3246e-07 0.04280 4.03485e-01 5.26336e-01 6.81584e-01 1.90854e-02
3.093545 1.14294152e-01 0.00000000e+00 1.14294152e-01 0.00000000e+00 3.23441918e+00 0.00000000e+00 2.58753534e-02 0.000000e+00 0.000000e+00 0.000000e+00 1.446839e+01 3.078350e-01 0.0000e+00 0.0000e+00 +7.8265e-06 0.04279 3.98391e-01 5.20170e-01 6.75098e-01 1.87838e-02
3.143441 1.12918862e-01 0.00000000e+00 1.12918862e-01 0.00000000e+00 3.19187832e+00 0.00000000e+00 2.55350266e-02 0.000000e+00 0.000000e+00 0.000000e+00 1.449273e+01 2.470644e-01 0.0000e+00 0.0000e+00 +1.2873e-05 0.04270 3.95196e-01 5.15650e-01 6.69606e-01 1.85964e-02
3.193337 1.11716814e-01 0.00000000e+00 1.11716814e-01 0.00000000e+00 3.16143615e+00 0.00000000e+00 2.52914892e-02 0.000000e+00 0.000000e+00 0.000000e+00 1.451218e+01 1.881596e-01 0.0000e+00 0.0000e+00 +9.0289e-06 0.04269 3.94448e-01 5.13209e-01 6.65338e-01 1.87265e-02
3.243232 1.10508373e-01 0.00000000e+00 1.10508373e-01 0.00000000e+00 3.11021249e+00 0.00000000e+00 2.48816999e-02 0.000000e+00 0.000000e+00 0.000000e+00 1.418282e+01 1.728160e-01 0.0000e+00 0.0000e+00 +9.6788e-07 0.04270 3.89849e-01 5.07716e-01 6.58888e-01 1.83308e-02
3.293128 1.09254751e-01 0.00000000e+00 1.09254751e-01 0.00000000e+00 3.02806151e+00 0.00000000e+00 2.42244921e-02 0.000000e+00 0.000000e+00 0.000000e+00 1.357966e+01 2.035582e-01 0.0000e+00 0.0000e+00 -2.4978e-06 0.04277 3.78923e-01 4.97106e-01 6.48930e-01 1.74963e-02
3.343024 1.08077481e-01 0.00000000e+00 1.08077481e-01 0.00000000e+00 2.96316265e+00 0.00000000e+00 2.37053012e-02 0.000000e+00 0.000000e+00 0.000000e+00 1.326913e+01 2.246783e-01 0.0000e+00 0.0000e+00 +3.0728e-06 0.04281 3.71113e-01 4.89023e-01 6.40827e-01 1.71877e-02
3.392920 1.06823426e-01 0.00000000e+00 1.06823426e-01 0.00000000e+00 2.92827497e+00 0.00000000e+00 2.34261998e-02 0.000000e+00 0.000000e+00 0.000000e+00 1.337105e+01 1.903050e-01 0.0000e+00 0.0000e+00 +1.0535e-05 0.04271 3.69548e-01 4.86071e-01 6.36325e-01 1.72660e-02
3.442816 1.05647283e-01 0.00000000e+00 1.05647283e-01 0.00000000e+00 2.90255862e+00 0.00000000e+00 2.32204690e-02 0.000000e+00 0.000000e+00 0.000000e+00 1.338253e+01 1.279846e-01 0.0000e+00 0.0000e+00 +1.0888e-05 0.04265 3.70028e-01 4.84902e-01 6.32949e-01 1.73488e-02
3.492712 1.04571804e-01 0.00000000e+00 1.04571804e-01 0.00000000e+00 2.84507533e+00 0.00000000e+00 2.27606027e-02 0.000000e+00 0.000000e+00 0.000000e+00 1.298459e+01 9.267498e-02 0.0000e+00 0.0000e+00 +4.4353e-06 0.04264 3.63566e-01 4.78140e-01 6.25434e-01 1.66794e-02
3.542608 1.03432027e-01 0.00000000e+00 1.03432027e-01 0.00000000e+00 2.77600689e+00 0.00000000e+00 2.22080551e-02 0.000000e+00 0.000000e+00 0.000000e+00 1.248366e+01 1.043625e-01 0.0000e+00 0.0000e+00 -1.9639e-06 0.04259 3.54176e-01 4.68941e-01 6.16111e-01 1.61440e-02
3.592504 1.02341394e-01 0.00000000e+00 1.02341394e-01 0.00000000e+00 2.72391931e+00 0.00000000e+00 2.17913545e-02 0.000000e+00 0.000000e+00 0.000000e+00 1.225841e+01 1.392372e-01 0.0000e+00 0.0000e+00 -8.4449e-07 0.04254 3.48344e-01 4.62618e-01 6.08963e-01 1.60219e-02
3.642399 1.01245044e-01 0.00000000e+00 1.01245044e-01 0.00000000e+00 2.68009524e+00 0.00000000e+00 2.14407619e-02 0.000000e+00 0.000000e+00 0.000000e+00 1.210731e+01 1.361543e-01 0.0000e+00 0.0000e+00 +6.6684e-06 0.04246 3.44233e-01 4.57750e-01 6.02966e-01 1.58158e-02
3.692295 1.00111903e-01 0.00000000e+00 1.00111903e-01 0.00000000e+00 2.63873806e+00 0.00000000e+00 2.11099045e-02 0.000000e+00 0.000000e+00 0.000000e+00 1.194825e+01 8.545347e-02 0.0000e+00 0.0000e+00 +1.1050e-05 0.04233 3.40542e-01 4.53311e-01 5.97185e-01 1.55390e-02
3.742191 9.91204263e-02 0.00000000e+00 9.91204263e-02 0.00000000e+00 2.60229589e+00 0.00000000e+00 2.08183671e-02 0.000000e+00 0.000000e+00 0.000000e+00 1.183588e+01 3.698511e-02 0.0000e+00 0.0000e+00 +7.4541e-06 0.04222 3.37948e-01 4.49831e-01 5.91929e-01 1.54151e-02
3.792087 9.81130923e-02 0.00000000e+00 9.81130923e-02 0.00000000e+00 2.55566159e+00 0.00000000e+00 2.04452927e-02 0.000000e+00 0.000000e+00 0.000000e+00 1.152285e+01 3.107940e-02 0.0000e+00 0.0000e+00 +2.7178e-07 0.04214 3.32572e-01 4.44026e-01 5.84867e-01 1.51066e-02
3.841983 9.70831539e-02 0.00000000e+00 9.70831539e-02 0.00000000e+00 2.50031488e+00 0.00000000e+00 2.00025191e-02 0.000000e+00 0.000000e+00 0.000000e+00 1.115537e+01 6.191132e-02 0.0000e+00 0.0000e+00 -2.6475e-06 0.04202 3.24528e-01 4.35954e-01 5.76167e-01 1.47133e-02
3.891879 9.61099508e-02 0.00000000e+00 9.61099508e-02 0.00000000e+00 2.45256579e+00 0.00000000e+00 1.96205264e-02 0.000000e+00 0.000000e+00 0.000000e+00 1.088874e+01 8.094192e-02 0.0000e+00 0.0000e+00 +2.4689e-06 0.04183 3.18061e-01 4.29179e-01 5.68551e-01 1.44474e-02
3.941775 9.50818548e-02 0.00000000e+00 9.50818548e-02 0.00000000e+00 2.41591998e+00 0.00000000e+00 1.93273599e-02 0.000000e+00 0.000000e+00 0.000000e+00 1.082612e+01 5.381768e-02 0.0000e+00 0.0000e+00 +9.1226e-06 0.04165 3.14320e-01 4.24710e-01 5.62673e-01 1.42425e-02
3.991671 9.41146345e-02 0.00000000e+00 9.41146345e-02 0.00000000e+00 2.39039807e+00 0.00000000e+00 1.91231846e-02 0.000000e+00 0.000000e+00 0.000000e+00 1.083581e+01 7.319315e-03 0.0000e+00 0.0000e+00 +9.2866e-06 0.04152 3.13539e-01 4.22771e-01 5.58600e-01 1.43026e-02
4.041567 9.32232120e-02 0.00000000e+00 9.32232120e-02 0.00000000e+00 2.35411715e+00 0.00000000e+00 1.88329372e-02 0.000000e+00 0.000000e+00 0.000000e+00 1.061869e+01 -1.727210e-02 0.0000e+00 0.0000e+00 +3.3463e-06 0.04137 3.09498e-01 4.18101e-01 5.52340e-01 1.39849e-02
4.091462 9.22707933e-02 0.00000000e+00 9.22707933e-02 0.00000000e+00 2.30294759e+00 0.00000000e+00 1.84235807e-02 0.000000e+00 0.000000e+00 0.000000e+00 1.026592e+01 -3.282780e-03 0.0000e+00 0.0000e+00 -2.2366e-06 0.04116 3.00663e-01 4.09336e-01 5.42925e-01 1.34699e-02
4.141358 9.13696692e-02 0.00000000e+00 9.13696692e-02 0.00000000e+00 2.26080407e+00 0.00000000e+00 1.80864326e-02 0.000000e+00 0.000000e+00 0.000000e+00 1.013511e+01 2.897156e-02 0.0000e+00 0.0000e+00 -9.5693e-07 0.04096 2.94014e-01 4.02360e-01 5.35003e-01 1.33157e-02
4.191254 9.04609974e-02 0.00000000e+00 9.04609974e-02 0.00000000e+00 2.23035964e+00 0.00000000e+00 1.78428771e-02 0.000000e+00 0.000000e+00 0.000000e+00 1.014936e+01 2.901661e-02 0.0000e+00 0.0000e+00 +5.7652e-06 0.04076 2.90638e-01 3.98149e-01 5.29333e-01 1.32061e-02
4.241150 8.95247058e-02 0.00000000e+00 8.95247058e-02 0.00000000e+00 2.20504257e+00 0.00000000e+00 1.76403406e-02 0.000000e+00 0.000000e+00 0.000000e+00 1.008364e+01 -1.007401e-02 0.0000e+00 0.0000e+00 +9.4735e-06 0.04053 2.88641e-01 3.95137e-01 5.24567e-01 1.30772e-02
4.291046 8.86911560e-02 0.00000000e+00 8.86911560e-02 0.00000000e+00 2.17466423e+00 0.00000000e+00 1.73973138e-02 0.000000e+00 0.000000e+00 0.000000e+00 9.927578e+00 -4.501015e-02 0.0000e+00 0.0000e+00 +6.1752e-06 0.04035 2.84752e-01 3.90533e-01 5.18451e-01 1.27857e-02
4.340942 8.78438023e-02 0.00000000e+00 8.78438023e-02 0.00000000e+00 2.13829314e+00 0.00000000e+00 1.71063451e-02 0.000000e+00 0.000000e+00 0.000000e+00 9.795159e+00 -4.538702e-02 0.0000e+00 0.0000e+00 -1.9610e-07 0.04015 2.78548e-01 3.83907e-01 5.10707e-01 1.24917e-02
4.390838 8.69798535e-02 0.00000000e+00 8.69798535e-02 0.00000000e+00 2.10552452e+00 0.00000000e+00 1.68441962e-02 0.000000e+00 0.000000e+00 0.000000e+00 9.783844e+00 -1.714351e-02 0.0000e+00 0.0000e+00 -2.6846e-06 0.03992 2.73167e-01 3.77912e-01 5.03561e-01 1.23871e-02
4.440734 8.61604775e-02 0.00000000e+00 8.61604775e-02 0.00000000e+00 2.07534425e+00 0.00000000e+00 1.66027540e-02 0.000000e+00 0.000000e+00 0.000000e+00 9.667274e+00 1.567019e-03 0.0000e+00 0.0000e+00 +2.0073e-06 0.03968 2.68303e-01 3.72346e-01 4.96904e-01 1.22061e-02
4.490629 8.52926706e-02 0.00000000e+00 8.52926706e-02 0.00000000e+00 2.04772529e+00 0.00000000e+00 1.63818023e-02 0.000000e+00 0.000000e+00 0.000000e+00 9.542101e+00 -1.844691e-02 0.0000e+00 0.0000e+00 +7.9468e-06 0.03942 2.63990e-01 3.67267e-01 4.90682e-01 1.19377e-02
4.540525 8.44765014e-02 0.00000000e+00 8.44765014e-02 0.00000000e+00 2.02848341e+00 0.00000000e+00 1.62278673e-02 0.000000e+00 0.000000e+00 0.000000e+00 9.575863e+00 -5.306613e-02 0.0000e+00 0.0000e+00 +7.9340e-06 0.03921 2.62426e-01 3.64549e-01 4.86305e-01 1.19128e-02
4.590421 8.37119385e-02 0.00000000e+00 8.37119385e-02 0.00000000e+00 2.00806416e+00 0.00000000e+00 1.60645132e-02 0.000000e+00 0.000000e+00 0.000000e+00 9.562934e+00 -6.747703e-02 0.0000e+00 0.0000e+00 +2.4950e-06 0.03902 2.60243e-01 3.61279e-01 4.81446e-01 1.18285e-02
4.640317 8.28962373e-02 0.00000000e+00 8.28962373e-02 0.00000000e+00 1.97524649e+00 0.00000000e+00 1.58019719e-02 0.000000e+00 0.000000e+00 0.000000e+00 9.377773e+00 -5.103281e-02 0.0000e+00 0.0000e+00 -2.3748e-06 0.03878 2.53179e-01 3.53754e-01 4.73187e-01 1.14451e-02
4.690213 8.21223161e-02 0.00000000e+00 8.21223161e-02 0.00000000e+00 1.94632340e+00 0.00000000e+00 1.55705872e-02 0.000000e+00 0.000000e+00 0.000000e+00 9.271273e+00 -2.283317e-02 0.0000e+00 0.0000e+00 -1.0246e-06 0.03852 2.47181e-01 3.47121e-01 4.65786e-01 1.13152e-02
4.740109 8.13404211e-02 0.00000000e+00 8.13404211e-02 0.00000000e+00 1.92586488e+00 0.00000000e+00 1.54069190e-02 0.000000e+00 0.000000e+00 0.000000e+00 9.314946e+00 -2.111105e-02 0.0000e+00 0.0000e+00 +5.0133e-06 0.03827 2.44161e-01 3.43064e-01 4.60601e-01 1.12008e-02
4.790005 8.05370432e-02 0.00000000e+00 8.05370432e-02 0.00000000e+00 1.91125974e+00 0.00000000e+00 1.52900779e-02 0.000000e+00 0.000000e+00 0.000000e+00 9.320654e+00 -4.744468e-02 0.0000e+00 0.0000e+00 +8.1686e-06 0.03805 2.43257e-01 3.40867e-01 4.56946e-01 1.11747e-02
4.839901 7.98108075e-02 0.00000000e+00 7.98108075e-02 0.00000000e+00 1.89294478e+00 0.00000000e+00 1.51435583e-02 0.000000e+00 0.000000e+00 0.000000e+00 9.199843e+00 -6.947969e-02 0.0000e+00 0.0000e+00 +5.0937e-06 0.03843 2.40727e-01 3.37272e-01 4.52094e-01 1.09702e-02
4.889797 7.90666025e-02 0.00000000e+00 7.90666025e-02 0.00000000e+00 1.86716936e+00 0.00000000e+00 1.49373549e-02 0.000000e+00 0.000000e+00 0.000000e+00 9.065842e+00 -6.597319e-02 0.0000e+00 0.0000e+00 -5.8390e-07 0.03865 2.34975e-01 3.30834e-01 4.44893e-01 1.06721e-02
4.939692 7.83117676e-02 0.00000000e+00 7.83117676e-02 0.00000000e+00 1.84506418e+00 0.00000000e+00 1.47605134e-02 0.000000e+00 0.000000e+00 0.000000e+00 9.072864e+00 -3.886114e-02 0.0000e+00 0.0000e+00 -2.6278e-06 0.03836 2.30466e-01 3.25451e-01 4.38662e-01 1.06257e-02
4.989588 7.75937492e-02 0.00000000e+00 7.75937492e-02 0.00000000e+00 1.82684749e+00 0.00000000e+00 1.46147799e-02 0.000000e+00 0.000000e+00 0.000000e+00 9.058280e+00 -1.985889e-02 0.0000e+00 0.0000e+00 +1.6609e-06 0.03810 2.27401e-01 3.21355e-01 4.33637e-01 1.05443e-02
5.039484 7.68323301e-02 0.00000000e+00 7.68323301e-02 0.00000000e+00 1.80958658e+00 0.00000000e+00 1.44766926e-02 0.000000e+00 0.000000e+00 0.000000e+00 8.940214e+00 -3.291177e-02 0.0000e+00 0.0000e+00 +6.8867e-06 0.03843 2.24601e-01 3.17529e-01 4.28888e-01 1.03546e-02
5.089380 7.61122852e-02 0.00000000e+00 7.61122852e-02 0.00000000e+00 1.79541202e+00 0.00000000e+00 1.43632962e-02 0.000000e+00 0.000000e+00 0.000000e+00 8.896152e+00 -5.592330e-02 0.0000e+00 0.0000e+00 +6.7546e-06 0.03902 2.22993e-01 3.14768e-01 4.24987e-01 1.02710e-02
5.139276 7.54287676e-02 0.00000000e+00 7.54287676e-02 0.00000000e+00 1.78062495e+00 0.00000000e+00 1.42449996e-02 0.000000e+00 0.000000e+00 0.000000e+00 8.878927e+00 -6.125348e-02 0.0000e+00 0.0000e+00 +1.8362e-06 0.03918 2.21020e-01 3.11685e-01 4.20788e-01 1.01906e-02
5.189172 7.47050151e-02 0.00000000e+00 7.47050151e-02 0.00000000e+00 1.76061359e+00 0.00000000e+00 1.40849087e-02 0.000000e+00 0.000000e+00 0.000000e+00 8.797028e+00 -4.360396e-02 0.0000e+00 0.0000e+00 -2.4556e-06 0.03885 2.16652e-01 3.06488e-01 4.14858e-01 1.00094e-02
5.239068 7.40129730e-02 0.00000000e+00 7.40129730e-02 0.00000000e+00 1.74138009e+00 0.00000000e+00 1.39310407e-02 0.000000e+00 0.000000e+00 0.000000e+00 8.688037e+00 -1.887281e-02 0.0000e+00 0.0000e+00 -1.0967e-06 0.03857 2.12490e-01 3.01497e-01 4.09215e-01 9.92681e-03
5.288964 7.33144243e-02 0.00000000e+00 7.33144243e-02 0.00000000e+00 1.72497625e+00 0.00000000e+00 1.37998100e-02 0.000000e+00 0.000000e+00 0.000000e+00 8.629965e+00 -1.460441e-02 0.0000e+00 0.0000e+00 +4.3622e-06 0.03863 2.09483e-01 2.97563e-01 4.04552e-01 9.76567e-03
5.338860 7.25994412e-02 0.00000000e+00 7.25994412e-02 0.00000000e+00 1.71408787e+00 0.00000000e+00 1.37127029e-02 0.000000e+00 0.000000e+00 0.000000e+00 8.659039e+00 -3.204954e-02 0.0000e+00 0.0000e+00 +7.0523e-06 0.03886 2.08935e-01 2.95842e-01 4.01756e-01 9.74359e-03
5.388755 7.19447830e-02 0.00000000e+00 7.19447830e-02 0.00000000e+00 1.70409886e+00 0.00000000e+00 1.36327909e-02 0.000000e+00 0.000000e+00 0.000000e+00 8.618708e+00 -4.554804e-02 0.0000e+00 0.0000e+00 +4.1470e-06 0.03903 2.08778e-01 2.94499e-01 3.99234e-01 9.73316e-03
5.438651 7.12695265e-02 0.00000000e+00 7.12695265e-02 0.00000000e+00 1.68493295e+00 0.00000000e+00 1.34794636e-02 0.000000e+00 0.000000e+00 0.000000e+00 8.462617e+00 -3.885626e-02 0.0000e+00 0.0000e+00 -9.1000e-07 0.03899 2.04273e-01 2.89293e-01 3.93419e-01 9.43536e-03
5.488547 7.05905444e-02 0.00000000e+00 7.05905444e-02 0.00000000e+00 1.66623311e+00 0.00000000e+00 1.33298649e-02 0.000000e+00 0.000000e+00 0.000000e+00 8.379589e+00 -1.478011e-02 0.0000e+00 0.0000e+00 -2.5472e-06 0.03871 1.99842e-01 2.84167e-01 3.87745e-01 9.33245e-03
5.538443 6.99398111e-02 0.00000000e+00 6.99398111e-02 0.00000000e+00 1.65304240e+00 0.00000000e+00 1.32243392e-02 0.000000e+00 0.000000e+00 0.000000e+00 8.397403e+00 1.683590e-03 0.0000e+00 0.0000e+00 +1.3612e-06 0.03846 1.97993e-01 2.81382e-01 3.84178e-01 9.31556e-03
5.588339 6.92553176e-02 0.00000000e+00 6.92553176e-02 0.00000000e+00 1.64175122e+00 0.00000000e+00 1.31340097e-02 0.000000e+00 0.000000e+00 0.000000e+00 8.351834e+00 -6.764254e-03 0.0000e+00 0.0000e+00 +5.9367e-06 0.03856 1.97052e-01 2.79456e-01 3.81381e-01 9.23300e-03
5.638235 6.86025498e-02 0.00000000e+00 6.86025498e-02 0.00000000e+00 1.62998892e+00 0.00000000e+00 1.30399114e-02 0.000000e+00 0.000000e+00 0.000000e+00 8.261831e+00 -2.259662e-02 0.0000e+00 0.0000e+00 +5.7112e-06 0.03890 1.95826e-01 2.77310e-01 3.78347e-01 9.11144e-03
5.688131 6.79773736e-02 0.00000000e+00 6.79773736e-02 0.00000000e+00 1.61626102e+00 0.00000000e+00 1.29300882e-02 0.000000e+00 0.000000e+00 0.000000e+00 8.193914e+00 -2.440874e-02 0.0000e+00 0.0000e+00 +1.2707e-06 0.03904 1.93556e-01 2.74233e-01 3.74471e-01 8.97571e-03
5.738027 6.73195975e-02 0.00000000e+00 6.73195975e-02 0.00000000e+00 1.60176673e+00 0.00000000e+00 1.28141338e-02 0.000000e+00 0.000000e+00 0.000000e+00 8.152739e+00 -8.021603e-03 0.0000e+00 0.0000e+00 -2.5013e-06 0.03882 1.90844e-01 2.70769e-01 3.70297e-01 8.90811e-03
5.787922 6.66906394e-02 0.00000000e+00 6.66906394e-02 0.00000000e+00 1.58750086e+00 0.00000000e+00 1.27000069e-02 0.000000e+00 0.000000e+00 0.000000e+00 8.069423e+00 1.331940e-02 0.0000e+00 0.0000e+00 -1.1549e-06 0.03856 1.88214e-01 2.67422e-01 3.66321e-01 8.84579e-03
5.837818 6.60533182e-02 0.00000000e+00 6.60533182e-02 0.00000000e+00 1.57338676e+00 0.00000000e+00 1.25870941e-02 0.000000e+00 0.000000e+00 0.000000e+00 7.969479e+00 1.693442e-02 0.0000e+00 0.0000e+00 +3.7539e-06 0.03860 1.85621e-01 2.64152e-01 3.62478e-01 8.67988e-03
5.887714 6.54057253e-02 0.00000000e+00 6.54057253e-02 0.00000000e+00 1.56318542e+00 0.00000000e+00 1.25054834e-02 0.000000e+00 0.000000e+00 0.000000e+00 7.965296e+00 3.768229e-03 0.0000e+00 0.0000e+00 +6.0522e-06 0.03881 1.84995e-01 2.62676e-01 3.60168e-01 8.64426e-03
5.937610 6.48052196e-02 0.00000000e+00 6.48052196e-02 0.00000000e+00 1.55524188e+00 0.00000000e+00 1.24419351e-02 0.000000e+00 0.000000e+00 0.000000e+00 7.954274e+00 -5.805264e-03 0.0000e+00 0.0000e+00 +3.3349e-06 0.03893 1.85523e-01 2.62257e-01 3.58726e-01 8.69228e-03
5.987506 6.41871244e-02 0.00000000e+00 6.41871244e-02 0.00000000e+00 1.54053204e+00 0.00000000e+00 1.23242563e-02 0.000000e+00 0.000000e+00 0.000000e+00 7.825027e+00 4.090292e-04 0.0000e+00 0.0000e+00 -1.1818e-06 0.03886 1.82477e-01 2.58629e-01 3.54492e-01 8.45080e-03
6.037402 6.35667575e-02 0.00000000e+00 6.35667575e-02 0.00000000e+00 1.52451405e+00 0.00000000e+00 1.21961124e-02 0.000000e+00 0.000000e+00 0.000000e+00 7.702331e+00 2.036313e-02 0.0000e+00 0.0000e+00 -2.4997e-06 0.03869 1.78663e-01 2.54328e-01 3.49737e-01 8.33844e-03
6.087298 6.29705362e-02 0.00000000e+00 6.29705362e-02 0.00000000e+00 1.51233997e+00 0.00000000e+00 1.20987198e-02 0.000000e+00 0.000000e+00 0.000000e+00 7.673910e+00 3.329473e-02 0.0000e+00 0.0000e+00 +1.0861e-06 0.03856 1.76880e-01 2.51897e-01 3.46697e-01 8.29636e-03
6.137194 6.23473030e-02 0.00000000e+00 6.23473030e-02 0.00000000e+00 1.50237559e+00 0.00000000e+00 1.20190047e-02 0.000000e+00 0.000000e+00 0.000000e+00 7.660396e+00 2.532710e-02 0.0000e+00 0.0000e+00 +5.1028e-06 0.03857 1.76315e-01 2.50598e-01 3.44672e-01 8.23335e-03
6.187090 6.17509150e-02 0.00000000e+00 6.17509150e-02 0.00000000e+00 1.49331802e+00 0.00000000e+00 1.19465442e-02 0.000000e+00 0.000000e+00 0.000000e+00 7.596270e+00 1.026648e-02 0.0000e+00 0.0000e+00 +4.7688e-06 0.03870 1.76248e-01 2.49779e-01 3.43025e-01 8.21840e-03
6.236985 6.11739916e-02 0.00000000e+00 6.11739916e-02 0.00000000e+00 1.48031635e+00 0.00000000e+00 1.18425308e-02 0.000000e+00 0.000000e+00 0.000000e+00 7.484762e+00 7.483040e-03 0.0000e+00 0.0000e+00 +7.5741e-07 0.03875 1.73951e-01 2.46938e-01 3.39571e-01 8.02926e-03
6.286881 6.05730649e-02 0.00000000e+00 6.05730649e-02 0.00000000e+00 1.46629373e+00 0.00000000e+00 1.17303499e-02 0.000000e+00 0.000000e+00 0.000000e+00 7.404268e+00 2.038294e-02 0.0000e+00 0.0000e+00 -2.5177e-06 0.03858 1.71025e-01 2.43531e-01 3.35648e-01 7.90921e-03
6.336777 5.99967022e-02 0.00000000e+00 5.99967022e-02 0.00000000e+00 1.45449594e+00 0.00000000e+00 1.16359675e-02 0.000000e+00 0.000000e+00 0.000000e+00 7.352795e+00 3.533519e-02 0.0000e+00 0.0000e+00 -1.2040e-06 0.03835 1.69384e-01 2.41327e-01 3.32869e-01 7.90169e-03
6.386673 5.94126974e-02 0.00000000e+00 5.94126974e-02 0.00000000e+00 1.44281981e+00 0.00000000e+00 1.15425585e-02 0.000000e+00 0.000000e+00 0.000000e+00 7.270700e+00 3.474419e-02 0.0000e+00 0.0000e+00 +3.1729e-06 0.03826 1.67856e-01 2.39260e-01 3.30270e-01 7.79564e-03
6.436569 5.88219655e-02 0.00000000e+00 5.88219655e-02 0.00000000e+00 1.43195854e+00 0.00000000e+00 1.14556683e-02 0.000000e+00 0.000000e+00 0.000000e+00 7.208012e+00 1.995890e-02 0.0000e+00 0.0000e+00 +5.1452e-06 0.03832 1.66764e-01 2.37603e-01 3.28010e-01 7.71023e-03
6.486465 5.82698382e-02 0.00000000e+00 5.82698382e-02 0.00000000e+00 1.42272730e+00 0.00000000e+00 1.13818184e-02 0.000000e+00 0.000000e+00 0.000000e+00 7.173738e+00 7.754964e-03 0.0000e+00 0.0000e+00 +2.6338e-06 0.03834 1.66582e-01 2.36779e-01 3.26434e-01 7.72612e-03
6.536361 5.77031218e-02 0.00000000e+00 5.77031218e-02 0.00000000e+00 1.41093632e+00 0.00000000e+00 1.12874906e-02 0.000000e+00 0.000000e+00 0.000000e+00 7.091545e+00 9.490205e-03 0.0000e+00 0.0000e+00 -1.4147e-06 0.03819 1.64909e-01 2.34599e-01 3.23661e-01 7.59636e-03
6.586257 5.71361264e-02 0.00000000e+00 5.71361264e-02 0.00000000e+00 1.39707164e+00 0.00000000e+00 1.11765731e-02 0.000000e+00 0.000000e+00 0.000000e+00 6.959783e+00 2.230484e-02 0.0000e+00 0.0000e+00 -2.4783e-06 0.03798 1.62012e-01 2.31322e-01 3.19977e-01 7.47443e-03
6.636152 5.65882751e-02 0.00000000e+00 5.65882751e-02 0.00000000e+00 1.38447074e+00 0.00000000e+00 1.10757660e-02 0.000000e+00 0.000000e+00 0.000000e+00 6.868019e+00 2.888548e-02 0.0000e+00 0.0000e+00 +8.2379e-07 0.03781 1.59857e-01 2.28750e-01 3.16984e-01 7.38548e-03
6.686048 5.60198500e-02 0.00000000e+00 5.60198500e-02 0.00000000e+00 1.37430633e+00 0.00000000e+00 1.09944506e-02 0.000000e+00 0.000000e+00 0.000000e+00 6.854399e+00 1.696077e-02 0.0000e+00 0.0000e+00 +4.3512e-06 0.03773 1.59174e-01 2.27533e-01 3.15202e-01 7.33965e-03
6.735944 5.54752545e-02 0.00000000e+00 5.54752545e-02 0.00000000e+00 1.36633596e+00 0.00000000e+00 1.09306877e-02 0.000000e+00 0.000000e+00 0.000000e+00 6.825551e+00 -2.631129e-03 0.0000e+00 0.0000e+00 +3.9253e-06 0.03769 1.59830e-01 2.27551e-01 3.14472e-01 7.42805e-03
6.785840 5.49446092e-02 0.00000000e+00 5.49446092e-02 0.00000000e+00 1.35423366e+00 0.00000000e+00 1.08338693e-02 0.000000e+00 0.000000e+00 0.000000e+00 6.701003e+00 -1.101366e-02 0.0000e+00 0.0000e+00 +2.9933e-07 0.03759 1.57901e-01 2.25200e-01 3.11604e-01 7.22593e-03
6.835736 5.43961494e-02 0.00000000e+00 5.43961494e-02 0.00000000e+00 1.34040449e+00 0.00000000e+00 1.07232359e-02 0.000000e+00 0.000000e+00 0.000000e+00 6.574386e+00 -3.570949e-03 0.0000e+00 0.0000e+00 -2.5360e-06 0.03740 1.54811e-01 2.21786e-01 3.07807e-01 7.05455e-03
6.885632 5.38687764e-02 0.00000000e+00 5.38687764e-02 0.00000000e+00 1.32949746e+00 0.00000000e+00 1.06359797e-02 0.000000e+00 0.000000e+00 0.000000e+00 6.527853e+00 4.893520e-03 0.0000e+00 0.0000e+00 -1.2581e-06 0.03718 1.53538e-01 2.20053e-01 3.05565e-01 7.06530e-03
6.935528 5.33350280e-02 0.00000000e+00 5.33350280e-02 0.00000000e+00 1.31910643e+00 0.00000000e+00 1.05528514e-02 0.000000e+00 0.000000e+00 0.000000e+00 6.471531e+00 -2.261040e-03 0.0000e+00 0.0000e+00 +2.6405e-06 0.03702 1.52610e-01 2.18655e-01 3.03659e-01 6.99242e-03
6.985424 5.27967685e-02 0.00000000e+00 5.27967685e-02 0.00000000e+00 1.30883990e+00 0.00000000e+00 1.04707192e-02 0.000000e+00 0.000000e+00 0.000000e+00 6.391249e+00 -2.173290e-02 0.0000e+00 0.0000e+00 +4.3168e-06 0.03692 1.51696e-01 2.17276e-01 3.01738e-01 6.95333e-03
7.035320 5.22906239e-02 0.00000000e+00 5.22906239e-02 0.00000000e+00 1.29904525e+00 0.00000000e+00 1.03923620e-02 0.000000e+00 0.000000e+00 0.000000e+00 6.326739e+00 -3.766279e-02 0.0000e+00 0.0000e+00 +2.0012e-06 0.03684 1.50951e-01 2.16043e-01 2.99888e-01 6.94075e-03
7.085215 5.17726799e-02 0.00000000e+00 5.17726799e-02 0.00000000e+00 1.28823038e+00 0.00000000e+00 1.03058431e-02 0.000000e+00 0.000000e+00 0.000000e+00 6.256364e+00 -4.057463e-02 0.0000e+00 0.0000e+00 -1.6096e-06 0.03668 1.49440e-01 2.14091e-01 2.97376e-01 6.80576e-03
7.135111 5.12561356e-02 0.00000000e+00 5.12561356e-02 0.00000000e+00 1.27698062e+00 0.00000000e+00 1.02158449e-02 0.000000e+00 0.000000e+00 0.000000e+00 6.158217e+00 -3.377304e-02 0.0000e+00 0.0000e+00 -2.4613e-06 0.03646 1.47594e-01 2.11841e-01 2.94635e-01 6.71926e-03
7.185007 5.07533680e-02 0.00000000e+00 5.07533680e-02 0.00000000e+00 1.26604016e+00 0.00000000e+00 1.01283213e-02 0.000000e+00 0.000000e+00 0.000000e+00 6.054818e+00 -3.248015e-02 0.0000e+00 0.0000e+00 +5.5415e-07 0.03628 1.45884e-01 2.09734e-01 2.92063e-01 6.64286e-03
7.234903 5.02352689e-02 0.00000000e+00 5.02352689e-02 0.00000000e+00 1.25617644e+00 0.00000000e+00 1.00494115e-02 0.000000e+00 0.000000e+00 0.000000e+00 6.006757e+00 -4.747000e-02 0.0000e+00 0.0000e+00 +3.6587e-06 0.03615 1.44770e-01 2.08173e-01 2.89967e-01 6.59124e-03
7.284799 4.97379096e-02 0.00000000e+00 4.97379096e-02 0.00000000e+00 1.24869853e+00 0.00000000e+00 9.98958821e-03 0.000000e+00 0.000000e+00 0.000000e+00 5.995272e+00 -6.955858e-02 0.0000e+00 0.0000e+00 +3.1834e-06 0.03607 1.45145e-01 2.07979e-01 2.89042e-01 6.73133e-03
7.334695 4.92511933e-02 0.00000000e+00 4.92511933e-02 0.00000000e+00 1.23937093e+00 0.00000000e+00 9.91496745e-03 0.000000e+00 0.000000e+00 0.000000e+00 5.912811e+00 -8.112996e-02 0.0000e+00 0.0000e+00 -1.0900e-07 0.03596 1.44135e-01 2.06498e-01 2.86919e-01 6.60813e-03
7.384591 4.87497719e-02 0.00000000e+00 4.87497719e-02 0.00000000e+00 1.22789380e+00 0.00000000e+00 9.82315042e-03 0.000000e+00 0.000000e+00 0.000000e+00 5.785014e+00 -7.715185e-02 0.0000e+00 0.0000e+00 -2.5714e-06 0.03580 1.41501e-01 2.03511e-01 2.83446e-01 6.38414e-03
7.434487 4.82661288e-02 0.00000000e+00 4.82661288e-02 0.00000000e+00 1.21838286e+00 0.00000000e+00 9.74706287e-03 0.000000e+00 0.000000e+00 0.000000e+00 5.720149e+00 -7.143775e-02 0.0000e+00 0.0000e+00 -1.3195e-06 0.03565 1.40123e-01 2.01692e-01 2.81059e-01 6.35901e-03
7.484382 4.77765358e-02 0.00000000e+00 4.77765358e-02 0.00000000e+00 1.20993552e+00 0.00000000e+00 9.67948414e-03 0.000000e+00 0.000000e+00 0.000000e+00 5.696418e+00 -8.058849e-02 0.0000e+00 0.0000e+00 +2.1567e-06 0.03555 1.39423e-01 2.00507e-01 2.79263e-01 6.32629e-03
7.534278 4.72847053e-02 0.00000000e+00 4.72847053e-02 0.00000000e+00 1.20216337e+00 0.00000000e+00 9.61730699e-03 0.000000e+00 0.000000e+00 0.000000e+00 5.662358e+00 -1.020841e-01 0.0000e+00 0.0000e+00 +3.5584e-06 0.03549 1.39106e-01 1.99684e-01 2.77763e-01 6.41388e-03
7.584174 4.68178663e-02 0.00000000e+00 4.68178663e-02 0.00000000e+00 1.19367965e+00 0.00000000e+00 9.54943718e-03 0.000000e+00 0.000000e+00 0.000000e+00 5.694731e+00 -1.186531e-01 0.0000e+00 0.0000e+00 +1.4246e-06 0.03548 1.38130e-01 1.98242e-01 2.75655e-01 6.38467e-03
7.634070 4.63417540e-02 0.00000000e+00 4.63417540e-02 0.00000000e+00 1.18437317e+00 0.00000000e+00 9.47498534e-03 0.000000e+00 0.000000e+00 0.000000e+00 5.725867e+00 -1.213137e-01 0.0000e+00 0.0000e+00 -1.7766e-06 0.03542 1.36428e-01 1.96115e-01 2.72912e-01 6.19388e-03
7.683966 4.58675380e-02 0.00000000e+00 4.58675380e-02 0.00000000e+00 1.17609370e+00 0.00000000e+00 9.40874962e-03 0.000000e+00 0.000000e+00 0.000000e+00 5.758081e+00 -1.166599e-01 0.0000e+00 0.0000e+00 -2.4516e-06 0.03533 1.35443e-01 1.94659e-01 2.70814e-01 6.11707e-03
7.733862 4.54031369e-02 0.00000000e+00 4.54031369e-02 0.00000000e+00 1.16781896e+00 0.00000000e+00 9.34255172e-03 0.000000e+00 0.000000e+00 0.000000e+00 5.786306e+00 -1.183002e-01 0.0000e+00 0.0000e+00 +2.8514e-07 0.03528 1.34472e-01 1.93239e-01 2.68798e-01 6.06655e-03
7.783758 4.49258712e-02 0.00000000e+00 4.49258712e-02 0.00000000e+00 1.15932140e+00 0.00000000e+00 9.27457120e-03 0.000000e+00 0.000000e+00 0.000000e+00 5.819720e+00 -1.327720e-01 0.0000e+00 0.0000e+00 +3.0192e-06 0.03528 1.33288e-01 1.91636e-01 2.66621e-01 6.06609e-03
7.833654 4.44672247e-02 0.00000000e+00 4.44672247e-02 0.00000000e+00 1.15236109e+00 0.00000000e+00 9.21888869e-03 0.000000e+00 0.000000e+00 0.000000e+00 5.858326e+00 -1.522413e-01 0.0000e+00 0.0000e+00 +2.5173e-06 0.03531 1.33184e-01 1.91039e-01 2.65328e-01 6.22583e-03
7.883550 4.40167767e-02 0.00000000e+00 4.40167767e-02 0.00000000e+00 1.14499297e+00 0.00000000e+00 9.15994376e-03 0.000000e+00 0.000000e+00 0.000000e+00 5.894875e+00 -1.635732e-01 0.0000e+00 0.0000e+00 -4.7004e-07 0.03532 1.32768e-01 1.90148e-01 2.63760e-01 6.15814e-03
7.933445 4.35546078e-02 0.00000000e+00 4.35546078e-02 0.00000000e+00 1.13591923e+00 0.00000000e+00 9.08735387e-03 0.000000e+00 0.000000e+00 0.000000e+00 5.926563e+00 -1.612158e-01 0.0000e+00 0.0000e+00 -2.6118e-06 0.03530 1.31107e-01 1.88109e-01 2.61183e-01 5.90345e-03
7.983341 4.31061097e-02 0.00000000e+00 4.31061097e-02 0.00000000e+00 1.12748397e+00 0.00000000e+00 9.01987173e-03 0.000000e+00 0.000000e+00 0.000000e+00 5.966383e+00 -1.560112e-01 0.0000e+00 0.0000e+00 -1.3969e-06 0.03527 1.29995e-01 1.86605e-01 2.59158e-01 5.82926e-03
8.033237 4.26526819e-02 0.00000000e+00 4.26526819e-02 0.00000000e+00 1.11962100e+00 0.00000000e+00 8.95696797e-03 0.000000e+00 0.000000e+00 0.000000e+00 6.003954e+00 -1.644949e-01 0.0000e+00 0.0000e+00 +1.7067e-06 0.03527 1.29399e-01 1.85604e-01 2.57640e-01 5.84412e-03
8.083133 4.21991772e-02 0.00000000e+00 4.21991772e-02 0.00000000e+00 1.11256034e+00 0.00000000e+00 8.90048269e-03 0.000000e+00 0.000000e+00 0.000000e+00 6.038364e+00 -1.846043e-01 0.0000e+00 0.0000e+00 +2.8745e-06 0.03528 1.29509e-01 1.85281e-01 2.56752e-01 6.03792e-03
8.133029 4.17661565e-02 0.00000000e+00 4.17661565e-02 0.00000000e+00 1.10470279e+00 0.00000000e+00 8.83762232e-03 0.000000e+00 0.000000e+00 0.000000e+00 6.073560e+00 -1.995250e-01 0.0000e+00 0.0000e+00 +9.0425e-07 0.03529 1.29056e-01 1.84447e-01 2.55395e-01 6.03969e-03
8.182925 4.13255992e-02 0.00000000e+00 4.13255992e-02 0.00000000e+00 1.09540287e+00 0.00000000e+00 8.76322298e-03 0.000000e+00 0.000000e+00 0.000000e+00 6.114694e+00 -2.015222e-01 0.0000e+00 0.0000e+00 -1.9342e-06 0.03527 1.27528e-01 1.82612e-01 2.53149e-01 5.79506e-03
8.232821 4.08877949e-02 0.00000000e+00 4.08877949e-02 0.00000000e+00 1.08720311e+00 0.00000000e+00 8.69762485e-03 0.000000e+00 0.000000e+00 0.000000e+00 6.148436e+00 -1.982582e-01 0.0000e+00 0.0000e+00 -2.4505e-06 0.03522 1.27002e-01 1.81730e-01 2.51843e-01 5.67123e-03
8.282717 4.04575534e-02 0.00000000e+00 4.04575534e-02 0.00000000e+00 1.07919244e+00 0.00000000e+00 8.63353956e-03 0.000000e+00 0.000000e+00 0.000000e+00 6.175146e+00 -2.023463e-01 0.0000e+00 0.0000e+00 +3.2425e-08 0.03516 1.26805e-01 1.81189e-01 2.50929e-01 5.65414e-03
8.332613 4.00174627e-02 0.00000000e+00 4.00174627e-02 0.00000000e+00 1.07047162e+00 0.00000000e+00 8.56377299e-03 0.000000e+00 0.000000e+00 0.000000e+00 6.195912e+00 -2.172329e-01 0.0000e+00 0.0000e+00 +2.4264e-06 0.03510 1.26156e-01 1.80257e-01 2.49698e-01 5.74403e-03
8.382508 3.95941672e-02 0.00000000e+00 3.95941672e-02 0.00000000e+00 1.06227782e+00 0.00000000e+00 8.49822259e-03 0.000000e+00 0.000000e+00 0.000000e+00 6.216821e+00 -2.344532e-01 0.0000e+00 0.0000e+00 +1.9108e-06 0.03505 1.25991e-01 1.79795e-01 2.48899e-01 5.88690e-03
8.432404 3.91784963e-02 0.00000000e+00 3.91784963e-02 0.00000000e+00 1.05394930e+00 0.00000000e+00 8.43159439e-03 0.000000e+00 0.000000e+00 0.000000e+00 6.236788e+00 -2.452047e-01 0.0000e+00 0.0000e+00 -7.8496e-07 0.03499 1.25790e-01 1.79301e-01 2.48083e-01 5.81437e-03
8.482300 3.87546184e-02 0.00000000e+00 3.87546184e-02 0.00000000e+00 1.04485521e+00 0.00000000e+00 8.35884164e-03 0.000000e+00 0.000000e+00 0.000000e+00 6.248285e+00 -2.471951e-01 0.0000e+00 0.0000e+00 -2.6486e-06 0.03489 1.25086e-01 1.78348e-01 2.46904e-01 5.57754e-03
8.532196 3.83414888e-02 0.00000000e+00 3.83414888e-02 0.00000000e+00 1.03579838e+00 0.00000000e+00 8.28638706e-03 0.000000e+00 0.000000e+00 0.000000e+00 6.249204e+00 -2.469158e-01 0.0000e+00 0.0000e+00 -1.4885e-06 0.03478 1.24551e-01 1.77585e-01 2.45978e-01 5.46757e-03
8.582092 3.79244861e-02 0.00000000e+00 3.79244861e-02 0.00000000e+00 1.02676071e+00 0.00000000e+00 8.21408570e-03 0.000000e+00 0.000000e+00 0.000000e+00 6.245317e+00 -2.560761e-01 0.0000e+00 0.0000e+00 +1.2862e-06 0.03467 1.24118e-01 1.76945e-01 2.45223e-01 5.51721e-03
8.631988 3.75098974e-02 0.00000000e+00 3.75098974e-02 0.00000000e+00 1.01854012e+00 0.00000000e+00 8.14832093e-03 0.000000e+00 0.000000e+00 0.000000e+00 6.234034e+00 -2.754912e-01 0.0000e+00 0.0000e+00 +2.2633e-06 0.03457 1.24433e-01 1.77024e-01 2.45141e-01 5.73250e-03
8.681884 3.71133164e-02 0.00000000e+00 3.71133164e-02 0.00000000e+00 1.01021558e+00 0.00000000e+00 8.08172467e-03 0.000000e+00 0.000000e+00 0.000000e+00 6.218519e+00 -2.921822e-01 0.0000e+00 0.0000e+00 +4.3933e-07 0.03446 1.24702e-01 1.77070e-01 2.45029e-01 5.77660e-03
8.731780 3.67108854e-02 0.00000000e+00 3.67108854e-02 0.00000000e+00 1.00032561e+00 0.00000000e+00 8.00260486e-03 0.000000e+00 0.000000e+00 0.000000e+00 6.198064e+00 -2.969073e-01 0.0000e+00 0.0000e+00 -2.0808e-06 0.03432 1.23646e-01 1.75878e-01 2.43804e-01 5.52076e-03
8.781675 3.63117112e-02 0.00000000e+00 3.63117112e-02 0.00000000e+00 9.91016476e-01 0.00000000e+00 7.92813180e-03 0.000000e+00 0.000000e+00 0.000000e+00 6.171145e+00 -2.956331e-01 0.0000e+00 0.0000e+00 -2.4558e-06 0.03419 1.23138e-01 1.75212e-01 2.43124e-01 5.34998e-03
8.831571 3.59187315e-02 0.00000000e+00 3.59187315e-02 0.00000000e+00 9.82320207e-01 0.00000000e+00 7.85856165e-03 0.000000e+00 0.000000e+00 0.000000e+00 6.139477e+00 -3.019832e-01 0.0000e+00 0.0000e+00 -2.0203e-07 0.03404 1.23233e-01 1.75136e-01 2.43053e-01 5.35477e-03
8.881467 3.55190463e-02 0.00000000e+00 3.55190463e-02 0.00000000e+00 9.73549807e-01 0.00000000e+00 7.78839846e-03 0.000000e+00 0.000000e+00 0.000000e+00 6.101866e+00 -3.180499e-01 0.0000e+00 0.0000e+00 +1.8857e-06 0.03391 1.23294e-01 1.75050e-01 2.43002e-01 5.50430e-03
8.931363 3.51342986e-02 0.00000000e+00 3.51342986e-02 0.00000000e+00 9.64872774e-01 0.00000000e+00 7.71898219e-03 0.000000e+00 0.000000e+00 0.000000e+00 6.064466e+00 -3.330129e-01 0.0000e+00 0.0000e+00 +1.3633e-06 0.03379 1.23397e-01 1.75015e-01 2.42985e-01 5.61950e-03
8.981259 3.47564921e-02 0.00000000e+00 3.47564921e-02 0.00000000e+00 9.55737801e-01 0.00000000e+00 7.64590241e-03 0.000000e+00 0.000000e+00 0.000000e+00 6.024525e+00 -3.410297e-01 0.0000e+00 0.0000e+00 -1.0612e-06 0.03365 1.23019e-01 1.74523e-01 2.42544e-01 5.50984e-03
9.031155 3.43730828e-02 0.00000000e+00 3.43730828e-02 0.00000000e+00 9.46649007e-01 0.00000000e+00 7.57319206e-03 0.000000e+00 0.000000e+00 0.000000e+00 5.982417e+00 -3.436874e-01 0.0000e+00 0.0000e+00 -2.6780e-06 0.03350 1.22674e-01 1.74064e-01 2.42169e-01 5.30654e-03
9.081051 3.39985768e-02 0.00000000e+00 3.39985768e-02 0.00000000e+00 9.37776755e-01 0.00000000e+00 7.50221404e-03 0.000000e+00 0.000000e+00 0.000000e+00 5.936685e+00 -3.450846e-01 0.0000e+00 0.0000e+00 -1.5807e-06 0.03334 1.22552e-01 1.73835e-01 2.42071e-01 5.20382e-03
9.130947 3.36206434e-02 0.00000000e+00 3.36206434e-02 0.00000000e+00 9.28669381e-01 0.00000000e+00 7.42935505e-03 0.000000e+00 0.000000e+00 0.000000e+00 5.888187e+00 -3.518274e-01 0.0000e+00 0.0000e+00 +8.9686e-07 0.03321 1.22186e-01 1.73395e-01 2.41819e-01 5.25418e-03
9.180843 3.32464127e-02 0.00000000e+00 3.32464127e-02 0.00000000e+00 9.20393610e-01 0.00000000e+00 7.36314888e-03 0.000000e+00 0.000000e+00 0.000000e+00 5.840662e+00 -3.647196e-01 0.0000e+00 0.0000e+00 +1.7144e-06 0.03310 1.22531e-01 1.73628e-01 2.42176e-01 5.44456e-03
9.230738 3.28876996e-02 0.00000000e+00 3.28876996e-02 0.00000000e+00 9.12536542e-01 0.00000000e+00 7.30029234e-03 0.000000e+00 0.000000e+00 0.000000e+00 5.794083e+00 -3.763285e-01 0.0000e+00 0.0000e+00 +3.1755e-08 0.03299 1.23201e-01 1.74163e-01 2.42789e-01 5.50420e-03
9.280634 3.25246614e-02 0.00000000e+00 3.25246614e-02 0.00000000e+00 9.03313298e-01 0.00000000e+00 7.22650638e-03 0.000000e+00 0.000000e+00 0.000000e+00 5.747071e+00 -3.793634e-01 0.0000e+00 0.0000e+00 -2.2072e-06 0.03286 1.22507e-01 1.73416e-01 2.42235e-01 5.27567e-03
9.330530 3.21644409e-02 0.00000000e+00 3.21644409e-02 0.00000000e+00 8.94080291e-01 0.00000000e+00 7.15264233e-03 0.000000e+00 0.000000e+00 0.000000e+00 5.698946e+00 -3.755207e-01 0.0000e+00 0.0000e+00 -2.4685e-06 0.03272 1.21761e-01 1.72632e-01 2.41694e-01 5.08307e-03
9.380426 3.18091738e-02 0.00000000e+00 3.18091738e-02 0.00000000e+00 8.85641751e-01 0.00000000e+00 7.08513400e-03 0.000000e+00 0.000000e+00 0.000000e+00 5.650032e+00 -3.763333e-01 0.0000e+00 0.0000e+00 -4.1990e-07 0.03258 1.21768e-01 1.72567e-01 2.41864e-01 5.09104e-03
9.430322 3.14494247e-02 0.00000000e+00 3.14494247e-02 0.00000000e+00 8.77683334e-01 0.00000000e+00 7.02146667e-03 0.000000e+00 0.000000e+00 0.000000e+00 5.602232e+00 -3.863078e-01 0.0000e+00 0.0000e+00 +1.4020e-06 0.03249 1.22226e-01 1.72930e-01 2.42440e-01 5.25688e-03
9.480218 3.11027910e-02 0.00000000e+00 3.11027910e-02 0.00000000e+00 8.69917001e-01 0.00000000e+00 6.95933601e-03 0.000000e+00 0.000000e+00 0.000000e+00 5.555854e+00 -3.954029e-01 0.0000e+00 0.0000e+00 +8.7453e-07 0.03241 1.22817e-01 1.73422e-01 2.43108e-01 5.37488e-03
9.530114 3.07616387e-02 0.00000000e+00 3.07616387e-02 0.00000000e+00 8.61223873e-01 0.00000000e+00 6.88979098e-03 0.000000e+00 0.000000e+00 0.000000e+00 5.511134e+00 -3.964634e-01 0.0000e+00 0.0000e+00 -1.3065e-06 0.03232 1.22390e-01 1.72955e-01 2.42882e-01 5.24265e-03
9.580010 3.04167556e-02 0.00000000e+00 3.04167556e-02 0.00000000e+00 8.52411027e-01 0.00000000e+00 6.81928822e-03 0.000000e+00 0.000000e+00 0.000000e+00 5.466571e+00 -3.930102e-01 0.0000e+00 0.0000e+00 -2.6995e-06 0.03220 1.21796e-01 1.72335e-01 2.42542e-01 5.04149e-03
9.629905 3.00792983e-02 0.00000000e+00 3.00792983e-02 0.00000000e+00 8.44090058e-01 0.00000000e+00 6.75272046e-03 0.000000e+00 0.000000e+00 0.000000e+00 5.420745e+00 -3.910161e-01 0.0000e+00 0.0000e+00 -1.6648e-06 0.03207 1.21725e-01 1.72220e-01 2.42724e-01 4.96180e-03
9.679801 2.97390569e-02 0.00000000e+00 2.97390569e-02 0.00000000e+00 8.35805804e-01 0.00000000e+00 6.68644643e-03 0.000000e+00 0.000000e+00 0.000000e+00 5.374186e+00 -3.930513e-01 0.0000e+00 0.0000e+00 +5.3834e-07 0.03195 1.21707e-01 1.72166e-01 2.42998e-01 5.02813e-03
9.729697 2.94027521e-02 0.00000000e+00 2.94027521e-02 0.00000000e+00 8.28086295e-01 0.00000000e+00 6.62469036e-03 0.000000e+00 0.000000e+00 0.000000e+00 5.352415e+00 -3.968239e-01 0.0000e+00 0.0000e+00 +1.2195e-06 0.03186 1.22248e-01 1.72638e-01 2.43740e-01 5.18685e-03
9.779593 2.90796010e-02 0.00000000e+00 2.90796010e-02 0.00000000e+00 8.20537626e-01 0.00000000e+00 6.56430101e-03 0.000000e+00 0.000000e+00 0.000000e+00 5.384724e+00 -3.994365e-01 0.0000e+00 0.0000e+00 -3.2286e-07 0.03177 1.22922e-01 1.73235e-01 2.44568e-01 5.22200e-03
9.829489 2.87533429e-02 0.00000000e+00 2.87533429e-02 0.00000000e+00 8.12006321e-01 0.00000000e+00 6.49605056e-03 0.000000e+00 0.000000e+00 0.000000e+00 5.417397e+00 -3.982391e-01 0.0000e+00 0.0000e+00 -2.3121e-06 0.03164 1.22534e-01 1.72840e-01 2.44499e-01 5.03802e-03
9.879385 2.84298538e-02 0.00000000e+00 2.84298538e-02 0.00000000e+00 8.03157676e-01 0.00000000e+00 6.42526141e-03 0.000000e+00 0.000000e+00 0.000000e+00 5.442928e+00 -3.917075e-01 0.0000e+00 0.0000e+00 -2.4858e-06 0.03149 1.21818e-01 1.72156e-01 2.44217e-01 4.85581e-03
9.929281 2.81102826e-02 0.00000000e+00 2.81102826e-02 0.00000000e+00 7.94741977e-01 0.00000000e+00 6.35793582e-03 0.000000e+00 0.000000e+00 0.000000e+00 5.467233e+00 -3.865499e-01 0.0000e+00 0.0000e+00 -6.2336e-07 0.03135 1.21596e-01 1.71949e-01 2.44424e-01 4.84831e-03
9.979177 2.77879965e-02 0.00000000e+00 2.77879965e-02 0.00000000e+00 7.87145388e-01 0.00000000e+00 6.29716310e-03 0.000000e+00 0.000000e+00 0.000000e+00 5.485963e+00 -3.887890e-01 0.0000e+00 0.0000e+00 +9.6998e-07 0.03123 1.22300e-01 1.72611e-01 2.45437e-01 5.00732e-03
10.000121 2.76557765e-02 0.00000000e+00 2.76557765e-02 0.00000000e+00 7.84231877e-01 0.00000000e+00 6.27385502e-03 0.000000e+00 0.000000e+00 0.000000e+00 5.494965e+00 -3.906958e-01 0.0000e+00 0.0000e+00 +1.0244e-06 0.03118 1.22906e-01 1.73181e-01 2.46123e-01 5.08770e-03
