# tg_mhd (CUDA FP64)  tgc_noslip_cond_n256_re1000_drive0.1_bdrive0.4  N=256 L=256 Re=1000 Pm=1 u0=0.05 nu_lat=4.058451e-03 eta_lat=4.058451e-03 tau_f=0.512175 tau_m=0.516234 dt=6.159986e-04 fw=profile
# t E_V E_M E_T H_C Omega_V Omega_M eps EM/EV OmM/OmV j_max w_max skew divb/j divb_wall/j mass_drift umax_lat fw1 fw2 fw4 tau_wall
0.000000 1.23050532e-01 1.25000000e-01 2.48050532e-01 9.38100485e-21 3.56133291e+01 1.49969646e+00 7.42260512e-02 1.015843e+00 4.211054e-02 3.463620e+00 1.217420e+02 9.714621e-21 3.3668e-15 5.1489e-15 +0.0000e+00 0.04999 9.51523e-01 9.53570e-01 9.57722e-01 5.95183e-02
0.250095 1.19637907e-01 1.55338761e-01 2.74976668e-01 5.35229266e-05 8.02674801e+00 2.23281046e+00 2.05191169e-02 1.298408e+00 2.781712e-01 6.416276e+00 4.330363e+01 9.295300e-02 1.2758e-03 4.6640e-03 -7.0987e-06 0.05262 7.06862e-01 7.65905e-01 7.81890e-01 1.74509e-02
0.500191 1.20689573e-01 1.87154304e-01 3.07843877e-01 3.54992082e-04 6.41957740e+00 3.31919645e+00 1.94775477e-02 1.550708e+00 5.170428e-01 8.235629e+00 3.579300e+01 1.524444e-01 1.5021e-03 5.5522e-03 -1.5924e-05 0.05430 5.16306e-01 6.23408e-01 6.49376e-01 1.34159e-02
0.750286 1.23980762e-01 2.16671806e-01 3.40652567e-01 1.05337567e-03 6.36820946e+00 4.75324814e+00 2.22429152e-02 1.747624e+00 7.464026e-01 9.749081e+00 3.586071e+01 2.784820e-01 1.6042e-03 6.1673e-03 -1.8820e-05 0.05916 3.82991e-01 4.98544e-01 5.37371e-01 1.18740e-02
1.000382 1.30261386e-01 2.40511122e-01 3.70772507e-01 2.61739379e-03 7.34186141e+00 6.86827585e+00 2.84202745e-02 1.846373e+00 9.354952e-01 1.200128e+01 4.197833e+01 3.803907e-01 2.0441e-03 6.8805e-03 -1.3691e-05 0.06506 2.84332e-01 3.92409e-01 4.46900e-01 1.14533e-02
1.250477 1.39740404e-01 2.56420061e-01 3.96160465e-01 5.42347030e-03 9.77815428e+00 1.04155331e+01 4.03873747e-02 1.834974e+00 1.065184e+00 2.205342e+01 5.689901e+01 4.013792e-01 3.5085e-03 8.1136e-03 -6.6381e-06 0.06835 2.15438e-01 3.08071e-01 3.76669e-01 1.15887e-02
1.500572 1.47717711e-01 2.67199294e-01 4.14917005e-01 9.44358792e-03 1.29380591e+01 1.74518873e+01 6.07798927e-02 1.808851e+00 1.348880e+00 4.564429e+01 6.485920e+01 4.779692e-01 8.4852e-03 1.1305e-02 -5.1439e-06 0.06296 1.50962e-01 2.28396e-01 2.95317e-01 1.20324e-02
1.750668 1.51642976e-01 2.74345955e-01 4.25988931e-01 1.47512715e-02 1.59480749e+01 2.72392953e+01 8.63747404e-02 1.809157e+00 1.707999e+00 6.943824e+01 6.556741e+01 2.761928e-01 1.3006e-02 1.4331e-02 -1.2882e-05 0.07659 1.03709e-01 1.69700e-01 2.32877e-01 1.17982e-02
2.000763 1.56105556e-01 2.72782578e-01 4.28888134e-01 2.19245135e-02 1.81111394e+01 3.41025397e+01 1.04427358e-01 1.747424e+00 1.882959e+00 7.650974e+01 7.020751e+01 2.561096e-01 1.4143e-02 1.5358e-02 -2.4409e-05 0.07425 9.26956e-02 1.49205e-01 2.50741e-01 1.16125e-02
2.250859 1.62678591e-01 2.62170090e-01 4.24848680e-01 3.05052123e-02 2.06963336e+01 3.61284165e+01 1.13649500e-01 1.611583e+00 1.745643e+00 6.983863e+01 6.509017e+01 2.684364e-01 1.4077e-02 1.5581e-02 -3.3953e-05 0.07170 9.59258e-02 1.60460e-01 2.79351e-01 1.24605e-02
2.500954 1.68005042e-01 2.48708501e-01 4.16713543e-01 3.92674927e-02 2.31033370e+01 3.57472736e+01 1.17701221e-01 1.480363e+00 1.547278e+00 6.426051e+01 6.251322e+01 2.170177e-01 1.1727e-02 2.0730e-02 -3.8705e-05 0.08176 1.11231e-01 1.80175e-01 2.96133e-01 1.35482e-02
2.751050 1.74284528e-01 2.31923897e-01 4.06208425e-01 4.82149196e-02 2.63816152e+01 3.42162263e+01 1.21195683e-01 1.330720e+00 1.296972e+00 6.544277e+01 7.921837e+01 2.803772e-01 1.1949e-02 1.8001e-02 -3.9777e-05 0.08548 1.18448e-01 1.76640e-01 3.11659e-01 1.49873e-02
3.001145 1.81183670e-01 2.12763081e-01 3.93946751e-01 5.79965082e-02 2.94953255e+01 3.41249453e+01 1.27240542e-01 1.174295e+00 1.156961e+00 7.109036e+01 7.610308e+01 2.092889e-01 1.3891e-02 2.0582e-02 -4.2402e-05 0.08929 1.16386e-01 1.83358e-01 3.14717e-01 1.63541e-02
3.251240 1.84636943e-01 1.95180644e-01 3.79817587e-01 6.83910969e-02 3.14985481e+01 3.59635236e+01 1.34924143e-01 1.057105e+00 1.141752e+00 5.829508e+01 7.488810e+01 7.690487e-02 1.5385e-02 2.2513e-02 -4.6923e-05 0.09436 1.18105e-01 2.00698e-01 3.08704e-01 1.69697e-02
3.501336 1.80805126e-01 1.82633452e-01 3.63438577e-01 7.87674891e-02 3.23699835e+01 3.78190035e+01 1.40377974e-01 1.010112e+00 1.168336e+00 5.977162e+01 7.213726e+01 1.970030e-01 1.7143e-02 2.1290e-02 -4.9253e-05 0.08993 1.27394e-01 1.94175e-01 2.84647e-01 1.68621e-02
3.751431 1.72259216e-01 1.73739068e-01 3.45998284e-01 8.91184962e-02 3.23735459e+01 3.73138413e+01 1.39374775e-01 1.008591e+00 1.152603e+00 5.005361e+01 6.691658e+01 2.890333e-01 1.7508e-02 2.0878e-02 -4.8734e-05 0.08634 1.08182e-01 1.63920e-01 2.59105e-01 1.63240e-02
4.001527 1.60435476e-01 1.67414186e-01 3.27849661e-01 9.89676828e-02 3.17735141e+01 3.83234611e+01 1.40193951e-01 1.043499e+00 1.206145e+00 5.128973e+01 7.156402e+01 2.994757e-01 1.6539e-02 2.4040e-02 -4.6828e-05 0.08349 9.87937e-02 1.51787e-01 2.45077e-01 1.54313e-02
4.251622 1.46220390e-01 1.62684925e-01 3.08905315e-01 1.07077951e-01 2.99567866e+01 3.94526759e+01 1.38818925e-01 1.112601e+00 1.316986e+00 5.239062e+01 6.771926e+01 3.042458e-01 1.5592e-02 2.2373e-02 -4.5455e-05 0.07937 8.61319e-02 1.39965e-01 2.29474e-01 1.42268e-02
4.501717 1.32695960e-01 1.58596081e-01 2.91292042e-01 1.12697739e-01 2.77331751e+01 3.84594477e+01 1.32385246e-01 1.195184e+00 1.386767e+00 5.696010e+01 4.832783e+01 2.699821e-01 1.5873e-02 2.3290e-02 -4.6122e-05 0.07574 7.24744e-02 1.22292e-01 2.05962e-01 1.25236e-02
4.751813 1.21785621e-01 1.54819241e-01 2.76604863e-01 1.16506117e-01 2.54670906e+01 3.55234341e+01 1.21981049e-01 1.271244e+00 1.394876e+00 5.516021e+01 4.304176e+01 2.016994e-01 1.5640e-02 2.3504e-02 -5.0164e-05 0.07459 5.79419e-02 1.04261e-01 1.82406e-01 1.05857e-02
5.001908 1.12872324e-01 1.52476669e-01 2.65348993e-01 1.19155923e-01 2.32527691e+01 3.35002334e+01 1.13506005e-01 1.350877e+00 1.440699e+00 5.229136e+01 3.909001e+01 1.178959e-01 1.5025e-02 2.1773e-02 -5.5368e-05 0.07540 5.29729e-02 9.73562e-02 1.68838e-01 9.62138e-03
5.252004 1.06682665e-01 1.50403230e-01 2.57085895e-01 1.20674061e-01 2.21476955e+01 3.00558329e+01 1.04407057e-01 1.409819e+00 1.357064e+00 5.693771e+01 3.917548e+01 1.363596e-01 1.4581e-02 2.0729e-02 -5.9314e-05 0.07620 5.54572e-02 9.51586e-02 1.62517e-01 9.53530e-03
5.502099 1.01434157e-01 1.50772464e-01 2.52206621e-01 1.21118030e-01 2.04124257e+01 2.61490635e+01 9.31229784e-02 1.486407e+00 1.281037e+00 4.947027e+01 3.679709e+01 1.492464e-01 1.3997e-02 2.0246e-02 -6.0992e-05 0.08058 5.85873e-02 9.43881e-02 1.58705e-01 9.47459e-03
5.752195 9.81570407e-02 1.53089687e-01 2.51246728e-01 1.20780220e-01 1.82617755e+01 2.27701119e+01 8.20637749e-02 1.559640e+00 1.246873e+00 3.747486e+01 3.338832e+01 1.770861e-01 1.3521e-02 1.9859e-02 -6.1049e-05 0.07698 6.12863e-02 9.58672e-02 1.62190e-01 9.36026e-03
6.002290 9.63863293e-02 1.57443070e-01 2.53829399e-01 1.20142104e-01 1.69197032e+01 2.05140573e+01 7.48675210e-02 1.633459e+00 1.212436e+00 3.431753e+01 3.414024e+01 2.316004e-01 1.2189e-02 2.0493e-02 -6.0897e-05 0.08388 6.48621e-02 1.02587e-01 1.72531e-01 9.20890e-03
6.252385 9.75766185e-02 1.61717499e-01 2.59294117e-01 1.19639991e-01 1.62063200e+01 1.90673239e+01 7.05472878e-02 1.657339e+00 1.176536e+00 3.318866e+01 3.767115e+01 1.752701e-01 1.0945e-02 2.0012e-02 -6.1221e-05 0.08614 6.89726e-02 1.11251e-01 1.83544e-01 9.09794e-03
6.502481 1.00139033e-01 1.67115346e-01 2.67254379e-01 1.19392392e-01 1.58727326e+01 1.86225913e+01 6.89906478e-02 1.668833e+00 1.173244e+00 3.864597e+01 3.558138e+01 1.518833e-01 1.0483e-02 2.0196e-02 -6.1416e-05 0.07935 7.05796e-02 1.15310e-01 1.87907e-01 8.90256e-03
6.752576 1.02141918e-01 1.75018123e-01 2.77160042e-01 1.19311183e-01 1.58985000e+01 1.83619330e+01 6.85208659e-02 1.713480e+00 1.154948e+00 3.535043e+01 3.472366e+01 1.874117e-01 1.0784e-02 2.0349e-02 -6.0579e-05 0.08110 6.69981e-02 1.09097e-01 1.82120e-01 8.69776e-03
7.002672 1.03536763e-01 1.84816545e-01 2.88353308e-01 1.19049372e-01 1.58034535e+01 1.85128608e+01 6.86326286e-02 1.785033e+00 1.171444e+00 3.843740e+01 3.657197e+01 1.392559e-01 1.0894e-02 2.1793e-02 -5.8684e-05 0.08700 6.50850e-02 1.08776e-01 1.82270e-01 8.69372e-03
7.252767 1.02953628e-01 1.96825609e-01 2.99779236e-01 1.18705754e-01 1.56387162e+01 1.92361047e+01 6.97496419e-02 1.911789e+00 1.230031e+00 4.239514e+01 3.763983e+01 8.599673e-02 1.1631e-02 2.6261e-02 -5.6703e-05 0.09128 6.53017e-02 1.11583e-01 1.87266e-01 8.83071e-03
7.502862 1.01663332e-01 2.09073819e-01 3.10737151e-01 1.18697929e-01 1.53578047e+01 2.01793285e+01 7.10742665e-02 2.056531e+00 1.313946e+00 3.859107e+01 3.441929e+01 6.307353e-02 1.1028e-02 2.7966e-02 -5.5719e-05 0.09975 6.71228e-02 1.12286e-01 1.89450e-01 9.09191e-03
7.752958 1.04015969e-01 2.17011584e-01 3.21027553e-01 1.19525819e-01 1.58567763e+01 2.10304489e+01 7.37744504e-02 2.086329e+00 1.326275e+00 3.833659e+01 4.026151e+01 1.163011e-01 1.0013e-02 2.2200e-02 -5.6024e-05 0.10553 6.98382e-02 1.11685e-01 1.88702e-01 9.31745e-03
8.003053 1.08104204e-01 2.22165766e-01 3.30269970e-01 1.20850573e-01 1.70315899e+01 2.27256328e+01 7.95144454e-02 2.055108e+00 1.334322e+00 4.388875e+01 4.800570e+01 -1.618441e-02 1.0113e-02 1.9778e-02 -5.7587e-05 0.10361 6.90854e-02 1.08640e-01 1.82343e-01 9.88817e-03
8.253149 1.11420927e-01 2.26873250e-01 3.38294178e-01 1.22006251e-01 1.79815618e+01 2.50137428e+01 8.59906091e-02 2.036182e+00 1.391077e+00 5.294724e+01 4.876504e+01 -5.898352e-02 1.1465e-02 1.8762e-02 -5.9456e-05 0.09619 6.39747e-02 1.01155e-01 1.71511e-01 9.87534e-03
8.503244 1.13246483e-01 2.31746396e-01 3.44992879e-01 1.22706593e-01 1.86318119e+01 2.71976455e+01 9.16589148e-02 2.046389e+00 1.459742e+00 5.693679e+01 4.288689e+01 7.015415e-02 1.2031e-02 1.7773e-02 -6.0692e-05 0.08707 5.97010e-02 9.39077e-02 1.69785e-01 9.65783e-03
8.753340 1.13938787e-01 2.36104237e-01 3.50043024e-01 1.22638483e-01 1.92167814e+01 2.90210390e+01 9.64756409e-02 2.072202e+00 1.510192e+00 7.312750e+01 3.781931e+01 3.719830e-02 1.3114e-02 1.9101e-02 -6.0977e-05 0.09102 5.55207e-02 9.33053e-02 1.64831e-01 9.44047e-03
9.003435 1.14122694e-01 2.39802904e-01 3.53925598e-01 1.21769050e-01 1.93273282e+01 2.96153663e+01 9.78853890e-02 2.101273e+00 1.532305e+00 6.034350e+01 4.197674e+01 6.511868e-02 1.3478e-02 1.8572e-02 -6.1128e-05 0.09884 5.60626e-02 9.26110e-02 1.65183e-01 9.30869e-03
9.253530 1.14596497e-01 2.42891434e-01 3.57487931e-01 1.20106773e-01 1.93404068e+01 2.97568607e+01 9.81945351e-02 2.119536e+00 1.538585e+00 7.127520e+01 4.480401e+01 9.663035e-02 1.2914e-02 1.7443e-02 -6.1765e-05 0.09543 5.79204e-02 9.21169e-02 1.62476e-01 9.78342e-03
9.503626 1.14439908e-01 2.46292617e-01 3.60732524e-01 1.17847798e-01 1.87050190e+01 2.98242701e+01 9.70585783e-02 2.152157e+00 1.594453e+00 7.616016e+01 3.930478e+01 1.530098e-01 1.3154e-02 1.6770e-02 -6.2740e-05 0.08827 5.68561e-02 8.92493e-02 1.55990e-01 9.85687e-03
9.753721 1.15644506e-01 2.48594897e-01 3.64239403e-01 1.14646547e-01 1.82192358e+01 2.81225187e+01 9.26835090e-02 2.149647e+00 1.543562e+00 7.667561e+01 3.410398e+01 1.124868e-01 1.3026e-02 1.7203e-02 -6.3208e-05 0.09032 5.70225e-02 8.99909e-02 1.54247e-01 9.68007e-03
10.003817 1.17495389e-01 2.51025159e-01 3.68520548e-01 1.10093729e-01 1.80633698e+01 2.62191000e+01 8.85649397e-02 2.136468e+00 1.451507e+00 6.370019e+01 4.217325e+01 1.149061e-01 1.2281e-02 1.9634e-02 -6.3026e-05 0.08826 6.02229e-02 9.50570e-02 1.56904e-01 9.90511e-03
10.253912 1.18655179e-01 2.54539292e-01 3.73194471e-01 1.04167630e-01 1.86371573e+01 2.62420159e+01 8.97583464e-02 2.145202e+00 1.408048e+00 5.335093e+01 4.634770e+01 1.993693e-01 1.1088e-02 2.0028e-02 -6.2296e-05 0.08418 6.46255e-02 1.00592e-01 1.62566e-01 1.02315e-02
10.504007 1.19057805e-01 2.57768737e-01 3.76826542e-01 9.68567036e-02 1.97662618e+01 2.79042416e+01 9.53410068e-02 2.165072e+00 1.411711e+00 5.056774e+01 4.146916e+01 2.470307e-01 1.1718e-02 2.1451e-02 -6.1893e-05 0.07551 6.71328e-02 1.04226e-01 1.66687e-01 1.04740e-02
10.754103 1.18676694e-01 2.59488180e-01 3.78164874e-01 8.87129495e-02 2.08593523e+01 2.98076014e+01 1.01333907e-01 2.186513e+00 1.428980e+00 5.492775e+01 5.444002e+01 2.264406e-01 1.2970e-02 2.6905e-02 -6.2649e-05 0.07538 6.99759e-02 1.05674e-01 1.70509e-01 1.06973e-02
11.004198 1.19220049e-01 2.57922936e-01 3.77142984e-01 8.04922858e-02 2.16925781e+01 3.12391376e+01 1.05863431e-01 2.163419e+00 1.440084e+00 7.539867e+01 5.732591e+01 2.384263e-01 1.3768e-02 2.7732e-02 -6.3935e-05 0.08073 7.23653e-02 1.08846e-01 1.80201e-01 1.11150e-02
11.254294 1.19915426e-01 2.54193522e-01 3.74108949e-01 7.28136667e-02 2.22774487e+01 3.31262830e+01 1.10807464e-01 2.119773e+00 1.486987e+00 7.611609e+01 6.066006e+01 2.219921e-01 1.3652e-02 2.7951e-02 -6.5584e-05 0.08101 7.83295e-02 1.16825e-01 1.91833e-01 1.21873e-02
11.504389 1.21129063e-01 2.48647527e-01 3.69776591e-01 6.65940875e-02 2.25883086e+01 3.41705284e+01 1.13517674e-01 2.052749e+00 1.512753e+00 7.157553e+01 5.979210e+01 1.059269e-01 1.3969e-02 2.8923e-02 -6.7042e-05 0.07743 8.52628e-02 1.25396e-01 2.08964e-01 1.32747e-02
11.754485 1.22165423e-01 2.43427604e-01 3.65593027e-01 6.25602788e-02 2.22122712e+01 3.43475182e+01 1.13119579e-01 1.992606e+00 1.546331e+00 6.908213e+01 7.328759e+01 5.091443e-02 1.4486e-02 2.7898e-02 -6.8071e-05 0.07007 9.84643e-02 1.50545e-01 2.28430e-01 1.38882e-02
12.004580 1.22061350e-01 2.40447807e-01 3.62509157e-01 6.03722664e-02 2.23873276e+01 3.36566686e+01 1.12087992e-01 1.969893e+00 1.503380e+00 7.927350e+01 8.479091e+01 1.133367e-01 1.3274e-02 2.0513e-02 -6.7971e-05 0.06213 1.21967e-01 1.73394e-01 2.51497e-01 1.46274e-02
12.254675 1.19749712e-01 2.40833173e-01 3.60582885e-01 6.02138946e-02 2.20636511e+01 3.31132046e+01 1.10353711e-01 2.011138e+00 1.500803e+00 8.782233e+01 8.033974e+01 1.066690e-01 1.3641e-02 1.7982e-02 -6.8330e-05 0.06509 1.19841e-01 1.71063e-01 2.52703e-01 1.48826e-02
12.504771 1.14918492e-01 2.45495208e-01 3.60413700e-01 6.23662766e-02 2.08539945e+01 3.25049253e+01 1.06717840e-01 2.136255e+00 1.558691e+00 7.061882e+01 6.228944e+01 2.068107e-01 1.2414e-02 1.8621e-02 -6.9408e-05 0.06568 1.05071e-01 1.57192e-01 2.37954e-01 1.36091e-02
12.754866 1.09253065e-01 2.52400581e-01 3.61653646e-01 6.62982580e-02 2.03346165e+01 3.27032285e+01 1.06075690e-01 2.310238e+00 1.608254e+00 5.409668e+01 5.434347e+01 2.917822e-01 1.1751e-02 1.9269e-02 -6.9575e-05 0.06902 9.19194e-02 1.39550e-01 2.20274e-01 1.23470e-02
13.004962 1.03157056e-01 2.59976288e-01 3.63133344e-01 7.10191851e-02 2.04086491e+01 3.37511315e+01 1.08319561e-01 2.520199e+00 1.653766e+00 5.437180e+01 5.250128e+01 2.682045e-01 1.3056e-02 2.0107e-02 -6.9190e-05 0.07968 8.31541e-02 1.28740e-01 2.14527e-01 1.17951e-02
13.255057 9.73635747e-02 2.67222506e-01 3.64586081e-01 7.59085766e-02 2.04278147e+01 3.40254847e+01 1.08906599e-01 2.744584e+00 1.665645e+00 5.018981e+01 5.031970e+01 2.718603e-01 1.3324e-02 2.0286e-02 -6.8981e-05 0.07226 8.58236e-02 1.33733e-01 2.21231e-01 1.19922e-02
13.505152 9.37503073e-02 2.72988489e-01 3.66738797e-01 8.14275463e-02 2.03505732e+01 3.36254434e+01 1.07952033e-01 2.911868e+00 1.652309e+00 5.200609e+01 6.982890e+01 3.010059e-01 1.2746e-02 2.0041e-02 -6.9564e-05 0.06757 9.66124e-02 1.49473e-01 2.34978e-01 1.26143e-02
13.755248 9.31259884e-02 2.76543141e-01 3.69669129e-01 8.77846649e-02 2.05536437e+01 3.26842356e+01 1.06475758e-01 2.969559e+00 1.590192e+00 6.107804e+01 6.861223e+01 3.185073e-01 1.2326e-02 1.9277e-02 -7.0820e-05 0.06414 1.08621e-01 1.60695e-01 2.40671e-01 1.32484e-02
14.005343 9.38352498e-02 2.79925127e-01 3.73760377e-01 9.45092744e-02 2.05257842e+01 3.09602897e+01 1.02972148e-01 2.983155e+00 1.508361e+00 6.911104e+01 7.674642e+01 2.394265e-01 1.2280e-02 1.9145e-02 -7.2074e-05 0.06365 1.13417e-01 1.63080e-01 2.43799e-01 1.37251e-02
14.255439 9.44596969e-02 2.84619833e-01 3.79079530e-01 1.00971844e-01 2.01656873e+01 2.99754481e+01 1.00282271e-01 3.013135e+00 1.486458e+00 6.041566e+01 7.726507e+01 1.728371e-01 1.1959e-02 1.9127e-02 -7.3580e-05 0.06786 1.13364e-01 1.66585e-01 2.48603e-01 1.39001e-02
14.505534 9.52690680e-02 2.89498526e-01 3.84767594e-01 1.07105699e-01 1.91456579e+01 3.08023392e+01 9.98959942e-02 3.038746e+00 1.608842e+00 8.727171e+01 6.105053e+01 1.312679e-01 1.1793e-02 1.9253e-02 -7.5110e-05 0.07051 1.06410e-01 1.60773e-01 2.40435e-01 1.36906e-02
14.755629 9.92906817e-02 2.90589724e-01 3.89880406e-01 1.12652668e-01 1.86399048e+01 3.13484637e+01 9.99767370e-02 2.926657e+00 1.681793e+00 7.719089e+01 5.699958e+01 4.031452e-02 1.2806e-02 1.9399e-02 -7.6570e-05 0.07018 1.01012e-01 1.52076e-01 2.33501e-01 1.31761e-02
15.005725 1.06477033e-01 2.87544074e-01 3.94021107e-01 1.17520880e-01 1.84949980e+01 3.07139979e+01 9.84179918e-02 2.700527e+00 1.660665e+00 4.839217e+01 5.832355e+01 3.479723e-02 1.1865e-02 1.7814e-02 -7.7124e-05 0.07053 1.02500e-01 1.53347e-01 2.31353e-01 1.28221e-02
15.255820 1.14151235e-01 2.83024376e-01 3.97175611e-01 1.21783630e-01 1.84927103e+01 3.01145650e+01 9.72145506e-02 2.479381e+00 1.628456e+00 4.950771e+01 6.339669e+01 6.886165e-02 9.4702e-03 1.7940e-02 -7.6997e-05 0.07384 1.04316e-01 1.53939e-01 2.24349e-01 1.28292e-02
15.505916 1.20841054e-01 2.77834298e-01 3.98675352e-01 1.25210206e-01 1.92537298e+01 2.99410228e+01 9.83895051e-02 2.299171e+00 1.555077e+00 5.251290e+01 5.774071e+01 9.998941e-02 9.0111e-03 1.8754e-02 -7.6941e-05 0.06929 1.04861e-01 1.48990e-01 2.17696e-01 1.32732e-02
15.756011 1.24263456e-01 2.73710125e-01 3.97973582e-01 1.27567530e-01 2.04165861e+01 3.02322505e+01 1.01297673e-01 2.202660e+00 1.480769e+00 5.022670e+01 5.943377e+01 1.375264e-01 9.0459e-03 2.0441e-02 -7.7412e-05 0.06885 1.05821e-01 1.49965e-01 2.18643e-01 1.38836e-02
16.006107 1.24447551e-01 2.70616208e-01 3.95063759e-01 1.28701911e-01 2.14500694e+01 3.10808467e+01 1.05061832e-01 2.174540e+00 1.448986e+00 5.241116e+01 5.813088e+01 1.689010e-01 8.6855e-03 2.2095e-02 -7.8195e-05 0.07125 1.07275e-01 1.53263e-01 2.24301e-01 1.41180e-02
16.256202 1.22318156e-01 2.67779413e-01 3.90097569e-01 1.28532541e-01 2.18430022e+01 3.23730878e+01 1.08432180e-01 2.189204e+00 1.482081e+00 5.128416e+01 5.752553e+01 2.284590e-01 9.3136e-03 2.0246e-02 -7.9329e-05 0.07332 1.10518e-01 1.56646e-01 2.40231e-01 1.38368e-02
16.506297 1.19039632e-01 2.64442899e-01 3.83482531e-01 1.27261162e-01 2.15047697e+01 3.29266305e+01 1.08862800e-01 2.221469e+00 1.531132e+00 7.347314e+01 5.376262e+01 2.667627e-01 9.9960e-03 1.8055e-02 -8.1221e-05 0.07055 1.06036e-01 1.51790e-01 2.50188e-01 1.34008e-02
16.756393 1.15188140e-01 2.60838544e-01 3.76026683e-01 1.25569082e-01 2.11739796e+01 3.32593967e+01 1.08866753e-01 2.264457e+00 1.570767e+00 8.562587e+01 5.197475e+01 2.538801e-01 1.0688e-02 1.8050e-02 -8.4375e-05 0.06834 9.82796e-02 1.45357e-01 2.55624e-01 1.28274e-02
17.006488 1.10283298e-01 2.57748345e-01 3.68031643e-01 1.23681788e-01 2.09658629e+01 3.32370247e+01 1.08405775e-01 2.337148e+00 1.585292e+00 8.214071e+01 5.041113e+01 2.338763e-01 1.1108e-02 2.0871e-02 -8.7107e-05 0.06319 1.00713e-01 1.48466e-01 2.63422e-01 1.30615e-02
17.256584 1.06673964e-01 2.53478735e-01 3.60152699e-01 1.21401369e-01 2.08322293e+01 3.23170221e+01 1.06298503e-01 2.376201e+00 1.551299e+00 7.134186e+01 6.235260e+01 2.367435e-01 1.1888e-02 2.1795e-02 -8.8053e-05 0.06323 1.02044e-01 1.48512e-01 2.62408e-01 1.32790e-02
17.506679 1.04879364e-01 2.48038717e-01 3.52918081e-01 1.18602284e-01 2.02783218e+01 3.04281143e+01 1.01412872e-01 2.364991e+00 1.500524e+00 6.892939e+01 5.855605e+01 2.072317e-01 1.3028e-02 2.1374e-02 -8.8152e-05 0.06816 1.03858e-01 1.51593e-01 2.65432e-01 1.33705e-02
17.756774 1.02705908e-01 2.44193747e-01 3.46899654e-01 1.15634079e-01 1.93836726e+01 2.86950798e+01 9.61575048e-02 2.377602e+00 1.480374e+00 5.978886e+01 5.464673e+01 1.821779e-01 1.2359e-02 2.2190e-02 -8.8520e-05 0.06711 1.06204e-01 1.57117e-01 2.73122e-01 1.35296e-02
18.006870 9.98312861e-02 2.42112225e-01 3.41943511e-01 1.12568144e-01 1.84232458e+01 2.77131856e+01 9.22728628e-02 2.425214e+00 1.504251e+00 5.788948e+01 5.576808e+01 1.908571e-01 1.2556e-02 2.5215e-02 -8.9364e-05 0.07649 1.03449e-01 1.54894e-01 2.70624e-01 1.32873e-02
18.256965 9.75835054e-02 2.40587304e-01 3.38170809e-01 1.09048775e-01 1.77853428e+01 2.62931845e+01 8.81570545e-02 2.465451e+00 1.478363e+00 5.850476e+01 5.382635e+01 1.966580e-01 1.1854e-02 2.5590e-02 -8.9866e-05 0.06826 9.89258e-02 1.49165e-01 2.56434e-01 1.30908e-02
18.507061 9.55941238e-02 2.40198475e-01 3.35792599e-01 1.04556508e-01 1.70637553e+01 2.47717412e+01 8.36709931e-02 2.512691e+00 1.451717e+00 6.801321e+01 4.947489e+01 2.299091e-01 1.2216e-02 2.4833e-02 -9.0163e-05 0.06677 9.51822e-02 1.43435e-01 2.41876e-01 1.28391e-02
18.757156 9.38159192e-02 2.40898256e-01 3.34714176e-01 9.92494943e-02 1.62868266e+01 2.35013266e+01 7.95763064e-02 2.567776e+00 1.442965e+00 6.012620e+01 4.356650e+01 2.287030e-01 1.1402e-02 2.2538e-02 -9.0358e-05 0.06542 9.14951e-02 1.39126e-01 2.31688e-01 1.25075e-02
19.007252 9.22951645e-02 2.42327503e-01 3.34622668e-01 9.37881319e-02 1.56903913e+01 2.27208092e+01 7.68224011e-02 2.625571e+00 1.448072e+00 5.156198e+01 4.307824e+01 2.391663e-01 1.0248e-02 2.1286e-02 -9.0442e-05 0.06223 8.87774e-02 1.37459e-01 2.28835e-01 1.21258e-02
19.257347 9.09717028e-02 2.43994995e-01 3.34966698e-01 8.83890695e-02 1.53638010e+01 2.26283492e+01 7.59843003e-02 2.682098e+00 1.472835e+00 4.520334e+01 4.223914e+01 2.473079e-01 9.9783e-03 2.0765e-02 -9.0306e-05 0.05908 8.86791e-02 1.35619e-01 2.27275e-01 1.19873e-02
19.507442 9.03207599e-02 2.45099242e-01 3.35420002e-01 8.27742347e-02 1.50558360e+01 2.25814517e+01 7.52745754e-02 2.713653e+00 1.499847e+00 3.845767e+01 4.743444e+01 2.409812e-01 1.0422e-02 2.1996e-02 -8.9831e-05 0.05688 8.99037e-02 1.35434e-01 2.31827e-01 1.18721e-02
19.757538 9.12299471e-02 2.44959483e-01 3.36189430e-01 7.66699725e-02 1.46577646e+01 2.20450631e+01 7.34056555e-02 2.685078e+00 1.503985e+00 3.576105e+01 5.151233e+01 2.169370e-01 1.0317e-02 2.2301e-02 -8.9257e-05 0.05972 9.00682e-02 1.35277e-01 2.35467e-01 1.13993e-02
20.007633 9.39582295e-02 2.43769446e-01 3.37727676e-01 6.99026311e-02 1.44613155e+01 2.11687488e+01 7.12601286e-02 2.594445e+00 1.463819e+00 3.301105e+01 5.423965e+01 2.023595e-01 1.0184e-02 2.3024e-02 -8.8731e-05 0.06053 8.90285e-02 1.34822e-01 2.34072e-01 1.10428e-02
20.257729 9.80602072e-02 2.42175033e-01 3.40235241e-01 6.26768360e-02 1.45923190e+01 2.03380074e+01 6.98606528e-02 2.469657e+00 1.393747e+00 3.355775e+01 5.109976e+01 1.632068e-01 1.0007e-02 2.4488e-02 -8.8199e-05 0.06407 9.12334e-02 1.40221e-01 2.37864e-01 1.10726e-02
20.507824 1.02798775e-01 2.40867957e-01 3.43666732e-01 5.55307623e-02 1.48785975e+01 1.99850507e+01 6.97272965e-02 2.343101e+00 1.343208e+00 3.551663e+01 4.960865e+01 1.293644e-01 9.7776e-03 2.3865e-02 -8.7906e-05 0.06741 9.83970e-02 1.50530e-01 2.46857e-01 1.14239e-02
20.757919 1.08118915e-01 2.39860291e-01 3.47979206e-01 4.88066017e-02 1.54956363e+01 2.01231502e+01 7.12375729e-02 2.218486e+00 1.298633e+00 3.564009e+01 5.770164e+01 1.017426e-01 9.3332e-03 2.3150e-02 -8.7963e-05 0.06814 1.05858e-01 1.58653e-01 2.54899e-01 1.20190e-02
21.008015 1.14561642e-01 2.38473828e-01 3.53035470e-01 4.27764519e-02 1.65955317e+01 2.07112857e+01 7.46136349e-02 2.081620e+00 1.248004e+00 3.604485e+01 5.617083e+01 1.349599e-01 9.0853e-03 2.3833e-02 -8.8143e-05 0.06772 1.08267e-01 1.58939e-01 2.64087e-01 1.24781e-02
21.258110 1.20812182e-01 2.37835547e-01 3.58647728e-01 3.82640350e-02 1.79059641e+01 2.20435127e+01 7.98989536e-02 1.968639e+00 1.231071e+00 3.627413e+01 5.226825e+01 2.101818e-01 9.6540e-03 2.4317e-02 -8.8236e-05 0.07503 1.07957e-01 1.57579e-01 2.60991e-01 1.28687e-02
21.508206 1.24948717e-01 2.39394724e-01 3.64343440e-01 3.61197387e-02 1.96779971e+01 2.40777365e+01 8.75114671e-02 1.915944e+00 1.223587e+00 6.003623e+01 5.094484e+01 3.111702e-01 1.1078e-02 2.4278e-02 -8.8387e-05 0.08789 1.06005e-01 1.55941e-01 2.50156e-01 1.34349e-02
21.758301 1.23212727e-01 2.46298311e-01 3.69511038e-01 3.60711366e-02 2.10160154e+01 2.64048240e+01 9.48416787e-02 1.998968e+00 1.256414e+00 6.994750e+01 5.419562e+01 3.086132e-01 1.3761e-02 2.2794e-02 -8.9088e-05 0.07447 1.04463e-01 1.53513e-01 2.41949e-01 1.41021e-02
22.008397 1.19591213e-01 2.54896649e-01 3.74487862e-01 3.79098600e-02 2.10791992e+01 2.80376222e+01 9.82336428e-02 2.131399e+00 1.330109e+00 7.779888e+01 4.741154e+01 2.485133e-01 1.5260e-02 2.2051e-02 -9.0781e-05 0.07097 9.58919e-02 1.43437e-01 2.36259e-01 1.38016e-02
22.258492 1.17208316e-01 2.62878161e-01 3.80086477e-01 4.13779019e-02 2.08317449e+01 2.86923118e+01 9.90481135e-02 2.242829e+00 1.377336e+00 4.968409e+01 4.912448e+01 2.520620e-01 1.3606e-02 2.2741e-02 -9.2638e-05 0.07209 8.73846e-02 1.37586e-01 2.38935e-01 1.28245e-02
22.508587 1.17036592e-01 2.69507405e-01 3.86543997e-01 4.53056164e-02 2.06680734e+01 2.93293719e+01 9.99948906e-02 2.302762e+00 1.419067e+00 4.649610e+01 4.975901e+01 2.084276e-01 1.3423e-02 2.3309e-02 -9.4041e-05 0.07474 7.80025e-02 1.31333e-01 2.45088e-01 1.18868e-02
22.758683 1.17674645e-01 2.75790678e-01 3.93465323e-01 4.94064848e-02 2.03680515e+01 3.00171382e+01 1.00770379e-01 2.343671e+00 1.473736e+00 4.585661e+01 4.944961e+01 2.411460e-01 1.3225e-02 2.5421e-02 -9.4720e-05 0.07176 7.45849e-02 1.37505e-01 2.56979e-01 1.11804e-02
23.008778 1.17808900e-01 2.83370237e-01 4.01179137e-01 5.38749241e-02 2.00684528e+01 3.06204785e+01 1.01377863e-01 2.405338e+00 1.525802e+00 5.475179e+01 5.085571e+01 2.120978e-01 1.2545e-02 2.5153e-02 -9.4598e-05 0.07205 7.76611e-02 1.42164e-01 2.53611e-01 1.07278e-02
23.258874 1.17696598e-01 2.92260515e-01 4.09957112e-01 5.84223279e-02 2.00908300e+01 3.01501055e+01 1.00481871e-01 2.483169e+00 1.500690e+00 4.730330e+01 6.163601e+01 1.849074e-01 1.1591e-02 2.4113e-02 -9.3812e-05 0.08814 8.39336e-02 1.45070e-01 2.43716e-01 1.10702e-02
23.508969 1.16741764e-01 3.02422265e-01 4.19164029e-01 6.31123799e-02 2.06952062e+01 3.08312463e+01 1.03052905e-01 2.590523e+00 1.489777e+00 5.035720e+01 6.062266e+01 1.811314e-01 1.2319e-02 2.2451e-02 -9.3239e-05 0.08671 8.87803e-02 1.45446e-01 2.37581e-01 1.20073e-02
23.759064 1.17198127e-01 3.09509519e-01 4.26707646e-01 6.78027202e-02 2.23398394e+01 3.21130756e+01 1.08905830e-01 2.640908e+00 1.437480e+00 5.018092e+01 5.939750e+01 2.278651e-01 1.2388e-02 2.2031e-02 -9.3054e-05 0.07916 9.28404e-02 1.49828e-01 2.39173e-01 1.28591e-02
24.009160 1.19538294e-01 3.12119975e-01 4.31658269e-01 7.21488739e-02 2.41524491e+01 3.32581044e+01 1.14821107e-01 2.611046e+00 1.377008e+00 5.465268e+01 5.445208e+01 2.347812e-01 1.2157e-02 2.1977e-02 -9.2773e-05 0.07761 9.36501e-02 1.48844e-01 2.44795e-01 1.36008e-02
24.259255 1.19275195e-01 3.14673358e-01 4.33948553e-01 7.62509320e-02 2.54031724e+01 3.42317257e+01 1.19269796e-01 2.638213e+00 1.347537e+00 5.818479e+01 4.238985e+01 2.048699e-01 1.2967e-02 1.9988e-02 -9.2716e-05 0.07513 9.63699e-02 1.49142e-01 2.43116e-01 1.41585e-02
24.509351 1.15132310e-01 3.19405283e-01 4.34537593e-01 8.05553126e-02 2.54048456e+01 3.47139442e+01 1.20237580e-01 2.774245e+00 1.366430e+00 7.094033e+01 4.696078e+01 1.656449e-01 1.4398e-02 2.2534e-02 -9.4066e-05 0.07424 9.34624e-02 1.46542e-01 2.39515e-01 1.41876e-02
24.759446 1.08173535e-01 3.26212293e-01 4.34385828e-01 8.51017932e-02 2.44713495e+01 3.45587001e+01 1.18060099e-01 3.015639e+00 1.412211e+00 7.385878e+01 5.503096e+01 1.578520e-01 1.5701e-02 2.3361e-02 -9.5517e-05 0.07648 9.83023e-02 1.55159e-01 2.47921e-01 1.41350e-02
25.009542 1.00950282e-01 3.33570723e-01 4.34521005e-01 8.94050155e-02 2.37305467e+01 3.38326543e+01 1.15126402e-01 3.304307e+00 1.425701e+00 8.794955e+01 5.803285e+01 1.871927e-01 1.6280e-02 2.1596e-02 -9.6032e-05 0.07093 1.07116e-01 1.65294e-01 2.56627e-01 1.43642e-02
25.259637 9.49186357e-02 3.40918226e-01 4.35836861e-01 9.27983669e-02 2.34037607e+01 3.20181754e+01 1.10843872e-01 3.591689e+00 1.368078e+00 8.418660e+01 5.611817e+01 1.850524e-01 1.5836e-02 2.1468e-02 -9.6479e-05 0.06335 1.14840e-01 1.70726e-01 2.64159e-01 1.46831e-02
25.509732 8.88637743e-02 3.50142887e-01 4.39006661e-01 9.48238057e-02 2.26438877e+01 3.07631761e+01 1.06814128e-01 3.940221e+00 1.358564e+00 7.671806e+01 6.880111e+01 1.614663e-01 1.3472e-02 2.2171e-02 -9.7332e-05 0.06082 1.19793e-01 1.73568e-01 2.68749e-01 1.49092e-02
25.759828 8.27319002e-02 3.60963948e-01 4.43695848e-01 9.57155047e-02 2.14588229e+01 2.99793669e+01 1.02876380e-01 4.363056e+00 1.397065e+00 6.505616e+01 6.360864e+01 1.448364e-01 1.3070e-02 2.3366e-02 -9.8564e-05 0.05912 1.16257e-01 1.69491e-01 2.64036e-01 1.44428e-02
26.009923 7.76767730e-02 3.72120340e-01 4.49797113e-01 9.56682447e-02 2.01232833e+01 2.88359955e+01 9.79185577e-02 4.790626e+00 1.432967e+00 5.982123e+01 6.178537e+01 1.585960e-01 1.2495e-02 2.3478e-02 -9.9871e-05 0.05480 1.06980e-01 1.57770e-01 2.50070e-01 1.36319e-02
26.260019 7.28640340e-02 3.84253993e-01 4.57118027e-01 9.49150102e-02 1.88499933e+01 2.83754774e+01 9.44509414e-02 5.273576e+00 1.505331e+00 6.692026e+01 5.384252e+01 1.640854e-01 1.2384e-02 2.0997e-02 -1.0147e-04 0.05352 9.18239e-02 1.39337e-01 2.31168e-01 1.27688e-02
26.510114 6.77071736e-02 3.97691028e-01 4.65398202e-01 9.40839116e-02 1.78029103e+01 2.81448252e+01 9.18954710e-02 5.873691e+00 1.580911e+00 5.304116e+01 5.013533e+01 1.418036e-01 1.2125e-02 1.9882e-02 -1.0328e-04 0.05435 7.97005e-02 1.24722e-01 2.09506e-01 1.18566e-02
26.760209 6.18714712e-02 4.13111795e-01 4.74983266e-01 9.38194404e-02 1.65652488e+01 2.81818522e+01 8.94942021e-02 6.676935e+00 1.701263e+00 4.756002e+01 5.197377e+01 1.115402e-01 1.1646e-02 1.8447e-02 -1.0455e-04 0.05638 7.39302e-02 1.14584e-01 1.90261e-01 1.10247e-02
27.010305 5.66906451e-02 4.29520391e-01 4.86211036e-01 9.44666689e-02 1.51948390e+01 2.78749227e+01 8.61395233e-02 7.576566e+00 1.834499e+00 4.468972e+01 5.711793e+01 7.261542e-02 1.1387e-02 1.6611e-02 -1.0510e-04 0.05482 6.71522e-02 1.01050e-01 1.72462e-01 9.96820e-03
27.260400 5.36027446e-02 4.45828820e-01 4.99431564e-01 9.56143757e-02 1.41321258e+01 2.68412065e+01 8.19466646e-02 8.317276e+00 1.899304e+00 4.286947e+01 5.654703e+01 7.186699e-02 1.1084e-02 1.6591e-02 -1.0560e-04 0.05460 5.64563e-02 8.67789e-02 1.55508e-01 8.94399e-03
27.510496 5.30465415e-02 4.61325220e-01 5.14371761e-01 9.68027061e-02 1.33544318e+01 2.62234624e+01 7.91557883e-02 8.696613e+00 1.963652e+00 4.954739e+01 5.021247e+01 1.062510e-01 1.0650e-02 1.7899e-02 -1.0646e-04 0.05419 4.56437e-02 7.49253e-02 1.40423e-01 8.08592e-03
27.760591 5.40457503e-02 4.75956700e-01 5.30002450e-01 9.79479611e-02 1.26519230e+01 2.64581464e+01 7.82201388e-02 8.806552e+00 2.091235e+00 5.491446e+01 3.549154e+01 1.188290e-01 1.0736e-02 1.8166e-02 -1.0742e-04 0.05712 3.76693e-02 6.57150e-02 1.28452e-01 7.57077e-03
28.010686 5.55226274e-02 4.89937659e-01 5.45460286e-01 9.90863014e-02 1.20404308e+01 2.69513472e+01 7.79835559e-02 8.824108e+00 2.238404e+00 5.381705e+01 2.703839e+01 1.050452e-01 1.0870e-02 1.7859e-02 -1.0820e-04 0.05901 3.27577e-02 5.96118e-02 1.21582e-01 7.28399e-03
28.260782 5.76055988e-02 5.02657117e-01 5.60262716e-01 1.00241046e-01 1.17601680e+01 2.73748321e+01 7.82700002e-02 8.725838e+00 2.327759e+00 5.495514e+01 2.568879e+01 1.096701e-01 1.0490e-02 1.7741e-02 -1.0877e-04 0.06128 3.05255e-02 5.55910e-02 1.17794e-01 7.20292e-03
28.510877 5.99264044e-02 5.13910539e-01 5.73836943e-01 1.01409057e-01 1.18153102e+01 2.78432694e+01 7.93171592e-02 8.575695e+00 2.356542e+00 5.433244e+01 2.669877e+01 9.996594e-02 9.9413e-03 1.7619e-02 -1.0919e-04 0.06409 3.01741e-02 5.30608e-02 1.14388e-01 7.27274e-03
28.760973 6.22961616e-02 5.23278891e-01 5.85575052e-01 1.02343432e-01 1.21747362e+01 2.84477126e+01 8.12448976e-02 8.399858e+00 2.336618e+00 5.249661e+01 3.112898e+01 8.014849e-02 9.6134e-03 1.8324e-02 -1.0955e-04 0.06853 3.09375e-02 5.21347e-02 1.12941e-01 7.49254e-03
29.011068 6.43078228e-02 5.30457276e-01 5.94765099e-01 1.02707375e-01 1.27029446e+01 2.95765724e+01 8.45590340e-02 8.248721e+00 2.328324e+00 5.322850e+01 3.029258e+01 1.156096e-01 9.5593e-03 1.9079e-02 -1.0999e-04 0.07037 3.22052e-02 5.36519e-02 1.14502e-01 7.80167e-03
29.261164 6.55105823e-02 5.35264578e-01 6.00775160e-01 1.02442268e-01 1.32594752e+01 3.09807427e+01 8.84804356e-02 8.170658e+00 2.336498e+00 5.949571e+01 3.182887e+01 1.960494e-01 1.0065e-02 1.9199e-02 -1.1057e-04 0.06645 3.37248e-02 5.64788e-02 1.17167e-01 8.03452e-03
29.511259 6.59223255e-02 5.37667239e-01 6.03589564e-01 1.01814619e-01 1.37403332e+01 3.19495333e+01 9.13797330e-02 8.156072e+00 2.325237e+00 6.347759e+01 3.206804e+01 2.095830e-01 1.8814e-02 1.9272e-02 -1.1130e-04 0.06188 3.50235e-02 5.86828e-02 1.18099e-01 8.16075e-03
# DIVERGED at t = 29.761354
