# tg_mhd (CUDA FP64)  tgi_noslip_pv_n384_re1000  N=384 L=384 Re=1000 Pm=1 u0=0.05 nu_lat=6.095634e-03 eta_lat=6.095634e-03 tau_f=0.518287 tau_m=0.524383 dt=4.101296e-04 fw=profile
# t E_V E_M E_T H_C Omega_V Omega_M eps EM/EV OmM/OmV j_max w_max skew divb/j divb_wall/j mass_drift umax_lat fw1 fw2 fw4 tau_wall
0.000000 1.23697926e-01 1.25000000e-01 2.48697926e-01 -3.40941376e-22 5.34487759e+01 3.74991590e-01 1.07647535e-01 1.010526e+00 7.015906e-03 1.732017e+00 1.828613e+02 5.572995e-19 7.5016e-15 3.7372e-15 +0.0000e+00 0.05000 9.86896e-01 9.87704e-01 9.89250e-01 8.98305e-02
0.100072 1.14398661e-01 1.26566046e-01 2.40964707e-01 7.74456862e-03 2.01561279e+01 7.95611285e+00 5.62244815e-02 1.106360e+00 3.947243e-01 7.445282e+01 1.270784e+02 3.050388e-01 2.0199e-03 2.1055e-03 +1.9472e-05 0.05033 9.19901e-01 9.60267e-01 9.79380e-01 4.99994e-02
0.200143 1.06779005e-01 1.29060005e-01 2.35839010e-01 1.92747217e-02 1.84955401e+01 8.16177831e+00 5.33146368e-02 1.208665e+00 4.412836e-01 7.382097e+01 1.258385e+02 3.664975e-02 2.0329e-03 2.0733e-03 +1.2016e-05 0.04973 9.09835e-01 9.37595e-01 9.67310e-01 4.83751e-02
0.300215 9.89566638e-02 1.31463398e-01 2.30420062e-01 2.41399197e-02 1.76613280e+01 8.16514921e+00 5.16529545e-02 1.328495e+00 4.623180e-01 7.313467e+01 1.245304e+02 5.415076e-01 2.1130e-03 2.1268e-03 +1.5450e-06 0.04983 9.10911e-01 9.30055e-01 9.56208e-01 4.75189e-02
0.400286 9.09936037e-02 1.33298267e-01 2.24291871e-01 3.06040000e-02 1.72364505e+01 8.15950351e+00 5.07919081e-02 1.464919e+00 4.733865e-01 7.268301e+01 1.233148e+02 5.567283e-01 2.2811e-03 2.2775e-03 +2.1614e-05 0.04919 9.13833e-01 9.28124e-01 9.49223e-01 4.72680e-02
0.500358 8.40002357e-02 1.35696068e-01 2.19696304e-01 3.87367845e-02 1.67769434e+01 8.05064512e+00 4.96551771e-02 1.615425e+00 4.798636e-01 7.101927e+01 1.202042e+02 4.375717e-01 2.3506e-03 2.3544e-03 +4.2160e-06 0.04745 9.14862e-01 9.27030e-01 9.44651e-01 4.73161e-02
0.600430 7.68563715e-02 1.37730223e-01 2.14586594e-01 3.86576654e-02 1.64613241e+01 8.05151219e+00 4.90256726e-02 1.792047e+00 4.891169e-01 7.088817e+01 1.197643e+02 8.630367e-01 2.6584e-03 2.6232e-03 +6.7960e-06 0.04792 9.16051e-01 9.26372e-01 9.41923e-01 4.65848e-02
0.700501 6.95340982e-02 1.39350436e-01 2.08884534e-01 4.56275246e-02 1.60368991e+01 7.94613705e+00 4.79660723e-02 2.004059e+00 4.954909e-01 6.900406e+01 1.156033e+02 6.589121e-01 2.6995e-03 2.6745e-03 +1.9030e-05 0.04490 9.16182e-01 9.25311e-01 9.39165e-01 4.69175e-02
0.800573 6.29999467e-02 1.41572367e-01 2.04572313e-01 4.65521821e-02 1.56340049e+01 7.86511675e+00 4.69982432e-02 2.247182e+00 5.030775e-01 6.728544e+01 1.130556e+02 7.328692e-01 2.9120e-03 2.8877e-03 -7.7475e-07 0.04216 9.15025e-01 9.23995e-01 9.37121e-01 4.62782e-02
0.900645 5.64467026e-02 1.42992582e-01 1.99439285e-01 4.71188748e-02 1.54320367e+01 7.93631925e+00 4.67367119e-02 2.533232e+00 5.142756e-01 6.760583e+01 1.127669e+02 9.530291e-01 3.1182e-03 3.0826e-03 +1.2709e-05 0.03927 9.15264e-01 9.23428e-01 9.35931e-01 4.61994e-02
1.000716 5.02629201e-02 1.44397753e-01 1.94660673e-01 4.93278968e-02 1.49606189e+01 7.82493015e+00 4.55710980e-02 2.872848e+00 5.230352e-01 6.493381e+01 1.077684e+02 7.125151e-01 3.1918e-03 3.1779e-03 +1.3018e-05 0.03375 9.13480e-01 9.21634e-01 9.33987e-01 4.60618e-02
1.100788 4.46309501e-02 1.45519517e-01 1.90150468e-01 4.86386202e-02 1.47480987e+01 7.77635328e+00 4.50489039e-02 3.260507e+00 5.272784e-01 6.481745e+01 1.079401e+02 8.574585e-01 3.3455e-03 3.3419e-03 -1.7379e-06 0.03054 9.12418e-01 9.20801e-01 9.33426e-01 4.55808e-02
1.200859 3.97289718e-02 1.45435321e-01 1.85164293e-01 4.63996329e-02 1.46627367e+01 7.76882915e+00 4.48631317e-02 3.660687e+00 5.298349e-01 6.574810e+01 1.084619e+02 8.325247e-01 3.6075e-03 3.5759e-03 +1.6617e-05 0.02776 9.12190e-01 9.20470e-01 9.33666e-01 4.54347e-02
1.300931 3.58452796e-02 1.45097235e-01 1.80942515e-01 4.80871609e-02 1.42040532e+01 7.44723648e+00 4.33025795e-02 4.047876e+00 5.243036e-01 6.321334e+01 1.040584e+02 5.904779e-01 3.5670e-03 3.5581e-03 +5.9183e-06 0.02699 9.08980e-01 9.18211e-01 9.32404e-01 4.49816e-02
1.401003 3.22901939e-02 1.44192347e-01 1.76482541e-01 4.29247403e-02 1.43761418e+01 7.48580470e+00 4.37238931e-02 4.465515e+00 5.207103e-01 6.622641e+01 1.095043e+02 7.520323e-01 3.9382e-03 3.9096e-03 +1.6191e-06 0.02736 9.09657e-01 9.19412e-01 9.34603e-01 4.45649e-02
1.501074 2.90125404e-02 1.42639227e-01 1.71651768e-01 4.26342891e-02 1.40215482e+01 7.31837189e+00 4.26798402e-02 4.916468e+00 5.219375e-01 6.616093e+01 1.081120e+02 6.293428e-01 3.9858e-03 3.9619e-03 +1.6677e-05 0.02701 9.07954e-01 9.18516e-01 9.34693e-01 4.42406e-02
1.601146 2.63584633e-02 1.41294643e-01 1.67653106e-01 3.98449532e-02 1.36943953e+01 7.06757706e+00 4.15239448e-02 5.360504e+00 5.160927e-01 6.585164e+01 1.087762e+02 5.551524e-01 4.1554e-03 4.1428e-03 +3.5621e-07 0.02713 9.05720e-01 9.17575e-01 9.34902e-01 4.34537e-02
1.701218 2.38452524e-02 1.39496041e-01 1.63341294e-01 3.55609999e-02 1.37222232e+01 7.04949562e+00 4.15434377e-02 5.850055e+00 5.137284e-01 6.911059e+01 1.147613e+02 7.325180e-01 4.4604e-03 4.4460e-03 +6.8720e-06 0.02862 9.06805e-01 9.19122e-01 9.37038e-01 4.29222e-02
1.801289 2.13958553e-02 1.37542811e-01 1.58938666e-01 3.36853820e-02 1.29170559e+01 6.64981444e+00 3.91337407e-02 6.428479e+00 5.148088e-01 6.776621e+01 1.123657e+02 5.542769e-01 4.5775e-03 4.5700e-03 +1.3258e-05 0.02789 9.02665e-01 9.16191e-01 9.35440e-01 4.18487e-02
1.901361 1.92585748e-02 1.35911167e-01 1.55169742e-01 3.00826834e-02 1.23091058e+01 6.24088786e+00 3.70999874e-02 7.057177e+00 5.070139e-01 6.818631e+01 1.156541e+02 6.525420e-01 4.8861e-03 4.8990e-03 -2.3304e-06 0.02840 8.98784e-01 9.13779e-01 9.34241e-01 4.02324e-02
2.001432 1.74104771e-02 1.33815809e-01 1.51226286e-01 2.54207902e-02 1.14958018e+01 5.88758412e+00 3.47667719e-02 7.685936e+00 5.121508e-01 6.836849e+01 1.163383e+02 6.720941e-01 5.2529e-03 5.2736e-03 +1.1911e-05 0.02816 8.94312e-01 9.10321e-01 9.32120e-01 3.86843e-02
2.101504 1.58530868e-02 1.32054744e-01 1.47907831e-01 2.38812054e-02 9.95137567e+00 5.09870643e+00 3.01001642e-02 8.329907e+00 5.123620e-01 6.439037e+01 1.108164e+02 5.989577e-01 5.5569e-03 5.6396e-03 +7.9889e-06 0.02869 8.80576e-01 8.99254e-01 9.23779e-01 3.57006e-02
2.201576 1.44679950e-02 1.30435386e-01 1.44903381e-01 1.88888259e-02 8.79135510e+00 4.57445062e+00 2.67316115e-02 9.015443e+00 5.203351e-01 6.209654e+01 1.086831e+02 6.584392e-01 6.0778e-03 6.2529e-03 -8.5731e-07 0.02750 8.67854e-01 8.88649e-01 9.16271e-01 3.28790e-02
2.301647 1.33717357e-02 1.28623964e-01 1.41995700e-01 1.60628588e-02 7.46920181e+00 4.01581407e+00 2.29700318e-02 9.619093e+00 5.376497e-01 5.887546e+01 1.023878e+02 6.502070e-01 6.5800e-03 6.8823e-03 +1.4604e-05 0.02737 8.49053e-01 8.72887e-01 9.04625e-01 2.96716e-02
2.401719 1.26964869e-02 1.27257979e-01 1.39954466e-01 1.37826129e-02 6.26671500e+00 3.46293605e+00 1.94593021e-02 1.002309e+01 5.525919e-01 5.752209e+01 9.303473e+01 6.192496e-01 7.0181e-03 7.5685e-03 +3.1684e-06 0.02733 8.23418e-01 8.51775e-01 8.89112e-01 2.62562e-02
2.501790 1.21191094e-02 1.25889320e-01 1.38008430e-01 9.41012739e-03 5.44357863e+00 3.16758230e+00 1.72223219e-02 1.038767e+01 5.818934e-01 5.943426e+01 9.503170e+01 6.804288e-01 7.4036e-03 8.1540e-03 +3.6804e-06 0.02602 8.01424e-01 8.33659e-01 8.76330e-01 2.38743e-02
2.601862 1.16048956e-02 1.24397958e-01 1.36002853e-01 7.87841261e-03 4.70445649e+00 2.85207062e+00 1.51130542e-02 1.071944e+01 6.062487e-01 6.158450e+01 9.920106e+01 6.583922e-01 7.6161e-03 8.6686e-03 +1.4044e-05 0.02576 7.74977e-01 8.11776e-01 8.60382e-01 2.18679e-02
2.701934 1.13254366e-02 1.23398381e-01 1.34723818e-01 5.36926472e-03 4.14469783e+00 2.64050154e+00 1.35703988e-02 1.089568e+01 6.370794e-01 6.363486e+01 1.018092e+02 6.876689e-01 7.7605e-03 9.1336e-03 +1.1015e-08 0.02498 7.47865e-01 7.90422e-01 8.44924e-01 2.01386e-02
2.802005 1.11805579e-02 1.22071832e-01 1.33252390e-01 2.17801905e-03 3.72993772e+00 2.53002316e+00 1.25199218e-02 1.091822e+01 6.783017e-01 6.369062e+01 1.022850e+02 7.001067e-01 7.7653e-03 9.3511e-03 +8.9559e-06 0.02488 7.26328e-01 7.72566e-01 8.32208e-01 1.92575e-02
2.902077 1.09986981e-02 1.20933995e-01 1.31932693e-01 1.46479552e-03 3.49076704e+00 2.41010741e+00 1.18017489e-02 1.099530e+01 6.904234e-01 6.497433e+01 1.039097e+02 7.059215e-01 7.7917e-03 9.7070e-03 +1.0716e-05 0.02557 7.08437e-01 7.58660e-01 8.21343e-01 1.86420e-02
3.002149 1.08217242e-02 1.19990056e-01 1.30811781e-01 -1.09618578e-03 3.20912672e+00 2.36130958e+00 1.11408726e-02 1.108789e+01 7.358106e-01 6.399730e+01 1.028233e+02 7.250916e-01 7.7263e-03 9.8414e-03 -5.4545e-07 0.02485 6.88277e-01 7.42175e-01 8.09307e-01 1.78429e-02
3.102220 1.07482870e-02 1.18764274e-01 1.29512561e-01 -2.79165395e-03 3.07309488e+00 2.33822000e+00 1.08226297e-02 1.104960e+01 7.608681e-01 6.241145e+01 9.959077e+01 6.584583e-01 7.6652e-03 9.9274e-03 +1.2721e-05 0.02516 6.77390e-01 7.32895e-01 8.02084e-01 1.76906e-02
3.202292 1.07112140e-02 1.17805013e-01 1.28516227e-01 -3.25704017e-03 3.03526189e+00 2.32243984e+00 1.07154035e-02 1.099829e+01 7.651530e-01 6.090323e+01 9.802460e+01 7.156826e-01 7.6513e-03 1.0108e-02 +6.2285e-06 0.02651 6.71125e-01 7.27677e-01 7.97271e-01 1.75857e-02
3.302363 1.05749946e-02 1.16878995e-01 1.27453990e-01 -5.54945488e-03 2.88947658e+00 2.33355154e+00 1.04460562e-02 1.105239e+01 8.076035e-01 5.718959e+01 9.133678e+01 5.992242e-01 7.5436e-03 1.0065e-02 +1.8122e-06 0.02577 6.58501e-01 7.16394e-01 7.88839e-01 1.71325e-02
3.402435 1.04170345e-02 1.15716040e-01 1.26133075e-01 -5.85153759e-03 2.88614132e+00 2.34349750e+00 1.04592776e-02 1.110835e+01 8.119829e-01 5.399421e+01 8.684171e+01 5.995527e-01 7.5281e-03 1.0124e-02 +1.3608e-05 0.02632 6.56909e-01 7.13728e-01 7.85779e-01 1.73649e-02
3.502507 1.03356867e-02 1.14919878e-01 1.25255565e-01 -6.56978170e-03 2.89032677e+00 2.36827570e+00 1.05172049e-02 1.111875e+01 8.193799e-01 5.003942e+01 8.194760e+01 5.326234e-01 7.4337e-03 1.0071e-02 +2.3714e-06 0.02757 6.54284e-01 7.11185e-01 7.82714e-01 1.72566e-02
3.602578 1.02203517e-02 1.13922181e-01 1.24142533e-01 -8.01048304e-03 2.80513018e+00 2.38271120e+00 1.03756827e-02 1.114660e+01 8.494120e-01 4.673945e+01 7.839637e+01 4.471307e-01 7.4484e-03 1.0105e-02 +5.9024e-06 0.02598 6.47122e-01 7.03441e-01 7.76126e-01 1.70933e-02
3.702650 9.99707223e-03 1.12920229e-01 1.22917301e-01 -7.67977954e-03 2.88006360e+00 2.40613944e+00 1.05724061e-02 1.129533e+01 8.354466e-01 4.899019e+01 8.166945e+01 3.770619e-01 7.3902e-03 1.0023e-02 +1.1821e-05 0.02784 6.52312e-01 7.06787e-01 7.76846e-01 1.74803e-02
3.802722 9.77790405e-03 1.12178785e-01 1.21956689e-01 -8.37816016e-03 2.83060213e+00 2.41001585e+00 1.04812360e-02 1.147268e+01 8.514146e-01 4.852817e+01 7.851873e+01 3.254955e-01 7.4021e-03 1.0066e-02 +3.2024e-07 0.02709 6.46987e-01 7.01553e-01 7.71440e-01 1.72133e-02
3.902793 9.60431584e-03 1.11177014e-01 1.20781330e-01 -9.02921341e-03 2.81263394e+00 2.42494262e+00 1.04751531e-02 1.157573e+01 8.621608e-01 4.868171e+01 7.708540e+01 1.689016e-01 7.4481e-03 1.0042e-02 +9.9800e-06 0.02670 6.47396e-01 7.00338e-01 7.69203e-01 1.72384e-02
4.002865 9.36861993e-03 1.10344486e-01 1.19713106e-01 -8.34450225e-03 2.86112026e+00 2.41618378e+00 1.05546081e-02 1.177809e+01 8.444887e-01 4.929796e+01 7.679031e+01 1.768994e-01 7.4335e-03 1.0039e-02 +8.3227e-06 0.02758 6.51187e-01 7.02927e-01 7.68951e-01 1.75252e-02
4.102936 9.05144701e-03 1.09621642e-01 1.18673089e-01 -9.18631760e-03 2.78298317e+00 2.40819747e+00 1.03823613e-02 1.211095e+01 8.653295e-01 4.893641e+01 7.513697e+01 2.480247e-02 7.4378e-03 1.0014e-02 +8.7121e-07 0.02674 6.46496e-01 6.98020e-01 7.63902e-01 1.70907e-02
4.203008 8.75987500e-03 1.08681537e-01 1.17441412e-01 -8.75161849e-03 2.77308052e+00 2.38868450e+00 1.03235300e-02 1.240675e+01 8.613830e-01 4.811413e+01 7.407068e+01 -1.920466e-02 7.5273e-03 1.0094e-02 +1.2209e-05 0.02626 6.48579e-01 6.98600e-01 7.62589e-01 1.72078e-02
4.303080 8.49823753e-03 1.08005244e-01 1.16503481e-01 -8.45523851e-03 2.76838805e+00 2.36980563e+00 1.02763874e-02 1.270913e+01 8.560236e-01 4.873727e+01 7.615747e+01 -5.922207e-02 7.3376e-03 9.8648e-03 +4.6303e-06 0.02724 6.49978e-01 6.99664e-01 7.61531e-01 1.72053e-02
4.403151 8.17133779e-03 1.07291137e-01 1.15462475e-01 -8.84098778e-03 2.67915459e+00 2.33591884e+00 1.00301469e-02 1.313018e+01 8.718865e-01 4.658194e+01 7.279444e+01 -1.408831e-01 7.4401e-03 1.0006e-02 +3.6395e-06 0.02533 6.45509e-01 6.94985e-01 7.56722e-01 1.67663e-02
4.503223 7.79558696e-03 1.06457065e-01 1.14252651e-01 -8.07698507e-03 2.66170086e+00 2.30709329e+00 9.93758831e-03 1.365607e+01 8.667741e-01 4.647533e+01 7.412232e+01 -1.588079e-01 7.2946e-03 9.7996e-03 +1.2017e-05 0.02581 6.48000e-01 6.96383e-01 7.56279e-01 1.68856e-02
4.603295 7.46738632e-03 1.05921524e-01 1.13388910e-01 -7.86706235e-03 2.60182849e+00 2.26895995e+00 9.74157688e-03 1.418455e+01 8.720636e-01 4.487400e+01 7.230937e+01 -1.446256e-01 7.1405e-03 9.6774e-03 +1.8942e-06 0.02519 6.44858e-01 6.93980e-01 7.52952e-01 1.65575e-02
4.703366 7.15562801e-03 1.05183927e-01 1.12339555e-01 -8.00463559e-03 2.50978481e+00 2.23021185e+00 9.47999331e-03 1.469947e+01 8.886068e-01 4.289864e+01 6.964641e+01 -2.294625e-01 7.1543e-03 9.6839e-03 +7.4009e-06 0.02359 6.41285e-01 6.89831e-01 7.48935e-01 1.62222e-02
4.803438 6.78474669e-03 1.04532240e-01 1.11316987e-01 -6.99028836e-03 2.47984496e+00 2.18765118e+00 9.33499228e-03 1.540695e+01 8.821726e-01 4.174887e+01 6.877943e+01 -1.657164e-01 6.9026e-03 9.4198e-03 +9.7900e-06 0.02362 6.41976e-01 6.90380e-01 7.47847e-01 1.62545e-02
4.903509 6.40344179e-03 1.04033159e-01 1.10436600e-01 -7.09881361e-03 2.37215207e+00 2.14214411e+00 9.02859236e-03 1.624644e+01 9.030383e-01 3.989056e+01 6.561623e+01 -2.075552e-01 6.7482e-03 9.2872e-03 +1.0713e-06 0.02212 6.35424e-01 6.84605e-01 7.42536e-01 1.57426e-02
5.003581 6.07708614e-03 1.03348737e-01 1.09425824e-01 -6.65943384e-03 2.29191362e+00 2.09726986e+00 8.77836695e-03 1.700630e+01 9.150737e-01 4.002705e+01 6.230295e+01 -2.439335e-01 6.7152e-03 9.2600e-03 +1.0401e-05 0.02049 6.32815e-01 6.81681e-01 7.39506e-01 1.54857e-02
5.103653 5.75600200e-03 1.02823314e-01 1.08579316e-01 -5.93225390e-03 2.23805133e+00 2.05165056e+00 8.57940378e-03 1.786367e+01 9.167129e-01 3.808636e+01 6.081801e+01 -1.998427e-01 6.3336e-03 8.8368e-03 +6.6591e-06 0.02026 6.31707e-01 6.80922e-01 7.37881e-01 1.54756e-02
5.203724 5.39149354e-03 1.02360321e-01 1.07751814e-01 -6.04090682e-03 2.12230155e+00 2.00307131e+00 8.25074574e-03 1.898552e+01 9.438203e-01 3.796957e+01 5.781051e+01 -2.769372e-01 6.2993e-03 8.8571e-03 +2.4110e-06 0.01802 6.24382e-01 6.74613e-01 7.32676e-01 1.48531e-02
5.303796 5.04274421e-03 1.01712835e-01 1.06755579e-01 -5.24653419e-03 2.05096110e+00 1.95563754e+00 8.01319729e-03 2.017014e+01 9.535225e-01 3.680585e+01 5.543391e+01 -2.781690e-01 6.1073e-03 8.6197e-03 +1.1499e-05 0.01699 6.23268e-01 6.73042e-01 7.31080e-01 1.47991e-02
5.403867 4.75213823e-03 1.01328111e-01 1.06080249e-01 -4.84620567e-03 1.97248972e+00 1.90847083e+00 7.76192109e-03 2.132264e+01 9.675441e-01 3.494715e+01 5.450124e+01 -2.559159e-01 5.7738e-03 8.2660e-03 +3.7601e-06 0.01641 6.19322e-01 6.70647e-01 7.28665e-01 1.45643e-02
5.503939 4.45769028e-03 1.00813878e-01 1.05271569e-01 -4.79536335e-03 1.87078066e+00 1.85864777e+00 7.45885685e-03 2.261572e+01 9.935145e-01 3.468013e+01 5.229698e+01 -3.327084e-01 5.7861e-03 8.3178e-03 +5.3162e-06 0.01539 6.14387e-01 6.65866e-01 7.25312e-01 1.40734e-02
5.604011 4.13682819e-03 1.00285047e-01 1.04421875e-01 -3.94181583e-03 1.80078012e+00 1.80972410e+00 7.22100844e-03 2.424201e+01 1.004967e+00 3.279316e+01 5.273940e+01 -2.774346e-01 5.4826e-03 7.9363e-03 +1.0558e-05 0.01503 6.13072e-01 6.65050e-01 7.24445e-01 1.40584e-02
5.704082 3.85721402e-03 9.99285412e-02 1.03785755e-01 -3.72310611e-03 1.71856128e+00 1.75951706e+00 6.95615668e-03 2.590692e+01 1.023831e+00 3.139332e+01 5.208892e+01 -2.526010e-01 5.2918e-03 7.7645e-03 +2.0478e-06 0.01440 6.08954e-01 6.62356e-01 7.22609e-01 1.36901e-02
5.804154 3.62639915e-03 9.94087228e-02 1.03035122e-01 -3.52604301e-03 1.62360109e+00 1.71065023e+00 6.66850265e-03 2.741252e+01 1.053615e+00 3.092107e+01 4.955927e+01 -3.057944e-01 5.2756e-03 7.7389e-03 +8.4582e-06 0.01385 6.04788e-01 6.58658e-01 7.20500e-01 1.32766e-02
5.904226 3.38710936e-03 9.89594853e-02 1.02346595e-01 -2.67118894e-03 1.57402097e+00 1.65959052e+00 6.46722298e-03 2.921650e+01 1.054364e+00 2.908252e+01 5.131986e+01 -1.710764e-01 4.9557e-03 7.3535e-03 +8.2417e-06 0.01406 6.05566e-01 6.60049e-01 7.21777e-01 1.33276e-02
6.004297 3.14154823e-03 9.86148750e-02 1.01756423e-01 -2.76199234e-03 1.47579154e+00 1.60826482e+00 6.16811272e-03 3.139053e+01 1.089764e+00 2.783669e+01 4.848333e+01 -2.050020e-01 4.8783e-03 7.2984e-03 +2.1369e-06 0.01319 5.98548e-01 6.55072e-01 7.18872e-01 1.27481e-02
6.104369 2.94349633e-03 9.80788743e-02 1.01022371e-01 -2.11634807e-03 1.41269609e+00 1.55866987e+00 5.94273193e-03 3.332054e+01 1.103330e+00 2.720643e+01 4.799781e+01 -1.653331e-01 4.8245e-03 7.2231e-03 +1.0440e-05 0.01256 5.98310e-01 6.54697e-01 7.19560e-01 1.25711e-02
6.204440 2.78391435e-03 9.77245115e-02 1.00508426e-01 -1.72750724e-03 1.35131907e+00 1.50805269e+00 5.71874352e-03 3.510328e+01 1.115986e+00 2.736659e+01 4.820227e+01 -6.121062e-02 4.5003e-03 6.8132e-03 +5.5763e-06 0.01309 5.95864e-01 6.54221e-01 7.19672e-01 1.24208e-02
6.304512 2.61012731e-03 9.73316834e-02 9.99418107e-02 -1.65714904e-03 1.27961654e+00 1.45842293e+00 5.47607894e-03 3.729001e+01 1.139734e+00 2.599161e+01 4.579377e+01 -1.159354e-01 4.5642e-03 6.9526e-03 +3.9374e-06 0.01165 5.92056e-01 6.51442e-01 7.18940e-01 1.19406e-02
6.404584 2.44012980e-03 9.68412118e-02 9.92813416e-02 -1.03968590e-03 1.21861351e+00 1.41063166e+00 5.25849034e-03 3.968691e+01 1.157571e+00 2.552783e+01 4.529141e+01 -4.202500e-02 4.3664e-03 6.6513e-03 +1.0663e-05 0.01178 5.90548e-01 6.50620e-01 7.19212e-01 1.18168e-02
6.504655 2.31917643e-03 9.65345878e-02 9.88537642e-02 -7.71696750e-04 1.17184740e+00 1.36297299e+00 5.06964079e-03 4.162451e+01 1.163098e+00 2.581131e+01 4.542710e+01 3.206775e-02 4.1862e-03 6.4748e-03 +3.4425e-06 0.01153 5.88664e-01 6.50831e-01 7.20193e-01 1.15768e-02
6.604727 2.21678546e-03 9.61023752e-02 9.83191607e-02 -7.55432856e-04 1.10227376e+00 1.31994668e+00 4.84444088e-03 4.335213e+01 1.197476e+00 2.376865e+01 4.202684e+01 -7.077390e-02 4.2344e-03 6.5369e-03 +6.6859e-06 0.01087 5.84195e-01 6.47321e-01 7.19177e-01 1.11642e-02
6.704799 2.09656157e-03 9.56832586e-02 9.77798201e-02 -4.02795016e-05 1.06634429e+00 1.27509190e+00 4.68287239e-03 4.563818e+01 1.195760e+00 2.444709e+01 4.329408e+01 7.744843e-02 4.0029e-03 6.2388e-03 +9.2942e-06 0.01150 5.84875e-01 6.48831e-01 7.20987e-01 1.11223e-02
6.804870 1.99057672e-03 9.53898503e-02 9.73804270e-02 -1.48653681e-04 1.00628959e+00 1.23360652e+00 4.47979222e-03 4.792071e+01 1.225896e+00 2.320717e+01 4.081429e+01 3.735885e-02 3.9220e-03 6.1709e-03 +2.6040e-06 0.01123 5.78987e-01 6.45575e-01 7.19789e-01 1.07289e-02
6.904942 1.92267627e-03 9.49439843e-02 9.68666606e-02 2.14476867e-04 9.60352450e-01 1.19577043e+00 4.31224575e-03 4.938116e+01 1.245137e+00 2.223439e+01 3.928694e+01 6.207967e-03 3.9501e-03 6.2230e-03 +9.0812e-06 0.01115 5.77783e-01 6.44701e-01 7.20569e-01 1.04784e-02
7.005013 1.85956392e-03 9.45987299e-02 9.64582938e-02 5.38130535e-04 9.23056841e-01 1.15739141e+00 4.16089650e-03 5.087146e+01 1.253868e+00 2.231664e+01 3.937419e+01 1.270514e-01 3.7154e-03 5.9111e-03 +7.1231e-06 0.01143 5.76398e-01 6.45123e-01 7.21621e-01 1.03872e-02
7.105085 1.77927676e-03 9.42995833e-02 9.60788601e-02 4.73180213e-04 8.76341349e-01 1.12170544e+00 3.99609357e-03 5.299883e+01 1.279987e+00 2.103296e+01 3.683897e+01 4.410184e-02 3.7631e-03 6.0498e-03 +3.3151e-06 0.01130 5.71826e-01 6.42697e-01 7.21399e-01 1.00069e-02
7.205157 1.71607857e-03 9.38626024e-02 9.55786809e-02 8.67438343e-04 8.35297501e-01 1.09012887e+00 3.85085275e-03 5.469598e+01 1.305079e+00 2.004403e+01 3.540509e+01 6.794612e-02 3.7145e-03 5.9557e-03 +1.0206e-05 0.01121 5.70669e-01 6.41952e-01 7.22299e-01 9.85776e-03
7.305228 1.68265831e-03 9.35958870e-02 9.52785454e-02 9.83731959e-04 8.06464343e-01 1.05629710e+00 3.72552288e-03 5.562382e+01 1.309788e+00 2.026283e+01 3.539745e+01 1.645412e-01 3.5684e-03 5.8219e-03 +4.9450e-06 0.01162 5.68608e-01 6.42559e-01 7.23635e-01 9.69179e-03
7.405300 1.64045300e-03 9.32577912e-02 9.48982442e-02 8.92394610e-04 7.64415159e-01 1.02877133e+00 3.58637297e-03 5.684880e+01 1.345828e+00 1.841644e+01 3.204208e+01 4.177801e-02 3.6754e-03 5.9924e-03 +5.3114e-06 0.01120 5.64844e-01 6.40039e-01 7.23873e-01 9.39129e-03
7.505371 1.58391969e-03 9.28868820e-02 9.44708017e-02 1.32217477e-03 7.34521091e-01 9.99179238e-01 3.46740066e-03 5.864368e+01 1.360314e+00 1.858796e+01 3.191584e+01 1.520330e-01 3.5603e-03 5.8471e-03 +9.7880e-06 0.01150 5.63637e-01 6.39891e-01 7.24833e-01 9.27179e-03
7.605443 1.54858725e-03 9.26479912e-02 9.41965785e-02 1.17859719e-03 7.03258027e-01 9.72087829e-01 3.35069171e-03 5.982743e+01 1.382263e+00 1.851444e+01 3.031424e+01 1.610569e-01 3.5170e-03 5.8415e-03 +3.5299e-06 0.01168 5.59461e-01 6.38514e-01 7.25249e-01 9.04344e-03
7.705515 1.52878557e-03 9.23035194e-02 9.38323049e-02 1.24448920e-03 6.71267214e-01 9.49516522e-01 3.24156747e-03 6.037702e+01 1.414513e+00 1.823100e+01 3.000603e+01 9.321577e-02 3.5993e-03 5.9721e-03 +7.6597e-06 0.01190 5.56747e-01 6.36649e-01 7.25836e-01 8.80976e-03
7.805586 1.49369035e-03 9.19933700e-02 9.34870604e-02 1.47566354e-03 6.47816516e-01 9.24663846e-01 3.14496072e-03 6.158798e+01 1.427355e+00 1.819461e+01 2.865138e+01 2.193637e-01 3.4653e-03 5.8050e-03 +8.2658e-06 0.01229 5.54888e-01 6.36163e-01 7.26461e-01 8.71588e-03
7.905658 1.45023430e-03 9.17782690e-02 9.32285034e-02 1.23588606e-03 6.18167542e-01 9.02721392e-01 3.04177787e-03 6.328513e+01 1.460318e+00 1.811846e+01 2.896683e+01 1.775229e-01 3.4825e-03 5.8953e-03 +3.3443e-06 0.01254 5.48532e-01 6.32797e-01 7.25651e-01 8.43401e-03
8.005730 1.42528883e-03 9.14258062e-02 9.28510951e-02 1.44796905e-03 5.92640977e-01 8.85087430e-01 2.95545681e-03 6.414546e+01 1.493463e+00 1.765962e+01 2.912855e+01 1.918254e-01 3.5008e-03 5.8974e-03 +9.3386e-06 0.01272 5.46293e-01 6.30537e-01 7.25649e-01 8.27723e-03
8.105801 1.40749473e-03 9.11995232e-02 9.26070179e-02 1.39371385e-03 5.71642051e-01 8.63997420e-01 2.87127894e-03 6.479564e+01 1.511431e+00 1.776079e+01 2.783262e+01 2.803274e-01 3.3711e-03 5.7804e-03 +6.3247e-06 0.01303 5.41213e-01 6.28138e-01 7.24492e-01 8.12465e-03
8.205873 1.37114442e-03 9.09613693e-02 9.23325137e-02 1.22948318e-03 5.48204807e-01 8.48178982e-01 2.79276758e-03 6.633974e+01 1.547194e+00 1.732600e+01 2.865509e+01 2.554310e-01 3.4218e-03 5.8759e-03 +4.4608e-06 0.01314 5.35737e-01 6.24065e-01 7.23233e-01 7.89637e-03
8.305944 1.33198197e-03 9.06521651e-02 9.19841471e-02 1.41481266e-03 5.24746958e-01 8.32905388e-01 2.71530469e-03 6.805810e+01 1.587251e+00 1.704629e+01 2.802469e+01 3.008771e-01 3.3538e-03 5.7722e-03 +9.7571e-06 0.01322 5.30908e-01 6.19879e-01 7.21001e-01 7.73848e-03
8.406016 1.31137557e-03 9.04678023e-02 9.17791779e-02 1.22551948e-03 5.07913689e-01 8.16206352e-01 2.64824008e-03 6.898695e+01 1.606978e+00 1.695112e+01 2.716475e+01 3.771808e-01 3.2561e-03 5.7033e-03 +4.6588e-06 0.01350 5.24591e-01 6.16082e-01 7.18711e-01 7.55843e-03
8.506088 1.28830992e-03 9.02176944e-02 9.15060043e-02 1.10753137e-03 4.88231142e-01 8.06126509e-01 2.58871530e-03 7.002794e+01 1.651117e+00 1.643272e+01 2.794900e+01 3.468596e-01 3.3092e-03 5.7742e-03 +6.3986e-06 0.01338 5.19176e-01 6.11342e-01 7.16630e-01 7.38871e-03
8.606159 1.24875380e-03 8.99538292e-02 9.12025830e-02 1.25795944e-03 4.70917078e-01 7.91958128e-01 2.52575041e-03 7.203488e+01 1.681736e+00 1.621853e+01 2.663290e+01 4.340155e-01 3.1731e-03 5.5972e-03 +8.9540e-06 0.01358 5.13497e-01 6.06294e-01 7.13024e-01 7.22854e-03
8.706231 1.21377974e-03 8.97972822e-02 9.10110619e-02 9.23893697e-04 4.53683376e-01 7.80617136e-01 2.46860102e-03 7.398153e+01 1.720621e+00 1.593053e+01 2.644654e+01 4.388309e-01 3.1336e-03 5.6014e-03 +3.8445e-06 0.01354 5.04990e-01 6.00518e-01 7.09305e-01 7.03620e-03
8.806303 1.19235012e-03 8.95283941e-02 9.07207443e-02 1.01379782e-03 4.39403653e-01 7.72841458e-01 2.42449022e-03 7.508566e+01 1.758842e+00 1.545334e+01 2.657372e+01 4.721595e-01 3.1379e-03 5.5830e-03 +8.2605e-06 0.01354 5.00902e-01 5.95768e-01 7.06564e-01 6.90190e-03
8.906374 1.16484562e-03 8.93255338e-02 9.04903794e-02 9.02618699e-04 4.24679274e-01 7.61765052e-01 2.37288865e-03 7.668444e+01 1.793742e+00 1.521678e+01 2.517034e+01 4.757611e-01 3.0086e-03 5.4453e-03 +7.4374e-06 0.01354 4.93635e-01 5.90130e-01 7.02002e-01 6.75049e-03
9.006446 1.12504947e-03 8.91589669e-02 9.02840164e-02 6.90295738e-04 4.13133542e-01 7.53417829e-01 2.33310274e-03 7.924893e+01 1.823667e+00 1.487837e+01 2.523055e+01 5.195422e-01 2.9950e-03 5.4691e-03 +4.1474e-06 0.01354 4.86976e-01 5.84785e-01 6.98561e-01 6.59844e-03
9.106517 1.09331264e-03 8.88966088e-02 8.99899214e-02 7.81233990e-04 3.98901180e-01 7.48281400e-01 2.29436516e-03 8.130941e+01 1.875857e+00 1.437583e+01 2.481908e+01 4.933136e-01 2.9685e-03 5.3969e-03 +9.2970e-06 0.01334 4.82172e-01 5.79417e-01 6.94817e-01 6.48136e-03
9.206589 1.07278458e-03 8.87376421e-02 8.98104267e-02 5.82218335e-04 3.89765457e-01 7.38200464e-01 2.25593184e-03 8.271711e+01 1.893961e+00 1.426882e+01 2.340697e+01 5.152558e-01 2.8404e-03 5.2936e-03 +5.7943e-06 0.01348 4.75244e-01 5.74336e-01 6.90401e-01 6.32952e-03
9.306661 1.04237167e-03 8.85465284e-02 8.95889001e-02 4.24945996e-04 3.79687933e-01 7.34829306e-01 2.22903448e-03 8.494717e+01 1.935351e+00 1.374027e+01 2.381311e+01 4.968859e-01 2.8793e-03 5.3500e-03 +5.4652e-06 0.01318 4.70385e-01 5.69699e-01 6.87607e-01 6.25485e-03
9.406732 1.00475826e-03 8.83095517e-02 8.93143099e-02 5.46832705e-04 3.68134964e-01 7.27980089e-01 2.19223011e-03 8.789134e+01 1.977482e+00 1.350432e+01 2.258827e+01 4.945509e-01 2.7717e-03 5.1947e-03 +9.1969e-06 0.01320 4.64825e-01 5.63891e-01 6.82830e-01 6.09675e-03
9.506804 9.79233113e-04 8.81712985e-02 8.91505316e-02 2.32231437e-04 3.59017442e-01 7.21771234e-01 2.16157735e-03 9.004117e+01 2.010407e+00 1.325401e+01 2.182768e+01 4.651109e-01 2.7084e-03 5.1676e-03 +4.6204e-06 0.01307 4.57766e-01 5.58852e-01 6.78732e-01 5.97785e-03
9.606875 9.58950490e-04 8.79558706e-02 8.89148211e-02 2.65317960e-04 3.51813694e-01 7.19061651e-01 2.14175069e-03 9.172097e+01 2.043871e+00 1.292782e+01 2.187256e+01 4.700484e-01 2.7176e-03 5.1688e-03 +7.1811e-06 0.01291 4.54769e-01 5.55071e-01 6.76243e-01 5.91077e-03
9.706947 9.28983163e-04 8.77523111e-02 8.86812942e-02 2.25644889e-04 3.41689632e-01 7.13348451e-01 2.11007617e-03 9.446060e+01 2.087709e+00 1.277244e+01 2.195447e+01 4.089121e-01 2.6047e-03 5.0169e-03 +8.2105e-06 0.01281 4.49000e-01 5.49773e-01 6.71597e-01 5.77433e-03
9.807019 8.97493747e-04 8.76160095e-02 8.85135032e-02 -6.26507686e-06 3.35338896e-01 7.08337700e-01 2.08735319e-03 9.762297e+01 2.112304e+00 1.285237e+01 2.156041e+01 4.242501e-01 2.5614e-03 5.0129e-03 +4.2902e-06 0.01272 4.43178e-01 5.45528e-01 6.68310e-01 5.67647e-03
9.907090 8.77255847e-04 8.73809940e-02 8.82582498e-02 1.03982697e-04 3.27007901e-01 7.07178122e-01 2.06837205e-03 9.960719e+01 2.162572e+00 1.261969e+01 2.161690e+01 3.829888e-01 2.5563e-03 4.9583e-03 +8.5548e-06 0.01246 4.40561e-01 5.41743e-01 6.65694e-01 5.61325e-03
10.000190 8.60739093e-04 8.72267917e-02 8.80875308e-02 -2.67788658e-05 3.21399499e-01 7.01112039e-01 2.04502308e-03 1.013394e+02 2.181435e+00 1.292037e+01 2.212488e+01 3.458786e-01 2.4338e-03 4.8269e-03 +7.1586e-06 0.01250 4.35630e-01 5.37938e-01 6.61953e-01 5.49471e-03
