# tg_mhd (CUDA FP32)  hydro_noslip_nofield_n640_re2000_va1.41421  N=640 L=640 Re=2000 Pm=1 u0=0.05 nu_lat=5.085000e-03 eta_lat=5.085000e-03 tau_f=0.515255 tau_m=0.520340 dt=2.458210e-04 fw=profile
# t E_V E_M E_T H_C Omega_V Omega_M eps EM/EV OmM/OmV j_max w_max skew divb/j divb_wall/j mass_drift umax_lat fw1 fw2 fw4 tau_wall
0.000000 2.48437514e-01 0.00000000e+00 2.48437514e-01 0.00000000e+00 1.78232358e+02 0.00000000e+00 1.78232358e-01 0.000000e+00 0.000000e+00 0.000000e+00 4.314701e+02 6.615791e-20 0.0000e+00 0.0000e+00 +0.0000e+00 0.07071 9.95912e-01 9.96032e-01 9.96272e-01 1.06389e-01
0.100049 2.41729665e-01 0.00000000e+00 2.41729665e-01 0.00000000e+00 3.48876467e+01 0.00000000e+00 3.48876467e-02 0.000000e+00 0.000000e+00 0.000000e+00 1.144613e+02 2.036542e-01 0.0000e+00 0.0000e+00 +9.5243e-06 0.07103 9.76346e-01 9.79761e-01 9.80985e-01 2.75253e-02
0.200098 2.39260716e-01 0.00000000e+00 2.39260716e-01 0.00000000e+00 2.53188414e+01 0.00000000e+00 2.53188414e-02 0.000000e+00 0.000000e+00 0.000000e+00 8.271662e+01 3.209420e-02 0.0000e+00 0.0000e+00 +6.1343e-06 0.07033 9.40316e-01 9.71883e-01 9.73582e-01 1.98328e-02
0.300147 2.37119429e-01 0.00000000e+00 2.37119429e-01 0.00000000e+00 2.09169221e+01 0.00000000e+00 2.09169221e-02 0.000000e+00 0.000000e+00 0.000000e+00 6.856508e+01 3.514252e-01 0.0000e+00 0.0000e+00 +8.3713e-07 0.07031 8.90820e-01 9.65128e-01 9.67617e-01 1.64032e-02
0.400197 2.34418906e-01 0.00000000e+00 2.34418906e-01 0.00000000e+00 1.85468260e+01 0.00000000e+00 1.85468260e-02 0.000000e+00 0.000000e+00 0.000000e+00 6.304565e+01 3.934958e-01 0.0000e+00 0.0000e+00 +1.0958e-05 0.06968 8.43047e-01 9.58319e-01 9.62990e-01 1.44588e-02
0.500246 2.33324439e-01 0.00000000e+00 2.33324439e-01 0.00000000e+00 1.72045301e+01 0.00000000e+00 1.72045301e-02 0.000000e+00 0.000000e+00 0.000000e+00 5.973214e+01 2.948271e-01 0.0000e+00 0.0000e+00 +2.3813e-06 0.06866 8.01482e-01 9.50101e-01 9.59192e-01 1.36260e-02
0.600295 2.31715763e-01 0.00000000e+00 2.31715763e-01 0.00000000e+00 1.56040049e+01 0.00000000e+00 1.56040049e-02 0.000000e+00 0.000000e+00 0.000000e+00 5.199611e+01 6.485765e-01 0.0000e+00 0.0000e+00 +3.5207e-06 0.06867 7.57251e-01 9.37391e-01 9.53867e-01 1.20279e-02
0.700344 2.29478314e-01 0.00000000e+00 2.29478314e-01 0.00000000e+00 1.54628646e+01 0.00000000e+00 1.54628646e-02 0.000000e+00 0.000000e+00 0.000000e+00 5.665531e+01 4.938970e-01 0.0000e+00 0.0000e+00 +1.0023e-05 0.06718 7.35720e-01 9.27620e-01 9.52139e-01 1.25890e-02
0.800393 2.28731167e-01 0.00000000e+00 2.28731167e-01 0.00000000e+00 1.45341441e+01 0.00000000e+00 1.45341441e-02 0.000000e+00 0.000000e+00 0.000000e+00 5.038598e+01 5.920264e-01 0.0000e+00 0.0000e+00 -4.3131e-08 0.06649 7.00888e-01 9.11154e-01 9.47146e-01 1.12981e-02
0.900442 2.26946216e-01 0.00000000e+00 2.26946216e-01 0.00000000e+00 1.41671701e+01 0.00000000e+00 1.41671701e-02 0.000000e+00 0.000000e+00 0.000000e+00 5.072129e+01 7.668160e-01 0.0000e+00 0.0000e+00 +6.6730e-06 0.06621 6.79310e-01 8.96194e-01 9.43615e-01 1.13670e-02
1.000492 2.25481509e-01 0.00000000e+00 2.25481509e-01 0.00000000e+00 1.42880220e+01 0.00000000e+00 1.42880220e-02 0.000000e+00 0.000000e+00 0.000000e+00 5.327759e+01 6.266229e-01 0.0000e+00 0.0000e+00 +7.3513e-06 0.06479 6.68401e-01 8.83451e-01 9.41383e-01 1.15798e-02
1.100541 2.24415647e-01 0.00000000e+00 2.24415647e-01 0.00000000e+00 1.39774315e+01 0.00000000e+00 1.39774315e-02 0.000000e+00 0.000000e+00 0.000000e+00 5.000826e+01 7.560541e-01 0.0000e+00 0.0000e+00 -7.5396e-07 0.06438 6.48293e-01 8.65951e-01 9.36612e-01 1.11039e-02
1.200590 2.22487343e-01 0.00000000e+00 2.22487343e-01 0.00000000e+00 1.38013693e+01 0.00000000e+00 1.38013693e-02 0.000000e+00 0.000000e+00 0.000000e+00 4.995188e+01 8.487360e-01 0.0000e+00 0.0000e+00 +9.1084e-06 0.06425 6.32223e-01 8.49035e-01 9.31768e-01 1.09528e-02
1.300639 2.21504618e-01 0.00000000e+00 2.21504618e-01 0.00000000e+00 1.46906515e+01 0.00000000e+00 1.46906515e-02 0.000000e+00 0.000000e+00 0.000000e+00 5.529656e+01 6.721416e-01 0.0000e+00 0.0000e+00 +3.8061e-06 0.06293 6.42198e-01 8.42951e-01 9.31194e-01 1.19433e-02
1.400688 2.20156596e-01 0.00000000e+00 2.20156596e-01 0.00000000e+00 1.39406141e+01 0.00000000e+00 1.39406141e-02 0.000000e+00 0.000000e+00 0.000000e+00 4.804600e+01 8.964106e-01 0.0000e+00 0.0000e+00 +9.8748e-07 0.06336 6.10160e-01 8.17844e-01 9.21627e-01 1.05318e-02
1.500737 2.18118464e-01 0.00000000e+00 2.18118464e-01 0.00000000e+00 1.49981583e+01 0.00000000e+00 1.49981583e-02 0.000000e+00 0.000000e+00 0.000000e+00 5.483549e+01 7.815208e-01 0.0000e+00 0.0000e+00 +9.5245e-06 0.06255 6.25329e-01 8.14863e-01 9.20959e-01 1.19123e-02
1.600786 2.17179478e-01 0.00000000e+00 2.17179478e-01 0.00000000e+00 1.50960349e+01 0.00000000e+00 1.50960349e-02 0.000000e+00 0.000000e+00 0.000000e+00 5.200340e+01 7.381706e-01 0.0000e+00 0.0000e+00 +8.0379e-07 0.06209 6.13671e-01 7.99443e-01 9.14098e-01 1.13280e-02
1.700836 2.15598464e-01 0.00000000e+00 2.15598464e-01 0.00000000e+00 1.52870837e+01 0.00000000e+00 1.52870837e-02 0.000000e+00 0.000000e+00 0.000000e+00 5.064886e+01 8.589172e-01 0.0000e+00 0.0000e+00 +3.7725e-06 0.06217 6.04389e-01 7.84948e-01 9.06946e-01 1.12016e-02
1.800885 2.13660647e-01 0.00000000e+00 2.13660647e-01 0.00000000e+00 1.61206628e+01 0.00000000e+00 1.61206628e-02 0.000000e+00 0.000000e+00 0.000000e+00 5.498860e+01 7.000097e-01 0.0000e+00 0.0000e+00 +8.0039e-06 0.06172 6.10404e-01 7.79336e-01 9.02847e-01 1.19862e-02
1.900934 2.12442922e-01 0.00000000e+00 2.12442922e-01 0.00000000e+00 1.64794509e+01 0.00000000e+00 1.64794509e-02 0.000000e+00 0.000000e+00 0.000000e+00 5.525595e+01 6.920124e-01 0.0000e+00 0.0000e+00 -1.1013e-06 0.06133 6.03482e-01 7.66903e-01 8.94682e-01 1.15194e-02
2.000983 2.10507724e-01 0.00000000e+00 2.10507724e-01 0.00000000e+00 1.65233885e+01 0.00000000e+00 1.65233885e-02 0.000000e+00 0.000000e+00 0.000000e+00 5.714739e+01 7.426216e-01 0.0000e+00 0.0000e+00 +6.6497e-06 0.06163 5.88977e-01 7.49483e-01 8.83398e-01 1.14420e-02
2.101032 2.08914586e-01 0.00000000e+00 2.08914586e-01 0.00000000e+00 1.77743526e+01 0.00000000e+00 1.77743526e-02 0.000000e+00 0.000000e+00 0.000000e+00 6.448932e+01 5.404464e-01 0.0000e+00 0.0000e+00 +5.0506e-06 0.06086 6.02608e-01 7.49393e-01 8.78848e-01 1.23652e-02
2.201081 2.07259965e-01 0.00000000e+00 2.07259965e-01 0.00000000e+00 1.73550750e+01 0.00000000e+00 1.73550750e-02 0.000000e+00 0.000000e+00 0.000000e+00 6.699513e+01 5.967050e-01 0.0000e+00 0.0000e+00 -9.5083e-07 0.06063 5.76520e-01 7.24116e-01 8.60517e-01 1.13795e-02
2.301131 2.05107978e-01 0.00000000e+00 2.05107978e-01 0.00000000e+00 1.80585909e+01 0.00000000e+00 1.80585909e-02 0.000000e+00 0.000000e+00 0.000000e+00 7.413701e+01 5.236745e-01 0.0000e+00 0.0000e+00 +8.1847e-06 0.06001 5.76731e-01 7.14909e-01 8.48547e-01 1.19724e-02
2.401180 2.03630867e-01 0.00000000e+00 2.03630867e-01 0.00000000e+00 1.84953731e+01 0.00000000e+00 1.84953731e-02 0.000000e+00 0.000000e+00 0.000000e+00 7.845256e+01 3.808550e-01 0.0000e+00 0.0000e+00 +1.7898e-06 0.05907 5.69903e-01 7.01219e-01 8.31813e-01 1.20513e-02
2.501229 2.01804459e-01 0.00000000e+00 2.01804459e-01 0.00000000e+00 1.82234918e+01 0.00000000e+00 1.82234918e-02 0.000000e+00 0.000000e+00 0.000000e+00 7.978824e+01 4.451603e-01 0.0000e+00 0.0000e+00 +9.4705e-07 0.05848 5.44837e-01 6.74373e-01 8.05271e-01 1.13554e-02
2.601278 1.99575566e-01 0.00000000e+00 1.99575566e-01 0.00000000e+00 1.88134667e+01 0.00000000e+00 1.88134667e-02 0.000000e+00 0.000000e+00 0.000000e+00 8.545460e+01 3.287803e-01 0.0000e+00 0.0000e+00 +7.7984e-06 0.05761 5.39721e-01 6.61238e-01 7.85313e-01 1.19984e-02
2.701327 1.98008605e-01 0.00000000e+00 1.98008605e-01 0.00000000e+00 1.88386370e+01 0.00000000e+00 1.88386370e-02 0.000000e+00 0.000000e+00 0.000000e+00 8.468262e+01 2.860943e-01 0.0000e+00 0.0000e+00 -8.1390e-07 0.05734 5.19080e-01 6.37342e-01 7.57529e-01 1.13313e-02
2.801376 1.96084861e-01 0.00000000e+00 1.96084861e-01 0.00000000e+00 1.86819323e+01 0.00000000e+00 1.86819323e-02 0.000000e+00 0.000000e+00 0.000000e+00 8.760016e+01 3.631271e-01 0.0000e+00 0.0000e+00 +3.6878e-06 0.05856 4.91415e-01 6.07611e-01 7.25817e-01 1.11508e-02
2.901426 1.94055835e-01 0.00000000e+00 1.94055835e-01 0.00000000e+00 1.91684983e+01 0.00000000e+00 1.91684983e-02 0.000000e+00 0.000000e+00 0.000000e+00 9.107388e+01 2.791183e-01 0.0000e+00 0.0000e+00 +5.7461e-06 0.05840 4.80201e-01 5.90120e-01 7.02644e-01 1.12224e-02
3.001475 1.92267305e-01 0.00000000e+00 1.92267305e-01 0.00000000e+00 1.89556555e+01 0.00000000e+00 1.89556555e-02 0.000000e+00 0.000000e+00 0.000000e+00 9.501267e+01 3.325008e-01 0.0000e+00 0.0000e+00 -2.0958e-06 0.06020 4.49752e-01 5.57601e-01 6.68737e-01 1.07232e-02
3.101524 1.90216504e-01 0.00000000e+00 1.90216504e-01 0.00000000e+00 1.88934012e+01 0.00000000e+00 1.88934012e-02 0.000000e+00 0.000000e+00 0.000000e+00 1.006332e+02 3.697350e-01 0.0000e+00 0.0000e+00 +6.0756e-06 0.06302 4.23456e-01 5.27858e-01 6.37582e-01 1.04062e-02
3.201573 1.88465051e-01 0.00000000e+00 1.88465051e-01 0.00000000e+00 1.92608449e+01 0.00000000e+00 1.92608449e-02 0.000000e+00 0.000000e+00 0.000000e+00 1.057067e+02 3.317393e-01 0.0000e+00 0.0000e+00 +2.7275e-06 0.06629 4.12470e-01 5.11131e-01 6.17502e-01 1.05735e-02
3.301622 1.86532737e-01 0.00000000e+00 1.86532737e-01 0.00000000e+00 1.88123617e+01 0.00000000e+00 1.88123617e-02 0.000000e+00 0.000000e+00 0.000000e+00 1.098538e+02 4.119588e-01 0.0000e+00 0.0000e+00 -1.3167e-06 0.06972 3.77175e-01 4.75289e-01 5.83557e-01 9.82195e-03
3.401671 1.84414699e-01 0.00000000e+00 1.84414699e-01 0.00000000e+00 1.90776195e+01 0.00000000e+00 1.90776195e-02 0.000000e+00 0.000000e+00 0.000000e+00 1.158158e+02 4.189107e-01 0.0000e+00 0.0000e+00 +6.8262e-06 0.07135 3.66017e-01 4.60324e-01 5.67521e-01 9.99889e-03
3.501720 1.82712747e-01 0.00000000e+00 1.82712747e-01 0.00000000e+00 1.90340761e+01 0.00000000e+00 1.90340761e-02 0.000000e+00 0.000000e+00 0.000000e+00 1.206358e+02 3.962065e-01 0.0000e+00 0.0000e+00 -1.5670e-07 0.07144 3.47958e-01 4.41061e-01 5.48334e-01 9.49165e-03
3.601770 1.80821915e-01 0.00000000e+00 1.80821915e-01 0.00000000e+00 1.89034961e+01 0.00000000e+00 1.89034961e-02 0.000000e+00 0.000000e+00 0.000000e+00 1.220494e+02 4.662105e-01 0.0000e+00 0.0000e+00 +8.5668e-07 0.07150 3.28805e-01 4.21783e-01 5.29278e-01 9.42557e-03
3.701819 1.78712232e-01 0.00000000e+00 1.78712232e-01 0.00000000e+00 1.90515188e+01 0.00000000e+00 1.90515188e-02 0.000000e+00 0.000000e+00 0.000000e+00 1.250447e+02 4.263842e-01 0.0000e+00 0.0000e+00 +5.8753e-06 0.07074 3.21224e-01 4.12213e-01 5.17776e-01 9.25211e-03
3.801868 1.76912780e-01 0.00000000e+00 1.76912780e-01 0.00000000e+00 1.90897364e+01 0.00000000e+00 1.90897364e-02 0.000000e+00 0.000000e+00 0.000000e+00 1.201900e+02 4.442868e-01 0.0000e+00 0.0000e+00 -2.2969e-06 0.07548 3.11007e-01 4.00169e-01 5.03333e-01 9.11656e-03
3.901917 1.74993654e-01 0.00000000e+00 1.74993654e-01 0.00000000e+00 1.89917109e+01 0.00000000e+00 1.89917109e-02 0.000000e+00 0.000000e+00 0.000000e+00 1.175789e+02 4.910595e-01 0.0000e+00 0.0000e+00 +3.5657e-06 0.07709 2.94492e-01 3.82498e-01 4.84160e-01 8.83709e-03
4.001966 1.73055712e-01 0.00000000e+00 1.73055712e-01 0.00000000e+00 1.94382117e+01 0.00000000e+00 1.94382117e-02 0.000000e+00 0.000000e+00 0.000000e+00 1.203596e+02 4.306203e-01 0.0000e+00 0.0000e+00 +3.4872e-06 0.07968 2.96810e-01 3.81373e-01 4.79628e-01 8.99456e-03
4.102015 1.71085955e-01 0.00000000e+00 1.71085955e-01 0.00000000e+00 1.93939582e+01 0.00000000e+00 1.93939582e-02 0.000000e+00 0.000000e+00 0.000000e+00 1.691621e+02 4.593576e-01 0.0000e+00 0.0000e+00 -2.7546e-06 0.08556 2.78870e-01 3.62748e-01 4.62969e-01 8.57559e-03
4.202065 1.69023657e-01 0.00000000e+00 1.69023657e-01 0.00000000e+00 1.98113298e+01 0.00000000e+00 1.98113298e-02 0.000000e+00 0.000000e+00 0.000000e+00 2.139129e+02 5.237351e-01 0.0000e+00 0.0000e+00 +5.2875e-06 0.09715 2.74176e-01 3.54170e-01 4.55674e-01 8.64075e-03
4.302114 1.67152916e-01 0.00000000e+00 1.67152916e-01 0.00000000e+00 2.01836966e+01 0.00000000e+00 2.01836966e-02 0.000000e+00 0.000000e+00 0.000000e+00 2.218532e+02 5.903135e-01 0.0000e+00 0.0000e+00 +6.6215e-07 0.10131 2.65790e-01 3.41102e-01 4.40344e-01 8.43051e-03
4.402163 1.65080966e-01 0.00000000e+00 1.65080966e-01 0.00000000e+00 2.05025589e+01 0.00000000e+00 2.05025589e-02 0.000000e+00 0.000000e+00 0.000000e+00 2.164005e+02 6.654742e-01 0.0000e+00 0.0000e+00 -1.5194e-06 0.10151 2.53851e-01 3.25436e-01 4.18524e-01 8.39258e-03
4.502212 1.62826475e-01 0.00000000e+00 1.62826475e-01 0.00000000e+00 2.08859107e+01 0.00000000e+00 2.08859107e-02 0.000000e+00 0.000000e+00 0.000000e+00 2.089013e+02 6.319044e-01 0.0000e+00 0.0000e+00 +5.3725e-06 0.09959 2.46772e-01 3.14453e-01 4.04085e-01 8.27703e-03
4.602261 1.60840647e-01 0.00000000e+00 1.60840647e-01 0.00000000e+00 2.11977654e+01 0.00000000e+00 2.11977654e-02 0.000000e+00 0.000000e+00 0.000000e+00 1.956550e+02 6.136632e-01 0.0000e+00 0.0000e+00 -1.8911e-06 0.09682 2.42263e-01 3.06392e-01 3.92929e-01 8.22357e-03
4.702310 1.58723007e-01 0.00000000e+00 1.58723007e-01 0.00000000e+00 2.12857641e+01 0.00000000e+00 2.12857641e-02 0.000000e+00 0.000000e+00 0.000000e+00 1.804056e+02 6.582765e-01 0.0000e+00 0.0000e+00 +8.7893e-07 0.09263 2.28286e-01 2.90129e-01 3.75572e-01 8.06236e-03
4.802359 1.56450578e-01 0.00000000e+00 1.56450578e-01 0.00000000e+00 2.17343703e+01 0.00000000e+00 2.17343703e-02 0.000000e+00 0.000000e+00 0.000000e+00 1.707156e+02 6.532940e-01 0.0000e+00 0.0000e+00 +3.8346e-06 0.08974 2.27801e-01 2.86667e-01 3.69971e-01 8.14394e-03
4.902409 1.54280180e-01 0.00000000e+00 1.54280180e-01 0.00000000e+00 2.17241131e+01 0.00000000e+00 2.17241131e-02 0.000000e+00 0.000000e+00 0.000000e+00 1.591438e+02 6.848739e-01 0.0000e+00 0.0000e+00 -3.3859e-06 0.08792 2.15810e-01 2.73540e-01 3.56230e-01 7.84286e-03
5.002458 1.52084744e-01 0.00000000e+00 1.52084744e-01 0.00000000e+00 2.17817476e+01 0.00000000e+00 2.17817476e-02 0.000000e+00 0.000000e+00 0.000000e+00 1.525282e+02 6.743921e-01 0.0000e+00 0.0000e+00 +3.1769e-06 0.08722 2.09583e-01 2.66002e-01 3.48375e-01 7.78179e-03
5.102507 1.49927569e-01 0.00000000e+00 1.49927569e-01 0.00000000e+00 2.19068318e+01 0.00000000e+00 2.19068318e-02 0.000000e+00 0.000000e+00 0.000000e+00 1.526306e+02 6.177177e-01 0.0000e+00 0.0000e+00 +1.3582e-06 0.08603 2.06218e-01 2.60850e-01 3.41503e-01 7.79064e-03
5.202556 1.47685140e-01 0.00000000e+00 1.47685140e-01 0.00000000e+00 2.18319399e+01 0.00000000e+00 2.18319399e-02 0.000000e+00 0.000000e+00 0.000000e+00 1.553922e+02 5.957921e-01 0.0000e+00 0.0000e+00 -3.2586e-06 0.08713 1.95735e-01 2.49096e-01 3.27744e-01 7.49077e-03
5.302605 1.45376615e-01 0.00000000e+00 1.45376615e-01 0.00000000e+00 2.18713361e+01 0.00000000e+00 2.18713361e-02 0.000000e+00 0.000000e+00 0.000000e+00 1.626335e+02 6.268020e-01 0.0000e+00 0.0000e+00 +4.2159e-06 0.09103 1.90016e-01 2.41314e-01 3.17420e-01 7.43078e-03
5.402654 1.43301507e-01 0.00000000e+00 1.43301507e-01 0.00000000e+00 2.19301733e+01 0.00000000e+00 2.19301733e-02 0.000000e+00 0.000000e+00 0.000000e+00 1.602532e+02 6.757620e-01 0.0000e+00 0.0000e+00 -1.2772e-06 0.09475 1.84459e-01 2.33275e-01 3.06638e-01 7.23690e-03
5.502704 1.41086605e-01 0.00000000e+00 1.41086605e-01 0.00000000e+00 2.17844423e+01 0.00000000e+00 2.17844423e-02 0.000000e+00 0.000000e+00 0.000000e+00 1.549928e+02 6.844805e-01 0.0000e+00 0.0000e+00 -1.6342e-06 0.09509 1.72666e-01 2.20032e-01 2.91927e-01 7.01541e-03
5.602753 1.38747303e-01 0.00000000e+00 1.38747303e-01 0.00000000e+00 2.18226821e+01 0.00000000e+00 2.18226821e-02 0.000000e+00 0.000000e+00 0.000000e+00 1.541946e+02 6.491178e-01 0.0000e+00 0.0000e+00 +3.6472e-06 0.09788 1.70555e-01 2.16525e-01 2.87156e-01 6.97909e-03
5.702802 1.36628179e-01 0.00000000e+00 1.36628179e-01 0.00000000e+00 2.17751786e+01 0.00000000e+00 2.17751786e-02 0.000000e+00 0.000000e+00 0.000000e+00 1.720098e+02 6.381174e-01 0.0000e+00 0.0000e+00 -3.4064e-06 0.10153 1.65916e-01 2.11343e-01 2.81273e-01 6.78549e-03
5.802851 1.34447085e-01 0.00000000e+00 1.34447085e-01 0.00000000e+00 2.17686661e+01 0.00000000e+00 2.17686661e-02 0.000000e+00 0.000000e+00 0.000000e+00 1.874016e+02 6.653091e-01 0.0000e+00 0.0000e+00 +7.2016e-07 0.10529 1.57981e-01 2.03477e-01 2.72744e-01 6.53219e-03
5.902900 1.32185338e-01 0.00000000e+00 1.32185338e-01 0.00000000e+00 2.21888611e+01 0.00000000e+00 2.21888611e-02 0.000000e+00 0.000000e+00 0.000000e+00 1.999667e+02 6.702669e-01 0.0000e+00 0.0000e+00 +1.7576e-06 0.10606 1.57957e-01 2.02214e-01 2.69782e-01 6.85332e-03
6.002949 1.29917022e-01 0.00000000e+00 1.29917022e-01 0.00000000e+00 2.23401323e+01 0.00000000e+00 2.23401323e-02 0.000000e+00 0.000000e+00 0.000000e+00 2.064270e+02 7.060275e-01 0.0000e+00 0.0000e+00 -4.3014e-06 0.10289 1.44123e-01 1.87047e-01 2.53379e-01 6.20479e-03
6.102998 1.27607239e-01 0.00000000e+00 1.27607239e-01 0.00000000e+00 2.27395772e+01 0.00000000e+00 2.27395772e-02 0.000000e+00 0.000000e+00 0.000000e+00 2.060105e+02 8.092073e-01 0.0000e+00 0.0000e+00 +2.4765e-06 0.10763 1.34224e-01 1.74792e-01 2.38092e-01 6.19515e-03
6.203048 1.25362393e-01 0.00000000e+00 1.25362393e-01 0.00000000e+00 2.31632970e+01 0.00000000e+00 2.31632970e-02 0.000000e+00 0.000000e+00 0.000000e+00 2.003356e+02 8.437704e-01 0.0000e+00 0.0000e+00 -6.8808e-07 0.11746 1.23166e-01 1.60749e-01 2.19620e-01 5.98783e-03
6.303097 1.22968838e-01 0.00000000e+00 1.22968838e-01 0.00000000e+00 2.36006832e+01 0.00000000e+00 2.36006832e-02 0.000000e+00 0.000000e+00 0.000000e+00 1.773530e+02 8.829531e-01 0.0000e+00 0.0000e+00 -3.6950e-06 0.10494 1.08244e-01 1.42395e-01 1.97375e-01 5.57137e-03
6.403146 1.20437618e-01 0.00000000e+00 1.20437618e-01 0.00000000e+00 2.37800261e+01 0.00000000e+00 2.37800261e-02 0.000000e+00 0.000000e+00 0.000000e+00 1.761263e+02 9.294400e-01 0.0000e+00 0.0000e+00 +2.8569e-06 0.10831 9.86662e-02 1.29506e-01 1.80739e-01 5.44605e-03
6.503195 1.18137519e-01 0.00000000e+00 1.18137519e-01 0.00000000e+00 2.37934074e+01 0.00000000e+00 2.37934074e-02 0.000000e+00 0.000000e+00 0.000000e+00 1.911094e+02 8.545177e-01 0.0000e+00 0.0000e+00 -3.1056e-06 0.11896 9.37793e-02 1.21932e-01 1.68667e-01 5.38165e-03
6.603244 1.15732026e-01 0.00000000e+00 1.15732026e-01 0.00000000e+00 2.35885180e+01 0.00000000e+00 2.35885180e-02 0.000000e+00 0.000000e+00 0.000000e+00 1.439398e+02 8.476786e-01 0.0000e+00 0.0000e+00 -1.8064e-06 0.12121 8.36076e-02 1.10157e-01 1.54192e-01 4.84856e-03
6.703293 1.13231645e-01 0.00000000e+00 1.13231645e-01 0.00000000e+00 2.37630234e+01 0.00000000e+00 2.37630234e-02 0.000000e+00 0.000000e+00 0.000000e+00 1.411547e+02 8.446685e-01 0.0000e+00 0.0000e+00 +1.7374e-06 0.12174 8.39097e-02 1.08934e-01 1.50398e-01 5.28162e-03
6.803343 1.10832647e-01 0.00000000e+00 1.10832647e-01 0.00000000e+00 2.40953949e+01 0.00000000e+00 2.40953949e-02 0.000000e+00 0.000000e+00 0.000000e+00 1.785239e+02 8.787219e-01 0.0000e+00 0.0000e+00 -4.7451e-06 0.09912 7.57717e-02 9.95205e-02 1.38332e-01 4.65761e-03
6.903392 1.08364036e-01 0.00000000e+00 1.08364036e-01 0.00000000e+00 2.46676397e+01 0.00000000e+00 2.46676397e-02 0.000000e+00 0.000000e+00 0.000000e+00 1.999644e+02 9.348739e-01 0.0000e+00 0.0000e+00 +2.7916e-07 0.10060 7.17087e-02 9.41848e-02 1.30703e-01 4.64233e-03
7.003441 1.05817543e-01 0.00000000e+00 1.05817543e-01 0.00000000e+00 2.52495654e+01 0.00000000e+00 2.52495654e-02 0.000000e+00 0.000000e+00 0.000000e+00 2.139122e+02 9.747926e-01 0.0000e+00 0.0000e+00 -3.0484e-07 0.10552 6.95675e-02 9.07206e-02 1.25146e-01 4.87647e-03
7.103490 1.03180638e-01 0.00000000e+00 1.03180638e-01 0.00000000e+00 2.55502320e+01 0.00000000e+00 2.55502320e-02 0.000000e+00 0.000000e+00 0.000000e+00 2.306425e+02 1.030773e+00 0.0000e+00 0.0000e+00 -5.1439e-06 0.09796 6.53281e-02 8.54017e-02 1.18223e-01 4.41768e-03
7.203539 1.00534708e-01 0.00000000e+00 1.00534708e-01 0.00000000e+00 2.51450101e+01 0.00000000e+00 2.51450101e-02 0.000000e+00 0.000000e+00 0.000000e+00 1.926470e+02 7.920396e-01 0.0000e+00 0.0000e+00 +1.4791e-06 0.09220 6.38497e-02 8.34700e-02 1.15988e-01 4.51981e-03
7.303588 9.80809314e-02 0.00000000e+00 9.80809314e-02 0.00000000e+00 2.46976958e+01 0.00000000e+00 2.46976958e-02 0.000000e+00 0.000000e+00 0.000000e+00 1.450929e+02 7.812175e-01 0.0000e+00 0.0000e+00 -2.6943e-06 0.09853 6.66810e-02 8.59097e-02 1.18047e-01 4.71408e-03
7.403638 9.55694149e-02 0.00000000e+00 9.55694149e-02 0.00000000e+00 2.40889525e+01 0.00000000e+00 2.40889525e-02 0.000000e+00 0.000000e+00 0.000000e+00 1.127509e+02 8.106891e-01 0.0000e+00 0.0000e+00 -4.0685e-06 0.09672 6.31114e-02 8.23420e-02 1.13973e-01 4.24064e-03
7.503687 9.30483737e-02 0.00000000e+00 9.30483737e-02 0.00000000e+00 2.35025339e+01 0.00000000e+00 2.35025339e-02 0.000000e+00 0.000000e+00 0.000000e+00 1.279620e+02 7.579007e-01 0.0000e+00 0.0000e+00 +1.2338e-06 0.09628 6.59243e-02 8.51294e-02 1.16254e-01 4.63099e-03
7.603736 9.07586398e-02 0.00000000e+00 9.07586398e-02 0.00000000e+00 2.26791354e+01 0.00000000e+00 2.26791354e-02 0.000000e+00 0.000000e+00 0.000000e+00 1.065819e+02 7.171504e-01 0.0000e+00 0.0000e+00 -4.7467e-06 0.08602 6.62947e-02 8.56097e-02 1.16330e-01 4.43252e-03
7.703785 8.85158800e-02 0.00000000e+00 8.85158800e-02 0.00000000e+00 2.18627568e+01 0.00000000e+00 2.18627568e-02 0.000000e+00 0.000000e+00 0.000000e+00 8.560892e+01 6.674359e-01 0.0000e+00 0.0000e+00 -2.1081e-06 0.07867 6.61331e-02 8.57299e-02 1.16441e-01 4.18400e-03
7.803834 8.62722443e-02 0.00000000e+00 8.62722443e-02 0.00000000e+00 2.11903108e+01 0.00000000e+00 2.11903108e-02 0.000000e+00 0.000000e+00 0.000000e+00 8.802813e+01 6.700187e-01 0.0000e+00 0.0000e+00 -1.9448e-07 0.07158 7.07342e-02 9.04924e-02 1.21466e-01 4.69961e-03
7.903883 8.41434676e-02 0.00000000e+00 8.41434676e-02 0.00000000e+00 2.04707176e+01 0.00000000e+00 2.04707176e-02 0.000000e+00 0.000000e+00 0.000000e+00 1.019668e+02 6.346993e-01 0.0000e+00 0.0000e+00 -5.9059e-06 0.07016 7.10990e-02 9.11036e-02 1.22833e-01 4.21314e-03
8.003932 8.21064335e-02 0.00000000e+00 8.21064335e-02 0.00000000e+00 1.97718919e+01 0.00000000e+00 1.97718919e-02 0.000000e+00 0.000000e+00 0.000000e+00 9.880027e+01 5.937074e-01 0.0000e+00 0.0000e+00 -3.4475e-07 0.06588 7.34040e-02 9.37492e-02 1.27418e-01 4.34077e-03
8.103982 8.01693025e-02 0.00000000e+00 8.01693025e-02 0.00000000e+00 1.91327936e+01 0.00000000e+00 1.91327936e-02 0.000000e+00 0.000000e+00 0.000000e+00 1.017929e+02 6.028867e-01 0.0000e+00 0.0000e+00 -2.2654e-06 0.06350 7.92826e-02 1.00237e-01 1.35500e-01 4.58717e-03
8.204031 7.82248724e-02 0.00000000e+00 7.82248724e-02 0.00000000e+00 1.84594221e+01 0.00000000e+00 1.84594221e-02 0.000000e+00 0.000000e+00 0.000000e+00 9.000068e+01 6.398835e-01 0.0000e+00 0.0000e+00 -5.7395e-06 0.06360 7.97423e-02 1.01469e-01 1.38138e-01 4.24890e-03
8.304080 7.63282339e-02 0.00000000e+00 7.63282339e-02 0.00000000e+00 1.78703988e+01 0.00000000e+00 1.78703988e-02 0.000000e+00 0.000000e+00 0.000000e+00 7.370320e+01 6.157980e-01 0.0000e+00 0.0000e+00 +3.1272e-07 0.06034 8.26953e-02 1.05463e-01 1.45058e-01 4.40650e-03
8.404129 7.46154791e-02 0.00000000e+00 7.46154791e-02 0.00000000e+00 1.73211857e+01 0.00000000e+00 1.73211857e-02 0.000000e+00 0.000000e+00 0.000000e+00 7.166832e+01 5.985557e-01 0.0000e+00 0.0000e+00 -4.4157e-06 0.06479 8.83640e-02 1.12630e-01 1.55535e-01 4.56117e-03
8.504178 7.28947210e-02 0.00000000e+00 7.28947210e-02 0.00000000e+00 1.66697016e+01 0.00000000e+00 1.66697016e-02 0.000000e+00 0.000000e+00 0.000000e+00 8.184388e+01 6.101616e-01 0.0000e+00 0.0000e+00 -4.2958e-06 0.05722 8.86474e-02 1.15360e-01 1.62638e-01 4.17687e-03
8.604227 7.11577851e-02 0.00000000e+00 7.11577851e-02 0.00000000e+00 1.62255895e+01 0.00000000e+00 1.62255895e-02 0.000000e+00 0.000000e+00 0.000000e+00 9.294604e+01 6.026839e-01 0.0000e+00 0.0000e+00 -3.6171e-07 0.05726 9.84690e-02 1.27692e-01 1.78941e-01 4.65237e-03
8.704277 6.95587718e-02 0.00000000e+00 6.95587718e-02 0.00000000e+00 1.57598900e+01 0.00000000e+00 1.57598900e-02 0.000000e+00 0.000000e+00 0.000000e+00 1.055121e+02 6.024565e-01 0.0000e+00 0.0000e+00 -6.0481e-06 0.05677 1.04148e-01 1.36109e-01 1.90541e-01 4.32391e-03
8.804326 6.80165009e-02 0.00000000e+00 6.80165009e-02 0.00000000e+00 1.53467491e+01 0.00000000e+00 1.53467491e-02 0.000000e+00 0.000000e+00 0.000000e+00 1.044173e+02 5.931938e-01 0.0000e+00 0.0000e+00 -2.3931e-06 0.05449 1.10920e-01 1.45321e-01 2.02342e-01 4.33580e-03
8.904375 6.64648202e-02 0.00000000e+00 6.64648202e-02 0.00000000e+00 1.49712209e+01 0.00000000e+00 1.49712209e-02 0.000000e+00 0.000000e+00 0.000000e+00 9.655680e+01 5.682424e-01 0.0000e+00 0.0000e+00 -1.9392e-06 0.05029 1.18279e-01 1.54028e-01 2.12059e-01 4.59681e-03
9.004424 6.49427153e-02 0.00000000e+00 6.49427153e-02 0.00000000e+00 1.44818928e+01 0.00000000e+00 1.44818928e-02 0.000000e+00 0.000000e+00 0.000000e+00 8.617165e+01 5.458072e-01 0.0000e+00 0.0000e+00 -6.7065e-06 0.05035 1.16831e-01 1.53037e-01 2.11258e-01 4.27828e-03
9.104473 6.34980591e-02 0.00000000e+00 6.34980591e-02 0.00000000e+00 1.40018405e+01 0.00000000e+00 1.40018405e-02 0.000000e+00 0.000000e+00 0.000000e+00 7.664248e+01 5.612240e-01 0.0000e+00 0.0000e+00 -1.0258e-06 0.05156 1.14103e-01 1.50241e-01 2.08335e-01 4.27421e-03
9.204522 6.21519682e-02 0.00000000e+00 6.21519682e-02 0.00000000e+00 1.36363099e+01 0.00000000e+00 1.36363099e-02 0.000000e+00 0.000000e+00 0.000000e+00 7.480534e+01 5.718723e-01 0.0000e+00 0.0000e+00 -3.9501e-06 0.04933 1.16942e-01 1.52485e-01 2.09412e-01 4.44666e-03
9.304571 6.07732723e-02 0.00000000e+00 6.07732723e-02 0.00000000e+00 1.31378238e+01 0.00000000e+00 1.31378238e-02 0.000000e+00 0.000000e+00 0.000000e+00 7.335323e+01 5.767004e-01 0.0000e+00 0.0000e+00 -6.0428e-06 0.04786 1.09984e-01 1.45311e-01 2.02081e-01 4.06431e-03
9.404621 5.94111637e-02 0.00000000e+00 5.94111637e-02 0.00000000e+00 1.27674226e+01 0.00000000e+00 1.27674226e-02 0.000000e+00 0.000000e+00 0.000000e+00 7.003883e+01 5.565702e-01 0.0000e+00 0.0000e+00 -8.8719e-07 0.04637 1.11437e-01 1.46171e-01 2.03181e-01 4.20880e-03
9.504670 5.81895429e-02 0.00000000e+00 5.81895429e-02 0.00000000e+00 1.23557157e+01 0.00000000e+00 1.23557157e-02 0.000000e+00 0.000000e+00 0.000000e+00 6.431838e+01 5.347806e-01 0.0000e+00 0.0000e+00 -5.7949e-06 0.04751 1.09500e-01 1.43990e-01 2.01519e-01 4.01080e-03
9.604719 5.69821918e-02 0.00000000e+00 5.69821918e-02 0.00000000e+00 1.19567316e+01 0.00000000e+00 1.19567316e-02 0.000000e+00 0.000000e+00 0.000000e+00 6.257284e+01 5.342620e-01 0.0000e+00 0.0000e+00 -4.4256e-06 0.04806 1.06335e-01 1.41349e-01 1.99097e-01 3.82680e-03
9.704768 5.57384439e-02 0.00000000e+00 5.57384439e-02 0.00000000e+00 1.16601378e+01 0.00000000e+00 1.16601378e-02 0.000000e+00 0.000000e+00 0.000000e+00 6.266655e+01 5.368745e-01 0.0000e+00 0.0000e+00 -1.8372e-06 0.04527 1.09108e-01 1.44852e-01 2.01946e-01 4.02896e-03
9.804817 5.45772381e-02 0.00000000e+00 5.45772381e-02 0.00000000e+00 1.13169978e+01 0.00000000e+00 1.13169978e-02 0.000000e+00 0.000000e+00 0.000000e+00 6.188425e+01 5.408943e-01 0.0000e+00 0.0000e+00 -7.0405e-06 0.04300 1.07795e-01 1.44498e-01 2.00979e-01 3.74684e-03
9.904866 5.34739677e-02 0.00000000e+00 5.34739677e-02 0.00000000e+00 1.09658835e+01 0.00000000e+00 1.09658835e-02 0.000000e+00 0.000000e+00 0.000000e+00 6.131987e+01 5.359482e-01 0.0000e+00 0.0000e+00 -2.6907e-06 0.04119 1.06257e-01 1.43796e-01 2.00351e-01 3.71745e-03
9.999999 5.24401569e-02 0.00000000e+00 5.24401569e-02 0.00000000e+00 1.07146894e+01 0.00000000e+00 1.07146894e-02 0.000000e+00 0.000000e+00 0.000000e+00 6.120970e+01 5.243654e-01 0.0000e+00 0.0000e+00 -3.2223e-06 0.04243 1.12705e-01 1.50311e-01 2.06658e-01 3.95220e-03
