# tg_mhd (CUDA FP64)  tgc_slip_cond_n192_re250_drive0.4_bdrive0.2  N=192 L=192 Re=250 Pm=1 u0=0.05 nu_lat=1.215944e-02 eta_lat=1.215944e-02 tau_f=0.536478 tau_m=0.548638 dt=8.224065e-04 fw=profile
# t E_V E_M E_T H_C Omega_V Omega_M eps EM/EV OmM/OmV j_max w_max skew divb/j divb_wall/j mass_drift umax_lat fw1 fw2 fw4 tau_wall
0.000000 1.25019373e-01 1.25000000e-01 2.50019373e-01 -3.81293275e-20 3.75024330e-01 1.49945900e+00 1.49958666e-02 9.998450e-01 3.998298e+00 3.463243e+00 1.999775e+00 -8.316079e-19 2.8400e-15 6.1194e-15 +0.0000e+00 0.05000 8.08360e-02 1.63015e-01 3.30713e-01 0.00000e+00
0.250012 1.36390649e-01 1.36629744e-01 2.73020393e-01 -4.03499552e-05 4.80909945e-01 1.71484256e+00 1.75660200e-02 1.001753e+00 3.565829e+00 3.765019e+00 2.099895e+00 1.147802e-01 3.1687e-04 8.3384e-05 -4.2677e-06 0.05265 7.01858e-02 1.41162e-01 2.80814e-01 0.00000e+00
0.500023 1.47855873e-01 1.48148673e-01 2.96004546e-01 -1.61549319e-04 7.19436725e-01 2.06870031e+00 2.23050963e-02 1.001980e+00 2.875444e+00 4.566049e+00 2.742303e+00 2.083828e-01 4.5117e-04 3.2001e-04 -1.1054e-05 0.05337 6.05610e-02 1.22121e-01 2.62964e-01 0.00000e+00
0.750035 1.59064316e-01 1.57827786e-01 3.16892102e-01 -2.29556288e-04 1.06673736e+00 2.61204614e+00 2.94302680e-02 9.922262e-01 2.448631e+00 5.795720e+00 3.665019e+00 3.278588e-01 5.9342e-04 7.9556e-04 -1.1422e-05 0.05567 5.35170e-02 1.10608e-01 2.61339e-01 0.00000e+00
1.000046 1.70882297e-01 1.63307768e-01 3.34190065e-01 1.47311764e-04 1.55272253e+00 3.41744344e+00 3.97613277e-02 9.556740e-01 2.200936e+00 7.448536e+00 5.397422e+00 4.063629e-01 1.0033e-03 1.6771e-03 -1.8396e-06 0.05890 4.94153e-02 1.08781e-01 2.68077e-01 0.00000e+00
1.250058 1.84284646e-01 1.62471805e-01 3.46756451e-01 1.44652068e-03 2.22897582e+00 4.52601934e+00 5.40399613e-02 8.816351e-01 2.030538e+00 1.249886e+01 8.407370e+00 4.043962e-01 1.9212e-03 3.3149e-03 +1.1740e-05 0.06301 4.95282e-02 1.16764e-01 2.81390e-01 0.00000e+00
1.500069 1.98549924e-01 1.55526949e-01 3.54076873e-01 4.00844993e-03 3.01478575e+00 5.95259268e+00 7.17390274e-02 7.833141e-01 1.974466e+00 1.827134e+01 1.244013e+01 3.906339e-01 3.6908e-03 5.9243e-03 +2.0177e-05 0.06528 5.22300e-02 1.21662e-01 3.13463e-01 0.00000e+00
1.750081 2.12078930e-01 1.44652145e-01 3.56731074e-01 7.97430825e-03 3.67354169e+00 7.31301057e+00 8.78924181e-02 6.820675e-01 1.990725e+00 2.151786e+01 1.210605e+01 3.277332e-01 5.8428e-03 7.7286e-03 +1.8475e-05 0.06501 5.04169e-02 1.21651e-01 3.59985e-01 0.00000e+00
2.000092 2.24735410e-01 1.32011328e-01 3.56746738e-01 1.29025408e-02 4.15350873e+00 7.61781678e+00 9.41706041e-02 5.874078e-01 1.834068e+00 2.256781e+01 1.254152e+01 3.110668e-01 6.2765e-03 8.1399e-03 +1.0125e-05 0.06524 4.73064e-02 1.48909e-01 3.94239e-01 0.00000e+00
2.250104 2.36703485e-01 1.19709181e-01 3.56412666e-01 1.78687234e-02 4.50137777e+00 7.28717958e+00 9.43084588e-02 5.057348e-01 1.618878e+00 2.182798e+01 1.232629e+01 2.909694e-01 4.9106e-03 9.0195e-03 +2.6846e-06 0.06254 5.28486e-02 1.93583e-01 3.99665e-01 0.00000e+00
2.500116 2.47491010e-01 1.08920306e-01 3.56411316e-01 2.22672049e-02 4.73278154e+00 6.98856174e+00 9.37707462e-02 4.400980e-01 1.476629e+00 2.040335e+01 1.117533e+01 2.608116e-01 4.0623e-03 1.1811e-02 +2.7111e-06 0.06288 6.71236e-02 2.02183e-01 3.80548e-01 0.00000e+00
2.750127 2.56588318e-01 9.98162885e-02 3.56404606e-01 2.58232552e-02 4.83954300e+00 6.74127769e+00 9.26465656e-02 3.890134e-01 1.392957e+00 1.638498e+01 1.038780e+01 2.254298e-01 4.2874e-03 1.2631e-02 +7.7332e-06 0.06262 6.91207e-02 1.81440e-01 3.54597e-01 0.00000e+00
3.000139 2.63719374e-01 9.22230410e-02 3.55942415e-01 2.84054239e-02 4.89321283e+00 6.45989654e+00 9.08248749e-02 3.497014e-01 1.320175e+00 1.420722e+01 1.075022e+01 2.341027e-01 5.0109e-03 1.0802e-02 +1.2734e-05 0.06098 6.08166e-02 1.60577e-01 3.36368e-01 0.00000e+00
3.250150 2.68783247e-01 8.57605262e-02 3.54543773e-01 3.04169243e-02 4.94838236e+00 6.26127671e+00 8.96772725e-02 3.190695e-01 1.265318e+00 1.584104e+01 1.143989e+01 3.315522e-01 5.6329e-03 9.6878e-03 +1.3706e-05 0.06362 5.86679e-02 1.62142e-01 3.50464e-01 0.00000e+00
3.500162 2.72136565e-01 7.96824708e-02 3.51819035e-01 3.28139639e-02 5.01861863e+00 5.90656103e+00 8.74014373e-02 2.928033e-01 1.176930e+00 1.634993e+01 1.221188e+01 4.605343e-01 6.1528e-03 1.4296e-02 +1.1861e-05 0.06817 7.71026e-02 1.83243e-01 3.74150e-01 0.00000e+00
3.750173 2.74194503e-01 7.43904129e-02 3.48584916e-01 3.58454532e-02 5.16441998e+00 5.15352816e+00 8.25435852e-02 2.713053e-01 9.978910e-01 1.651594e+01 1.342671e+01 5.144508e-01 5.8981e-03 1.1294e-02 +1.2521e-05 0.07698 7.26061e-02 1.79929e-01 3.71568e-01 0.00000e+00
4.000185 2.74664552e-01 7.08304163e-02 3.45494968e-01 3.94754059e-02 5.25792028e+00 4.85397259e+00 8.08951430e-02 2.578797e-01 9.231735e-01 1.625302e+01 1.429613e+01 4.587051e-01 6.1900e-03 1.1575e-02 +1.4557e-05 0.07645 8.31690e-02 1.97787e-01 3.93793e-01 0.00000e+00
4.250197 2.73975659e-01 6.79208953e-02 3.41896554e-01 4.35079881e-02 5.21590299e+00 5.00080170e+00 8.17336376e-02 2.479085e-01 9.587605e-01 1.420935e+01 1.575580e+01 3.928554e-01 6.4062e-03 1.2652e-02 +1.7734e-05 0.07115 1.13779e-01 2.42474e-01 4.40524e-01 0.00000e+00
4.500208 2.73212015e-01 6.46696796e-02 3.37881695e-01 4.74157339e-02 5.06691031e+00 5.06558120e+00 8.10599321e-02 2.367014e-01 9.997377e-01 1.579831e+01 1.475378e+01 3.569873e-01 5.1907e-03 9.8929e-03 +2.1002e-05 0.07610 1.30720e-01 2.75726e-01 4.70633e-01 0.00000e+00
4.750220 2.72997580e-01 6.09863804e-02 3.33983960e-01 5.06961816e-02 4.86276946e+00 4.91054411e+00 7.81865086e-02 2.233953e-01 1.009825e+00 1.618317e+01 1.706289e+01 3.801674e-01 4.8072e-03 8.8172e-03 +2.2248e-05 0.07763 1.35713e-01 2.84306e-01 4.66961e-01 0.00000e+00
5.000231 2.73337190e-01 5.74811586e-02 3.30818348e-01 5.29901819e-02 4.75284482e+00 4.42344980e+00 7.34103570e-02 2.102940e-01 9.306952e-01 1.425589e+01 1.926566e+01 4.586419e-01 4.5587e-03 8.2463e-03 +2.0205e-05 0.07691 1.18359e-01 2.55556e-01 4.29282e-01 0.00000e+00
5.250243 2.73841956e-01 5.50144390e-02 3.28856395e-01 5.41260512e-02 4.76576063e+00 3.93725981e+00 6.96241635e-02 2.008985e-01 8.261556e-01 1.400639e+01 1.948641e+01 4.804530e-01 4.4012e-03 7.7434e-03 +1.5955e-05 0.07593 9.41148e-02 2.10669e-01 3.76015e-01 0.00000e+00
5.500254 2.74445135e-01 5.37315633e-02 3.28176698e-01 5.43593389e-02 4.83731725e+00 3.68096353e+00 6.81462463e-02 1.957825e-01 7.609514e-01 1.245367e+01 1.993017e+01 5.089205e-01 4.5383e-03 8.1437e-03 +1.2540e-05 0.06962 7.59581e-02 1.71592e-01 3.23916e-01 0.00000e+00
5.750266 2.75533316e-01 5.31649081e-02 3.28698225e-01 5.41540976e-02 4.89649002e+00 3.64741928e+00 6.83512744e-02 1.929527e-01 7.449049e-01 1.140676e+01 2.017872e+01 5.220893e-01 4.5612e-03 8.5440e-03 +1.1689e-05 0.06378 6.33949e-02 1.43663e-01 2.90079e-01 0.00000e+00
6.000277 2.77222088e-01 5.29096116e-02 3.30131699e-01 5.36913089e-02 4.90573170e+00 3.75058819e+00 6.92505591e-02 1.908564e-01 7.645319e-01 1.068356e+01 2.015891e+01 4.776662e-01 4.3860e-03 9.1064e-03 +1.2404e-05 0.06130 5.92484e-02 1.38513e-01 2.75940e-01 0.00000e+00
6.250289 2.79321992e-01 5.30185254e-02 3.32340518e-01 5.29651343e-02 4.88284897e+00 3.76052878e+00 6.91470220e-02 1.898115e-01 7.701505e-01 9.590777e+00 1.989469e+01 4.604160e-01 4.4277e-03 9.4625e-03 +1.3738e-05 0.06423 6.39059e-02 1.38115e-01 2.72032e-01 0.00000e+00
6.500301 2.81476208e-01 5.39462450e-02 3.35422453e-01 5.21894736e-02 4.86408140e+00 3.52899504e+00 6.71446115e-02 1.916547e-01 7.255214e-01 8.392484e+00 1.882427e+01 4.688124e-01 4.5705e-03 9.6306e-03 +1.5199e-05 0.06461 6.18800e-02 1.32784e-01 2.67935e-01 0.00000e+00
6.750312 2.83247584e-01 5.60952011e-02 3.39342785e-01 5.16779328e-02 4.91821327e+00 3.14652563e+00 6.45179112e-02 1.980430e-01 6.397701e-01 7.863625e+00 1.660248e+01 4.684253e-01 4.4848e-03 9.6000e-03 +1.7133e-05 0.06271 5.32042e-02 1.21327e-01 2.60136e-01 0.00000e+00
7.000324 2.84198621e-01 5.93931449e-02 3.43591766e-01 5.16405998e-02 5.05461902e+00 3.00485752e+00 6.44758123e-02 2.089846e-01 5.944775e-01 8.511980e+00 1.373717e+01 4.417845e-01 4.1042e-03 8.3302e-03 +1.9441e-05 0.06272 4.65336e-02 1.15090e-01 2.61109e-01 0.00000e+00
7.250335 2.84270301e-01 6.27581832e-02 3.47028484e-01 5.20887519e-02 5.16898076e+00 3.35544918e+00 6.81954396e-02 2.207694e-01 6.491510e-01 1.045394e+01 1.266012e+01 3.690090e-01 4.0319e-03 7.4609e-03 +2.2218e-05 0.06523 5.34903e-02 1.28382e-01 2.82640e-01 0.00000e+00
7.500347 2.83854566e-01 6.50910620e-02 3.48945628e-01 5.24314428e-02 5.24569522e+00 3.92580094e+00 7.33719692e-02 2.293113e-01 7.483853e-01 1.210764e+01 1.179991e+01 3.176155e-01 4.4659e-03 9.5738e-03 +2.4339e-05 0.06638 6.90136e-02 1.56505e-01 3.14378e-01 0.00000e+00
7.750358 2.83416270e-01 6.59061551e-02 3.49322425e-01 5.21082764e-02 5.31276780e+00 4.49729724e+00 7.84805203e-02 2.325419e-01 8.465074e-01 1.202469e+01 1.065752e+01 2.766785e-01 4.4945e-03 9.7421e-03 +2.4627e-05 0.06738 8.58526e-02 1.78717e-01 3.44439e-01 0.00000e+00
8.000370 2.83441244e-01 6.51523944e-02 3.48593639e-01 5.10285885e-02 5.34345449e+00 4.73167499e+00 8.06010358e-02 2.298621e-01 8.855086e-01 1.136339e+01 9.542595e+00 2.425688e-01 4.7881e-03 1.0491e-02 +2.2779e-05 0.06501 7.75481e-02 1.76405e-01 3.38589e-01 0.00000e+00
8.250382 2.84068803e-01 6.34162934e-02 3.47485096e-01 4.96885012e-02 5.41710086e+00 4.83416843e+00 8.20101543e-02 2.232427e-01 8.923903e-01 1.340761e+01 9.767643e+00 2.555076e-01 4.1732e-03 9.6062e-03 +1.9976e-05 0.06435 7.20254e-02 1.70964e-01 3.27325e-01 0.00000e+00
8.500393 2.85036702e-01 6.08259492e-02 3.45862651e-01 4.88302265e-02 5.48823727e+00 4.98845551e+00 8.38135423e-02 2.133969e-01 9.089358e-01 1.892340e+01 9.510206e+00 3.099113e-01 4.7825e-03 9.2922e-03 +1.8404e-05 0.06343 7.22564e-02 1.66650e-01 3.27972e-01 0.00000e+00
8.750405 2.85908773e-01 5.79287758e-02 3.43837549e-01 4.91027932e-02 5.42471257e+00 5.02554557e+00 8.36020651e-02 2.026128e-01 9.264169e-01 2.328008e+01 1.054581e+01 3.134499e-01 7.1480e-03 1.2731e-02 +1.7538e-05 0.06793 6.67381e-02 1.54042e-01 3.12849e-01 0.00000e+00
9.000416 2.86255537e-01 5.61170777e-02 3.42372615e-01 5.10588948e-02 5.25126277e+00 4.56431886e+00 7.85246530e-02 1.960384e-01 8.691850e-01 1.381128e+01 1.168737e+01 2.992960e-01 8.1296e-03 1.5769e-02 +1.6980e-05 0.07498 5.55625e-02 1.30168e-01 2.77544e-01 0.00000e+00
9.250428 2.85482337e-01 5.65286916e-02 3.42011028e-01 5.45259271e-02 5.11587562e+00 4.16235343e+00 7.42258324e-02 1.980112e-01 8.136151e-01 1.033642e+01 1.151725e+01 3.369754e-01 5.8952e-03 1.0753e-02 +1.6973e-05 0.07993 4.64814e-02 1.16462e-01 2.60591e-01 0.00000e+00
9.500439 2.82666600e-01 5.89722292e-02 3.41638829e-01 5.85589712e-02 5.07610879e+00 4.28124257e+00 7.48588109e-02 2.086282e-01 8.434103e-01 1.068449e+01 1.041675e+01 3.783258e-01 4.3830e-03 7.8972e-03 +1.7216e-05 0.08118 4.83498e-02 1.24169e-01 2.63516e-01 0.00000e+00
9.750451 2.77608001e-01 6.27397410e-02 3.40347742e-01 6.24641899e-02 5.05222112e+00 4.52597491e+00 7.66255683e-02 2.260012e-01 8.958386e-01 1.094350e+01 1.007988e+01 4.199749e-01 4.4052e-03 6.6446e-03 +1.7355e-05 0.07832 5.57298e-02 1.28481e-01 2.70159e-01 0.00000e+00
10.000462 2.71384053e-01 6.70475459e-02 3.38431599e-01 6.57570686e-02 4.95247004e+00 4.68915651e+00 7.71330124e-02 2.470578e-01 9.468319e-01 1.021860e+01 1.009608e+01 3.728645e-01 4.4080e-03 6.4007e-03 +1.6965e-05 0.07259 5.49936e-02 1.27863e-01 2.90052e-01 0.00000e+00
10.250474 2.65782645e-01 7.04286862e-02 3.36211331e-01 6.81181477e-02 4.94046827e+00 4.88633772e+00 7.86144479e-02 2.649860e-01 9.890434e-01 1.047857e+01 1.018863e+01 3.263496e-01 4.5829e-03 6.4278e-03 +1.6400e-05 0.06750 5.84432e-02 1.46833e-01 3.19516e-01 0.00000e+00
10.500486 2.62116961e-01 7.15438992e-02 3.33660860e-01 6.95794605e-02 5.02420912e+00 4.99792232e+00 8.01770515e-02 2.729465e-01 9.947680e-01 1.524208e+01 1.040469e+01 3.085662e-01 4.9668e-03 8.3161e-03 +1.6649e-05 0.06446 6.93287e-02 1.67632e-01 3.39989e-01 0.00000e+00
10.750497 2.60282463e-01 7.11488110e-02 3.31431274e-01 7.01366443e-02 5.07192251e+00 4.79498533e+00 7.89352627e-02 2.733523e-01 9.453980e-01 1.455369e+01 1.110395e+01 3.021851e-01 4.9357e-03 9.1118e-03 +1.7363e-05 0.06282 7.71891e-02 1.74502e-01 3.33443e-01 0.00000e+00
11.000509 2.59667693e-01 7.00049613e-02 3.29672655e-01 7.04982911e-02 5.04740626e+00 5.02342653e+00 8.05666623e-02 2.695944e-01 9.952491e-01 2.086629e+01 1.185308e+01 3.108766e-01 5.5656e-03 8.2260e-03 +1.7922e-05 0.06646 8.02315e-02 1.69540e-01 3.17594e-01 0.00000e+00
11.250520 2.60074186e-01 6.85086952e-02 3.28582881e-01 7.14557495e-02 4.92548724e+00 4.98754685e+00 7.93042727e-02 2.634198e-01 1.012600e+00 2.025413e+01 1.262613e+01 3.150133e-01 7.2264e-03 8.0424e-03 +1.7768e-05 0.07081 7.11930e-02 1.46819e-01 2.85026e-01 0.00000e+00
11.500532 2.60821803e-01 6.81767079e-02 3.28998511e-01 7.28229732e-02 4.86260809e+00 4.71385396e+00 7.66116964e-02 2.613919e-01 9.694086e-01 1.616297e+01 1.374294e+01 3.367482e-01 6.8099e-03 8.6933e-03 +1.6669e-05 0.07081 5.69352e-02 1.20754e-01 2.51069e-01 0.00000e+00
11.750543 2.60696032e-01 6.96372821e-02 3.30333314e-01 7.40863176e-02 4.94028568e+00 4.54068648e+00 7.58477773e-02 2.671206e-01 9.191142e-01 1.509617e+01 1.423299e+01 3.620334e-01 6.3143e-03 9.3135e-03 +1.4907e-05 0.07137 4.70938e-02 1.08140e-01 2.42857e-01 0.00000e+00
12.000555 2.59124167e-01 7.24233964e-02 3.31547563e-01 7.47894950e-02 5.01602899e+00 4.59601852e+00 7.68963800e-02 2.794930e-01 9.162663e-01 1.375938e+01 1.269255e+01 3.824888e-01 6.0835e-03 8.9218e-03 +1.3080e-05 0.07186 4.91110e-02 1.21855e-01 2.62928e-01 0.00000e+00
12.250567 2.56763656e-01 7.51103638e-02 3.31874020e-01 7.48500264e-02 5.06904698e+00 4.81104225e+00 7.90407138e-02 2.925272e-01 9.491019e-01 1.470556e+01 1.130703e+01 3.452713e-01 5.7617e-03 1.0058e-02 +1.2155e-05 0.07062 6.63728e-02 1.41154e-01 2.80924e-01 0.00000e+00
12.500578 2.54810089e-01 7.67470988e-02 3.31557188e-01 7.44655486e-02 5.18974310e+00 4.77659342e+00 7.97306922e-02 3.011933e-01 9.203911e-01 1.923747e+01 1.152051e+01 2.674312e-01 5.9559e-03 9.3480e-03 +1.3004e-05 0.06885 6.64663e-02 1.40186e-01 2.88448e-01 0.00000e+00
12.750590 2.53630317e-01 7.76195162e-02 3.31249833e-01 7.36541948e-02 5.38149147e+00 4.67569205e+00 8.04574682e-02 3.060341e-01 8.688469e-01 2.051903e+01 1.204946e+01 2.336693e-01 6.4230e-03 8.4907e-03 +1.4687e-05 0.06862 5.94827e-02 1.37564e-01 2.83085e-01 0.00000e+00
13.000601 2.52976971e-01 7.78230005e-02 3.30799971e-01 7.22184198e-02 5.53912863e+00 4.78011558e+00 8.25539537e-02 3.076288e-01 8.629725e-01 2.112859e+01 1.233851e+01 2.756830e-01 6.5937e-03 9.3379e-03 +1.6220e-05 0.06961 5.77236e-02 1.33491e-01 2.70938e-01 0.00000e+00
13.250613 2.52873279e-01 7.70311008e-02 3.29904380e-01 6.96793762e-02 5.56436148e+00 4.73103297e+00 8.23631556e-02 3.046233e-01 8.502383e-01 1.284966e+01 1.284159e+01 2.767197e-01 6.8231e-03 1.1933e-02 +1.7796e-05 0.07029 5.18869e-02 1.17546e-01 2.45971e-01 0.00000e+00
13.500624 2.53087380e-01 7.58176302e-02 3.28905010e-01 6.58684979e-02 5.63792150e+00 4.62919280e+00 8.21369144e-02 2.995710e-01 8.210815e-01 1.256892e+01 1.336089e+01 3.657231e-01 5.7605e-03 1.1447e-02 +1.9618e-05 0.07015 5.16969e-02 1.13965e-01 2.43899e-01 0.00000e+00
13.750636 2.52654176e-01 7.48847729e-02 3.27538949e-01 6.14181940e-02 5.64464936e+00 4.65040671e+00 8.23604486e-02 2.963924e-01 8.238610e-01 1.582156e+01 1.412819e+01 3.506533e-01 4.9188e-03 9.9831e-03 +2.1757e-05 0.07073 4.99011e-02 1.10675e-01 2.55472e-01 0.00000e+00
14.000647 2.51095779e-01 7.50291465e-02 3.26124926e-01 5.63493466e-02 5.54702786e+00 4.61022056e+00 8.12579874e-02 2.988069e-01 8.311154e-01 1.317804e+01 1.479124e+01 2.816504e-01 5.0809e-03 8.7006e-03 +2.2422e-05 0.06822 4.26875e-02 1.06253e-01 2.54414e-01 0.00000e+00
14.250659 2.48937723e-01 7.57530078e-02 3.24690731e-01 5.11942355e-02 5.43559963e+00 4.60641706e+00 8.03361335e-02 3.043051e-01 8.474533e-01 1.471169e+01 1.383127e+01 2.491133e-01 5.2277e-03 8.7064e-03 +2.0655e-05 0.06709 4.71155e-02 1.15884e-01 2.59922e-01 0.00000e+00
14.500671 2.47050278e-01 7.62593494e-02 3.23309627e-01 4.65720027e-02 5.28144585e+00 4.58447702e+00 7.89273829e-02 3.086795e-01 8.680345e-01 1.544246e+01 1.313864e+01 2.314172e-01 5.0597e-03 8.8004e-03 +1.7747e-05 0.06632 5.29570e-02 1.25915e-01 2.69799e-01 0.00000e+00
14.750682 2.45817696e-01 7.64165768e-02 3.22234272e-01 4.28130640e-02 5.04371359e+00 4.61118725e+00 7.72392067e-02 3.108669e-01 9.142445e-01 1.504019e+01 1.261592e+01 2.286848e-01 4.8375e-03 9.9640e-03 +1.4874e-05 0.06431 5.74526e-02 1.38413e-01 2.78288e-01 0.00000e+00
15.000694 2.45177440e-01 7.66032430e-02 3.21780683e-01 4.01848505e-02 4.73676625e+00 4.66306692e+00 7.51986653e-02 3.124400e-01 9.844410e-01 2.161372e+01 1.208646e+01 2.447882e-01 4.8113e-03 1.0933e-02 +1.2632e-05 0.06048 6.74653e-02 1.49662e-01 2.84356e-01 0.00000e+00
15.250705 2.45223230e-01 7.70992012e-02 3.22322432e-01 3.87241503e-02 4.48149377e+00 4.63950140e+00 7.29679614e-02 3.144041e-01 1.035258e+00 2.180126e+01 1.243491e+01 2.965074e-01 5.1153e-03 1.0511e-02 +1.1634e-05 0.06128 6.89233e-02 1.48758e-01 2.85089e-01 0.00000e+00
15.500717 2.45926220e-01 7.78667882e-02 3.23793008e-01 3.81223295e-02 4.36038821e+00 4.63898579e+00 7.19949920e-02 3.166266e-01 1.063893e+00 1.786737e+01 1.162833e+01 3.245092e-01 5.4094e-03 1.0887e-02 +1.1808e-05 0.06077 6.46011e-02 1.42511e-01 2.82798e-01 0.00000e+00
15.750728 2.46756611e-01 7.88745811e-02 3.25631192e-01 3.78155350e-02 4.33502965e+00 4.71307219e+00 7.23848147e-02 3.196453e-01 1.087206e+00 1.331448e+01 1.011513e+01 3.488688e-01 5.4326e-03 1.2754e-02 +1.2951e-05 0.06449 6.06063e-02 1.33838e-01 2.77506e-01 0.00000e+00
16.000740 2.47506278e-01 7.99965960e-02 3.27502874e-01 3.75683801e-02 4.35590083e+00 4.68432205e+00 7.23217831e-02 3.232104e-01 1.075397e+00 1.355167e+01 9.734124e+00 3.730411e-01 5.4814e-03 1.4497e-02 +1.4798e-05 0.06369 5.82272e-02 1.27813e-01 2.75934e-01 0.00000e+00
16.250752 2.48394623e-01 8.13687706e-02 3.29763394e-01 3.72897233e-02 4.42762873e+00 4.40586401e+00 7.06679419e-02 3.275786e-01 9.950843e-01 1.439632e+01 1.051724e+01 4.012826e-01 5.4540e-03 1.1747e-02 +1.6826e-05 0.06682 5.10500e-02 1.27004e-01 2.84318e-01 0.00000e+00
16.500763 2.49506244e-01 8.30826441e-02 3.32588888e-01 3.70405756e-02 4.58702731e+00 4.13519526e+00 6.97777805e-02 3.329882e-01 9.014979e-01 1.493640e+01 1.117264e+01 4.063945e-01 5.1976e-03 9.3214e-03 +1.8184e-05 0.06938 5.56781e-02 1.41101e-01 3.10159e-01 0.00000e+00
16.750775 2.50857433e-01 8.46814099e-02 3.35538843e-01 3.69558612e-02 4.75044221e+00 3.93456016e+00 6.94800190e-02 3.375679e-01 8.282513e-01 1.511586e+01 1.209314e+01 3.194354e-01 4.6944e-03 1.0090e-02 +1.8692e-05 0.06741 6.15067e-02 1.52355e-01 3.26138e-01 0.00000e+00
17.000786 2.52566800e-01 8.55758494e-02 3.38142650e-01 3.69919523e-02 4.78487732e+00 4.00257200e+00 7.02995946e-02 3.388246e-01 8.365046e-01 1.492652e+01 1.005389e+01 1.349903e-01 4.3032e-03 1.1781e-02 +1.8583e-05 0.06827 6.07355e-02 1.48859e-01 3.08360e-01 0.00000e+00
17.250798 2.54634754e-01 8.53230692e-02 3.39957823e-01 3.70390054e-02 4.77021277e+00 4.19258897e+00 7.17024139e-02 3.350802e-01 8.789103e-01 1.435436e+01 1.062399e+01 2.284190e-02 4.5317e-03 1.1649e-02 +1.8232e-05 0.06818 5.60586e-02 1.32355e-01 2.73475e-01 0.00000e+00
17.500809 2.56872045e-01 8.40796746e-02 3.40951720e-01 3.72646219e-02 4.81880841e+00 4.39146094e+00 7.36821549e-02 3.273212e-01 9.113168e-01 2.316895e+01 1.215582e+01 -1.746966e-03 4.8075e-03 1.0739e-02 +1.7351e-05 0.06996 4.74284e-02 1.10332e-01 2.42377e-01 0.00000e+00
17.750821 2.59240128e-01 8.19401732e-02 3.41180301e-01 3.75679114e-02 4.86187669e+00 4.65120391e+00 7.61046448e-02 3.160783e-01 9.566684e-01 2.795711e+01 1.314232e+01 3.964908e-02 5.2898e-03 9.5808e-03 +1.5533e-05 0.07042 3.71214e-02 9.49230e-02 2.17156e-01 0.00000e+00
18.000832 2.61543592e-01 7.95652482e-02 3.41108840e-01 3.75942824e-02 4.82158971e+00 4.81643558e+00 7.71042023e-02 3.042141e-01 9.989310e-01 2.247887e+01 1.346971e+01 1.415582e-01 5.7833e-03 9.7787e-03 +1.3076e-05 0.07184 3.93447e-02 1.02786e-01 2.13514e-01 0.00000e+00
18.250844 2.63301260e-01 7.76665729e-02 3.40967833e-01 3.75704380e-02 4.77136670e+00 4.81716865e+00 7.67082828e-02 2.949723e-01 1.009599e+00 1.748423e+01 1.322733e+01 2.110133e-01 5.6568e-03 9.9863e-03 +1.1164e-05 0.06682 5.32608e-02 1.23866e-01 2.37840e-01 0.00000e+00
18.500856 2.64632859e-01 7.61683640e-02 3.40801223e-01 3.76159908e-02 4.71324278e+00 4.85427898e+00 7.65401741e-02 2.878266e-01 1.029923e+00 1.641232e+01 1.288567e+01 2.784500e-01 4.8363e-03 1.1197e-02 +1.0363e-05 0.06148 6.42862e-02 1.40590e-01 2.60312e-01 0.00000e+00
18.750867 2.66210404e-01 7.41536672e-02 3.40364071e-01 3.76772376e-02 4.66745281e+00 4.95939187e+00 7.70147574e-02 2.785529e-01 1.062548e+00 1.967303e+01 1.220366e+01 3.430634e-01 4.6132e-03 1.1290e-02 +1.0867e-05 0.06526 6.83951e-02 1.43737e-01 2.70552e-01 0.00000e+00
19.000879 2.68286665e-01 7.17491211e-02 3.40035786e-01 3.78722467e-02 4.76296720e+00 4.61431921e+00 7.50182913e-02 2.674345e-01 9.687909e-01 1.781804e+01 1.100022e+01 4.047059e-01 5.0517e-03 1.1070e-02 +1.2675e-05 0.07028 6.55574e-02 1.41660e-01 2.87262e-01 0.00000e+00
19.250890 2.70069189e-01 7.04468461e-02 3.40516035e-01 3.87399940e-02 5.01188723e+00 4.03287674e+00 7.23581118e-02 2.608474e-01 8.046623e-01 1.487825e+01 1.228557e+01 4.940048e-01 5.4072e-03 9.9735e-03 +1.5070e-05 0.07132 6.42708e-02 1.46684e-01 3.09660e-01 0.00000e+00
19.500902 2.70634031e-01 7.05285072e-02 3.41162538e-01 4.06240478e-02 5.24420393e+00 3.77767249e+00 7.21750114e-02 2.606047e-01 7.203519e-01 1.828920e+01 1.272354e+01 4.633045e-01 5.8385e-03 1.2019e-02 +1.7224e-05 0.06866 6.40889e-02 1.46618e-01 3.09973e-01 0.00000e+00
19.750913 2.69558971e-01 7.14635287e-02 3.41022500e-01 4.32721789e-02 5.36902054e+00 3.83546358e+00 7.36358729e-02 2.651128e-01 7.143693e-01 1.527309e+01 1.259767e+01 3.357399e-01 6.3662e-03 1.5301e-02 +1.8400e-05 0.07107 5.77631e-02 1.31017e-01 2.86553e-01 0.00000e+00
20.000925 2.66701567e-01 7.29033819e-02 3.39604949e-01 4.61050117e-02 5.52842734e+00 4.13704794e+00 7.73238022e-02 2.733519e-01 7.483227e-01 1.944030e+01 1.340203e+01 3.071385e-01 5.6992e-03 1.3041e-02 +1.7760e-05 0.07331 5.15833e-02 1.21204e-01 2.62723e-01 0.00000e+00
20.250937 2.62458688e-01 7.42443032e-02 3.36702991e-01 4.86772804e-02 5.66812765e+00 4.66279754e+00 8.26474015e-02 2.828800e-01 8.226345e-01 2.343215e+01 1.260150e+01 3.396626e-01 5.7799e-03 1.0702e-02 +1.5029e-05 0.07331 6.42013e-02 1.40513e-01 2.69464e-01 0.00000e+00
20.500948 2.57992133e-01 7.53178933e-02 3.33310027e-01 5.08435443e-02 5.57546752e+00 4.77744753e+00 8.28233204e-02 2.919387e-01 8.568694e-01 1.602351e+01 1.298142e+01 3.448874e-01 5.7508e-03 9.9332e-03 +1.1991e-05 0.06961 8.15214e-02 1.62941e-01 2.96910e-01 0.00000e+00
20.750960 2.54768592e-01 7.61255097e-02 3.30894102e-01 5.26366472e-02 5.32023851e+00 4.75361413e+00 8.05908211e-02 2.988026e-01 8.934964e-01 1.308877e+01 1.413694e+01 3.403347e-01 4.8288e-03 8.7969e-03 +8.7697e-06 0.06546 7.98179e-02 1.78116e-01 3.24217e-01 0.00000e+00
21.000971 2.53263731e-01 7.59816337e-02 3.29245365e-01 5.37152784e-02 5.11140856e+00 4.96902117e+00 8.06434379e-02 3.000099e-01 9.721432e-01 2.310678e+01 1.335120e+01 3.152652e-01 4.9147e-03 1.0497e-02 +5.5457e-06 0.06737 9.80436e-02 2.22824e-01 3.69945e-01 0.00000e+00
21.250983 2.53127002e-01 7.47018017e-02 3.27828804e-01 5.38834924e-02 4.96004393e+00 5.11595884e+00 8.06080222e-02 2.951159e-01 1.031434e+00 2.542863e+01 1.280789e+01 2.567339e-01 5.4011e-03 1.2390e-02 +4.0055e-06 0.06643 1.25702e-01 2.53101e-01 3.91087e-01 0.00000e+00
21.500994 2.54147077e-01 7.28337938e-02 3.26980871e-01 5.36761755e-02 4.73886288e+00 5.04075493e+00 7.82369425e-02 2.865813e-01 1.063706e+00 2.114129e+01 1.266587e+01 2.225900e-01 5.6500e-03 1.3091e-02 +4.4836e-06 0.06404 1.31164e-01 2.47960e-01 3.76801e-01 0.00000e+00
21.751006 2.56331153e-01 7.10276890e-02 3.27358842e-01 5.37328919e-02 4.46675058e+00 4.71429152e+00 7.34483368e-02 2.770935e-01 1.055419e+00 1.735731e+01 1.220492e+01 2.559860e-01 5.6007e-03 1.2958e-02 +6.4737e-06 0.06323 1.22616e-01 2.25390e-01 3.47613e-01 0.00000e+00
22.001017 2.59486682e-01 6.99855396e-02 3.29472221e-01 5.44035367e-02 4.24435782e+00 4.16359276e+00 6.72636047e-02 2.697076e-01 9.809712e-01 1.432794e+01 1.170716e+01 2.912839e-01 5.3913e-03 1.1775e-02 +9.5689e-06 0.06520 1.01124e-01 1.89402e-01 3.07853e-01 0.00000e+00
22.251029 2.62964759e-01 7.00492995e-02 3.33014059e-01 5.58678964e-02 4.15208367e+00 3.77395642e+00 6.34083207e-02 2.663828e-01 9.089307e-01 1.366070e+01 1.212169e+01 3.285712e-01 4.8512e-03 1.0442e-02 +1.2985e-05 0.06826 7.64475e-02 1.54424e-01 2.74301e-01 0.00000e+00
22.501041 2.66209930e-01 7.04984020e-02 3.36708332e-01 5.81657178e-02 4.21243932e+00 3.65030900e+00 6.29019866e-02 2.648226e-01 8.665547e-01 1.361343e+01 1.420574e+01 3.926160e-01 5.2466e-03 9.8103e-03 +1.6091e-05 0.06872 6.14745e-02 1.32296e-01 2.59546e-01 0.00000e+00
22.751052 2.68937152e-01 7.07558966e-02 3.39693048e-01 6.11359715e-02 4.35157978e+00 3.67634767e+00 6.42234196e-02 2.630945e-01 8.448306e-01 1.419784e+01 1.401209e+01 4.262603e-01 5.8593e-03 9.6336e-03 +1.8609e-05 0.06783 5.31154e-02 1.20133e-01 2.52657e-01 0.00000e+00
23.001064 2.71252811e-01 7.06427128e-02 3.41895524e-01 6.44687995e-02 4.47905004e+00 3.82447743e+00 6.64282198e-02 2.604313e-01 8.538591e-01 1.689688e+01 1.352850e+01 4.355596e-01 6.0471e-03 1.0254e-02 +2.0407e-05 0.06746 4.98457e-02 1.14042e-01 2.66467e-01 0.00000e+00
23.251075 2.73828334e-01 7.01316120e-02 3.43959946e-01 6.74935495e-02 4.55080810e+00 3.86776193e+00 6.73485602e-02 2.561152e-01 8.499066e-01 1.691225e+01 1.369459e+01 3.848198e-01 6.0733e-03 1.0991e-02 +2.1440e-05 0.06648 4.67035e-02 1.18525e-01 2.86165e-01 0.00000e+00
23.501087 2.77036286e-01 6.98149893e-02 3.46851275e-01 6.96171674e-02 4.58727313e+00 3.73066211e+00 6.65434819e-02 2.520067e-01 8.132636e-01 1.221094e+01 1.258980e+01 2.767947e-01 6.3044e-03 1.3155e-02 +2.1363e-05 0.06658 5.08533e-02 1.36946e-01 2.89150e-01 0.00000e+00
23.751098 2.80447415e-01 7.03269907e-02 3.50774406e-01 7.07142357e-02 4.67780942e+00 3.56409008e+00 6.59351960e-02 2.507671e-01 7.619143e-01 1.020779e+01 1.232709e+01 2.675842e-01 5.3419e-03 1.2778e-02 +2.0222e-05 0.06902 5.52707e-02 1.30979e-01 2.77626e-01 0.00000e+00
24.001110 2.83664602e-01 7.12908647e-02 3.54955467e-01 7.14230121e-02 4.75714947e+00 3.86473943e+00 6.89751112e-02 2.513210e-01 8.124066e-01 1.426312e+01 1.189412e+01 3.065208e-01 4.0280e-03 1.0118e-02 +1.7738e-05 0.06708 5.23032e-02 1.29281e-01 2.73144e-01 0.00000e+00
24.251122 2.86914342e-01 7.13978117e-02 3.58312154e-01 7.21062772e-02 4.81753711e+00 4.40100112e+00 7.37483058e-02 2.488471e-01 9.135376e-01 1.862554e+01 1.266236e+01 2.788601e-01 4.5214e-03 9.6473e-03 +1.5497e-05 0.06399 6.51078e-02 1.49051e-01 2.83906e-01 0.00000e+00
24.501133 2.90162086e-01 7.05872702e-02 3.60749357e-01 7.27129289e-02 4.89739977e+00 4.61516974e+00 7.61005561e-02 2.432684e-01 9.423715e-01 1.919973e+01 1.296693e+01 2.709445e-01 5.0114e-03 1.0568e-02 +1.4680e-05 0.06345 8.32931e-02 1.70734e-01 2.98703e-01 0.00000e+00
24.751145 2.93076898e-01 6.98839695e-02 3.62960868e-01 7.38201638e-02 4.94798527e+00 4.39055361e+00 7.47083110e-02 2.384493e-01 8.873417e-01 1.718468e+01 1.261413e+01 2.957193e-01 4.7298e-03 1.0735e-02 +1.5495e-05 0.06579 9.04828e-02 1.73666e-01 2.99820e-01 0.00000e+00
25.001156 2.95162954e-01 7.02497239e-02 3.65412677e-01 7.60001992e-02 4.94308794e+00 4.05220182e+00 7.19623180e-02 2.380032e-01 8.197713e-01 1.583544e+01 1.196732e+01 2.999422e-01 4.4713e-03 1.0399e-02 +1.7348e-05 0.06632 7.77364e-02 1.52886e-01 2.79176e-01 0.00000e+00
25.251168 2.96082085e-01 7.17171435e-02 3.67799229e-01 7.92782378e-02 4.94065144e+00 3.97167643e+00 7.12986229e-02 2.422205e-01 8.038771e-01 1.223568e+01 1.138906e+01 3.100151e-01 4.7646e-03 9.5172e-03 +1.9309e-05 0.06782 5.79215e-02 1.25332e-01 2.54880e-01 0.00000e+00
25.501179 2.96215419e-01 7.33308212e-02 3.69546241e-01 8.34079120e-02 4.98092394e+00 4.26697746e+00 7.39832113e-02 2.475591e-01 8.566638e-01 1.713772e+01 1.129694e+01 3.501603e-01 5.0745e-03 9.5932e-03 +2.0948e-05 0.06890 4.95397e-02 1.13707e-01 2.54253e-01 0.00000e+00
25.751191 2.96317166e-01 7.41410913e-02 3.70458257e-01 8.77797673e-02 5.03371655e+00 4.67088525e+00 7.76368144e-02 2.502086e-01 9.279198e-01 2.153461e+01 1.134946e+01 3.622364e-01 5.9201e-03 1.0725e-02 +2.2124e-05 0.06941 4.93575e-02 1.22815e-01 2.72252e-01 0.00000e+00
26.001202 2.96553650e-01 7.45003062e-02 3.71053956e-01 9.14371180e-02 5.04271140e+00 4.84771755e+00 7.91234316e-02 2.512203e-01 9.613315e-01 1.872528e+01 1.121763e+01 3.008519e-01 6.3388e-03 1.2204e-02 +2.2920e-05 0.06846 5.89285e-02 1.40178e-01 2.78720e-01 0.00000e+00
26.251214 2.96693161e-01 7.52546853e-02 3.71947847e-01 9.35571035e-02 5.09594010e+00 4.68968987e+00 7.82850398e-02 2.536448e-01 9.202796e-01 1.253380e+01 1.167896e+01 2.783976e-01 5.7331e-03 1.1710e-02 +2.3452e-05 0.06804 5.82750e-02 1.25107e-01 2.61663e-01 0.00000e+00
26.501226 2.96890674e-01 7.63466252e-02 3.73237299e-01 9.45203355e-02 5.18660604e+00 4.67247651e+00 7.88726604e-02 2.571540e-01 9.008736e-01 1.538789e+01 1.258266e+01 2.534450e-01 4.7537e-03 8.1342e-03 +2.2326e-05 0.06460 4.33002e-02 1.07217e-01 2.46639e-01 0.00000e+00
26.751237 2.97519608e-01 7.66349276e-02 3.74154536e-01 9.50192111e-02 5.29148934e+00 4.99357775e+00 8.22805367e-02 2.575794e-01 9.436999e-01 1.861908e+01 1.346797e+01 2.255946e-01 5.3010e-03 1.0633e-02 +2.0346e-05 0.06795 5.16242e-02 1.22125e-01 2.56289e-01 0.00000e+00
27.001249 2.98445698e-01 7.61839821e-02 3.74629680e-01 9.52634810e-02 5.32122134e+00 5.13844690e+00 8.36773460e-02 2.552692e-01 9.656518e-01 2.152254e+01 1.383985e+01 1.844330e-01 5.5862e-03 1.1689e-02 +1.9181e-05 0.06659 6.37749e-02 1.35766e-01 2.67356e-01 0.00000e+00
27.251260 2.99394350e-01 7.62212223e-02 3.75615572e-01 9.59175709e-02 5.23813238e+00 4.95671823e+00 8.15588049e-02 2.545847e-01 9.462759e-01 2.050564e+01 1.328979e+01 1.802918e-01 5.3887e-03 1.0935e-02 +1.8596e-05 0.06450 6.62484e-02 1.40303e-01 2.74482e-01 0.00000e+00
27.501272 3.00382695e-01 7.71921834e-02 3.77574878e-01 9.77729962e-02 5.14266961e+00 4.69353352e+00 7.86896250e-02 2.569795e-01 9.126648e-01 1.748867e+01 1.235957e+01 2.170040e-01 4.7872e-03 9.2443e-03 +1.8465e-05 0.06472 6.61020e-02 1.45580e-01 2.81415e-01 0.00000e+00
27.751283 3.01528296e-01 7.85043483e-02 3.80032645e-01 1.01074678e-01 5.09504064e+00 4.51487823e+00 7.68793510e-02 2.603548e-01 8.861319e-01 1.323918e+01 1.147359e+01 2.428636e-01 5.1379e-03 1.1292e-02 +1.8988e-05 0.06514 6.66956e-02 1.44287e-01 2.77808e-01 0.00000e+00
28.001295 3.02673421e-01 8.00286209e-02 3.82702042e-01 1.05452541e-01 5.10234444e+00 4.30963937e+00 7.52958705e-02 2.644058e-01 8.446391e-01 1.486381e+01 1.143342e+01 2.488744e-01 5.7301e-03 1.1540e-02 +2.0135e-05 0.06639 5.83043e-02 1.25708e-01 2.60580e-01 0.00000e+00
28.251307 3.03149616e-01 8.23847399e-02 3.85534356e-01 1.10205907e-01 5.18080097e+00 4.34268362e+00 7.61878767e-02 2.717626e-01 8.382263e-01 1.688541e+01 1.186043e+01 2.903097e-01 5.8801e-03 1.1472e-02 +2.1319e-05 0.06732 4.74457e-02 1.09255e-01 2.62290e-01 0.00000e+00
28.501318 3.02513310e-01 8.53066400e-02 3.87819950e-01 1.14652552e-01 5.31444252e+00 4.82141115e+00 8.10868293e-02 2.819930e-01 9.072280e-01 1.903949e+01 1.149010e+01 3.600423e-01 5.6321e-03 1.1177e-02 +2.2152e-05 0.06737 4.90220e-02 1.25263e-01 2.79191e-01 0.00000e+00
28.751330 3.01156465e-01 8.76110465e-02 3.88767511e-01 1.18350475e-01 5.43598106e+00 5.31174039e+00 8.59817716e-02 2.909154e-01 9.771448e-01 1.578060e+01 1.054723e+01 3.248246e-01 6.3734e-03 1.4207e-02 +2.2799e-05 0.06700 5.98045e-02 1.32280e-01 2.88807e-01 0.00000e+00
29.001341 2.99979826e-01 8.89556982e-02 3.88935525e-01 1.20845559e-01 5.53023004e+00 5.25636464e+00 8.62927574e-02 2.965389e-01 9.504785e-01 2.085985e+01 1.081174e+01 2.201982e-01 6.0723e-03 1.3804e-02 +2.2913e-05 0.06876 4.56451e-02 1.10746e-01 2.55414e-01 0.00000e+00
29.251353 2.99744973e-01 8.90977205e-02 3.88842694e-01 1.22468566e-01 5.55458778e+00 5.35829388e+00 8.73030533e-02 2.972451e-01 9.646609e-01 3.062965e+01 1.158035e+01 1.136112e-01 6.8744e-03 1.2057e-02 +2.2204e-05 0.07190 4.55800e-02 1.10274e-01 2.41296e-01 0.00000e+00
29.501364 3.00701961e-01 8.80881347e-02 3.88790095e-01 1.23836850e-01 5.43243333e+00 5.35645289e+00 8.63110898e-02 2.929417e-01 9.860136e-01 2.791241e+01 1.138841e+01 3.400775e-02 7.1653e-03 1.2780e-02 +2.1705e-05 0.07135 4.69077e-02 1.08808e-01 2.38668e-01 0.00000e+00
29.751376 3.02465146e-01 8.71969594e-02 3.89662105e-01 1.25595125e-01 5.31534732e+00 5.07143769e+00 8.30942801e-02 2.882876e-01 9.541122e-01 1.780207e+01 1.205499e+01 8.720925e-02 6.0133e-03 1.0640e-02 +2.1470e-05 0.06516 4.19142e-02 1.02540e-01 2.39967e-01 0.00000e+00
30.001387 3.04204184e-01 8.74987672e-02 3.91702951e-01 1.28131133e-01 5.25376670e+00 4.72188375e+00 7.98052036e-02 2.876317e-01 8.987616e-01 1.191104e+01 1.322842e+01 1.673200e-01 5.9166e-03 1.0391e-02 +2.1389e-05 0.06562 4.11386e-02 1.07209e-01 2.56901e-01 0.00000e+00
30.251399 3.05097202e-01 8.93275017e-02 3.94424703e-01 1.31463351e-01 5.22242798e+00 4.47831619e+00 7.76059533e-02 2.927837e-01 8.575161e-01 1.279212e+01 1.341687e+01 2.369721e-01 6.2027e-03 1.1642e-02 +2.1389e-05 0.06622 4.73833e-02 1.20257e-01 2.69602e-01 0.00000e+00
30.501411 3.04940360e-01 9.21098754e-02 3.97050235e-01 1.35399979e-01 5.16068430e+00 4.46627147e+00 7.70156462e-02 3.020587e-01 8.654417e-01 1.517676e+01 1.316103e+01 2.825195e-01 5.3453e-03 1.1419e-02 +2.1608e-05 0.06843 5.31084e-02 1.18594e-01 2.63172e-01 0.00000e+00
30.751422 3.04147553e-01 9.50405244e-02 3.99188077e-01 1.39408174e-01 5.21437161e+00 4.47860671e+00 7.75438265e-02 3.124816e-01 8.588967e-01 1.642365e+01 1.317629e+01 2.470196e-01 5.4163e-03 1.1065e-02 +2.1949e-05 0.07059 4.29470e-02 9.89577e-02 2.46469e-01 0.00000e+00
31.001434 3.02770802e-01 9.79347489e-02 4.00705551e-01 1.42588816e-01 5.41284030e+00 4.56527698e+00 7.98249382e-02 3.234617e-01 8.434162e-01 1.744965e+01 1.224413e+01 1.408408e-01 5.5947e-03 1.2500e-02 +2.2111e-05 0.07161 3.34396e-02 8.82185e-02 2.39419e-01 0.00000e+00
31.251445 3.00910108e-01 1.00438368e-01 4.01348476e-01 1.44639667e-01 5.65951001e+00 4.82144372e+00 8.38476299e-02 3.337820e-01 8.519189e-01 1.978629e+01 1.189529e+01 7.605107e-02 5.3418e-03 1.0921e-02 +2.2084e-05 0.07244 3.59707e-02 9.25061e-02 2.35685e-01 0.00000e+00
31.501457 2.99081293e-01 1.01740097e-01 4.00821390e-01 1.45770833e-01 5.80698150e+00 5.08039872e+00 8.70990417e-02 3.401754e-01 8.748777e-01 2.443395e+01 1.272891e+01 2.767435e-02 6.2688e-03 1.1569e-02 +2.1990e-05 0.07482 3.83612e-02 9.58485e-02 2.21077e-01 0.00000e+00
31.751468 2.98291642e-01 1.01293825e-01 3.99585467e-01 1.46090194e-01 5.81346509e+00 5.22080289e+00 8.82741439e-02 3.395798e-01 8.980535e-01 3.136408e+01 1.375672e+01 1.345096e-02 6.8501e-03 1.2284e-02 +2.1924e-05 0.07589 3.68843e-02 8.84817e-02 2.01552e-01 0.00000e+00
32.001480 2.98683975e-01 9.95795312e-02 3.98263506e-01 1.45924761e-01 5.77186599e+00 5.27861421e+00 8.84038416e-02 3.333943e-01 9.145421e-01 2.927257e+01 1.366487e+01 5.153156e-02 6.8526e-03 1.2298e-02 +2.1740e-05 0.07338 3.21002e-02 7.87075e-02 1.88383e-01 0.00000e+00
32.251491 2.99336926e-01 9.81700036e-02 3.97506930e-01 1.45903376e-01 5.66066173e+00 5.20088789e+00 8.68923969e-02 3.279582e-01 9.187774e-01 2.420558e+01 1.266813e+01 7.289576e-02 6.6995e-03 1.1397e-02 +2.1103e-05 0.07256 3.29823e-02 8.03423e-02 1.94594e-01 0.00000e+00
32.501503 2.99204877e-01 9.86351072e-02 3.97839984e-01 1.46685709e-01 5.46933916e+00 5.03973792e+00 8.40726167e-02 3.296574e-01 9.214528e-01 2.268175e+01 1.236048e+01 1.066517e-01 6.8965e-03 1.1089e-02 +2.0120e-05 0.07246 3.92765e-02 9.42738e-02 2.25133e-01 0.00000e+00
32.751515 2.97742310e-01 1.01472523e-01 3.99214834e-01 1.48574164e-01 5.36887290e+00 4.91008194e+00 8.22316387e-02 3.408065e-01 9.145461e-01 1.620762e+01 1.225664e+01 2.118540e-01 6.4827e-03 1.0808e-02 +1.9344e-05 0.07140 5.08531e-02 1.17860e-01 2.69850e-01 0.00000e+00
33.001526 2.94766876e-01 1.05693027e-01 4.00459903e-01 1.51669527e-01 5.43115086e+00 5.15741628e+00 8.47085372e-02 3.585648e-01 9.495992e-01 1.757285e+01 1.313786e+01 3.457536e-01 5.7204e-03 1.1978e-02 +1.9155e-05 0.07142 6.27581e-02 1.40412e-01 3.00831e-01 0.00000e+00
33.251538 2.91682188e-01 1.08524849e-01 4.00207037e-01 1.55657249e-01 5.52404217e+00 5.51774503e+00 8.83342976e-02 3.720654e-01 9.988600e-01 1.996985e+01 1.459614e+01 3.524358e-01 6.2858e-03 1.3663e-02 +1.9701e-05 0.07347 6.26609e-02 1.37410e-01 2.95109e-01 0.00000e+00
33.501549 2.90437140e-01 1.08294484e-01 3.98731623e-01 1.59178187e-01 5.61512885e+00 5.26178095e+00 8.70152784e-02 3.728672e-01 9.370722e-01 1.510327e+01 1.441136e+01 2.360403e-01 6.3711e-03 1.3464e-02 +2.0840e-05 0.07318 5.31481e-02 1.19786e-01 2.68606e-01 0.00000e+00
33.751561 2.90292274e-01 1.06794127e-01 3.97086401e-01 1.61432437e-01 5.80607752e+00 4.86862190e+00 8.53975954e-02 3.678848e-01 8.385389e-01 1.816081e+01 1.368348e+01 1.309510e-01 5.2566e-03 1.1773e-02 +2.1792e-05 0.07170 4.05278e-02 1.02362e-01 2.49921e-01 0.00000e+00
34.001572 2.89591372e-01 1.05553746e-01 3.95145119e-01 1.62785025e-01 6.04504190e+00 4.96872388e+00 8.81101263e-02 3.644920e-01 8.219503e-01 2.784640e+01 1.356360e+01 7.583421e-02 5.5082e-03 1.2723e-02 +2.1746e-05 0.07408 3.83772e-02 1.03248e-01 2.33770e-01 0.00000e+00
34.251584 2.87916672e-01 1.04562546e-01 3.92479217e-01 1.63386919e-01 6.20531432e+00 5.12178595e+00 9.06168021e-02 3.631695e-01 8.253870e-01 2.735211e+01 1.403038e+01 1.088729e-01 5.9758e-03 1.1520e-02 +2.0802e-05 0.07445 4.71848e-02 1.06879e-01 2.24541e-01 0.00000e+00
34.501596 2.85569335e-01 1.04136642e-01 3.89705978e-01 1.63236321e-01 6.09173944e+00 5.09605441e+00 8.95023507e-02 3.646633e-01 8.365516e-01 2.577935e+01 1.305142e+01 1.628991e-01 5.6987e-03 1.0020e-02 +1.8881e-05 0.07005 4.36854e-02 9.88771e-02 2.14758e-01 0.00000e+00
34.751607 2.83026787e-01 1.04272417e-01 3.87299203e-01 1.62498392e-01 5.81864206e+00 5.22977483e+00 8.83873351e-02 3.684189e-01 8.987964e-01 2.849605e+01 1.238975e+01 2.159970e-01 5.2578e-03 9.2230e-03 +1.6195e-05 0.06935 4.04046e-02 9.91552e-02 2.22367e-01 0.00000e+00
35.001619 2.80790887e-01 1.04355458e-01 3.85146344e-01 1.61515111e-01 5.55413642e+00 5.41675971e+00 8.77671690e-02 3.716483e-01 9.752659e-01 3.099873e+01 1.190582e+01 2.546449e-01 5.5815e-03 1.0784e-02 +1.3198e-05 0.07131 4.95318e-02 1.22506e-01 2.57903e-01 0.00000e+00
35.251630 2.79015807e-01 1.04618782e-01 3.83634589e-01 1.60778966e-01 5.30029982e+00 5.35676352e+00 8.52565067e-02 3.749565e-01 1.010653e+00 2.372848e+01 1.115510e+01 2.716729e-01 5.3955e-03 1.3333e-02 +1.0866e-05 0.07163 7.33724e-02 1.57782e-01 3.06140e-01 0.00000e+00
35.501642 2.78075487e-01 1.05338113e-01 3.83413601e-01 1.61049138e-01 5.09635635e+00 5.07424421e+00 8.13648045e-02 3.788112e-01 9.956612e-01 1.807672e+01 1.215067e+01 3.316004e-01 4.4338e-03 1.2253e-02 +1.0676e-05 0.07035 8.56224e-02 1.78454e-01 3.43510e-01 0.00000e+00
35.751653 2.78199170e-01 1.06239655e-01 3.84438824e-01 1.62813164e-01 5.05088228e+00 4.77087369e+00 7.85740478e-02 3.818834e-01 9.445624e-01 1.268087e+01 1.338009e+01 4.821293e-01 4.2897e-03 1.0339e-02 +1.2590e-05 0.06941 8.24577e-02 1.80586e-01 3.59843e-01 0.00000e+00
36.001665 2.78854153e-01 1.07100483e-01 3.85954636e-01 1.66226472e-01 5.17960984e+00 4.62841281e+00 7.84641812e-02 3.840735e-01 8.935833e-01 1.497795e+01 1.647916e+01 6.281920e-01 4.6150e-03 8.8818e-03 +1.5378e-05 0.06920 7.53900e-02 1.71829e-01 3.57466e-01 0.00000e+00
36.251676 2.79196113e-01 1.07808004e-01 3.87004118e-01 1.70620236e-01 5.29237308e+00 4.71538778e+00 8.00620869e-02 3.861372e-01 8.909780e-01 1.700759e+01 1.690653e+01 6.582954e-01 6.2685e-03 1.1912e-02 +1.7384e-05 0.06885 6.55312e-02 1.54543e-01 3.39926e-01 0.00000e+00
36.501688 2.78922662e-01 1.08487811e-01 3.87410473e-01 1.74179577e-01 5.29357888e+00 4.74530583e+00 8.03110777e-02 3.889530e-01 8.964268e-01 1.721104e+01 1.364962e+01 4.796782e-01 7.3012e-03 1.3582e-02 +1.8191e-05 0.07042 5.37378e-02 1.32460e-01 3.08733e-01 0.00000e+00
36.751700 2.78494477e-01 1.09369788e-01 3.87864265e-01 1.75448813e-01 5.39729218e+00 4.55871675e+00 7.96480714e-02 3.927180e-01 8.446303e-01 2.116644e+01 1.421360e+01 2.919179e-01 5.8632e-03 1.0284e-02 +1.8432e-05 0.06926 4.62380e-02 1.21190e-01 2.93614e-01 0.00000e+00
37.001711 2.78029641e-01 1.10364410e-01 3.88394051e-01 1.75018158e-01 5.58801040e+00 4.61951041e+00 8.16601665e-02 3.969520e-01 8.266825e-01 2.092953e+01 1.391578e+01 2.576354e-01 5.2186e-03 7.9162e-03 +1.7767e-05 0.06615 5.25582e-02 1.35940e-01 3.02720e-01 0.00000e+00
37.251723 2.77767169e-01 1.11009803e-01 3.88776972e-01 1.73659178e-01 5.63741207e+00 4.65684817e+00 8.23540819e-02 3.996506e-01 8.260613e-01 2.024764e+01 1.293444e+01 2.608836e-01 5.2724e-03 8.2625e-03 +1.6478e-05 0.06751 6.26225e-02 1.51168e-01 3.11081e-01 0.00000e+00
37.501734 2.77664630e-01 1.11615257e-01 3.89279887e-01 1.71810320e-01 5.56020761e+00 4.59499928e+00 8.12416551e-02 4.019787e-01 8.264079e-01 1.884200e+01 1.198721e+01 2.810306e-01 5.1291e-03 8.5466e-03 +1.4844e-05 0.06685 6.36509e-02 1.50146e-01 3.08832e-01 0.00000e+00
37.751746 2.77041948e-01 1.12776953e-01 3.89818901e-01 1.69912789e-01 5.38003406e+00 4.62851342e+00 8.00683798e-02 4.070754e-01 8.603130e-01 1.537542e+01 1.132313e+01 3.228587e-01 4.9669e-03 8.9727e-03 +1.2634e-05 0.06444 5.99605e-02 1.44616e-01 3.06376e-01 0.00000e+00
38.001757 2.75671386e-01 1.14329597e-01 3.90000984e-01 1.68091659e-01 5.19690006e+00 4.84950233e+00 8.03712191e-02 4.147315e-01 9.331529e-01 1.309239e+01 1.180545e+01 3.104481e-01 4.7011e-03 9.2732e-03 +1.0338e-05 0.06648 6.09796e-02 1.45409e-01 3.14573e-01 0.00000e+00
38.251769 2.73637989e-01 1.15931231e-01 3.89569220e-01 1.66371121e-01 5.04178162e+00 5.18650776e+00 8.18263150e-02 4.236664e-01 1.028705e+00 1.468512e+01 1.193511e+01 2.327373e-01 4.5332e-03 9.2393e-03 +8.3134e-06 0.06822 6.13617e-02 1.58030e-01 3.33423e-01 0.00000e+00
38.501781 2.71428466e-01 1.17247441e-01 3.88675907e-01 1.64984255e-01 4.90349450e+00 5.51526075e+00 8.33500420e-02 4.319644e-01 1.124761e+00 1.625140e+01 1.194086e+01 1.601838e-01 4.2161e-03 8.8155e-03 +6.8970e-06 0.06810 6.41635e-02 1.77440e-01 3.55847e-01 0.00000e+00
38.751792 2.70011790e-01 1.17724518e-01 3.87736308e-01 1.64098282e-01 4.85349414e+00 5.66608281e+00 8.41566156e-02 4.359977e-01 1.167423e+00 1.608299e+01 1.162482e+01 2.095147e-01 4.2441e-03 9.2203e-03 +7.5646e-06 0.06616 6.96934e-02 1.86895e-01 3.67951e-01 0.00000e+00
39.001804 2.69870668e-01 1.17206310e-01 3.87076978e-01 1.63681710e-01 5.01880883e+00 5.56216432e+00 8.46477852e-02 4.343055e-01 1.108264e+00 1.415842e+01 1.229042e+01 3.856039e-01 5.3055e-03 9.6158e-03 +1.0673e-05 0.06649 7.40452e-02 1.79579e-01 3.57604e-01 0.00000e+00
39.251815 2.70432470e-01 1.16158181e-01 3.86590651e-01 1.63645141e-01 5.34336160e+00 5.45076998e+00 8.63530526e-02 4.295275e-01 1.020101e+00 1.595515e+01 1.552429e+01 5.242350e-01 6.6333e-03 9.3465e-03 +1.4141e-05 0.06908 7.09430e-02 1.61888e-01 3.31401e-01 0.00000e+00
39.501827 2.70985515e-01 1.14650356e-01 3.85635871e-01 1.64027451e-01 5.66626932e+00 5.40717147e+00 8.85875263e-02 4.230867e-01 9.542736e-01 2.200182e+01 1.843248e+01 5.967108e-01 7.7361e-03 9.9784e-03 +1.6195e-05 0.06838 6.94381e-02 1.59971e-01 3.22915e-01 0.00000e+00
39.751838 2.71052367e-01 1.12761386e-01 3.83813753e-01 1.64677561e-01 5.86704764e+00 5.17281062e+00 8.83188661e-02 4.160133e-01 8.816718e-01 2.208736e+01 1.810129e+01 6.503217e-01 8.7648e-03 1.3687e-02 +1.7245e-05 0.06765 7.09597e-02 1.61378e-01 3.29097e-01 0.00000e+00
40.001850 2.70487922e-01 1.11600910e-01 3.82088833e-01 1.64913389e-01 5.78850084e+00 4.56066037e+00 8.27932897e-02 4.125911e-01 7.878828e-01 1.934896e+01 1.355427e+01 6.422542e-01 8.1489e-03 1.3996e-02 +1.7424e-05 0.06661 6.33720e-02 1.53435e-01 3.22369e-01 0.00000e+00
40.251861 2.69582120e-01 1.11782163e-01 3.81364284e-01 1.63595207e-01 5.49176587e+00 4.15770613e+00 7.71957760e-02 4.146498e-01 7.570800e-01 1.317811e+01 1.329849e+01 4.902390e-01 6.5706e-03 1.0637e-02 +1.6366e-05 0.06774 6.42480e-02 1.55633e-01 3.25894e-01 0.00000e+00
40.501873 2.68526494e-01 1.12860338e-01 3.81386832e-01 1.60427926e-01 5.28066563e+00 4.07801119e+00 7.48694145e-02 4.202950e-01 7.722532e-01 1.842427e+01 1.340554e+01 3.336368e-01 5.1226e-03 8.2127e-03 +1.3800e-05 0.07089 6.62966e-02 1.65593e-01 3.49218e-01 0.00000e+00
40.751885 2.67198096e-01 1.14053425e-01 3.81251521e-01 1.56736363e-01 5.07333947e+00 4.39733579e+00 7.57654021e-02 4.268497e-01 8.667537e-01 1.858023e+01 1.306907e+01 2.087766e-01 5.0880e-03 9.6457e-03 +9.2746e-06 0.07295 6.60635e-02 1.86926e-01 3.74055e-01 0.00000e+00
41.001896 2.65727195e-01 1.14758594e-01 3.80485789e-01 1.53438726e-01 4.80089500e+00 4.94652783e+00 7.79793827e-02 4.318662e-01 1.030335e+00 1.793679e+01 1.269937e+01 1.812710e-01 4.6761e-03 9.9432e-03 +4.0830e-06 0.07357 8.43400e-02 2.24646e-01 3.94096e-01 0.00000e+00
41.251908 2.64329859e-01 1.14705020e-01 3.79034879e-01 1.50826034e-01 4.60641431e+00 5.45528699e+00 8.04936104e-02 4.339465e-01 1.184281e+00 1.745446e+01 1.126220e+01 2.483753e-01 4.2440e-03 9.3320e-03 +1.4160e-06 0.07329 1.10856e-01 2.51030e-01 4.12661e-01 0.00000e+00
41.501919 2.62863955e-01 1.14789314e-01 3.77653269e-01 1.49047298e-01 4.50218335e+00 5.50568160e+00 8.00629196e-02 4.366872e-01 1.222891e+00 1.683957e+01 1.025932e+01 3.418522e-01 4.1322e-03 9.5164e-03 +2.2560e-06 0.07052 1.12781e-01 2.42792e-01 4.13714e-01 0.00000e+00
41.751931 2.61044274e-01 1.16297493e-01 3.77341767e-01 1.48540364e-01 4.42602009e+00 5.44489580e+00 7.89673271e-02 4.455087e-01 1.230201e+00 1.694764e+01 1.213734e+01 4.300580e-01 4.0409e-03 9.9199e-03 +4.6736e-06 0.06839 9.31730e-02 2.30624e-01 3.96155e-01 0.00000e+00
42.001942 2.59458342e-01 1.18663377e-01 3.78121719e-01 1.49422440e-01 4.39226220e+00 5.50780766e+00 7.92005588e-02 4.573504e-01 1.253980e+00 1.644424e+01 1.373541e+01 4.642097e-01 4.8242e-03 1.0593e-02 +7.3992e-06 0.06870 8.47493e-02 2.17568e-01 3.77364e-01 0.00000e+00
42.251954 2.58865359e-01 1.20717452e-01 3.79582811e-01 1.51308819e-01 4.44174639e+00 5.57886829e+00 8.01649174e-02 4.663330e-01 1.256008e+00 1.512038e+01 1.452319e+01 4.541877e-01 5.9189e-03 1.1293e-02 +1.0272e-05 0.06868 8.25311e-02 1.99704e-01 3.62968e-01 0.00000e+00
42.501966 2.59013492e-01 1.21744715e-01 3.80758207e-01 1.53499763e-01 4.63283757e+00 5.80190009e+00 8.34779013e-02 4.700323e-01 1.252343e+00 1.805377e+01 1.485892e+01 4.811130e-01 6.4795e-03 1.0666e-02 +1.2784e-05 0.06914 7.93809e-02 1.85623e-01 3.56064e-01 0.00000e+00
42.751977 2.59470742e-01 1.20728870e-01 3.80199612e-01 1.55107374e-01 4.90632267e+00 6.17336231e+00 8.86374798e-02 4.652890e-01 1.258246e+00 2.102167e+01 1.549323e+01 5.108938e-01 6.5894e-03 1.0589e-02 +1.4375e-05 0.06967 8.43740e-02 1.88705e-01 3.59995e-01 0.00000e+00
43.001989 2.60174197e-01 1.17076123e-01 3.77250320e-01 1.55646717e-01 5.16160612e+00 6.36002742e+00 9.21730683e-02 4.499913e-01 1.232180e+00 2.336343e+01 1.519151e+01 4.966682e-01 7.1875e-03 1.1729e-02 +1.5354e-05 0.07272 8.81206e-02 1.87411e-01 3.60706e-01 0.00000e+00
43.252000 2.60994163e-01 1.12112317e-01 3.73106480e-01 1.54897922e-01 5.29091696e+00 5.79091508e+00 8.86546563e-02 4.295587e-01 1.094501e+00 2.501356e+01 1.336909e+01 4.066147e-01 7.9786e-03 1.2845e-02 +1.5445e-05 0.07429 7.51097e-02 1.71301e-01 3.40894e-01 0.00000e+00
43.502012 2.61442653e-01 1.08592610e-01 3.70035263e-01 1.52122168e-01 5.27567088e+00 4.75974350e+00 8.02833150e-02 4.153592e-01 9.022063e-01 1.217796e+01 1.181770e+01 2.687842e-01 6.5765e-03 1.1041e-02 +1.4745e-05 0.07841 7.39344e-02 1.75615e-01 3.27902e-01 0.00000e+00
43.752023 2.61248364e-01 1.07031721e-01 3.68280084e-01 1.47644067e-01 5.22685343e+00 4.38634918e+00 7.69056209e-02 4.096934e-01 8.391950e-01 1.347850e+01 1.359035e+01 2.166932e-01 4.3682e-03 8.1600e-03 +1.4506e-05 0.07927 9.17865e-02 1.98623e-01 3.47373e-01 0.00000e+00
44.002035 2.60463732e-01 1.06518325e-01 3.66982057e-01 1.42775711e-01 5.08088291e+00 4.30735116e+00 7.51058725e-02 4.089565e-01 8.477564e-01 1.319986e+01 1.459058e+01 2.371162e-01 3.9744e-03 7.9583e-03 +1.3433e-05 0.07816 8.69755e-02 1.90802e-01 3.51880e-01 0.00000e+00
44.252046 2.59020756e-01 1.07375824e-01 3.66396580e-01 1.38330444e-01 4.80492126e+00 4.38304068e+00 7.35036955e-02 4.145453e-01 9.121982e-01 1.334975e+01 1.388586e+01 2.471798e-01 3.8718e-03 7.7579e-03 +9.6131e-06 0.07538 7.34880e-02 1.81760e-01 3.50528e-01 0.00000e+00
44.502058 2.57134394e-01 1.09123124e-01 3.66257518e-01 1.34422378e-01 4.60685109e+00 4.78563733e+00 7.51399074e-02 4.243817e-01 1.038809e+00 1.560811e+01 1.141165e+01 2.940858e-01 3.7791e-03 8.6748e-03 +5.1091e-06 0.07080 8.53604e-02 1.97704e-01 3.74250e-01 0.00000e+00
44.752070 2.55265436e-01 1.11008603e-01 3.66274039e-01 1.31246605e-01 4.51324764e+00 5.07151385e+00 7.66780919e-02 4.348752e-01 1.123695e+00 1.406083e+01 9.796491e+00 3.833784e-01 3.7531e-03 9.2237e-03 +3.1984e-06 0.07063 8.63984e-02 2.01994e-01 3.87736e-01 0.00000e+00
45.002081 2.53670149e-01 1.13209751e-01 3.66879900e-01 1.29306204e-01 4.50718314e+00 5.19171088e+00 7.75911521e-02 4.462872e-01 1.151875e+00 1.366503e+01 8.872909e+00 4.937381e-01 3.8014e-03 8.2384e-03 +3.7460e-06 0.06800 7.62985e-02 1.95870e-01 3.92293e-01 0.00000e+00
45.252093 2.52269804e-01 1.15817789e-01 3.68087593e-01 1.28535932e-01 4.54308959e+00 5.37598037e+00 7.93525597e-02 4.591029e-01 1.183331e+00 1.401395e+01 1.055252e+01 5.138215e-01 4.4919e-03 8.1092e-03 +5.8793e-06 0.06920 7.17728e-02 1.90414e-01 3.94396e-01 0.00000e+00
45.502104 2.51437997e-01 1.18040979e-01 3.69478977e-01 1.28468757e-01 4.58814704e+00 5.57852916e+00 8.13334096e-02 4.694636e-01 1.215857e+00 1.823362e+01 1.142130e+01 4.772319e-01 5.6775e-03 9.0524e-03 +8.8455e-06 0.06942 7.64445e-02 1.90883e-01 3.94718e-01 0.00000e+00
45.752116 2.51399076e-01 1.19012561e-01 3.70411637e-01 1.28631141e-01 4.78932107e+00 5.71550843e+00 8.40386360e-02 4.734009e-01 1.193386e+00 1.922663e+01 1.219729e+01 5.474566e-01 5.8443e-03 8.9370e-03 +1.1891e-05 0.06729 8.31102e-02 1.93348e-01 3.96916e-01 0.00000e+00
46.002127 2.51223689e-01 1.18426378e-01 3.69650067e-01 1.28944317e-01 5.13269299e+00 6.08142752e+00 8.97129641e-02 4.713981e-01 1.184841e+00 2.287251e+01 1.402443e+01 6.293717e-01 5.9403e-03 1.0182e-02 +1.4103e-05 0.06644 8.55823e-02 1.93207e-01 4.01250e-01 0.00000e+00
46.252139 2.49867504e-01 1.16232982e-01 3.66100486e-01 1.29451246e-01 5.41687180e+00 6.59530632e+00 9.60974250e-02 4.651785e-01 1.217549e+00 2.656978e+01 1.392443e+01 6.365823e-01 7.0484e-03 1.2230e-02 +1.4511e-05 0.06724 7.92919e-02 1.84206e-01 3.89669e-01 0.00000e+00
46.502151 2.47273914e-01 1.12961049e-01 3.60234963e-01 1.29225782e-01 5.47437507e+00 6.77900076e+00 9.80270066e-02 4.568256e-01 1.238315e+00 2.672566e+01 1.289151e+01 5.665695e-01 7.2180e-03 1.1186e-02 +1.2664e-05 0.07370 8.29090e-02 1.91098e-01 3.78983e-01 0.00000e+00
46.752162 2.44357018e-01 1.09487310e-01 3.53844328e-01 1.26456875e-01 5.36263894e+00 6.18551760e+00 9.23852524e-02 4.480629e-01 1.153447e+00 2.004998e+01 1.228816e+01 4.812138e-01 6.5428e-03 9.6187e-03 +1.0587e-05 0.07807 1.04964e-01 2.24410e-01 3.95916e-01 0.00000e+00
47.002174 2.41950506e-01 1.06576163e-01 3.48526670e-01 1.21096436e-01 5.26183115e+00 5.45894216e+00 8.57661865e-02 4.404875e-01 1.037461e+00 1.812396e+01 1.162153e+01 4.202372e-01 4.8605e-03 8.1294e-03 +9.4319e-06 0.07825 1.24064e-01 2.50771e-01 4.28205e-01 0.00000e+00
47.252185 2.40066783e-01 1.03838658e-01 3.43905441e-01 1.15125362e-01 5.12544091e+00 5.25407496e+00 8.30361270e-02 4.325407e-01 1.025097e+00 2.593294e+01 1.136002e+01 4.289726e-01 4.0638e-03 7.4094e-03 +7.7808e-06 0.07523 1.15529e-01 2.53434e-01 4.43466e-01 0.00000e+00
47.502197 2.38539606e-01 1.01419092e-01 3.39958698e-01 1.09815129e-01 4.81225659e+00 5.32767396e+00 8.11194444e-02 4.251667e-01 1.107105e+00 2.667247e+01 1.120118e+01 3.955479e-01 4.6140e-03 8.3847e-03 +4.5378e-06 0.07593 1.08059e-01 2.55038e-01 4.44117e-01 0.00000e+00
47.752208 2.37902744e-01 9.89852735e-02 3.36888017e-01 1.05418139e-01 4.50782636e+00 5.50407410e+00 8.00952037e-02 4.160745e-01 1.221004e+00 2.226284e+01 1.165920e+01 3.710886e-01 5.1470e-03 1.0091e-02 +1.9331e-06 0.07452 1.16395e-01 2.61276e-01 4.40238e-01 0.00000e+00
48.002220 2.38711970e-01 9.65448784e-02 3.35256848e-01 1.01999078e-01 4.32369540e+00 5.22912407e+00 7.64225558e-02 4.044409e-01 1.209411e+00 1.573566e+01 1.139557e+01 3.792451e-01 5.4094e-03 1.0622e-02 +2.2766e-06 0.07389 1.14323e-01 2.46311e-01 4.21090e-01 0.00000e+00
48.252231 2.40593386e-01 9.54504566e-02 3.36043843e-01 9.96988210e-02 4.22674642e+00 4.63193918e+00 7.08694848e-02 3.967293e-01 1.095864e+00 1.453509e+01 1.064556e+01 4.049673e-01 4.8207e-03 9.9310e-03 +4.6672e-06 0.07240 9.93730e-02 2.18454e-01 3.99144e-01 0.00000e+00
48.502243 2.42581054e-01 9.65981396e-02 3.39179194e-01 9.86052482e-02 4.20466332e+00 4.27377645e+00 6.78275182e-02 3.982097e-01 1.016437e+00 1.114789e+01 9.612983e+00 4.328160e-01 3.9713e-03 8.9830e-03 +7.7658e-06 0.06767 8.57584e-02 1.93851e-01 3.81174e-01 0.00000e+00
48.752255 2.43836757e-01 9.96761480e-02 3.43512905e-01 9.87203987e-02 4.26304254e+00 4.30684724e+00 6.85591183e-02 4.087823e-01 1.010275e+00 1.158857e+01 8.623377e+00 4.598506e-01 3.9612e-03 8.0032e-03 +1.0812e-05 0.06733 7.42968e-02 1.73359e-01 3.61012e-01 0.00000e+00
49.002266 2.43997560e-01 1.03513588e-01 3.47511148e-01 9.96469182e-02 4.42240728e+00 4.68860899e+00 7.28881301e-02 4.242403e-01 1.060194e+00 1.509630e+01 1.000851e+01 5.298200e-01 4.2606e-03 6.9983e-03 +1.3087e-05 0.06774 7.04140e-02 1.68642e-01 3.55563e-01 0.00000e+00
49.252278 2.42998233e-01 1.06504470e-01 3.49502703e-01 1.00729504e-01 4.70802433e+00 5.31565476e+00 8.01894328e-02 4.382932e-01 1.129063e+00 1.810519e+01 1.202247e+01 6.367059e-01 4.7601e-03 8.4140e-03 +1.4148e-05 0.07119 8.36148e-02 1.87700e-01 3.76373e-01 0.00000e+00
49.502289 2.40601717e-01 1.07668239e-01 3.48269956e-01 1.02034305e-01 5.00106351e+00 5.96540894e+00 8.77317795e-02 4.474957e-01 1.192828e+00 2.206856e+01 1.371184e+01 7.243208e-01 5.5612e-03 1.0007e-02 +1.3249e-05 0.07046 9.07735e-02 2.01747e-01 4.01140e-01 0.00000e+00
49.752301 2.36638684e-01 1.06984224e-01 3.43622908e-01 1.03577191e-01 5.09956358e+00 6.78084198e+00 9.50432445e-02 4.520995e-01 1.329691e+00 2.289922e+01 1.413790e+01 6.559565e-01 6.0877e-03 1.1240e-02 +9.6072e-06 0.07333 1.03500e-01 2.19086e-01 4.11430e-01 0.00000e+00
49.999845 2.32172175e-01 1.03927355e-01 3.36099531e-01 1.03799949e-01 5.00194642e+00 7.22372742e+00 9.78053907e-02 4.476305e-01 1.444183e+00 2.122572e+01 1.334214e+01 4.812987e-01 6.1218e-03 9.7855e-03 +6.4345e-06 0.07357 1.34269e-01 2.55724e-01 4.25152e-01 0.00000e+00
