# tg_mhd (Kokkos FP64)  tgc_slip_cond_n97_re1000  N=97 L=97 Re=1000 Pm=1 u0=0.05 nu_lat=1.527887e-03 eta_lat=1.527887e-03 tau_f=0.504584 tau_m=0.506112 dt=1.636246e-03 fw=profile
# t E_V E_M E_T H_C Omega_V Omega_M eps EM/EV OmM/OmV j_max w_max skew divb/j divb_wall/j mass_drift umax_lat fw1 fw2 fw4 tau_wall
0.000000 1.25000000e-01 1.25000000e-01 2.50000000e-01 -1.80707715e-20 3.74866154e-01 1.49785938e+00 3.74545107e-03 1.000000e+00 3.995718e+00 3.461629e+00 1.999643e+00 5.399660e-19 1.4430e-15 3.4633e-15 +0.0000e+00 0.05000 4.03252e-02 8.08608e-02 1.63035e-01 0.00000e+00
0.050724 1.24872746e-01 1.24203518e-01 2.49076264e-01 -3.99644959e-07 3.76559959e-01 1.48997540e+00 3.73307072e-03 9.946407e-01 3.956808e+00 3.510655e+00 1.992995e+00 1.518855e-01 1.9933e-05 3.3251e-05 -3.6247e-05 0.04998 4.02463e-02 8.07039e-02 1.62732e-01 0.00000e+00
0.101447 1.24760325e-01 1.24279613e-01 2.49039938e-01 2.40893368e-06 3.83218810e-01 1.49579063e+00 3.75801888e-03 9.961469e-01 3.903229e+00 3.544949e+00 2.003108e+00 1.358456e-01 5.0060e-05 7.3608e-05 +3.2248e-06 0.05082 4.02784e-02 8.07802e-02 1.62966e-01 0.00000e+00
0.152171 1.24614019e-01 1.24244667e-01 2.48858686e-01 1.11883702e-06 3.94542637e-01 1.50377243e+00 3.79663013e-03 9.970360e-01 3.811432e+00 3.600718e+00 2.021347e+00 4.347962e-02 9.0864e-05 1.4063e-04 +2.7246e-05 0.05099 4.02071e-02 8.06566e-02 1.62851e-01 0.00000e+00
0.202895 1.24698834e-01 1.23859360e-01 2.48558193e-01 3.45314998e-06 4.10566588e-01 1.51119072e+00 3.84351461e-03 9.932680e-01 3.680745e+00 3.660001e+00 2.047878e+00 3.919335e-02 1.4007e-04 2.1951e-04 -3.3607e-05 0.05131 3.99235e-02 8.01147e-02 1.61950e-01 0.00000e+00
0.253618 1.24698967e-01 1.23939791e-01 2.48638758e-01 3.48326027e-06 4.30419923e-01 1.52818074e+00 3.91720133e-03 9.939119e-01 3.550441e+00 3.726920e+00 2.085780e+00 1.290718e-01 2.0714e-04 3.2948e-04 -1.0086e-05 0.05245 3.97364e-02 7.97792e-02 1.61545e-01 0.00000e+00
0.304342 1.24632558e-01 1.23785998e-01 2.48418556e-01 5.49801062e-06 4.53699359e-01 1.54677443e+00 4.00094758e-03 9.932075e-01 3.409250e+00 3.809911e+00 2.121457e+00 2.093239e-01 2.8385e-04 4.5453e-04 -2.0517e-05 0.05233 3.94979e-02 7.93500e-02 1.61012e-01 0.00000e+00
0.355065 1.24413239e-01 1.23560900e-01 2.47974140e-01 6.90795625e-06 4.80074626e-01 1.56963093e+00 4.09941110e-03 9.931491e-01 3.269556e+00 3.906322e+00 2.161521e+00 2.561060e-01 3.7549e-04 6.0731e-04 -2.0482e-05 0.05291 3.92565e-02 7.89290e-02 1.60585e-01 0.00000e+00
0.405789 1.24153004e-01 1.23706125e-01 2.47859129e-01 9.45179510e-06 5.09845756e-01 1.60185945e+00 4.22341042e-03 9.964006e-01 3.141851e+00 4.013197e+00 2.212915e+00 2.263381e-01 4.8010e-04 7.8307e-04 +3.1675e-05 0.05305 3.90670e-02 7.86321e-02 1.60523e-01 0.00000e+00
0.456513 1.24120857e-01 1.23463177e-01 2.47584034e-01 1.25013438e-05 5.42893924e-01 1.63523485e+00 4.35625755e-03 9.947013e-01 3.012071e+00 4.123650e+00 2.263068e+00 1.950933e-01 5.9816e-04 9.8449e-04 -1.4898e-05 0.05329 3.86562e-02 7.79076e-02 1.59692e-01 0.00000e+00
0.507236 1.24070745e-01 1.23431156e-01 2.47501900e-01 1.64680188e-05 5.79192337e-01 1.67707138e+00 4.51252744e-03 9.948450e-01 2.895534e+00 4.229626e+00 2.327453e+00 2.324845e-01 7.3302e-04 1.2198e-03 -2.2698e-05 0.05306 3.82769e-02 7.72748e-02 1.59192e-01 0.00000e+00
0.557960 1.23876284e-01 1.23476295e-01 2.47352579e-01 2.13371194e-05 6.18288466e-01 1.72630513e+00 4.68918720e-03 9.967711e-01 2.792071e+00 4.351490e+00 2.391618e+00 2.873035e-01 8.8438e-04 1.4891e-03 -9.8439e-06 0.05383 3.79307e-02 7.67420e-02 1.59048e-01 0.00000e+00
0.608684 1.23629560e-01 1.23268898e-01 2.46898458e-01 2.74717740e-05 6.60133636e-01 1.78044371e+00 4.88115470e-03 9.970827e-01 2.697096e+00 4.480612e+00 2.445583e+00 3.527644e-01 1.0584e-03 1.8055e-03 -2.9860e-05 0.05428 3.75398e-02 7.61564e-02 1.58933e-01 0.00000e+00
0.659407 1.23303118e-01 1.23385362e-01 2.46688481e-01 3.48202683e-05 7.05403606e-01 1.84587536e+00 5.10255793e-03 1.000667e+00 2.616765e+00 4.607169e+00 2.606155e+00 3.611616e-01 1.2569e-03 2.1820e-03 +1.8602e-05 0.05465 3.72520e-02 7.58410e-02 1.59579e-01 0.00000e+00
0.710131 1.23157875e-01 1.23266801e-01 2.46424676e-01 4.35985555e-05 7.54770771e-01 1.91628211e+00 5.34210576e-03 1.000884e+00 2.538893e+00 4.731831e+00 2.770258e+00 3.041821e-01 1.4840e-03 2.6269e-03 +6.8843e-06 0.05512 3.68508e-02 7.53579e-02 1.60019e-01 0.00000e+00
0.760854 1.23084516e-01 1.23089488e-01 2.46174004e-01 5.38743390e-05 8.08234097e-01 1.99328955e+00 5.60304730e-03 1.000040e+00 2.466228e+00 4.817922e+00 2.961785e+00 3.522076e-01 1.7409e-03 3.1524e-03 -2.9068e-05 0.05535 3.63963e-02 7.48480e-02 1.60537e-01 0.00000e+00
0.811578 1.22916843e-01 1.23056542e-01 2.45973385e-01 6.57380451e-05 8.66573768e-01 2.08251965e+00 5.89818683e-03 1.001137e+00 2.403165e+00 4.938662e+00 3.160584e+00 4.033319e-01 2.0427e-03 3.7894e-03 -8.7391e-06 0.05633 3.60993e-02 7.47657e-02 1.62052e-01 0.00000e+00
0.862302 1.22786628e-01 1.22810991e-01 2.45597618e-01 7.92882913e-05 9.29353123e-01 2.17836442e+00 6.21543508e-03 1.000198e+00 2.343958e+00 5.138509e+00 3.386880e+00 4.185314e-01 2.3887e-03 4.5290e-03 -2.6911e-05 0.05751 3.57893e-02 7.47589e-02 1.63692e-01 0.00000e+00
0.913025 1.22601985e-01 1.22628634e-01 2.45230619e-01 9.45847172e-05 9.97939192e-01 2.28653954e+00 6.56895747e-03 1.000217e+00 2.291261e+00 5.405871e+00 3.636026e+00 4.725108e-01 2.7909e-03 5.3924e-03 -1.8202e-06 0.05759 3.56560e-02 7.52424e-02 1.66291e-01 0.00000e+00
0.963749 1.22487961e-01 1.22402469e-01 2.44890430e-01 1.11585234e-04 1.07315843e+00 2.40466003e+00 6.95563691e-03 9.993020e-01 2.240732e+00 6.080740e+00 3.902618e+00 4.233488e-01 3.2493e-03 6.3548e-03 +2.0018e-05 0.05843 3.56024e-02 7.60054e-02 1.69289e-01 0.00000e+00
1.014473 1.22584407e-01 1.21924048e-01 2.44508455e-01 1.30409597e-04 1.15478781e+00 2.52931818e+00 7.36821199e-03 9.946130e-01 2.190288e+00 6.890565e+00 4.217345e+00 4.334025e-01 3.7688e-03 7.4016e-03 -2.2609e-05 0.05879 3.55286e-02 7.68167e-02 1.72064e-01 0.00000e+00
1.065196 1.22690159e-01 1.21525316e-01 2.44215475e-01 1.50736246e-04 1.24429092e+00 2.66925673e+00 7.82709529e-03 9.905058e-01 2.145203e+00 7.846801e+00 4.593283e+00 4.783462e-01 4.3701e-03 8.5427e-03 -1.5671e-05 0.05939 3.56759e-02 7.81915e-02 1.75698e-01 0.00000e+00
1.115920 1.22821721e-01 1.20982109e-01 2.43803831e-01 1.72837764e-04 1.34082559e+00 2.82066756e+00 8.32298629e-03 9.850221e-01 2.103680e+00 8.915549e+00 5.039322e+00 4.574696e-01 5.0638e-03 9.7494e-03 -1.8693e-05 0.06085 3.59335e-02 7.98546e-02 1.79503e-01 0.00000e+00
1.166644 1.22927675e-01 1.20344192e-01 2.43271866e-01 1.96554651e-04 1.44489685e+00 2.98643310e+00 8.86265991e-03 9.789837e-01 2.066883e+00 1.008648e+01 5.572790e+00 5.212408e-01 5.8873e-03 1.1055e-02 -1.7247e-05 0.06141 3.63156e-02 8.18260e-02 1.83493e-01 0.00000e+00
1.217367 1.23049764e-01 1.19734189e-01 2.42783954e-01 2.21955601e-04 1.55767284e+00 3.17129908e+00 9.45794384e-03 9.730550e-01 2.035921e+00 1.141533e+01 6.180992e+00 4.962044e-01 6.8889e-03 1.2496e-02 +2.0459e-05 0.06207 3.68705e-02 8.41888e-02 1.87831e-01 0.00000e+00
1.268091 1.23418235e-01 1.18871310e-01 2.42289545e-01 2.49232545e-04 1.67777130e+00 3.36442567e+00 1.00843939e-02 9.631584e-01 2.005295e+00 1.277318e+01 6.852356e+00 4.497467e-01 8.0974e-03 1.4073e-02 -7.1383e-06 0.06204 3.73460e-02 8.63423e-02 1.91310e-01 0.00000e+00
1.318814 1.23837959e-01 1.17958754e-01 2.41796713e-01 2.78490091e-04 1.80567151e+00 3.57625331e+00 1.07638496e-02 9.525250e-01 1.980567e+00 1.421207e+01 7.572971e+00 5.066778e-01 9.5937e-03 1.5884e-02 -2.1473e-05 0.06245 3.79013e-02 8.86258e-02 1.94613e-01 0.00000e+00
1.369538 1.24191594e-01 1.17019486e-01 2.41211080e-01 3.10081078e-04 1.94067049e+00 3.80997398e+00 1.15012889e-02 9.422497e-01 1.963226e+00 1.569087e+01 8.318583e+00 4.984309e-01 1.1426e-02 1.7944e-02 -1.2150e-05 0.06380 3.85408e-02 9.10124e-02 1.97726e-01 0.00000e+00
1.420262 1.24567511e-01 1.15958581e-01 2.40526092e-01 3.44571541e-04 2.08069663e+00 4.06085024e+00 1.22830937e-02 9.308894e-01 1.951678e+00 1.708721e+01 9.048581e+00 5.212623e-01 1.3583e-02 2.0204e-02 -2.1844e-05 0.06448 3.91402e-02 9.31802e-02 2.00071e-01 0.00000e+00
1.470985 1.24890976e-01 1.14921394e-01 2.39812370e-01 3.82471146e-04 2.22595307e+00 4.33838480e+00 1.31286757e-02 9.201737e-01 1.949001e+00 1.847526e+01 9.776134e+00 5.524734e-01 1.6061e-02 2.2643e-02 +1.1843e-05 0.06423 3.98019e-02 9.53561e-02 2.02204e-01 0.00000e+00
1.521709 1.25320998e-01 1.13749992e-01 2.39070990e-01 4.24516018e-04 2.37380759e+00 4.63016369e+00 1.40079425e-02 9.076691e-01 1.950522e+00 1.970527e+01 1.044439e+01 5.015450e-01 1.8754e-02 2.5123e-02 +9.4919e-06 0.06390 4.02968e-02 9.69979e-02 2.03232e-01 0.00000e+00
1.572433 1.25813087e-01 1.12483964e-01 2.38297051e-01 4.71368450e-04 2.52215557e+00 4.93716084e+00 1.49186328e-02 8.940561e-01 1.957516e+00 2.075471e+01 1.102784e+01 5.526592e-01 2.1602e-02 2.7545e-02 -1.9255e-05 0.06381 4.06294e-02 9.81141e-02 2.03275e-01 0.00000e+00
1.623156 1.26200609e-01 1.11256401e-01 2.37457010e-01 5.23749246e-04 2.66975001e+00 5.26970392e+00 1.58789079e-02 8.815837e-01 1.973857e+00 2.167463e+01 1.150581e+01 5.617621e-01 2.4571e-02 2.9837e-02 -1.0048e-05 0.06394 4.08930e-02 9.89334e-02 2.02906e-01 0.00000e+00
1.673880 1.26575825e-01 1.09946345e-01 2.36522169e-01 5.82459651e-04 2.81146092e+00 5.61129904e+00 1.68455199e-02 8.686204e-01 1.995866e+00 2.236336e+01 1.179762e+01 5.366190e-01 2.7569e-02 3.1871e-02 -1.7085e-05 0.06380 4.09601e-02 9.91778e-02 2.01779e-01 0.00000e+00
1.724603 1.26827198e-01 1.08643281e-01 2.35470480e-01 6.48093487e-04 2.94669193e+00 5.96756637e+00 1.78285166e-02 8.566245e-01 2.025175e+00 2.288476e+01 1.192127e+01 5.752883e-01 3.0637e-02 3.3648e-02 +5.0117e-07 0.06337 4.08920e-02 9.90209e-02 2.00305e-01 0.00000e+00
1.775327 1.27044053e-01 1.07323692e-01 2.34367745e-01 7.21456816e-04 3.07454861e+00 6.32802314e+00 1.88051435e-02 8.447754e-01 2.058196e+00 2.322917e+01 1.187357e+01 5.374780e-01 3.3793e-02 3.5177e-02 +2.0447e-05 0.06218 4.06294e-02 9.83627e-02 1.98375e-01 0.00000e+00
1.826051 1.27370253e-01 1.05893771e-01 2.33264024e-01 8.03249624e-04 3.19342445e+00 6.67072720e+00 1.97283033e-02 8.313854e-01 2.088895e+00 2.330979e+01 1.165647e+01 5.128512e-01 3.7010e-02 3.6448e-02 -8.5238e-06 0.06099 4.00806e-02 9.70280e-02 1.95735e-01 0.00000e+00
1.876774 1.27615582e-01 1.04482170e-01 2.32097753e-01 8.93645269e-04 3.30461247e+00 7.00558983e+00 2.06204046e-02 8.187258e-01 2.119943e+00 2.329772e+01 1.129470e+01 5.163037e-01 4.0373e-02 3.7584e-02 -1.0572e-05 0.06010 3.94288e-02 9.54509e-02 1.93212e-01 0.00000e+00
1.927498 1.27778700e-01 1.03040351e-01 2.30819051e-01 9.93314850e-04 3.40875261e+00 7.31316818e+00 2.14438416e-02 8.063969e-01 2.145409e+00 2.355074e+01 1.115306e+01 4.694120e-01 4.3767e-02 3.8549e-02 -9.8548e-06 0.05928 3.86556e-02 9.36182e-02 1.90845e-01 0.00000e+00
1.978222 1.27871503e-01 1.01568032e-01 2.29439535e-01 1.10220581e-03 3.50846065e+00 7.58512171e+00 2.21871647e-02 7.942976e-01 2.161951e+00 2.445029e+01 1.127013e+01 4.741093e-01 4.7106e-02 3.9420e-02 -6.3917e-06 0.05861 3.78027e-02 9.16378e-02 1.88869e-01 0.00000e+00
2.028945 1.27890246e-01 1.00111464e-01 2.28001710e-01 1.22007154e-03 3.60740791e+00 7.82118110e+00 2.28571780e-02 7.827920e-01 2.168089e+00 2.510553e+01 1.151064e+01 4.571333e-01 5.0258e-02 4.0292e-02 +2.1731e-05 0.05681 3.69386e-02 8.96807e-02 1.87641e-01 0.00000e+00
2.079669 1.28036839e-01 9.85560286e-02 2.26592868e-01 1.34696299e-03 3.70703039e+00 7.99558710e+00 2.34052350e-02 7.697474e-01 2.156871e+00 2.565341e+01 1.184659e+01 4.289866e-01 5.2953e-02 4.1173e-02 +6.0899e-06 0.05500 3.59909e-02 8.75755e-02 1.86831e-01 0.00000e+00
2.130393 1.28178854e-01 9.69881347e-02 2.25166989e-01 1.48198148e-03 3.80998754e+00 8.12238412e+00 2.38647433e-02 7.566625e-01 2.131866e+00 2.614640e+01 1.229708e+01 4.597158e-01 5.5082e-02 4.2154e-02 -9.8869e-06 0.05408 3.50674e-02 8.55817e-02 1.87006e-01 0.00000e+00
2.181116 1.28240708e-01 9.54358636e-02 2.23676572e-01 1.62520047e-03 3.91647140e+00 8.20809296e+00 2.42491287e-02 7.441932e-01 2.095788e+00 2.629333e+01 1.286908e+01 4.563487e-01 5.6512e-02 4.3232e-02 -4.7005e-06 0.05320 3.42422e-02 8.38815e-02 1.88582e-01 0.00000e+00
2.231840 1.28287914e-01 9.38365275e-02 2.22124442e-01 1.77668096e-03 4.02430950e+00 8.24735675e+00 2.45433325e-02 7.314526e-01 2.049384e+00 2.649102e+01 1.348803e+01 4.636037e-01 5.7114e-02 4.4306e-02 -8.0833e-06 0.05297 3.34818e-02 8.24168e-02 1.91357e-01 0.00000e+00
2.282563 1.28253401e-01 9.22648985e-02 2.20518300e-01 1.93576748e-03 4.13350040e+00 8.26221423e+00 2.47914293e-02 7.193953e-01 1.998842e+00 2.649133e+01 1.414749e+01 4.926788e-01 5.6974e-02 4.5281e-02 +1.5564e-05 0.05372 3.28632e-02 8.14157e-02 1.95562e-01 0.00000e+00
2.333287 1.28277357e-01 9.06742788e-02 2.18951636e-01 2.10210140e-03 4.24281217e+00 8.24873577e+00 2.49830959e-02 7.068611e-01 1.944167e+00 2.624022e+01 1.479539e+01 4.930480e-01 5.6180e-02 4.6166e-02 +1.8064e-05 0.05461 3.23258e-02 8.07814e-02 2.00295e-01 0.00000e+00
2.384011 1.28380968e-01 8.90604437e-02 2.17441412e-01 2.27405486e-03 4.34984728e+00 8.21406785e+00 2.51278303e-02 6.937200e-01 1.888358e+00 2.606018e+01 1.538288e+01 5.092397e-01 5.4935e-02 4.7169e-02 -5.3807e-06 0.05540 3.18859e-02 8.05915e-02 2.04994e-01 0.00000e+00
2.434734 1.28408991e-01 8.74905584e-02 2.15899549e-01 2.44942902e-03 4.45134016e+00 8.17909604e+00 2.52608724e-02 6.813429e-01 1.837446e+00 2.555102e+01 1.589763e+01 5.054695e-01 5.3477e-02 4.8228e-02 -3.8954e-06 0.05626 3.16449e-02 8.11227e-02 2.09903e-01 0.00000e+00
2.485458 1.28399324e-01 8.59008047e-02 2.14300129e-01 2.62627657e-03 4.54415574e+00 8.13698234e+00 2.53622762e-02 6.690129e-01 1.790648e+00 2.529210e+01 1.631652e+01 4.819014e-01 5.1940e-02 4.9168e-02 -6.3368e-06 0.05728 3.15813e-02 8.22425e-02 2.14268e-01 0.00000e+00
2.536182 1.28307808e-01 8.43362246e-02 2.12644033e-01 2.80215242e-03 4.62960028e+00 8.09902265e+00 2.54572459e-02 6.572961e-01 1.749400e+00 2.468151e+01 1.668309e+01 4.863174e-01 5.0490e-02 4.9936e-02 +6.6111e-06 0.05772 3.17547e-02 8.39703e-02 2.18037e-01 0.00000e+00
2.586905 1.28203557e-01 8.27981824e-02 2.11001740e-01 2.97559084e-03 4.70979227e+00 8.06353276e+00 2.55466501e-02 6.458337e-01 1.712078e+00 2.448370e+01 1.697043e+01 4.637041e-01 4.9152e-02 5.0328e-02 +2.2886e-05 0.05824 3.21741e-02 8.61275e-02 2.20868e-01 0.00000e+00
2.637629 1.28214189e-01 8.12310677e-02 2.09445256e-01 3.14561494e-03 4.78611066e+00 8.01924184e+00 2.56107050e-02 6.335576e-01 1.675524e+00 2.398443e+01 1.723190e+01 4.490537e-01 4.7898e-02 5.0197e-02 +2.6513e-06 0.05868 3.27579e-02 8.83247e-02 2.22220e-01 0.00000e+00
2.688352 1.28179665e-01 7.97028351e-02 2.07882501e-01 3.31202342e-03 4.86040087e+00 7.97835190e+00 2.56775055e-02 6.218056e-01 1.641501e+00 2.371876e+01 1.741864e+01 4.493274e-01 4.6733e-02 4.9651e-02 -5.0935e-06 0.05901 3.35392e-02 9.06486e-02 2.22857e-01 0.00000e+00
2.739076 1.28080812e-01 7.81907913e-02 2.06271603e-01 3.47563609e-03 4.93297257e+00 7.93702092e+00 2.57399870e-02 6.104801e-01 1.608973e+00 2.339537e+01 1.749598e+01 4.405230e-01 4.5658e-02 4.8850e-02 -4.1905e-06 0.05976 3.44168e-02 9.28571e-02 2.22726e-01 0.00000e+00
2.789800 1.27917282e-01 7.66822571e-02 2.04599540e-01 3.63659461e-03 5.00355690e+00 7.89117618e+00 2.57894662e-02 5.994675e-01 1.577113e+00 2.289164e+01 1.759993e+01 4.447105e-01 4.4701e-02 4.7971e-02 -1.7372e-07 0.06005 3.52691e-02 9.47137e-02 2.21831e-01 0.00000e+00
2.840523 1.27686740e-01 7.52168515e-02 2.02903591e-01 3.79465339e-03 5.07305694e+00 7.84484488e+00 2.58358036e-02 5.890733e-01 1.546374e+00 2.266227e+01 1.756359e+01 4.535454e-01 4.3932e-02 4.7145e-02 +2.0633e-05 0.06002 3.60211e-02 9.61421e-02 2.20443e-01 0.00000e+00
2.891247 1.27533611e-01 7.37559300e-02 2.01289541e-01 3.94883004e-03 5.14239305e+00 7.78921189e+00 2.58632099e-02 5.783254e-01 1.514706e+00 2.224652e+01 1.744882e+01 4.642436e-01 4.3415e-02 4.6429e-02 +1.1966e-05 0.05998 3.64740e-02 9.67058e-02 2.17933e-01 0.00000e+00
2.941971 1.27384625e-01 7.23361802e-02 1.99720806e-01 4.09771027e-03 5.21083914e+00 7.73298181e+00 2.58876419e-02 5.678564e-01 1.484019e+00 2.233205e+01 1.742315e+01 4.801706e-01 4.3200e-02 4.5872e-02 -3.8019e-06 0.05998 3.66341e-02 9.65148e-02 2.14704e-01 0.00000e+00
2.992694 1.27131462e-01 7.09670698e-02 1.98098532e-01 4.24041593e-03 5.27483611e+00 7.68314018e+00 2.59159526e-02 5.582180e-01 1.456565e+00 2.207893e+01 1.723342e+01 4.834280e-01 4.3273e-02 4.5489e-02 -2.4545e-06 0.06087 3.65566e-02 9.57717e-02 2.11236e-01 0.00000e+00
3.043418 1.26808995e-01 6.96118709e-02 1.96420865e-01 4.37632297e-03 5.33184473e+00 7.63813312e+00 2.59399557e-02 5.489506e-01 1.432550e+00 2.182513e+01 1.684174e+01 4.862197e-01 4.3591e-02 4.5282e-02 -2.3769e-06 0.06179 3.62115e-02 9.44165e-02 2.07401e-01 0.00000e+00
3.094142 1.26375060e-01 6.83223182e-02 1.94697378e-01 4.50538335e-03 5.38210305e+00 7.60922600e+00 2.59826581e-02 5.406313e-01 1.413802e+00 2.206337e+01 1.654533e+01 4.956524e-01 4.4125e-02 4.5228e-02 +1.5275e-05 0.06239 3.56749e-02 9.26681e-02 2.03545e-01 0.00000e+00
3.144865 1.25945950e-01 6.70862398e-02 1.93032190e-01 4.62798519e-03 5.42591482e+00 7.59529597e+00 2.60424216e-02 5.326590e-01 1.399819e+00 2.209616e+01 1.611853e+01 4.970998e-01 4.4854e-02 4.5278e-02 +2.0076e-05 0.06334 3.49092e-02 9.04208e-02 1.99335e-01 0.00000e+00
3.195589 1.25546129e-01 6.58922304e-02 1.91438360e-01 4.74464499e-03 5.46175096e+00 7.59775877e+00 2.61190194e-02 5.248448e-01 1.391085e+00 2.205739e+01 1.551868e+01 4.953701e-01 4.5780e-02 4.5420e-02 +1.7627e-06 0.06409 3.39543e-02 8.77673e-02 1.94816e-01 0.00000e+00
3.246312 1.25033885e-01 6.47694329e-02 1.89803318e-01 4.85655468e-03 5.48756545e+00 7.62744488e+00 2.62300207e-02 5.180150e-01 1.389951e+00 2.201351e+01 1.488597e+01 4.892453e-01 4.6969e-02 4.5648e-02 -1.2603e-06 0.06498 3.29526e-02 8.50706e-02 1.90613e-01 0.00000e+00
3.297036 1.24431453e-01 6.36910667e-02 1.88122519e-01 4.96507003e-03 5.50286461e+00 7.68350970e+00 2.63727486e-02 5.118567e-01 1.396275e+00 2.197551e+01 1.422194e+01 4.817401e-01 4.8522e-02 4.5909e-02 -1.1826e-06 0.06591 3.19240e-02 8.23629e-02 1.86685e-01 0.00000e+00
3.347760 1.23714780e-01 6.26672394e-02 1.86382020e-01 5.07161375e-03 5.50841339e+00 7.76702076e+00 2.65508683e-02 5.065461e-01 1.410029e+00 2.224819e+01 1.371963e+01 4.755920e-01 5.0561e-02 4.6106e-02 +9.4760e-06 0.06628 3.09400e-02 7.98205e-02 1.83294e-01 0.00000e+00
3.398483 1.22931245e-01 6.17012336e-02 1.84632479e-01 5.17758804e-03 5.50608921e+00 7.87265096e+00 2.67574803e-02 5.019166e-01 1.429808e+00 2.405265e+01 1.361321e+01 4.691579e-01 5.3139e-02 4.6153e-02 +2.3100e-05 0.06639 3.00371e-02 7.75341e-02 1.80517e-01 0.00000e+00
3.449207 1.22189926e-01 6.07680519e-02 1.82957978e-01 5.28361001e-03 5.49836402e+00 7.98843262e+00 2.69735933e-02 4.973246e-01 1.452874e+00 2.539176e+01 1.363492e+01 4.647108e-01 5.6132e-02 4.6037e-02 +9.5383e-06 0.06650 2.92011e-02 7.54582e-02 1.78137e-01 0.00000e+00
3.499931 1.21380153e-01 5.98888924e-02 1.81269046e-01 5.38943765e-03 5.48655486e+00 8.11471466e+00 2.72025390e-02 4.933994e-01 1.479018e+00 2.613870e+01 1.379226e+01 4.621497e-01 5.9283e-02 4.5814e-02 -3.4498e-07 0.06655 2.85286e-02 7.38648e-02 1.76646e-01 0.00000e+00
3.550654 1.20470592e-01 5.90428449e-02 1.79513437e-01 5.49362109e-03 5.47071373e+00 8.24435246e+00 2.74301324e-02 4.901017e-01 1.506998e+00 2.653985e+01 1.385800e+01 4.532952e-01 6.2191e-02 4.5533e-02 -3.6711e-08 0.06685 2.80582e-02 7.28785e-02 1.76212e-01 0.00000e+00
3.601378 1.19486990e-01 5.82113852e-02 1.77698375e-01 5.59388063e-03 5.45123318e+00 8.36910943e+00 2.76406852e-02 4.871776e-01 1.535269e+00 2.631527e+01 1.383693e+01 4.466589e-01 6.4518e-02 4.5252e-02 +4.5100e-06 0.06662 2.77982e-02 7.25447e-02 1.76776e-01 0.00000e+00
3.652101 1.18418082e-01 5.74128927e-02 1.75830975e-01 5.68799532e-03 5.42924141e+00 8.48724451e+00 2.78329718e-02 4.848321e-01 1.563247e+00 2.576299e+01 1.377288e+01 4.444860e-01 6.6154e-02 4.5069e-02 +2.0565e-05 0.06568 2.77681e-02 7.29332e-02 1.78274e-01 0.00000e+00
3.702825 1.17393731e-01 5.66316825e-02 1.74025413e-01 5.77409539e-03 5.40523796e+00 8.59056932e+00 2.79916146e-02 4.824081e-01 1.589305e+00 2.479382e+01 1.351966e+01 4.392657e-01 6.7102e-02 4.5119e-02 +1.6203e-05 0.06436 2.79106e-02 7.38566e-02 1.80091e-01 0.00000e+00
3.753549 1.16372140e-01 5.58669872e-02 1.72239127e-01 5.85155563e-03 5.37780628e+00 8.68071317e+00 2.81170389e-02 4.800718e-01 1.614174e+00 2.353359e+01 1.333838e+01 4.321609e-01 6.7476e-02 4.5487e-02 +1.6394e-06 0.06307 2.82493e-02 7.53409e-02 1.82206e-01 0.00000e+00
3.804272 1.15276970e-01 5.51146311e-02 1.70391601e-01 5.92106760e-03 5.34503182e+00 8.76211355e+00 2.82142907e-02 4.781062e-01 1.639301e+00 2.217980e+01 1.305433e+01 4.190687e-01 6.7390e-02 4.6156e-02 -1.5921e-07 0.06187 2.88375e-02 7.74789e-02 1.84793e-01 0.00000e+00
3.854996 1.14149478e-01 5.43574334e-02 1.68506912e-01 5.98399751e-03 5.30631983e+00 8.83332404e+00 2.82792877e-02 4.761952e-01 1.664680e+00 2.183792e+01 1.273918e+01 4.063963e-01 6.6892e-02 4.7006e-02 +1.2982e-06 0.06030 2.96598e-02 8.01464e-02 1.87616e-01 0.00000e+00
3.905720 1.12966096e-01 5.36073479e-02 1.66573444e-01 6.04227063e-03 5.26239155e+00 8.89624085e+00 2.83172648e-02 4.745437e-01 1.690532e+00 2.180441e+01 1.271663e+01 3.977918e-01 6.6086e-02 4.7882e-02 +1.4771e-05 0.05822 3.07234e-02 8.32907e-02 1.90645e-01 0.00000e+00
3.956443 1.11809862e-01 5.28550904e-02 1.64664952e-01 6.09770268e-03 5.21437624e+00 8.94408299e+00 2.83169185e-02 4.727230e-01 1.715274e+00 2.159651e+01 1.261077e+01 3.833478e-01 6.5058e-02 4.8685e-02 +1.9949e-05 0.05567 3.19500e-02 8.66177e-02 1.93508e-01 0.00000e+00
4.007167 1.10728439e-01 5.20909591e-02 1.62819398e-01 6.15159367e-03 5.16328826e+00 8.97247000e+00 2.82715165e-02 4.704388e-01 1.737743e+00 2.145499e+01 1.245234e+01 3.719505e-01 6.3945e-02 4.9398e-02 +5.5199e-06 0.05305 3.32645e-02 8.98653e-02 1.96013e-01 0.00000e+00
4.057891 1.09618277e-01 5.13246071e-02 1.60942884e-01 6.20508117e-03 5.11004183e+00 8.98694490e+00 2.81939735e-02 4.682121e-01 1.758683e+00 2.111866e+01 1.225454e+01 3.628324e-01 6.2954e-02 5.0087e-02 -4.4355e-07 0.05109 3.46873e-02 9.30426e-02 1.98487e-01 0.00000e+00
4.108614 1.08499750e-01 5.05415598e-02 1.59041309e-01 6.25891521e-03 5.05525560e+00 8.98452897e+00 2.80795691e-02 4.658219e-01 1.777265e+00 2.081809e+01 1.205225e+01 3.492289e-01 6.2213e-02 5.0860e-02 +1.0687e-07 0.05182 3.61399e-02 9.59153e-02 2.00857e-01 0.00000e+00
4.159338 1.07364826e-01 4.97398535e-02 1.57104679e-01 6.31334176e-03 4.99988898e+00 8.96162758e+00 2.79230331e-02 4.632789e-01 1.792365e+00 2.063968e+01 1.181940e+01 3.396669e-01 6.1788e-02 5.1841e-02 +8.9541e-06 0.05148 3.74967e-02 9.82227e-02 2.02999e-01 0.00000e+00
4.210061 1.06234439e-01 4.89274133e-02 1.55161852e-01 6.36833060e-03 4.94551696e+00 8.91343491e+00 2.77179037e-02 4.605608e-01 1.802326e+00 2.025432e+01 1.156057e+01 3.295116e-01 6.1662e-02 5.3218e-02 +2.0422e-05 0.05089 3.85332e-02 9.95886e-02 2.04539e-01 0.00000e+00
4.260785 1.05198487e-01 4.81022345e-02 1.53300721e-01 6.42321893e-03 4.89337589e+00 8.83394610e+00 2.74546440e-02 4.572522e-01 1.805287e+00 1.972494e+01 1.130565e+01 3.201757e-01 6.1737e-02 5.5176e-02 +1.1447e-05 0.05098 3.89701e-02 9.95957e-02 2.04921e-01 0.00000e+00
4.311509 1.04177810e-01 4.72722566e-02 1.51450066e-01 6.47681210e-03 4.84375432e+00 8.72724606e+00 2.71420008e-02 4.537651e-01 1.801752e+00 1.927610e+01 1.115594e+01 3.128514e-01 6.1951e-02 5.7738e-02 +1.2339e-06 0.05024 3.87421e-02 9.83322e-02 2.04319e-01 0.00000e+00
4.362232 1.03143936e-01 4.64335582e-02 1.49577494e-01 6.52799605e-03 4.79626336e+00 8.59572945e+00 2.67839856e-02 4.501821e-01 1.792172e+00 1.867699e+01 1.102398e+01 3.005262e-01 6.2236e-02 6.0770e-02 +6.0166e-07 0.04966 3.78724e-02 9.60102e-02 2.02920e-01 0.00000e+00
4.412956 1.02115028e-01 4.55879498e-02 1.47702977e-01 6.57610079e-03 4.75100464e+00 8.44298858e+00 2.63879864e-02 4.464372e-01 1.777095e+00 1.826016e+01 1.088541e+01 2.929515e-01 6.2528e-02 6.4046e-02 +5.6670e-06 0.04957 3.64661e-02 9.29254e-02 2.00780e-01 0.00000e+00
4.463680 1.01070083e-01 4.47551657e-02 1.45825249e-01 6.62105322e-03 4.70879881e+00 8.27776628e+00 2.59731302e-02 4.428132e-01 1.757936e+00 1.770407e+01 1.074513e+01 2.873809e-01 6.2789e-02 6.7332e-02 +1.8892e-05 0.04916 3.47590e-02 8.95525e-02 1.98109e-01 0.00000e+00
4.514403 1.00091573e-01 4.39393123e-02 1.44030886e-01 6.66336331e-03 4.66987879e+00 8.10594806e+00 2.55516537e-02 4.389911e-01 1.735794e+00 1.740366e+01 1.066825e+01 2.767204e-01 6.2942e-02 7.0304e-02 +1.7582e-05 0.04891 3.30352e-02 8.63088e-02 1.95081e-01 0.00000e+00
4.565127 9.91617723e-02 4.31462519e-02 1.42308024e-01 6.70405081e-03 4.63415261e+00 7.93785782e+00 2.51440209e-02 4.351097e-01 1.712904e+00 1.779287e+01 1.044092e+01 2.713927e-01 6.2954e-02 7.2586e-02 +5.1534e-06 0.04857 3.16515e-02 8.37296e-02 1.92381e-01 0.00000e+00
4.615850 9.82050430e-02 4.23829076e-02 1.40587951e-01 6.74432772e-03 4.60146265e+00 7.78336574e+00 2.47696568e-02 4.315757e-01 1.691498e+00 1.807974e+01 1.046403e+01 2.681941e-01 6.2823e-02 7.3899e-02 +1.6232e-06 0.04848 3.08542e-02 8.21971e-02 1.90718e-01 0.00000e+00
4.666574 9.72495365e-02 4.16452759e-02 1.38894812e-01 6.78506915e-03 4.57133376e+00 7.64362930e+00 2.44299261e-02 4.282311e-01 1.672079e+00 1.834399e+01 1.040361e+01 2.648361e-01 6.2544e-02 7.4286e-02 +3.8109e-06 0.04840 3.06182e-02 8.16425e-02 1.90143e-01 0.00000e+00
4.717298 9.62675686e-02 4.09350319e-02 1.37202601e-01 6.82651967e-03 4.54383544e+00 7.51673074e+00 2.41211324e-02 4.252214e-01 1.654270e+00 1.861455e+01 1.012066e+01 2.624765e-01 6.2153e-02 7.4067e-02 +1.4820e-05 0.04813 3.07530e-02 8.17917e-02 1.90398e-01 0.00000e+00
4.768021 9.53053351e-02 4.02483848e-02 1.35553720e-01 6.86840558e-03 4.51906413e+00 7.39681652e+00 2.38317613e-02 4.223099e-01 1.636803e+00 1.890853e+01 1.012226e+01 2.556767e-01 6.1680e-02 7.3535e-02 +2.0270e-05 0.04796 3.09841e-02 8.21945e-02 1.90839e-01 0.00000e+00
4.818745 9.44005265e-02 3.95806988e-02 1.33981225e-01 6.91021668e-03 4.49683345e+00 7.27956482e+00 2.35527965e-02 4.192847e-01 1.618820e+00 1.965293e+01 1.018109e+01 2.536716e-01 6.1172e-02 7.2834e-02 +9.3912e-06 0.04780 3.11344e-02 8.25412e-02 1.90969e-01 0.00000e+00
4.869469 9.34760171e-02 3.89329909e-02 1.32409008e-01 6.95153715e-03 4.47684423e+00 7.16500625e+00 2.32837010e-02 4.165025e-01 1.600459e+00 2.062557e+01 1.039715e+01 2.554038e-01 6.0722e-02 7.1985e-02 +2.2294e-06 0.04853 3.12215e-02 8.28770e-02 1.90867e-01 0.00000e+00
4.920192 9.25403218e-02 3.82982772e-02 1.30838599e-01 6.99233049e-03 4.45803122e+00 7.05068852e+00 2.30174395e-02 4.138550e-01 1.581570e+00 2.150211e+01 1.046814e+01 2.540733e-01 6.0400e-02 7.0935e-02 +2.5725e-06 0.05036 3.13107e-02 8.32666e-02 1.90612e-01 0.00000e+00
4.970916 9.15913375e-02 3.76774908e-02 1.29268828e-01 7.03298266e-03 4.43957494e+00 6.93576234e+00 2.27506746e-02 4.113652e-01 1.562258e+00 2.220436e+01 1.038394e+01 2.575897e-01 6.0271e-02 6.9619e-02 +1.0287e-05 0.05222 3.14762e-02 8.37720e-02 1.90294e-01 0.00000e+00
5.021640 9.06277304e-02 3.70769860e-02 1.27704716e-01 7.07396549e-03 4.42099014e+00 6.82054844e+00 2.24830771e-02 4.091130e-01 1.542765e+00 2.265273e+01 1.042246e+01 2.603350e-01 6.0382e-02 6.8065e-02 +2.0103e-05 0.05386 3.17498e-02 8.43765e-02 1.89907e-01 0.00000e+00
5.072363 8.97179945e-02 3.64947587e-02 1.26212753e-01 7.11548700e-03 4.40119419e+00 6.70348979e+00 2.22093680e-02 4.067719e-01 1.523107e+00 2.315515e+01 1.127664e+01 2.617527e-01 6.0712e-02 6.6444e-02 +1.4175e-05 0.05516 3.21029e-02 8.49680e-02 1.89337e-01 0.00000e+00
5.123087 8.88116528e-02 3.59321707e-02 1.24743824e-01 7.15741299e-03 4.37921337e+00 6.58562046e+00 2.19296676e-02 4.045885e-01 1.503836e+00 2.358389e+01 1.194067e+01 2.687173e-01 6.1204e-02 6.4994e-02 +4.0324e-06 0.05578 3.25468e-02 8.55970e-02 1.88816e-01 0.00000e+00
5.173810 8.78797911e-02 3.53895595e-02 1.23269351e-01 7.19947652e-03 4.35401142e+00 6.46836742e+00 2.16447577e-02 4.027042e-01 1.485611e+00 2.378539e+01 1.227616e+01 2.754325e-01 6.1744e-02 6.3896e-02 +1.9205e-06 0.05552 3.30781e-02 8.63025e-02 1.88553e-01 0.00000e+00
5.224534 8.69443961e-02 3.48665086e-02 1.21810905e-01 7.24151078e-03 4.32475937e+00 6.35354643e+00 2.13566116e-02 4.010208e-01 1.469110e+00 2.351786e+01 1.336612e+01 2.843824e-01 6.2187e-02 6.3190e-02 +6.3162e-06 0.05466 3.36626e-02 8.70513e-02 1.88588e-01 0.00000e+00
5.275258 8.59826685e-02 3.43650077e-02 1.20347676e-01 7.28349039e-03 4.29128036e+00 6.24459583e+00 2.10717524e-02 3.996737e-01 1.455182e+00 2.281694e+01 1.406291e+01 2.915722e-01 6.2407e-02 6.2795e-02 +1.6793e-05 0.05349 3.42793e-02 8.78370e-02 1.88962e-01 0.00000e+00
5.325981 8.50527667e-02 3.38803293e-02 1.18933096e-01 7.32537875e-03 4.25335680e+00 6.14325096e+00 2.07932155e-02 3.983448e-01 1.444330e+00 2.177017e+01 1.410730e+01 2.929588e-01 6.2308e-02 6.2567e-02 +1.6580e-05 0.05206 3.48897e-02 8.85975e-02 1.89568e-01 0.00000e+00
5.376705 8.41528399e-02 3.34103878e-02 1.17563228e-01 7.36698349e-03 4.21125642e+00 6.05160602e+00 2.05257249e-02 3.970203e-01 1.437007e+00 2.156878e+01 1.442233e+01 3.005023e-01 6.1879e-02 6.2388e-02 +5.5949e-06 0.05065 3.55046e-02 8.93837e-02 1.90460e-01 0.00000e+00
5.427429 8.32310315e-02 3.29563019e-02 1.16187333e-01 7.40795309e-03 4.16561824e+00 5.97112423e+00 2.02734849e-02 3.959617e-01 1.433430e+00 2.174418e+01 1.507917e+01 3.087774e-01 6.1193e-02 6.2232e-02 +3.1499e-07 0.04903 3.61702e-02 9.03236e-02 1.91837e-01 0.00000e+00
5.478152 8.23145143e-02 3.25141817e-02 1.14828696e-01 7.44775697e-03 4.11691992e+00 5.90013558e+00 2.00341110e-02 3.949994e-01 1.433143e+00 2.209402e+01 1.499641e+01 3.140902e-01 6.0348e-02 6.2132e-02 +1.7966e-06 0.04764 3.68934e-02 9.14426e-02 1.93714e-01 0.00000e+00
5.528876 8.13879462e-02 3.20821098e-02 1.13470056e-01 7.48583930e-03 4.06617908e+00 5.83698566e+00 1.98063295e-02 3.941875e-01 1.435496e+00 2.229553e+01 1.463264e+01 3.217072e-01 5.9459e-02 6.2160e-02 +1.0457e-05 0.04654 3.76673e-02 9.27317e-02 1.96048e-01 0.00000e+00
5.579599 8.04719996e-02 3.16559767e-02 1.12127976e-01 7.52170186e-03 4.01450439e+00 5.77887932e+00 1.95867674e-02 3.933788e-01 1.439500e+00 2.235370e+01 1.545019e+01 3.252236e-01 5.8628e-02 6.2423e-02 +1.5336e-05 0.04569 3.84343e-02 9.40681e-02 1.98587e-01 0.00000e+00
5.630323 7.96078144e-02 3.12310236e-02 1.10838838e-01 7.55492015e-03 3.96278151e+00 5.72218168e+00 1.93699264e-02 3.923110e-01 1.443981e+00 2.254330e+01 1.552573e+01 3.297815e-01 5.7936e-02 6.3042e-02 +6.5959e-06 0.04500 3.91274e-02 9.53183e-02 2.01057e-01 0.00000e+00
5.681047 7.87416350e-02 3.08086535e-02 1.09550289e-01 7.58522860e-03 3.91185778e+00 5.66479626e+00 1.91533081e-02 3.912626e-01 1.448109e+00 2.263852e+01 1.488588e+01 3.370238e-01 5.7454e-02 6.4099e-02 -1.6185e-06 0.04425 3.97421e-02 9.65074e-02 2.03478e-01 0.00000e+00
5.731770 7.78801569e-02 3.03886348e-02 1.08268792e-01 7.61255548e-03 3.86227685e+00 5.60409455e+00 1.89327428e-02 3.901974e-01 1.450982e+00 2.256395e+01 1.566463e+01 3.415730e-01 5.7208e-02 6.5583e-02 -2.5138e-06 0.04363 4.02542e-02 9.76111e-02 2.05788e-01 0.00000e+00
5.782494 7.70267941e-02 2.99711178e-02 1.06997912e-01 7.63699167e-03 3.81465235e+00 5.53791788e+00 1.87051405e-02 3.890999e-01 1.451749e+00 2.221393e+01 1.576266e+01 3.469042e-01 5.7174e-02 6.7383e-02 +3.6954e-06 0.04313 4.06066e-02 9.85196e-02 2.07788e-01 0.00000e+00
5.833218 7.61720899e-02 2.95558734e-02 1.05727963e-01 7.65872706e-03 3.76959288e+00 5.46402392e+00 1.84672336e-02 3.880145e-01 1.449500e+00 2.143977e+01 1.520571e+01 3.464699e-01 5.7286e-02 6.9335e-02 +1.1766e-05 0.04271 4.07200e-02 9.90578e-02 2.09186e-01 0.00000e+00
5.883941 7.53662819e-02 2.91392394e-02 1.04505521e-01 7.67784672e-03 3.72740995e+00 5.37895184e+00 1.82127236e-02 3.866350e-01 1.443080e+00 2.001914e+01 1.588586e+01 3.407250e-01 5.7459e-02 7.1243e-02 +7.6232e-06 0.04224 4.05117e-02 9.90227e-02 2.09634e-01 0.00000e+00
5.934665 7.45806348e-02 2.87244019e-02 1.03305037e-01 7.69412082e-03 3.68843066e+00 5.28208855e+00 1.79410384e-02 3.851456e-01 1.432069e+00 1.876537e+01 1.541938e+01 3.374506e-01 5.7608e-02 7.2867e-02 -1.9758e-06 0.04176 4.00153e-02 9.84596e-02 2.09184e-01 0.00000e+00
5.985389 7.37905686e-02 2.83171905e-02 1.02107759e-01 7.70687709e-03 3.65309291e+00 5.17560773e+00 1.76574013e-02 3.837508e-01 1.416774e+00 1.737618e+01 1.570580e+01 3.325432e-01 5.7646e-02 7.3758e-02 -5.1745e-06 0.04121 3.93743e-02 9.76277e-02 2.08194e-01 0.00000e+00
6.036112 7.30175921e-02 2.79204215e-02 1.00938014e-01 7.71511973e-03 3.62174842e+00 5.06388499e+00 1.73712668e-02 3.823794e-01 1.398188e+00 1.580134e+01 1.533504e+01 3.281922e-01 5.7453e-02 7.3299e-02 -1.3803e-06 0.04073 3.87826e-02 9.68729e-02 2.07143e-01 0.00000e+00
6.086836 7.22384840e-02 2.75358828e-02 9.97743668e-02 7.71792191e-03 3.59445327e+00 4.95303188e+00 1.70949703e-02 3.811802e-01 1.377965e+00 1.435037e+01 1.538492e+01 3.245248e-01 5.6998e-02 7.1550e-02 +7.4910e-06 0.04091 3.84156e-02 9.65177e-02 2.06530e-01 0.00000e+00
6.137559 7.14855953e-02 2.71611190e-02 9.86467143e-02 7.71477397e-03 3.57101217e+00 4.84688287e+00 1.68357901e-02 3.799523e-01 1.357285e+00 1.323158e+01 1.625497e+01 3.187764e-01 5.6383e-02 6.9205e-02 +8.5076e-06 0.04061 3.83050e-02 9.66100e-02 2.06500e-01 0.00000e+00
6.188283 7.07654628e-02 2.67959596e-02 9.75614224e-02 7.70553088e-03 3.55091778e+00 4.74720475e+00 1.65962450e-02 3.786587e-01 1.336895e+00 1.296531e+01 1.600163e+01 3.182501e-01 5.5691e-02 6.6763e-02 -3.4196e-07 0.04064 3.83866e-02 9.70427e-02 2.07010e-01 0.00000e+00
6.239007 7.00355066e-02 2.64439215e-02 9.64794281e-02 7.69013329e-03 3.53341142e+00 4.65491419e+00 1.63766512e-02 3.775788e-01 1.317399e+00 1.384073e+01 1.624195e+01 3.225600e-01 5.5010e-02 6.4770e-02 -5.9466e-06 0.04093 3.86181e-02 9.77624e-02 2.08062e-01 0.00000e+00
6.289730 6.93145723e-02 2.61051482e-02 9.54197205e-02 7.66839107e-03 3.51777259e+00 4.56963838e+00 1.61748219e-02 3.766185e-01 1.299015e+00 1.464764e+01 1.625504e+01 3.287797e-01 5.4370e-02 6.3105e-02 -4.5823e-06 0.04111 3.89676e-02 9.87084e-02 2.09550e-01 0.00000e+00
6.340454 6.85886137e-02 2.57786434e-02 9.43672571e-02 7.64011930e-03 3.50320275e+00 4.49101425e+00 1.59884340e-02 3.758444e-01 1.281974e+00 1.477927e+01 1.626124e+01 3.361701e-01 5.3694e-02 6.1125e-02 +3.2423e-06 0.04102 3.93935e-02 9.97884e-02 2.11289e-01 0.00000e+00
6.391178 6.78640686e-02 2.54608774e-02 9.33249460e-02 7.60528375e-03 3.48887261e+00 4.41804205e+00 1.58138293e-02 3.751746e-01 1.266324e+00 1.543281e+01 1.589912e+01 3.408017e-01 5.2976e-02 5.8993e-02 +8.5219e-06 0.04101 3.98327e-02 1.00850e-01 2.12989e-01 0.00000e+00
6.441901 6.71740516e-02 2.51485000e-02 9.23225516e-02 7.56400186e-03 3.47399201e+00 4.34972188e+00 1.56474278e-02 3.743782e-01 1.252082e+00 1.520028e+01 1.621927e+01 3.462578e-01 5.2235e-02 5.6962e-02 +2.4490e-06 0.04085 4.02393e-02 1.01782e-01 2.14448e-01 0.00000e+00
6.492625 6.64810368e-02 2.48441181e-02 9.13251549e-02 7.51657892e-03 3.45783421e+00 4.28676844e+00 1.54892053e-02 3.737023e-01 1.239726e+00 1.522133e+01 1.553117e+01 3.543051e-01 5.1472e-02 5.5234e-02 -5.0776e-06 0.04075 4.06374e-02 1.02649e-01 2.15785e-01 0.00000e+00
6.543348 6.57841089e-02 2.45494415e-02 9.03335504e-02 7.46341040e-03 3.43997075e+00 4.22979611e+00 1.53395337e-02 3.731819e-01 1.229602e+00 1.508913e+01 1.578297e+01 3.609002e-01 5.0696e-02 5.3957e-02 -6.0573e-06 0.04090 4.10569e-02 1.03520e-01 2.17123e-01 0.00000e+00
6.594072 6.50910676e-02 2.42639027e-02 8.93549703e-02 7.40498642e-03 3.42025544e+00 4.17891572e+00 1.51983423e-02 3.727685e-01 1.221814e+00 1.483671e+01 1.532273e+01 3.654693e-01 4.9917e-02 5.3071e-02 -1.6554e-07 0.04107 4.15018e-02 1.04398e-01 2.18486e-01 0.00000e+00
6.644796 6.43881641e-02 2.39851965e-02 8.83733606e-02 7.34187280e-03 3.39871141e+00 4.13373520e+00 1.50648932e-02 3.725094e-01 1.216265e+00 1.453568e+01 1.571176e+01 3.659283e-01 4.9181e-02 5.2590e-02 +7.4502e-06 0.04099 4.19537e-02 1.05231e-01 2.19812e-01 0.00000e+00
6.695519 6.37130735e-02 2.37086375e-02 8.74217110e-02 7.27467995e-03 3.37550112e+00 4.09290587e+00 1.49368140e-02 3.721157e-01 1.212533e+00 1.588031e+01 1.519701e+01 3.633870e-01 4.8562e-02 5.2566e-02 +5.4165e-06 0.04079 4.23761e-02 1.05922e-01 2.20959e-01 0.00000e+00
6.746243 6.30504349e-02 2.34344320e-02 8.64848669e-02 7.20412054e-03 3.35087737e+00 4.05571079e+00 1.48131763e-02 3.716776e-01 1.210343e+00 1.720857e+01 1.520894e+01 3.629247e-01 4.8136e-02 5.2989e-02 -2.6280e-06 0.04098 4.27757e-02 1.06489e-01 2.21967e-01 0.00000e+00
6.796967 6.23787923e-02 2.31650993e-02 8.55438917e-02 7.13096291e-03 3.32514276e+00 4.02153272e+00 1.46933510e-02 3.713618e-01 1.209432e+00 1.838326e+01 1.495289e+01 3.641523e-01 4.7943e-02 5.3776e-02 -6.0106e-06 0.04105 4.31804e-02 1.07007e-01 2.22965e-01 0.00000e+00
6.847690 6.17164038e-02 2.29005607e-02 8.46169645e-02 7.05596970e-03 3.29857974e+00 3.98911152e+00 1.45753825e-02 3.710612e-01 1.209342e+00 1.932198e+01 1.470894e+01 3.657558e-01 4.7976e-02 5.4809e-02 -2.4996e-06 0.04090 4.35928e-02 1.07491e-01 2.23970e-01 0.00000e+00
6.898414 6.10461372e-02 2.26395552e-02 8.36856924e-02 6.97986511e-03 3.27141743e+00 3.95712723e+00 1.44570893e-02 3.708597e-01 1.209606e+00 2.000744e+01 1.447914e+01 3.658969e-01 4.8195e-02 5.5985e-02 +5.5246e-06 0.04141 4.39884e-02 1.07891e-01 2.24890e-01 0.00000e+00
6.949137 6.03890339e-02 2.23784119e-02 8.27674458e-02 6.90326645e-03 3.24385224e+00 3.92376605e+00 1.43352366e-02 3.705708e-01 1.209601e+00 2.045069e+01 1.418630e+01 3.634226e-01 4.8549e-02 5.7202e-02 +7.6220e-06 0.04208 4.43100e-02 1.08086e-01 2.25508e-01 0.00000e+00
6.999861 5.97580292e-02 2.21163078e-02 8.18743370e-02 6.82665187e-03 3.21601634e+00 3.88795925e+00 1.42079512e-02 3.700977e-01 1.208936e+00 2.068347e+01 1.377080e+01 3.631974e-01 4.8991e-02 5.8335e-02 +7.3464e-07 0.04278 4.45319e-02 1.08038e-01 2.25757e-01 0.00000e+00
7.050585 5.91205125e-02 2.18566989e-02 8.09772114e-02 6.75037689e-03 3.18800985e+00 3.84979014e+00 1.40756000e-02 3.696974e-01 1.207584e+00 2.075409e+01 1.349581e+01 3.663070e-01 4.9470e-02 5.9256e-02 -4.8382e-06 0.04304 4.46792e-02 1.07834e-01 2.25788e-01 0.00000e+00
7.101308 5.84881992e-02 2.16011097e-02 8.00893089e-02 6.67470401e-03 3.15996076e+00 3.80919606e+00 1.39383136e-02 3.693242e-01 1.205457e+00 2.070381e+01 1.281259e+01 3.697014e-01 4.9931e-02 5.9880e-02 -3.8426e-06 0.04314 4.47695e-02 1.07530e-01 2.25697e-01 0.00000e+00
7.152032 5.78547218e-02 2.13497017e-02 7.92044235e-02 6.59987202e-03 3.13199925e+00 3.76626662e+00 1.37965318e-02 3.690226e-01 1.202512e+00 2.057328e+01 1.245355e+01 3.720902e-01 5.0329e-02 6.0195e-02 +3.1361e-06 0.04347 4.48083e-02 1.07143e-01 2.25493e-01 0.00000e+00
7.202756 5.72208386e-02 2.11007261e-02 7.83215647e-02 6.52613375e-03 3.10424866e+00 3.72109039e+00 1.36506781e-02 3.687595e-01 1.198709e+00 2.039322e+01 1.165668e+01 3.719513e-01 5.0638e-02 6.0246e-02 +8.3844e-06 0.04385 4.47917e-02 1.06659e-01 2.25110e-01 0.00000e+00
7.253479 5.66158262e-02 2.08522977e-02 7.74681240e-02 6.45376334e-03 3.07680360e+00 3.67396290e+00 1.35015330e-02 3.683122e-01 1.194084e+00 2.017883e+01 1.108694e+01 3.720035e-01 5.0844e-02 6.0084e-02 +4.0894e-06 0.04411 4.47267e-02 1.06086e-01 2.24513e-01 0.00000e+00
7.304203 5.60125451e-02 2.06068957e-02 7.66194408e-02 6.38307213e-03 3.04971295e+00 3.62602416e+00 1.33514742e-02 3.678979e-01 1.188972e+00 1.994100e+01 1.057277e+01 3.751461e-01 5.0947e-02 5.9765e-02 -2.8865e-06 0.04415 4.46574e-02 1.05525e-01 2.23836e-01 0.00000e+00
7.354927 5.54065402e-02 2.03669978e-02 7.57735381e-02 6.31438738e-03 3.02299388e+00 3.57820531e+00 1.32023984e-02 3.675919e-01 1.183663e+00 1.967780e+01 1.003714e+01 3.796540e-01 5.0944e-02 5.9345e-02 -4.4009e-06 0.04388 4.46236e-02 1.05068e-01 2.23213e-01 0.00000e+00
7.405650 5.48063971e-02 2.01329837e-02 7.49393807e-02 6.24802772e-03 2.99662010e+00 3.53101058e+00 1.30552614e-02 3.673473e-01 1.178331e+00 1.938807e+01 9.542667e+00 3.844183e-01 5.0844e-02 5.8890e-02 +6.2147e-07 0.04378 4.46413e-02 1.04748e-01 2.22684e-01 0.00000e+00
7.456374 5.41998991e-02 1.99035469e-02 7.41034461e-02 6.18430293e-03 2.97055008e+00 3.48467363e+00 1.29104474e-02 3.672248e-01 1.173074e+00 1.907769e+01 9.478760e+00 3.876091e-01 5.0670e-02 5.8447e-02 +7.4120e-06 0.04392 4.47036e-02 1.04543e-01 2.22198e-01 0.00000e+00
7.507097 5.36134029e-02 1.96757372e-02 7.32891402e-02 6.12350902e-03 2.94474969e+00 3.43906298e+00 1.27676253e-02 3.669929e-01 1.167863e+00 1.874265e+01 9.624931e+00 3.898578e-01 5.0435e-02 5.8004e-02 +6.5113e-06 0.04390 4.47855e-02 1.04390e-01 2.21639e-01 0.00000e+00
7.557821 5.30409736e-02 1.94499344e-02 7.24909080e-02 6.06593348e-03 2.91912655e+00 3.39450293e+00 1.26272589e-02 3.666964e-01 1.162849e+00 1.837986e+01 9.699421e+00 3.947989e-01 5.0144e-02 5.7514e-02 -5.0917e-07 0.04374 4.48878e-02 1.04290e-01 2.21026e-01 0.00000e+00
7.608545 5.24622200e-02 1.92285870e-02 7.16908070e-02 6.01183424e-03 2.89349154e+00 3.35150712e+00 1.24899973e-02 3.665226e-01 1.158292e+00 1.798928e+01 9.663808e+00 4.015937e-01 4.9802e-02 5.6933e-02 -4.3930e-06 0.04337 4.50295e-02 1.04289e-01 2.20478e-01 0.00000e+00
7.659268 5.18913832e-02 1.90122460e-02 7.09036292e-02 5.96140042e-03 2.86761074e+00 3.31027388e+00 1.23557692e-02 3.663854e-01 1.154367e+00 1.757099e+01 9.501417e+00 4.084881e-01 4.9416e-02 5.6243e-02 -1.7319e-06 0.04305 4.52117e-02 1.04390e-01 2.20039e-01 0.00000e+00
7.709992 5.13156268e-02 1.88001519e-02 7.01157787e-02 5.91475332e-03 2.84129954e+00 3.27095026e+00 1.22244996e-02 3.663631e-01 1.151216e+00 1.713172e+01 9.730195e+00 4.145908e-01 4.9018e-02 5.5470e-02 +5.1938e-06 0.04288 4.54161e-02 1.04547e-01 2.19660e-01 0.00000e+00
7.760716 5.07481878e-02 1.85898212e-02 6.93380090e-02 5.87193734e-03 2.81444020e+00 3.23341565e+00 1.20957117e-02 3.663150e-01 1.148866e+00 1.667579e+01 9.889223e+00 4.194622e-01 4.8642e-02 5.4675e-02 +7.6291e-06 0.04282 4.56091e-02 1.04681e-01 2.19228e-01 0.00000e+00
7.811439 5.02034948e-02 1.83801802e-02 6.85836751e-02 5.83289321e-03 2.78689141e+00 3.19759130e+00 1.19689654e-02 3.661136e-01 1.147368e+00 1.620744e+01 9.890662e+00 4.255415e-01 4.8311e-02 5.3937e-02 +2.0112e-06 0.04259 4.57744e-02 1.04755e-01 2.18714e-01 0.00000e+00
7.862163 4.96556200e-02 1.81731036e-02 6.78287235e-02 5.79745752e-03 2.75847052e+00 3.16359593e+00 1.18441329e-02 3.659828e-01 1.146866e+00 1.573193e+01 1.015934e+01 4.329699e-01 4.8040e-02 5.3345e-02 -3.6324e-06 0.04226 4.59218e-02 1.04799e-01 2.18207e-01 0.00000e+00
7.912886 4.91112180e-02 1.79696312e-02 6.70808492e-02 5.76537496e-03 2.72904308e+00 3.13125957e+00 1.17206053e-02 3.658967e-01 1.147384e+00 1.524968e+01 1.011833e+01 4.400863e-01 4.7826e-02 5.2972e-02 -3.3655e-06 0.04173 4.60527e-02 1.04823e-01 2.17757e-01 0.00000e+00
7.963610 4.85690189e-02 1.77694759e-02 6.63384948e-02 5.73631949e-03 2.69857541e+00 3.10031049e+00 1.15977718e-02 3.658603e-01 1.148869e+00 1.476787e+01 1.024488e+01 4.469127e-01 4.7665e-02 5.2868e-02 +2.5581e-06 0.04138 4.61558e-02 1.04809e-01 2.17345e-01 0.00000e+00
8.014334 4.80266653e-02 1.75706967e-02 6.55973619e-02 5.70992436e-03 2.66714950e+00 3.07036110e+00 1.14750212e-02 3.658529e-01 1.151177e+00 1.429699e+01 1.043395e+01 4.528761e-01 4.7556e-02 5.3054e-02 +7.4631e-06 0.04122 4.62086e-02 1.04708e-01 2.16889e-01 0.00000e+00
8.065057 4.75074683e-02 1.73711577e-02 6.48786259e-02 5.68583147e-03 2.63491880e+00 3.04096091e+00 1.13517594e-02 3.656511e-01 1.154100e+00 1.396558e+01 1.048220e+01 4.584902e-01 4.7504e-02 5.3528e-02 +4.4039e-06 0.04111 4.61908e-02 1.04477e-01 2.16305e-01 0.00000e+00
8.115781 4.69941806e-02 1.71719014e-02 6.41660819e-02 5.66375217e-03 2.60200561e+00 3.01191680e+00 1.12278448e-02 3.654048e-01 1.157537e+00 1.382593e+01 1.018357e+01 4.645719e-01 4.7524e-02 5.4266e-02 -1.9973e-06 0.04079 4.61120e-02 1.04141e-01 2.15636e-01 0.00000e+00
8.166505 4.64802837e-02 1.69746659e-02 6.34549496e-02 5.64347201e-03 2.56850621e+00 2.98289824e+00 1.11028089e-02 3.652014e-01 1.161336e+00 1.409773e+01 9.850753e+00 4.703680e-01 4.7624e-02 5.5206e-02 -4.0356e-06 0.04042 4.59931e-02 1.03750e-01 2.14976e-01 0.00000e+00
8.217228 4.59749797e-02 1.67797839e-02 6.27547636e-02 5.62482197e-03 2.53458012e+00 2.95348930e+00 1.09761388e-02 3.649764e-01 1.165278e+00 1.443706e+01 1.000468e+01 4.760493e-01 4.7811e-02 5.6252e-02 +1.1241e-07 0.04000 4.58455e-02 1.03326e-01 2.14364e-01 0.00000e+00
8.267952 4.54669411e-02 1.65862913e-02 6.20532324e-02 5.60767486e-03 2.50050328e+00 2.92340117e+00 1.08478089e-02 3.647989e-01 1.169125e+00 1.437342e+01 1.011701e+01 4.815496e-01 4.8086e-02 5.7306e-02 +6.2302e-06 0.03967 4.56652e-02 1.02857e-01 2.13764e-01 0.00000e+00
8.318676 4.49755810e-02 1.63922933e-02 6.13678743e-02 5.59194294e-03 2.46659038e+00 2.89225738e+00 1.07176955e-02 3.644710e-01 1.172573e+00 1.395087e+01 1.008770e+01 4.867460e-01 4.8443e-02 5.8311e-02 +6.2142e-06 0.03929 4.54378e-02 1.02303e-01 2.13093e-01 0.00000e+00
8.369399 4.45006549e-02 1.61981104e-02 6.06987652e-02 5.57756695e-03 2.43301204e+00 2.85984962e+00 1.05857233e-02 3.639971e-01 1.175436e+00 1.386541e+01 9.878666e+00 4.922176e-01 4.8862e-02 5.9239e-02 +2.4952e-07 0.03922 4.51711e-02 1.01682e-01 2.12374e-01 0.00000e+00
8.420123 4.40241060e-02 1.60058339e-02 6.00299399e-02 5.56448665e-03 2.39980706e+00 2.82611907e+00 1.04518523e-02 3.635698e-01 1.177644e+00 1.418793e+01 9.887420e+00 4.977027e-01 4.9307e-02 6.0046e-02 -3.8061e-06 0.03932 4.48914e-02 1.01052e-01 2.11712e-01 0.00000e+00
8.470846 4.35556219e-02 1.58165194e-02 5.93721413e-02 5.55260933e-03 2.36702905e+00 2.79101131e+00 1.03160807e-02 3.631338e-01 1.179120e+00 1.421424e+01 9.977563e+00 5.030138e-01 4.9737e-02 6.0649e-02 -1.8299e-06 0.03943 4.46136e-02 1.00448e-01 2.11163e-01 0.00000e+00
8.521570 4.30872545e-02 1.56300400e-02 5.87172945e-02 5.54182490e-03 2.33476091e+00 2.75464314e+00 1.01788081e-02 3.627532e-01 1.179839e+00 1.399104e+01 1.012906e+01 5.077405e-01 5.0130e-02 6.0981e-02 +4.2729e-06 0.03936 4.43401e-02 9.98671e-02 2.10705e-01 0.00000e+00
8.572294 4.26261774e-02 1.54450713e-02 5.80712487e-02 5.53204037e-03 2.30306075e+00 2.71713125e+00 1.00403840e-02 3.623377e-01 1.179791e+00 1.353181e+01 1.015394e+01 5.112587e-01 5.0476e-02 6.1044e-02 +6.9970e-06 0.03921 4.40643e-02 9.92876e-02 2.10262e-01 0.00000e+00
8.623017 4.21862759e-02 1.52610963e-02 5.74473722e-02 5.52319571e-03 2.27188827e+00 2.67867956e+00 9.90113566e-03 3.617550e-01 1.179054e+00 1.304849e+01 1.017234e+01 5.140787e-01 5.0770e-02 6.0907e-02 +2.5865e-06 0.03906 4.37897e-02 9.87090e-02 2.09804e-01 0.00000e+00
8.673741 4.17469315e-02 1.50797560e-02 5.68266875e-02 5.51526256e-03 2.24107537e+00 2.63966455e+00 9.76147984e-03 3.612183e-01 1.177856e+00 1.296900e+01 1.018063e+01 5.162715e-01 5.0997e-02 6.0643e-02 -2.7849e-06 0.03885 4.35387e-02 9.81794e-02 2.09399e-01 0.00000e+00
8.724465 4.13109235e-02 1.49025943e-02 5.62135178e-02 5.50821867e-03 2.21040398e+00 2.60037103e+00 9.62155003e-03 3.607422e-01 1.176423e+00 1.307694e+01 1.016535e+01 5.172772e-01 5.1135e-02 6.0277e-02 -3.0697e-06 0.03860 4.33334e-02 9.77451e-02 2.09117e-01 0.00000e+00
8.775188 4.08792740e-02 1.47299361e-02 5.56092101e-02 5.50203301e-03 2.17969662e+00 2.56109224e+00 9.48157774e-03 3.603277e-01 1.174976e+00 1.317699e+01 1.021897e+01 5.171230e-01 5.1173e-02 5.9799e-02 +1.9793e-06 0.03832 4.31824e-02 9.74200e-02 2.08965e-01 0.00000e+00
8.825912 4.04471752e-02 1.45607284e-02 5.50079036e-02 5.49668354e-03 2.14887707e+00 2.52207634e+00 9.34190682e-03 3.599937e-01 1.173672e+00 1.312425e+01 1.015796e+01 5.160049e-01 5.1116e-02 5.9201e-02 +6.6228e-06 0.03804 4.30743e-02 9.71717e-02 2.08859e-01 0.00000e+00
8.876635 4.00330684e-02 1.43937483e-02 5.44268166e-02 5.49216877e-03 2.11791503e+00 2.48340808e+00 9.20264621e-03 3.595465e-01 1.172572e+00 1.297862e+01 1.010988e+01 5.142263e-01 5.0975e-02 5.8514e-02 +4.6094e-06 0.03774 4.29898e-02 9.69525e-02 2.08696e-01 0.00000e+00
8.927359 3.96262418e-02 1.42297513e-02 5.38559931e-02 5.48848705e-03 2.08670695e+00 2.44518427e+00 9.06378245e-03 3.590992e-01 1.171791e+00 1.291596e+01 1.028205e+01 5.118635e-01 5.0756e-02 5.7784e-02 -1.1077e-06 0.03741 4.29276e-02 9.67623e-02 2.08481e-01 0.00000e+00
8.978083 3.92183961e-02 1.40701883e-02 5.32885843e-02 5.48559658e-03 2.05512839e+00 2.40742430e+00 8.92510538e-03 3.587650e-01 1.171423e+00 1.340931e+01 1.038993e+01 5.089940e-01 5.0453e-02 5.7052e-02 -3.5118e-06 0.03706 4.28945e-02 9.66216e-02 2.08274e-01 0.00000e+00
9.028806 3.88169021e-02 1.39154331e-02 5.27323352e-02 5.48339593e-03 2.02315516e+00 2.37008229e+00 8.78647491e-03 3.584890e-01 1.171478e+00 1.366295e+01 1.041698e+01 5.062446e-01 5.0074e-02 5.6334e-02 -1.5594e-07 0.03674 4.28834e-02 9.65196e-02 2.08078e-01 0.00000e+00
9.079530 3.84130060e-02 1.37646860e-02 5.21776920e-02 5.48174964e-03 1.99086664e+00 2.33309026e+00 8.64791380e-03 3.583340e-01 1.171897e+00 1.347568e+01 1.035759e+01 5.033909e-01 4.9646e-02 5.5670e-02 +5.3747e-06 0.03633 4.28704e-02 9.64062e-02 2.07819e-01 0.00000e+00
9.130254 3.80206328e-02 1.36165623e-02 5.16371951e-02 5.48051178e-03 1.95835597e+00 2.29626336e+00 8.50923866e-03 3.581361e-01 1.172546e+00 1.336903e+01 1.021238e+01 4.997936e-01 4.9206e-02 5.5135e-02 +5.9960e-06 0.03599 4.28264e-02 9.62181e-02 2.07394e-01 0.00000e+00
9.180977 3.76430898e-02 1.34709159e-02 5.11140056e-02 5.47952699e-03 1.92564524e+00 2.25954743e+00 8.37038533e-03 3.578589e-01 1.173398e+00 1.362120e+01 1.004345e+01 4.963514e-01 4.8779e-02 5.4812e-02 +9.9444e-07 0.03565 4.27409e-02 9.59374e-02 2.06801e-01 0.00000e+00
9.231701 3.72639678e-02 1.33288525e-02 5.05928203e-02 5.47862504e-03 1.89272161e+00 2.22307512e+00 8.23159346e-03 3.576874e-01 1.174539e+00 1.363301e+01 1.004245e+01 4.941037e-01 4.8376e-02 5.4736e-02 -3.0590e-06 0.03525 4.26214e-02 9.55897e-02 2.06122e-01 0.00000e+00
9.282425 3.68903839e-02 1.31910259e-02 5.00814098e-02 5.47761984e-03 1.85960525e+00 2.18694276e+00 8.09309602e-03 3.575736e-01 1.176025e+00 1.324627e+01 1.002051e+01 4.924428e-01 4.7998e-02 5.4880e-02 -1.7116e-06 0.03488 4.24713e-02 9.51899e-02 2.05419e-01 0.00000e+00
9.333148 3.65180383e-02 1.30570799e-02 4.95751182e-02 5.47632465e-03 1.82635422e+00 2.15118462e+00 7.95507769e-03 3.575515e-01 1.177857e+00 1.345873e+01 9.936771e+00 4.901418e-01 4.7646e-02 5.5193e-02 +3.6412e-06 0.03446 4.22818e-02 9.47220e-02 2.04679e-01 0.00000e+00
9.383872 3.61506410e-02 1.29257554e-02 4.90763964e-02 5.47457798e-03 1.79306853e+00 2.11572703e+00 7.81759113e-03 3.575526e-01 1.179948e+00 1.333788e+01 9.942569e+00 4.872534e-01 4.7314e-02 5.5614e-02 +6.5329e-06 0.03407 4.20327e-02 9.41426e-02 2.03827e-01 0.00000e+00
9.434595 3.58009321e-02 1.27962513e-02 4.85971834e-02 5.47225583e-03 1.75985289e+00 2.08050296e+00 7.68071169e-03 3.574279e-01 1.182203e+00 1.295834e+01 9.953515e+00 4.849225e-01 4.6996e-02 5.6115e-02 +3.1744e-06 0.03386 4.17099e-02 9.34242e-02 2.02813e-01 0.00000e+00
9.485319 3.54541663e-02 1.26692448e-02 4.81234111e-02 5.46927132e-03 1.72675724e+00 2.04553074e+00 7.54457594e-03 3.573415e-01 1.184608e+00 1.324422e+01 9.957405e+00 4.831368e-01 4.6680e-02 5.6653e-02 -1.7893e-06 0.03375 4.13175e-02 9.25856e-02 2.01684e-01 0.00000e+00
9.536043 3.51103991e-02 1.25456150e-02 4.76560141e-02 5.46556211e-03 1.69381738e+00 2.01076326e+00 7.40916129e-03 3.573191e-01 1.187119e+00 1.285850e+01 9.937797e+00 4.811458e-01 4.6355e-02 5.7217e-02 -2.5272e-06 0.03394 4.08646e-02 9.16561e-02 2.00513e-01 0.00000e+00
9.586766 3.47721558e-02 1.24253377e-02 4.71974935e-02 5.46108688e-03 1.66113510e+00 1.97609874e+00 7.27446768e-03 3.573358e-01 1.189607e+00 1.251431e+01 9.902963e+00 4.789591e-01 4.6019e-02 5.7798e-02 +1.7541e-06 0.03379 4.03508e-02 9.06401e-02 1.99306e-01 0.00000e+00
9.637490 3.44343870e-02 1.23074869e-02 4.67418739e-02 5.45583694e-03 1.62887929e+00 1.94137950e+00 7.14051758e-03 3.574185e-01 1.191850e+00 1.256144e+01 9.858518e+00 4.759078e-01 4.5675e-02 5.8391e-02 +6.1660e-06 0.03393 3.97655e-02 8.95130e-02 1.97996e-01 0.00000e+00
9.688214 3.41121742e-02 1.21911712e-02 4.63033454e-02 5.44983815e-03 1.59720181e+00 1.90643674e+00 7.00727712e-03 3.573848e-01 1.193610e+00 1.187929e+01 9.829460e+00 4.715721e-01 4.5322e-02 5.9000e-02 +5.0058e-06 0.03370 3.91025e-02 8.82567e-02 1.96514e-01 0.00000e+00
9.738937 3.37996898e-02 1.20767234e-02 4.58764132e-02 5.44313903e-03 1.56618323e+00 1.87131355e+00 6.87499356e-03 3.573028e-01 1.194824e+00 1.098532e+01 9.813871e+00 4.675910e-01 4.4951e-02 5.9599e-02 -3.8210e-09 0.03380 3.83768e-02 8.69017e-02 1.94898e-01 0.00000e+00
9.789661 3.34876845e-02 1.19651042e-02 4.54527888e-02 5.43579490e-03 1.53588583e+00 1.83623233e+00 6.74423632e-03 3.572986e-01 1.195553e+00 1.094766e+01 9.774132e+00 4.653326e-01 4.4549e-02 6.0169e-02 -2.6152e-06 0.03347 3.76168e-02 8.55081e-02 1.93248e-01 0.00000e+00
9.840384 3.31823214e-02 1.18567128e-02 4.50390342e-02 5.42786037e-03 1.50639179e+00 1.80142969e+00 6.61564297e-03 3.573202e-01 1.195857e+00 1.095440e+01 9.708952e+00 4.638698e-01 4.4106e-02 6.0670e-02 +3.9852e-08 0.03362 3.68464e-02 8.41215e-02 1.91631e-01 0.00000e+00
9.891108 3.28772477e-02 1.17511311e-02 4.46283788e-02 5.41939377e-03 1.47777005e+00 1.76708659e+00 6.48971327e-03 3.574244e-01 1.195779e+00 1.101559e+01 9.614635e+00 4.607567e-01 4.3611e-02 6.1049e-02 +5.0183e-06 0.03329 3.60791e-02 8.27605e-02 1.90049e-01 0.00000e+00
9.941832 3.25817844e-02 1.16475395e-02 4.42293240e-02 5.41046009e-03 1.45005707e+00 1.73334237e+00 6.36679889e-03 3.574862e-01 1.195361e+00 1.097287e+01 9.482923e+00 4.559374e-01 4.3064e-02 6.1276e-02 +6.0852e-06 0.03340 3.53238e-02 8.14315e-02 1.88477e-01 0.00000e+00
9.992555 3.23003265e-02 1.15457746e-02 4.38461011e-02 5.40112721e-03 1.42326163e+00 1.70045248e+00 6.24742822e-03 3.574507e-01 1.194757e+00 1.082701e+01 9.336541e+00 4.527001e-01 4.2466e-02 6.1320e-02 +1.9457e-06 0.03300 3.45973e-02 8.01630e-02 1.86951e-01 0.00000e+00
10.000737 3.22550736e-02 1.15295755e-02 4.37846491e-02 5.39958889e-03 1.41902492e+00 1.69525200e+00 6.22855383e-03 3.574500e-01 1.194660e+00 1.079393e+01 9.323157e+00 4.524561e-01 4.2364e-02 6.1307e-02 +1.1271e-06 0.03305 3.44844e-02 7.99676e-02 1.86717e-01 0.00000e+00
