# tg_mhd (CUDA FP64)  tgc_slip_cond_n192_re250_drive0.2_bdrive0.4  N=192 L=192 Re=250 Pm=1 u0=0.05 nu_lat=1.215944e-02 eta_lat=1.215944e-02 tau_f=0.536478 tau_m=0.548638 dt=8.224065e-04 fw=profile
# t E_V E_M E_T H_C Omega_V Omega_M eps EM/EV OmM/OmV j_max w_max skew divb/j divb_wall/j mass_drift umax_lat fw1 fw2 fw4 tau_wall
0.000000 1.25009686e-01 1.25000000e-01 2.50009686e-01 1.10413339e-20 3.74995248e-01 1.49945900e+00 1.49956340e-02 9.999225e-01 3.998608e+00 3.463243e+00 1.999775e+00 -2.590967e-18 2.8400e-15 6.1194e-15 +0.0000e+00 0.05000 8.08372e-02 1.63017e-01 3.30721e-01 0.00000e+00
0.250012 1.30334276e-01 1.52657670e-01 2.82991946e-01 1.45547845e-04 4.75857164e-01 1.99766112e+00 1.97881462e-02 1.171278e+00 4.198027e+00 4.224100e+00 2.340136e+00 1.061790e-01 5.8890e-04 8.8922e-05 -4.2100e-06 0.05270 6.23434e-02 1.24861e-01 2.58422e-01 0.00000e+00
0.500023 1.36256089e-01 1.81093198e-01 3.17349287e-01 5.64932191e-04 7.84014446e-01 2.68013716e+00 2.77132128e-02 1.329065e+00 3.418479e+00 5.247290e+00 3.535856e+00 1.670688e-01 7.6057e-04 4.0337e-04 -1.0985e-05 0.05375 4.89668e-02 9.89424e-02 2.45592e-01 0.00000e+00
0.750035 1.42708799e-01 2.06523652e-01 3.49232451e-01 1.42534379e-03 1.28126931e+00 3.59019440e+00 3.89717097e-02 1.447168e+00 2.802061e+00 6.610714e+00 4.961637e+00 2.871889e-01 8.2531e-04 1.1338e-03 -1.1407e-05 0.05699 4.13425e-02 8.76587e-02 2.50613e-01 0.00000e+00
1.000046 1.50459098e-01 2.25344022e-01 3.75803120e-01 3.24109313e-03 2.03357233e+00 4.87671399e+00 5.52822905e-02 1.497710e+00 2.398102e+00 8.547749e+00 6.584820e+00 3.893972e-01 1.1738e-03 2.8961e-03 -2.2239e-06 0.06250 3.83636e-02 8.96290e-02 2.59900e-01 0.00000e+00
1.250058 1.60208060e-01 2.34613237e-01 3.94821297e-01 6.49796073e-03 3.11631185e+00 6.65822201e+00 7.81962708e-02 1.464428e+00 2.136571e+00 1.497995e+01 1.033198e+01 4.075572e-01 2.3295e-03 5.8001e-03 +1.0772e-05 0.06988 4.15685e-02 1.04897e-01 2.63580e-01 0.00000e+00
1.500069 1.69393320e-01 2.35521671e-01 4.04914991e-01 1.13811552e-02 4.26912933e+00 9.00987434e+00 1.06232029e-01 1.390383e+00 2.110471e+00 2.229625e+01 1.605613e+01 4.253272e-01 4.3311e-03 8.5768e-03 +1.8218e-05 0.07035 4.65547e-02 1.09868e-01 2.79374e-01 0.00000e+00
1.750081 1.75804368e-01 2.30753497e-01 4.06557865e-01 1.80055112e-02 5.06350014e+00 1.16140067e+01 1.33420055e-01 1.312558e+00 2.293672e+00 2.990999e+01 1.423208e+01 3.412709e-01 5.5583e-03 1.1286e-02 +1.4769e-05 0.06565 4.21131e-02 1.00942e-01 3.39261e-01 0.00000e+00
2.000092 1.81430764e-01 2.19489823e-01 4.00920587e-01 2.60412259e-02 5.60422377e+00 1.29055039e+01 1.48077821e-01 1.209772e+00 2.302817e+00 3.062020e+01 1.398521e+01 3.223141e-01 5.7897e-03 1.0934e-02 +3.9183e-06 0.06546 3.83894e-02 1.52598e-01 3.77683e-01 0.00000e+00
2.250104 1.87717194e-01 2.02347147e-01 3.90064341e-01 3.44715911e-02 6.05285469e+00 1.30141580e+01 1.52536101e-01 1.077936e+00 2.150086e+00 3.102292e+01 1.336383e+01 3.075099e-01 5.3325e-03 1.4522e-02 -5.6898e-06 0.06726 7.73117e-02 2.14826e-01 4.06966e-01 0.00000e+00
2.500116 1.93696986e-01 1.82801337e-01 3.76498324e-01 4.24582446e-02 6.35800942e+00 1.23232865e+01 1.49450367e-01 9.437490e-01 1.938230e+00 3.027108e+01 1.406848e+01 2.434682e-01 4.8117e-03 1.5555e-02 -5.1162e-06 0.07316 9.41909e-02 2.20962e-01 4.10336e-01 0.00000e+00
2.750127 1.98223771e-01 1.64746591e-01 3.62970362e-01 4.96879776e-02 6.54418359e+00 1.12645143e+01 1.42469583e-01 8.311142e-01 1.721302e+00 2.453756e+01 1.302689e+01 1.734681e-01 4.6163e-03 1.3833e-02 -8.5824e-07 0.07446 8.56824e-02 2.03732e-01 3.95153e-01 0.00000e+00
3.000139 2.00296183e-01 1.50018831e-01 3.50315014e-01 5.60154211e-02 6.50885844e+00 1.02456798e+01 1.34036306e-01 7.489850e-01 1.574113e+00 1.804578e+01 1.322264e+01 1.504737e-01 5.0206e-03 1.2763e-02 +1.0147e-06 0.07347 8.41349e-02 1.98726e-01 3.84011e-01 0.00000e+00
3.250150 2.00009058e-01 1.39186731e-01 3.39195789e-01 6.21104879e-02 6.34437013e+00 9.28511092e+00 1.25035848e-01 6.959021e-01 1.463520e+00 1.511334e+01 1.528610e+01 1.857362e-01 5.4254e-03 1.3289e-02 +2.5713e-07 0.07122 8.03068e-02 1.92232e-01 3.73186e-01 0.00000e+00
3.500162 1.97780102e-01 1.32116380e-01 3.29896482e-01 6.84572709e-02 6.22340724e+00 8.44757803e+00 1.17367882e-01 6.679963e-01 1.357388e+00 1.760110e+01 1.852933e+01 2.673161e-01 5.1167e-03 1.3538e-02 -1.4071e-06 0.07334 6.98141e-02 1.75936e-01 3.57416e-01 0.00000e+00
3.750173 1.93895123e-01 1.27447446e-01 3.21342569e-01 7.47967206e-02 6.26609531e+00 8.12889769e+00 1.15159944e-01 6.573009e-01 1.297283e+00 2.294601e+01 1.926776e+01 3.407788e-01 5.0373e-03 1.3417e-02 -9.8136e-07 0.07322 6.67754e-02 1.67679e-01 3.47371e-01 0.00000e+00
4.000185 1.89655745e-01 1.22715865e-01 3.12371610e-01 8.01310934e-02 6.35516261e+00 7.81643706e+00 1.13372797e-01 6.470453e-01 1.229935e+00 2.201970e+01 1.952603e+01 3.317102e-01 5.0666e-03 1.1708e-02 +2.6662e-06 0.06874 6.83404e-02 1.62440e-01 3.40880e-01 0.00000e+00
4.250197 1.85809494e-01 1.17394835e-01 3.03204329e-01 8.36816364e-02 6.42630977e+00 7.48547819e+00 1.11294304e-01 6.318021e-01 1.164818e+00 1.556751e+01 1.751801e+01 2.684551e-01 4.9139e-03 1.1279e-02 +7.6151e-06 0.06758 7.23489e-02 1.62726e-01 3.40635e-01 0.00000e+00
4.500208 1.81247854e-01 1.12959079e-01 2.94206933e-01 8.53148733e-02 6.30829727e+00 7.34611175e+00 1.09235272e-01 6.232299e-01 1.164516e+00 1.826710e+01 1.697881e+01 2.551609e-01 4.9063e-03 1.1814e-02 +1.1307e-05 0.06731 7.72946e-02 1.69970e-01 3.47897e-01 0.00000e+00
4.750220 1.75421174e-01 1.10486209e-01 2.85907383e-01 8.51251907e-02 6.00406451e+00 7.51997711e+00 1.08192333e-01 6.298339e-01 1.252481e+00 2.158775e+01 1.526930e+01 2.837068e-01 5.5897e-03 1.3295e-02 +1.1540e-05 0.07222 7.98108e-02 1.77488e-01 3.61895e-01 0.00000e+00
5.000231 1.69645813e-01 1.09349868e-01 2.78995681e-01 8.37532273e-02 5.66968692e+00 7.38482411e+00 1.04436088e-01 6.445775e-01 1.302510e+00 1.873650e+01 1.215555e+01 3.476400e-01 6.1543e-03 1.3666e-02 +8.5186e-06 0.06840 7.48921e-02 1.75325e-01 3.62991e-01 0.00000e+00
5.250243 1.64854690e-01 1.09980489e-01 2.74835179e-01 8.20404540e-02 5.39254196e+00 6.97760048e+00 9.89611395e-02 6.671359e-01 1.293935e+00 1.551308e+01 1.029600e+01 3.765733e-01 5.1236e-03 1.0537e-02 +4.0571e-06 0.06357 7.30716e-02 1.77473e-01 3.70657e-01 0.00000e+00
5.500254 1.60538016e-01 1.12673769e-01 2.73211785e-01 8.04359363e-02 5.23793325e+00 6.86632382e+00 9.68340566e-02 7.018510e-01 1.310884e+00 1.666672e+01 9.381570e+00 3.893478e-01 4.7911e-03 1.0954e-02 +6.1647e-07 0.06498 7.14458e-02 1.81623e-01 3.91169e-01 0.00000e+00
5.750266 1.55759087e-01 1.17395135e-01 2.73154221e-01 7.91546591e-02 5.13044164e+00 7.04897208e+00 9.74353098e-02 7.536969e-01 1.373950e+00 1.374189e+01 9.551558e+00 4.012044e-01 4.4887e-03 1.0819e-02 -6.4194e-07 0.06642 6.71838e-02 1.81083e-01 4.03242e-01 0.00000e+00
6.000277 1.50464730e-01 1.23427101e-01 2.73891832e-01 7.82748698e-02 5.00842287e+00 7.40950301e+00 9.93434070e-02 8.203059e-01 1.479408e+00 1.520801e+01 1.047359e+01 3.982647e-01 4.1413e-03 1.0537e-02 -8.1724e-07 0.06826 6.41184e-02 1.84057e-01 4.06805e-01 0.00000e+00
6.250289 1.45984611e-01 1.28787225e-01 2.74771836e-01 7.76746618e-02 4.93405490e+00 7.86137954e+00 1.02363475e-01 8.821973e-01 1.593290e+00 1.888646e+01 1.212299e+01 3.781622e-01 3.9655e-03 1.0033e-02 -8.7498e-07 0.07047 6.90389e-02 2.02614e-01 4.10578e-01 0.00000e+00
6.500301 1.44101744e-01 1.31347500e-01 2.75449244e-01 7.73635090e-02 4.94386399e+00 8.14425737e+00 1.04704971e-01 9.114914e-01 1.647347e+00 2.190858e+01 1.170335e+01 3.264505e-01 3.9219e-03 9.2394e-03 -4.1926e-07 0.07287 8.36437e-02 2.23981e-01 4.10969e-01 0.00000e+00
6.750312 1.44676017e-01 1.31505575e-01 2.76181593e-01 7.74418658e-02 4.86475599e+00 8.14571382e+00 1.04083758e-01 9.089660e-01 1.674434e+00 2.080225e+01 1.311784e+01 2.702060e-01 3.9513e-03 9.7954e-03 +2.0728e-06 0.07384 9.47979e-02 2.22147e-01 3.95092e-01 0.00000e+00
7.000324 1.46769221e-01 1.30931178e-01 2.77700400e-01 7.77283924e-02 4.64675494e+00 7.83123873e+00 9.98239494e-02 8.920888e-01 1.685313e+00 1.589901e+01 1.076169e+01 2.138687e-01 4.0233e-03 1.0371e-02 +6.5054e-06 0.07284 8.51496e-02 1.89426e-01 3.59949e-01 0.00000e+00
7.250335 1.49228474e-01 1.31151012e-01 2.80379485e-01 7.77943044e-02 4.44116801e+00 7.42486282e+00 9.49282466e-02 8.788605e-01 1.671827e+00 1.209442e+01 9.832334e+00 2.006363e-01 4.1237e-03 9.7080e-03 +1.1144e-05 0.06989 6.25369e-02 1.47379e-01 3.18335e-01 0.00000e+00
7.500347 1.50640635e-01 1.33569595e-01 2.84210230e-01 7.74257358e-02 4.34087677e+00 7.13007622e+00 9.17676239e-02 8.866771e-01 1.642543e+00 1.443607e+01 9.009483e+00 2.017596e-01 4.3926e-03 9.1622e-03 +1.4255e-05 0.06619 4.64040e-02 1.20766e-01 2.93257e-01 0.00000e+00
7.750358 1.50516730e-01 1.38787496e-01 2.89304226e-01 7.66442179e-02 4.34761589e+00 7.12846544e+00 9.18086507e-02 9.220735e-01 1.639626e+00 1.680854e+01 1.053402e+01 1.546746e-01 4.5687e-03 9.1261e-03 +1.5481e-05 0.06286 4.03345e-02 1.14021e-01 2.90201e-01 0.00000e+00
8.000370 1.50347613e-01 1.45151230e-01 2.95498843e-01 7.58306293e-02 4.41881918e+00 7.32304536e+00 9.39349163e-02 9.654375e-01 1.657240e+00 1.641647e+01 1.141865e+01 1.050940e-01 4.4882e-03 9.6722e-03 +1.4993e-05 0.06349 4.13435e-02 1.16413e-01 2.96515e-01 0.00000e+00
8.250382 1.52049623e-01 1.50558560e-01 3.02608182e-01 7.56454924e-02 4.52540628e+00 7.56562050e+00 9.67282142e-02 9.901936e-01 1.671810e+00 1.273510e+01 1.234529e+01 1.349364e-01 4.2149e-03 1.1226e-02 +1.3313e-05 0.06560 4.38578e-02 1.14901e-01 2.95231e-01 0.00000e+00
8.500393 1.57125366e-01 1.52893279e-01 3.10018645e-01 7.64383160e-02 4.80457912e+00 7.74263081e+00 1.00377679e-01 9.730655e-01 1.611511e+00 1.420117e+01 1.218309e+01 1.704440e-01 4.3113e-03 1.1731e-02 +1.1086e-05 0.06589 4.11442e-02 1.09044e-01 2.88134e-01 0.00000e+00
8.750405 1.65143712e-01 1.51252776e-01 3.16396488e-01 7.80887805e-02 5.35133785e+00 7.90545405e+00 1.06054335e-01 9.158858e-01 1.477286e+00 1.677093e+01 1.190725e+01 2.262382e-01 4.5642e-03 1.1612e-02 +8.9844e-06 0.06622 3.69123e-02 1.05629e-01 2.80682e-01 0.00000e+00
9.000416 1.72887102e-01 1.47265801e-01 3.20152903e-01 7.96618462e-02 5.95082285e+00 8.20555371e+00 1.13251013e-01 8.518033e-01 1.378894e+00 1.667081e+01 1.170989e+01 3.172027e-01 4.8019e-03 1.0947e-02 +7.6464e-06 0.06432 3.62729e-02 1.07444e-01 3.13198e-01 0.00000e+00
9.250428 1.77140362e-01 1.42475273e-01 3.19615635e-01 7.95456705e-02 6.39016249e+00 8.44770306e+00 1.18702924e-01 8.043072e-01 1.321986e+00 1.574592e+01 1.448635e+01 4.414184e-01 4.6705e-03 9.8033e-03 +7.1785e-06 0.06219 3.85948e-02 1.35864e-01 3.71628e-01 0.00000e+00
9.500439 1.77510165e-01 1.37162288e-01 3.14672453e-01 7.79675034e-02 6.60163348e+00 8.62676568e+00 1.21827193e-01 7.727010e-01 1.306762e+00 1.503077e+01 1.651808e+01 5.057995e-01 4.1835e-03 1.2118e-02 +5.8722e-06 0.06851 6.60721e-02 1.91668e-01 4.03385e-01 0.00000e+00
9.750451 1.74745285e-01 1.31831307e-01 3.06576592e-01 7.72555160e-02 6.55136426e+00 9.32825230e+00 1.27036932e-01 7.544198e-01 1.423864e+00 2.036909e+01 1.695927e+01 4.232925e-01 4.6471e-03 1.4160e-02 +3.1077e-06 0.07048 1.14356e-01 2.49454e-01 4.31394e-01 0.00000e+00
10.000462 1.70634650e-01 1.26336136e-01 2.96970786e-01 7.77492521e-02 6.64802221e+00 9.25172543e+00 1.27197981e-01 7.403897e-01 1.391651e+00 1.831619e+01 1.625287e+01 4.458148e-01 4.4661e-03 1.1348e-02 +4.9066e-06 0.06891 1.31803e-01 2.55457e-01 4.40033e-01 0.00000e+00
10.250474 1.65370495e-01 1.23118922e-01 2.88489417e-01 7.92331316e-02 6.59172494e+00 8.85665354e+00 1.23587028e-01 7.445036e-01 1.343602e+00 1.934281e+01 1.507115e+01 4.368303e-01 4.5361e-03 9.0508e-03 +6.8798e-06 0.06863 1.11449e-01 2.36609e-01 4.40700e-01 0.00000e+00
10.500486 1.58523895e-01 1.22626909e-01 2.81150804e-01 8.12740751e-02 6.46574284e+00 9.02249651e+00 1.23905915e-01 7.735547e-01 1.395431e+00 3.674638e+01 1.522112e+01 4.134314e-01 4.8835e-03 9.7579e-03 +6.2789e-06 0.06346 1.09366e-01 2.49097e-01 4.51350e-01 0.00000e+00
10.750497 1.50475065e-01 1.24771188e-01 2.75246253e-01 8.39899688e-02 6.29310580e+00 8.34969641e+00 1.17142418e-01 8.291818e-01 1.326801e+00 1.922254e+01 1.492417e+01 4.505832e-01 5.1299e-03 1.1656e-02 +5.0739e-06 0.06151 1.06012e-01 2.41723e-01 4.31476e-01 0.00000e+00
11.000509 1.40922596e-01 1.31110871e-01 2.72033468e-01 8.72637694e-02 5.85597560e+00 8.18578503e+00 1.12334085e-01 9.303751e-01 1.397852e+00 3.015171e+01 1.474195e+01 4.683663e-01 5.3467e-03 1.1171e-02 +2.5928e-06 0.05961 1.05071e-01 2.32047e-01 4.25174e-01 0.00000e+00
11.250520 1.31875877e-01 1.39166841e-01 2.71042718e-01 9.07130264e-02 5.31315270e+00 8.15807817e+00 1.07769847e-01 1.055287e+00 1.535450e+00 3.109332e+01 1.377691e+01 4.251795e-01 6.5168e-03 1.1398e-02 -1.2081e-06 0.06418 1.01248e-01 2.21103e-01 4.12488e-01 0.00000e+00
11.500532 1.25136002e-01 1.47776470e-01 2.72912473e-01 9.48527574e-02 4.95323117e+00 7.80393877e+00 1.02057360e-01 1.180927e+00 1.575525e+00 2.533565e+01 1.255124e+01 3.852833e-01 5.4232e-03 1.0010e-02 -4.0641e-06 0.06791 9.52938e-02 2.07521e-01 3.89452e-01 0.00000e+00
11.750543 1.20992556e-01 1.56777966e-01 2.77770522e-01 9.97214325e-02 4.77954082e+00 7.45886492e+00 9.79072459e-02 1.295765e+00 1.560582e+00 2.355492e+01 1.175075e+01 3.700062e-01 5.0627e-03 9.8887e-03 -5.1497e-06 0.06931 8.40186e-02 1.87427e-01 3.59131e-01 0.00000e+00
12.000555 1.19531495e-01 1.65695611e-01 2.85227106e-01 1.05308532e-01 4.76138858e+00 7.18058458e+00 9.55357853e-02 1.386209e+00 1.508086e+00 1.982560e+01 1.196616e+01 3.356764e-01 4.8651e-03 9.9576e-03 -4.5602e-06 0.06832 6.92510e-02 1.61786e-01 3.26145e-01 0.00000e+00
12.250567 1.20714773e-01 1.73885090e-01 2.94599864e-01 1.11800816e-01 4.76178266e+00 7.15092224e+00 9.53016392e-02 1.440462e+00 1.501732e+00 1.475551e+01 1.328368e+01 2.630416e-01 4.2577e-03 9.5211e-03 -2.7124e-06 0.06659 5.54022e-02 1.37016e-01 2.97708e-01 0.00000e+00
12.500578 1.25083399e-01 1.79719711e-01 3.04803111e-01 1.19268608e-01 4.80916731e+00 7.30739609e+00 9.69325072e-02 1.436799e+00 1.519472e+00 1.457524e+01 1.312949e+01 1.870466e-01 4.0862e-03 9.1057e-03 -9.5152e-09 0.06449 4.53275e-02 1.19281e-01 2.77436e-01 0.00000e+00
12.750590 1.32882138e-01 1.81787755e-01 3.14669893e-01 1.27454565e-01 5.01061512e+00 7.49697812e+00 1.00060746e-01 1.368038e+00 1.496219e+00 2.028357e+01 1.258697e+01 1.525736e-01 4.1577e-03 8.6276e-03 +3.2287e-06 0.06279 3.95468e-02 1.08090e-01 2.67686e-01 0.00000e+00
13.000601 1.43391705e-01 1.79538304e-01 3.22930009e-01 1.35575009e-01 5.41744777e+00 7.57652352e+00 1.03951770e-01 1.252083e+00 1.398541e+00 2.820005e+01 1.216337e+01 1.743285e-01 4.2506e-03 8.3313e-03 +6.7764e-06 0.06285 3.67140e-02 9.97952e-02 2.62859e-01 0.00000e+00
13.250613 1.54543113e-01 1.74118023e-01 3.28661137e-01 1.42479663e-01 5.92750534e+00 7.52810165e+00 1.07644856e-01 1.126663e+00 1.270029e+00 2.837003e+01 1.460833e+01 2.113213e-01 4.4829e-03 1.0252e-02 +1.0052e-05 0.06447 3.22641e-02 9.15404e-02 2.46422e-01 0.00000e+00
13.500624 1.63183717e-01 1.67904538e-01 3.31088255e-01 1.47237470e-01 6.34362884e+00 7.67666461e+00 1.12162348e-01 1.028929e+00 1.210138e+00 1.965884e+01 1.620606e+01 2.464221e-01 4.6165e-03 1.4610e-02 +1.1948e-05 0.06687 3.50565e-02 9.53453e-02 2.46751e-01 0.00000e+00
13.750636 1.67269909e-01 1.62265804e-01 3.29535713e-01 1.49071292e-01 6.56845026e+00 7.89276154e+00 1.15689694e-01 9.700837e-01 1.201617e+00 1.787519e+01 1.610999e+01 2.647826e-01 4.6360e-03 1.2680e-02 +1.2944e-05 0.06867 4.12183e-02 1.04500e-01 2.66516e-01 0.00000e+00
14.000647 1.67172536e-01 1.56959763e-01 3.24132300e-01 1.48057129e-01 6.61841369e+00 8.12344385e+00 1.17934860e-01 9.389088e-01 1.227400e+00 2.079907e+01 1.469518e+01 2.536536e-01 4.5463e-03 1.3646e-02 +1.2305e-05 0.06791 4.95162e-02 1.28343e-01 2.92483e-01 0.00000e+00
14.250659 1.64349937e-01 1.50799866e-01 3.15149803e-01 1.44589262e-01 6.66374868e+00 8.42199980e+00 1.20685988e-01 9.175535e-01 1.263853e+00 2.188007e+01 1.359653e+01 2.632202e-01 4.4183e-03 1.6002e-02 +9.8847e-06 0.06599 6.50860e-02 1.65604e-01 3.34336e-01 0.00000e+00
14.500671 1.60121753e-01 1.43535282e-01 3.03657036e-01 1.38817222e-01 6.64903716e+00 8.63931840e+00 1.22306845e-01 8.964134e-01 1.299334e+00 2.122947e+01 1.201358e+01 2.784764e-01 4.2676e-03 1.5200e-02 +6.0829e-06 0.06399 8.21267e-02 2.00795e-01 3.72470e-01 0.00000e+00
14.750682 1.55092789e-01 1.36447017e-01 2.91539806e-01 1.31265577e-01 6.50759311e+00 8.78117600e+00 1.22310153e-01 8.797767e-01 1.349374e+00 2.012954e+01 1.152675e+01 2.798962e-01 4.3208e-03 1.3666e-02 +2.3129e-06 0.06313 9.76158e-02 2.19486e-01 3.89305e-01 0.00000e+00
15.000694 1.49369941e-01 1.31106899e-01 2.80476840e-01 1.23187299e-01 6.29458848e+00 8.91238437e+00 1.21655783e-01 8.777328e-01 1.415880e+00 1.850898e+01 1.186068e+01 2.839379e-01 4.5200e-03 1.3271e-02 +1.8823e-08 0.06097 9.28667e-02 2.14132e-01 3.80108e-01 0.00000e+00
15.250705 1.43190407e-01 1.27953726e-01 2.71144134e-01 1.15853021e-01 6.08609577e+00 9.02858099e+00 1.20917414e-01 8.935915e-01 1.483477e+00 2.112267e+01 1.113093e+01 2.497799e-01 4.7479e-03 1.1855e-02 -7.9909e-07 0.06230 8.68235e-02 2.09477e-01 3.70624e-01 0.00000e+00
15.500717 1.36936829e-01 1.26743498e-01 2.63680327e-01 1.10098404e-01 5.85644119e+00 9.08818946e+00 1.19557045e-01 9.255618e-01 1.551828e+00 2.206995e+01 1.132385e+01 2.241872e-01 4.6985e-03 1.0153e-02 +1.2347e-07 0.06157 9.07444e-02 2.14400e-01 3.71347e-01 0.00000e+00
15.750728 1.30918091e-01 1.27127927e-01 2.58046018e-01 1.06420511e-01 5.67824520e+00 8.97652763e+00 1.17238183e-01 9.710493e-01 1.580863e+00 2.202011e+01 1.113046e+01 2.221650e-01 4.7778e-03 9.5720e-03 +2.6450e-06 0.06008 9.10918e-02 2.09872e-01 3.74244e-01 0.00000e+00
16.000740 1.26302510e-01 1.28147296e-01 2.54449806e-01 1.04605563e-01 5.68553931e+00 8.33748350e+00 1.12184182e-01 1.014606e+00 1.466437e+00 2.193637e+01 1.237433e+01 2.152452e-01 4.8641e-03 9.0972e-03 +5.4204e-06 0.05677 8.18211e-02 1.90516e-01 3.56941e-01 0.00000e+00
16.250752 1.24257209e-01 1.28816548e-01 2.53073757e-01 1.04443942e-01 5.74272773e+00 7.54418622e+00 1.06295312e-01 1.036693e+00 1.313694e+00 2.629469e+01 1.893155e+01 2.126819e-01 5.3814e-03 8.4253e-03 +6.9201e-06 0.05758 6.73037e-02 1.63628e-01 3.25382e-01 0.00000e+00
16.500763 1.23571805e-01 1.30596320e-01 2.54168126e-01 1.05491216e-01 5.63429906e+00 6.89234571e+00 1.00213158e-01 1.056846e+00 1.223284e+00 1.905289e+01 1.671115e+01 2.479088e-01 5.3969e-03 1.0524e-02 +7.0371e-06 0.05648 6.14529e-02 1.45441e-01 3.05373e-01 0.00000e+00
16.750775 1.22863581e-01 1.34404264e-01 2.57267845e-01 1.07146773e-01 5.46034829e+00 6.68860830e+00 9.71916527e-02 1.093931e+00 1.224942e+00 1.550984e+01 1.361871e+01 2.970625e-01 5.0501e-03 1.1076e-02 +7.2489e-06 0.05414 5.21361e-02 1.28701e-01 2.86700e-01 0.00000e+00
17.000786 1.22717076e-01 1.38851745e-01 2.61568821e-01 1.09111615e-01 5.36985431e+00 6.75393242e+00 9.69902938e-02 1.131479e+00 1.257750e+00 1.470858e+01 1.129307e+01 3.215621e-01 4.6157e-03 8.7974e-03 +7.4275e-06 0.05350 4.64438e-02 1.20260e-01 2.76810e-01 0.00000e+00
17.250798 1.23204654e-01 1.43375561e-01 2.66580215e-01 1.11098389e-01 5.33218641e+00 6.89755244e+00 9.78379108e-02 1.163719e+00 1.293569e+00 1.357545e+01 9.070612e+00 3.024649e-01 4.2198e-03 8.3839e-03 +6.7041e-06 0.05531 4.57588e-02 1.18568e-01 2.74134e-01 0.00000e+00
17.500809 1.24199074e-01 1.47514038e-01 2.71713112e-01 1.12802542e-01 5.34041644e+00 7.25112424e+00 1.00732325e-01 1.187723e+00 1.357783e+00 1.347645e+01 8.324378e+00 2.638666e-01 3.9482e-03 9.1329e-03 +5.4539e-06 0.05605 4.63787e-02 1.17588e-01 2.74310e-01 0.00000e+00
17.750821 1.26289031e-01 1.49410003e-01 2.75699034e-01 1.14152091e-01 5.51781424e+00 7.64598788e+00 1.05310417e-01 1.183080e+00 1.385691e+00 1.551812e+01 9.225018e+00 2.695673e-01 4.1568e-03 1.0864e-02 +4.3467e-06 0.05849 4.51502e-02 1.15169e-01 2.80574e-01 0.00000e+00
18.000832 1.29745092e-01 1.47858967e-01 2.77604059e-01 1.15123144e-01 5.84203224e+00 7.72831008e+00 1.08562739e-01 1.139611e+00 1.322880e+00 1.598374e+01 1.071077e+01 2.534141e-01 4.2846e-03 1.0982e-02 +3.3878e-06 0.06110 4.15410e-02 1.10642e-01 2.86823e-01 0.00000e+00
18.250844 1.33558382e-01 1.43978479e-01 2.77536861e-01 1.15733012e-01 6.14623052e+00 7.52041174e+00 1.09333138e-01 1.078019e+00 1.223581e+00 1.452840e+01 1.051749e+01 2.178155e-01 4.0113e-03 9.2138e-03 +2.6618e-06 0.06319 3.77625e-02 1.06461e-01 2.92321e-01 0.00000e+00
18.500856 1.35756050e-01 1.40285637e-01 2.76041687e-01 1.15993515e-01 6.29292952e+00 7.15799343e+00 1.07607384e-01 1.033366e+00 1.137466e+00 1.546282e+01 1.105175e+01 2.354344e-01 4.0023e-03 8.9446e-03 +2.5567e-06 0.06225 3.62102e-02 1.05935e-01 3.03390e-01 0.00000e+00
18.750867 1.35447031e-01 1.38087580e-01 2.73534611e-01 1.15670777e-01 6.24571978e+00 6.70356752e+00 1.03594298e-01 1.019495e+00 1.073306e+00 1.308718e+01 1.090512e+01 2.561841e-01 4.0235e-03 9.5659e-03 +2.8534e-06 0.05696 3.65026e-02 1.11028e-01 3.19720e-01 0.00000e+00
19.000879 1.33729185e-01 1.36217897e-01 2.69947082e-01 1.14450225e-01 6.01741920e+00 6.44994670e+00 9.97389272e-02 1.018610e+00 1.071879e+00 1.299915e+01 1.103063e+01 2.231809e-01 3.7547e-03 1.0679e-02 +3.1250e-06 0.05521 3.81658e-02 1.19904e-01 3.37457e-01 0.00000e+00
19.250890 1.32294084e-01 1.32883069e-01 2.65177152e-01 1.12710395e-01 5.64467537e+00 6.28632744e+00 9.54480224e-02 1.004452e+00 1.113674e+00 1.491294e+01 1.081346e+01 1.362871e-01 3.6555e-03 1.2332e-02 +3.1947e-06 0.05520 3.98798e-02 1.31710e-01 3.54709e-01 0.00000e+00
19.500902 1.31610610e-01 1.28079636e-01 2.59690247e-01 1.11267706e-01 5.21293603e+00 6.23461334e+00 9.15803950e-02 9.731711e-01 1.195989e+00 1.477604e+01 9.851119e+00 9.107967e-02 3.6310e-03 1.3032e-02 +3.0105e-06 0.05598 4.14012e-02 1.42527e-01 3.70451e-01 0.00000e+00
19.750913 1.31220968e-01 1.22723786e-01 2.53944754e-01 1.10572026e-01 4.90441632e+00 6.31686366e+00 8.97702398e-02 9.352452e-01 1.287995e+00 1.243398e+01 9.006623e+00 1.613219e-01 3.7105e-03 1.2645e-02 +2.8209e-06 0.05693 4.67789e-02 1.59841e-01 3.88137e-01 0.00000e+00
20.000925 1.30612973e-01 1.17572447e-01 2.48185420e-01 1.10564844e-01 4.74147617e+00 6.43379907e+00 8.94022019e-02 9.001590e-01 1.356919e+00 1.162040e+01 1.013643e+01 2.491394e-01 3.7941e-03 1.1593e-02 +2.7858e-06 0.05808 5.57773e-02 1.81366e-01 4.08549e-01 0.00000e+00
20.250937 1.29108749e-01 1.13529763e-01 2.42638512e-01 1.11165776e-01 4.63537285e+00 6.58991699e+00 8.98023187e-02 8.793344e-01 1.421658e+00 1.224724e+01 1.027623e+01 3.293754e-01 3.7726e-03 1.3795e-02 +2.7202e-06 0.05970 6.76269e-02 2.02656e-01 4.30066e-01 0.00000e+00
20.500948 1.26456415e-01 1.11221523e-01 2.37677938e-01 1.12134854e-01 4.54547369e+00 6.69701655e+00 8.99399219e-02 8.795246e-01 1.473337e+00 1.373805e+01 9.786836e+00 3.944721e-01 4.0512e-03 1.3550e-02 +2.9515e-06 0.06122 7.94052e-02 2.17729e-01 4.46640e-01 0.00000e+00
20.750960 1.23184196e-01 1.10975775e-01 2.34159972e-01 1.13020026e-01 4.49604155e+00 6.56311374e+00 8.84732423e-02 9.008930e-01 1.459754e+00 1.488262e+01 1.027868e+01 4.133760e-01 4.0417e-03 1.2466e-02 +2.4897e-06 0.06228 7.71940e-02 2.17188e-01 4.50028e-01 0.00000e+00
21.000971 1.20082224e-01 1.12528551e-01 2.32610775e-01 1.13650991e-01 4.46294354e+00 6.50591151e+00 8.77508404e-02 9.370958e-01 1.457762e+00 1.490169e+01 1.066907e+01 3.816994e-01 3.8871e-03 1.1834e-02 +4.1216e-07 0.06245 8.12764e-02 2.18770e-01 4.54897e-01 0.00000e+00
21.250983 1.18015800e-01 1.14737035e-01 2.32752835e-01 1.14027929e-01 4.46031886e+00 6.58414236e+00 8.83556897e-02 9.722176e-01 1.476160e+00 1.442281e+01 9.847244e+00 3.520457e-01 3.6803e-03 1.0255e-02 -1.5466e-06 0.06247 9.00440e-02 2.25893e-01 4.63439e-01 0.00000e+00
21.500994 1.17217055e-01 1.17006083e-01 2.34223137e-01 1.14191596e-01 4.52346023e+00 6.61370343e+00 8.90973093e-02 9.982002e-01 1.462089e+00 1.409132e+01 1.081440e+01 3.356386e-01 3.4852e-03 9.1057e-03 -1.9711e-06 0.06242 9.34324e-02 2.28363e-01 4.61190e-01 0.00000e+00
21.751006 1.17007993e-01 1.19894503e-01 2.36902496e-01 1.14404602e-01 4.59877984e+00 6.53628592e+00 8.90805261e-02 1.024669e+00 1.421309e+00 1.361908e+01 1.183886e+01 3.048808e-01 3.5279e-03 8.3452e-03 -1.1415e-06 0.06124 8.92616e-02 2.18868e-01 4.39532e-01 0.00000e+00
22.001017 1.16555163e-01 1.24255574e-01 2.40810736e-01 1.14906784e-01 4.63539214e+00 6.44662725e+00 8.86561551e-02 1.066067e+00 1.390740e+00 1.378973e+01 1.178621e+01 2.689222e-01 3.8123e-03 7.6690e-03 +2.0945e-07 0.06178 8.20423e-02 2.01769e-01 4.06484e-01 0.00000e+00
22.251029 1.15606187e-01 1.30265452e-01 2.45871640e-01 1.15637423e-01 4.63650511e+00 6.41174917e+00 8.83860342e-02 1.126803e+00 1.382884e+00 1.518204e+01 1.037675e+01 2.533524e-01 4.1161e-03 7.4659e-03 +1.7691e-06 0.06223 7.53239e-02 1.85818e-01 3.74413e-01 0.00000e+00
22.501041 1.14542935e-01 1.37265205e-01 2.51808140e-01 1.16269207e-01 4.60310889e+00 6.45525395e+00 8.84669027e-02 1.198373e+00 1.402368e+00 1.521379e+01 1.027166e+01 2.378962e-01 4.1583e-03 7.8519e-03 +3.4048e-06 0.06303 7.02159e-02 1.71717e-01 3.48184e-01 0.00000e+00
22.751052 1.14203318e-01 1.44112654e-01 2.58315971e-01 1.16432615e-01 4.53722158e+00 6.50198138e+00 8.83136237e-02 1.261896e+00 1.433031e+00 1.485751e+01 1.108042e+01 2.051879e-01 3.8731e-03 8.0583e-03 +4.7831e-06 0.06202 6.33959e-02 1.52865e-01 3.21792e-01 0.00000e+00
23.001064 1.15744529e-01 1.49441181e-01 2.65185710e-01 1.15816555e-01 4.51453495e+00 6.49051799e+00 8.80404235e-02 1.291130e+00 1.437694e+00 1.788813e+01 1.408380e+01 1.877367e-01 3.9458e-03 7.8185e-03 +5.7622e-06 0.06287 5.12969e-02 1.29921e-01 2.95244e-01 0.00000e+00
23.251075 1.20240736e-01 1.51727178e-01 2.71967914e-01 1.13946888e-01 4.64755066e+00 6.43960366e+00 8.86972346e-02 1.261862e+00 1.385591e+00 1.860544e+01 1.581870e+01 1.688661e-01 3.9239e-03 7.5764e-03 +6.6211e-06 0.06375 3.99675e-02 1.11977e-01 2.72481e-01 0.00000e+00
23.501087 1.26887287e-01 1.50667261e-01 2.77554547e-01 1.10397035e-01 4.96346817e+00 6.66333546e+00 9.30144290e-02 1.187410e+00 1.342476e+00 1.671041e+01 1.302524e+01 1.843310e-01 3.7819e-03 7.8258e-03 +7.3328e-06 0.06505 3.36849e-02 9.97416e-02 2.50670e-01 0.00000e+00
23.751098 1.33045605e-01 1.47282286e-01 2.80327891e-01 1.05143640e-01 5.42748752e+00 7.26193864e+00 1.01515409e-01 1.107006e+00 1.337993e+00 1.878541e+01 1.225283e+01 2.966587e-01 3.7590e-03 8.1218e-03 +7.7696e-06 0.06907 2.99914e-02 8.95356e-02 2.34585e-01 0.00000e+00
24.001110 1.38070465e-01 1.41310159e-01 2.79380624e-01 9.87724827e-02 5.92503606e+00 7.83364436e+00 1.10069443e-01 1.023464e+00 1.322126e+00 2.100849e+01 1.234238e+01 3.715661e-01 4.0341e-03 8.4100e-03 +7.8640e-06 0.06809 2.80407e-02 8.45875e-02 2.43278e-01 0.00000e+00
24.251122 1.42763432e-01 1.32752280e-01 2.75515713e-01 9.25612886e-02 6.26156404e+00 7.95064873e+00 1.13697702e-01 9.298759e-01 1.269754e+00 2.300715e+01 1.191410e+01 4.042412e-01 4.6068e-03 9.4506e-03 +7.2694e-06 0.06403 2.87671e-02 9.67312e-02 2.75464e-01 0.00000e+00
24.501133 1.46533827e-01 1.23818717e-01 2.70352544e-01 8.80587837e-02 6.35229316e+00 7.82300309e+00 1.13402370e-01 8.449839e-01 1.231524e+00 2.293522e+01 1.154270e+01 4.949229e-01 4.9978e-03 1.2779e-02 +5.8106e-06 0.06143 4.07311e-02 1.29220e-01 3.08047e-01 0.00000e+00
24.751145 1.47181862e-01 1.17270230e-01 2.64452092e-01 8.59368400e-02 6.32058038e+00 7.75162307e+00 1.12577628e-01 7.967709e-01 1.226410e+00 2.068963e+01 1.282661e+01 5.697075e-01 4.6784e-03 1.2322e-02 +4.3607e-06 0.07506 5.55918e-02 1.57611e-01 3.39780e-01 0.00000e+00
25.001156 1.43127894e-01 1.14589161e-01 2.57717056e-01 8.56348727e-02 6.13617245e+00 7.97378493e+00 1.12879659e-01 8.006068e-01 1.299472e+00 1.779356e+01 9.897431e+00 5.141116e-01 4.2071e-03 1.1728e-02 +1.5498e-06 0.07750 6.88540e-02 1.80187e-01 3.61620e-01 0.00000e+00
25.251168 1.36050950e-01 1.14373791e-01 2.50424741e-01 8.64187462e-02 5.80728519e+00 8.26493518e+00 1.12577763e-01 8.406688e-01 1.423201e+00 1.566852e+01 1.063371e+01 4.301808e-01 3.8660e-03 1.0859e-02 -2.2824e-06 0.06167 7.29111e-02 1.86651e-01 3.71597e-01 0.00000e+00
25.501179 1.29000086e-01 1.14259290e-01 2.43259376e-01 8.77415378e-02 5.41360550e+00 8.48665110e+00 1.11202053e-01 8.857303e-01 1.567652e+00 1.445156e+01 1.070991e+01 3.919908e-01 3.6556e-03 9.8985e-03 -4.6628e-06 0.06028 7.29416e-02 1.87839e-01 3.83717e-01 0.00000e+00
25.751191 1.23906492e-01 1.13144902e-01 2.37051394e-01 8.96097803e-02 5.09938409e+00 8.33078057e+00 1.07441317e-01 9.131475e-01 1.633684e+00 1.464119e+01 1.047729e+01 4.252601e-01 3.6113e-03 9.2841e-03 -4.9309e-06 0.05958 7.01999e-02 1.87019e-01 3.94880e-01 0.00000e+00
26.001202 1.20943735e-01 1.11871114e-01 2.32814849e-01 9.23840591e-02 4.91923531e+00 7.79050030e+00 1.01677885e-01 9.249848e-01 1.583681e+00 1.457271e+01 1.021204e+01 4.181941e-01 3.5318e-03 8.2704e-03 -3.9028e-06 0.06019 6.79658e-02 1.84547e-01 3.99048e-01 0.00000e+00
26.251214 1.19650111e-01 1.11578056e-01 2.31228167e-01 9.63892634e-02 4.77136735e+00 7.16471435e+00 9.54886536e-02 9.325362e-01 1.501606e+00 1.214659e+01 1.009135e+01 3.446922e-01 3.4534e-03 8.0609e-03 -2.2231e-06 0.06127 6.87135e-02 1.80618e-01 3.94648e-01 0.00000e+00
26.501226 1.19950384e-01 1.12349119e-01 2.32299503e-01 1.01752464e-01 4.61321924e+00 6.68814848e+00 9.04109418e-02 9.366299e-01 1.449779e+00 1.168178e+01 9.581751e+00 2.522872e-01 3.3817e-03 8.0511e-03 -6.6805e-08 0.06200 6.64534e-02 1.71711e-01 3.79157e-01 0.00000e+00
26.751237 1.21319985e-01 1.14394375e-01 2.35714360e-01 1.08323505e-01 4.44811634e+00 6.43288409e+00 8.70480035e-02 9.429145e-01 1.446204e+00 1.159025e+01 8.711388e+00 1.593909e-01 3.4270e-03 7.6241e-03 +2.0018e-06 0.06196 6.09655e-02 1.61464e-01 3.62162e-01 0.00000e+00
27.001249 1.22930009e-01 1.18340375e-01 2.41270384e-01 1.15587439e-01 4.23898430e+00 6.42373692e+00 8.53017698e-02 9.626647e-01 1.515395e+00 1.240991e+01 8.537542e+00 6.993661e-02 3.4538e-03 7.1620e-03 +3.8426e-06 0.06192 5.82700e-02 1.56178e-01 3.56432e-01 0.00000e+00
27.251260 1.24745515e-01 1.23881988e-01 2.48627503e-01 1.23004052e-01 4.08752578e+00 6.54049219e+00 8.50241438e-02 9.930777e-01 1.600110e+00 1.837521e+01 8.078755e+00 3.084017e-02 3.6330e-03 7.0070e-03 +5.6434e-06 0.06034 5.76370e-02 1.53438e-01 3.54974e-01 0.00000e+00
27.501272 1.27427152e-01 1.29778642e-01 2.57205794e-01 1.30268261e-01 4.09775788e+00 6.55119226e+00 8.51916011e-02 1.018454e+00 1.598726e+00 2.204697e+01 7.853575e+00 4.540106e-02 3.8860e-03 6.8922e-03 +7.2415e-06 0.05708 5.77607e-02 1.53838e-01 3.51436e-01 0.00000e+00
27.751283 1.31007446e-01 1.35642567e-01 2.66650013e-01 1.36933590e-01 4.18466829e+00 6.36663010e+00 8.44103871e-02 1.035381e+00 1.521418e+00 2.213716e+01 8.450254e+00 9.802341e-02 3.9511e-03 7.0382e-03 +8.4159e-06 0.05684 5.91683e-02 1.57481e-01 3.46100e-01 0.00000e+00
28.001295 1.34442149e-01 1.42212995e-01 2.76655143e-01 1.42490625e-01 4.24263088e+00 6.18371764e+00 8.34107881e-02 1.057801e+00 1.457520e+00 1.914948e+01 8.090546e+00 1.226405e-01 3.8700e-03 8.1683e-03 +9.0699e-06 0.05880 6.00187e-02 1.58779e-01 3.40249e-01 0.00000e+00
28.251307 1.36761152e-01 1.49720639e-01 2.86481791e-01 1.46618636e-01 4.26135590e+00 6.16890013e+00 8.34420482e-02 1.094760e+00 1.447638e+00 1.257509e+01 7.692882e+00 1.102658e-01 3.8057e-03 9.8099e-03 +9.2332e-06 0.05791 5.91227e-02 1.54544e-01 3.36577e-01 0.00000e+00
28.501318 1.38298534e-01 1.57069398e-01 2.95367931e-01 1.49198206e-01 4.31748962e+00 6.34308585e+00 8.52846037e-02 1.135727e+00 1.469161e+00 1.187873e+01 7.970588e+00 1.029329e-01 3.2828e-03 9.2609e-03 +9.0628e-06 0.05694 5.68153e-02 1.48303e-01 3.30851e-01 0.00000e+00
28.751330 1.40141049e-01 1.62556367e-01 3.02697416e-01 1.50215568e-01 4.48738760e+00 6.73314239e+00 8.97642399e-02 1.159948e+00 1.500459e+00 1.279530e+01 8.495204e+00 9.257277e-02 2.8978e-03 8.4823e-03 +8.6567e-06 0.05785 5.38769e-02 1.53947e-01 3.24413e-01 0.00000e+00
29.001341 1.43072543e-01 1.64524879e-01 3.07597422e-01 1.49724299e-01 4.77564285e+00 7.35658307e+00 9.70578074e-02 1.149940e+00 1.540438e+00 1.668463e+01 9.503745e+00 1.253323e-01 3.1119e-03 1.0937e-02 +8.3504e-06 0.05982 6.52060e-02 1.69064e-01 3.25656e-01 0.00000e+00
29.251353 1.46603721e-01 1.62788904e-01 3.09392625e-01 1.47939398e-01 5.09719300e+00 7.82626827e+00 1.03387690e-01 1.110401e+00 1.535407e+00 1.570734e+01 1.007845e+01 2.093986e-01 3.2985e-03 1.1732e-02 +9.1531e-06 0.06227 7.05466e-02 1.62052e-01 3.18095e-01 0.00000e+00
29.501364 1.49221073e-01 1.59193735e-01 3.08414808e-01 1.45560953e-01 5.39214048e+00 8.02644425e+00 1.07348678e-01 1.066831e+00 1.488545e+00 1.379995e+01 1.018150e+01 2.969427e-01 3.3094e-03 1.0495e-02 +9.8872e-06 0.05894 5.81132e-02 1.41093e-01 3.03669e-01 0.00000e+00
29.751376 1.49336009e-01 1.55605691e-01 3.04941700e-01 1.43254005e-01 5.60482305e+00 8.31377317e+00 1.11348770e-01 1.041984e+00 1.483325e+00 1.551630e+01 9.417606e+00 3.583955e-01 3.6244e-03 8.6742e-03 +8.6578e-06 0.06166 5.59418e-02 1.43030e-01 3.13330e-01 0.00000e+00
30.001387 1.47147732e-01 1.52106376e-01 2.99254108e-01 1.40925282e-01 5.81608079e+00 8.66148815e+00 1.15820551e-01 1.033698e+00 1.489231e+00 1.518079e+01 9.720748e+00 3.891479e-01 3.8945e-03 8.7357e-03 +6.0268e-06 0.06763 7.20656e-02 1.73805e-01 3.52120e-01 0.00000e+00
30.251399 1.44252320e-01 1.47732722e-01 2.91985042e-01 1.38318509e-01 6.03517766e+00 8.89877971e+00 1.19471659e-01 1.024127e+00 1.474485e+00 1.619690e+01 9.835445e+00 3.819332e-01 4.1783e-03 9.9320e-03 +3.7541e-06 0.07430 9.18691e-02 2.10758e-01 3.94423e-01 0.00000e+00
30.501411 1.41723394e-01 1.42527774e-01 2.84251168e-01 1.35331770e-01 6.26902487e+00 8.77876358e+00 1.20382308e-01 1.005676e+00 1.400340e+00 1.981395e+01 9.731106e+00 3.561134e-01 4.7411e-03 1.1827e-02 +2.3232e-06 0.07650 1.02596e-01 2.35810e-01 4.25328e-01 0.00000e+00
30.751422 1.39108601e-01 1.38093102e-01 2.77201703e-01 1.31981824e-01 6.47746687e+00 8.28590832e+00 1.18107002e-01 9.927000e-01 1.279190e+00 1.929497e+01 1.589519e+01 3.753297e-01 4.1526e-03 1.0623e-02 +1.3817e-06 0.07446 1.06497e-01 2.46641e-01 4.37002e-01 0.00000e+00
31.001434 1.35577173e-01 1.35712048e-01 2.71289221e-01 1.28595071e-01 6.51137191e+00 8.05632523e+00 1.16541577e-01 1.000995e+00 1.237270e+00 1.961322e+01 2.166653e+01 3.564947e-01 4.1442e-03 1.0731e-02 +8.7656e-07 0.07147 1.12685e-01 2.54576e-01 4.39327e-01 0.00000e+00
31.251445 1.31550227e-01 1.34979872e-01 2.66530099e-01 1.25277895e-01 6.29274891e+00 7.86520314e+00 1.13263616e-01 1.026071e+00 1.249884e+00 1.790938e+01 1.876084e+01 3.344554e-01 4.5129e-03 1.0988e-02 +1.0824e-06 0.06776 1.16114e-01 2.55147e-01 4.33550e-01 0.00000e+00
31.501457 1.28717361e-01 1.34945133e-01 2.63662494e-01 1.22333853e-01 5.95158906e+00 7.47691596e+00 1.07428040e-01 1.048383e+00 1.256289e+00 1.666750e+01 1.317311e+01 2.953695e-01 4.8569e-03 1.1163e-02 +2.1175e-06 0.06273 1.11241e-01 2.45615e-01 4.24751e-01 0.00000e+00
31.751468 1.28008928e-01 1.35059059e-01 2.63067987e-01 1.19629061e-01 5.71015175e+00 7.07809274e+00 1.02305956e-01 1.055075e+00 1.239563e+00 1.650901e+01 9.974194e+00 2.835049e-01 4.8155e-03 1.1083e-02 +3.7379e-06 0.05768 9.70335e-02 2.25035e-01 4.09634e-01 0.00000e+00
32.001480 1.28760531e-01 1.35314771e-01 2.64075301e-01 1.16772261e-01 5.63986227e+00 6.88522388e+00 1.00200689e-01 1.050903e+00 1.220814e+00 1.400708e+01 1.104398e+01 2.933270e-01 4.6588e-03 1.0713e-02 +5.7474e-06 0.06295 8.41773e-02 2.02802e-01 3.85348e-01 0.00000e+00
32.251491 1.29624543e-01 1.36122313e-01 2.65746857e-01 1.13810098e-01 5.63804574e+00 6.78193353e+00 9.93598342e-02 1.050128e+00 1.202887e+00 1.346870e+01 1.229088e+01 2.753911e-01 4.1977e-03 9.6611e-03 +7.7752e-06 0.06752 7.34091e-02 1.80121e-01 3.58462e-01 0.00000e+00
32.501503 1.29588097e-01 1.37813041e-01 2.67401139e-01 1.10929985e-01 5.61352456e+00 6.93565756e+00 1.00393457e-01 1.063470e+00 1.235526e+00 1.338618e+01 1.410024e+01 2.723239e-01 3.7618e-03 9.4417e-03 +8.8730e-06 0.07125 6.96839e-02 1.68659e-01 3.44208e-01 0.00000e+00
32.751515 1.28141222e-01 1.40152259e-01 2.68293481e-01 1.07845231e-01 5.60950487e+00 7.36065244e+00 1.03761258e-01 1.093733e+00 1.312175e+00 1.337775e+01 1.656451e+01 2.679762e-01 3.9166e-03 8.8173e-03 +9.1468e-06 0.07306 7.25735e-02 1.69612e-01 3.42846e-01 0.00000e+00
33.001526 1.25320319e-01 1.43231206e-01 2.68551525e-01 1.04508798e-01 5.55281430e+00 7.64756186e+00 1.05603009e-01 1.142921e+00 1.377241e+00 1.380154e+01 1.762665e+01 2.408646e-01 4.4729e-03 8.7484e-03 +8.5803e-06 0.07088 7.32762e-02 1.65579e-01 3.43472e-01 0.00000e+00
33.251538 1.21297446e-01 1.48155952e-01 2.69453398e-01 1.01700175e-01 5.27132689e+00 7.78365660e+00 1.04439868e-01 1.221427e+00 1.476603e+00 1.877312e+01 1.609637e+01 1.848985e-01 4.5037e-03 8.4028e-03 +6.5821e-06 0.06803 6.89963e-02 1.59142e-01 3.35977e-01 0.00000e+00
33.501549 1.17756765e-01 1.54219462e-01 2.71976227e-01 1.00248030e-01 4.91671584e+00 7.88359539e+00 1.02402490e-01 1.309644e+00 1.603427e+00 1.368595e+01 1.428229e+01 1.236224e-01 4.1925e-03 8.4593e-03 +3.9800e-06 0.06441 6.34119e-02 1.56372e-01 3.26374e-01 0.00000e+00
33.751561 1.16915102e-01 1.59422090e-01 2.76337193e-01 1.00254158e-01 4.66438463e+00 7.82494904e+00 9.99146693e-02 1.363571e+00 1.677595e+00 1.559433e+01 1.268414e+01 1.035015e-01 3.9893e-03 8.7561e-03 +2.7124e-06 0.06210 6.00969e-02 1.52976e-01 3.20723e-01 0.00000e+00
34.001572 1.19502910e-01 1.63045501e-01 2.82548411e-01 1.01211884e-01 4.59023023e+00 7.57226396e+00 9.72999535e-02 1.364364e+00 1.649648e+00 1.656021e+01 1.284202e+01 9.067482e-02 4.0443e-03 9.2286e-03 +3.3291e-06 0.05725 5.70800e-02 1.45777e-01 3.16488e-01 0.00000e+00
34.251584 1.24173930e-01 1.66091583e-01 2.90265513e-01 1.02627289e-01 4.66609688e+00 7.34237221e+00 9.60677527e-02 1.337572e+00 1.573558e+00 1.558491e+01 1.295043e+01 5.552212e-02 4.0619e-03 1.0460e-02 +5.0230e-06 0.06218 5.38584e-02 1.36800e-01 3.14687e-01 0.00000e+00
34.501596 1.28976572e-01 1.69748661e-01 2.98725233e-01 1.04209346e-01 4.80403440e+00 7.43090055e+00 9.78794796e-02 1.316120e+00 1.546804e+00 1.460147e+01 1.193451e+01 2.041729e-02 4.0242e-03 1.2358e-02 +6.9783e-06 0.06624 5.16977e-02 1.31547e-01 3.22240e-01 0.00000e+00
34.751607 1.33287978e-01 1.73628699e-01 3.06916677e-01 1.05732010e-01 5.06866242e+00 7.84589758e+00 1.03316480e-01 1.302658e+00 1.547923e+00 1.648485e+01 1.136790e+01 3.270118e-02 4.0893e-03 1.2858e-02 +8.6053e-06 0.07084 5.08958e-02 1.34870e-01 3.35760e-01 0.00000e+00
35.001619 1.37196418e-01 1.77038563e-01 3.14234981e-01 1.06933077e-01 5.47560395e+00 8.19310632e+00 1.09349682e-01 1.290402e+00 1.496293e+00 1.829324e+01 1.194244e+01 9.702147e-02 4.3931e-03 1.1947e-02 +9.5214e-06 0.07648 4.94245e-02 1.44023e-01 3.39492e-01 0.00000e+00
35.251630 1.40351159e-01 1.80261831e-01 3.20612990e-01 1.07821356e-01 5.85724162e+00 8.52037120e+00 1.15020903e-01 1.284363e+00 1.454673e+00 1.946116e+01 1.212901e+01 1.878222e-01 4.5120e-03 1.1933e-02 +9.7404e-06 0.07785 4.95589e-02 1.53170e-01 3.35999e-01 0.00000e+00
35.501642 1.42896837e-01 1.82636308e-01 3.25533145e-01 1.08570028e-01 6.16540666e+00 8.90767163e+00 1.20584626e-01 1.278099e+00 1.444782e+00 1.932580e+01 1.142719e+01 2.786591e-01 4.3883e-03 1.0354e-02 +9.7738e-06 0.07497 5.34602e-02 1.59381e-01 3.34753e-01 0.00000e+00
35.751653 1.45961418e-01 1.82454952e-01 3.28416370e-01 1.08689111e-01 6.43907055e+00 9.15051232e+00 1.24716663e-01 1.250022e+00 1.421092e+00 1.989050e+01 1.257477e+01 3.661494e-01 4.2190e-03 8.5955e-03 +1.0015e-05 0.07050 5.84697e-02 1.63189e-01 3.33219e-01 0.00000e+00
36.001665 1.50558691e-01 1.78561319e-01 3.29120010e-01 1.07610074e-01 6.67729251e+00 9.33286253e+00 1.28081240e-01 1.185991e+00 1.397702e+00 1.572430e+01 1.421159e+01 4.317088e-01 4.0527e-03 8.0049e-03 +1.0181e-05 0.07039 6.26673e-02 1.68034e-01 3.30871e-01 0.00000e+00
36.251676 1.55829319e-01 1.71798208e-01 3.27627526e-01 1.05346539e-01 6.89677860e+00 9.51780232e+00 1.31316647e-01 1.102477e+00 1.380036e+00 1.703643e+01 1.518130e+01 5.021301e-01 4.1187e-03 9.8099e-03 +9.9697e-06 0.06683 6.94664e-02 1.74362e-01 3.41504e-01 0.00000e+00
36.501688 1.59449477e-01 1.64565663e-01 3.24015140e-01 1.01948322e-01 7.06332185e+00 9.38621603e+00 1.31596303e-01 1.032087e+00 1.328867e+00 1.959820e+01 1.437227e+01 5.498354e-01 4.6368e-03 1.2506e-02 +9.6351e-06 0.06210 7.38460e-02 1.81293e-01 3.67177e-01 0.00000e+00
36.751700 1.60020128e-01 1.58694763e-01 3.18714891e-01 9.73675914e-02 7.11514417e+00 8.93194656e+00 1.28376726e-01 9.917175e-01 1.255343e+00 2.018633e+01 1.373116e+01 5.590270e-01 4.5588e-03 1.4335e-02 +6.2313e-06 0.06477 8.49443e-02 2.01102e-01 3.88745e-01 0.00000e+00
37.001711 1.56952127e-01 1.54939870e-01 3.11891997e-01 9.19886397e-02 7.06257943e+00 8.82924890e+00 1.27134627e-01 9.871792e-01 1.250145e+00 1.916784e+01 1.480908e+01 5.044982e-01 4.1207e-03 1.3528e-02 +3.4051e-07 0.08510 1.02773e-01 2.27207e-01 4.06494e-01 0.00000e+00
37.251723 1.51791568e-01 1.51710751e-01 3.03502319e-01 8.64768037e-02 6.94044862e+00 9.06166126e+00 1.28016879e-01 9.994676e-01 1.305630e+00 1.842032e+01 1.366100e+01 3.655803e-01 4.0149e-03 1.2582e-02 -4.5528e-06 0.09996 1.13155e-01 2.48393e-01 4.27409e-01 0.00000e+00
37.501734 1.46300358e-01 1.47518027e-01 2.93818386e-01 8.14807125e-02 6.88193620e+00 9.44999726e+00 1.30655468e-01 1.008323e+00 1.373160e+00 1.722595e+01 1.426004e+01 3.394791e-01 4.2929e-03 1.3210e-02 -5.8709e-06 0.10061 1.16923e-01 2.65550e-01 4.47701e-01 0.00000e+00
37.751746 1.40189297e-01 1.43606781e-01 2.83796078e-01 7.69846409e-02 6.75136004e+00 9.60405431e+00 1.30843315e-01 1.024378e+00 1.422536e+00 1.753922e+01 1.719933e+01 3.483850e-01 4.5798e-03 1.3994e-02 -5.1520e-06 0.09213 1.20778e-01 2.70620e-01 4.59775e-01 0.00000e+00
38.001757 1.33141957e-01 1.41591342e-01 2.74733299e-01 7.23557366e-02 6.47915454e+00 9.70934739e+00 1.29508015e-01 1.063461e+00 1.498552e+00 1.876209e+01 1.853594e+01 3.870024e-01 4.7960e-03 1.4574e-02 -4.0792e-06 0.07995 1.21980e-01 2.63548e-01 4.63779e-01 0.00000e+00
38.251769 1.25616348e-01 1.41546103e-01 2.67162451e-01 6.70380176e-02 6.30847269e+00 9.55866317e+00 1.26937087e-01 1.126813e+00 1.515210e+00 1.799095e+01 1.672225e+01 3.880071e-01 5.0190e-03 1.4736e-02 -4.0856e-06 0.06670 1.14988e-01 2.46036e-01 4.50055e-01 0.00000e+00
38.501781 1.17922136e-01 1.43505327e-01 2.61427463e-01 6.18694015e-02 6.19682915e+00 9.26563446e+00 1.23699709e-01 1.216950e+00 1.495222e+00 2.295005e+01 1.407805e+01 3.713014e-01 4.5292e-03 1.2689e-02 -4.6236e-06 0.06018 1.08471e-01 2.30206e-01 4.25588e-01 0.00000e+00
38.751792 1.10702677e-01 1.46683283e-01 2.57385961e-01 5.77219511e-02 5.98731319e+00 9.15605558e+00 1.21146950e-01 1.325020e+00 1.529243e+00 2.116359e+01 1.438845e+01 3.447613e-01 4.2674e-03 1.1320e-02 -4.6139e-06 0.05715 9.82160e-02 2.17822e-01 4.08027e-01 0.00000e+00
39.001804 1.05218891e-01 1.49936498e-01 2.55155389e-01 5.48593089e-02 5.77855932e+00 8.93465976e+00 1.17705753e-01 1.424996e+00 1.546174e+00 1.939740e+01 1.335356e+01 2.894447e-01 4.2059e-03 1.1993e-02 -4.0040e-06 0.05022 8.98747e-02 2.07450e-01 3.95313e-01 0.00000e+00
39.251815 1.01964179e-01 1.53049505e-01 2.55013685e-01 5.30025479e-02 5.66445136e+00 8.62159529e+00 1.14288373e-01 1.501012e+00 1.522053e+00 1.613145e+01 1.182938e+01 2.026929e-01 3.9718e-03 1.2065e-02 -2.9067e-06 0.05327 7.95146e-02 1.92195e-01 3.75685e-01 0.00000e+00
39.501827 1.00293227e-01 1.56005921e-01 2.56299148e-01 5.13974826e-02 5.55534534e+00 8.65315522e+00 1.13668004e-01 1.555498e+00 1.557627e+00 1.717505e+01 1.246310e+01 1.794229e-01 4.0521e-03 1.0239e-02 -1.7926e-06 0.05547 6.79388e-02 1.74540e-01 3.48879e-01 0.00000e+00
39.751838 9.99935878e-02 1.57876544e-01 2.57870132e-01 5.00424206e-02 5.47896737e+00 8.70355236e+00 1.13460158e-01 1.578867e+00 1.588539e+00 1.524652e+01 1.282052e+01 2.592223e-01 4.2126e-03 1.0155e-02 -4.3462e-07 0.05246 6.18864e-02 1.60833e-01 3.30453e-01 0.00000e+00
40.001850 1.01156483e-01 1.58398165e-01 2.59554648e-01 4.96808466e-02 5.46763910e+00 8.39041513e+00 1.10864434e-01 1.565873e+00 1.534559e+00 1.531326e+01 1.308424e+01 3.352725e-01 4.4386e-03 1.0278e-02 +1.1676e-06 0.04987 5.76922e-02 1.48483e-01 3.23249e-01 0.00000e+00
40.251861 1.03028778e-01 1.58435133e-01 2.61463911e-01 5.06729887e-02 5.55127587e+00 8.05411915e+00 1.08843160e-01 1.537776e+00 1.450859e+00 1.517028e+01 1.249126e+01 3.384812e-01 4.5796e-03 1.0476e-02 +2.0183e-06 0.04953 5.30813e-02 1.41627e-01 3.20032e-01 0.00000e+00
40.501873 1.04587124e-01 1.58189794e-01 2.62776918e-01 5.29272342e-02 5.74203800e+00 8.09825627e+00 1.10722354e-01 1.512517e+00 1.410345e+00 1.627005e+01 1.189801e+01 2.492372e-01 4.5352e-03 1.1073e-02 +1.8502e-06 0.05116 5.58720e-02 1.47235e-01 3.20010e-01 0.00000e+00
40.751885 1.05093194e-01 1.57329511e-01 2.62422705e-01 5.61132803e-02 5.87619655e+00 8.48171467e+00 1.14863290e-01 1.497048e+00 1.443402e+00 1.694393e+01 1.198271e+01 2.082818e-01 4.5869e-03 1.2015e-02 +1.6323e-06 0.05627 6.34669e-02 1.61838e-01 3.23797e-01 0.00000e+00
41.001896 1.04335309e-01 1.55877584e-01 2.60212893e-01 5.93926616e-02 5.96632733e+00 8.85060174e+00 1.18535433e-01 1.494006e+00 1.483425e+00 1.622850e+01 1.120842e+01 3.068947e-01 4.6859e-03 1.3059e-02 +1.9230e-06 0.06052 7.37447e-02 1.76331e-01 3.29210e-01 0.00000e+00
41.251908 1.02202953e-01 1.54527004e-01 2.56729957e-01 6.18724518e-02 6.00604322e+00 8.97649801e+00 1.19860330e-01 1.511962e+00 1.494578e+00 1.810881e+01 1.060919e+01 4.239320e-01 4.9789e-03 1.3992e-02 +2.9480e-06 0.05879 7.79011e-02 1.70803e-01 3.23711e-01 0.00000e+00
41.501919 9.87060526e-02 1.54158229e-01 2.52864281e-01 6.33005640e-02 5.98032156e+00 8.96260439e+00 1.19543408e-01 1.561791e+00 1.498683e+00 1.936602e+01 1.132577e+01 5.100925e-01 5.0857e-03 1.0456e-02 +3.6602e-06 0.05452 6.28770e-02 1.47629e-01 3.07322e-01 0.00000e+00
41.751931 9.40550350e-02 1.54703997e-01 2.48759032e-01 6.37575399e-02 5.79377765e+00 9.12351811e+00 1.19338366e-01 1.644824e+00 1.574710e+00 2.153348e+01 1.265897e+01 4.739723e-01 5.3323e-03 9.3170e-03 +3.5042e-06 0.05325 5.75343e-02 1.37474e-01 3.08549e-01 0.00000e+00
42.001942 8.91310804e-02 1.55456010e-01 2.44587091e-01 6.36582189e-02 5.29965217e+00 9.23895619e+00 1.16308867e-01 1.744128e+00 1.743314e+00 2.166944e+01 1.188206e+01 3.948078e-01 4.9843e-03 9.6777e-03 +3.5103e-06 0.05161 5.41763e-02 1.30767e-01 3.26257e-01 0.00000e+00
42.251954 8.55734381e-02 1.55337185e-01 2.40910623e-01 6.34096252e-02 4.65903260e+00 9.04991459e+00 1.09671578e-01 1.815250e+00 1.942445e+00 2.717610e+01 1.442746e+01 4.164362e-01 4.4468e-03 9.3347e-03 +3.4217e-06 0.05158 5.12963e-02 1.25319e-01 3.36040e-01 0.00000e+00
42.501966 8.45786466e-02 1.53561781e-01 2.38140427e-01 6.30663766e-02 4.19581288e+00 8.64001152e+00 1.02686595e-01 1.815609e+00 2.059198e+00 2.720496e+01 1.506641e+01 3.871904e-01 3.7864e-03 8.2779e-03 +3.2477e-06 0.05188 4.99058e-02 1.40557e-01 3.40120e-01 0.00000e+00
42.751977 8.57001932e-02 1.50417225e-01 2.36117419e-01 6.26950830e-02 4.04529671e+00 8.34987674e+00 9.91613876e-02 1.755156e+00 2.064095e+00 2.519578e+01 1.544595e+01 3.286220e-01 3.3494e-03 9.3162e-03 +3.4344e-06 0.05392 6.50065e-02 1.69676e-01 3.43006e-01 0.00000e+00
43.001989 8.76433054e-02 1.47143328e-01 2.34786634e-01 6.21985614e-02 4.05081598e+00 7.99550682e+00 9.63705824e-02 1.678888e+00 1.973802e+00 2.201077e+01 1.523321e+01 2.871054e-01 3.5820e-03 1.1301e-02 +4.6752e-06 0.05517 7.50563e-02 1.70899e-01 3.32385e-01 0.00000e+00
43.252000 8.95881665e-02 1.45323330e-01 2.34911497e-01 6.13463126e-02 4.11231694e+00 7.53065730e+00 9.31437939e-02 1.622126e+00 1.831244e+00 1.834064e+01 1.269950e+01 2.838550e-01 3.5709e-03 8.9096e-03 +5.8844e-06 0.05249 6.11244e-02 1.48110e-01 3.10433e-01 0.00000e+00
43.502012 9.11269622e-02 1.45663542e-01 2.36790505e-01 6.04001785e-02 4.16545097e+00 7.31250059e+00 9.18236125e-02 1.598468e+00 1.755512e+00 1.706351e+01 9.983061e+00 1.884456e-01 3.6921e-03 6.4896e-03 +5.6548e-06 0.05078 5.11809e-02 1.28796e-01 2.96040e-01 0.00000e+00
43.752023 9.26430772e-02 1.47666894e-01 2.40309971e-01 6.01407657e-02 4.25273973e+00 7.08598040e+00 9.07097611e-02 1.593933e+00 1.666215e+00 1.945163e+01 1.041636e+01 1.441321e-01 4.7309e-03 7.8169e-03 +4.9248e-06 0.05105 4.79513e-02 1.17488e-01 2.84113e-01 0.00000e+00
44.002035 9.50841257e-02 1.50364344e-01 2.45448470e-01 6.10554647e-02 4.36103929e+00 6.96022553e+00 9.05701185e-02 1.581382e+00 1.596002e+00 2.107081e+01 1.117965e+01 1.589707e-01 3.7165e-03 7.3837e-03 +4.6874e-06 0.05378 4.52660e-02 1.12751e-01 2.81207e-01 0.00000e+00
44.252046 9.85877688e-02 1.52968928e-01 2.51556697e-01 6.28775244e-02 4.57491114e+00 6.91224263e+00 9.18972301e-02 1.551601e+00 1.510902e+00 1.881752e+01 1.212725e+01 2.578762e-01 4.0676e-03 8.3271e-03 +4.5525e-06 0.05572 4.22800e-02 1.10404e-01 2.86010e-01 0.00000e+00
44.502058 1.01858089e-01 1.56064373e-01 2.57922463e-01 6.50832660e-02 4.83893081e+00 6.96555064e+00 9.44358516e-02 1.532175e+00 1.439481e+00 1.364062e+01 1.384710e+01 3.757831e-01 3.5959e-03 8.6726e-03 +4.2699e-06 0.05677 4.17151e-02 1.12084e-01 3.01356e-01 0.00000e+00
44.752070 1.05278275e-01 1.58641260e-01 2.63919535e-01 6.75219655e-02 4.87563553e+00 7.18086125e+00 9.64519742e-02 1.506876e+00 1.472805e+00 1.280613e+01 1.252960e+01 3.686178e-01 3.9667e-03 1.0468e-02 +4.4882e-06 0.05740 4.23570e-02 1.15119e-01 3.11983e-01 0.00000e+00
45.002081 1.09835713e-01 1.59649805e-01 2.69485518e-01 6.98156759e-02 5.00249128e+00 7.37922038e+00 9.90536932e-02 1.453533e+00 1.475109e+00 1.327669e+01 1.078111e+01 3.258458e-01 4.0101e-03 1.2418e-02 +4.7209e-06 0.05639 4.03825e-02 1.21363e-01 3.16145e-01 0.00000e+00
45.252093 1.15388962e-01 1.58582677e-01 2.73971639e-01 7.18606144e-02 5.37780506e+00 7.71866276e+00 1.04771743e-01 1.374331e+00 1.435281e+00 1.397569e+01 1.044531e+01 2.287301e-01 4.2119e-03 1.3523e-02 +4.5715e-06 0.05539 4.77819e-02 1.35857e-01 3.26702e-01 0.00000e+00
45.502104 1.21316369e-01 1.55431312e-01 2.76747682e-01 7.35357232e-02 5.85618541e+00 7.83821213e+00 1.09555180e-01 1.281206e+00 1.338450e+00 1.675262e+01 1.066730e+01 1.321212e-01 4.5583e-03 1.3996e-02 +4.3368e-06 0.05475 5.48440e-02 1.49011e-01 3.41321e-01 0.00000e+00
45.752116 1.27253714e-01 1.51049628e-01 2.78303341e-01 7.45775749e-02 6.41571657e+00 7.54684540e+00 1.11700496e-01 1.186996e+00 1.176306e+00 1.843786e+01 1.199610e+01 7.012912e-02 4.5705e-03 1.3788e-02 +4.4556e-06 0.05973 5.78007e-02 1.58348e-01 3.59360e-01 0.00000e+00
46.002127 1.32556941e-01 1.46393995e-01 2.78950935e-01 7.48629412e-02 6.91753973e+00 7.38534918e+00 1.14423111e-01 1.104386e+00 1.067627e+00 1.759610e+01 1.285107e+01 1.202949e-01 4.8960e-03 1.3866e-02 +5.0391e-06 0.06193 5.80859e-02 1.60603e-01 3.60622e-01 0.00000e+00
46.252139 1.36399849e-01 1.42925071e-01 2.79324919e-01 7.47233917e-02 6.98288212e+00 7.15695459e+00 1.13118694e-01 1.047839e+00 1.024928e+00 1.505566e+01 1.196003e+01 1.444666e-01 4.7928e-03 1.2544e-02 +5.8846e-06 0.06200 5.76136e-02 1.52809e-01 3.41762e-01 0.00000e+00
46.502151 1.37522285e-01 1.43037655e-01 2.80559940e-01 7.47748158e-02 6.79323759e+00 7.06406310e+00 1.10858406e-01 1.040105e+00 1.039867e+00 1.315843e+01 1.272888e+01 1.723680e-01 4.6009e-03 1.2059e-02 +6.4697e-06 0.06117 5.44573e-02 1.43204e-01 3.34348e-01 0.00000e+00
46.752162 1.35329220e-01 1.46683997e-01 2.82013218e-01 7.53549783e-02 6.57948055e+00 7.30706110e+00 1.11092333e-01 1.083905e+00 1.110583e+00 1.177597e+01 1.280710e+01 1.533132e-01 4.4849e-03 1.3152e-02 +6.0979e-06 0.06047 5.68603e-02 1.46812e-01 3.41171e-01 0.00000e+00
47.002174 1.31462994e-01 1.51062983e-01 2.82525977e-01 7.62115888e-02 6.37742295e+00 7.67041377e+00 1.12382694e-01 1.149091e+00 1.202745e+00 1.401013e+01 1.155070e+01 2.607292e-01 4.2133e-03 1.3708e-02 +4.8965e-06 0.06075 6.39296e-02 1.55873e-01 3.50398e-01 0.00000e+00
47.252185 1.27371858e-01 1.54338516e-01 2.81710374e-01 7.68583009e-02 6.25431239e+00 7.83879835e+00 1.12744886e-01 1.211716e+00 1.253343e+00 1.506304e+01 1.030384e+01 2.965801e-01 4.2984e-03 1.2903e-02 +3.1699e-06 0.06044 6.19526e-02 1.57185e-01 3.54717e-01 0.00000e+00
47.502197 1.23022914e-01 1.56462311e-01 2.79485226e-01 7.68745186e-02 6.29976955e+00 7.98518540e+00 1.14279640e-01 1.271814e+00 1.267536e+00 1.623308e+01 1.102661e+01 3.129869e-01 4.1087e-03 1.1855e-02 +6.2769e-07 0.05803 5.82914e-02 1.59045e-01 3.61690e-01 0.00000e+00
47.752208 1.18941890e-01 1.56439762e-01 2.75381652e-01 7.59344087e-02 6.32835523e+00 8.30029916e+00 1.17029235e-01 1.315262e+00 1.311604e+00 1.599157e+01 1.132926e+01 3.337843e-01 3.9733e-03 1.1161e-02 -2.2195e-06 0.05543 5.84291e-02 1.64363e-01 3.74004e-01 0.00000e+00
48.002220 1.16432367e-01 1.52761432e-01 2.69193799e-01 7.41080514e-02 6.23821357e+00 8.62868989e+00 1.18935228e-01 1.312019e+00 1.383199e+00 1.701440e+01 1.145000e+01 2.940244e-01 4.1083e-03 1.0909e-02 -3.7379e-06 0.05303 6.39217e-02 1.72596e-01 3.85085e-01 0.00000e+00
48.252231 1.15841551e-01 1.45390480e-01 2.61232032e-01 7.16536770e-02 6.07874697e+00 8.68006337e+00 1.18070483e-01 1.255081e+00 1.427936e+00 1.873958e+01 1.079273e+01 2.338712e-01 4.2920e-03 1.0844e-02 -3.3937e-06 0.05140 7.34774e-02 1.80067e-01 3.90266e-01 0.00000e+00
48.502243 1.16494313e-01 1.35574756e-01 2.52069069e-01 6.83742943e-02 5.90145228e+00 8.41057234e+00 1.14496197e-01 1.163789e+00 1.425170e+00 1.998424e+01 1.028078e+01 1.960029e-01 4.2442e-03 9.9081e-03 -1.5554e-06 0.05494 7.50052e-02 1.80437e-01 3.84485e-01 0.00000e+00
48.752255 1.17189462e-01 1.25071690e-01 2.42261152e-01 6.40850678e-02 5.70902012e+00 7.96322989e+00 1.09378000e-01 1.067261e+00 1.394851e+00 1.958248e+01 1.088480e+01 2.067245e-01 4.2843e-03 9.1767e-03 +5.2398e-07 0.06043 7.12387e-02 1.78743e-01 3.69417e-01 0.00000e+00
49.002266 1.16640375e-01 1.15716953e-01 2.32357328e-01 5.90760815e-02 5.47920243e+00 7.56331659e+00 1.04340152e-01 9.920832e-01 1.380368e+00 1.874060e+01 1.037710e+01 2.296010e-01 4.3843e-03 9.2311e-03 +1.9916e-06 0.06436 6.91882e-02 1.74879e-01 3.50865e-01 0.00000e+00
49.252278 1.14455945e-01 1.08700187e-01 2.23156133e-01 5.37066827e-02 5.23892834e+00 7.18350944e+00 9.93795022e-02 9.497120e-01 1.371179e+00 1.741557e+01 9.326450e+00 2.219892e-01 4.0762e-03 1.0093e-02 +2.9403e-06 0.06665 6.72173e-02 1.61451e-01 3.31332e-01 0.00000e+00
49.502289 1.10902263e-01 1.04790947e-01 2.15693209e-01 4.83091184e-02 5.01119432e+00 6.87210412e+00 9.50663875e-02 9.448946e-01 1.371351e+00 1.267752e+01 9.419666e+00 2.030098e-01 3.5420e-03 1.0104e-02 +3.7787e-06 0.06789 5.76247e-02 1.37498e-01 3.10919e-01 0.00000e+00
49.752301 1.06558610e-01 1.03819003e-01 2.10377613e-01 4.32857642e-02 4.86124426e+00 6.89787498e+00 9.40729539e-02 9.742901e-01 1.418953e+00 1.323572e+01 1.054780e+01 1.949693e-01 3.4391e-03 9.4665e-03 +4.3160e-06 0.06835 4.81265e-02 1.24441e-01 3.06079e-01 0.00000e+00
49.999845 1.02692204e-01 1.04273584e-01 2.06965788e-01 3.88343706e-02 4.84275531e+00 7.02659297e+00 9.49547862e-02 1.015399e+00 1.450949e+00 1.453275e+01 1.099773e+01 2.149904e-01 3.5581e-03 1.0280e-02 +4.3107e-06 0.06711 4.90570e-02 1.32894e-01 3.27937e-01 0.00000e+00
