# tg_mhd (CUDA FP64)  tgc_noslip_cond_n256_re500  N=256 L=256 Re=500 Pm=1 u0=0.05 nu_lat=8.116902e-03 eta_lat=8.116902e-03 tau_f=0.524351 tau_m=0.532468 dt=6.159986e-04 fw=profile
# t E_V E_M E_T H_C Omega_V Omega_M eps EM/EV OmM/OmV j_max w_max skew divb/j divb_wall/j mass_drift umax_lat fw1 fw2 fw4 tau_wall
0.000000 1.23046905e-01 1.25000000e-01 2.48046905e-01 1.20726372e-20 3.56133182e+01 1.49969646e+00 1.48452059e-01 1.015873e+00 4.211055e-02 3.463620e+00 1.217420e+02 1.494387e-18 3.3668e-15 5.1489e-15 +0.0000e+00 0.04999 9.52369e-01 9.55280e-01 9.61218e-01 1.19037e-01
0.049896 1.19248702e-01 1.24276799e-01 2.43525501e-01 -2.33517787e-05 1.18258595e+01 1.50246586e+00 5.33133013e-02 1.042165e+00 1.270492e-01 3.649722e+00 5.281928e+01 1.569970e-01 4.4346e-04 2.0165e-03 -1.4368e-05 0.05034 8.67661e-01 8.75795e-01 8.92257e-01 5.08773e-02
0.099792 1.17191058e-01 1.24160751e-01 2.41351809e-01 -4.82737485e-05 8.70469540e+00 1.52558358e+00 4.09211159e-02 1.059473e+00 1.752598e-01 3.940464e+00 4.263398e+01 1.262920e-01 6.2782e-04 2.7571e-03 -1.4227e-06 0.05104 8.23204e-01 8.37378e-01 8.58989e-01 3.79346e-02
0.149688 1.15540211e-01 1.23951191e-01 2.39491402e-01 -7.63838972e-05 7.22725329e+00 1.55655781e+00 3.51352444e-02 1.072797e+00 2.153734e-01 4.279152e+00 3.496410e+01 5.855764e-02 7.3761e-04 3.2306e-03 +9.6714e-06 0.05068 7.82995e-01 8.08903e-01 8.34341e-01 3.16835e-02
0.199584 1.14295630e-01 1.23412970e-01 2.37708600e-01 -1.22118585e-04 6.31479525e+00 1.59038142e+00 3.16207067e-02 1.079770e+00 2.518500e-01 4.557360e+00 3.119627e+01 3.567878e-02 8.1529e-04 3.5871e-03 -1.4588e-05 0.05085 7.43799e-01 7.85177e-01 8.13700e-01 2.75469e-02
0.249479 1.13190858e-01 1.23282230e-01 2.36473089e-01 -1.76578550e-04 5.74193822e+00 1.63596100e+00 2.95115969e-02 1.089154e+00 2.849144e-01 4.794325e+00 3.071630e+01 1.021710e-01 8.7041e-04 3.8403e-03 -7.6407e-06 0.05178 7.08392e-01 7.65605e-01 7.96883e-01 2.49359e-02
0.299375 1.12060853e-01 1.23011752e-01 2.35072605e-01 -2.23495247e-04 5.29047399e+00 1.68583505e+00 2.79052361e-02 1.097723e+00 3.186548e-01 5.080249e+00 2.615594e+01 2.143792e-01 9.1210e-04 4.0420e-03 -9.1983e-06 0.05125 6.73911e-01 7.46670e-01 7.80858e-01 2.30913e-02
0.349271 1.10893993e-01 1.22499024e-01 2.33393017e-01 -2.69846081e-04 4.93535423e+00 1.73886669e+00 2.66968837e-02 1.104650e+00 3.523286e-01 5.372805e+00 2.623444e+01 2.501645e-01 9.4383e-04 4.2065e-03 -1.4905e-05 0.05126 6.41301e-01 7.28491e-01 7.65823e-01 2.16369e-02
0.399167 1.09775997e-01 1.22473096e-01 2.32249093e-01 -3.34929474e-04 4.72492004e+00 1.80387994e+00 2.61151999e-02 1.115664e+00 3.817800e-01 5.659267e+00 2.557413e+01 2.185070e-01 9.7264e-04 4.3506e-03 +7.0729e-06 0.05104 6.14971e-01 7.13594e-01 7.54088e-01 2.03804e-02
0.449063 1.08877987e-01 1.22013137e-01 2.30891125e-01 -3.99778717e-04 4.53403720e+00 1.86778160e+00 2.56072752e-02 1.120641e+00 4.119467e-01 5.911933e+00 2.372339e+01 2.014347e-01 9.9008e-04 4.4624e-03 -6.7492e-06 0.05122 5.88825e-01 6.97847e-01 7.41781e-01 1.98297e-02
0.498959 1.08007434e-01 1.21678930e-01 2.29686363e-01 -4.53436570e-04 4.35266462e+00 1.93835281e+00 2.51640697e-02 1.126579e+00 4.453256e-01 6.080517e+00 2.440682e+01 2.052051e-01 1.0093e-03 4.5806e-03 -1.6674e-05 0.05030 5.62549e-01 6.80712e-01 7.28580e-01 1.87549e-02
0.548855 1.07059820e-01 1.21500785e-01 2.28560605e-01 -5.09146944e-04 4.21760514e+00 2.01745576e+00 2.49402436e-02 1.134887e+00 4.783415e-01 6.323819e+00 2.276733e+01 2.663652e-01 1.0239e-03 4.6731e-03 -7.6431e-06 0.05060 5.38938e-01 6.64326e-01 7.16373e-01 1.82012e-02
0.598751 1.06154310e-01 1.20997318e-01 2.27151628e-01 -5.82172647e-04 4.10376740e+00 2.09811772e+00 2.48075405e-02 1.139825e+00 5.112662e-01 6.567269e+00 2.296183e+01 3.190260e-01 1.0356e-03 4.7591e-03 -1.8762e-05 0.05077 5.16476e-01 6.47935e-01 7.04294e-01 1.74570e-02
0.648646 1.05196989e-01 1.20753660e-01 2.25950649e-01 -6.43167015e-04 3.98374839e+00 2.19003097e+00 2.46951175e-02 1.147881e+00 5.497413e-01 6.770043e+00 2.280294e+01 3.477251e-01 1.0491e-03 4.8522e-03 -5.1151e-06 0.05062 4.92952e-01 6.29915e-01 6.91161e-01 1.68983e-02
0.698542 1.04295414e-01 1.20407948e-01 2.24703362e-01 -6.99786378e-04 4.01659885e+00 2.28597402e+00 2.52102915e-02 1.154489e+00 5.691318e-01 6.933172e+00 2.262704e+01 2.997890e-01 1.0620e-03 4.9409e-03 +1.2424e-06 0.05045 4.81341e-01 6.19941e-01 6.84823e-01 1.72950e-02
0.748438 1.03546276e-01 1.19820160e-01 2.23366437e-01 -7.50752681e-04 3.92788428e+00 2.38000357e+00 2.52315514e-02 1.157165e+00 6.059251e-01 7.105777e+00 2.272792e+01 3.044357e-01 1.0732e-03 5.0269e-03 -1.8820e-05 0.05063 4.59228e-01 6.01549e-01 6.71466e-01 1.64842e-02
0.798334 1.02846358e-01 1.19437161e-01 2.22283519e-01 -8.06763321e-04 3.86602947e+00 2.48657136e+00 2.54104034e-02 1.161316e+00 6.431848e-01 7.255963e+00 2.258288e+01 3.592289e-01 1.0881e-03 5.1070e-03 -1.2505e-05 0.05033 4.38999e-01 5.83875e-01 6.58993e-01 1.59742e-02
0.848230 1.02114997e-01 1.18864462e-01 2.20979459e-01 -8.64167750e-04 3.85339195e+00 2.59591467e+00 2.57972265e-02 1.164026e+00 6.736700e-01 7.361903e+00 2.289819e+01 3.790763e-01 1.1015e-03 5.1889e-03 -1.5252e-05 0.05118 4.22771e-01 5.68560e-01 6.48492e-01 1.59688e-02
0.898126 1.01346338e-01 1.18193669e-01 2.19540007e-01 -9.02767851e-04 3.82092058e+00 2.71108116e+00 2.61280069e-02 1.166235e+00 7.095361e-01 7.421992e+00 2.284113e+01 4.221620e-01 1.1173e-03 5.2761e-03 -1.7853e-05 0.05070 4.04427e-01 5.51183e-01 6.36385e-01 1.55411e-02
0.948022 1.00649160e-01 1.17645909e-01 2.18295068e-01 -9.40049825e-04 3.84177791e+00 2.83707400e+00 2.67154076e-02 1.168871e+00 7.384794e-01 7.533398e+00 2.342852e+01 4.064541e-01 1.1381e-03 5.3672e-03 +5.7630e-07 0.05087 3.90495e-01 5.36857e-01 6.26916e-01 1.55161e-02
0.997918 1.00144292e-01 1.16773207e-01 2.16917499e-01 -9.73787823e-04 3.86952823e+00 2.95843157e+00 2.73118392e-02 1.166050e+00 7.645458e-01 7.568534e+00 2.258308e+01 3.772003e-01 1.1586e-03 5.4583e-03 -1.2692e-05 0.05058 3.76744e-01 5.22013e-01 6.16724e-01 1.56027e-02
1.047814 9.96927189e-02 1.15884348e-01 2.15577067e-01 -9.92884491e-04 3.83989343e+00 3.08685219e+00 2.77069824e-02 1.162415e+00 8.038901e-01 7.551117e+00 2.359083e+01 4.183361e-01 1.1855e-03 5.5573e-03 -1.9857e-05 0.05026 3.57461e-01 5.02466e-01 6.02695e-01 1.48264e-02
1.097709 9.92221657e-02 1.14997991e-01 2.14220157e-01 -1.00360438e-03 3.89735609e+00 3.22537230e+00 2.84909135e-02 1.158995e+00 8.275796e-01 7.509486e+00 2.354506e+01 4.133528e-01 1.2176e-03 5.6515e-03 -1.3822e-05 0.05059 3.45955e-01 4.88664e-01 5.93258e-01 1.51221e-02
1.147605 9.88235422e-02 1.13876377e-01 2.12699920e-01 -1.01674430e-03 3.88906777e+00 3.36451308e+00 2.90143234e-02 1.152320e+00 8.651207e-01 7.483351e+00 2.431365e+01 4.265812e-01 1.2548e-03 5.7501e-03 -2.2103e-05 0.05074 3.28280e-01 4.69566e-01 5.79227e-01 1.44551e-02
1.197501 9.84298661e-02 1.12817149e-01 2.11247015e-01 -1.01485034e-03 3.90485202e+00 3.51997814e+00 2.96993206e-02 1.146168e+00 9.014370e-01 7.895647e+00 2.362415e+01 4.648935e-01 1.3045e-03 5.8613e-03 -9.0678e-06 0.05009 3.12549e-01 4.51893e-01 5.66290e-01 1.43390e-02
1.247397 9.81127220e-02 1.11627261e-01 2.09739983e-01 -1.00742389e-03 4.01417199e+00 3.67786136e+00 3.07681334e-02 1.137745e+00 9.162192e-01 8.668792e+00 2.505359e+01 3.863551e-01 1.3655e-03 5.9798e-03 -5.8217e-06 0.05017 3.05181e-01 4.40568e-01 5.57922e-01 1.47867e-02
1.297293 9.79160661e-02 1.10225144e-01 2.08141211e-01 -9.59679918e-04 4.01887635e+00 3.83337412e+00 3.14090019e-02 1.125711e+00 9.538423e-01 9.544634e+00 2.334791e+01 3.996433e-01 1.4408e-03 6.0839e-03 -2.2158e-05 0.04892 2.88232e-01 4.21136e-01 5.42565e-01 1.42152e-02
1.347189 9.77522077e-02 1.08876745e-01 2.06628953e-01 -9.20071153e-04 4.04708309e+00 4.00725715e+00 3.22173609e-02 1.113803e+00 9.901593e-01 1.050013e+01 2.474204e+01 4.348458e-01 1.5404e-03 6.1904e-03 -1.6803e-05 0.04879 2.73341e-01 4.03372e-01 5.28343e-01 1.38564e-02
1.397085 9.75827877e-02 1.07396022e-01 2.04978809e-01 -8.94652467e-04 4.11688862e+00 4.18629782e+00 3.32127458e-02 1.100563e+00 1.016860e+00 1.147344e+01 2.575800e+01 3.995207e-01 1.6628e-03 6.2894e-03 -2.0322e-05 0.04932 2.62455e-01 3.88633e-01 5.15989e-01 1.40434e-02
1.446981 9.73634620e-02 1.05869291e-01 2.03232753e-01 -8.41218500e-04 4.12522373e+00 4.37676212e+00 3.40079434e-02 1.087362e+00 1.060976e+00 1.245325e+01 2.489973e+01 4.583042e-01 1.8136e-03 6.3848e-03 -2.0020e-05 0.04834 2.46304e-01 3.69546e-01 4.99816e-01 1.33961e-02
1.496876 9.71549939e-02 1.04356108e-01 2.01511102e-01 -7.57827248e-04 4.19759774e+00 4.58402655e+00 3.51264972e-02 1.074120e+00 1.092060e+00 1.347603e+01 2.469126e+01 4.352259e-01 1.9943e-03 6.4887e-03 -5.0932e-06 0.04722 2.35968e-01 3.55508e-01 4.87447e-01 1.36572e-02
1.546772 9.70635182e-02 1.02647610e-01 1.99711129e-01 -6.74328035e-04 4.26543102e+00 4.78383640e+00 3.61970697e-02 1.057530e+00 1.121536e+00 1.439073e+01 2.487621e+01 4.040217e-01 2.1958e-03 6.5578e-03 -1.7543e-05 0.04647 2.25769e-01 3.41265e-01 4.74165e-01 1.35823e-02
1.596668 9.69627712e-02 1.00948423e-01 1.97911194e-01 -5.78630953e-04 4.26038463e+00 4.99674836e+00 3.70285319e-02 1.041105e+00 1.172840e+00 1.530124e+01 2.425057e+01 4.727564e-01 2.4217e-03 6.6132e-03 -2.2523e-05 0.04540 2.09868e-01 3.22287e-01 4.56837e-01 1.29269e-02
1.646564 9.67804511e-02 9.92462137e-02 1.96026665e-01 -4.82714009e-04 4.32247679e+00 5.22238292e+00 3.81794389e-02 1.025478e+00 1.208192e+00 1.612681e+01 2.520443e+01 4.433063e-01 2.6684e-03 6.6643e-03 -1.8446e-05 0.04533 2.00433e-01 3.09031e-01 4.43978e-01 1.30694e-02
1.696460 9.65886791e-02 9.74489026e-02 1.94037582e-01 -3.72707855e-04 4.34218808e+00 5.44485887e+00 3.91481878e-02 1.008906e+00 1.253944e+00 1.710555e+01 2.472907e+01 4.512793e-01 2.9294e-03 6.6923e-03 -2.4746e-05 0.04622 1.88596e-01 2.93733e-01 4.29228e-01 1.27295e-02
1.746356 9.63405772e-02 9.57049386e-02 1.92045516e-01 -2.55146497e-04 4.35396222e+00 5.68138995e+00 4.01414087e-02 9.934022e-01 1.304878e+00 1.820053e+01 2.391711e+01 4.875424e-01 3.2131e-03 6.7207e-03 -1.2514e-05 0.04708 1.77020e-01 2.79110e-01 4.15287e-01 1.23332e-02
1.796252 9.60961804e-02 9.38896048e-02 1.89985785e-01 -1.23449560e-04 4.40785326e+00 5.90634613e+00 4.12567976e-02 9.770378e-01 1.339960e+00 1.921340e+01 2.359462e+01 4.325332e-01 3.5121e-03 6.7387e-03 -1.1179e-05 0.04847 1.70016e-01 2.68581e-01 4.04483e-01 1.25984e-02
1.846148 9.58849921e-02 9.19966911e-02 1.87881683e-01 3.85342813e-05 4.40174453e+00 6.10967206e+00 4.20456664e-02 9.594483e-01 1.388012e+00 2.021532e+01 2.201869e+01 4.424792e-01 3.8241e-03 6.7199e-03 -2.4704e-05 0.04913 1.59461e-01 2.55017e-01 3.91116e-01 1.21793e-02
1.896044 9.56304751e-02 9.01480676e-02 1.85778543e-01 2.01205855e-04 4.39561265e+00 6.31008064e+00 4.28227732e-02 9.426709e-01 1.435541e+00 2.114628e+01 2.215795e+01 4.442285e-01 4.1545e-03 6.7016e-03 -2.0432e-05 0.04957 1.50061e-01 2.42957e-01 3.79538e-01 1.18029e-02
1.945939 9.53436689e-02 8.82460561e-02 1.83589725e-01 3.42861221e-04 4.40777013e+00 6.47751374e+00 4.35411355e-02 9.255576e-01 1.469567e+00 2.197457e+01 2.265076e+01 3.986498e-01 4.4855e-03 6.6716e-03 -2.3974e-05 0.05047 1.43429e-01 2.33632e-01 3.70542e-01 1.16669e-02
1.995835 9.49848827e-02 8.63515252e-02 1.81336408e-01 5.01020458e-04 4.37771814e+00 6.61931267e+00 4.39881232e-02 9.091081e-01 1.512046e+00 2.275873e+01 2.110593e+01 4.235496e-01 4.8134e-03 6.6466e-03 -2.1654e-05 0.05023 1.34479e-01 2.22678e-01 3.60856e-01 1.11453e-02
2.045731 9.45957879e-02 8.44850076e-02 1.79080796e-01 6.92221503e-04 4.39590495e+00 6.73050265e+00 4.45056304e-02 8.931160e-01 1.531085e+00 2.342793e+01 1.994945e+01 3.939925e-01 5.1204e-03 6.6327e-03 -1.0089e-05 0.05047 1.30084e-01 2.16312e-01 3.55679e-01 1.12894e-02
2.095627 9.43000398e-02 8.25280174e-02 1.76828057e-01 9.03088704e-04 4.39359045e+00 6.77964342e+00 4.46929355e-02 8.751642e-01 1.543076e+00 2.387132e+01 1.852166e+01 3.690068e-01 5.3724e-03 6.5786e-03 -2.1220e-05 0.05043 1.24890e-01 2.09309e-01 3.50014e-01 1.11448e-02
2.145523 9.39881460e-02 8.06114645e-02 1.74599610e-01 1.10608329e-03 4.37153050e+00 6.79623026e+00 4.46710430e-02 8.576769e-01 1.554657e+00 2.430916e+01 1.814259e+01 4.018651e-01 5.5656e-03 6.5194e-03 -2.4837e-05 0.04981 1.18598e-01 2.01693e-01 3.44559e-01 1.06588e-02
2.195419 9.36101363e-02 7.87296857e-02 1.72339822e-01 1.29801600e-03 4.36937558e+00 6.77997145e+00 4.45973881e-02 8.410380e-01 1.551703e+00 2.455776e+01 1.842488e+01 3.841042e-01 5.6785e-03 6.4830e-03 -2.2307e-05 0.05012 1.14318e-01 1.96225e-01 3.41598e-01 1.04392e-02
2.245315 9.32186787e-02 7.68267266e-02 1.70045405e-01 1.50890957e-03 4.35594225e+00 6.72436973e+00 4.43212479e-02 8.241559e-01 1.543723e+00 2.469205e+01 1.717500e+01 3.948005e-01 5.6975e-03 6.4386e-03 -2.6944e-05 0.05068 1.09543e-01 1.90490e-01 3.38847e-01 1.00963e-02
2.295211 9.27900440e-02 7.49967004e-02 1.67786744e-01 1.73832582e-03 4.36027052e+00 6.65660014e+00 4.40674826e-02 8.082408e-01 1.526648e+00 2.475555e+01 1.592469e+01 4.161447e-01 5.6386e-03 6.4049e-03 -1.5561e-05 0.05070 1.06356e-01 1.86588e-01 3.38448e-01 9.97733e-03
2.345107 9.23851055e-02 7.31667295e-02 1.65551835e-01 1.97254244e-03 4.37404784e+00 6.56069271e+00 4.37389622e-02 7.919754e-01 1.499913e+00 2.465007e+01 1.541612e+01 4.035855e-01 5.5088e-03 6.3689e-03 -1.5851e-05 0.05165 1.04118e-01 1.83530e-01 3.38601e-01 9.97856e-03
2.395002 9.20152241e-02 7.13412550e-02 1.63356479e-01 2.21871707e-03 4.37122101e+00 6.44500004e+00 4.32648842e-02 7.753201e-01 1.474416e+00 2.444228e+01 1.451842e+01 4.217600e-01 5.3355e-03 6.3164e-03 -2.7038e-05 0.05178 1.00709e-01 1.79294e-01 3.37446e-01 9.70986e-03
2.444898 9.16098695e-02 6.95946467e-02 1.61204516e-01 2.46914107e-03 4.36467644e+00 6.33504013e+00 4.27988663e-02 7.596850e-01 1.451434e+00 2.420874e+01 1.513228e+01 4.289359e-01 5.1509e-03 6.2764e-03 -2.3660e-05 0.05242 9.71358e-02 1.75113e-01 3.36781e-01 9.39632e-03
2.494794 9.11853010e-02 6.78500804e-02 1.59035381e-01 2.70123141e-03 4.36384273e+00 6.21720484e+00 4.23241903e-02 7.440901e-01 1.424709e+00 2.387501e+01 1.535123e+01 4.090299e-01 4.9697e-03 6.2421e-03 -2.6941e-05 0.05352 9.43473e-02 1.71600e-01 3.36371e-01 9.20557e-03
2.544690 9.06995334e-02 6.61555799e-02 1.56855113e-01 2.93003064e-03 4.35592180e+00 6.10570267e+00 4.18464979e-02 7.293927e-01 1.401702e+00 2.351755e+01 1.419134e+01 4.275480e-01 4.8217e-03 6.2186e-03 -2.3586e-05 0.05353 9.11252e-02 1.67816e-01 3.35809e-01 8.88772e-03
2.594586 9.01991598e-02 6.45173158e-02 1.54716476e-01 3.17661976e-03 4.37270218e+00 5.99756825e+00 4.14810817e-02 7.152762e-01 1.371593e+00 2.307123e+01 1.370957e+01 4.110242e-01 4.7131e-03 6.2153e-03 -1.4407e-05 0.05419 9.02009e-02 1.66223e-01 3.36719e-01 9.00651e-03
2.644482 8.97735037e-02 6.28643957e-02 1.52637899e-01 3.44095963e-03 4.38395161e+00 5.87697183e+00 4.10436938e-02 7.002556e-01 1.340565e+00 2.257604e+01 1.289345e+01 3.996739e-01 4.6450e-03 6.1825e-03 -2.4351e-05 0.05462 8.90526e-02 1.64167e-01 3.35957e-01 9.06581e-03
2.694378 8.93314354e-02 6.12762150e-02 1.50607650e-01 3.68749802e-03 4.37772806e+00 5.76284962e+00 4.05623107e-02 6.859424e-01 1.316402e+00 2.208127e+01 1.241258e+01 3.949250e-01 4.6203e-03 6.1507e-03 -2.7106e-05 0.05457 8.66063e-02 1.61021e-01 3.34136e-01 8.74392e-03
2.744274 8.88349955e-02 5.97283909e-02 1.48563386e-01 3.90306375e-03 4.35794478e+00 5.65361669e+00 4.00462459e-02 6.723520e-01 1.297313e+00 2.155915e+01 1.272600e+01 3.867182e-01 4.6352e-03 6.1436e-03 -2.5695e-05 0.05526 8.31596e-02 1.57028e-01 3.31303e-01 8.33290e-03
2.794169 8.83107911e-02 5.81939256e-02 1.46504717e-01 4.11539794e-03 4.35233926e+00 5.54375227e+00 3.95843661e-02 6.589673e-01 1.273741e+00 2.099445e+01 1.212529e+01 3.735533e-01 4.6799e-03 6.1404e-03 -2.8633e-05 0.05532 8.12971e-02 1.54506e-01 3.29055e-01 8.23092e-03
2.844065 8.77497069e-02 5.67337704e-02 1.44483477e-01 4.34452326e-03 4.35890752e+00 5.44260407e+00 3.92060464e-02 6.465409e-01 1.248617e+00 2.044619e+01 1.181633e+01 3.652525e-01 4.7428e-03 6.1488e-03 -1.8404e-05 0.05500 8.09106e-02 1.53605e-01 3.28179e-01 8.28222e-03
2.893961 8.72120663e-02 5.52864792e-02 1.42498545e-01 4.57132167e-03 4.37282077e+00 5.33536656e+00 3.88327493e-02 6.339315e-01 1.220120e+00 1.986062e+01 1.206887e+01 3.515308e-01 4.8091e-03 6.1521e-03 -1.9864e-05 0.05477 8.15512e-02 1.53535e-01 3.26957e-01 8.51572e-03
2.943857 8.66938261e-02 5.38715080e-02 1.40565334e-01 4.78363502e-03 4.36189213e+00 5.22696326e+00 3.83554215e-02 6.213996e-01 1.198325e+00 1.924261e+01 1.242247e+01 3.445794e-01 4.8731e-03 6.1396e-03 -2.8863e-05 0.05410 8.01810e-02 1.51529e-01 3.23465e-01 8.24995e-03
2.993753 8.61292076e-02 5.25323258e-02 1.38661533e-01 4.98395723e-03 4.34099680e+00 5.12801349e+00 3.78760411e-02 6.099246e-01 1.181299e+00 1.866822e+01 1.182631e+01 3.337854e-01 4.9321e-03 6.1527e-03 -2.6315e-05 0.05380 7.82802e-02 1.49263e-01 3.19885e-01 7.99940e-03
3.043649 8.55387533e-02 5.12054422e-02 1.36744196e-01 5.17502064e-03 4.31613909e+00 5.02984898e+00 3.73839523e-02 5.986227e-01 1.165358e+00 1.808579e+01 1.190269e+01 3.262353e-01 4.9796e-03 6.1664e-03 -2.9312e-05 0.05332 7.64429e-02 1.47068e-01 3.15971e-01 7.81098e-03
3.093545 8.48870910e-02 4.99301545e-02 1.34817246e-01 5.35661665e-03 4.30259794e+00 4.93916464e+00 3.69670503e-02 5.881949e-01 1.147949e+00 1.752073e+01 1.208473e+01 3.161823e-01 5.0188e-03 6.1850e-03 -2.5106e-05 0.05238 7.62269e-02 1.46596e-01 3.13544e-01 7.76000e-03
3.143441 8.42137436e-02 4.87148189e-02 1.32928562e-01 5.54036669e-03 4.29723009e+00 4.85357223e+00 3.66032093e-02 5.784664e-01 1.129465e+00 1.696769e+01 1.223223e+01 3.076244e-01 5.0474e-03 6.2219e-03 -1.7914e-05 0.05147 7.72766e-02 1.47389e-01 3.11962e-01 7.96777e-03
3.193337 8.35919056e-02 4.75146348e-02 1.31106540e-01 5.73453948e-03 4.29342565e+00 4.76450786e+00 3.62317340e-02 5.684119e-01 1.109722e+00 1.640447e+01 1.247600e+01 2.968019e-01 5.0591e-03 6.2354e-03 -2.6757e-05 0.05046 7.89567e-02 1.48589e-01 3.10034e-01 8.19561e-03
3.243232 8.29428855e-02 4.63764478e-02 1.29319333e-01 5.92288967e-03 4.26070695e+00 4.68305327e+00 3.57750409e-02 5.591371e-01 1.099126e+00 1.587598e+01 1.228571e+01 2.882549e-01 5.0606e-03 6.2476e-03 -2.8906e-05 0.04953 7.81803e-02 1.47656e-01 3.06529e-01 7.92784e-03
3.293128 8.22385675e-02 4.52792275e-02 1.27517795e-01 6.08239259e-03 4.21029839e+00 4.60837577e+00 3.52746966e-02 5.505839e-01 1.094548e+00 1.539469e+01 1.220688e+01 2.861306e-01 5.0505e-03 6.2759e-03 -2.8175e-05 0.04865 7.59746e-02 1.45538e-01 3.02159e-01 7.56293e-03
3.343024 8.15057523e-02 4.42072151e-02 1.25712967e-01 6.23193516e-03 4.16635276e+00 4.53821013e+00 3.48182516e-02 5.423815e-01 1.089252e+00 1.489124e+01 1.212064e+01 2.823962e-01 5.0305e-03 6.3052e-03 -2.9778e-05 0.04769 7.48143e-02 1.44434e-01 2.98566e-01 7.38538e-03
3.392920 8.07321162e-02 4.31971230e-02 1.23929239e-01 6.39985995e-03 4.15075406e+00 4.47730556e+00 3.45122385e-02 5.350674e-01 1.078673e+00 1.441231e+01 1.216681e+01 2.796150e-01 5.0098e-03 6.3457e-03 -2.0803e-05 0.04677 7.70571e-02 1.46680e-01 2.98030e-01 7.71676e-03
3.442816 7.99825206e-02 4.22068893e-02 1.22189410e-01 6.57532144e-03 4.13757362e+00 4.41549162e+00 3.42122610e-02 5.277014e-01 1.067169e+00 1.397716e+01 1.206686e+01 2.750241e-01 4.9846e-03 6.3723e-03 -2.2825e-05 0.04601 7.98939e-02 1.49325e-01 2.97534e-01 8.11558e-03
3.492712 7.92427148e-02 4.12519471e-02 1.20494662e-01 6.73759173e-03 4.09643120e+00 4.35637540e+00 3.38112264e-02 5.205772e-01 1.063456e+00 1.351581e+01 1.244942e+01 2.770198e-01 4.9604e-03 6.3840e-03 -3.0203e-05 0.04545 8.00171e-02 1.49402e-01 2.94847e-01 7.86086e-03
3.542608 7.84597839e-02 4.03500595e-02 1.18809843e-01 6.88483865e-03 4.03558195e+00 4.30542988e+00 3.33640473e-02 5.142770e-01 1.066867e+00 1.309933e+01 1.168470e+01 2.841205e-01 4.9419e-03 6.4129e-03 -2.8433e-05 0.04506 7.81985e-02 1.47834e-01 2.91092e-01 7.51465e-03
3.592504 7.76630585e-02 3.94592855e-02 1.17122344e-01 7.02700096e-03 3.97854197e+00 4.25612185e+00 3.29386553e-02 5.080831e-01 1.069769e+00 1.294622e+01 1.143204e+01 2.900275e-01 4.9227e-03 6.4438e-03 -3.0892e-05 0.04470 7.70163e-02 1.46835e-01 2.87851e-01 7.35677e-03
3.642399 7.68240629e-02 3.86066408e-02 1.15430704e-01 7.17173959e-03 3.93834357e+00 4.21232413e+00 3.26026708e-02 5.025332e-01 1.069567e+00 1.332325e+01 1.152930e+01 2.947327e-01 4.9069e-03 6.4774e-03 -2.6261e-05 0.04451 7.79703e-02 1.47968e-01 2.86710e-01 7.43142e-03
3.692295 7.59719947e-02 3.77904525e-02 1.13762447e-01 7.31609141e-03 3.91182199e+00 4.17060607e+00 3.23297122e-02 4.974261e-01 1.066154e+00 1.380152e+01 1.154152e+01 3.011530e-01 4.8939e-03 6.5172e-03 -2.0807e-05 0.04429 8.06085e-02 1.50648e-01 2.86967e-01 7.78371e-03
3.742191 7.51703717e-02 3.69845984e-02 1.12154970e-01 7.46104767e-03 3.88077479e+00 4.12473410e+00 3.20220356e-02 4.920103e-01 1.062864e+00 1.419427e+01 1.160627e+01 3.062967e-01 4.8795e-03 6.5467e-03 -2.8577e-05 0.04417 8.28248e-02 1.52715e-01 2.86513e-01 7.96071e-03
3.792087 7.43502312e-02 3.62208289e-02 1.10571060e-01 7.60314699e-03 3.82530163e+00 4.08214305e+00 3.16297787e-02 4.871650e-01 1.067143e+00 1.451363e+01 1.131696e+01 3.142099e-01 4.8705e-03 6.5821e-03 -3.0235e-05 0.04403 8.23045e-02 1.52346e-01 2.84295e-01 7.67785e-03
3.841983 7.35016679e-02 3.54760059e-02 1.08977674e-01 7.72762256e-03 3.75874186e+00 4.04004600e+00 3.11951514e-02 4.826558e-01 1.074840e+00 1.478431e+01 1.110951e+01 3.238503e-01 4.8634e-03 6.6321e-03 -3.0123e-05 0.04373 8.05195e-02 1.50890e-01 2.81380e-01 7.39491e-03
3.891879 7.26401311e-02 3.47443367e-02 1.07384468e-01 7.84115262e-03 3.70025761e+00 3.99682430e+00 3.07883276e-02 4.783077e-01 1.080148e+00 1.495429e+01 1.093607e+01 3.365335e-01 4.8592e-03 6.6889e-03 -3.0690e-05 0.04346 7.96891e-02 1.50328e-01 2.79393e-01 7.19004e-03
3.941775 7.17544166e-02 3.40497446e-02 1.05804161e-01 7.96043915e-03 3.66879821e+00 3.95504444e+00 3.04953706e-02 4.745317e-01 1.078022e+00 1.506030e+01 1.136375e+01 3.440310e-01 4.8637e-03 6.7607e-03 -2.2767e-05 0.04325 8.20932e-02 1.52875e-01 2.80354e-01 7.50004e-03
3.991671 7.09081279e-02 3.33640877e-02 1.04272216e-01 8.08748784e-03 3.64855038e+00 3.90659136e+00 3.02205670e-02 4.705256e-01 1.070724e+00 1.509415e+01 1.236283e+01 3.442790e-01 4.8705e-03 6.8342e-03 -2.5229e-05 0.04293 8.58591e-02 1.56519e-01 2.82209e-01 7.97822e-03
4.041567 7.00761447e-02 3.26977072e-02 1.02773852e-01 8.20795647e-03 3.60542325e+00 3.85397314e+00 2.98375856e-02 4.666025e-01 1.068938e+00 1.505958e+01 1.202237e+01 3.541470e-01 4.8811e-03 6.9047e-03 -3.1385e-05 0.04269 8.68795e-02 1.57607e-01 2.82013e-01 7.80384e-03
4.091462 6.92192719e-02 3.20610928e-02 1.01280365e-01 8.30840507e-03 3.53562706e+00 3.80015003e+00 2.93431083e-02 4.631816e-01 1.074816e+00 1.497278e+01 1.146686e+01 3.672926e-01 4.8953e-03 6.9898e-03 -3.0169e-05 0.04227 8.45666e-02 1.55750e-01 2.79637e-01 7.30910e-03
4.141358 6.83687250e-02 3.14305604e-02 9.97992855e-02 8.39866062e-03 3.47554432e+00 3.74135562e+00 2.88675998e-02 4.597213e-01 1.076480e+00 1.478310e+01 1.136734e+01 3.788670e-01 4.9013e-03 7.0840e-03 -3.2098e-05 0.04209 8.34364e-02 1.55007e-01 2.78361e-01 7.14431e-03
4.191254 6.74978116e-02 3.08249028e-02 9.83227144e-02 8.49499486e-03 3.43926768e+00 3.68051661e+00 2.84791372e-02 4.566800e-01 1.070145e+00 1.457780e+01 1.170044e+01 3.892829e-01 4.8996e-03 7.1822e-03 -2.7396e-05 0.04183 8.53998e-02 1.57224e-01 2.79978e-01 7.32247e-03
4.241150 6.66287266e-02 3.02400580e-02 9.68687846e-02 8.59120662e-03 3.41733720e+00 3.61528799e+00 2.81305008e-02 4.538592e-01 1.057925e+00 1.430049e+01 1.255698e+01 3.907861e-01 4.8851e-03 7.2810e-03 -2.3338e-05 0.04139 8.92715e-02 1.61179e-01 2.83313e-01 7.70270e-03
4.291046 6.58101101e-02 2.96640624e-02 9.54741724e-02 8.67978439e-03 3.38075006e+00 3.54327576e+00 2.76961033e-02 4.507524e-01 1.048074e+00 1.393991e+01 1.262685e+01 3.958473e-01 4.8508e-03 7.3697e-03 -3.0072e-05 0.04107 9.12759e-02 1.63264e-01 2.85122e-01 7.65169e-03
4.340942 6.49818262e-02 2.91172565e-02 9.40990827e-02 8.76197436e-03 3.33022248e+00 3.47098628e+00 2.72048350e-02 4.480831e-01 1.042269e+00 1.357561e+01 1.238430e+01 4.072681e-01 4.8024e-03 7.4604e-03 -3.1502e-05 0.04092 9.14414e-02 1.63748e-01 2.86055e-01 7.42631e-03
4.390838 6.41460832e-02 2.85860131e-02 9.27320963e-02 8.83494579e-03 3.27136027e+00 3.39757460e+00 2.66757395e-02 4.456393e-01 1.038582e+00 1.313848e+01 1.228578e+01 4.130395e-01 4.7349e-03 7.5563e-03 -3.1806e-05 0.04138 9.04687e-02 1.63217e-01 2.86667e-01 7.21731e-03
4.440734 6.33083347e-02 2.80691931e-02 9.13775277e-02 8.89921236e-03 3.22176362e+00 3.32473431e+00 2.61859917e-02 4.433728e-01 1.031961e+00 1.268485e+01 1.206137e+01 4.228348e-01 4.6492e-03 7.6513e-03 -3.1485e-05 0.04157 9.07572e-02 1.63861e-01 2.88844e-01 7.06891e-03
4.490629 6.24578128e-02 2.75803144e-02 9.00381272e-02 8.96261256e-03 3.19195523e+00 3.25531373e+00 2.57890758e-02 4.415831e-01 1.019849e+00 1.220876e+01 1.259158e+01 4.240600e-01 4.5555e-03 7.7560e-03 -2.4661e-05 0.04188 9.37767e-02 1.67064e-01 2.93786e-01 7.26284e-03
4.540525 6.16451455e-02 2.71011349e-02 8.87462803e-02 9.03024579e-03 3.17363303e+00 3.18539340e+00 2.54361057e-02 4.396313e-01 1.003706e+00 1.170388e+01 1.336486e+01 4.129067e-01 4.4547e-03 7.8617e-03 -2.7354e-05 0.04219 9.84075e-02 1.71578e-01 2.99959e-01 7.64492e-03
4.590421 6.08484859e-02 2.66393531e-02 8.74878390e-02 9.09485345e-03 3.13822300e+00 3.11769756e+00 2.50236822e-02 4.377981e-01 9.934595e-01 1.118288e+01 1.328431e+01 4.141808e-01 4.3561e-03 7.9662e-03 -3.2476e-05 0.04220 1.00589e-01 1.73808e-01 3.04396e-01 7.52083e-03
4.640317 6.00338808e-02 2.61997053e-02 8.62335861e-02 9.14422002e-03 3.07920001e+00 3.05472477e+00 2.45356991e-02 4.364153e-01 9.920514e-01 1.069156e+01 1.285014e+01 4.181591e-01 4.2652e-03 8.0861e-03 -3.1749e-05 0.04226 9.92328e-02 1.72908e-01 3.06542e-01 7.13458e-03
4.690213 5.92316997e-02 2.57680663e-02 8.49997660e-02 9.18321801e-03 3.02564628e+00 2.99392433e+00 2.40782824e-02 4.350384e-01 9.895156e-01 1.018726e+01 1.245480e+01 4.214206e-01 4.1795e-03 8.2158e-03 -3.3218e-05 0.04224 9.85361e-02 1.72613e-01 3.09269e-01 6.96364e-03
4.740109 5.84153295e-02 2.53563015e-02 8.37716311e-02 9.22498892e-03 2.99847070e+00 2.93663044e+00 2.37404045e-02 4.340693e-01 9.793761e-01 9.706878e+00 1.283876e+01 4.233356e-01 4.1031e-03 8.3478e-03 -2.8549e-05 0.04202 1.01729e-01 1.76014e-01 3.15263e-01 7.13198e-03
4.790005 5.76069401e-02 2.49576918e-02 8.25646319e-02 9.26911063e-03 2.98222285e+00 2.87962780e+00 2.34474026e-02 4.332411e-01 9.655978e-01 9.343152e+00 1.369827e+01 4.082898e-01 4.0329e-03 8.4692e-03 -2.5590e-05 0.04192 1.06538e-01 1.80997e-01 3.22404e-01 7.45579e-03
4.839901 5.68385858e-02 2.45643815e-02 8.14029673e-02 9.30795251e-03 2.95558173e+00 2.82094420e+00 2.31061037e-02 4.321779e-01 9.544464e-01 9.176842e+00 1.362665e+01 4.026420e-01 3.9661e-03 8.5654e-03 -3.1497e-05 0.04167 1.09699e-01 1.84539e-01 3.27934e-01 7.42845e-03
4.889797 5.60628182e-02 2.41891921e-02 8.02520103e-02 9.33763211e-03 2.91174260e+00 2.76406550e+00 2.27032324e-02 4.314659e-01 9.492822e-01 9.001046e+00 1.318576e+01 4.081556e-01 3.9073e-03 8.6358e-03 -3.2778e-05 0.04126 1.10066e-01 1.85793e-01 3.31498e-01 7.17019e-03
4.939692 5.52875056e-02 2.38236957e-02 7.91112012e-02 9.36003276e-03 2.86500739e+00 2.70794261e+00 2.22918000e-02 4.309056e-01 9.451782e-01 8.807017e+00 1.301975e+01 4.066701e-01 3.8530e-03 8.6813e-03 -3.3244e-05 0.04097 1.09864e-01 1.86730e-01 3.34670e-01 7.04602e-03
4.989588 5.45161280e-02 2.34675125e-02 7.79836406e-02 9.37938499e-03 2.83236717e+00 2.65293820e+00 2.19412215e-02 4.304692e-01 9.366505e-01 8.611779e+00 1.293655e+01 4.121647e-01 3.8027e-03 8.6987e-03 -3.2356e-05 0.04039 1.11930e-01 1.89893e-01 3.39579e-01 7.02394e-03
5.039484 5.37352123e-02 2.31266822e-02 7.68618945e-02 9.39709889e-03 2.81175065e+00 2.59959709e+00 2.16453910e-02 4.303823e-01 9.245475e-01 8.404237e+00 1.325777e+01 4.062825e-01 3.7565e-03 8.6922e-03 -2.6544e-05 0.03997 1.16016e-01 1.95010e-01 3.46051e-01 7.17960e-03
5.089380 5.29913998e-02 2.27888529e-02 7.57802527e-02 9.41443078e-03 2.79362453e+00 2.54483405e+00 2.13538343e-02 4.300481e-01 9.109435e-01 8.623970e+00 1.364806e+01 3.916776e-01 3.7094e-03 8.6633e-03 -2.9282e-05 0.03942 1.20607e-01 2.00466e-01 3.52382e-01 7.38948e-03
5.139276 5.22609177e-02 2.24600593e-02 7.47209769e-02 9.42936622e-03 2.76800831e+00 2.49081022e+00 2.10352741e-02 4.297678e-01 8.998565e-01 8.888915e+00 1.355151e+01 3.942582e-01 3.6630e-03 8.6200e-03 -3.3582e-05 0.03888 1.24083e-01 2.04863e-01 3.57734e-01 7.29918e-03
5.189172 5.15206286e-02 2.21432285e-02 7.36638571e-02 9.43550730e-03 2.72471923e+00 2.43908630e+00 2.06552221e-02 4.297934e-01 8.951698e-01 9.152717e+00 1.309563e+01 3.933642e-01 3.6181e-03 8.5707e-03 -3.3325e-05 0.03832 1.24714e-01 2.06659e-01 3.61117e-01 7.14477e-03
5.239068 5.07966943e-02 2.18313433e-02 7.26280376e-02 9.43269388e-03 2.68081366e+00 2.38883626e+00 2.02785997e-02 4.297788e-01 8.910863e-01 9.383955e+00 1.262872e+01 3.959691e-01 3.5728e-03 8.5165e-03 -3.4329e-05 0.03768 1.25343e-01 2.08282e-01 3.64397e-01 6.98928e-03
5.288964 5.00657798e-02 2.15310671e-02 7.15968470e-02 9.42823188e-03 2.65375039e+00 2.34132228e+00 1.99802907e-02 4.300556e-01 8.822692e-01 9.584913e+00 1.278543e+01 4.001579e-01 3.5292e-03 8.4575e-03 -2.9810e-05 0.03716 1.29033e-01 2.12537e-01 3.70014e-01 7.03147e-03
5.338860 4.93457620e-02 2.12364887e-02 7.05822507e-02 9.42742611e-03 2.63985634e+00 2.29439425e+00 1.97370024e-02 4.303609e-01 8.691360e-01 9.735876e+00 1.336106e+01 3.782140e-01 3.4858e-03 8.3891e-03 -2.7776e-05 0.03657 1.35169e-01 2.18779e-01 3.77173e-01 7.40660e-03
5.388755 4.86618878e-02 2.09435092e-02 6.96053970e-02 9.42377158e-03 2.61745189e+00 2.24717826e+00 1.94585206e-02 4.303883e-01 8.585366e-01 9.827158e+00 1.336683e+01 3.699408e-01 3.4422e-03 8.3021e-03 -3.2968e-05 0.03597 1.39887e-01 2.23532e-01 3.82957e-01 7.43502e-03
5.438651 4.79739254e-02 2.06604063e-02 6.86343317e-02 9.41018213e-03 2.57270621e+00 2.20233911e+00 1.91001812e-02 4.306591e-01 8.560399e-01 9.862420e+00 1.281382e+01 3.745935e-01 3.4020e-03 8.2000e-03 -3.4133e-05 0.03548 1.40563e-01 2.24628e-01 3.86003e-01 7.12993e-03
5.488547 4.72934256e-02 2.03825020e-02 6.76759276e-02 9.38914389e-03 2.52337861e+00 2.15948483e+00 1.87314537e-02 4.309796e-01 8.557911e-01 9.886310e+00 1.228087e+01 3.709758e-01 3.3640e-03 8.0864e-03 -3.4701e-05 0.03496 1.40281e-01 2.24813e-01 3.88421e-01 7.05554e-03
5.538443 4.66202421e-02 2.01106985e-02 6.67309406e-02 9.36508841e-03 2.49161862e+00 2.11890260e+00 1.84420849e-02 4.313727e-01 8.504121e-01 9.896209e+00 1.249450e+01 3.729534e-01 3.3280e-03 7.9561e-03 -3.3408e-05 0.03446 1.43171e-01 2.27817e-01 3.93189e-01 7.09123e-03
5.588339 4.59444144e-02 1.98468909e-02 6.57913053e-02 9.34088214e-03 2.46711245e+00 2.08047115e+00 1.81903344e-02 4.319761e-01 8.432818e-01 9.893674e+00 1.262938e+01 3.620879e-01 3.2949e-03 7.8138e-03 -2.8484e-05 0.03395 1.47338e-01 2.32008e-01 3.98979e-01 7.26362e-03
5.638235 4.53024529e-02 1.95822967e-02 6.48847496e-02 9.31637464e-03 2.43835933e+00 2.04207130e+00 1.79217225e-02 4.322569e-01 8.374776e-01 9.902876e+00 1.268754e+01 3.446806e-01 3.2629e-03 7.6598e-03 -3.1193e-05 0.03338 1.50552e-01 2.35328e-01 4.03760e-01 7.33805e-03
5.688131 4.46734737e-02 1.93215390e-02 6.39950128e-02 9.28676341e-03 2.40425824e+00 2.00516300e+00 1.76376850e-02 4.325059e-01 8.340048e-01 9.934298e+00 1.249188e+01 3.469516e-01 3.2348e-03 7.5001e-03 -3.4854e-05 0.03293 1.52547e-01 2.37655e-01 4.07647e-01 7.23261e-03
5.738027 4.40410805e-02 1.90673068e-02 6.31083873e-02 9.25017188e-03 2.35937458e+00 1.97082181e+00 1.73207855e-02 4.329437e-01 8.353154e-01 9.977572e+00 1.206053e+01 3.424053e-01 3.2113e-03 7.3501e-03 -3.4922e-05 0.03242 1.52238e-01 2.38077e-01 4.10100e-01 7.16753e-03
5.787922 4.34278634e-02 1.88154323e-02 6.22432957e-02 9.20751724e-03 2.31162823e+00 1.93853749e+00 1.70006629e-02 4.332571e-01 8.386026e-01 1.006710e+01 1.192047e+01 3.448988e-01 3.1913e-03 7.2132e-03 -3.5488e-05 0.03196 1.51156e-01 2.37913e-01 4.12041e-01 6.99803e-03
5.837818 4.28111228e-02 1.85694963e-02 6.13806191e-02 9.16276612e-03 2.27768722e+00 1.90893231e+00 1.67464781e-02 4.337540e-01 8.381012e-01 1.019272e+01 1.180471e+01 3.473186e-01 3.1767e-03 7.0948e-03 -3.1260e-05 0.03151 1.52660e-01 2.40203e-01 4.15917e-01 6.99516e-03
5.887714 4.22086043e-02 1.83246062e-02 6.05332106e-02 9.12171394e-03 2.25546261e+00 1.88012421e+00 1.65423473e-02 4.341439e-01 8.335870e-01 1.030821e+01 1.212670e+01 3.266530e-01 3.1652e-03 6.9972e-03 -2.9886e-05 0.03096 1.56390e-01 2.44515e-01 4.21062e-01 7.27658e-03
5.937610 4.16369600e-02 1.80783238e-02 5.97152838e-02 9.08077506e-03 2.22807734e+00 1.85150585e+00 1.63183328e-02 4.341893e-01 8.309881e-01 1.039498e+01 1.234316e+01 3.192696e-01 3.1551e-03 6.9110e-03 -3.4428e-05 0.03052 1.58905e-01 2.47763e-01 4.25018e-01 7.24147e-03
5.987506 4.10627955e-02 1.78364542e-02 5.88992496e-02 9.03250515e-03 2.18404318e+00 1.82482421e+00 1.60354696e-02 4.343702e-01 8.355257e-01 1.048559e+01 1.209536e+01 3.236748e-01 3.1480e-03 6.8422e-03 -3.5530e-05 0.03010 1.57731e-01 2.47865e-01 4.26528e-01 7.01587e-03
6.037402 4.04998179e-02 1.75966294e-02 5.80964473e-02 8.97720591e-03 2.13495893e+00 1.79967349e+00 1.57385297e-02 4.344866e-01 8.429546e-01 1.056356e+01 1.174074e+01 3.240447e-01 3.1417e-03 6.7900e-03 -3.6115e-05 0.02960 1.55232e-01 2.46841e-01 4.27054e-01 6.89567e-03
6.087298 3.99453224e-02 1.73598128e-02 5.73051352e-02 8.92056146e-03 2.09938534e+00 1.77618526e+00 1.55022824e-02 4.345894e-01 8.460501e-01 1.062755e+01 1.200801e+01 3.302166e-01 3.1360e-03 6.7482e-03 -3.4460e-05 0.02925 1.55461e-01 2.48276e-01 4.29386e-01 6.83126e-03
6.137194 3.93894611e-02 1.71261975e-02 5.65156586e-02 8.86807525e-03 2.07623799e+00 1.75384443e+00 1.53203297e-02 4.347914e-01 8.447223e-01 1.067225e+01 1.208860e+01 3.187570e-01 3.1313e-03 6.7178e-03 -3.0316e-05 0.02887 1.58279e-01 2.52031e-01 4.33371e-01 6.98549e-03
6.187090 3.88632706e-02 1.68898077e-02 5.57530783e-02 8.81804295e-03 2.05186661e+00 1.73077714e+00 1.51305750e-02 4.345956e-01 8.435135e-01 1.068903e+01 1.218198e+01 3.040194e-01 3.1253e-03 6.6852e-03 -3.2936e-05 0.02849 1.60683e-01 2.55314e-01 4.36571e-01 7.06101e-03
6.236985 3.83473884e-02 1.66547448e-02 5.50021332e-02 8.76390540e-03 2.01508465e+00 1.70810051e+00 1.48927406e-02 4.343124e-01 8.476570e-01 1.068978e+01 1.202389e+01 3.087378e-01 3.1204e-03 6.6476e-03 -3.6031e-05 0.02842 1.60117e-01 2.55957e-01 4.37572e-01 6.83115e-03
6.286881 3.78295861e-02 1.64231421e-02 5.42527281e-02 8.70494894e-03 1.97348740e+00 1.68654236e+00 1.46401190e-02 4.341349e-01 8.546000e-01 1.067350e+01 1.230281e+01 3.101850e-01 3.1170e-03 6.6156e-03 -3.6267e-05 0.02810 1.58236e-01 2.55477e-01 4.37668e-01 6.73089e-03
6.336777 3.73287123e-02 1.61929289e-02 5.35216412e-02 8.64320106e-03 1.93696775e+00 1.66564151e+00 1.44104370e-02 4.337929e-01 8.599222e-01 1.064165e+01 1.258524e+01 3.138732e-01 3.1143e-03 6.5826e-03 -3.6475e-05 0.02777 1.57384e-01 2.55873e-01 4.38311e-01 6.66812e-03
6.386673 3.68247799e-02 1.59668604e-02 5.27916403e-02 8.58259081e-03 1.90840721e+00 1.64575509e+00 1.42166492e-02 4.335901e-01 8.623710e-01 1.061473e+01 1.264481e+01 3.148153e-01 3.1140e-03 6.5473e-03 -3.2520e-05 0.02766 1.58296e-01 2.57830e-01 4.40125e-01 6.63583e-03
6.436569 3.63335969e-02 1.57406518e-02 5.20742486e-02 8.52722259e-03 1.88365817e+00 1.62537719e+00 1.40361415e-02 4.332258e-01 8.628833e-01 1.055857e+01 1.242070e+01 3.006439e-01 3.1152e-03 6.5097e-03 -3.1612e-05 0.02774 1.59999e-01 2.60375e-01 4.42123e-01 6.71288e-03
6.486465 3.58657263e-02 1.55132593e-02 5.13789856e-02 8.47322685e-03 1.85932096e+00 1.60419857e+00 1.38540781e-02 4.325372e-01 8.627873e-01 1.049705e+01 1.261449e+01 2.949099e-01 3.1174e-03 6.4617e-03 -3.5561e-05 0.02763 1.61694e-01 2.62802e-01 4.43760e-01 6.68546e-03
6.536361 3.53951953e-02 1.52897696e-02 5.06849649e-02 8.41440308e-03 1.82558683e+00 1.58356967e+00 1.36366260e-02 4.319730e-01 8.674305e-01 1.043302e+01 1.287610e+01 2.975643e-01 3.1220e-03 6.4105e-03 -3.6616e-05 0.02724 1.60984e-01 2.63141e-01 4.43824e-01 6.56399e-03
6.586257 3.49343432e-02 1.50686121e-02 5.00029553e-02 8.35132259e-03 1.78440451e+00 1.56326594e+00 1.33906818e-02 4.313409e-01 8.760715e-01 1.035046e+01 1.297952e+01 3.035179e-01 3.1270e-03 6.3592e-03 -3.7104e-05 0.02676 1.58287e-01 2.61728e-01 4.42532e-01 6.40113e-03
6.636152 3.44796409e-02 1.48508342e-02 4.93304751e-02 8.28816254e-03 1.75148323e+00 1.54355300e+00 1.31801449e-02 4.307131e-01 8.812833e-01 1.027224e+01 1.306850e+01 3.120419e-01 3.1326e-03 6.3043e-03 -3.5188e-05 0.02654 1.57574e-01 2.62046e-01 4.42578e-01 6.29863e-03
6.686048 3.40233237e-02 1.46363517e-02 4.86596754e-02 8.22994133e-03 1.73218877e+00 1.52395850e+00 1.30245891e-02 4.301858e-01 8.797878e-01 1.017612e+01 1.294757e+01 3.004856e-01 3.1382e-03 6.2493e-03 -3.1724e-05 0.02633 1.60320e-01 2.65340e-01 4.44870e-01 6.44438e-03
6.735944 3.35915913e-02 1.44207113e-02 4.80123027e-02 8.17565030e-03 1.71067467e+00 1.50313419e+00 1.28552355e-02 4.292953e-01 8.786792e-01 1.006389e+01 1.277078e+01 2.878980e-01 3.1411e-03 6.1885e-03 -3.4177e-05 0.02613 1.62451e-01 2.67937e-01 4.46437e-01 6.46674e-03
6.785840 3.31658470e-02 1.42074880e-02 4.73733350e-02 8.11878861e-03 1.67748625e+00 1.48218405e+00 1.26386812e-02 4.283771e-01 8.835745e-01 9.962026e+00 1.277799e+01 2.945019e-01 3.1426e-03 6.1219e-03 -3.6813e-05 0.02600 1.61414e-01 2.67756e-01 4.45901e-01 6.24495e-03
6.835736 3.27392176e-02 1.39983240e-02 4.67375416e-02 8.05711856e-03 1.64163076e+00 1.46164424e+00 1.24131000e-02 4.275705e-01 8.903611e-01 9.861727e+00 1.285103e+01 3.008965e-01 3.1420e-03 6.0589e-03 -3.7166e-05 0.02579 1.59529e-01 2.66843e-01 4.44901e-01 6.16940e-03
6.885632 3.23259898e-02 1.37920389e-02 4.61180287e-02 7.99405038e-03 1.61083201e+00 1.44127586e+00 1.22084315e-02 4.266548e-01 8.947400e-01 9.760053e+00 1.289763e+01 3.072803e-01 3.1379e-03 5.9978e-03 -3.7043e-05 0.02559 1.58951e-01 2.67020e-01 4.44793e-01 6.10438e-03
6.935528 3.19098019e-02 1.35904938e-02 4.55002957e-02 7.93400299e-03 1.58544173e+00 1.42142491e+00 1.20274666e-02 4.259034e-01 8.965482e-01 9.649468e+00 1.265668e+01 3.092166e-01 3.1311e-03 5.9393e-03 -3.3387e-05 0.02548 1.59824e-01 2.68464e-01 4.45789e-01 6.06571e-03
6.985424 3.15043050e-02 1.33899490e-02 4.48942540e-02 7.87830202e-03 1.56248948e+00 1.40094035e+00 1.18537194e-02 4.250197e-01 8.966079e-01 9.516929e+00 1.228206e+01 2.983547e-01 3.1209e-03 5.8845e-03 -3.2863e-05 0.02529 1.61303e-01 2.70314e-01 4.47039e-01 6.11133e-03
7.035320 3.11176312e-02 1.31900904e-02 4.43077216e-02 7.82319675e-03 1.53751322e+00 1.37976173e+00 1.16690998e-02 4.238784e-01 8.973983e-01 9.383512e+00 1.214657e+01 2.972141e-01 3.1073e-03 5.8301e-03 -3.6305e-05 0.02516 1.62107e-01 2.71451e-01 4.47686e-01 6.03526e-03
7.085215 3.07277315e-02 1.29947715e-02 4.37225031e-02 7.76501972e-03 1.50704000e+00 1.35902121e+00 1.14642448e-02 4.229005e-01 9.017818e-01 9.255057e+00 1.209583e+01 3.035191e-01 3.0916e-03 5.7818e-03 -3.7305e-05 0.02514 1.61194e-01 2.71113e-01 4.47340e-01 5.91822e-03
7.135111 3.03468951e-02 1.28025930e-02 4.31494881e-02 7.70386199e-03 1.47406543e+00 1.33854671e+00 1.12504486e-02 4.218749e-01 9.080647e-01 9.109744e+00 1.197728e+01 3.115247e-01 3.0728e-03 5.7425e-03 -3.7699e-05 0.02533 1.59400e-01 2.69999e-01 4.46491e-01 5.82605e-03
7.185007 2.99703495e-02 1.26146306e-02 4.25849801e-02 7.64300733e-03 1.44543725e+00 1.31862128e+00 1.10562341e-02 4.209037e-01 9.122646e-01 8.986666e+00 1.175638e+01 3.225778e-01 3.0521e-03 5.7091e-03 -3.5663e-05 0.02535 1.58779e-01 2.69908e-01 4.46537e-01 5.73347e-03
7.234903 2.95934627e-02 1.24302394e-02 4.20237021e-02 7.58668787e-03 1.42343409e+00 1.29890274e+00 1.08893473e-02 4.200333e-01 9.125134e-01 8.863838e+00 1.137291e+01 3.148255e-01 3.0297e-03 5.6842e-03 -3.2758e-05 0.02552 1.60056e-01 2.71425e-01 4.47850e-01 5.76793e-03
7.284799 2.92370482e-02 1.22458528e-02 4.14829010e-02 7.53422234e-03 1.40260367e+00 1.27848648e+00 1.07243606e-02 4.188471e-01 9.115094e-01 8.723947e+00 1.106185e+01 3.045333e-01 3.0043e-03 5.6654e-03 -3.5053e-05 0.02574 1.61569e-01 2.73022e-01 4.49108e-01 5.77677e-03
7.334695 2.88849922e-02 1.20644266e-02 4.09494188e-02 7.48016365e-03 1.37564146e+00 1.25823810e+00 1.05355182e-02 4.176711e-01 9.146556e-01 8.601381e+00 1.087704e+01 3.104215e-01 2.9774e-03 5.6511e-03 -3.7364e-05 0.02583 1.60988e-01 2.72813e-01 4.49016e-01 5.64045e-03
7.384591 2.85329487e-02 1.18869785e-02 4.04199272e-02 7.42241475e-03 1.34338547e+00 1.23853694e+00 1.03276896e-02 4.166053e-01 9.219520e-01 8.495385e+00 1.068407e+01 3.186128e-01 2.9490e-03 5.6441e-03 -3.7785e-05 0.02596 1.58493e-01 2.70995e-01 4.47766e-01 5.52464e-03
7.434487 2.81925896e-02 1.17126906e-02 3.99052802e-02 7.36430705e-03 1.31485584e+00 1.21927115e+00 1.01365079e-02 4.154528e-01 9.273041e-01 8.391683e+00 1.051595e+01 3.289363e-01 2.9190e-03 5.6429e-03 -3.7388e-05 0.02609 1.57019e-01 2.70084e-01 4.47232e-01 5.43085e-03
7.484382 2.78497698e-02 1.15425899e-02 3.93923597e-02 7.30978732e-03 1.29340920e+00 1.20065198e+00 9.97624471e-03 4.144591e-01 9.282847e-01 8.297458e+00 1.018669e+01 3.277606e-01 2.8879e-03 5.6462e-03 -3.4079e-05 0.02617 1.57763e-01 2.71150e-01 4.48255e-01 5.42420e-03
7.534278 2.75173316e-02 1.13735082e-02 3.88908398e-02 7.25930285e-03 1.27310183e+00 1.18175192e+00 9.81941500e-03 4.133216e-01 9.282462e-01 8.206059e+00 9.766924e+00 3.130819e-01 2.8550e-03 5.6534e-03 -3.3874e-05 0.02631 1.58741e-01 2.72359e-01 4.49270e-01 5.45418e-03
7.584174 2.72001679e-02 1.12053865e-02 3.84055544e-02 7.20987098e-03 1.24807585e+00 1.16263436e+00 9.64284084e-03 4.119602e-01 9.315414e-01 8.105649e+00 9.450461e+00 3.143631e-01 2.8208e-03 5.6607e-03 -3.6878e-05 0.02628 1.57899e-01 2.71959e-01 4.48940e-01 5.31258e-03
7.634070 2.68806781e-02 1.10409447e-02 3.79216228e-02 7.15832942e-03 1.22138125e+00 1.14409423e+00 9.46190193e-03 4.107391e-01 9.367216e-01 8.036104e+00 9.303316e+00 3.196248e-01 2.7866e-03 5.6695e-03 -3.7852e-05 0.02632 1.56252e-01 2.70938e-01 4.48146e-01 5.21834e-03
7.683966 2.65700374e-02 1.08791671e-02 3.74492045e-02 7.10503783e-03 1.19553413e+00 1.12588330e+00 9.28566968e-03 4.094525e-01 9.417408e-01 7.947419e+00 9.140793e+00 3.224912e-01 2.7523e-03 5.6798e-03 -3.8165e-05 0.02640 1.54735e-01 2.70058e-01 4.47437e-01 5.16666e-03
7.733862 2.62629168e-02 1.07208560e-02 3.69837728e-02 7.05326959e-03 1.17142885e+00 1.10821148e+00 9.11856132e-03 4.082127e-01 9.460340e-01 7.867207e+00 8.843579e+00 3.297136e-01 2.7187e-03 5.6888e-03 -3.6081e-05 0.02630 1.53688e-01 2.69653e-01 4.47097e-01 5.06333e-03
7.783758 2.59564767e-02 1.05649648e-02 3.65214415e-02 7.00544105e-03 1.15016235e+00 1.09077261e+00 8.96373981e-03 4.070262e-01 9.483640e-01 7.823185e+00 8.439693e+00 3.200138e-01 2.6865e-03 5.6972e-03 -3.3678e-05 0.02624 1.53518e-01 2.70021e-01 4.47277e-01 5.04483e-03
7.833654 2.56680221e-02 1.04090577e-02 3.60770799e-02 6.96059950e-03 1.13130854e+00 1.07288326e+00 8.81676718e-03 4.055263e-01 9.483560e-01 7.752413e+00 8.541493e+00 3.064720e-01 2.6552e-03 5.7030e-03 -3.5828e-05 0.02621 1.54108e-01 2.70941e-01 4.47684e-01 5.04590e-03
7.883550 2.53831681e-02 1.02554162e-02 3.56385843e-02 6.91520768e-03 1.10916754e+00 1.05516605e+00 8.65733436e-03 4.040243e-01 9.513135e-01 7.692630e+00 8.320257e+00 3.073603e-01 2.6263e-03 5.7053e-03 -3.7878e-05 0.02612 1.53273e-01 2.70639e-01 4.47101e-01 4.93333e-03
7.933445 2.50990782e-02 1.01046152e-02 3.52036934e-02 6.86736473e-03 1.08288032e+00 1.03780791e+00 8.48275290e-03 4.025891e-01 9.583773e-01 7.607360e+00 7.817709e+00 3.111960e-01 2.6005e-03 5.7061e-03 -3.8340e-05 0.02602 1.50613e-01 2.68809e-01 4.45338e-01 4.82055e-03
7.983341 2.48251920e-02 9.95630259e-03 3.47814946e-02 6.81918392e-03 1.05940096e+00 1.02071881e+00 8.32047908e-03 4.010564e-01 9.634868e-01 7.559719e+00 7.583809e+00 3.178454e-01 2.5781e-03 5.7029e-03 -3.7744e-05 0.02586 1.48900e-01 2.67805e-01 4.44169e-01 4.73519e-03
8.033237 2.45495727e-02 9.81111383e-03 3.43606865e-02 6.77403502e-03 1.04089416e+00 1.00402084e+00 8.17966002e-03 3.996450e-01 9.645753e-01 7.498925e+00 7.759275e+00 3.117518e-01 2.5597e-03 5.6959e-03 -3.4776e-05 0.02572 1.49087e-01 2.68457e-01 4.44246e-01 4.71495e-03
8.083133 2.42840960e-02 9.66648289e-03 3.39505789e-02 6.73253141e-03 1.02324757e+00 9.86990201e-01 8.04095110e-03 3.980582e-01 9.645664e-01 7.408006e+00 7.897426e+00 2.931852e-01 2.5443e-03 5.6864e-03 -3.4808e-05 0.02565 1.49499e-01 2.69205e-01 4.44252e-01 4.72553e-03
8.133029 2.40308719e-02 9.52259236e-03 3.35534642e-02 6.69170373e-03 1.00268939e+00 9.69721742e-01 7.88964455e-03 3.962650e-01 9.671208e-01 7.325943e+00 7.769627e+00 2.901490e-01 2.5322e-03 5.6725e-03 -3.7463e-05 0.02543 1.48506e-01 2.68667e-01 4.43148e-01 4.60358e-03
8.182925 2.37759984e-02 9.38152417e-03 3.31575226e-02 6.64863598e-03 9.80602989e-01 9.52754258e-01 7.73342899e-03 3.945796e-01 9.716004e-01 7.269165e+00 7.397727e+00 2.918992e-01 2.5241e-03 5.6556e-03 -3.8417e-05 0.02524 1.46664e-01 2.67403e-01 4.41470e-01 4.51133e-03
8.232821 2.35293597e-02 9.24275582e-03 3.27721155e-02 6.60434528e-03 9.59730710e-01 9.35907143e-01 7.58255141e-03 3.928180e-01 9.751768e-01 7.205730e+00 7.119345e+00 2.927915e-01 2.5192e-03 5.6357e-03 -3.8617e-05 0.02513 1.45204e-01 2.66435e-01 4.39992e-01 4.45460e-03
8.282717 2.32855788e-02 9.10678177e-03 3.23923606e-02 6.56151771e-03 9.40833158e-01 9.19346912e-01 7.44072028e-03 3.910911e-01 9.771625e-01 7.126656e+00 7.135073e+00 2.953873e-01 2.5174e-03 5.6127e-03 -3.6556e-05 0.02493 1.44492e-01 2.66117e-01 4.39019e-01 4.37738e-03
8.332613 2.30426106e-02 8.97266781e-03 3.20152784e-02 6.52135655e-03 9.23636929e-01 9.02803979e-01 7.30576363e-03 3.893946e-01 9.774447e-01 7.050993e+00 7.244612e+00 2.806468e-01 2.5178e-03 5.5879e-03 -3.4595e-05 0.02474 1.44399e-01 2.66282e-01 4.38351e-01 4.36399e-03
8.382508 2.28153460e-02 8.83889855e-03 3.16542446e-02 6.48303812e-03 9.06682323e-01 8.85856033e-01 7.17015343e-03 3.874102e-01 9.770302e-01 6.959520e+00 7.296048e+00 2.678018e-01 2.5193e-03 5.5599e-03 -3.6584e-05 0.02455 1.44247e-01 2.66252e-01 4.37378e-01 4.32578e-03
8.432404 2.25905265e-02 8.70717958e-03 3.12977061e-02 6.44412613e-03 8.88414593e-01 8.68997954e-01 7.02965019e-03 3.854350e-01 9.781446e-01 6.855597e+00 7.127238e+00 2.681923e-01 2.5222e-03 5.5301e-03 -3.8415e-05 0.02436 1.43286e-01 2.65477e-01 4.35786e-01 4.22745e-03
8.482300 2.23669489e-02 8.57797032e-03 3.09449192e-02 6.40306686e-03 8.69368324e-01 8.52320237e-01 6.88675425e-03 3.835110e-01 9.803903e-01 6.751325e+00 6.753692e+00 2.678010e-01 2.5257e-03 5.5000e-03 -3.8898e-05 0.02423 1.41770e-01 2.64196e-01 4.33798e-01 4.16975e-03
8.532196 2.21513118e-02 8.45125020e-03 3.06025620e-02 6.36142186e-03 8.51266214e-01 8.35806956e-01 6.74829268e-03 3.815237e-01 9.818397e-01 6.691788e+00 6.581170e+00 2.729473e-01 2.5294e-03 5.4678e-03 -3.8148e-05 0.02399 1.40547e-01 2.63133e-01 4.31974e-01 4.08986e-03
8.582092 2.19341889e-02 8.32724133e-03 3.02614303e-02 6.32187220e-03 8.35185294e-01 8.19561359e-01 6.61898661e-03 3.796466e-01 9.812929e-01 6.623418e+00 6.695330e+00 2.678767e-01 2.5330e-03 5.4345e-03 -3.5489e-05 0.02377 1.40160e-01 2.62777e-01 4.30687e-01 4.03835e-03
8.631988 2.17262244e-02 8.20411352e-03 2.99303379e-02 6.28490509e-03 8.21134534e-01 8.03089510e-01 6.49689617e-03 3.776134e-01 9.780243e-01 6.540524e+00 6.838328e+00 2.490580e-01 2.5351e-03 5.4010e-03 -3.5702e-05 0.02365 1.40637e-01 2.63033e-01 4.29754e-01 4.05698e-03
8.681884 2.15278977e-02 8.08219957e-03 2.96100973e-02 6.24813599e-03 8.05909888e-01 7.86499558e-01 6.36963778e-03 3.754291e-01 9.759150e-01 6.445289e+00 6.767864e+00 2.449235e-01 2.5355e-03 5.3663e-03 -3.8066e-05 0.02345 1.40296e-01 2.62474e-01 4.28094e-01 3.97976e-03
8.731780 2.13274896e-02 7.96290735e-03 2.92903970e-02 6.20928867e-03 7.88502921e-01 7.70182562e-01 6.23474193e-03 3.733636e-01 9.767656e-01 6.348675e+00 6.408650e+00 2.479602e-01 2.5347e-03 5.3321e-03 -3.8978e-05 0.02322 1.38547e-01 2.60679e-01 4.25466e-01 3.87729e-03
8.781675 2.11342846e-02 7.84601168e-03 2.89802963e-02 6.16906114e-03 7.72453210e-01 7.54058608e-01 6.10604727e-03 3.712457e-01 9.761868e-01 6.250656e+00 6.145000e+00 2.513535e-01 2.5320e-03 5.2977e-03 -3.9062e-05 0.02305 1.37332e-01 2.59291e-01 4.23148e-01 3.82926e-03
8.831571 2.09426671e-02 7.73190399e-03 2.86745711e-02 6.12982672e-03 7.58821671e-01 7.38252585e-01 5.98829702e-03 3.691939e-01 9.728934e-01 6.146916e+00 6.204371e+00 2.533641e-01 2.5277e-03 5.2626e-03 -3.7063e-05 0.02287 1.37290e-01 2.58895e-01 4.21621e-01 3.78623e-03
8.881467 2.07518062e-02 7.61967873e-03 2.83714849e-02 6.09269693e-03 7.45874609e-01 7.22556467e-01 5.87372430e-03 3.671815e-01 9.687372e-01 6.036686e+00 6.296225e+00 2.396440e-01 2.5211e-03 5.2283e-03 -3.5471e-05 0.02271 1.37421e-01 2.58586e-01 4.20115e-01 3.77297e-03
8.931363 2.05736188e-02 7.50833197e-03 2.80819507e-02 6.05663390e-03 7.32182220e-01 7.06745291e-01 5.75571005e-03 3.649495e-01 9.652587e-01 5.918985e+00 6.276436e+00 2.300915e-01 2.5117e-03 5.1934e-03 -3.7298e-05 0.02251 1.36859e-01 2.57554e-01 4.17930e-01 3.71007e-03
8.981259 2.03966685e-02 7.39916765e-03 2.77958361e-02 6.01954936e-03 7.18566217e-01 6.91178278e-01 5.63897798e-03 3.627635e-01 9.618853e-01 5.801944e+00 6.100674e+00 2.327230e-01 2.5004e-03 5.1582e-03 -3.8944e-05 0.02232 1.36099e-01 2.56292e-01 4.15538e-01 3.64033e-03
9.031155 2.02206950e-02 7.29252894e-03 2.75132239e-02 5.98074383e-03 7.05444116e-01 6.75913722e-01 5.52543135e-03 3.606468e-01 9.581393e-01 5.687203e+00 5.816789e+00 2.352989e-01 2.4871e-03 5.1240e-03 -3.9412e-05 0.02220 1.35433e-01 2.55068e-01 4.13197e-01 3.61403e-03
9.081051 2.00505158e-02 7.18839769e-03 2.72389134e-02 5.94157287e-03 6.92382045e-01 6.60966483e-01 5.41339411e-03 3.585144e-01 9.546268e-01 5.569165e+00 5.667136e+00 2.428816e-01 2.4720e-03 5.0897e-03 -3.8540e-05 0.02202 1.34584e-01 2.53668e-01 4.10754e-01 3.54183e-03
9.130947 1.98782293e-02 7.08676624e-03 2.69649956e-02 5.90372102e-03 6.80428832e-01 6.46384235e-01 5.30725227e-03 3.565089e-01 9.499660e-01 5.451004e+00 5.722756e+00 2.395213e-01 2.4555e-03 5.0554e-03 -3.6176e-05 0.02182 1.34192e-01 2.52660e-01 4.08642e-01 3.49486e-03
9.180843 1.97138367e-02 6.98637079e-03 2.67002075e-02 5.86761536e-03 6.70119005e-01 6.31856026e-01 5.20790012e-03 3.543892e-01 9.429012e-01 5.328918e+00 5.822738e+00 2.248926e-01 2.4368e-03 5.0210e-03 -3.6510e-05 0.02171 1.34624e-01 2.52262e-01 4.06945e-01 3.50946e-03
9.230738 1.95565427e-02 6.88747452e-03 2.64440172e-02 5.83170776e-03 6.59159421e-01 6.17481244e-01 5.10656266e-03 3.521826e-01 9.367707e-01 5.214824e+00 5.741007e+00 2.247833e-01 2.4164e-03 4.9860e-03 -3.8612e-05 0.02157 1.34387e-01 2.51202e-01 4.04687e-01 3.45293e-03
9.280634 1.93966553e-02 6.79099487e-03 2.61876501e-02 5.79406186e-03 6.47051182e-01 6.03493491e-01 5.00217869e-03 3.501116e-01 9.326828e-01 5.104475e+00 5.440759e+00 2.304166e-01 2.3952e-03 4.9520e-03 -3.9480e-05 0.02143 1.33129e-01 2.49244e-01 4.01754e-01 3.37549e-03
9.330530 1.92423035e-02 6.69685713e-03 2.59391606e-02 5.75506331e-03 6.36089326e-01 5.89858354e-01 4.90379072e-03 3.480278e-01 9.273200e-01 4.991677e+00 5.230650e+00 2.376099e-01 2.3731e-03 4.9184e-03 -3.9452e-05 0.02129 1.32449e-01 2.47762e-01 3.99253e-01 3.34366e-03
9.380426 1.90883195e-02 6.60526582e-03 2.56935853e-02 5.71683812e-03 6.26246960e-01 5.76652259e-01 4.81159687e-03 3.460371e-01 9.208065e-01 4.878683e+00 5.242366e+00 2.434198e-01 2.3506e-03 4.8849e-03 -3.7525e-05 0.02115 1.32345e-01 2.46793e-01 3.97232e-01 3.30276e-03
9.430322 1.89348475e-02 6.51542945e-03 2.54502769e-02 5.68046158e-03 6.17081485e-01 5.63712713e-01 4.72317679e-03 3.440973e-01 9.135142e-01 4.765983e+00 5.326538e+00 2.326058e-01 2.3276e-03 4.8522e-03 -3.6237e-05 0.02108 1.32490e-01 2.46013e-01 3.95368e-01 3.29772e-03
9.480218 1.87912498e-02 6.42670069e-03 2.52179505e-02 5.64480998e-03 6.07839790e-01 5.50911204e-01 4.63500398e-03 3.420050e-01 9.063428e-01 4.653634e+00 5.302298e+00 2.262248e-01 2.3038e-03 4.8195e-03 -3.7918e-05 0.02096 1.32339e-01 2.44896e-01 3.93195e-01 3.26395e-03
9.530114 1.86475476e-02 6.33995582e-03 2.49875034e-02 5.60810743e-03 5.98051185e-01 5.38471900e-01 4.54609234e-03 3.399887e-01 9.003776e-01 4.541171e+00 5.118307e+00 2.330152e-01 2.2802e-03 4.7875e-03 -3.9398e-05 0.02082 1.31548e-01 2.43199e-01 3.90587e-01 3.19520e-03
9.580010 1.85044647e-02 6.25543734e-03 2.47599021e-02 5.57011806e-03 5.88774452e-01 5.26428603e-01 4.46081222e-03 3.380502e-01 8.941091e-01 4.428342e+00 4.899329e+00 2.395676e-01 2.2571e-03 4.7573e-03 -3.9816e-05 0.02076 1.30953e-01 2.41666e-01 3.88184e-01 3.16837e-03
9.629905 1.83654443e-02 6.17315270e-03 2.45385970e-02 5.53203974e-03 5.80216291e-01 5.14786800e-01 4.38001236e-03 3.361287e-01 8.872326e-01 4.315312e+00 4.802543e+00 2.494062e-01 2.2345e-03 4.7281e-03 -3.8864e-05 0.02068 1.30735e-01 2.40480e-01 3.86149e-01 3.13463e-03
9.679801 1.82236857e-02 6.09294194e-03 2.43166277e-02 5.49507487e-03 5.72117621e-01 5.03541713e-01 4.30263734e-03 3.343419e-01 8.801367e-01 4.308211e+00 4.846056e+00 2.478196e-01 2.2126e-03 4.7005e-03 -3.6771e-05 0.02056 1.30673e-01 2.39455e-01 3.84311e-01 3.10627e-03
9.729697 1.80885487e-02 6.01386912e-03 2.41024178e-02 5.45944636e-03 5.64346896e-01 4.92504133e-01 4.22740411e-03 3.324683e-01 8.726975e-01 4.311510e+00 4.888826e+00 2.370543e-01 2.1911e-03 4.6742e-03 -3.7177e-05 0.02048 1.30650e-01 2.38423e-01 3.82454e-01 3.09577e-03
9.779593 1.79584657e-02 5.93617737e-03 2.38946431e-02 5.42394506e-03 5.56647605e-01 4.81739015e-01 4.15354648e-03 3.305504e-01 8.654291e-01 4.313724e+00 4.801490e+00 2.397273e-01 2.1701e-03 4.6486e-03 -3.9050e-05 0.02040 1.30480e-01 2.37231e-01 3.80479e-01 3.06193e-03
9.829489 1.78256337e-02 5.86046328e-03 2.36860970e-02 5.38725979e-03 5.48796235e-01 4.71368873e-01 4.08066043e-03 3.287661e-01 8.589142e-01 4.315618e+00 4.615117e+00 2.471376e-01 2.1503e-03 4.6252e-03 -3.9873e-05 0.02035 1.30009e-01 2.35786e-01 3.78377e-01 3.02404e-03
9.879385 1.76968450e-02 5.78666607e-03 2.34835111e-02 5.34968099e-03 5.41060797e-01 4.61373021e-01 4.00973527e-03 3.269886e-01 8.527194e-01 4.315973e+00 4.448470e+00 2.565272e-01 2.1314e-03 4.6037e-03 -3.9736e-05 0.02026 1.29478e-01 2.34313e-01 3.76345e-01 2.98812e-03
9.929281 1.75675856e-02 5.71487791e-03 2.32824635e-02 5.31273574e-03 5.33821090e-01 4.51784304e-01 3.94242157e-03 3.253081e-01 8.463216e-01 4.316334e+00 4.428041e+00 2.632111e-01 2.1136e-03 4.5836e-03 -3.7897e-05 0.02015 1.29196e-01 2.33110e-01 3.74630e-01 2.95084e-03
9.979177 1.74386802e-02 5.64446806e-03 2.30831482e-02 5.27739426e-03 5.27630403e-01 4.42482500e-01 3.88045162e-03 3.236752e-01 8.386221e-01 4.316949e+00 4.518441e+00 2.538346e-01 2.0966e-03 4.5651e-03 -3.6865e-05 0.02011 1.29655e-01 2.32569e-01 3.73487e-01 2.96573e-03
10.000121 1.73872984e-02 5.61516163e-03 2.30024600e-02 5.26289504e-03 5.25138863e-01 4.38633662e-01 3.85509010e-03 3.229462e-01 8.352718e-01 4.316673e+00 4.529292e+00 2.499658e-01 2.0896e-03 4.5575e-03 -3.7331e-05 0.02009 1.29891e-01 2.32373e-01 3.73028e-01 2.97253e-03
