# tg_mhd (CUDA FP64)  tgc_noslip_cond_n128_re125  N=128 L=128 Re=125 Pm=1 u0=0.05 nu_lat=1.617014e-02 eta_lat=1.617014e-02 tau_f=0.548510 tau_m=0.564681 dt=1.236848e-03 fw=profile
# t E_V E_M E_T H_C Omega_V Omega_M eps EM/EV OmM/OmV j_max w_max skew divb/j divb_wall/j mass_drift umax_lat fw1 fw2 fw4 tau_wall
0.000000 1.21093992e-01 1.25000000e-01 2.46093992e-01 1.57384064e-20 1.77720037e+01 1.49877657e+00 3.08332485e-01 1.032256e+00 8.433357e-02 3.462159e+00 6.061484e+01 6.504533e-19 1.8473e-15 3.2481e-15 +0.0000e+00 0.04997 9.13920e-01 9.25350e-01 9.48117e-01 2.33679e-01
0.049474 1.13490555e-01 1.23323431e-01 2.36813987e-01 -4.40703091e-05 5.98892509e+00 1.48488938e+00 1.19581032e-01 1.086640e+00 2.479392e-01 3.508301e+00 2.668566e+01 1.624619e-01 5.9840e-04 2.0312e-03 -2.7901e-05 0.05001 7.80060e-01 8.09225e-01 8.67346e-01 1.00050e-01
0.098948 1.09491739e-01 1.22313245e-01 2.31804984e-01 -8.72715828e-05 4.39919241e+00 1.48635174e+00 9.41687064e-02 1.117100e+00 3.378692e-01 3.573987e+00 2.146962e+01 1.116274e-01 8.4916e-04 2.8900e-03 -4.5344e-06 0.05052 7.18912e-01 7.58185e-01 8.32139e-01 7.40393e-02
0.148422 1.06281958e-01 1.21241520e-01 2.27523477e-01 -1.31085475e-04 3.63804195e+00 1.49221840e+00 8.20841656e-02 1.140754e+00 4.101708e-01 3.659790e+00 1.737881e+01 7.131130e-02 9.9897e-04 3.4754e-03 +1.9461e-05 0.04953 6.70444e-01 7.22015e-01 8.07391e-01 6.14510e-02
0.197896 1.03689790e-01 1.19852974e-01 2.23542764e-01 -2.03538506e-04 3.17188643e+00 1.49811490e+00 7.47200212e-02 1.155880e+00 4.723104e-01 3.728229e+00 1.545820e+01 3.907781e-02 1.1069e-03 3.9286e-03 -2.5277e-05 0.04919 6.27832e-01 6.93135e-01 7.87496e-01 5.32646e-02
0.247370 1.01392184e-01 1.18804115e-01 2.20196299e-01 -2.89645267e-04 2.88166964e+00 1.51183816e+00 7.02961249e-02 1.171729e+00 5.246397e-01 3.785065e+00 1.513795e+01 8.676858e-02 1.1840e-03 4.2569e-03 -1.6172e-05 0.04955 5.92221e-01 6.70700e-01 7.72435e-01 4.78313e-02
0.296843 9.91746573e-02 1.17681415e-01 2.16856072e-01 -3.57530229e-04 2.64644999e+00 1.52792248e+00 6.67899595e-02 1.186608e+00 5.773480e-01 3.865811e+00 1.314046e+01 2.116018e-01 1.2453e-03 4.5213e-03 -1.5906e-05 0.04869 5.58088e-01 6.49233e-01 7.58310e-01 4.40712e-02
0.346317 9.70445680e-02 1.16296512e-01 2.13341080e-01 -4.15875397e-04 2.45899746e+00 1.54409471e+00 6.40494748e-02 1.198383e+00 6.279367e-01 3.962429e+00 1.268810e+01 2.501237e-01 1.2950e-03 4.7357e-03 -2.7677e-05 0.04793 5.26553e-01 6.29229e-01 7.45459e-01 4.10652e-02
0.395791 9.50375880e-02 1.15304995e-01 2.10342583e-01 -5.01128271e-04 2.34457623e+00 1.56766528e+00 6.25958641e-02 1.213257e+00 6.686348e-01 4.045081e+00 1.262678e+01 2.055381e-01 1.3420e-03 4.9227e-03 +9.9476e-06 0.04750 5.02197e-01 6.13885e-01 7.36383e-01 3.84219e-02
0.445265 9.32310602e-02 1.13994899e-01 2.07225959e-01 -5.85240947e-04 2.24487603e+00 1.58970220e+00 6.13532516e-02 1.222714e+00 7.081470e-01 4.128597e+00 1.188228e+01 2.142258e-01 1.3740e-03 5.0530e-03 -5.7350e-06 0.04728 4.78793e-01 5.98292e-01 7.26969e-01 3.71933e-02
0.494739 9.15149742e-02 1.12718551e-01 2.04233525e-01 -6.40583679e-04 2.14045012e+00 1.61386158e+00 6.00689871e-02 1.231695e+00 7.539823e-01 4.186251e+00 1.169583e+01 1.870641e-01 1.4102e-03 5.1921e-03 -2.9510e-05 0.04608 4.54037e-01 5.80668e-01 7.16312e-01 3.48926e-02
0.544213 8.98335259e-02 1.11554398e-01 2.01387924e-01 -6.90968159e-04 2.06297029e+00 1.64193107e+00 5.92784218e-02 1.241790e+00 7.959063e-01 4.261568e+00 1.122127e+01 2.496992e-01 1.4399e-03 5.2860e-03 -1.4378e-05 0.04582 4.32825e-01 5.65012e-01 7.07448e-01 3.35424e-02
0.593687 8.82049593e-02 1.10169193e-01 1.98374152e-01 -7.63015113e-04 2.00596619e+00 1.66917612e+00 5.88022769e-02 1.249014e+00 8.321058e-01 4.331323e+00 1.113334e+01 3.100773e-01 1.4682e-03 5.3733e-03 -2.9181e-05 0.04558 4.14616e-01 5.50936e-01 6.99661e-01 3.23732e-02
0.643161 8.65673013e-02 1.08878141e-01 1.95445442e-01 -8.13928939e-04 1.93302816e+00 1.70005960e+00 5.81294042e-02 1.257728e+00 8.794800e-01 4.399161e+00 1.097578e+01 3.197166e-01 1.4977e-03 5.4502e-03 -1.4226e-05 0.04498 3.93703e-01 5.34341e-01 6.90498e-01 3.08756e-02
0.692635 8.49973319e-02 1.07582696e-01 1.92580028e-01 -8.46033861e-04 1.91043897e+00 1.73204865e+00 5.82798019e-02 1.265719e+00 9.066234e-01 4.442955e+00 1.064183e+01 3.020195e-01 1.5290e-03 5.5190e-03 +5.4350e-06 0.04424 3.80912e-01 5.23565e-01 6.85231e-01 3.06965e-02
0.742109 8.35800997e-02 1.06048803e-01 1.89628902e-01 -8.65167495e-04 1.87711688e+00 1.76079513e+00 5.82065921e-02 1.268828e+00 9.380317e-01 4.490495e+00 1.079711e+01 2.919268e-01 1.5591e-03 5.5696e-03 -2.4569e-05 0.04410 3.66120e-01 5.10619e-01 6.78124e-01 2.98366e-02
0.791582 8.22341238e-02 1.04632002e-01 1.86866126e-01 -8.83731690e-04 1.82806061e+00 1.79209933e+00 5.79225590e-02 1.272367e+00 9.803282e-01 4.521536e+00 1.063355e+01 3.110976e-01 1.5948e-03 5.6078e-03 -2.4590e-05 0.04344 3.48718e-01 4.95393e-01 6.69697e-01 2.82887e-02
0.841056 8.08725959e-02 1.03117891e-01 1.83990486e-01 -8.94942482e-04 1.79437155e+00 1.82349902e+00 5.78859292e-02 1.275066e+00 1.016233e+00 4.540032e+00 1.039163e+01 3.711196e-01 1.6318e-03 5.6363e-03 -2.2133e-05 0.04313 3.34122e-01 4.82077e-01 6.62563e-01 2.78866e-02
0.890530 7.95286625e-02 1.01483948e-01 1.81012611e-01 -8.84722933e-04 1.76907102e+00 1.85370918e+00 5.79644832e-02 1.276068e+00 1.047843e+00 4.542605e+00 1.051428e+01 3.882365e-01 1.6743e-03 5.6715e-03 -2.9999e-05 0.04272 3.21229e-01 4.69829e-01 6.56153e-01 2.70485e-02
0.940004 7.82521154e-02 9.99240045e-02 1.78176120e-01 -8.56452380e-04 1.74847571e+00 1.88561323e+00 5.81454230e-02 1.276950e+00 1.078433e+00 4.555829e+00 1.039443e+01 3.783272e-01 1.7230e-03 5.6931e-03 -4.2536e-06 0.04215 3.09455e-01 4.58586e-01 6.50702e-01 2.64924e-02
0.989478 7.70642881e-02 9.82117966e-02 1.75276085e-01 -8.24466331e-04 1.73891322e+00 1.91376594e+00 5.84428666e-02 1.274414e+00 1.100553e+00 4.638173e+00 1.018849e+01 3.706832e-01 1.7752e-03 5.7075e-03 -1.0135e-05 0.04158 2.99763e-01 4.48632e-01 6.45745e-01 2.65334e-02
1.038952 7.59495455e-02 9.63999827e-02 1.72349528e-01 -7.68743613e-04 1.70763240e+00 1.93933682e+00 5.83515075e-02 1.269263e+00 1.135688e+00 4.748812e+00 1.004818e+01 3.689283e-01 1.8325e-03 5.7166e-03 -3.0475e-05 0.04078 2.86066e-01 4.35254e-01 6.38389e-01 2.51903e-02
1.088426 7.48698911e-02 9.46324831e-02 1.69502374e-01 -7.00968420e-04 1.69785479e+00 1.96532179e+00 5.86108252e-02 1.263959e+00 1.157532e+00 4.869744e+00 1.019011e+01 3.841720e-01 1.8959e-03 5.7165e-03 -2.3420e-05 0.04056 2.76967e-01 4.25642e-01 6.33804e-01 2.50130e-02
1.137900 7.38238209e-02 9.27368154e-02 1.66560636e-01 -6.28296345e-04 1.67880943e+00 1.98787736e+00 5.86669885e-02 1.256191e+00 1.184099e+00 5.007159e+00 1.010715e+01 4.034076e-01 1.9611e-03 5.7066e-03 -3.0485e-05 0.04019 2.66405e-01 4.14736e-01 6.28434e-01 2.42811e-02
1.187374 7.27853788e-02 9.08274069e-02 1.63612786e-01 -5.44233381e-04 1.65149550e+00 2.00986166e+00 5.85817146e-02 1.247880e+00 1.216995e+00 5.153404e+00 9.780517e+00 4.163530e-01 2.0324e-03 5.7014e-03 -2.1473e-05 0.03931 2.54561e-01 4.02936e-01 6.22874e-01 2.32898e-02
1.236848 7.17864855e-02 8.89094276e-02 1.60695913e-01 -4.51157981e-04 1.65459996e+00 2.02988528e+00 5.89517637e-02 1.238526e+00 1.226813e+00 5.300048e+00 9.921813e+00 3.827778e-01 2.1069e-03 5.6960e-03 -5.3214e-06 0.03888 2.49226e-01 3.96423e-01 6.20716e-01 2.36858e-02
1.286321 7.08871144e-02 8.68604447e-02 1.57747559e-01 -3.26191147e-04 1.64229837e+00 2.04320659e+00 5.89680793e-02 1.225335e+00 1.244114e+00 5.455018e+00 9.557553e+00 3.560687e-01 2.1805e-03 5.6691e-03 -2.4675e-05 0.03796 2.41070e-01 3.87364e-01 6.16491e-01 2.31098e-02
1.335795 7.00309218e-02 8.48169241e-02 1.54847846e-01 -1.85503376e-04 1.61684581e+00 2.05474320e+00 5.87454242e-02 1.211135e+00 1.270834e+00 5.603398e+00 9.247886e+00 3.663943e-01 2.2581e-03 5.6359e-03 -2.9432e-05 0.03701 2.30647e-01 3.76614e-01 6.11450e-01 2.20263e-02
1.385269 6.91642321e-02 8.27530542e-02 1.51917286e-01 -7.07503653e-05 1.60674793e+00 2.06391227e+00 5.87305633e-02 1.196472e+00 1.284528e+00 5.737874e+00 9.579583e+00 3.676379e-01 2.3387e-03 5.5975e-03 -2.7190e-05 0.03690 2.23980e-01 3.69005e-01 6.08567e-01 2.18347e-02
1.434743 6.83122276e-02 8.06477631e-02 1.48959991e-01 4.87690693e-05 1.58979295e+00 2.06910136e+00 5.85423090e-02 1.180576e+00 1.301491e+00 5.869142e+00 9.396558e+00 3.730773e-01 2.4213e-03 5.5544e-03 -3.1917e-05 0.03642 2.16417e-01 3.60685e-01 6.05295e-01 2.11947e-02
1.484217 6.74780567e-02 7.85792563e-02 1.46057313e-01 2.05465977e-04 1.57024100e+00 2.07280344e+00 5.82887110e-02 1.164516e+00 1.320054e+00 6.011735e+00 8.843339e+00 3.612892e-01 2.5102e-03 5.5143e-03 -1.3818e-05 0.03529 2.08802e-01 3.52696e-01 6.02546e-01 2.05605e-02
1.533691 6.66850978e-02 7.64558875e-02 1.43140985e-01 3.66776158e-04 1.56678686e+00 2.07062339e+00 5.81985641e-02 1.146521e+00 1.321573e+00 6.128375e+00 8.838580e+00 3.230184e-01 2.6015e-03 5.4637e-03 -1.4968e-05 0.03464 2.05123e-01 3.47839e-01 6.01370e-01 2.08633e-02
1.583165 6.59308369e-02 7.43109305e-02 1.40241767e-01 5.28399303e-04 1.54329678e+00 2.06295710e+00 5.77000621e-02 1.127104e+00 1.336721e+00 6.215122e+00 8.460713e+00 3.129976e-01 2.6974e-03 5.3955e-03 -3.1200e-05 0.03455 1.97587e-01 3.39748e-01 5.97804e-01 1.98673e-02
1.632639 6.51792945e-02 7.22136784e-02 1.37392973e-01 6.87681965e-04 1.52404958e+00 2.05337194e+00 5.72387443e-02 1.107924e+00 1.347313e+00 6.286459e+00 8.426847e+00 3.144349e-01 2.8016e-03 5.3286e-03 -2.8737e-05 0.03483 1.91516e-01 3.33167e-01 5.95260e-01 1.93215e-02
1.682113 6.44288663e-02 7.01053135e-02 1.34534180e-01 8.49780881e-04 1.50731075e+00 2.03899695e+00 5.67409233e-02 1.088104e+00 1.352738e+00 6.405728e+00 8.388371e+00 3.062586e-01 2.9107e-03 5.2560e-03 -3.2266e-05 0.03539 1.86613e-01 3.27670e-01 5.93354e-01 1.90795e-02
1.731587 6.36646598e-02 6.80311203e-02 1.31695780e-01 1.01487236e-03 1.48468496e+00 2.02144159e+00 5.60980248e-02 1.068585e+00 1.361529e+00 6.516714e+00 8.025219e+00 3.035708e-01 3.0271e-03 5.1856e-03 -2.6507e-05 0.03540 1.80940e-01 3.21861e-01 5.91400e-01 1.83893e-02
1.781060 6.29024611e-02 6.59967421e-02 1.28899203e-01 1.18193083e-03 1.46910662e+00 2.00000131e+00 5.55057269e-02 1.049192e+00 1.361372e+00 6.582402e+00 7.791644e+00 2.727630e-01 3.1512e-03 5.1167e-03 -1.3341e-05 0.03571 1.77380e-01 3.18069e-01 5.90395e-01 1.82094e-02
1.830534 6.21844006e-02 6.39559935e-02 1.26140394e-01 1.36574811e-03 1.45136945e+00 1.97164673e+00 5.47682588e-02 1.028489e+00 1.358473e+00 6.581050e+00 7.419885e+00 2.405439e-01 3.2774e-03 5.0377e-03 -2.5314e-05 0.03600 1.73701e-01 3.14070e-01 5.88597e-01 1.79979e-02
1.880008 6.14718031e-02 6.19621194e-02 1.23433923e-01 1.56182262e-03 1.42701048e+00 1.93943565e+00 5.38631381e-02 1.007976e+00 1.359090e+00 6.529742e+00 7.065247e+00 2.309356e-01 3.4077e-03 4.9538e-03 -3.2195e-05 0.03589 1.68896e-01 3.09383e-01 5.86216e-01 1.73529e-02
1.929482 6.07382133e-02 6.00175877e-02 1.20755801e-01 1.73229443e-03 1.40753811e+00 1.90364112e+00 5.29788677e-02 9.881355e-01 1.352462e+00 6.463158e+00 7.308154e+00 2.203169e-01 3.5376e-03 4.8710e-03 -3.1075e-05 0.03614 1.65768e-01 3.06394e-01 5.84816e-01 1.70295e-02
1.978956 6.00028379e-02 5.81136951e-02 1.18116533e-01 1.89221593e-03 1.38350331e+00 1.86370508e+00 5.19553343e-02 9.685158e-01 1.347091e+00 6.416285e+00 7.070062e+00 2.127808e-01 3.6604e-03 4.7905e-03 -3.3178e-05 0.03610 1.61889e-01 3.02993e-01 5.83015e-01 1.64574e-02
2.028430 5.92521337e-02 5.62810306e-02 1.15533164e-01 2.06940986e-03 1.36178424e+00 1.82174356e+00 5.09364449e-02 9.498566e-01 1.337762e+00 6.393216e+00 6.656081e+00 1.962245e-01 3.7746e-03 4.7238e-03 -2.0711e-05 0.03596 1.58919e-01 3.00781e-01 5.81850e-01 1.60713e-02
2.077904 5.85132801e-02 5.44868628e-02 1.13000143e-01 2.26203792e-03 1.34633792e+00 1.77534704e+00 4.99469594e-02 9.311880e-01 1.318649e+00 6.345325e+00 6.384052e+00 1.596017e-01 3.8690e-03 4.6547e-03 -1.9272e-05 0.03598 1.57881e-01 3.00208e-01 5.81197e-01 1.62159e-02
2.127378 5.77990704e-02 5.27327385e-02 1.10531809e-01 2.45550470e-03 1.32262022e+00 1.72525274e+00 4.87659674e-02 9.123458e-01 1.304420e+00 6.256005e+00 6.018995e+00 1.419096e-01 3.9378e-03 4.5774e-03 -3.1580e-05 0.03577 1.54814e-01 2.97897e-01 5.78987e-01 1.55732e-02
2.176852 5.70709434e-02 5.10544424e-02 1.08125386e-01 2.63169578e-03 1.29884726e+00 1.67478934e+00 4.75781856e-02 8.945786e-01 1.289443e+00 6.171529e+00 6.051247e+00 1.362770e-01 3.9814e-03 4.5058e-03 -3.2201e-05 0.03556 1.51925e-01 2.96012e-01 5.76873e-01 1.50883e-02
2.226326 5.63331797e-02 4.94325414e-02 1.05765721e-01 2.79453008e-03 1.27851323e+00 1.62347663e+00 4.64318378e-02 8.775031e-01 1.269816e+00 6.101329e+00 6.110333e+00 1.300000e-01 3.9932e-03 4.4448e-03 -3.3959e-05 0.03543 1.50226e-01 2.95235e-01 5.75237e-01 1.48631e-02
2.275799 5.55855983e-02 4.78732378e-02 1.03458836e-01 2.96795024e-03 1.25616513e+00 1.57243553e+00 4.52576107e-02 8.612525e-01 1.251775e+00 6.000049e+00 5.737818e+00 1.240840e-01 3.9741e-03 4.3911e-03 -2.9998e-05 0.03508 1.48112e-01 2.94318e-01 5.73376e-01 1.44425e-02
2.325273 5.48284767e-02 4.63809418e-02 1.01209418e-01 3.14602803e-03 1.23644509e+00 1.52221202e+00 4.41385137e-02 8.459280e-01 1.231120e+00 5.883794e+00 5.473106e+00 1.030618e-01 3.9274e-03 4.3434e-03 -1.9446e-05 0.03484 1.46878e-01 2.94292e-01 5.71801e-01 1.42271e-02
2.374747 5.40986267e-02 4.49305507e-02 9.90291774e-02 3.32291963e-03 1.21697957e+00 1.47149279e+00 4.30155579e-02 8.305303e-01 1.209135e+00 5.779104e+00 5.283192e+00 7.871043e-02 3.8542e-03 4.2986e-03 -2.6584e-05 0.03458 1.45750e-01 2.94070e-01 5.69545e-01 1.40826e-02
2.424221 5.33727807e-02 4.35399609e-02 9.69127415e-02 3.50121556e-03 1.19514468e+00 1.42202490e+00 4.18747133e-02 8.157709e-01 1.189835e+00 5.672711e+00 5.153386e+00 7.166479e-02 3.7636e-03 4.2541e-03 -3.3841e-05 0.03422 1.43942e-01 2.93213e-01 5.66588e-01 1.36532e-02
2.473695 5.26330847e-02 4.22104372e-02 9.48435219e-02 3.66875316e-03 1.17321725e+00 1.37463753e+00 4.07656763e-02 8.019754e-01 1.171682e+00 5.553463e+00 5.345623e+00 6.918246e-02 3.6615e-03 4.2144e-03 -3.3695e-05 0.03397 1.42194e-01 2.92488e-01 5.63638e-01 1.33452e-02
2.523169 5.18948627e-02 4.09290677e-02 9.28239304e-02 3.82094336e-03 1.15109570e+00 1.32903543e+00 3.96820980e-02 7.886921e-01 1.154583e+00 5.419319e+00 5.241052e+00 6.786237e-02 3.5530e-03 4.1864e-03 -3.4597e-05 0.03381 1.40461e-01 2.91770e-01 5.60613e-01 1.29755e-02
2.572643 5.11454139e-02 3.97079753e-02 9.08533892e-02 3.97397060e-03 1.13041955e+00 1.28586502e+00 3.86605531e-02 7.763741e-01 1.137511e+00 5.315542e+00 4.957824e+00 5.966351e-02 3.4464e-03 4.1684e-03 -2.5742e-05 0.03356 1.39283e-01 2.91625e-01 5.57887e-01 1.26792e-02
2.622117 5.04058876e-02 3.85309980e-02 8.89368856e-02 4.13783751e-03 1.11259097e+00 1.24380444e+00 3.77023266e-02 7.644146e-01 1.117935e+00 5.207593e+00 4.809215e+00 3.668241e-02 3.3431e-03 4.1547e-03 -2.2908e-05 0.03344 1.39106e-01 2.92086e-01 5.55304e-01 1.27073e-02
2.671591 4.96929748e-02 3.73905655e-02 8.70835404e-02 4.30861951e-03 1.09247073e+00 1.20261816e+00 3.67214222e-02 7.524316e-01 1.100824e+00 5.082326e+00 4.545438e+00 2.077483e-02 3.2453e-03 4.1402e-03 -3.2079e-05 0.03315 1.38100e-01 2.91556e-01 5.51903e-01 1.24834e-02
2.721065 4.89749573e-02 3.63013532e-02 8.52763105e-02 4.46226534e-03 1.07032793e+00 1.16350588e+00 3.57413410e-02 7.412228e-01 1.087056e+00 4.950687e+00 4.525341e+00 1.991745e-02 3.1568e-03 4.1262e-03 -3.4524e-05 0.03298 1.36383e-01 2.90440e-01 5.48175e-01 1.20428e-02
2.770538 4.82572654e-02 3.52524846e-02 8.35097500e-02 4.59463906e-03 1.04869666e+00 1.12613293e+00 3.47972734e-02 7.305114e-01 1.073840e+00 4.825754e+00 4.612938e+00 2.391210e-02 3.0768e-03 4.1242e-03 -3.5494e-05 0.03306 1.34867e-01 2.89418e-01 5.44565e-01 1.17420e-02
2.820012 4.75405111e-02 3.42445546e-02 8.17850657e-02 4.73007246e-03 1.02829381e+00 1.09058867e+00 3.39021197e-02 7.203237e-01 1.060581e+00 4.733590e+00 4.380477e+00 2.268645e-02 3.0054e-03 4.1328e-03 -3.2440e-05 0.03287 1.33862e-01 2.88840e-01 5.41367e-01 1.15095e-02
2.869486 4.68224851e-02 3.32783937e-02 8.01008788e-02 4.87480128e-03 1.01003727e+00 1.05663174e+00 3.30667042e-02 7.107353e-01 1.046131e+00 4.629903e+00 4.154234e+00 8.411780e-03 2.9411e-03 4.1444e-03 -2.4223e-05 0.03277 1.33743e-01 2.88996e-01 5.38747e-01 1.14307e-02
2.918960 4.61308938e-02 3.23391560e-02 7.84700497e-02 5.01640697e-03 9.92311327e-01 1.02320543e+00 3.22482682e-02 7.010303e-01 1.031133e+00 4.519284e+00 3.950565e+00 -8.685856e-03 2.8811e-03 4.1582e-03 -2.8215e-05 0.03271 1.33786e-01 2.88938e-01 5.35916e-01 1.13735e-02
2.968434 4.54537514e-02 3.14345729e-02 7.68883243e-02 5.15078517e-03 9.72078525e-01 9.90872682e-01 3.14072193e-02 6.915727e-01 1.019334e+00 4.400192e+00 3.798421e+00 -1.404856e-02 2.8258e-03 4.1706e-03 -3.4735e-05 0.03252 1.32708e-01 2.87778e-01 5.32388e-01 1.10302e-02
3.017908 4.47731085e-02 3.05666494e-02 7.53397578e-02 5.27381995e-03 9.51345672e-01 9.60073131e-01 3.05827008e-02 6.827011e-01 1.009174e+00 4.284421e+00 3.848774e+00 -9.442568e-03 2.7747e-03 4.1873e-03 -3.5596e-05 0.03243 1.31377e-01 2.86422e-01 5.28903e-01 1.07540e-02
3.067382 4.41023738e-02 2.97259988e-02 7.38283726e-02 5.38769710e-03 9.31756844e-01 9.30536235e-01 2.97966893e-02 6.740226e-01 9.986900e-01 4.165054e+00 3.842024e+00 -2.476668e-03 2.7264e-03 4.2138e-03 -3.5932e-05 0.03228 1.30541e-01 2.85439e-01 5.25860e-01 1.05493e-02
3.116856 4.34307610e-02 2.89181400e-02 7.23489010e-02 5.49876782e-03 9.13628601e-01 9.02366778e-01 2.90559261e-02 6.658447e-01 9.876735e-01 4.073604e+00 3.715135e+00 -5.660079e-03 2.6810e-03 4.2429e-03 -2.9402e-05 0.03202 1.30351e-01 2.85046e-01 5.23395e-01 1.03618e-02
3.166330 4.27707505e-02 2.81378031e-02 7.09085536e-02 5.61068642e-03 8.96783707e-01 8.74989392e-01 2.83483696e-02 6.578749e-01 9.756972e-01 3.983577e+00 3.715772e+00 -2.046456e-02 2.6371e-03 4.2734e-03 -2.6075e-05 0.03182 1.30662e-01 2.84920e-01 5.21150e-01 1.03252e-02
3.215804 4.21381757e-02 2.73794511e-02 6.95176267e-02 5.72552907e-03 8.80569391e-01 8.48096793e-01 2.76586589e-02 6.497541e-01 9.631232e-01 3.887270e+00 3.646178e+00 -3.198514e-02 2.5938e-03 4.3027e-03 -3.2699e-05 0.03156 1.31172e-01 2.84702e-01 5.18840e-01 1.03014e-02
3.265277 4.15099614e-02 2.66495236e-02 6.81594850e-02 5.83204267e-03 8.62333773e-01 8.22218225e-01 2.69528320e-02 6.420031e-01 9.534803e-01 3.792560e+00 3.579881e+00 -2.961066e-02 2.5521e-03 4.3263e-03 -3.6056e-05 0.03126 1.30597e-01 2.83563e-01 5.16050e-01 1.00305e-02
3.314751 4.08857336e-02 2.59437246e-02 6.68294582e-02 5.91933601e-03 8.42505701e-01 7.97412099e-01 2.62386848e-02 6.345422e-01 9.464768e-01 3.698354e+00 3.619644e+00 -1.908109e-02 2.5120e-03 4.3541e-03 -3.6775e-05 0.03105 1.29081e-01 2.81664e-01 5.12916e-01 9.69993e-03
3.364225 4.02696784e-02 2.52613055e-02 6.55309839e-02 5.99982350e-03 8.24949100e-01 7.73677269e-01 2.55780219e-02 6.273034e-01 9.378485e-01 3.604643e+00 3.522493e+00 -1.360056e-02 2.4735e-03 4.3871e-03 -3.4375e-05 0.03073 1.28642e-01 2.80694e-01 5.10564e-01 9.53026e-03
3.413699 3.96553981e-02 2.46039809e-02 6.42593791e-02 6.08614568e-03 8.10460265e-01 7.50843068e-01 2.49808533e-02 6.204447e-01 9.264403e-01 3.513071e+00 3.507574e+00 -2.138445e-02 2.4365e-03 4.4181e-03 -2.7976e-05 0.03040 1.29753e-01 2.81030e-01 5.09213e-01 9.55681e-03
3.463173 3.90633485e-02 2.39642270e-02 6.30275755e-02 6.17427968e-03 7.96549968e-01 7.28384926e-01 2.43989583e-02 6.134709e-01 9.144247e-01 3.421006e+00 3.542261e+00 -3.637001e-02 2.3999e-03 4.4442e-03 -2.9861e-05 0.03007 1.31031e-01 2.81326e-01 5.07836e-01 9.61186e-03
3.512647 3.84878931e-02 2.33448432e-02 6.18327363e-02 6.25425602e-03 7.80537955e-01 7.06508381e-01 2.37927414e-02 6.065503e-01 9.051557e-01 3.328661e+00 3.546968e+00 -3.943044e-02 2.3648e-03 4.4644e-03 -3.5468e-05 0.02974 1.30945e-01 2.80402e-01 5.05638e-01 9.37156e-03
3.562121 3.79135694e-02 2.27479047e-02 6.06614741e-02 6.32023135e-03 7.63264691e-01 6.85513336e-01 2.31804484e-02 5.999938e-01 8.981332e-01 3.239560e+00 3.405718e+00 -2.962179e-02 2.3317e-03 4.4822e-03 -3.7040e-05 0.02941 1.29938e-01 2.78753e-01 5.03034e-01 9.10325e-03
3.611595 3.73488942e-02 2.21682160e-02 5.95171102e-02 6.37860791e-03 7.47102198e-01 6.65316127e-01 2.25986932e-02 5.935441e-01 8.905289e-01 3.154095e+00 3.388267e+00 -1.880783e-02 2.3003e-03 4.5016e-03 -3.7101e-05 0.02915 1.29420e-01 2.77540e-01 5.00841e-01 8.97120e-03
3.661069 3.67874376e-02 2.16082960e-02 5.83957336e-02 6.43666990e-03 7.32973413e-01 6.45946424e-01 2.20627174e-02 5.873825e-01 8.812686e-01 3.070490e+00 3.347736e+00 -1.756601e-02 2.2711e-03 4.5198e-03 -3.2230e-05 0.02881 1.30003e-01 2.77339e-01 4.99458e-01 8.89617e-03
3.710543 3.62344076e-02 2.10662317e-02 5.73006393e-02 6.49303196e-03 7.20452757e-01 6.27101601e-01 2.15608697e-02 5.813875e-01 8.704271e-01 2.989319e+00 3.413049e+00 -2.802656e-02 2.2438e-03 4.5343e-03 -2.8923e-05 0.02842 1.31403e-01 2.77788e-01 4.98522e-01 8.89918e-03
3.760016 3.57041021e-02 2.05387812e-02 5.62428833e-02 6.54721381e-03 7.08333325e-01 6.08560515e-01 2.10703015e-02 5.752499e-01 8.591443e-01 2.909129e+00 3.462336e+00 -3.696875e-02 2.2180e-03 4.5422e-03 -3.3540e-05 0.02802 1.32850e-01 2.78136e-01 4.97438e-01 8.90344e-03
3.809490 3.51798770e-02 2.00296000e-02 5.52094770e-02 6.59624816e-03 6.94310416e-01 5.90606447e-01 2.05586698e-02 5.693482e-01 8.506375e-01 2.830032e+00 3.390068e+00 -3.230661e-02 2.1945e-03 4.5443e-03 -3.7107e-05 0.02772 1.32852e-01 2.77299e-01 4.95545e-01 8.72725e-03
3.858964 3.46597842e-02 1.95361448e-02 5.41959290e-02 6.63359651e-03 6.78966762e-01 5.73330786e-01 2.00367608e-02 5.636545e-01 8.444166e-01 2.756184e+00 3.219038e+00 -1.857102e-02 2.1732e-03 4.5454e-03 -3.7967e-05 0.02759 1.31754e-01 2.75613e-01 4.93122e-01 8.50413e-03
3.908438 3.41476418e-02 1.90573212e-02 5.32049630e-02 6.66263081e-03 6.65392069e-01 5.56711332e-01 1.95536544e-02 5.580860e-01 8.366666e-01 2.684852e+00 3.210424e+00 -6.402808e-03 2.1540e-03 4.5468e-03 -3.6099e-05 0.02737 1.31678e-01 2.74844e-01 4.91393e-01 8.37356e-03
3.957912 3.36374683e-02 1.85950989e-02 5.22325671e-02 6.69195794e-03 6.54284439e-01 5.40666316e-01 1.91192121e-02 5.528091e-01 8.263475e-01 2.616234e+00 3.275337e+00 -8.639394e-03 2.1368e-03 4.5460e-03 -3.0992e-05 0.02700 1.33158e-01 2.75430e-01 4.90628e-01 8.37596e-03
4.007386 3.31427546e-02 1.81457295e-02 5.12884841e-02 6.72370175e-03 6.44515717e-01 5.24923235e-01 1.87110232e-02 5.475022e-01 8.144460e-01 2.549976e+00 3.306040e+00 -1.978422e-02 2.1210e-03 4.5404e-03 -3.1600e-05 0.02659 1.35408e-01 2.76590e-01 4.90198e-01 8.50028e-03
4.056860 3.26627614e-02 1.77096865e-02 5.03724479e-02 6.75164929e-03 6.33646137e-01 5.09525187e-01 1.82907412e-02 5.421981e-01 8.041163e-01 2.485423e+00 3.316445e+00 -2.055248e-02 2.1066e-03 4.5289e-03 -3.6254e-05 0.02622 1.36659e-01 2.76869e-01 4.89103e-01 8.42355e-03
4.106334 3.21841195e-02 1.72884401e-02 4.94725596e-02 6.76801028e-03 6.20283940e-01 4.94659206e-01 1.78390903e-02 5.371730e-01 7.974722e-01 2.423904e+00 3.190067e+00 -6.392690e-03 2.0936e-03 4.5143e-03 -3.8229e-05 0.02602 1.35810e-01 2.75435e-01 4.86819e-01 8.15528e-03
4.155808 3.17132386e-02 1.68794122e-02 4.85926507e-02 6.77571590e-03 6.07184792e-01 4.80345567e-01 1.74004857e-02 5.322513e-01 7.911028e-01 2.366455e+00 3.066968e+00 1.227944e-02 2.0816e-03 4.5000e-03 -3.8240e-05 0.02588 1.34928e-01 2.74022e-01 4.84588e-01 8.00648e-03
4.205282 3.12461637e-02 1.64834889e-02 4.77296526e-02 6.78322661e-03 5.96839987e-01 4.66572751e-01 1.70146038e-02 5.275364e-01 7.817384e-01 2.312919e+00 3.099774e+00 2.050772e-02 2.0707e-03 4.4862e-03 -3.4564e-05 0.02560 1.36053e-01 2.74362e-01 4.83655e-01 8.00825e-03
4.254755 3.07841993e-02 1.60999465e-02 4.68841458e-02 6.79116698e-03 5.88357485e-01 4.53176112e-01 1.66645375e-02 5.229938e-01 7.702394e-01 2.261728e+00 3.144172e+00 1.440709e-02 2.0602e-03 4.4699e-03 -3.1518e-05 0.02521 1.38523e-01 2.75829e-01 4.83530e-01 8.09545e-03
4.304229 3.03388410e-02 1.57269826e-02 4.60658237e-02 6.79609671e-03 5.79475959e-01 4.40035985e-01 1.63121911e-02 5.183778e-01 7.593688e-01 2.211845e+00 3.162897e+00 9.767019e-03 2.0498e-03 4.4483e-03 -3.4586e-05 0.02482 1.40468e-01 2.76778e-01 4.82989e-01 8.10157e-03
4.353703 2.98998711e-02 1.53663116e-02 4.52661827e-02 6.79551550e-03 5.68887058e-01 4.27287846e-01 1.59387985e-02 5.139257e-01 7.510943e-01 2.163816e+00 3.104634e+00 1.957326e-02 2.0396e-03 4.4237e-03 -3.8014e-05 0.02455 1.40762e-01 2.76340e-01 4.81464e-01 7.94441e-03
4.403177 2.94636638e-02 1.50167816e-02 4.44804454e-02 6.78791199e-03 5.57400696e-01 4.15012323e-01 1.55586083e-02 5.096712e-01 7.445493e-01 2.126831e+00 2.960600e+00 3.919522e-02 2.0296e-03 4.3989e-03 -3.9091e-05 0.02440 1.40072e-01 2.75111e-01 4.79450e-01 7.80285e-03
4.452651 2.90345318e-02 1.46773327e-02 4.37118646e-02 6.77514605e-03 5.46890205e-01 4.03209364e-01 1.52015931e-02 5.055130e-01 7.372766e-01 2.092826e+00 2.916074e+00 5.739627e-02 2.0197e-03 4.3744e-03 -3.7641e-05 0.02421 1.40054e-01 2.74491e-01 4.77969e-01 7.70748e-03
4.502125 2.86070963e-02 1.43490264e-02 4.29561227e-02 6.76070335e-03 5.38311681e-01 3.91830731e-01 1.48822786e-02 5.015898e-01 7.278882e-01 2.059824e+00 2.947870e+00 6.285132e-02 2.0098e-03 4.3502e-03 -3.3561e-05 0.02390 1.41600e-01 2.75223e-01 4.77535e-01 7.69969e-03
4.551599 2.81898897e-02 1.40301826e-02 4.22200724e-02 6.74662801e-03 5.31272397e-01 3.80731214e-01 1.45920578e-02 4.977026e-01 7.166403e-01 2.028963e+00 2.969244e+00 5.642069e-02 1.9996e-03 4.3236e-03 -3.3385e-05 0.02352 1.44382e-01 2.76948e-01 4.77829e-01 7.84142e-03
4.601073 2.77846434e-02 1.37206008e-02 4.15052443e-02 6.73127465e-03 5.23539336e-01 3.69905893e-01 1.42951237e-02 4.938196e-01 7.065484e-01 1.997979e+00 2.963868e+00 5.800241e-02 1.9892e-03 4.2934e-03 -3.7095e-05 0.02318 1.46341e-01 2.77936e-01 4.77616e-01 7.85626e-03
4.650547 2.73813035e-02 1.34209623e-02 4.08022659e-02 6.70934970e-03 5.13379162e-01 3.59463386e-01 1.39654808e-02 4.901506e-01 7.001908e-01 1.968572e+00 2.849412e+00 7.622392e-02 1.9789e-03 4.2621e-03 -3.9257e-05 0.02298 1.45778e-01 2.76818e-01 4.75975e-01 7.63892e-03
4.700021 2.69837335e-02 1.31299131e-02 4.01136466e-02 6.68010057e-03 5.02948681e-01 3.49435105e-01 1.36381406e-02 4.865862e-01 6.947729e-01 1.942902e+00 2.738892e+00 1.005462e-01 1.9687e-03 4.2314e-03 -3.9369e-05 0.02286 1.44718e-01 2.75311e-01 4.74168e-01 7.46731e-03
4.749494 2.65902576e-02 1.28477743e-02 3.94380320e-02 6.64918850e-03 4.94723804e-01 3.39806236e-01 1.33524807e-02 4.831760e-01 6.868605e-01 1.922991e+00 2.744475e+00 1.154491e-01 1.9587e-03 4.2022e-03 -3.6548e-05 0.02262 1.45681e-01 2.75546e-01 4.73752e-01 7.46327e-03
4.798968 2.62000717e-02 1.25742437e-02 3.87743154e-02 6.61982542e-03 4.88325574e-01 3.30485637e-01 1.31009794e-02 4.799317e-01 6.767731e-01 1.903974e+00 2.758581e+00 1.137246e-01 1.9489e-03 4.1730e-03 -3.3806e-05 0.02228 1.48355e-01 2.77235e-01 4.74477e-01 7.59965e-03
4.848442 2.58219954e-02 1.23080203e-02 3.81300157e-02 6.58960630e-03 4.81933511e-01 3.21392550e-01 1.28532170e-02 4.766487e-01 6.668815e-01 1.884263e+00 2.768145e+00 1.100261e-01 1.9390e-03 4.1408e-03 -3.5772e-05 0.02193 1.50866e-01 2.78748e-01 4.75112e-01 7.68560e-03
4.897916 2.54498212e-02 1.20498998e-02 3.74997210e-02 6.55499270e-03 4.73866383e-01 3.12582619e-01 1.25831840e-02 4.734768e-01 6.596430e-01 1.864459e+00 2.725194e+00 1.218434e-01 1.9294e-03 4.1072e-03 -3.8873e-05 0.02169 1.51410e-01 2.78593e-01 4.74603e-01 7.53429e-03
4.947390 2.50799892e-02 1.17995282e-02 3.68795174e-02 6.51536458e-03 4.64664056e-01 3.04113899e-01 1.23004473e-02 4.704758e-01 6.544812e-01 1.847648e+00 2.596904e+00 1.447158e-01 1.9203e-03 4.0739e-03 -4.0085e-05 0.02155 1.50508e-01 2.77242e-01 4.73345e-01 7.36644e-03
4.996864 2.47163992e-02 1.15560675e-02 3.62724667e-02 6.47319344e-03 4.56322934e-01 2.95988498e-01 1.20369829e-02 4.675466e-01 6.486382e-01 1.831680e+00 2.535527e+00 1.673277e-01 1.9116e-03 4.0419e-03 -3.9010e-05 0.02140 1.50362e-01 2.76572e-01 4.72726e-01 7.29818e-03
5.046338 2.43546983e-02 1.13199089e-02 3.56746072e-02 6.43049449e-03 4.49742152e-01 2.88169646e-01 1.18065888e-02 4.647936e-01 6.407441e-01 1.817886e+00 2.558495e+00 1.755313e-01 1.9033e-03 4.0116e-03 -3.5757e-05 0.02114 1.52042e-01 2.77491e-01 4.73388e-01 7.33255e-03
5.095812 2.39997323e-02 1.10902607e-02 3.50899930e-02 6.38770210e-03 4.44185476e-01 2.80573233e-01 1.15961393e-02 4.620993e-01 6.316578e-01 1.804495e+00 2.583965e+00 1.704030e-01 1.8952e-03 3.9802e-03 -3.5112e-05 0.02082 1.54738e-01 2.79264e-01 4.74719e-01 7.46495e-03
5.145286 2.36545346e-02 1.08668257e-02 3.45213604e-02 6.34421443e-03 4.38087097e-01 2.73183103e-01 1.13803232e-02 4.593971e-01 6.235817e-01 1.791753e+00 2.587350e+00 1.727567e-01 1.8872e-03 3.9469e-03 -3.7955e-05 0.02053 1.56627e-01 2.80345e-01 4.75576e-01 7.47941e-03
5.194760 2.33116498e-02 1.06499247e-02 3.39615745e-02 6.29783817e-03 4.30454097e-01 2.66053438e-01 1.11441206e-02 4.568499e-01 6.180762e-01 1.778531e+00 2.516907e+00 1.904004e-01 1.8796e-03 3.9137e-03 -4.0140e-05 0.02035 1.56509e-01 2.79753e-01 4.75304e-01 7.32739e-03
5.244233 2.29731774e-02 1.04388851e-02 3.34120625e-02 6.24742463e-03 4.22348743e-01 2.59208083e-01 1.09049092e-02 4.543945e-01 6.137300e-01 1.765325e+00 2.437335e+00 2.149722e-01 1.8722e-03 3.8814e-03 -4.0418e-05 0.02022 1.55623e-01 2.78551e-01 4.74708e-01 7.17332e-03
5.293707 2.26389759e-02 1.02337679e-02 3.28727438e-02 6.19538959e-03 4.15435534e-01 2.52638496e-01 1.06891845e-02 4.520420e-01 6.081292e-01 1.752878e+00 2.437544e+00 2.328630e-01 1.8650e-03 3.8507e-03 -3.8222e-05 0.02009 1.56037e-01 2.78503e-01 4.75066e-01 7.12018e-03
5.343181 2.23072052e-02 1.00344083e-02 3.23416135e-02 6.14456246e-03 4.10158510e-01 2.46292565e-01 1.05032172e-02 4.498281e-01 6.004814e-01 1.741789e+00 2.476324e+00 2.328557e-01 1.8578e-03 3.8210e-03 -3.5798e-05 0.01998 1.58368e-01 2.80120e-01 4.76695e-01 7.23762e-03
5.392655 2.19841251e-02 9.83998964e-03 3.18241148e-02 6.09464399e-03 4.05403637e-01 2.40116039e-01 1.03283148e-02 4.475952e-01 5.922888e-01 1.730136e+00 2.511105e+00 2.270822e-01 1.8503e-03 3.7902e-03 -3.6978e-05 0.01987 1.61233e-01 2.82200e-01 4.78661e-01 7.38189e-03
5.442129 2.16665480e-02 9.65078930e-03 3.13173373e-02 6.04292621e-03 3.99243371e-01 2.34128781e-01 1.01339544e-02 4.454235e-01 5.864312e-01 1.718557e+00 2.490071e+00 2.356478e-01 1.8425e-03 3.7584e-03 -3.9659e-05 0.01975 1.62115e-01 2.82614e-01 4.79442e-01 7.27573e-03
5.491603 2.13511081e-02 9.46676829e-03 3.08178764e-02 5.98800414e-03 3.91792459e-01 2.28369393e-01 9.92258963e-03 4.433853e-01 5.828836e-01 1.706479e+00 2.401476e+00 2.580498e-01 1.8345e-03 3.7270e-03 -4.0948e-05 0.01966 1.61095e-01 2.81456e-01 4.79149e-01 7.07561e-03
5.541077 2.10409021e-02 9.28750049e-03 3.03284026e-02 5.93164645e-03 3.85019426e-01 2.22844071e-01 9.72581594e-03 4.414022e-01 5.787866e-01 1.694173e+00 2.361666e+00 2.804790e-01 1.8263e-03 3.6970e-03 -4.0193e-05 0.01955 1.60819e-01 2.80986e-01 4.79442e-01 6.99800e-03
5.590551 2.07329756e-02 9.11306636e-03 2.98460419e-02 5.87605337e-03 3.79737719e-01 2.17527872e-01 9.55624945e-03 4.395445e-01 5.728371e-01 1.681183e+00 2.392581e+00 2.881078e-01 1.8177e-03 3.6688e-03 -3.7592e-05 0.01943 1.62478e-01 2.82219e-01 4.81031e-01 7.05759e-03
5.640025 2.04296552e-02 8.94297326e-03 2.93726285e-02 5.82136169e-03 3.75177969e-01 2.12371060e-01 9.40078447e-03 4.377447e-01 5.660542e-01 1.669708e+00 2.428251e+00 2.818684e-01 1.8085e-03 3.6404e-03 -3.6698e-05 0.01932 1.65033e-01 2.84245e-01 4.83186e-01 7.16708e-03
5.689499 2.01340652e-02 8.77695412e-03 2.89110194e-02 5.76651878e-03 3.70189235e-01 2.07358108e-01 9.24075750e-03 4.359256e-01 5.601408e-01 1.657382e+00 2.438126e+00 2.806342e-01 1.7985e-03 3.6108e-03 -3.8808e-05 0.01920 1.66842e-01 2.85658e-01 4.84863e-01 7.16472e-03
5.738972 1.98410299e-02 8.61525543e-03 2.84562854e-02 5.71050482e-03 3.64191398e-01 2.02516453e-01 9.06732562e-03 4.342141e-01 5.560715e-01 1.644405e+00 2.389699e+00 2.941593e-01 1.7878e-03 3.5810e-03 -4.0883e-05 0.01908 1.67045e-01 2.85745e-01 4.85595e-01 7.05166e-03
5.788446 1.95515735e-02 8.45759500e-03 2.80091685e-02 5.65304992e-03 3.57761846e-01 1.97862725e-01 8.88999313e-03 4.325787e-01 5.530571e-01 1.631028e+00 2.321068e+00 3.159180e-01 1.7767e-03 3.5521e-03 -4.1311e-05 0.01897 1.66463e-01 2.85218e-01 4.85935e-01 6.93103e-03
5.837920 1.92662109e-02 8.30387739e-03 2.75700883e-02 5.59512490e-03 3.52009128e-01 1.93392158e-01 8.72642058e-03 4.310073e-01 5.493953e-01 1.617288e+00 2.312448e+00 3.322319e-01 1.7650e-03 3.5247e-03 -3.9620e-05 0.01883 1.66768e-01 2.85504e-01 4.86911e-01 6.86768e-03
5.887394 1.89828866e-02 8.15400890e-03 2.71368955e-02 5.53818844e-03 3.47429725e-01 1.89074638e-01 8.58406982e-03 4.295453e-01 5.442097e-01 1.603308e+00 2.346861e+00 3.307980e-01 1.7527e-03 3.4981e-03 -3.7504e-05 0.01871 1.68758e-01 2.87272e-01 4.88952e-01 6.93719e-03
5.936868 1.87059083e-02 8.00751897e-03 2.67134273e-02 5.48265347e-03 3.43372173e-01 1.84875137e-01 8.45195695e-03 4.280743e-01 5.384104e-01 1.590628e+00 2.380047e+00 3.214043e-01 1.7394e-03 3.4709e-03 -3.8108e-05 0.01858 1.71456e-01 2.89667e-01 4.91388e-01 7.04940e-03
5.986342 1.84339583e-02 7.86442891e-03 2.62983873e-02 5.42720849e-03 3.38475807e-01 1.80797328e-01 8.30837016e-03 4.266272e-01 5.341514e-01 1.576665e+00 2.368035e+00 3.245771e-01 1.7255e-03 3.4429e-03 -4.0352e-05 0.01845 1.72723e-01 2.90876e-01 4.92937e-01 6.99788e-03
6.035816 1.81639870e-02 7.72480048e-03 2.58887875e-02 5.37040763e-03 3.32529908e-01 1.76863174e-01 8.15028932e-03 4.252811e-01 5.318715e-01 1.562133e+00 2.299634e+00 3.417084e-01 1.7110e-03 3.4152e-03 -4.1670e-05 0.01833 1.72179e-01 2.90588e-01 4.93425e-01 6.84084e-03
6.085290 1.78984423e-02 7.58849158e-03 2.54869339e-02 5.31283253e-03 3.26812762e-01 1.73079186e-01 7.99827116e-03 4.239750e-01 5.295974e-01 1.547395e+00 2.257508e+00 3.606135e-01 1.6961e-03 3.3885e-03 -4.1182e-05 0.01821 1.71872e-01 2.90550e-01 4.94122e-01 6.74642e-03
6.134764 1.76354635e-02 7.45548211e-03 2.50909456e-02 5.25630646e-03 3.22139457e-01 1.69430568e-01 7.86512041e-03 4.227551e-01 5.259541e-01 1.532406e+00 2.276285e+00 3.666207e-01 1.6807e-03 3.3635e-03 -3.9088e-05 0.01808 1.73197e-01 2.91946e-01 4.95854e-01 6.76917e-03
6.184238 1.73758434e-02 7.32541397e-03 2.47012574e-02 5.20142241e-03 3.18206530e-01 1.65885204e-01 7.74546775e-03 4.215861e-01 5.213130e-01 1.517509e+00 2.313885e+00 3.571876e-01 1.6649e-03 3.3388e-03 -3.8089e-05 0.01796 1.75686e-01 2.94359e-01 4.98271e-01 6.86294e-03
6.233711 1.71223553e-02 7.19807329e-03 2.43204286e-02 5.14718678e-03 3.14044217e-01 1.62428090e-01 7.62355690e-03 4.203904e-01 5.172141e-01 1.501287e+00 2.329806e+00 3.499474e-01 1.6484e-03 3.3134e-03 -3.9612e-05 0.01782 1.77688e-01 2.96372e-01 5.00338e-01 6.87525e-03
6.283185 1.68716435e-02 7.07364547e-03 2.39452890e-02 5.09257402e-03 3.08982076e-01 1.59073089e-01 7.48888264e-03 4.192624e-01 5.148295e-01 1.485042e+00 2.289947e+00 3.576708e-01 1.6317e-03 3.2879e-03 -4.1487e-05 0.01768 1.78014e-01 2.96985e-01 5.01382e-01 6.76585e-03
6.332659 1.66238926e-02 6.95205638e-03 2.35759490e-02 5.03757182e-03 3.03581190e-01 1.55831942e-01 7.35061011e-03 4.181967e-01 5.133122e-01 1.469943e+00 2.229082e+00 3.748413e-01 1.6148e-03 3.2633e-03 -4.2031e-05 0.01755 1.77616e-01 2.97017e-01 5.02022e-01 6.66254e-03
6.382133 1.63799981e-02 6.83322348e-03 2.32132216e-02 4.98294752e-03 2.98753096e-01 1.52701136e-01 7.22326771e-03 4.171688e-01 5.111282e-01 1.455617e+00 2.218474e+00 3.870459e-01 1.5979e-03 3.2405e-03 -4.0753e-05 0.01741 1.78140e-01 2.97864e-01 5.03259e-01 6.62824e-03
6.431607 1.61381133e-02 6.71705990e-03 2.28551732e-02 4.92946667e-03 2.94650598e-01 1.49661876e-01 7.10899958e-03 4.162234e-01 5.079300e-01 1.440735e+00 2.247894e+00 3.827533e-01 1.5809e-03 3.2189e-03 -3.8926e-05 0.01728 1.79901e-01 2.99780e-01 5.05235e-01 6.65737e-03
6.481081 1.59010066e-02 6.60325909e-03 2.25042657e-02 4.87732710e-03 2.90839703e-01 1.46692232e-01 7.00051096e-03 4.152730e-01 5.043749e-01 1.424820e+00 2.276006e+00 3.701471e-01 1.5637e-03 3.1975e-03 -3.9121e-05 0.01715 1.82109e-01 3.02075e-01 5.07415e-01 6.70432e-03
6.530555 1.56684225e-02 6.49179272e-03 2.21602153e-02 4.82590119e-03 2.86664330e-01 1.43790672e-01 6.88728003e-03 4.143233e-01 5.015995e-01 1.408168e+00 2.271380e+00 3.669462e-01 1.5465e-03 3.1759e-03 -4.0944e-05 0.01701 1.83531e-01 3.03706e-01 5.09073e-01 6.67942e-03
6.580029 1.54378989e-02 6.38276427e-03 2.18206632e-02 4.77424838e-03 2.81822539e-01 1.40969016e-01 6.76466487e-03 4.134477e-01 5.002049e-01 1.391264e+00 2.220226e+00 3.773960e-01 1.5294e-03 3.1550e-03 -4.2240e-05 0.01688 1.83568e-01 3.04175e-01 5.09900e-01 6.58289e-03
6.629503 1.52111182e-02 6.27613985e-03 2.14872581e-02 4.72237170e-03 2.76896869e-01 1.38233165e-01 6.64208054e-03 4.126021e-01 4.992226e-01 1.374363e+00 2.176483e+00 3.920530e-01 1.5126e-03 3.1355e-03 -4.1976e-05 0.01675 1.83318e-01 3.04416e-01 5.10577e-01 6.48826e-03
6.678977 1.49870681e-02 6.17187745e-03 2.11589456e-02 4.67136144e-03 2.72613752e-01 1.35575915e-01 6.53103467e-03 4.118135e-01 4.973187e-01 1.357967e+00 2.184407e+00 3.955887e-01 1.4961e-03 3.1178e-03 -4.0288e-05 0.01661 1.84226e-01 3.05646e-01 5.11950e-01 6.46888e-03
6.728450 1.47657311e-02 6.06975810e-03 2.08354892e-02 4.62196583e-03 2.69007081e-01 1.32977660e-01 6.43175584e-03 4.110706e-01 4.943277e-01 1.342872e+00 2.218286e+00 3.833376e-01 1.4799e-03 3.1010e-03 -3.9270e-05 0.01648 1.86397e-01 3.07937e-01 5.14030e-01 6.52890e-03
6.777924 1.45493856e-02 5.96960674e-03 2.05189924e-02 4.57370058e-03 2.65357296e-01 1.30426561e-01 6.33254171e-03 4.102996e-01 4.915130e-01 1.326921e+00 2.235400e+00 3.711294e-01 1.4638e-03 3.0843e-03 -4.0327e-05 0.01634 1.88382e-01 3.10053e-01 5.15928e-01 6.54509e-03
6.827398 1.43358819e-02 5.87151563e-03 2.02073975e-02 4.52555904e-03 2.61014480e-01 1.27929929e-01 6.22311054e-03 4.095678e-01 4.901258e-01 1.310498e+00 2.203944e+00 3.730140e-01 1.4480e-03 3.0677e-03 -4.1973e-05 0.01621 1.88819e-01 3.10854e-01 5.16868e-01 6.45358e-03
6.876872 1.41249679e-02 5.77553305e-03 1.99005010e-02 4.47724541e-03 2.56375791e-01 1.25497479e-01 6.10997232e-03 4.088882e-01 4.895060e-01 1.294080e+00 2.149802e+00 3.850748e-01 1.4327e-03 3.0521e-03 -4.2592e-05 0.01607 1.88498e-01 3.11014e-01 5.17357e-01 6.35991e-03
6.926346 1.39176112e-02 5.68163878e-03 1.95992500e-02 4.42944105e-03 2.52151245e-01 1.23129014e-01 6.00448413e-03 4.082338e-01 4.883141e-01 1.277800e+00 2.132821e+00 3.935957e-01 1.4178e-03 3.0380e-03 -4.1644e-05 0.01594 1.88934e-01 3.11812e-01 5.18301e-01 6.32402e-03
6.975820 1.37123410e-02 5.58972798e-03 1.93020690e-02 4.38288273e-03 2.48430322e-01 1.20813468e-01 5.90790065e-03 4.076421e-01 4.863073e-01 1.261394e+00 2.153419e+00 3.876856e-01 1.4034e-03 3.0252e-03 -4.0085e-05 0.01581 1.90356e-01 3.13430e-01 5.19807e-01 6.32849e-03
7.025294 1.35107848e-02 5.49958466e-03 1.90103695e-02 4.33759242e-03 2.44924000e-01 1.18537399e-01 5.81538238e-03 4.070515e-01 4.839762e-01 1.244499e+00 2.176780e+00 3.724783e-01 1.3894e-03 3.0128e-03 -4.0009e-05 0.01568 1.92137e-01 3.15328e-01 5.21459e-01 6.34223e-03
7.074768 1.33132932e-02 5.41118655e-03 1.87244797e-02 4.29301389e-03 2.41215558e-01 1.16299540e-01 5.72024156e-03 4.064499e-01 4.821395e-01 1.227173e+00 2.172574e+00 3.642791e-01 1.3757e-03 3.0002e-03 -4.1448e-05 0.01555 1.93341e-01 3.16717e-01 5.22706e-01 6.31058e-03
7.124242 1.31179163e-02 5.32462890e-03 1.84425451e-02 4.24857143e-03 2.37090198e-01 1.14107976e-01 5.61917078e-03 4.059051e-01 4.812851e-01 1.209796e+00 2.129126e+00 3.696896e-01 1.3625e-03 2.9879e-03 -4.2673e-05 0.01542 1.93464e-01 3.17182e-01 5.23292e-01 6.23402e-03
7.173716 1.29257203e-02 5.23991751e-03 1.81656378e-02 4.20422054e-03 2.32902420e-01 1.11967874e-01 5.51792471e-03 4.053869e-01 4.807502e-01 1.192643e+00 2.087599e+00 3.804068e-01 1.3498e-03 2.9766e-03 -4.2595e-05 0.01530 1.93298e-01 3.17397e-01 5.23710e-01 6.16049e-03
7.223189 1.27362484e-02 5.15702348e-03 1.78932719e-02 4.16055310e-03 2.29095998e-01 1.09876462e-01 5.42355937e-03 4.049091e-01 4.796088e-01 1.175951e+00 2.085807e+00 3.818913e-01 1.3376e-03 2.9664e-03 -4.1249e-05 0.01517 1.93892e-01 3.18240e-01 5.24569e-01 6.12340e-03
7.272663 1.25491288e-02 5.07580324e-03 1.76249321e-02 4.11818341e-03 2.25711442e-01 1.07823261e-01 5.33655525e-03 4.044746e-01 4.777040e-01 1.160488e+00 2.107804e+00 3.688860e-01 1.3258e-03 2.9567e-03 -4.0258e-05 0.01504 1.95366e-01 3.19801e-01 5.25900e-01 6.13087e-03
7.322137 1.23660825e-02 4.99610820e-03 1.73621907e-02 4.07699924e-03 2.22410813e-01 1.05800630e-01 5.25138309e-03 4.040171e-01 4.756991e-01 1.144670e+00 2.120881e+00 3.541858e-01 1.3143e-03 2.9471e-03 -4.0952e-05 0.01491 1.96912e-01 3.21396e-01 5.27208e-01 6.13249e-03
7.371611 1.21858367e-02 4.91798213e-03 1.71038188e-02 4.03620372e-03 2.18753571e-01 1.03812314e-01 5.16105416e-03 4.035818e-01 4.745628e-01 1.128648e+00 2.097045e+00 3.513590e-01 1.3033e-03 2.9372e-03 -4.2365e-05 0.01478 1.97441e-01 3.22115e-01 5.27875e-01 6.07064e-03
7.421085 1.20078716e-02 4.84150316e-03 1.68493748e-02 3.99529862e-03 2.14815303e-01 1.01865864e-01 5.06689868e-03 4.031941e-01 4.742021e-01 1.112779e+00 2.049082e+00 3.592387e-01 1.2927e-03 2.9275e-03 -4.3026e-05 0.01466 1.97108e-01 3.22097e-01 5.28027e-01 5.98462e-03
7.470559 1.18330671e-02 4.76667399e-03 1.65997411e-02 3.95474489e-03 2.11080699e-01 9.99633483e-02 4.97670476e-03 4.028266e-01 4.735788e-01 1.097212e+00 2.024283e+00 3.659282e-01 1.2826e-03 2.9187e-03 -4.2342e-05 0.01454 1.97136e-01 3.22372e-01 5.28390e-01 5.93007e-03
7.520033 1.16603522e-02 4.69340765e-03 1.63537598e-02 3.91528888e-03 2.07752483e-01 9.80988817e-02 4.89362183e-03 4.025099e-01 4.721911e-01 1.081768e+00 2.034759e+00 3.596940e-01 1.2729e-03 2.9106e-03 -4.1025e-05 0.01442 1.98074e-01 3.23396e-01 5.29267e-01 5.91589e-03
7.569507 1.14906120e-02 4.62154634e-03 1.61121584e-02 3.87702946e-03 2.04638600e-01 9.62639878e-02 4.81444140e-03 4.022019e-01 4.704097e-01 1.066146e+00 2.052124e+00 3.435514e-01 1.2635e-03 2.9026e-03 -4.0780e-05 0.01430 1.99435e-01 3.24751e-01 5.30341e-01 5.91404e-03
7.618981 1.13244091e-02 4.55104885e-03 1.58754580e-02 3.83944718e-03 2.01372897e-01 9.44575480e-02 4.73328712e-03 4.018796e-01 4.690678e-01 1.050335e+00 2.046265e+00 3.328106e-01 1.2544e-03 2.8943e-03 -4.1887e-05 0.01417 2.00240e-01 3.25616e-01 5.31034e-01 5.87152e-03
7.668455 1.11602882e-02 4.48198519e-03 1.56422734e-02 3.80201320e-03 1.97839186e-01 9.26852256e-02 4.64839058e-03 4.016012e-01 4.684877e-01 1.034607e+00 2.007624e+00 3.348500e-01 1.2456e-03 2.8858e-03 -4.3008e-05 0.01406 2.00152e-01 3.25716e-01 5.31181e-01 5.79817e-03
7.717928 1.09988360e-02 4.41439058e-03 1.54132266e-02 3.76469095e-03 1.94321774e-01 9.09512405e-02 4.56436824e-03 4.013507e-01 4.680445e-01 1.019186e+00 1.968911e+00 3.427181e-01 1.2373e-03 2.8777e-03 -4.3076e-05 0.01394 1.99941e-01 3.25702e-01 5.31256e-01 5.73927e-03
7.767402 1.08399396e-02 4.34824120e-03 1.51881808e-02 3.72795571e-03 1.91042486e-01 8.92545170e-02 4.48475205e-03 4.011315e-01 4.671972e-01 1.004063e+00 1.960405e+00 3.434943e-01 1.2292e-03 2.8703e-03 -4.2018e-05 0.01382 2.00241e-01 3.26108e-01 5.31628e-01 5.69695e-03
7.816876 1.06830970e-02 4.28342164e-03 1.49665186e-02 3.69227694e-03 1.87989836e-01 8.75891509e-02 4.40926379e-03 4.009532e-01 4.659249e-01 9.890199e-01 1.971543e+00 3.315030e-01 1.2215e-03 2.8632e-03 -4.1088e-05 0.01370 2.01032e-01 3.26910e-01 5.32258e-01 5.67040e-03
7.866350 1.05295624e-02 4.21981588e-03 1.47493782e-02 3.65760178e-03 1.85045678e-01 8.59503415e-02 4.33593631e-03 4.007589e-01 4.644818e-01 9.738878e-01 1.978555e+00 3.162081e-01 1.2139e-03 2.8560e-03 -4.1505e-05 0.01358 2.01979e-01 3.27821e-01 5.32928e-01 5.65106e-03
7.915824 1.03786460e-02 4.15744184e-03 1.45360878e-02 3.62337104e-03 1.81966792e-01 8.43398088e-02 4.26090561e-03 4.005765e-01 4.634901e-01 9.587698e-01 1.959222e+00 3.105445e-01 1.2067e-03 2.8485e-03 -4.2692e-05 0.01347 2.02364e-01 3.28244e-01 5.33234e-01 5.60256e-03
7.965298 1.02297228e-02 4.09636169e-03 1.43260845e-02 3.58912597e-03 1.78697225e-01 8.27623557e-02 4.18335330e-03 4.004372e-01 4.631429e-01 9.438950e-01 1.916835e+00 3.158407e-01 1.1997e-03 2.8410e-03 -4.3366e-05 0.01336 2.02002e-01 3.28030e-01 5.33096e-01 5.53086e-03
8.014772 1.00834857e-02 4.03658733e-03 1.41200730e-02 3.55507771e-03 1.75513880e-01 8.12200794e-02 4.10774335e-03 4.003167e-01 4.627559e-01 9.293784e-01 1.888796e+00 3.215474e-01 1.1930e-03 2.8340e-03 -4.2896e-05 0.01325 2.01725e-01 3.27882e-01 5.33013e-01 5.47078e-03
8.064246 9.93923375e-03 3.97805826e-03 1.39172920e-02 3.52184425e-03 1.72601447e-01 7.97099893e-02 4.03698297e-03 4.002379e-01 4.618153e-01 9.151195e-01 1.889954e+00 3.160965e-01 1.1865e-03 2.8276e-03 -4.1793e-05 0.01313 2.02123e-01 3.28292e-01 5.33316e-01 5.43676e-03
8.113720 9.79738315e-03 3.92065233e-03 1.37180355e-02 3.48968399e-03 1.69873837e-01 7.82265933e-02 3.96960689e-03 4.001734e-01 4.604982e-01 9.009110e-01 1.900253e+00 3.009517e-01 1.1802e-03 2.8212e-03 -4.1448e-05 0.01302 2.02942e-01 3.29040e-01 5.33830e-01 5.41802e-03
8.163194 9.65852830e-03 3.86431409e-03 1.35228424e-02 3.45820349e-03 1.67091361e-01 7.67683142e-02 3.90175481e-03 4.000935e-01 4.594392e-01 8.872052e-01 1.894094e+00 2.893134e-01 1.1740e-03 2.8147e-03 -4.2280e-05 0.01291 2.03414e-01 3.29482e-01 5.34102e-01 5.37650e-03
8.212667 9.52161447e-03 3.80909106e-03 1.33307055e-02 3.42682637e-03 1.64142562e-01 7.53384874e-02 3.83169680e-03 4.000468e-01 4.589820e-01 8.737787e-01 1.861389e+00 2.890751e-01 1.1681e-03 2.8079e-03 -4.3282e-05 0.01281 2.03161e-01 3.29306e-01 5.33932e-01 5.30941e-03
8.262141 9.38690160e-03 3.75502761e-03 1.31419292e-02 3.39546952e-03 1.61205262e-01 7.39402588e-02 3.76232833e-03 4.000284e-01 4.586715e-01 8.606534e-01 1.825027e+00 2.953093e-01 1.1624e-03 2.8014e-03 -4.3453e-05 0.01270 2.02763e-01 3.29001e-01 5.33679e-01 5.25245e-03
8.311615 9.25446234e-03 3.70210567e-03 1.29565680e-02 3.36458961e-03 1.58434526e-01 7.25731744e-02 3.69612320e-03 4.000347e-01 4.580641e-01 8.478408e-01 1.811646e+00 2.964815e-01 1.1568e-03 2.7954e-03 -4.2634e-05 0.01260 2.02753e-01 3.29020e-01 5.33658e-01 5.20847e-03
8.361089 9.12380612e-03 3.65023359e-03 1.27740397e-02 3.33459063e-03 1.55816807e-01 7.12334254e-02 3.63280372e-03 4.000779e-01 4.571614e-01 8.351742e-01 1.815428e+00 2.861246e-01 1.1514e-03 2.7897e-03 -4.1790e-05 0.01249 2.03097e-01 3.29330e-01 5.33830e-01 5.17058e-03
8.410563 8.99579534e-03 3.59931862e-03 1.25951140e-02 3.30541392e-03 1.53274311e-01 6.99176579e-02 3.57107151e-03 4.001112e-01 4.561603e-01 8.225050e-01 1.817775e+00 2.714426e-01 1.1461e-03 2.7840e-03 -4.2001e-05 0.01239 2.03527e-01 3.29701e-01 5.34018e-01 5.13594e-03
8.460037 8.87012573e-03 3.54936049e-03 1.24194862e-02 3.27663669e-03 1.50678092e-01 6.86264582e-02 3.50887280e-03 4.001477e-01 4.554508e-01 8.098864e-01 1.800629e+00 2.646689e-01 1.1409e-03 2.7781e-03 -4.2975e-05 0.01228 2.03584e-01 3.29747e-01 5.33960e-01 5.08721e-03
8.509511 8.74617892e-03 3.50040608e-03 1.22465850e-02 3.24788360e-03 1.48005124e-01 6.73626229e-02 3.44588395e-03 4.002212e-01 4.551371e-01 7.974879e-01 1.765711e+00 2.682101e-01 1.1358e-03 2.7721e-03 -4.3635e-05 0.01218 2.03178e-01 3.29399e-01 5.33626e-01 5.02940e-03
8.558985 8.62444364e-03 3.45247327e-03 1.20769169e-02 3.21924204e-03 1.45390123e-01 6.61275763e-02 3.38428319e-03 4.003126e-01 4.548285e-01 7.854085e-01 1.738689e+00 2.732635e-01 1.1309e-03 2.7665e-03 -4.3339e-05 0.01208 2.02801e-01 3.29075e-01 5.33318e-01 4.97669e-03
8.608459 8.50449668e-03 3.40551908e-03 1.19100158e-02 3.19118583e-03 1.42914042e-01 6.49196493e-02 3.32533906e-03 4.004375e-01 4.542566e-01 7.735858e-01 1.733107e+00 2.693073e-01 1.1261e-03 2.7613e-03 -4.2425e-05 0.01198 2.02765e-01 3.29036e-01 5.33210e-01 4.93026e-03
8.657933 8.38648983e-03 3.35944779e-03 1.17459376e-02 3.16401062e-03 1.40562573e-01 6.37352583e-02 3.26876530e-03 4.005785e-01 4.534298e-01 7.618595e-01 1.736519e+00 2.560637e-01 1.1214e-03 2.7563e-03 -4.2025e-05 0.01188 2.03024e-01 3.29240e-01 5.33254e-01 4.89502e-03
8.707406 8.27096291e-03 3.31420499e-03 1.15851679e-02 3.13746564e-03 1.38239561e-01 6.25727350e-02 3.21299674e-03 4.007036e-01 4.526399e-01 7.504549e-01 1.730614e+00 2.443718e-01 1.1168e-03 2.7511e-03 -4.2633e-05 0.01178 2.03210e-01 3.29374e-01 5.33227e-01 4.85691e-03
8.756880 8.15717834e-03 3.26981999e-03 1.14269983e-02 3.11103685e-03 1.35835970e-01 6.14337001e-02 3.15631473e-03 4.008518e-01 4.522639e-01 7.440141e-01 1.704336e+00 2.426598e-01 1.1122e-03 2.7457e-03 -4.3511e-05 0.01169 2.02892e-01 3.29078e-01 5.32889e-01 4.80095e-03
8.806354 8.04517848e-03 3.22633280e-03 1.12715113e-02 3.08456328e-03 1.33420676e-01 6.03202618e-02 3.09985500e-03 4.010269e-01 4.521058e-01 7.375922e-01 1.671992e+00 2.479651e-01 1.1077e-03 2.7404e-03 -4.3753e-05 0.01159 2.02336e-01 3.28580e-01 5.32416e-01 4.74565e-03
8.855828 7.93512078e-03 3.18373541e-03 1.11188562e-02 3.05840470e-03 1.31117976e-01 5.92323269e-02 3.04560485e-03 4.012208e-01 4.517483e-01 7.316712e-01 1.655957e+00 2.497415e-01 1.1033e-03 2.7356e-03 -4.3130e-05 0.01150 2.02057e-01 3.28317e-01 5.32114e-01 4.70041e-03
8.905302 7.82659657e-03 3.14195992e-03 1.09685565e-02 3.03296314e-03 1.28932481e-01 5.81673575e-02 2.99359742e-03 4.014465e-01 4.511459e-01 7.255823e-01 1.655045e+00 2.411971e-01 1.0989e-03 2.7310e-03 -4.2380e-05 0.01141 2.02083e-01 3.28311e-01 5.31987e-01 4.65987e-03
8.954776 7.72016468e-03 3.10092907e-03 1.08210938e-02 3.00823061e-03 1.26798072e-01 5.71227971e-02 2.94273391e-03 4.016662e-01 4.505021e-01 7.193218e-01 1.653490e+00 2.278587e-01 1.0946e-03 2.7263e-03 -4.2443e-05 0.01131 2.02140e-01 3.28326e-01 5.31854e-01 4.61932e-03
9.004250 7.61574879e-03 3.06063104e-03 1.06763798e-02 2.98383369e-03 1.24641692e-01 5.60985907e-02 2.89184452e-03 4.018818e-01 4.500789e-01 7.129078e-01 1.637505e+00 2.206565e-01 1.0904e-03 2.7214e-03 -4.3225e-05 0.01122 2.01912e-01 3.28095e-01 5.31532e-01 4.57014e-03
9.053724 7.51280627e-03 3.02110355e-03 1.05339098e-02 2.95943840e-03 1.22471453e-01 5.50963992e-02 2.84108564e-03 4.021272e-01 4.498714e-01 7.069805e-01 1.609154e+00 2.228593e-01 1.0861e-03 2.7163e-03 -4.3850e-05 0.01113 2.01434e-01 3.27650e-01 5.31058e-01 4.52095e-03
9.103198 7.41165075e-03 2.98236809e-03 1.03940188e-02 2.93510812e-03 1.20354448e-01 5.41171691e-02 2.79154587e-03 4.023892e-01 4.496483e-01 7.010390e-01 1.585749e+00 2.275604e-01 1.0820e-03 2.7115e-03 -4.3691e-05 0.01104 2.01009e-01 3.27252e-01 5.30624e-01 4.47687e-03
9.152672 7.31204692e-03 2.94439303e-03 1.02564400e-02 2.91121334e-03 1.18308387e-01 5.31598381e-02 2.74349160e-03 4.026770e-01 4.493328e-01 6.949766e-01 1.575806e+00 2.251009e-01 1.0778e-03 2.7071e-03 -4.2943e-05 0.01095 2.00721e-01 3.26972e-01 5.30277e-01 4.42911e-03
9.202145 7.21400364e-03 2.90710471e-03 1.01211083e-02 2.88800234e-03 1.16334457e-01 5.22219976e-02 2.69690328e-03 4.029808e-01 4.488954e-01 6.891519e-01 1.574121e+00 2.138288e-01 1.0737e-03 2.7026e-03 -4.2524e-05 0.01090 2.00576e-01 3.26813e-01 5.30003e-01 4.38499e-03
9.251619 7.11797502e-03 2.87045615e-03 9.98843117e-03 2.86532743e-03 1.14408031e-01 5.13022154e-02 2.65136394e-03 4.032686e-01 4.484145e-01 6.834768e-01 1.567543e+00 2.026341e-01 1.0696e-03 2.6980e-03 -4.2949e-05 0.01084 2.00466e-01 3.26679e-01 5.29726e-01 4.34598e-03
9.301093 7.02347349e-03 2.83446275e-03 9.85793624e-03 2.84279270e-03 1.12462460e-01 5.04011702e-02 2.60581808e-03 4.035699e-01 4.481599e-01 6.776565e-01 1.546304e+00 2.000143e-01 1.0655e-03 2.6931e-03 -4.3705e-05 0.01079 2.00076e-01 3.26304e-01 5.29271e-01 4.29977e-03
9.350567 6.93040669e-03 2.79915783e-03 9.72956452e-03 2.82019735e-03 1.10516390e-01 4.95201877e-02 2.56058524e-03 4.038952e-01 4.480800e-01 6.717259e-01 1.519696e+00 2.044565e-01 1.0614e-03 2.6881e-03 -4.3989e-05 0.01073 1.99497e-01 3.25768e-01 5.28707e-01 4.25229e-03
9.400041 6.83894758e-03 2.76454276e-03 9.60349034e-03 2.79777694e-03 1.08636957e-01 4.86593544e-02 2.51674099e-03 4.042351e-01 4.479079e-01 6.658309e-01 1.503002e+00 2.067445e-01 1.0574e-03 2.6835e-03 -4.3527e-05 0.01068 1.99062e-01 3.25358e-01 5.28238e-01 4.20860e-03
9.449515 6.74879179e-03 2.73056864e-03 9.47936043e-03 2.77590565e-03 1.06829085e-01 4.78170230e-02 2.47433773e-03 4.046011e-01 4.476030e-01 6.602980e-01 1.497902e+00 2.001029e-01 1.0533e-03 2.6790e-03 -4.2870e-05 0.01063 1.98801e-01 3.25098e-01 5.27872e-01 4.16529e-03
9.498989 6.66028419e-03 2.69717125e-03 9.35745544e-03 2.75464293e-03 1.05067151e-01 4.69912449e-02 2.43293434e-03 4.049634e-01 4.472496e-01 6.546374e-01 1.494017e+00 1.882403e-01 1.0493e-03 2.6744e-03 -4.2831e-05 0.01057 1.98585e-01 3.24876e-01 5.27517e-01 4.12409e-03
9.548463 6.57346544e-03 2.66433406e-03 9.23779949e-03 2.73367663e-03 1.03311770e-01 4.61816403e-02 2.39189457e-03 4.053165e-01 4.470124e-01 6.488573e-01 1.480358e+00 1.808542e-01 1.0452e-03 2.6695e-03 -4.3447e-05 0.01052 1.98214e-01 3.24518e-01 5.27051e-01 4.07984e-03
9.597937 6.48789344e-03 2.63208662e-03 9.11998006e-03 2.71269250e-03 1.01558452e-01 4.53892145e-02 2.35116266e-03 4.056920e-01 4.469270e-01 6.429819e-01 1.457717e+00 1.820831e-01 1.0412e-03 2.6643e-03 -4.4022e-05 0.01046 1.97667e-01 3.24007e-01 5.26475e-01 4.03577e-03
9.647411 6.40374857e-03 2.60045081e-03 9.00419938e-03 2.69172403e-03 9.98484990e-02 4.46146715e-02 2.31141073e-03 4.060826e-01 4.468237e-01 6.374055e-01 1.436601e+00 1.865280e-01 1.0372e-03 2.6593e-03 -4.3965e-05 0.01041 1.97172e-01 3.23541e-01 5.25936e-01 3.99684e-03
9.696884 6.32091872e-03 2.56940581e-03 8.89032453e-03 2.67107671e-03 9.81893536e-02 4.38573306e-02 2.27274695e-03 4.064925e-01 4.466608e-01 6.318922e-01 1.425368e+00 1.852747e-01 1.0332e-03 2.6545e-03 -4.3364e-05 0.01036 1.96772e-01 3.23161e-01 5.25462e-01 3.95430e-03
9.746358 6.23934079e-03 2.53889581e-03 8.77823659e-03 2.65096546e-03 9.65701502e-02 4.31155123e-02 2.23497060e-03 4.069173e-01 4.464683e-01 6.262845e-01 1.420458e+00 1.758699e-01 1.0291e-03 2.6497e-03 -4.2949e-05 0.01030 1.96405e-01 3.22813e-01 5.25001e-01 3.90935e-03
9.795832 6.15937403e-03 2.50887976e-03 8.66825380e-03 2.63129337e-03 9.49835053e-02 4.23880563e-02 2.19794499e-03 4.073271e-01 4.462676e-01 6.205862e-01 1.412348e+00 1.655281e-01 1.0251e-03 2.6445e-03 -4.3229e-05 0.01025 1.96032e-01 3.22456e-01 5.24519e-01 3.86806e-03
9.845306 6.08071945e-03 2.47936466e-03 8.56008410e-03 2.61175512e-03 9.34103757e-02 4.16752073e-02 2.16136933e-03 4.077420e-01 4.461518e-01 6.148177e-01 1.395872e+00 1.622840e-01 1.0210e-03 2.6391e-03 -4.3867e-05 0.01019 1.95552e-01 3.22003e-01 5.23960e-01 3.82806e-03
9.894780 6.00322012e-03 2.45037898e-03 8.45359910e-03 2.59216407e-03 9.18583907e-02 4.09778200e-02 2.12537937e-03 4.081774e-01 4.460977e-01 6.094357e-01 1.374604e+00 1.658918e-01 1.0170e-03 2.6336e-03 -4.4173e-05 0.01014 1.95017e-01 3.21501e-01 5.23368e-01 3.79029e-03
9.944254 5.92702339e-03 2.42192897e-03 8.34895237e-03 2.57266755e-03 9.03440603e-02 4.02960396e-02 2.09024160e-03 4.086248e-01 4.460287e-01 6.040318e-01 1.358171e+00 1.686237e-01 1.0129e-03 2.6282e-03 -4.3842e-05 0.01010 1.94526e-01 3.21041e-01 5.22811e-01 3.75101e-03
9.993728 5.85192037e-03 2.39397937e-03 8.24589973e-03 2.55356919e-03 8.88647679e-02 3.96287985e-02 2.05589706e-03 4.090930e-01 4.459450e-01 5.985784e-01 1.350214e+00 1.637343e-01 1.0089e-03 2.6229e-03 -4.3276e-05 0.01004 1.94062e-01 3.20609e-01 5.22273e-01 3.70714e-03
9.999912 5.84261461e-03 2.39051811e-03 8.23313272e-03 2.55121862e-03 8.86825506e-02 3.95463376e-02 2.05166221e-03 4.091521e-01 4.459314e-01 5.979316e-01 1.349532e+00 1.625863e-01 1.0084e-03 2.6223e-03 -4.3226e-05 0.01004 1.94007e-01 3.20558e-01 5.22207e-01 3.70177e-03
