# tg_mhd (CUDA FP64)  hydro_noslip_nofield_n512_re1000_va1.41421  N=512 L=512 Re=1000 Pm=1 u0=0.05 nu_lat=8.132818e-03 eta_lat=8.132818e-03 tau_f=0.524398 tau_m=0.532531 dt=3.073965e-04 fw=profile
# t E_V E_M E_T H_C Omega_V Omega_M eps EM/EV OmM/OmV j_max w_max skew divb/j divb_wall/j mass_drift umax_lat fw1 fw2 fw4 tau_wall
0.000000 2.48046882e-01 0.00000000e+00 2.48046882e-01 0.00000000e+00 1.42565538e+02 0.00000000e+00 2.85131076e-01 0.000000e+00 0.000000e+00 0.000000e+00 3.450381e+02 6.824575e-19 0.0000e+00 0.0000e+00 +0.0000e+00 0.07071 9.94951e-01 9.95163e-01 9.95590e-01 1.69909e-01
0.099904 2.38714314e-01 0.00000000e+00 2.38714314e-01 0.00000000e+00 2.49027341e+01 0.00000000e+00 4.98054682e-02 0.000000e+00 0.000000e+00 0.000000e+00 8.168430e+01 2.034427e-01 0.0000e+00 0.0000e+00 +1.1893e-05 0.07105 9.67708e-01 9.72365e-01 9.74795e-01 3.89795e-02
0.199808 2.34978466e-01 0.00000000e+00 2.34978466e-01 0.00000000e+00 1.80371125e+01 0.00000000e+00 3.60742251e-02 0.000000e+00 0.000000e+00 0.000000e+00 5.856325e+01 3.223917e-02 0.0000e+00 0.0000e+00 +7.8294e-06 0.07020 9.28465e-01 9.61555e-01 9.64914e-01 2.79304e-02
0.299712 2.31869541e-01 0.00000000e+00 2.31869541e-01 0.00000000e+00 1.48872145e+01 0.00000000e+00 2.97744289e-02 0.000000e+00 0.000000e+00 0.000000e+00 4.850645e+01 3.491459e-01 0.0000e+00 0.0000e+00 +1.1205e-06 0.07015 8.77658e-01 9.52555e-01 9.56940e-01 2.30413e-02
0.399616 2.28364910e-01 0.00000000e+00 2.28364910e-01 0.00000000e+00 1.31826423e+01 0.00000000e+00 2.63652847e-02 0.000000e+00 0.000000e+00 0.000000e+00 4.461920e+01 3.954652e-01 0.0000e+00 0.0000e+00 +1.3722e-05 0.06945 8.29379e-01 9.44199e-01 9.50710e-01 2.02649e-02
0.499519 2.26492457e-01 0.00000000e+00 2.26492457e-01 0.00000000e+00 1.22011051e+01 0.00000000e+00 2.44022102e-02 0.000000e+00 0.000000e+00 0.000000e+00 4.207141e+01 2.970270e-01 0.0000e+00 0.0000e+00 +3.3976e-06 0.06829 7.87442e-01 9.34882e-01 9.45513e-01 1.90746e-02
0.599423 2.24210734e-01 0.00000000e+00 2.24210734e-01 0.00000000e+00 1.10687187e+01 0.00000000e+00 2.21374374e-02 0.000000e+00 0.000000e+00 0.000000e+00 3.662632e+01 6.444918e-01 0.0000e+00 0.0000e+00 +4.4521e-06 0.06829 7.42738e-01 9.20814e-01 9.38400e-01 1.67806e-02
0.699327 2.21349135e-01 0.00000000e+00 2.21349135e-01 0.00000000e+00 1.09067369e+01 0.00000000e+00 2.18134739e-02 0.000000e+00 0.000000e+00 0.000000e+00 3.980064e+01 5.035897e-01 0.0000e+00 0.0000e+00 +1.2777e-05 0.06668 7.20368e-01 9.10592e-01 9.35739e-01 1.75428e-02
0.799231 2.19953976e-01 0.00000000e+00 2.19953976e-01 0.00000000e+00 1.02633282e+01 0.00000000e+00 2.05266564e-02 0.000000e+00 0.000000e+00 0.000000e+00 3.534582e+01 5.895678e-01 0.0000e+00 0.0000e+00 +5.5458e-07 0.06588 6.85466e-01 8.93230e-01 9.29173e-01 1.56954e-02
0.899135 2.17630821e-01 0.00000000e+00 2.17630821e-01 0.00000000e+00 9.95680247e+00 0.00000000e+00 1.99136049e-02 0.000000e+00 0.000000e+00 0.000000e+00 3.539786e+01 7.717815e-01 0.0000e+00 0.0000e+00 +8.3261e-06 0.06554 6.62420e-01 8.77316e-01 9.24219e-01 1.57280e-02
0.999039 2.15555425e-01 0.00000000e+00 2.15555425e-01 0.00000000e+00 1.00006818e+01 0.00000000e+00 2.00013635e-02 0.000000e+00 0.000000e+00 0.000000e+00 3.725508e+01 6.379552e-01 0.0000e+00 0.0000e+00 +9.8238e-06 0.06394 6.50735e-01 8.64209e-01 9.21187e-01 1.59719e-02
1.098943 2.13919148e-01 0.00000000e+00 2.13919148e-01 0.00000000e+00 9.76574177e+00 0.00000000e+00 1.95314835e-02 0.000000e+00 0.000000e+00 0.000000e+00 3.488719e+01 7.594988e-01 0.0000e+00 0.0000e+00 -4.0599e-07 0.06342 6.29929e-01 8.45946e-01 9.15115e-01 1.52930e-02
1.198847 2.11521346e-01 0.00000000e+00 2.11521346e-01 0.00000000e+00 9.59353170e+00 0.00000000e+00 1.91870634e-02 0.000000e+00 0.000000e+00 0.000000e+00 3.461052e+01 8.634035e-01 0.0000e+00 0.0000e+00 +1.1462e-05 0.06314 6.12126e-01 8.27871e-01 9.08916e-01 1.49716e-02
1.298750 2.09910523e-01 0.00000000e+00 2.09910523e-01 0.00000000e+00 1.01352655e+01 0.00000000e+00 2.02705310e-02 0.000000e+00 0.000000e+00 0.000000e+00 3.856876e+01 6.905136e-01 0.0000e+00 0.0000e+00 +5.7692e-06 0.06158 6.21062e-01 8.21725e-01 9.08517e-01 1.63344e-02
1.398654 2.08038147e-01 0.00000000e+00 2.08038147e-01 0.00000000e+00 9.62206551e+00 0.00000000e+00 1.92441310e-02 0.000000e+00 0.000000e+00 0.000000e+00 3.339193e+01 9.084606e-01 0.0000e+00 0.0000e+00 +1.6519e-06 0.06184 5.88694e-01 7.95514e-01 8.97323e-01 1.43270e-02
1.498558 2.05516311e-01 0.00000000e+00 2.05516311e-01 0.00000000e+00 1.02086318e+01 0.00000000e+00 2.04172637e-02 0.000000e+00 0.000000e+00 0.000000e+00 3.800446e+01 8.125521e-01 0.0000e+00 0.0000e+00 +1.2281e-05 0.06081 6.00850e-01 7.91412e-01 8.96762e-01 1.61002e-02
1.598462 2.03982185e-01 0.00000000e+00 2.03982185e-01 0.00000000e+00 1.02602592e+01 0.00000000e+00 2.05205184e-02 0.000000e+00 0.000000e+00 0.000000e+00 3.626151e+01 7.605995e-01 0.0000e+00 0.0000e+00 +2.2789e-06 0.06009 5.89940e-01 7.76021e-01 8.89843e-01 1.53146e-02
1.698366 2.01889915e-01 0.00000000e+00 2.01889915e-01 0.00000000e+00 1.02994415e+01 0.00000000e+00 2.05988830e-02 0.000000e+00 0.000000e+00 0.000000e+00 3.527309e+01 8.851786e-01 0.0000e+00 0.0000e+00 +4.8970e-06 0.05997 5.78915e-01 7.60245e-01 8.82194e-01 1.50463e-02
1.798270 1.99423765e-01 0.00000000e+00 1.99423765e-01 0.00000000e+00 1.07293451e+01 0.00000000e+00 2.14586903e-02 0.000000e+00 0.000000e+00 0.000000e+00 3.818986e+01 7.409406e-01 0.0000e+00 0.0000e+00 +1.0872e-05 0.05928 5.83193e-01 7.53692e-01 8.78406e-01 1.59693e-02
1.898174 1.97640359e-01 0.00000000e+00 1.97640359e-01 0.00000000e+00 1.09182787e+01 0.00000000e+00 2.18365574e-02 0.000000e+00 0.000000e+00 0.000000e+00 3.844632e+01 7.175194e-01 0.0000e+00 0.0000e+00 -9.8694e-08 0.05870 5.77348e-01 7.41695e-01 8.70956e-01 1.53989e-02
1.998078 1.95264590e-01 0.00000000e+00 1.95264590e-01 0.00000000e+00 1.08110454e+01 0.00000000e+00 2.16220908e-02 0.000000e+00 0.000000e+00 0.000000e+00 3.831308e+01 7.847264e-01 0.0000e+00 0.0000e+00 +8.4085e-06 0.05875 5.60352e-01 7.22443e-01 8.59225e-01 1.50459e-02
2.097981 1.93071890e-01 0.00000000e+00 1.93071890e-01 0.00000000e+00 1.14946485e+01 0.00000000e+00 2.29892970e-02 0.000000e+00 0.000000e+00 0.000000e+00 4.174248e+01 5.846331e-01 0.0000e+00 0.0000e+00 +7.6993e-06 0.05786 5.74227e-01 7.22983e-01 8.56436e-01 1.63081e-02
2.197885 1.90921843e-01 0.00000000e+00 1.90921843e-01 0.00000000e+00 1.11510607e+01 0.00000000e+00 2.23021215e-02 0.000000e+00 0.000000e+00 0.000000e+00 4.065911e+01 6.333401e-01 0.0000e+00 0.0000e+00 -2.3065e-07 0.05742 5.48332e-01 6.97712e-01 8.38981e-01 1.48480e-02
2.297789 1.88366028e-01 0.00000000e+00 1.88366028e-01 0.00000000e+00 1.14426517e+01 0.00000000e+00 2.28853034e-02 0.000000e+00 0.000000e+00 0.000000e+00 4.411408e+01 5.782587e-01 0.0000e+00 0.0000e+00 +1.0518e-05 0.05675 5.47670e-01 6.88532e-01 8.29033e-01 1.55157e-02
2.397693 1.86331563e-01 0.00000000e+00 1.86331563e-01 0.00000000e+00 1.16079320e+01 0.00000000e+00 2.32158640e-02 0.000000e+00 0.000000e+00 0.000000e+00 4.587071e+01 4.286088e-01 0.0000e+00 0.0000e+00 +4.0563e-06 0.05583 5.42023e-01 6.76334e-01 8.15719e-01 1.55670e-02
2.497597 1.84050422e-01 0.00000000e+00 1.84050422e-01 0.00000000e+00 1.13737748e+01 0.00000000e+00 2.27475497e-02 0.000000e+00 0.000000e+00 0.000000e+00 4.632920e+01 4.894399e-01 0.0000e+00 0.0000e+00 +1.7389e-06 0.05506 5.19991e-01 6.52267e-01 7.94118e-01 1.46080e-02
2.597501 1.81431610e-01 0.00000000e+00 1.81431610e-01 0.00000000e+00 1.15520610e+01 0.00000000e+00 2.31041219e-02 0.000000e+00 0.000000e+00 0.000000e+00 4.883263e+01 3.745452e-01 0.0000e+00 0.0000e+00 +1.0601e-05 0.05392 5.14921e-01 6.40118e-01 7.78482e-01 1.52700e-02
2.697405 1.79405013e-01 0.00000000e+00 1.79405013e-01 0.00000000e+00 1.15289276e+01 0.00000000e+00 2.30578552e-02 0.000000e+00 0.000000e+00 0.000000e+00 4.855053e+01 2.984622e-01 0.0000e+00 0.0000e+00 +9.6228e-07 0.05303 5.01247e-01 6.22287e-01 7.57902e-01 1.45358e-02
2.797309 1.77105147e-01 0.00000000e+00 1.77105147e-01 0.00000000e+00 1.12759506e+01 0.00000000e+00 2.25519012e-02 0.000000e+00 0.000000e+00 0.000000e+00 4.853770e+01 3.569684e-01 0.0000e+00 0.0000e+00 +4.8567e-06 0.05381 4.76806e-01 5.96063e-01 7.31666e-01 1.41228e-02
2.897212 1.74668054e-01 0.00000000e+00 1.74668054e-01 0.00000000e+00 1.14479108e+01 0.00000000e+00 2.28958215e-02 0.000000e+00 0.000000e+00 0.000000e+00 4.919553e+01 2.338807e-01 0.0000e+00 0.0000e+00 +8.7247e-06 0.05301 4.72047e-01 5.85245e-01 7.15561e-01 1.43316e-02
2.997116 1.72530068e-01 0.00000000e+00 1.72530068e-01 0.00000000e+00 1.12045872e+01 0.00000000e+00 2.24091745e-02 0.000000e+00 0.000000e+00 0.000000e+00 4.926964e+01 2.424102e-01 0.0000e+00 0.0000e+00 -7.9739e-07 0.05434 4.48788e-01 5.60607e-01 6.90058e-01 1.35947e-02
3.097020 1.70215382e-01 0.00000000e+00 1.70215382e-01 0.00000000e+00 1.10378580e+01 0.00000000e+00 2.20757161e-02 0.000000e+00 0.000000e+00 0.000000e+00 5.071653e+01 2.663131e-01 0.0000e+00 0.0000e+00 +7.8505e-06 0.05602 4.29578e-01 5.39068e-01 6.67747e-01 1.32203e-02
3.196924 1.68081118e-01 0.00000000e+00 1.68081118e-01 0.00000000e+00 1.10964550e+01 0.00000000e+00 2.21929101e-02 0.000000e+00 0.000000e+00 0.000000e+00 5.217369e+01 1.786839e-01 0.0000e+00 0.0000e+00 +5.6243e-06 0.05729 4.24045e-01 5.29128e-01 6.54235e-01 1.34377e-02
3.296828 1.65884436e-01 0.00000000e+00 1.65884436e-01 0.00000000e+00 1.07294571e+01 0.00000000e+00 2.14589142e-02 0.000000e+00 0.000000e+00 0.000000e+00 5.334375e+01 2.407789e-01 0.0000e+00 0.0000e+00 -3.6260e-07 0.05903 3.97509e-01 5.02622e-01 6.28829e-01 1.24672e-02
3.396732 1.63592140e-01 0.00000000e+00 1.63592140e-01 0.00000000e+00 1.06639434e+01 0.00000000e+00 2.13278867e-02 0.000000e+00 0.000000e+00 0.000000e+00 5.514813e+01 2.394342e-01 0.0000e+00 0.0000e+00 +9.3067e-06 0.06020 3.88533e-01 4.90604e-01 6.14959e-01 1.26062e-02
3.496636 1.61640074e-01 0.00000000e+00 1.61640074e-01 0.00000000e+00 1.05016276e+01 0.00000000e+00 2.10032553e-02 0.000000e+00 0.000000e+00 0.000000e+00 5.591226e+01 1.986259e-01 0.0000e+00 0.0000e+00 +2.4238e-06 0.06073 3.76333e-01 4.76640e-01 5.99158e-01 1.19789e-02
3.596540 1.59570416e-01 0.00000000e+00 1.59570416e-01 0.00000000e+00 1.02311638e+01 0.00000000e+00 2.04623275e-02 0.000000e+00 0.000000e+00 0.000000e+00 5.696790e+01 2.865109e-01 0.0000e+00 0.0000e+00 +1.8099e-06 0.06131 3.58465e-01 4.58205e-01 5.80272e-01 1.17857e-02
3.696443 1.57350881e-01 0.00000000e+00 1.57350881e-01 0.00000000e+00 1.01098606e+01 0.00000000e+00 2.02197212e-02 0.000000e+00 0.000000e+00 0.000000e+00 5.721913e+01 2.410814e-01 0.0000e+00 0.0000e+00 +8.9082e-06 0.06082 3.50761e-01 4.48468e-01 5.68434e-01 1.14564e-02
3.796347 1.55470386e-01 0.00000000e+00 1.55470386e-01 0.00000000e+00 9.94934190e+00 0.00000000e+00 1.98986838e-02 0.000000e+00 0.000000e+00 0.000000e+00 5.692973e+01 2.413448e-01 0.0000e+00 0.0000e+00 -1.7787e-07 0.06036 3.41911e-01 4.38151e-01 5.56022e-01 1.12316e-02
3.896251 1.53513226e-01 0.00000000e+00 1.53513226e-01 0.00000000e+00 9.69026026e+00 0.00000000e+00 1.93805205e-02 0.000000e+00 0.000000e+00 0.000000e+00 5.619691e+01 3.040052e-01 0.0000e+00 0.0000e+00 +4.8882e-06 0.05959 3.25984e-01 4.21707e-01 5.39345e-01 1.08474e-02
3.996155 1.51519760e-01 0.00000000e+00 1.51519760e-01 0.00000000e+00 9.67996337e+00 0.00000000e+00 1.93599267e-02 0.000000e+00 0.000000e+00 0.000000e+00 5.505579e+01 2.401672e-01 0.0000e+00 0.0000e+00 +6.7847e-06 0.05862 3.27408e-01 4.20008e-01 5.34586e-01 1.09278e-02
4.096059 1.49612160e-01 0.00000000e+00 1.49612160e-01 0.00000000e+00 9.42575504e+00 0.00000000e+00 1.88515101e-02 0.000000e+00 0.000000e+00 0.000000e+00 5.301971e+01 2.737364e-01 0.0000e+00 0.0000e+00 -1.1571e-06 0.05741 3.11744e-01 4.03642e-01 5.17900e-01 1.03634e-02
4.195963 1.47701424e-01 0.00000000e+00 1.47701424e-01 0.00000000e+00 9.34418633e+00 0.00000000e+00 1.86883727e-02 0.000000e+00 0.000000e+00 0.000000e+00 5.115103e+01 2.933662e-01 0.0000e+00 0.0000e+00 +7.3020e-06 0.05645 3.07283e-01 3.96619e-01 5.09472e-01 1.03278e-02
4.295867 1.45915565e-01 0.00000000e+00 1.45915565e-01 0.00000000e+00 9.25874123e+00 0.00000000e+00 1.85174825e-02 0.000000e+00 0.000000e+00 0.000000e+00 4.882935e+01 2.425904e-01 0.0000e+00 0.0000e+00 +3.9480e-06 0.05721 3.02557e-01 3.89317e-01 5.00604e-01 1.00082e-02
4.395771 1.44048425e-01 0.00000000e+00 1.44048425e-01 0.00000000e+00 9.13300218e+00 0.00000000e+00 1.82660044e-02 0.000000e+00 0.000000e+00 0.000000e+00 4.610286e+01 2.983784e-01 0.0000e+00 0.0000e+00 -2.9734e-07 0.05612 2.93694e-01 3.78332e-01 4.88850e-01 9.95678e-03
4.495674 1.42113362e-01 0.00000000e+00 1.42113362e-01 0.00000000e+00 9.05703578e+00 0.00000000e+00 1.81140716e-02 0.000000e+00 0.000000e+00 0.000000e+00 4.416948e+01 2.899418e-01 0.0000e+00 0.0000e+00 +8.2225e-06 0.05690 2.87077e-01 3.69224e-01 4.79106e-01 9.67781e-03
4.595578 1.40423790e-01 0.00000000e+00 1.40423790e-01 0.00000000e+00 9.05165382e+00 0.00000000e+00 1.81033076e-02 0.000000e+00 0.000000e+00 0.000000e+00 4.386349e+01 2.690427e-01 0.0000e+00 0.0000e+00 +1.1068e-06 0.05764 2.85433e-01 3.64580e-01 4.72513e-01 9.64346e-03
4.695482 1.38633094e-01 0.00000000e+00 1.38633094e-01 0.00000000e+00 8.90609034e+00 0.00000000e+00 1.78121807e-02 0.000000e+00 0.000000e+00 0.000000e+00 4.435905e+01 3.257636e-01 0.0000e+00 0.0000e+00 +2.1089e-06 0.05678 2.71165e-01 3.48862e-01 4.57034e-01 9.42357e-03
4.795386 1.36736188e-01 0.00000000e+00 1.36736188e-01 0.00000000e+00 8.94940030e+00 0.00000000e+00 1.78988006e-02 0.000000e+00 0.000000e+00 0.000000e+00 4.326115e+01 2.928791e-01 0.0000e+00 0.0000e+00 +7.3143e-06 0.05770 2.71640e-01 3.46301e-01 4.52663e-01 9.43298e-03
4.895290 1.35011299e-01 0.00000000e+00 1.35011299e-01 0.00000000e+00 8.83952378e+00 0.00000000e+00 1.76790476e-02 0.000000e+00 0.000000e+00 0.000000e+00 4.257998e+01 3.175994e-01 0.0000e+00 0.0000e+00 -8.2340e-07 0.05836 2.59487e-01 3.32661e-01 4.38404e-01 9.03511e-03
4.995194 1.33262534e-01 0.00000000e+00 1.33262534e-01 0.00000000e+00 8.79839742e+00 0.00000000e+00 1.75967948e-02 0.000000e+00 0.000000e+00 0.000000e+00 4.219606e+01 3.578176e-01 0.0000e+00 0.0000e+00 +4.8660e-06 0.05875 2.52176e-01 3.23419e-01 4.28214e-01 8.97297e-03
5.095098 1.31486032e-01 0.00000000e+00 1.31486032e-01 0.00000000e+00 8.79904329e+00 0.00000000e+00 1.75980866e-02 0.000000e+00 0.000000e+00 0.000000e+00 4.005560e+01 3.320967e-01 0.0000e+00 0.0000e+00 +5.1972e-06 0.06174 2.48283e-01 3.17269e-01 4.20191e-01 8.88927e-03
5.195002 1.29718706e-01 0.00000000e+00 1.29718706e-01 0.00000000e+00 8.72645053e+00 0.00000000e+00 1.74529011e-02 0.000000e+00 0.000000e+00 0.000000e+00 3.915161e+01 3.622922e-01 0.0000e+00 0.0000e+00 -1.2654e-06 0.06147 2.37921e-01 3.05301e-01 4.06734e-01 8.60716e-03
5.294905 1.27928050e-01 0.00000000e+00 1.27928050e-01 0.00000000e+00 8.67907316e+00 0.00000000e+00 1.73581463e-02 0.000000e+00 0.000000e+00 0.000000e+00 3.751708e+01 3.789386e-01 0.0000e+00 0.0000e+00 +6.7822e-06 0.06184 2.29390e-01 2.95050e-01 3.95182e-01 8.44232e-03
5.394809 1.26276666e-01 0.00000000e+00 1.26276666e-01 0.00000000e+00 8.70237204e+00 0.00000000e+00 1.74047441e-02 0.000000e+00 0.000000e+00 0.000000e+00 3.828205e+01 3.483818e-01 0.0000e+00 0.0000e+00 +2.5652e-06 0.06177 2.27826e-01 2.91191e-01 3.88587e-01 8.39686e-03
5.494713 1.24525270e-01 0.00000000e+00 1.24525270e-01 0.00000000e+00 8.59155558e+00 0.00000000e+00 1.71831112e-02 0.000000e+00 0.000000e+00 0.000000e+00 3.820206e+01 3.750013e-01 0.0000e+00 0.0000e+00 -3.9722e-09 0.05968 2.14015e-01 2.76362e-01 3.72644e-01 8.09036e-03
5.594617 1.22696908e-01 0.00000000e+00 1.22696908e-01 0.00000000e+00 8.60509006e+00 0.00000000e+00 1.72101801e-02 0.000000e+00 0.000000e+00 0.000000e+00 3.955640e+01 3.437341e-01 0.0000e+00 0.0000e+00 +7.1194e-06 0.06041 2.11625e-01 2.72165e-01 3.66323e-01 8.07777e-03
5.694521 1.21074007e-01 0.00000000e+00 1.21074007e-01 0.00000000e+00 8.58183311e+00 0.00000000e+00 1.71636662e-02 0.000000e+00 0.000000e+00 0.000000e+00 3.987142e+01 3.219569e-01 0.0000e+00 0.0000e+00 +1.7775e-07 0.06110 2.05620e-01 2.64845e-01 3.56734e-01 7.89163e-03
5.794425 1.19367686e-01 0.00000000e+00 1.19367686e-01 0.00000000e+00 8.52324505e+00 0.00000000e+00 1.70464901e-02 0.000000e+00 0.000000e+00 0.000000e+00 3.945552e+01 3.234211e-01 0.0000e+00 0.0000e+00 +2.3831e-06 0.06188 1.95539e-01 2.54033e-01 3.44298e-01 7.63568e-03
5.894329 1.17575736e-01 0.00000000e+00 1.17575736e-01 0.00000000e+00 8.58676745e+00 0.00000000e+00 1.71735349e-02 0.000000e+00 0.000000e+00 0.000000e+00 4.058202e+01 2.918596e-01 0.0000e+00 0.0000e+00 +5.9219e-06 0.06313 1.95772e-01 2.52799e-01 3.40039e-01 7.96617e-03
5.994233 1.15888580e-01 0.00000000e+00 1.15888580e-01 0.00000000e+00 8.56607107e+00 0.00000000e+00 1.71321421e-02 0.000000e+00 0.000000e+00 0.000000e+00 4.158835e+01 3.148237e-01 0.0000e+00 0.0000e+00 -1.2481e-06 0.06455 1.86649e-01 2.42941e-01 3.27557e-01 7.38718e-03
6.094136 1.14167285e-01 0.00000000e+00 1.14167285e-01 0.00000000e+00 8.59638004e+00 0.00000000e+00 1.71927601e-02 0.000000e+00 0.000000e+00 0.000000e+00 4.404978e+01 3.741588e-01 0.0000e+00 0.0000e+00 +4.7576e-06 0.06621 1.80345e-01 2.35712e-01 3.17545e-01 7.42283e-03
6.194040 1.12446269e-01 0.00000000e+00 1.12446269e-01 0.00000000e+00 8.70346299e+00 0.00000000e+00 1.74069260e-02 0.000000e+00 0.000000e+00 0.000000e+00 4.645631e+01 4.109791e-01 0.0000e+00 0.0000e+00 +3.7989e-06 0.06748 1.78863e-01 2.32691e-01 3.10818e-01 7.58642e-03
6.293944 1.10685568e-01 0.00000000e+00 1.10685568e-01 0.00000000e+00 8.76132277e+00 0.00000000e+00 1.75226455e-02 0.000000e+00 0.000000e+00 0.000000e+00 4.821885e+01 4.670229e-01 0.0000e+00 0.0000e+00 -1.2575e-06 0.06896 1.69661e-01 2.22346e-01 2.97275e-01 7.17878e-03
6.393848 1.08850984e-01 0.00000000e+00 1.08850984e-01 0.00000000e+00 8.86272933e+00 0.00000000e+00 1.77254587e-02 0.000000e+00 0.000000e+00 0.000000e+00 4.992137e+01 4.776247e-01 0.0000e+00 0.0000e+00 +6.1204e-06 0.07003 1.63993e-01 2.15308e-01 2.87023e-01 7.22065e-03
6.493752 1.07147771e-01 0.00000000e+00 1.07147771e-01 0.00000000e+00 9.04493804e+00 0.00000000e+00 1.80898761e-02 0.000000e+00 0.000000e+00 0.000000e+00 5.109007e+01 4.562848e-01 0.0000e+00 0.0000e+00 +1.3634e-06 0.07067 1.63440e-01 2.12825e-01 2.80662e-01 7.50374e-03
6.593656 1.05307557e-01 0.00000000e+00 1.05307557e-01 0.00000000e+00 9.14234409e+00 0.00000000e+00 1.82846882e-02 0.000000e+00 0.000000e+00 0.000000e+00 5.205743e+01 4.601316e-01 0.0000e+00 0.0000e+00 +2.3802e-07 0.07112 1.52265e-01 2.00400e-01 2.65337e-01 6.84493e-03
6.693560 1.03366138e-01 0.00000000e+00 1.03366138e-01 0.00000000e+00 9.36208054e+00 0.00000000e+00 1.87241611e-02 0.000000e+00 0.000000e+00 0.000000e+00 5.342328e+01 4.453580e-01 0.0000e+00 0.0000e+00 +5.9376e-06 0.07427 1.52777e-01 1.98999e-01 2.60547e-01 7.49886e-03
6.793464 1.01535800e-01 0.00000000e+00 1.01535800e-01 0.00000000e+00 9.49388911e+00 0.00000000e+00 1.89877782e-02 0.000000e+00 0.000000e+00 0.000000e+00 5.475517e+01 4.723397e-01 0.0000e+00 0.0000e+00 -6.2996e-07 0.07945 1.46605e-01 1.91398e-01 2.50366e-01 6.98146e-03
6.893367 9.96267742e-02 0.00000000e+00 9.96267742e-02 0.00000000e+00 9.65218666e+00 0.00000000e+00 1.93043733e-02 0.000000e+00 0.000000e+00 0.000000e+00 5.568754e+01 5.078341e-01 0.0000e+00 0.0000e+00 +2.4637e-06 0.08316 1.42246e-01 1.85636e-01 2.42376e-01 6.85999e-03
6.993271 9.76175769e-02 0.00000000e+00 9.76175769e-02 0.00000000e+00 9.86199502e+00 0.00000000e+00 1.97239900e-02 0.000000e+00 0.000000e+00 0.000000e+00 5.669904e+01 5.364605e-01 0.0000e+00 0.0000e+00 +4.5428e-06 0.08962 1.40868e-01 1.82612e-01 2.37400e-01 7.28648e-03
7.093175 9.56372645e-02 0.00000000e+00 9.56372645e-02 0.00000000e+00 9.98372701e+00 0.00000000e+00 1.99674540e-02 0.000000e+00 0.000000e+00 0.000000e+00 5.714259e+01 5.245088e-01 0.0000e+00 0.0000e+00 -1.6621e-06 0.09367 1.37893e-01 1.78503e-01 2.32792e-01 6.82709e-03
7.193079 9.36179673e-02 0.00000000e+00 9.36179673e-02 0.00000000e+00 9.94734030e+00 0.00000000e+00 1.98946806e-02 0.000000e+00 0.000000e+00 0.000000e+00 5.836669e+01 5.316646e-01 0.0000e+00 0.0000e+00 +4.4311e-06 0.08747 1.35290e-01 1.75604e-01 2.31701e-01 6.77128e-03
7.292983 9.16486647e-02 0.00000000e+00 9.16486647e-02 0.00000000e+00 1.00862179e+01 0.00000000e+00 2.01724357e-02 0.000000e+00 0.000000e+00 0.000000e+00 6.019733e+01 5.219202e-01 0.0000e+00 0.0000e+00 +2.4053e-06 0.08007 1.39817e-01 1.79175e-01 2.36942e-01 7.33413e-03
7.392887 8.95981066e-02 0.00000000e+00 8.95981066e-02 0.00000000e+00 1.01504303e+01 0.00000000e+00 2.03008605e-02 0.000000e+00 0.000000e+00 0.000000e+00 6.273283e+01 5.457866e-01 0.0000e+00 0.0000e+00 -1.2728e-06 0.08235 1.33004e-01 1.72331e-01 2.32367e-01 6.54265e-03
7.492791 8.74906132e-02 0.00000000e+00 8.74906132e-02 0.00000000e+00 1.03074392e+01 0.00000000e+00 2.06148784e-02 0.000000e+00 0.000000e+00 0.000000e+00 6.716900e+01 5.634835e-01 0.0000e+00 0.0000e+00 +5.2080e-06 0.08289 1.34880e-01 1.74370e-01 2.35931e-01 7.04067e-03
7.592695 8.54776407e-02 0.00000000e+00 8.54776407e-02 0.00000000e+00 1.03825408e+01 0.00000000e+00 2.07650817e-02 0.000000e+00 0.000000e+00 0.000000e+00 7.215177e+01 5.891071e-01 0.0000e+00 0.0000e+00 +2.3893e-07 0.08871 1.35052e-01 1.75275e-01 2.38010e-01 6.94848e-03
7.692598 8.33847479e-02 0.00000000e+00 8.33847479e-02 0.00000000e+00 1.04521345e+01 0.00000000e+00 2.09042691e-02 0.000000e+00 0.000000e+00 0.000000e+00 7.708151e+01 6.259834e-01 0.0000e+00 0.0000e+00 +2.9781e-07 0.08599 1.32176e-01 1.73204e-01 2.36741e-01 6.49304e-03
7.792502 8.12032798e-02 0.00000000e+00 8.12032798e-02 0.00000000e+00 1.06220824e+01 0.00000000e+00 2.12441649e-02 0.000000e+00 0.000000e+00 0.000000e+00 8.066355e+01 6.357811e-01 0.0000e+00 0.0000e+00 +4.6716e-06 0.07540 1.31698e-01 1.72754e-01 2.35643e-01 7.00326e-03
7.892406 7.90868180e-02 0.00000000e+00 7.90868180e-02 0.00000000e+00 1.07030176e+01 0.00000000e+00 2.14060352e-02 0.000000e+00 0.000000e+00 0.000000e+00 8.032172e+01 6.963017e-01 0.0000e+00 0.0000e+00 -1.4242e-06 0.08244 1.29123e-01 1.70083e-01 2.31168e-01 6.58193e-03
7.992310 7.69582696e-02 0.00000000e+00 7.69582696e-02 0.00000000e+00 1.05323243e+01 0.00000000e+00 2.10646486e-02 0.000000e+00 0.000000e+00 0.000000e+00 7.474258e+01 7.802628e-01 0.0000e+00 0.0000e+00 +2.3372e-06 0.08884 1.24177e-01 1.65581e-01 2.25548e-01 6.28943e-03
8.092214 7.48450296e-02 0.00000000e+00 7.48450296e-02 0.00000000e+00 1.02468914e+01 0.00000000e+00 2.04937827e-02 0.000000e+00 0.000000e+00 0.000000e+00 6.739467e+01 8.181072e-01 0.0000e+00 0.0000e+00 +3.1117e-06 0.08905 1.26947e-01 1.68004e-01 2.29350e-01 6.75895e-03
8.192118 7.28085926e-02 0.00000000e+00 7.28085926e-02 0.00000000e+00 9.80631006e+00 0.00000000e+00 1.96126201e-02 0.000000e+00 0.000000e+00 0.000000e+00 5.889396e+01 7.956621e-01 0.0000e+00 0.0000e+00 -2.0257e-06 0.08428 1.20022e-01 1.59938e-01 2.24365e-01 5.97076e-03
8.292022 7.08669022e-02 0.00000000e+00 7.08669022e-02 0.00000000e+00 9.36903135e+00 0.00000000e+00 1.87380627e-02 0.000000e+00 0.000000e+00 0.000000e+00 5.455800e+01 7.388393e-01 0.0000e+00 0.0000e+00 +3.8348e-06 0.07759 1.16949e-01 1.55204e-01 2.21822e-01 5.94980e-03
8.391926 6.90566030e-02 0.00000000e+00 6.90566030e-02 0.00000000e+00 8.95510616e+00 0.00000000e+00 1.79102123e-02 0.000000e+00 0.000000e+00 0.000000e+00 5.006528e+01 6.937628e-01 0.0000e+00 0.0000e+00 +1.1217e-06 0.07025 1.20013e-01 1.56636e-01 2.24008e-01 6.19516e-03
8.491829 6.72803441e-02 0.00000000e+00 6.72803441e-02 0.00000000e+00 8.50456881e+00 0.00000000e+00 1.70091376e-02 0.000000e+00 0.000000e+00 0.000000e+00 4.411540e+01 6.451537e-01 0.0000e+00 0.0000e+00 -1.3391e-06 0.06308 1.18608e-01 1.54841e-01 2.22671e-01 5.53782e-03
8.591733 6.55619743e-02 0.00000000e+00 6.55619743e-02 0.00000000e+00 8.16484844e+00 0.00000000e+00 1.63296969e-02 0.000000e+00 0.000000e+00 0.000000e+00 4.003597e+01 6.025109e-01 0.0000e+00 0.0000e+00 +4.2121e-06 0.06184 1.24669e-01 1.60915e-01 2.28419e-01 5.97966e-03
8.691637 6.39922246e-02 0.00000000e+00 6.39922246e-02 0.00000000e+00 7.85487829e+00 0.00000000e+00 1.57097566e-02 0.000000e+00 0.000000e+00 0.000000e+00 3.639890e+01 5.770451e-01 0.0000e+00 0.0000e+00 -7.4140e-07 0.06146 1.30592e-01 1.67244e-01 2.33735e-01 5.79638e-03
8.791541 6.24536615e-02 0.00000000e+00 6.24536615e-02 0.00000000e+00 7.53094131e+00 0.00000000e+00 1.50618826e-02 0.000000e+00 0.000000e+00 0.000000e+00 3.201666e+01 5.660596e-01 0.0000e+00 0.0000e+00 +3.2062e-07 0.06096 1.31797e-01 1.69440e-01 2.35022e-01 5.49852e-03
8.891445 6.09223535e-02 0.00000000e+00 6.09223535e-02 0.00000000e+00 7.29312918e+00 0.00000000e+00 1.45862584e-02 0.000000e+00 0.000000e+00 0.000000e+00 3.426587e+01 5.507064e-01 0.0000e+00 0.0000e+00 +3.4683e-06 0.06011 1.39988e-01 1.77986e-01 2.42173e-01 5.91769e-03
8.991349 5.94923795e-02 0.00000000e+00 5.94923795e-02 0.00000000e+00 7.02711742e+00 0.00000000e+00 1.40542348e-02 0.000000e+00 0.000000e+00 0.000000e+00 3.585580e+01 5.475297e-01 0.0000e+00 0.0000e+00 -1.9792e-06 0.05880 1.41644e-01 1.79989e-01 2.43432e-01 5.53492e-03
9.091253 5.81205241e-02 0.00000000e+00 5.81205241e-02 0.00000000e+00 6.76456641e+00 0.00000000e+00 1.35291328e-02 0.000000e+00 0.000000e+00 0.000000e+00 3.560092e+01 5.384389e-01 0.0000e+00 0.0000e+00 +2.1648e-06 0.05674 1.40710e-01 1.79534e-01 2.43123e-01 5.32812e-03
9.191157 5.67804472e-02 0.00000000e+00 5.67804472e-02 0.00000000e+00 6.58494506e+00 0.00000000e+00 1.31698901e-02 0.000000e+00 0.000000e+00 0.000000e+00 3.363075e+01 5.022920e-01 0.0000e+00 0.0000e+00 +1.9465e-06 0.05302 1.47920e-01 1.86727e-01 2.49764e-01 5.82710e-03
9.291060 5.54644278e-02 0.00000000e+00 5.54644278e-02 0.00000000e+00 6.34192165e+00 0.00000000e+00 1.26838433e-02 0.000000e+00 0.000000e+00 0.000000e+00 3.275788e+01 4.788823e-01 0.0000e+00 0.0000e+00 -2.1485e-06 0.04919 1.44142e-01 1.83619e-01 2.46351e-01 5.12212e-03
9.390964 5.41959498e-02 0.00000000e+00 5.41959498e-02 0.00000000e+00 6.17427841e+00 0.00000000e+00 1.23485568e-02 0.000000e+00 0.000000e+00 0.000000e+00 3.151992e+01 4.620745e-01 0.0000e+00 0.0000e+00 +3.3063e-06 0.04669 1.47889e-01 1.87685e-01 2.49927e-01 5.36319e-03
9.490868 5.30047802e-02 0.00000000e+00 5.30047802e-02 0.00000000e+00 6.02710028e+00 0.00000000e+00 1.20542006e-02 0.000000e+00 0.000000e+00 0.000000e+00 3.354596e+01 4.613960e-01 0.0000e+00 0.0000e+00 +1.8489e-07 0.04500 1.53053e-01 1.93119e-01 2.55509e-01 5.38406e-03
9.590772 5.18045571e-02 0.00000000e+00 5.18045571e-02 0.00000000e+00 5.84656481e+00 0.00000000e+00 1.16931296e-02 0.000000e+00 0.000000e+00 0.000000e+00 3.574987e+01 4.885004e-01 0.0000e+00 0.0000e+00 -1.2114e-06 0.04385 1.52483e-01 1.93440e-01 2.57358e-01 5.05205e-03
9.690676 5.06067778e-02 0.00000000e+00 5.06067778e-02 0.00000000e+00 5.70733415e+00 0.00000000e+00 1.14146683e-02 0.000000e+00 0.000000e+00 0.000000e+00 3.740302e+01 5.012270e-01 0.0000e+00 0.0000e+00 +3.4012e-06 0.04091 1.57694e-01 1.99539e-01 2.65120e-01 5.30485e-03
9.790580 4.95042535e-02 0.00000000e+00 4.95042535e-02 0.00000000e+00 5.56272203e+00 0.00000000e+00 1.11254441e-02 0.000000e+00 0.000000e+00 0.000000e+00 3.798885e+01 5.094097e-01 0.0000e+00 0.0000e+00 -1.3807e-06 0.03995 1.62546e-01 2.05468e-01 2.73121e-01 5.22018e-03
9.890484 4.84178868e-02 0.00000000e+00 4.84178868e-02 0.00000000e+00 5.37504099e+00 0.00000000e+00 1.07500820e-02 0.000000e+00 0.000000e+00 0.000000e+00 3.766457e+01 5.275024e-01 0.0000e+00 0.0000e+00 +4.6380e-07 0.03893 1.60479e-01 2.04767e-01 2.76250e-01 4.93373e-03
9.990388 4.73258960e-02 0.00000000e+00 4.73258960e-02 0.00000000e+00 5.25257332e+00 0.00000000e+00 1.05051466e-02 0.000000e+00 0.000000e+00 0.000000e+00 3.771540e+01 5.206394e-01 0.0000e+00 0.0000e+00 +2.5065e-06 0.03792 1.68343e-01 2.13135e-01 2.87595e-01 5.38730e-03
9.999917 4.72341833e-02 0.00000000e+00 4.72341833e-02 0.00000000e+00 5.23963888e+00 0.00000000e+00 1.04792778e-02 0.000000e+00 0.000000e+00 0.000000e+00 3.767473e+01 5.204434e-01 0.0000e+00 0.0000e+00 +2.0774e-06 0.03782 1.68883e-01 2.13738e-01 2.88444e-01 5.38592e-03
